0	1116.6	7.29124e-06	4.08688
1.45825e-05	1116.01	7.29124e-06	3.90405
2.9165e-05	1115.38	7.29124e-06	3.87856
4.37475e-05	1114.03	7.29124e-06	3.83223
5.833e-05	1111.71	7.29124e-06	3.74883
7.29124e-05	1109.79	7.29124e-06	3.71989
8.74949e-05	1107.51	7.29124e-06	3.69161
0.000102077	1103.86	7.29124e-06	3.62631
0.00011666	1100.83	7.29124e-06	3.59734
0.000131242	1097.5	7.29124e-06	3.56982
0.000145825	1093.92	7.29124e-06	3.54349
0.000160407	1090.11	7.29124e-06	3.51848
0.00017499	1085.86	7.29124e-06	3.49354
0.000189572	1081.05	7.29124e-06	3.46562
0.000204155	1076.18	7.29124e-06	3.43985
0.000218737	1070.65	7.29124e-06	3.40424
0.00023332	1065.13	7.29124e-06	3.37767
0.000247902	1058.24	7.29124e-06	3.26749
0.000262485	1051.83	7.29124e-06	3.22826
0.000277067	1045.35	7.29124e-06	3.20144
0.00029165	1038.52	7.29124e-06	3.17318
0.000306232	1030.94	7.29124e-06	3.14418
0.000320815	1023.22	7.29124e-06	3.11361
0.000335397	1015.17	7.29124e-06	3.08422
0.00034998	1006.86	7.29124e-06	3.05385
0.000364562	998.407	7.29124e-06	3.02609
0.000379145	989.065	7.29124e-06	2.99032
0.000393727	979.917	7.29124e-06	2.96185
0.00040831	970.48	7.29124e-06	2.93512
0.000422892	960.678	7.29124e-06	2.90739
0.000437475	950.533	7.29124e-06	2.88013
0.000452057	939.953	7.29124e-06	2.84343
0.00046664	928.888	7.29124e-06	2.77679
0.000481222	917.747	7.29124e-06	2.73786
0.000495805	906.092	7.29124e-06	2.70568
0.000510387	893.777	7.29124e-06	2.59773
0.00052497	882.102	7.29124e-06	2.56958
0.000539552	869.809	7.29124e-06	2.53734
0.000554135	857.42	7.29124e-06	2.50142
0.000568717	844.995	7.29124e-06	2.4712
0.0005833	832.495	7.29124e-06	2.43923
0.000597882	819.179	7.29124e-06	2.40731
0.000612464	805.776	7.29124e-06	2.37308
0.000627047	792.385	7.29124e-06	2.3405
0.000641629	778.913	7.29124e-06	2.30993
0.000656212	765.078	7.29124e-06	2.27626
0.000670794	751.341	7.29124e-06	2.2467
0.000685377	737.239	7.29124e-06	2.21473
0.000699959	723.131	7.29124e-06	2.1863
0.000714542	709.02	7.29124e-06	2.15819
0.000729124	694.849	7.29124e-06	2.13047
0.000743707	680.631	7.29124e-06	2.10296
0.000758289	666.111	7.29124e-06	2.07423
0.000772872	651.345	7.29124e-06	2.04515
0.000787454	636.95	7.29124e-06	2.0179
0.000802037	622.77	7.29124e-06	1.99304
0.000816619	608.425	7.29124e-06	1.96811
0.000831202	593.892	7.29124e-06	1.94064
0.000845784	579.254	7.29124e-06	1.91454
0.000860367	564.591	7.29124e-06	1.88903
0.000874949	550.17	7.29124e-06	1.86534
0.000889532	535.792	7.29124e-06	1.83592
0.000904114	521.576	7.29124e-06	1.81334
0.000918697	507.564	7.29124e-06	1.79137
0.000933279	493.696	7.29124e-06	1.77002
0.000947862	479.749	7.29124e-06	1.74807
0.000962444	465.993	7.29124e-06	1.72438
0.000977027	452.388	7.29124e-06	1.70402
0.000991609	439.009	7.29124e-06	1.68423
0.00100619	425.513	7.29124e-06	1.63045
0.00102077	411.859	7.29124e-06	1.60967
0.00103536	398.963	7.29124e-06	1.59196
0.00104994	386.289	7.29124e-06	1.57347
0.00106452	372.981	7.29124e-06	1.54841
0.0010791	360.369	7.29124e-06	1.53184
0.00109369	347.858	7.29124e-06	1.51198
0.00110827	335.946	7.29124e-06	1.49669
0.00112285	324.062	7.29124e-06	1.48178
0.00113743	312.645	7.29124e-06	1.46817
0.00115202	301.611	7.29124e-06	1.45505
0.0011666	290.525	7.29124e-06	1.44186
0.00118118	279.222	7.29124e-06	1.4023
0.00119576	268.463	7.29124e-06	1.38974
0.00121035	256.505	7.29124e-06	0.789304
0.00122493	245.892	7.29124e-06	0.742399
0.00123951	235.884	7.29124e-06	0.723372
0.00125409	226.131	7.29124e-06	0.702163
0.00126868	216.609	7.29124e-06	0.681119
0.00128326	207.515	7.29124e-06	0.663003
0.00129784	198.419	7.29124e-06	0.618679
0.00131242	189.7	7.29124e-06	0.599098
0.00132701	181.276	7.29124e-06	0.578675
0.00134159	173.249	7.29124e-06	0.562393
0.00135617	165.335	7.29124e-06	0.540251
0.00137075	157.6	7.29124e-06	0.516775
0.00138534	150.225	7.29124e-06	0.501261
0.00139992	142.936	7.29124e-06	0.483198
0.0014145	136.091	7.29124e-06	0.469154
0.00142908	129.707	7.29124e-06	0.456671
0.00144367	123.236	7.29124e-06	0.439304
0.00145825	117.124	7.29124e-06	0.42682
0.00147283	111.153	7.29124e-06	0.412693
0.00148741	105.416	7.29124e-06	0.40023
0.001502	99.9325	7.29124e-06	0.387575
0.00151658	94.6838	7.29124e-06	0.375216
0.00153116	89.5931	7.29124e-06	0.360857
0.00154574	84.5976	7.29124e-06	0.346765
0.00156033	79.8974	7.29124e-06	0.334672
0.00157491	75.5137	7.29124e-06	0.32424
0.00158949	71.2761	7.29124e-06	0.315522
0.00160407	67.0575	7.29124e-06	0.304673
0.00161866	63.1738	7.29124e-06	0.29423
0.00163324	59.4921	7.29124e-06	0.280651
0.00164782	56.0453	7.29124e-06	0.273326
0.0016624	52.7322	7.29124e-06	0.265634
0.00167699	49.4064	7.29124e-06	0.253658
0.00169157	46.3854	7.29124e-06	0.246232
0.00170615	43.5125	7.29124e-06	0.2393
0.00172073	40.7673	7.29124e-06	0.231232
0.00173532	38.1764	7.29124e-06	0.224208
0.0017499	35.814	7.29124e-06	0.219019
0.00176448	33.3942	7.29124e-06	0.207624
0.00177906	31.1559	7.29124e-06	0.201416
0.00179365	29.0491	7.29124e-06	0.195089
0.00180823	27.0858	7.29124e-06	0.187727
0.00182281	25.1966	7.29124e-06	0.182388
0.00183739	23.4409	7.29124e-06	0.176923
0.00185198	21.7594	7.29124e-06	0.171973
0.00186656	20.1423	7.29124e-06	0.164437
0.00188114	18.6319	7.29124e-06	0.157155
0.00189572	17.3164	7.29124e-06	0.152686
0.00191031	15.8275	7.29124e-06	0.121224
0.00192489	14.5937	7.29124e-06	0.113054
0.00193947	13.4669	7.29124e-06	0.108393
0.00195405	12.4154	7.29124e-06	0.104226
0.00196864	11.4097	7.29124e-06	0.100236
0.00198322	10.4869	7.29124e-06	0.0949866
0.0019978	9.65692	7.29124e-06	0.0910315
0.00201238	8.86943	7.29124e-06	0.0876733
0.00202697	8.12625	7.29124e-06	0.0840496
0.00204155	7.44448	7.29124e-06	0.0805898
0.00205613	6.77938	7.29124e-06	0.0773464
0.00207071	6.18672	7.29124e-06	0.0737654
0.0020853	5.66302	7.29124e-06	0.0713992
0.00209988	5.16029	7.29124e-06	0.0689353
0.00211446	4.65006	7.29124e-06	0.0656443
0.00212904	4.20812	7.29124e-06	0.063387
0.00214363	3.79298	7.29124e-06	0.0608607
0.00215821	3.43808	7.29124e-06	0.0589493
0.00217279	3.10792	7.29124e-06	0.0570225
0.00218737	2.81136	7.29124e-06	0.0552802
0.00220196	2.52582	7.29124e-06	0.05337
0.00221654	2.25233	7.29124e-06	0.0514924
0.00223112	2.00467	7.29124e-06	0.0488424
0.0022457	1.77398	7.29124e-06	0.0473948
0.00226029	1.57115	7.29124e-06	0.0457333
0.00227487	1.38063	7.29124e-06	0.0435798
0.00228945	1.21214	7.29124e-06	0.042224
0.00230403	1.06055	7.29124e-06	0.0410151
0.00231862	0.930251	7.29124e-06	0.0401353
0.0023332	0.759524	7.29124e-06	0.0239165
0.00234778	0.645682	7.29124e-06	0.0222229
0.00236236	0.54313	7.29124e-06	0.0184106
0.00237695	0.448579	7.29124e-06	0.0169182
0.00239153	0.361909	7.29124e-06	0.0132804
0.00240611	0.294845	7.29124e-06	0.0119537
0.00242069	0.239666	7.29124e-06	0.0108119
0.00243528	0.188035	7.29124e-06	0.00945195
0.00244986	0.139915	7.29124e-06	0.00823074
0.00246444	0.103446	7.29124e-06	0.00702736
0.00247902	0.0743835	7.29124e-06	0.00617066
0.00249361	0.0527972	7.29124e-06	0.00537928
0.00250819	0.0314889	7.29124e-06	0.00450245
0.00252277	0.0192739	7.29124e-06	0.00390739
0.00253735	0.0104154	7.29124e-06	0.00343796
0.00255194	0.00544348	7.29124e-06	0.00317693
