0	1841.72	5.78829e-06	14.205
1.15766e-05	1837.31	5.78829e-06	11.109
2.31532e-05	1829.87	5.78829e-06	9.91598
3.47297e-05	1822.93	5.78829e-06	9.50806
4.63063e-05	1813.57	5.78829e-06	9.11099
5.78829e-05	1803.15	5.78829e-06	8.79784
6.94595e-05	1791.73	5.78829e-06	8.53788
8.10361e-05	1778.44	5.78829e-06	8.27612
9.26126e-05	1761.94	5.78829e-06	7.94269
0.000104189	1746.26	5.78829e-06	7.71025
0.000115766	1730.04	5.78829e-06	7.50306
0.000127342	1712.38	5.78829e-06	7.2967
0.000138919	1694.56	5.78829e-06	7.11863
0.000150496	1675.71	5.78829e-06	6.9441
0.000162072	1655.48	5.78829e-06	6.76246
0.000173649	1634.21	5.78829e-06	6.58227
0.000185225	1612.94	5.78829e-06	6.42236
0.000196802	1591.75	5.78829e-06	6.27118
0.000208378	1568.83	5.78829e-06	6.10941
0.000219955	1545.55	5.78829e-06	5.96234
0.000231532	1521.1	5.78829e-06	5.79885
0.000243108	1496.41	5.78829e-06	5.65175
0.000254685	1471.48	5.78829e-06	5.50854
0.000266261	1446.15	5.78829e-06	5.37035
0.000277838	1420.11	5.78829e-06	5.23614
0.000289414	1395.18	5.78829e-06	5.12112
0.000300991	1369.22	5.78829e-06	5.00136
0.000312568	1343.64	5.78829e-06	4.89247
0.000324144	1317.54	5.78829e-06	4.78297
0.000335721	1290.59	5.78829e-06	4.66516
0.000347297	1264.62	5.78829e-06	4.56531
0.000358874	1238.1	5.78829e-06	4.46217
0.000370451	1212.15	5.78829e-06	4.36944
0.000382027	1185	5.78829e-06	4.2671
0.000393604	1158.17	5.78829e-06	4.16865
0.00040518	1131.57	5.78829e-06	4.02803
0.000416757	1104.48	5.78829e-06	3.93154
0.000428333	1077.49	5.78829e-06	3.83348
0.00043991	1051.13	5.78829e-06	3.74869
0.000451487	1025.24	5.78829e-06	3.66821
0.000463063	998.719	5.78829e-06	3.55483
0.00047464	972.898	5.78829e-06	3.47571
0.000486216	946.943	5.78829e-06	3.39871
0.000497793	921.418	5.78829e-06	3.32676
0.000509369	894.906	5.78829e-06	3.21801
0.000520946	869.195	5.78829e-06	3.12876
0.000532523	844.347	5.78829e-06	3.02637
0.000544099	819.34	5.78829e-06	2.91913
0.000555676	795.181	5.78829e-06	2.84287
0.000567252	771.515	5.78829e-06	2.77649
0.000578829	747.548	5.78829e-06	2.70485
0.000590406	724.966	5.78829e-06	2.63989
0.000601982	702.631	5.78829e-06	2.57321
0.000613559	680.236	5.78829e-06	2.46436
0.000625135	658.571	5.78829e-06	2.41283
0.000636712	637.079	5.78829e-06	2.33211
0.000648288	615.956	5.78829e-06	2.26585
0.000659865	595.572	5.78829e-06	2.20939
0.000671442	576.015	5.78829e-06	2.16522
0.000683018	555.861	5.78829e-06	2.0902
0.000694595	536.613	5.78829e-06	2.04492
0.000706171	518.212	5.78829e-06	2.00051
0.000717748	499.389	5.78829e-06	1.95562
0.000729325	480.583	5.78829e-06	1.78407
0.000740901	463.133	5.78829e-06	1.74284
0.000752478	446.374	5.78829e-06	1.70769
0.000764054	429.492	5.78829e-06	1.66761
0.000775631	412.765	5.78829e-06	1.61108
0.000787207	397.135	5.78829e-06	1.57639
0.000798784	381.999	5.78829e-06	1.53284
0.000810361	366.64	5.78829e-06	1.49363
0.000821937	351.491	5.78829e-06	1.43928
0.000833514	337.225	5.78829e-06	1.40283
0.00084509	323.436	5.78829e-06	1.35998
0.000856667	309.197	5.78829e-06	1.31323
0.000868243	296.392	5.78829e-06	1.28219
0.00087982	284.274	5.78829e-06	1.25682
0.000891397	272.244	5.78829e-06	1.22638
0.000902973	260.496	5.78829e-06	1.16486
0.00091455	249.32	5.78829e-06	1.13034
0.000926126	238.15	5.78829e-06	1.10499
0.000937703	227.426	5.78829e-06	1.07828
0.00094928	216.811	5.78829e-06	0.969317
0.000960856	206.873	5.78829e-06	0.933236
0.000972433	197.303	5.78829e-06	0.908124
0.000984009	187.688	5.78829e-06	0.879906
0.000995586	178.715	5.78829e-06	0.8572
0.00100716	170.035	5.78829e-06	0.836479
0.00101874	161.88	5.78829e-06	0.812119
0.00103032	153.817	5.78829e-06	0.788382
0.00104189	146.009	5.78829e-06	0.757226
0.00105347	138.673	5.78829e-06	0.707473
0.00106505	131.419	5.78829e-06	0.686119
0.00107662	124.514	5.78829e-06	0.665312
0.0010882	118.08	5.78829e-06	0.641045
0.00109978	111.909	5.78829e-06	0.620585
0.00111135	106.15	5.78829e-06	0.6063
0.00112293	100.526	5.78829e-06	0.585643
0.0011345	95.083	5.78829e-06	0.566284
0.00114608	89.7717	5.78829e-06	0.548089
0.00115766	84.8334	5.78829e-06	0.535081
0.00116923	80.2127	5.78829e-06	0.522402
0.00118081	75.6286	5.78829e-06	0.499428
0.00119239	71.3398	5.78829e-06	0.486679
0.00120396	67.2943	5.78829e-06	0.473125
0.00121554	63.2507	5.78829e-06	0.456653
0.00122712	59.4697	5.78829e-06	0.443991
0.00123869	55.9848	5.78829e-06	0.432592
0.00125027	52.6048	5.78829e-06	0.419904
0.00126185	49.518	5.78829e-06	0.409278
0.00127342	46.3977	5.78829e-06	0.396246
0.001285	43.4322	5.78829e-06	0.382166
0.00129658	40.4209	5.78829e-06	0.351562
0.00130815	37.8042	5.78829e-06	0.334928
0.00131973	35.1789	5.78829e-06	0.316156
0.00133131	32.9234	5.78829e-06	0.306662
0.00134288	30.7422	5.78829e-06	0.297991
0.00135446	28.5877	5.78829e-06	0.285658
0.00136604	26.5868	5.78829e-06	0.273457
0.00137761	24.7573	5.78829e-06	0.265968
0.00138919	22.9166	5.78829e-06	0.252858
0.00140077	21.3365	5.78829e-06	0.242017
0.00141234	19.7735	5.78829e-06	0.231003
0.00142392	18.367	5.78829e-06	0.22507
0.0014355	17.011	5.78829e-06	0.217049
0.00144707	15.8091	5.78829e-06	0.211073
0.00145865	14.6757	5.78829e-06	0.204636
0.00147023	13.619	5.78829e-06	0.19727
0.0014818	12.4986	5.78829e-06	0.18648
0.00149338	11.5183	5.78829e-06	0.180089
0.00150496	10.4459	5.78829e-06	0.161758
0.00151653	9.68028	5.78829e-06	0.157071
0.00152811	8.85832	5.78829e-06	0.150482
0.00153969	8.18706	5.78829e-06	0.145768
0.00155126	7.51184	5.78829e-06	0.139516
0.00156284	6.77923	5.78829e-06	0.122288
0.00157441	6.17596	5.78829e-06	0.104202
0.00158599	5.63228	5.78829e-06	0.0987216
0.00159757	5.07054	5.78829e-06	0.0909262
0.00160914	4.57656	5.78829e-06	0.0825584
0.00162072	4.18392	5.78829e-06	0.0764515
0.0016323	3.77619	5.78829e-06	0.0717475
0.00164387	3.4243	5.78829e-06	0.0674551
0.00165545	3.0989	5.78829e-06	0.0628804
0.00166703	2.79089	5.78829e-06	0.0575549
0.0016786	2.54498	5.78829e-06	0.0537482
0.00169018	2.2573	5.78829e-06	0.0463325
0.00170176	2.04388	5.78829e-06	0.0434767
0.00171333	1.83909	5.78829e-06	0.0402227
0.00172491	1.66299	5.78829e-06	0.0377907
0.00173649	1.5043	5.78829e-06	0.0358561
0.00174806	1.36034	5.78829e-06	0.0336854
0.00175964	1.21686	5.78829e-06	0.0313071
0.00177122	1.09773	5.78829e-06	0.0293465
0.00178279	0.97924	5.78829e-06	0.0271765
0.00179437	0.860689	5.78829e-06	0.024949
0.00180595	0.761876	5.78829e-06	0.0227265
0.00181752	0.671377	5.78829e-06	0.0207529
0.0018291	0.593889	5.78829e-06	0.0193148
0.00184068	0.517525	5.78829e-06	0.0174736
0.00185225	0.466384	5.78829e-06	0.016572
0.00186383	0.413641	5.78829e-06	0.0148882
0.00187541	0.359503	5.78829e-06	0.0134743
0.00188698	0.319462	5.78829e-06	0.0126967
0.00189856	0.278494	5.78829e-06	0.011665
0.00191014	0.243916	5.78829e-06	0.010836
0.00192171	0.210867	5.78829e-06	0.0100996
0.00193329	0.180058	5.78829e-06	0.0092792
0.00194487	0.158426	5.78829e-06	0.00866359
0.00195644	0.139702	5.78829e-06	0.00815886
0.00196802	0.120242	5.78829e-06	0.0075201
0.0019796	0.102721	5.78829e-06	0.00665525
0.00199117	0.0917742	5.78829e-06	0.00624913
0.00200275	0.0756194	5.78829e-06	0.00563373
0.00201432	0.0668438	5.78829e-06	0.00512572
0.0020259	0.0570391	5.78829e-06	0.00470324
0.00203748	0.0506379	5.78829e-06	0.00444336
0.00204905	0.0454597	5.78829e-06	0.00421945
0.00206063	0.0393313	5.78829e-06	0.00381638
0.00207221	0.035077	5.78829e-06	0.00360014
0.00208378	0.0311367	5.78829e-06	0.00341679
0.00209536	0.0264813	5.78829e-06	0.00316138
0.00210694	0.0238748	5.78829e-06	0.00300498
0.00211851	0.0213137	5.78829e-06	0.00287528
0.00213009	0.0181901	5.78829e-06	0.00267683
0.00214167	0.0160957	5.78829e-06	0.00256524
0.00215324	0.0149773	5.78829e-06	0.00246071
0.00216482	0.0121177	5.78829e-06	0.00225279
0.0021764	0.0101177	5.78829e-06	0.00208296
0.00218797	0.00891953	5.78829e-06	0.00194253
0.00219955	0.00626884	5.78829e-06	0.00152046
0.00221113	0.00536837	5.78829e-06	0.0014268
0.0022227	0.00400184	5.78829e-06	0.00123791
0.00223428	0.00315595	5.78829e-06	0.00113639
0.00224586	0.00279996	5.78829e-06	0.00107919
0.00225743	0.00279996	5.78829e-06	0.00107919
0.00226901	0.00202422	5.78829e-06	0.000969482
0.00228059	0.000267201	5.78829e-06	0.000267204
0.00229216	0.000267201	5.78829e-06	0.000267204
0.00230374	0.000267201	5.78829e-06	0.000267204
0.00231532	0.000267201	5.78829e-06	0.000267204
0.00232689	0.000267201	5.78829e-06	0.000267204
0.00233847	0.000267201	5.78829e-06	0.000267204
0.00235005	0.000267201	5.78829e-06	0.000267204
0.00236162	0.000267201	5.78829e-06	0.000267204
0.0023732	0.000267201	5.78829e-06	0.000267204
0.00238478	0.000267201	5.78829e-06	0.000267204
