0	1458.53	6.92589e-06	8.48631
1.38518e-05	1457.11	6.92589e-06	7.9879
2.77035e-05	1452.11	6.92589e-06	7.2399
4.15553e-05	1447.28	6.92589e-06	6.96852
5.54071e-05	1441.52	6.92589e-06	6.76208
6.92589e-05	1434.17	6.92589e-06	6.54433
8.31106e-05	1425.25	6.92589e-06	6.28886
9.69624e-05	1416.07	6.92589e-06	6.1156
0.000110814	1406.27	6.92589e-06	5.96487
0.000124666	1395.51	6.92589e-06	5.81055
0.000138518	1384.03	6.92589e-06	5.66781
0.00015237	1372.87	6.92589e-06	5.55976
0.000166221	1360.64	6.92589e-06	5.43721
0.000180073	1346.83	6.92589e-06	5.30097
0.000193925	1332.95	6.92589e-06	5.18687
0.000207777	1318.36	6.92589e-06	5.07502
0.000221628	1302.12	6.92589e-06	4.89737
0.00023548	1286.56	6.92589e-06	4.79376
0.000249332	1269.43	6.92589e-06	4.63988
0.000263184	1253.01	6.92589e-06	4.5431
0.000277035	1235.76	6.92589e-06	4.42144
0.000290887	1218.04	6.92589e-06	4.31438
0.000304739	1199.1	6.92589e-06	4.1834
0.000318591	1181.31	6.92589e-06	4.09569
0.000332443	1162.84	6.92589e-06	4.00808
0.000346294	1144.9	6.92589e-06	3.93013
0.000360146	1126.55	6.92589e-06	3.85072
0.000373998	1107.71	6.92589e-06	3.77053
0.00038785	1087.71	6.92589e-06	3.67997
0.000401701	1068.1	6.92589e-06	3.5993
0.000415553	1048.42	6.92589e-06	3.52172
0.000429405	1028.5	6.92589e-06	3.43688
0.000443257	1008.52	6.92589e-06	3.35965
0.000457109	988.132	6.92589e-06	3.26937
0.00047096	968.292	6.92589e-06	3.1956
0.000484812	947.661	6.92589e-06	3.11896
0.000498664	927.873	6.92589e-06	3.0542
0.000512516	908.574	6.92589e-06	2.99689
0.000526367	887.921	6.92589e-06	2.92286
0.000540219	868.067	6.92589e-06	2.86192
0.000554071	847.996	6.92589e-06	2.79367
0.000567923	828.165	6.92589e-06	2.72232
0.000581774	807.175	6.92589e-06	2.64806
0.000595626	787.517	6.92589e-06	2.59357
0.000609478	768.063	6.92589e-06	2.53956
0.00062333	748.384	6.92589e-06	2.48454
0.000637182	728.586	6.92589e-06	2.42018
0.000651033	710.005	6.92589e-06	2.37431
0.000664885	690.075	6.92589e-06	2.31063
0.000678737	671.731	6.92589e-06	2.2657
0.000692589	652.958	6.92589e-06	2.21573
0.00070644	634.69	6.92589e-06	2.16733
0.000720292	616.055	6.92589e-06	2.10575
0.000734144	598.194	6.92589e-06	2.06388
0.000747996	580.361	6.92589e-06	1.99663
0.000761848	562.513	6.92589e-06	1.94859
0.000775699	544.838	6.92589e-06	1.90054
0.000789551	527.608	6.92589e-06	1.85119
0.000803403	510.531	6.92589e-06	1.7933
0.000817255	494.117	6.92589e-06	1.75226
0.000831106	478.536	6.92589e-06	1.71703
0.000844958	462.964	6.92589e-06	1.68474
0.00085881	447.435	6.92589e-06	1.65004
0.000872662	431.898	6.92589e-06	1.60973
0.000886514	416.806	6.92589e-06	1.57666
0.000900365	401.852	6.92589e-06	1.53994
0.000914217	387.382	6.92589e-06	1.508
0.000928069	373.454	6.92589e-06	1.47641
0.000941921	359.274	6.92589e-06	1.44221
0.000955772	345.575	6.92589e-06	1.39779
0.000969624	332.372	6.92589e-06	1.36745
0.000983476	319.314	6.92589e-06	1.3367
0.000997328	306.654	6.92589e-06	1.3045
0.00101118	294.735	6.92589e-06	1.28016
0.00102503	282.18	6.92589e-06	1.23485
0.00103888	270.734	6.92589e-06	1.20923
0.00105273	259.35	6.92589e-06	1.17899
0.00106659	248.544	6.92589e-06	1.15097
0.00108044	237.634	6.92589e-06	1.11082
0.00109429	227.764	6.92589e-06	1.09116
0.00110814	217.387	6.92589e-06	1.05247
0.00112199	207.664	6.92589e-06	1.01868
0.00113585	198.481	6.92589e-06	1.00001
0.0011497	189.504	6.92589e-06	0.980677
0.00116355	180.545	6.92589e-06	0.941975
0.0011774	172.315	6.92589e-06	0.923174
0.00119125	164.329	6.92589e-06	0.906355
0.0012051	156.577	6.92589e-06	0.885336
0.00121896	149.092	6.92589e-06	0.86223
0.00123281	141.945	6.92589e-06	0.842462
0.00124666	135.044	6.92589e-06	0.823648
0.00126051	128.241	6.92589e-06	0.804159
0.00127436	121.667	6.92589e-06	0.785708
0.00128821	115.683	6.92589e-06	0.773687
0.00130207	109.651	6.92589e-06	0.75712
0.00131592	104.351	6.92589e-06	0.746634
0.00132977	98.7009	6.92589e-06	0.720498
0.00134362	92.9135	6.92589e-06	0.648364
0.00135747	87.976	6.92589e-06	0.631686
0.00137133	83.4079	6.92589e-06	0.621263
0.00138518	79.0216	6.92589e-06	0.611147
0.00139903	74.4582	6.92589e-06	0.597516
0.00141288	70.2005	6.92589e-06	0.576941
0.00142673	66.4231	6.92589e-06	0.568662
0.00144058	62.5766	6.92589e-06	0.555776
0.00145444	58.9329	6.92589e-06	0.541078
0.00146829	55.3763	6.92589e-06	0.529264
0.00148214	51.9605	6.92589e-06	0.517864
0.00149599	48.9016	6.92589e-06	0.508659
0.00150984	45.7131	6.92589e-06	0.48386
0.0015237	43.0848	6.92589e-06	0.477873
0.00153755	40.2473	6.92589e-06	0.463907
0.0015514	37.775	6.92589e-06	0.457356
0.00156525	35.3382	6.92589e-06	0.44944
0.0015791	33.0519	6.92589e-06	0.443388
0.00159295	30.6686	6.92589e-06	0.418372
0.00160681	28.7847	6.92589e-06	0.413114
0.00162066	26.7508	6.92589e-06	0.37925
0.00163451	24.9711	6.92589e-06	0.372656
0.00164836	23.4064	6.92589e-06	0.36857
0.00166221	21.6012	6.92589e-06	0.333436
0.00167606	20.1844	6.92589e-06	0.329065
0.00168992	18.812	6.92589e-06	0.324088
0.00170377	17.5487	6.92589e-06	0.319641
0.00171762	16.3031	6.92589e-06	0.315562
0.00173147	15.0257	6.92589e-06	0.309751
0.00174532	13.5435	6.92589e-06	0.197245
0.00175918	12.454	6.92589e-06	0.191827
0.00177303	11.4716	6.92589e-06	0.183673
0.00178688	10.6135	6.92589e-06	0.179411
0.00180073	9.76957	6.92589e-06	0.174059
0.00181458	8.93733	6.92589e-06	0.154998
0.00182843	8.19733	6.92589e-06	0.149575
0.00184229	7.51508	6.92589e-06	0.145105
0.00185614	6.91061	6.92589e-06	0.140144
0.00186999	6.29043	6.92589e-06	0.130088
0.00188384	5.80263	6.92589e-06	0.127167
0.00189769	5.28766	6.92589e-06	0.12257
0.00191154	4.81821	6.92589e-06	0.116805
0.0019254	4.35296	6.92589e-06	0.111719
0.00193925	3.98158	6.92589e-06	0.107662
0.0019531	3.61546	6.92589e-06	0.103999
0.00196695	3.27011	6.92589e-06	0.0983758
0.0019808	2.95491	6.92589e-06	0.0952628
0.00199466	2.63066	6.92589e-06	0.0890565
0.00200851	2.37826	6.92589e-06	0.0870897
0.00202236	2.08014	6.92589e-06	0.0829918
0.00203621	1.86976	6.92589e-06	0.0809377
0.00205006	1.63078	6.92589e-06	0.0767364
0.00206391	1.47355	6.92589e-06	0.0735483
0.00207777	1.30404	6.92589e-06	0.0711034
0.00209162	1.15808	6.92589e-06	0.0693748
0.00210547	1.00404	6.92589e-06	0.0662986
0.00211932	0.881975	6.92589e-06	0.0643428
0.00213317	0.776256	6.92589e-06	0.0628711
0.00214702	0.615867	6.92589e-06	0.0366491
0.00216088	0.543388	6.92589e-06	0.0354187
0.00217473	0.474319	6.92589e-06	0.0336248
0.00218858	0.425157	6.92589e-06	0.0329172
0.00220243	0.351365	6.92589e-06	0.0305995
0.00221628	0.304398	6.92589e-06	0.029668
0.00223014	0.255391	6.92589e-06	0.0225413
0.00224399	0.204618	6.92589e-06	0.0184808
0.00225784	0.163585	6.92589e-06	0.0164934
0.00227169	0.138358	6.92589e-06	0.0154065
0.00228554	0.102323	6.92589e-06	0.0101478
0.00229939	0.0805922	6.92589e-06	0.00832351
0.00231325	0.0716273	6.92589e-06	0.00785145
0.0023271	0.057996	6.92589e-06	0.00690972
0.00234095	0.0476282	6.92589e-06	0.00623098
0.0023548	0.0356327	6.92589e-06	0.00469464
0.00236865	0.0284688	6.92589e-06	0.00418106
0.00238251	0.0218947	6.92589e-06	0.0036642
0.00239636	0.0156692	6.92589e-06	0.00300358
0.00241021	0.010548	6.92589e-06	0.00223819
0.00242406	0.00848471	6.92589e-06	0.00199672
0.00243791	0.00602152	6.92589e-06	0.00160939
0.00245176	0.004522	6.92589e-06	0.00139851
0.00246562	0.00407144	6.92589e-06	0.00132394
0.00247947	0.00250864	6.92589e-06	0.00096611
0.00249332	0.000657924	6.92589e-06	0.000465499
