0	1226.46	7.30936e-06	6.58123
1.46187e-05	1224.74	7.30936e-06	5.60024
2.92374e-05	1222.6	7.30936e-06	5.40802
4.38561e-05	1219.72	7.30936e-06	5.27696
5.84749e-05	1216.51	7.30936e-06	5.1899
7.30936e-05	1212.6	7.30936e-06	5.10832
8.77123e-05	1209.04	7.30936e-06	5.06296
0.000102331	1204.01	7.30936e-06	4.99677
0.00011695	1198.78	7.30936e-06	4.94036
0.000131568	1192.37	7.30936e-06	4.86421
0.000146187	1186.11	7.30936e-06	4.81194
0.000160806	1179.53	7.30936e-06	4.7651
0.000175425	1171.4	7.30936e-06	4.66401
0.000190043	1163.92	7.30936e-06	4.61965
0.000204662	1156.29	7.30936e-06	4.57922
0.000219281	1147.13	7.30936e-06	4.51906
0.000233899	1138.25	7.30936e-06	4.47546
0.000248518	1129.15	7.30936e-06	4.43285
0.000263137	1119.04	7.30936e-06	4.38787
0.000277756	1108.66	7.30936e-06	4.33796
0.000292374	1098.67	7.30936e-06	4.3009
0.000306993	1087.58	7.30936e-06	4.25872
0.000321612	1076.57	7.30936e-06	4.22071
0.00033623	1064.92	7.30936e-06	4.17841
0.000350849	1053.04	7.30936e-06	4.14109
0.000365468	1040.18	7.30936e-06	4.09405
0.000380087	1027.47	7.30936e-06	4.0506
0.000394705	1014.39	7.30936e-06	4.01273
0.000409324	1001.7	7.30936e-06	3.98036
0.000423943	988.557	7.30936e-06	3.9438
0.000438561	974.949	7.30936e-06	3.90505
0.00045318	960.803	7.30936e-06	3.86928
0.000467799	946.293	7.30936e-06	3.83052
0.000482418	932.282	7.30936e-06	3.79892
0.000497036	917.376	7.30936e-06	3.76329
0.000511655	901.77	7.30936e-06	3.7059
0.000526274	886.886	7.30936e-06	3.67402
0.000540892	871.396	7.30936e-06	3.63775
0.000555511	856.179	7.30936e-06	3.60689
0.00057013	840.518	7.30936e-06	3.57078
0.000584749	825.208	7.30936e-06	3.54141
0.000599367	809.933	7.30936e-06	3.51371
0.000613986	794.427	7.30936e-06	3.48425
0.000628605	778.244	7.30936e-06	3.45355
0.000643223	762.725	7.30936e-06	3.42686
0.000657842	746.772	7.30936e-06	3.39943
0.000672461	729.774	7.30936e-06	3.32203
0.00068708	713.781	7.30936e-06	3.29309
0.000701698	697.379	7.30936e-06	3.26162
0.000716317	681.599	7.30936e-06	3.23752
0.000730936	666.117	7.30936e-06	3.21497
0.000745554	649.997	7.30936e-06	3.19067
0.000760173	634.236	7.30936e-06	3.16495
0.000774792	615.39	7.30936e-06	2.049
0.000789411	598.988	7.30936e-06	2.00288
0.000804029	583.148	7.30936e-06	1.95995
0.000818648	566.957	7.30936e-06	1.91875
0.000833267	551.641	7.30936e-06	1.88144
0.000847885	536.37	7.30936e-06	1.84989
0.000862504	521.083	7.30936e-06	1.812
0.000877123	506.41	7.30936e-06	1.78472
0.000891742	490.973	7.30936e-06	1.7328
0.00090636	476.383	7.30936e-06	1.70217
0.000920979	461.923	7.30936e-06	1.67109
0.000935598	447.35	7.30936e-06	1.63312
0.000950216	432.673	7.30936e-06	1.49312
0.000964835	418.984	7.30936e-06	1.46135
0.000979454	405.091	7.30936e-06	1.40397
0.000994073	391.622	7.30936e-06	1.37503
0.00100869	378.082	7.30936e-06	1.3243
0.00102331	365.04	7.30936e-06	1.2978
0.00103793	352.31	7.30936e-06	1.2694
0.00105255	340.153	7.30936e-06	1.24643
0.00106717	327.698	7.30936e-06	1.21219
0.00108178	315.868	7.30936e-06	1.18576
0.0010964	304.066	7.30936e-06	1.15163
0.00111102	292.812	7.30936e-06	1.1304
0.00112564	282.067	7.30936e-06	1.10985
0.00114026	271.239	7.30936e-06	1.07994
0.00115488	260.414	7.30936e-06	1.05484
0.0011695	250.119	7.30936e-06	1.02683
0.00118412	239.842	7.30936e-06	1.00253
0.00119873	229.951	7.30936e-06	0.980438
0.00121335	220.206	7.30936e-06	0.95174
0.00122797	210.624	7.30936e-06	0.928047
0.00124259	201.761	7.30936e-06	0.90882
0.00125721	192.992	7.30936e-06	0.891119
0.00127183	184.259	7.30936e-06	0.867894
0.00128645	175.879	7.30936e-06	0.849718
0.00130107	168.052	7.30936e-06	0.832043
0.00131568	160.276	7.30936e-06	0.813438
0.0013303	152.954	7.30936e-06	0.79553
0.00134492	145.699	7.30936e-06	0.779607
0.00135954	138.837	7.30936e-06	0.766339
0.00137416	131.867	7.30936e-06	0.748073
0.00138878	125.456	7.30936e-06	0.734731
0.0014034	119.28	7.30936e-06	0.721518
0.00141802	113.392	7.30936e-06	0.711045
0.00143263	107.64	7.30936e-06	0.699276
0.00144725	102.21	7.30936e-06	0.687526
0.00146187	96.9237	7.30936e-06	0.67633
0.00147649	91.7379	7.30936e-06	0.666305
0.00149111	86.5035	7.30936e-06	0.63213
0.00150573	81.7447	7.30936e-06	0.620606
0.00152035	77.3509	7.30936e-06	0.612808
0.00153497	72.9335	7.30936e-06	0.597503
0.00154958	68.6188	7.30936e-06	0.583979
0.0015642	64.7122	7.30936e-06	0.572675
0.00157882	60.9399	7.30936e-06	0.564169
0.00159344	57.308	7.30936e-06	0.556234
0.00160806	53.3287	7.30936e-06	0.416607
0.00162268	49.937	7.30936e-06	0.404494
0.0016373	46.8	7.30936e-06	0.392713
0.00165191	44.0288	7.30936e-06	0.386044
0.00166653	41.3273	7.30936e-06	0.37881
0.00168115	38.7749	7.30936e-06	0.369581
0.00169577	36.2152	7.30936e-06	0.349207
0.00171039	33.7275	7.30936e-06	0.337424
0.00172501	31.5086	7.30936e-06	0.328975
0.00173963	29.2571	7.30936e-06	0.314282
0.00175425	27.3341	7.30936e-06	0.30834
0.00176886	25.3124	7.30936e-06	0.298021
0.00178348	23.6107	7.30936e-06	0.293315
0.0017981	21.9721	7.30936e-06	0.28664
0.00181272	20.2848	7.30936e-06	0.264725
0.00182734	18.8398	7.30936e-06	0.259599
0.00184196	17.3772	7.30936e-06	0.251977
0.00185658	15.9463	7.30936e-06	0.208495
0.0018712	14.7282	7.30936e-06	0.203359
0.00188581	13.5801	7.30936e-06	0.197905
0.00190043	12.5788	7.30936e-06	0.194167
0.00191505	11.4488	7.30936e-06	0.1762
0.00192967	10.5104	7.30936e-06	0.163824
0.00194429	9.5719	7.30936e-06	0.156808
0.00195891	8.76988	7.30936e-06	0.151043
0.00197353	8.05158	7.30936e-06	0.146368
0.00198815	7.32949	7.30936e-06	0.141702
0.00200276	6.6921	7.30936e-06	0.138007
0.00201738	6.08404	7.30936e-06	0.132044
0.002032	5.57233	7.30936e-06	0.129739
0.00204662	5.03053	7.30936e-06	0.125598
0.00206124	4.57875	7.30936e-06	0.123254
0.00207586	4.11798	7.30936e-06	0.115421
0.00209048	3.76305	7.30936e-06	0.113703
0.00210509	3.40611	7.30936e-06	0.110486
0.00211971	3.04922	7.30936e-06	0.1076
0.00213433	2.7558	7.30936e-06	0.105626
0.00214895	2.3618	7.30936e-06	0.0653421
0.00216357	2.12795	7.30936e-06	0.0632385
0.00217819	1.87375	7.30936e-06	0.0577595
0.00219281	1.67631	7.30936e-06	0.0539511
0.00220743	1.47994	7.30936e-06	0.0516798
0.00222204	1.32431	7.30936e-06	0.0498574
0.00223666	1.16926	7.30936e-06	0.0475835
0.00225128	1.02568	7.30936e-06	0.0455599
0.0022659	0.904066	7.30936e-06	0.0428321
0.00228052	0.801739	7.30936e-06	0.0416661
0.00229514	0.697045	7.30936e-06	0.038499
0.00230976	0.588015	7.30936e-06	0.033123
0.00232438	0.481422	7.30936e-06	0.0270207
0.00233899	0.41207	7.30936e-06	0.0252415
0.00235361	0.347756	7.30936e-06	0.0229332
0.00236823	0.295653	7.30936e-06	0.0212798
0.00238285	0.249507	7.30936e-06	0.01976
0.00239747	0.202059	7.30936e-06	0.0178152
0.00241209	0.165262	7.30936e-06	0.0164049
0.00242671	0.133168	7.30936e-06	0.0153532
0.00244133	0.10932	7.30936e-06	0.0142455
0.00245594	0.0753143	7.30936e-06	0.0118787
0.00247056	0.0611905	7.30936e-06	0.0107681
0.00248518	0.0346848	7.30936e-06	0.00828786
0.0024998	0.027962	7.30936e-06	0.00780124
0.00251442	0.0166958	7.30936e-06	0.00573726
0.00252904	0.00617234	7.30936e-06	0.00309466
0.00254366	0.00317805	7.30936e-06	0.00178701
0.00255828	0.000881556	7.30936e-06	0.000633758
