0	1678.2	6.31236e-06	13.2169
1.26247e-05	1673.84	6.31236e-06	9.90153
2.52494e-05	1668.21	6.31236e-06	9.14636
3.78741e-05	1661.68	6.31236e-06	8.75298
5.04989e-05	1653.29	6.31236e-06	8.40621
6.31236e-05	1643.68	6.31236e-06	8.11899
7.57483e-05	1633.34	6.31236e-06	7.88656
8.8373e-05	1622.42	6.31236e-06	7.69601
0.000100998	1609.2	6.31236e-06	7.47724
0.000113622	1594.71	6.31236e-06	7.26259
0.000126247	1579.56	6.31236e-06	7.07042
0.000138872	1564	6.31236e-06	6.8985
0.000151497	1546.97	6.31236e-06	6.71318
0.000164121	1529.2	6.31236e-06	6.54685
0.000176746	1511.32	6.31236e-06	6.39864
0.000189371	1492.71	6.31236e-06	6.25454
0.000201995	1473.11	6.31236e-06	6.08871
0.00021462	1452.58	6.31236e-06	5.94166
0.000227245	1432.76	6.31236e-06	5.82112
0.00023987	1411.41	6.31236e-06	5.6893
0.000252494	1390.05	6.31236e-06	5.57024
0.000265119	1369.27	6.31236e-06	5.46554
0.000277744	1346.04	6.31236e-06	5.30265
0.000290368	1323.94	6.31236e-06	5.19764
0.000302993	1301.49	6.31236e-06	5.09592
0.000315618	1277.3	6.31236e-06	4.97533
0.000328243	1254.4	6.31236e-06	4.8761
0.000340867	1231.68	6.31236e-06	4.78692
0.000353492	1208.17	6.31236e-06	4.69437
0.000366117	1183.73	6.31236e-06	4.5965
0.000378741	1159.79	6.31236e-06	4.51023
0.000391366	1135.57	6.31236e-06	4.41651
0.000403991	1112.16	6.31236e-06	4.33788
0.000416616	1086.68	6.31236e-06	4.20504
0.00042924	1060.21	6.31236e-06	3.79442
0.000441865	1035.92	6.31236e-06	3.7084
0.00045449	1010.89	6.31236e-06	3.61509
0.000467114	986.985	6.31236e-06	3.53891
0.000479739	963.155	6.31236e-06	3.45923
0.000492364	939.68	6.31236e-06	3.39012
0.000504989	916.389	6.31236e-06	3.31612
0.000517613	893.523	6.31236e-06	3.2497
0.000530238	870.321	6.31236e-06	3.17913
0.000542863	846.667	6.31236e-06	3.10588
0.000555487	823.673	6.31236e-06	3.0394
0.000568112	801.215	6.31236e-06	2.98088
0.000580737	779.286	6.31236e-06	2.92479
0.000593362	756.845	6.31236e-06	2.85982
0.000605986	734.837	6.31236e-06	2.80095
0.000618611	714.226	6.31236e-06	2.75486
0.000631236	692.187	6.31236e-06	2.68644
0.00064386	671.361	6.31236e-06	2.63899
0.000656485	650.824	6.31236e-06	2.59296
0.00066911	630.365	6.31236e-06	2.54436
0.000681735	609.262	6.31236e-06	2.35239
0.000694359	588.804	6.31236e-06	2.20183
0.000706984	568.882	6.31236e-06	2.13612
0.000719609	550.053	6.31236e-06	2.08781
0.000732233	531.688	6.31236e-06	2.04486
0.000744858	513.565	6.31236e-06	2.00536
0.000757483	496.007	6.31236e-06	1.96369
0.000770108	478.813	6.31236e-06	1.92738
0.000782732	462.129	6.31236e-06	1.89346
0.000795357	445.155	6.31236e-06	1.84619
0.000807982	428.699	6.31236e-06	1.8015
0.000820606	412.81	6.31236e-06	1.76862
0.000833231	396.821	6.31236e-06	1.70272
0.000845856	381.731	6.31236e-06	1.66769
0.000858481	366.618	6.31236e-06	1.62444
0.000871105	352.458	6.31236e-06	1.59223
0.00088373	338.666	6.31236e-06	1.56486
0.000896355	325.611	6.31236e-06	1.53977
0.000908979	312.417	6.31236e-06	1.51204
0.000921604	299.71	6.31236e-06	1.48399
0.000934229	287.541	6.31236e-06	1.45461
0.000946854	275.605	6.31236e-06	1.42639
0.000959478	263.65	6.31236e-06	1.33442
0.000972103	252.372	6.31236e-06	1.30506
0.000984728	240.845	6.31236e-06	1.27009
0.000997352	230.183	6.31236e-06	1.24357
0.00100998	219.087	6.31236e-06	1.17866
0.0010226	209.701	6.31236e-06	1.15774
0.00103523	199.539	6.31236e-06	0.961399
0.00104785	190.558	6.31236e-06	0.941206
0.00106048	181.567	6.31236e-06	0.911784
0.0010731	172.815	6.31236e-06	0.881492
0.00108573	164.457	6.31236e-06	0.84835
0.00109835	156.232	6.31236e-06	0.819708
0.00111097	148.438	6.31236e-06	0.78796
0.0011236	140.797	6.31236e-06	0.75837
0.00113622	133.631	6.31236e-06	0.735838
0.00114885	127.117	6.31236e-06	0.719022
0.00116147	120.484	6.31236e-06	0.697339
0.0011741	114.109	6.31236e-06	0.665209
0.00118672	108.299	6.31236e-06	0.650287
0.00119935	102.505	6.31236e-06	0.627252
0.00121197	97.0395	6.31236e-06	0.611144
0.0012246	91.7182	6.31236e-06	0.586771
0.00123722	86.9213	6.31236e-06	0.569791
0.00124985	82.3586	6.31236e-06	0.555211
0.00126247	77.8824	6.31236e-06	0.5348
0.0012751	73.7198	6.31236e-06	0.516757
0.00128772	69.6027	6.31236e-06	0.504265
0.00130035	65.8319	6.31236e-06	0.492677
0.00131297	62.0665	6.31236e-06	0.476935
0.00132559	58.4538	6.31236e-06	0.460616
0.00133822	54.9473	6.31236e-06	0.436567
0.00135084	51.5424	6.31236e-06	0.422357
0.00136347	48.5152	6.31236e-06	0.412629
0.00137609	45.5654	6.31236e-06	0.401432
0.00138872	42.7487	6.31236e-06	0.389093
0.00140134	40.0638	6.31236e-06	0.37528
0.00141397	37.6479	6.31236e-06	0.366782
0.00142659	35.1955	6.31236e-06	0.357692
0.00143922	33.0093	6.31236e-06	0.346227
0.00145184	30.8454	6.31236e-06	0.336024
0.00146447	28.831	6.31236e-06	0.328836
0.00147709	26.8081	6.31236e-06	0.316398
0.00148972	25.046	6.31236e-06	0.31015
0.00150234	23.3045	6.31236e-06	0.303713
0.00151497	21.7878	6.31236e-06	0.299059
0.00152759	20.2293	6.31236e-06	0.291196
0.00154022	18.9714	6.31236e-06	0.286834
0.00155284	17.5224	6.31236e-06	0.271347
0.00156546	16.337	6.31236e-06	0.266926
0.00157809	14.8948	6.31236e-06	0.205998
0.00159071	13.8204	6.31236e-06	0.19932
0.00160334	12.8161	6.31236e-06	0.192731
0.00161596	11.858	6.31236e-06	0.18726
0.00162859	10.8699	6.31236e-06	0.167994
0.00164121	9.99084	6.31236e-06	0.159775
0.00165384	9.22793	6.31236e-06	0.155077
0.00166646	8.47482	6.31236e-06	0.147235
0.00167909	7.74016	6.31236e-06	0.141185
0.00169171	7.11829	6.31236e-06	0.136182
0.00170434	6.51132	6.31236e-06	0.130579
0.00171696	5.89262	6.31236e-06	0.118648
0.00172959	5.3964	6.31236e-06	0.113564
0.00174221	4.94347	6.31236e-06	0.109396
0.00175484	4.46877	6.31236e-06	0.102307
0.00176746	4.06829	6.31236e-06	0.0991743
0.00178008	3.73537	6.31236e-06	0.096285
0.00179271	3.41983	6.31236e-06	0.0908369
0.00180533	3.1126	6.31236e-06	0.0869069
0.00181796	2.80042	6.31236e-06	0.0833025
0.00183058	2.53654	6.31236e-06	0.0805753
0.00184321	2.29328	6.31236e-06	0.0776098
0.00185583	2.0679	6.31236e-06	0.0739643
0.00186846	1.84242	6.31236e-06	0.0715263
0.00188108	1.67645	6.31236e-06	0.0693736
0.00189371	1.48686	6.31236e-06	0.0666641
0.00190633	1.34196	6.31236e-06	0.0644635
0.00191896	1.17779	6.31236e-06	0.0611678
0.00193158	1.04179	6.31236e-06	0.0596027
0.00194421	0.929009	6.31236e-06	0.057915
0.00195683	0.835314	6.31236e-06	0.0570952
0.00196946	0.757868	6.31236e-06	0.0563251
0.00198208	0.661539	6.31236e-06	0.0545194
0.0019947	0.580622	6.31236e-06	0.0531751
0.00200733	0.524104	6.31236e-06	0.0527273
0.00201995	0.472229	6.31236e-06	0.0523765
0.00203258	0.41544	6.31236e-06	0.0517649
0.0020452	0.363795	6.31236e-06	0.0512651
0.00205783	0.262109	6.31236e-06	0.0144558
0.00207045	0.230156	6.31236e-06	0.0126746
0.00208308	0.196692	6.31236e-06	0.0109956
0.0020957	0.166936	6.31236e-06	0.00991262
0.00210833	0.140882	6.31236e-06	0.00885015
0.00212095	0.120937	6.31236e-06	0.00816181
0.00213358	0.105014	6.31236e-06	0.00759412
0.0021462	0.0860304	6.31236e-06	0.00671024
0.00215883	0.0764923	6.31236e-06	0.00631754
0.00217145	0.0628139	6.31236e-06	0.00558133
0.00218408	0.0525048	6.31236e-06	0.00507631
0.0021967	0.0429441	6.31236e-06	0.00456433
0.00220932	0.0334952	6.31236e-06	0.00391095
0.00222195	0.0292514	6.31236e-06	0.00368005
0.00223457	0.0206274	6.31236e-06	0.00294009
0.0022472	0.0161123	6.31236e-06	0.00256579
0.00225982	0.012372	6.31236e-06	0.00222266
0.00227245	0.0111126	6.31236e-06	0.00214579
0.00228507	0.00781479	6.31236e-06	0.00183723
0.0022977	0.00642786	6.31236e-06	0.00166655
0.00231032	0.00495023	6.31236e-06	0.00147294
0.00232295	0.00386598	6.31236e-06	0.00135669
0.00233557	0.00284321	6.31236e-06	0.00120716
0.0023482	0.00215339	6.31236e-06	0.000990649
0.00236082	0.0015139	6.31236e-06	0.000874357
0.00237345	0.0015139	6.31236e-06	0.000874357
0.00238607	0.0015139	6.31236e-06	0.000874357
0.0023987	0.00037206	6.31236e-06	0.000263336
0.00241132	0.00037206	6.31236e-06	0.000263336
0.00242395	0.00037206	6.31236e-06	0.000263336
0.00243657	0.000177965	6.31236e-06	0.000177968
0.00244919	0.000177965	6.31236e-06	0.000177968
0.00246182	0.000177965	6.31236e-06	0.000177968
0.00247444	0.000177965	6.31236e-06	0.000177968
0.00248707	0.000177965	6.31236e-06	0.000177968
