0	1125.75	7.34738e-06	4.27079
1.46948e-05	1124.87	7.34738e-06	3.87977
2.93895e-05	1123.41	7.34738e-06	3.7427
4.40843e-05	1122.24	7.34738e-06	3.70962
5.87791e-05	1120.8	7.34738e-06	3.68311
7.34738e-05	1118.58	7.34738e-06	3.64351
8.81686e-05	1116.15	7.34738e-06	3.61256
0.000102863	1113.1	7.34738e-06	3.57483
0.000117558	1110.01	7.34738e-06	3.54117
0.000132253	1105.73	7.34738e-06	3.48498
0.000146948	1101.94	7.34738e-06	3.45605
0.000161642	1097.02	7.34738e-06	3.39935
0.000176337	1092.39	7.34738e-06	3.36925
0.000191032	1087.17	7.34738e-06	3.33541
0.000205727	1081.85	7.34738e-06	3.30531
0.000220421	1075.96	7.34738e-06	3.26878
0.000235116	1070.26	7.34738e-06	3.24268
0.000249811	1063.66	7.34738e-06	3.20977
0.000264506	1056.74	7.34738e-06	3.17736
0.000279201	1049.31	7.34738e-06	3.14308
0.000293895	1041.97	7.34738e-06	3.1136
0.00030859	1034.41	7.34738e-06	3.08564
0.000323285	1026.34	7.34738e-06	3.05307
0.00033798	1017.84	7.34738e-06	3.02118
0.000352674	1008.81	7.34738e-06	2.98665
0.000367369	999.447	7.34738e-06	2.95196
0.000382064	989.651	7.34738e-06	2.91304
0.000396759	980.082	7.34738e-06	2.88422
0.000411453	969.599	7.34738e-06	2.84824
0.000426148	959.085	7.34738e-06	2.8132
0.000440843	948.872	7.34738e-06	2.78508
0.000455538	937.657	7.34738e-06	2.75204
0.000470233	926.148	7.34738e-06	2.71314
0.000484927	914.726	7.34738e-06	2.6826
0.000499622	902.585	7.34738e-06	2.64234
0.000514317	890.438	7.34738e-06	2.60963
0.000529012	878.081	7.34738e-06	2.57641
0.000543706	865.704	7.34738e-06	2.54506
0.000558401	853.19	7.34738e-06	2.51513
0.000573096	839.818	7.34738e-06	2.46763
0.000587791	826.553	7.34738e-06	2.43505
0.000602485	812.881	7.34738e-06	2.39105
0.00061718	799.079	7.34738e-06	2.35421
0.000631875	785.306	7.34738e-06	2.30993
0.00064657	771.32	7.34738e-06	2.27303
0.000661264	757.119	7.34738e-06	2.24018
0.000675959	742.834	7.34738e-06	2.20261
0.000690654	728.596	7.34738e-06	2.15765
0.000705349	714.401	7.34738e-06	2.12695
0.000720044	698.812	7.34738e-06	1.97028
0.000734738	684.565	7.34738e-06	1.93847
0.000749433	670.285	7.34738e-06	1.90623
0.000764128	655.735	7.34738e-06	1.87288
0.000778823	640.918	7.34738e-06	1.83974
0.000793517	625.795	7.34738e-06	1.78786
0.000808212	611.588	7.34738e-06	1.75934
0.000822907	597.317	7.34738e-06	1.72927
0.000837602	582.738	7.34738e-06	1.69726
0.000852296	568.072	7.34738e-06	1.65585
0.000866991	553.666	7.34738e-06	1.61726
0.000881686	539.702	7.34738e-06	1.59074
0.000896381	525.137	7.34738e-06	1.55904
0.000911076	510.985	7.34738e-06	1.53032
0.00092577	496.962	7.34738e-06	1.49914
0.000940465	483.208	7.34738e-06	1.47352
0.00095516	468.464	7.34738e-06	1.40743
0.000969855	454.34	7.34738e-06	1.37049
0.000984549	440.504	7.34738e-06	1.32
0.000999244	426.998	7.34738e-06	1.29465
0.00101394	413.677	7.34738e-06	1.26847
0.00102863	400.542	7.34738e-06	1.22826
0.00104333	387.326	7.34738e-06	1.19885
0.00105802	374.574	7.34738e-06	1.1739
0.00107272	362.196	7.34738e-06	1.15189
0.00108741	349.733	7.34738e-06	1.12913
0.00110211	337.626	7.34738e-06	1.10586
0.0011168	325.747	7.34738e-06	1.08462
0.0011315	313.282	7.34738e-06	0.962647
0.00114619	301.728	7.34738e-06	0.924295
0.00116089	290.589	7.34738e-06	0.900006
0.00117558	279.759	7.34738e-06	0.879608
0.00119028	269.111	7.34738e-06	0.859527
0.00120497	258.601	7.34738e-06	0.83502
0.00121967	248.3	7.34738e-06	0.814412
0.00123436	238.166	7.34738e-06	0.792801
0.00124906	228.403	7.34738e-06	0.768453
0.00126375	218.615	7.34738e-06	0.745424
0.00127844	209.764	7.34738e-06	0.730216
0.00129314	200.604	7.34738e-06	0.707808
0.00130783	191.866	7.34738e-06	0.690929
0.00132253	183.171	7.34738e-06	0.671322
0.00133722	175.018	7.34738e-06	0.655923
0.00135192	166.844	7.34738e-06	0.636918
0.00136661	159.206	7.34738e-06	0.620225
0.00138131	151.527	7.34738e-06	0.600211
0.001396	144.449	7.34738e-06	0.585841
0.0014107	137.221	7.34738e-06	0.559506
0.00142539	130.482	7.34738e-06	0.542648
0.00144009	124.185	7.34738e-06	0.531612
0.00145478	117.953	7.34738e-06	0.518787
0.00146948	111.949	7.34738e-06	0.504202
0.00148417	106.35	7.34738e-06	0.493428
0.00149887	100.892	7.34738e-06	0.481181
0.00151356	95.3596	7.34738e-06	0.447447
0.00152826	90.0574	7.34738e-06	0.425338
0.00154295	85.1959	7.34738e-06	0.414786
0.00155765	80.531	7.34738e-06	0.402972
0.00157234	76.0914	7.34738e-06	0.393373
0.00158703	71.8001	7.34738e-06	0.383995
0.00160173	67.6161	7.34738e-06	0.373365
0.00161642	63.7866	7.34738e-06	0.364991
0.00163112	60.1403	7.34738e-06	0.3573
0.00164581	56.6032	7.34738e-06	0.348582
0.00166051	53.3169	7.34738e-06	0.342364
0.0016752	49.9997	7.34738e-06	0.33338
0.0016899	47.0104	7.34738e-06	0.327352
0.00170459	43.8925	7.34738e-06	0.306439
0.00171929	41.2304	7.34738e-06	0.296529
0.00173398	38.5579	7.34738e-06	0.283411
0.00174868	36.0061	7.34738e-06	0.275287
0.00176337	33.5703	7.34738e-06	0.266048
0.00177807	31.3575	7.34738e-06	0.257893
0.00179276	29.2911	7.34738e-06	0.25295
0.00180746	27.2159	7.34738e-06	0.246215
0.00182215	25.3299	7.34738e-06	0.239586
0.00183685	23.571	7.34738e-06	0.23518
0.00185154	21.9068	7.34738e-06	0.229802
0.00186624	20.3385	7.34738e-06	0.225577
0.00188093	18.8735	7.34738e-06	0.22187
0.00189562	17.5498	7.34738e-06	0.218759
0.00191032	16.1434	7.34738e-06	0.1795
0.00192501	14.9236	7.34738e-06	0.174944
0.00193971	13.8015	7.34738e-06	0.171749
0.0019544	12.7581	7.34738e-06	0.168426
0.0019691	11.7473	7.34738e-06	0.164074
0.00198379	10.7535	7.34738e-06	0.159039
0.00199849	9.91842	7.34738e-06	0.156664
0.00201318	9.09726	7.34738e-06	0.15161
0.00202788	8.33837	7.34738e-06	0.14874
0.00204257	7.71507	7.34738e-06	0.146801
0.00205727	7.06341	7.34738e-06	0.144255
0.00207196	6.46474	7.34738e-06	0.14187
0.00208666	5.92367	7.34738e-06	0.140121
0.00210135	5.37948	7.34738e-06	0.136573
0.00211605	4.87833	7.34738e-06	0.134786
0.00213074	4.42585	7.34738e-06	0.133005
0.00214544	4.0188	7.34738e-06	0.131431
0.00216013	3.62517	7.34738e-06	0.129916
0.00217483	3.25889	7.34738e-06	0.128173
0.00218952	2.91875	7.34738e-06	0.125899
0.00220421	2.63347	7.34738e-06	0.124859
0.00221891	2.34353	7.34738e-06	0.123164
0.0022336	2.10413	7.34738e-06	0.12246
0.0022483	1.86706	7.34738e-06	0.121491
0.00226299	1.62566	7.34738e-06	0.116845
0.00227769	1.40937	7.34738e-06	0.115578
0.00229238	1.24795	7.34738e-06	0.115062
0.00230708	1.09411	7.34738e-06	0.114493
0.00232177	0.961527	7.34738e-06	0.11408
0.00233647	0.845898	7.34738e-06	0.11362
0.00235116	0.738953	7.34738e-06	0.112968
0.00236586	0.62798	7.34738e-06	0.111628
0.00238055	0.543532	7.34738e-06	0.111257
0.00239525	0.476451	7.34738e-06	0.111044
0.00240994	0.407309	7.34738e-06	0.110609
0.00242464	0.355695	7.34738e-06	0.110441
0.00243933	0.308733	7.34738e-06	0.110283
0.00245403	0.269133	7.34738e-06	0.110163
0.00246872	0.112027	7.34738e-06	0.00883928
0.00248342	0.0876325	7.34738e-06	0.00742765
0.00249811	0.0652728	7.34738e-06	0.006364
0.00251281	0.0479854	7.34738e-06	0.00531663
0.0025275	0.0308166	7.34738e-06	0.00416911
0.00254219	0.0147452	7.34738e-06	0.00287056
0.00255689	0.00419302	7.34738e-06	0.00155078
0.00257158	0.000942579	7.34738e-06	0.000678508
