0	1405.52	7.01975e-06	8.91088
1.40395e-05	1402.83	7.01975e-06	7.09124
2.8079e-05	1399.36	7.01975e-06	6.68889
4.21185e-05	1394.61	7.01975e-06	6.40051
5.6158e-05	1389.6	7.01975e-06	6.23099
7.01975e-05	1383.78	7.01975e-06	6.08747
8.4237e-05	1376.17	7.01975e-06	5.90793
9.82765e-05	1368.01	7.01975e-06	5.75831
0.000112316	1359.6	7.01975e-06	5.6385
0.000126356	1350.74	7.01975e-06	5.53352
0.000140395	1340.55	7.01975e-06	5.41672
0.000154435	1329.5	7.01975e-06	5.30132
0.000168474	1318.09	7.01975e-06	5.19215
0.000182514	1306.09	7.01975e-06	5.09303
0.000196553	1293.66	7.01975e-06	4.99457
0.000210593	1279.83	7.01975e-06	4.88325
0.000224632	1266.35	7.01975e-06	4.79232
0.000238672	1252.2	7.01975e-06	4.69935
0.000252711	1237.22	7.01975e-06	4.60199
0.000266751	1222	7.01975e-06	4.51568
0.00028079	1206.76	7.01975e-06	4.43626
0.00029483	1190.51	7.01975e-06	4.35353
0.000308869	1173.86	7.01975e-06	4.26134
0.000322909	1156.5	7.01975e-06	4.15498
0.000336948	1139.39	7.01975e-06	4.07801
0.000350988	1122.39	7.01975e-06	4.00803
0.000365027	1104.45	7.01975e-06	3.93113
0.000379067	1085.99	7.01975e-06	3.82204
0.000393106	1067.15	7.01975e-06	3.72318
0.000407146	1048.62	7.01975e-06	3.65283
0.000421185	1030.33	7.01975e-06	3.58866
0.000435225	1012.09	7.01975e-06	3.52525
0.000449264	993.381	7.01975e-06	3.45915
0.000463304	974.056	7.01975e-06	3.37995
0.000477343	955.246	7.01975e-06	3.31916
0.000491383	936.318	7.01975e-06	3.25792
0.000505422	917.201	7.01975e-06	3.19099
0.000519462	898.247	7.01975e-06	3.13769
0.000533501	878.826	7.01975e-06	3.07291
0.000547541	860.01	7.01975e-06	3.0204
0.00056158	841.065	7.01975e-06	2.96936
0.00057562	822.34	7.01975e-06	2.92206
0.000589659	803.335	7.01975e-06	2.87109
0.000603699	784.419	7.01975e-06	2.82411
0.000617738	765.749	7.01975e-06	2.77364
0.000631778	747.337	7.01975e-06	2.73
0.000645817	729.146	7.01975e-06	2.68583
0.000659857	710.863	7.01975e-06	2.64061
0.000673896	692.541	7.01975e-06	2.59937
0.000687936	674.285	7.01975e-06	2.558
0.000701975	655.696	7.01975e-06	2.5099
0.000716015	636.977	7.01975e-06	2.44513
0.000730054	618.261	7.01975e-06	2.35958
0.000744094	600.531	7.01975e-06	2.316
0.000758133	583.692	7.01975e-06	2.28198
0.000772173	565.451	7.01975e-06	2.18396
0.000786212	548.463	7.01975e-06	2.143
0.000800252	532.401	7.01975e-06	2.11315
0.000814291	515.944	7.01975e-06	2.08113
0.000828331	498.606	7.01975e-06	1.93562
0.00084237	482.974	7.01975e-06	1.9031
0.00085641	467.461	7.01975e-06	1.86912
0.000870449	452.131	7.01975e-06	1.83699
0.000884489	437.342	7.01975e-06	1.80879
0.000898528	421.967	7.01975e-06	1.73621
0.000912568	406.787	7.01975e-06	1.68129
0.000926607	392.205	7.01975e-06	1.64374
0.000940647	377.739	7.01975e-06	1.59488
0.000954686	364.263	7.01975e-06	1.56769
0.000968726	350.953	7.01975e-06	1.53745
0.000982765	338.027	7.01975e-06	1.49802
0.000996805	325.587	7.01975e-06	1.46696
0.00101084	312.635	7.01975e-06	1.38722
0.00102488	300.17	7.01975e-06	1.35861
0.00103892	287.917	7.01975e-06	1.33073
0.00105296	276.602	7.01975e-06	1.30342
0.001067	265.533	7.01975e-06	1.27498
0.00108104	253.854	7.01975e-06	1.21224
0.00109508	243.135	7.01975e-06	1.16209
0.00110912	233.439	7.01975e-06	1.14595
0.00112316	223.383	7.01975e-06	1.11789
0.0011372	213.891	7.01975e-06	1.09526
0.00115124	204.72	7.01975e-06	1.07809
0.00116528	195.238	7.01975e-06	1.02424
0.00117932	186.464	7.01975e-06	1.00184
0.00119336	177.679	7.01975e-06	0.967803
0.0012074	169.317	7.01975e-06	0.948074
0.00122144	161.169	7.01975e-06	0.92589
0.00123548	153.695	7.01975e-06	0.909131
0.00124952	146.305	7.01975e-06	0.891951
0.00126356	139.127	7.01975e-06	0.850628
0.00127759	132.394	7.01975e-06	0.830255
0.00129163	125.845	7.01975e-06	0.807877
0.00130567	119.455	7.01975e-06	0.793265
0.00131971	113.407	7.01975e-06	0.779415
0.00133375	107.692	7.01975e-06	0.767511
0.00134779	102.005	7.01975e-06	0.743746
0.00136183	96.3549	7.01975e-06	0.664195
0.00137587	91.3365	7.01975e-06	0.651306
0.00138991	86.2869	7.01975e-06	0.638945
0.00140395	81.2687	7.01975e-06	0.619232
0.00141799	76.6493	7.01975e-06	0.603041
0.00143203	72.2979	7.01975e-06	0.571559
0.00144607	68.0636	7.01975e-06	0.55353
0.00146011	64.121	7.01975e-06	0.538399
0.00147415	60.503	7.01975e-06	0.528658
0.00148819	56.7212	7.01975e-06	0.476024
0.00150223	53.5493	7.01975e-06	0.465066
0.00151627	50.3257	7.01975e-06	0.456199
0.00153031	47.3412	7.01975e-06	0.446179
0.00154435	44.37	7.01975e-06	0.429398
0.00155838	41.6545	7.01975e-06	0.421423
0.00157242	39.1381	7.01975e-06	0.414352
0.00158646	36.7014	7.01975e-06	0.405542
0.0016005	34.3848	7.01975e-06	0.396594
0.00161454	32.2438	7.01975e-06	0.390262
0.00162858	29.8813	7.01975e-06	0.376101
0.00164262	27.8961	7.01975e-06	0.365552
0.00165666	26.0208	7.01975e-06	0.359294
0.0016707	24.2418	7.01975e-06	0.353393
0.00168474	22.6424	7.01975e-06	0.348666
0.00169878	20.9782	7.01975e-06	0.325022
0.00171282	19.5651	7.01975e-06	0.320864
0.00172686	18.1663	7.01975e-06	0.314499
0.0017409	16.7956	7.01975e-06	0.302263
0.00175494	15.485	7.01975e-06	0.259193
0.00176898	14.2889	7.01975e-06	0.250453
0.00178302	13.1905	7.01975e-06	0.245465
0.00179706	12.1795	7.01975e-06	0.240249
0.0018111	11.221	7.01975e-06	0.236031
0.00182514	10.3627	7.01975e-06	0.231874
0.00183917	9.58305	7.01975e-06	0.228214
0.00185321	8.88359	7.01975e-06	0.225287
0.00186725	8.22034	7.01975e-06	0.22223
0.00188129	7.4106	7.01975e-06	0.197576
0.00189533	6.60001	7.01975e-06	0.138042
0.00190937	5.91597	7.01975e-06	0.126243
0.00192341	5.36004	7.01975e-06	0.121618
0.00193745	4.86315	7.01975e-06	0.115263
0.00195149	4.45167	7.01975e-06	0.112142
0.00196553	4.0584	7.01975e-06	0.108563
0.00197957	3.68378	7.01975e-06	0.105299
0.00199361	3.34568	7.01975e-06	0.102936
0.00200765	3.03486	7.01975e-06	0.0982608
0.00202169	2.71353	7.01975e-06	0.0932818
0.00203573	2.37299	7.01975e-06	0.0775782
0.00204977	2.11964	7.01975e-06	0.0736103
0.00206381	1.91207	7.01975e-06	0.071172
0.00207785	1.71306	7.01975e-06	0.0685428
0.00209189	1.52205	7.01975e-06	0.0659852
0.00210593	1.3718	7.01975e-06	0.0642332
0.00211996	1.2035	7.01975e-06	0.0612535
0.002134	1.07296	7.01975e-06	0.0595779
0.00214804	0.940911	7.01975e-06	0.0576927
0.00216208	0.851749	7.01975e-06	0.0563791
0.00217612	0.719808	7.01975e-06	0.0525212
0.00219016	0.631278	7.01975e-06	0.0508862
0.0022042	0.54003	7.01975e-06	0.0479685
0.00221824	0.473899	7.01975e-06	0.046254
0.00223228	0.385183	7.01975e-06	0.0422074
0.00224632	0.285624	7.01975e-06	0.0199343
0.00226036	0.243321	7.01975e-06	0.018227
0.0022744	0.207055	7.01975e-06	0.0165618
0.00228844	0.172724	7.01975e-06	0.0144424
0.00230248	0.145807	7.01975e-06	0.0131051
0.00231652	0.122138	7.01975e-06	0.0122874
0.00233056	0.100757	7.01975e-06	0.0109387
0.0023446	0.0707825	7.01975e-06	0.00759955
0.00235864	0.0480343	7.01975e-06	0.00594196
0.00237268	0.0372878	7.01975e-06	0.00519387
0.00238672	0.028336	7.01975e-06	0.0043181
0.00240075	0.0208638	7.01975e-06	0.00355063
0.00241479	0.0182919	7.01975e-06	0.00341283
0.00242883	0.0135765	7.01975e-06	0.00302151
0.00244287	0.00825976	7.01975e-06	0.00224722
0.00245691	0.00681634	7.01975e-06	0.0020586
0.00247095	0.0047561	7.01975e-06	0.0016877
0.00248499	0.00262395	7.01975e-06	0.00113795
0.00249903	0.00149927	7.01975e-06	0.000779391
0.00251307	0.000196821	7.01975e-06	0.000196825
