0	1116.03	7.29409e-06	3.91874
1.45882e-05	1115.41	7.29409e-06	3.70484
2.91764e-05	1114.7	7.29409e-06	3.66879
4.37646e-05	1112.96	7.29409e-06	3.59473
5.83527e-05	1111.31	7.29409e-06	3.55923
7.29409e-05	1109.57	7.29409e-06	3.53408
8.75291e-05	1107.57	7.29409e-06	3.51134
0.000102117	1104.63	7.29409e-06	3.47453
0.000116705	1101.43	7.29409e-06	3.43583
0.000131294	1098.3	7.29409e-06	3.40975
0.000145882	1094.45	7.29409e-06	3.37772
0.00016047	1090.53	7.29409e-06	3.34957
0.000175058	1086.22	7.29409e-06	3.32249
0.000189646	1081.55	7.29409e-06	3.29571
0.000204235	1076.11	7.29409e-06	3.25885
0.000218823	1070.55	7.29409e-06	3.22421
0.000233411	1064.73	7.29409e-06	3.19017
0.000247999	1058.65	7.29409e-06	3.1598
0.000262587	1052.65	7.29409e-06	3.1344
0.000277176	1045.84	7.29409e-06	3.10596
0.000291764	1037.65	7.29409e-06	3.02965
0.000306352	1030.24	7.29409e-06	3.00027
0.00032094	1022.25	7.29409e-06	2.96487
0.000335528	1014.36	7.29409e-06	2.93665
0.000350116	1005.99	7.29409e-06	2.90444
0.000364705	996.76	7.29409e-06	2.86849
0.000379293	987.952	7.29409e-06	2.83929
0.000393881	978.81	7.29409e-06	2.81079
0.000408469	969.649	7.29409e-06	2.78418
0.000423057	958.669	7.29409e-06	2.68185
0.000437646	948.524	7.29409e-06	2.6513
0.000452234	938.114	7.29409e-06	2.61742
0.000466822	927.33	7.29409e-06	2.58736
0.00048141	916.163	7.29409e-06	2.54983
0.000495998	904.508	7.29409e-06	2.46861
0.000510586	893.037	7.29409e-06	2.43841
0.000525175	881.227	7.29409e-06	2.40788
0.000539763	869.46	7.29409e-06	2.37644
0.000554351	857.04	7.29409e-06	2.34201
0.000568939	844.525	7.29409e-06	2.31041
0.000583527	831.804	7.29409e-06	2.27494
0.000598116	818.779	7.29409e-06	2.24249
0.000612704	805.513	7.29409e-06	2.20142
0.000627292	792.618	7.29409e-06	2.17256
0.00064188	778.385	7.29409e-06	2.05866
0.000656468	764.339	7.29409e-06	2.01803
0.000671057	750.654	7.29409e-06	1.98517
0.000685645	736.487	7.29409e-06	1.94832
0.000700233	722.448	7.29409e-06	1.9161
0.000714821	708.214	7.29409e-06	1.88055
0.000729409	694.495	7.29409e-06	1.8514
0.000743997	680.14	7.29409e-06	1.81799
0.000758586	665.896	7.29409e-06	1.78791
0.000773174	651.519	7.29409e-06	1.75691
0.000787762	637.146	7.29409e-06	1.72324
0.00080235	622.586	7.29409e-06	1.69251
0.000816938	608.366	7.29409e-06	1.66127
0.000831527	594.12	7.29409e-06	1.63264
0.000846115	579.62	7.29409e-06	1.60277
0.000860703	565.201	7.29409e-06	1.56909
0.000875291	550.806	7.29409e-06	1.53853
0.000889879	536.103	7.29409e-06	1.50456
0.000904467	521.795	7.29409e-06	1.47348
0.000919056	507.212	7.29409e-06	1.42924
0.000933644	493.133	7.29409e-06	1.39672
0.000948232	479.313	7.29409e-06	1.37082
0.00096282	465.148	7.29409e-06	1.33913
0.000977408	451.563	7.29409e-06	1.31341
0.000991997	437.729	7.29409e-06	1.28099
0.00100658	424.299	7.29409e-06	1.25515
0.00102117	410.97	7.29409e-06	1.22733
0.00103576	397.741	7.29409e-06	1.19964
0.00105035	385.332	7.29409e-06	1.17776
0.00106494	372.895	7.29409e-06	1.15474
0.00107953	360.02	7.29409e-06	1.10787
0.00109411	347.625	7.29409e-06	1.08031
0.0011087	335.646	7.29409e-06	1.05653
0.00112329	323.539	7.29409e-06	1.03163
0.00113788	312.102	7.29409e-06	1.00533
0.00115247	300.903	7.29409e-06	0.986767
0.00116705	289.403	7.29409e-06	0.925331
0.00118164	278.456	7.29409e-06	0.903511
0.00119623	267.274	7.29409e-06	0.827282
0.00121082	257.016	7.29409e-06	0.807744
0.00122541	246.87	7.29409e-06	0.785328
0.00124	236.845	7.29409e-06	0.763887
0.00125458	227.011	7.29409e-06	0.74373
0.00126917	217.587	7.29409e-06	0.723008
0.00128376	208.25	7.29409e-06	0.704601
0.00129835	199.239	7.29409e-06	0.68718
0.00131294	190.617	7.29409e-06	0.670611
0.00132752	182.41	7.29409e-06	0.656195
0.00134211	174.244	7.29409e-06	0.637803
0.0013567	166.123	7.29409e-06	0.620918
0.00137129	158.399	7.29409e-06	0.603132
0.00138588	150.924	7.29409e-06	0.587599
0.00140047	143.798	7.29409e-06	0.573642
0.00141505	136.882	7.29409e-06	0.560889
0.00142964	130.334	7.29409e-06	0.548273
0.00144423	123.426	7.29409e-06	0.485728
0.00145882	117.085	7.29409e-06	0.471587
0.00147341	111.185	7.29409e-06	0.459449
0.00148799	105.674	7.29409e-06	0.449507
0.00150258	100.231	7.29409e-06	0.439303
0.00151717	94.7975	7.29409e-06	0.426126
0.00153176	89.6779	7.29409e-06	0.414333
0.00154635	84.7555	7.29409e-06	0.404328
0.00156094	80.1179	7.29409e-06	0.395292
0.00157552	75.6844	7.29409e-06	0.385137
0.00159011	71.4286	7.29409e-06	0.376434
0.0016047	67.4369	7.29409e-06	0.367614
0.00161929	63.5957	7.29409e-06	0.35974
0.00163388	59.953	7.29409e-06	0.353247
0.00164846	56.2089	7.29409e-06	0.32558
0.00166305	52.7691	7.29409e-06	0.302077
0.00167764	49.5438	7.29409e-06	0.293934
0.00169223	46.5112	7.29409e-06	0.286322
0.00170682	43.4559	7.29409e-06	0.265458
0.00172141	40.702	7.29409e-06	0.258223
0.00173599	38.0698	7.29409e-06	0.250834
0.00175058	35.5382	7.29409e-06	0.244861
0.00176517	33.0819	7.29409e-06	0.23316
0.00177976	30.9148	7.29409e-06	0.22758
0.00179435	28.8716	7.29409e-06	0.222647
0.00180893	26.9116	7.29409e-06	0.216425
0.00182352	25.1092	7.29409e-06	0.212038
0.00183811	23.3801	7.29409e-06	0.207927
0.0018527	21.5285	7.29409e-06	0.157375
0.00186729	19.9164	7.29409e-06	0.148265
0.00188188	18.464	7.29409e-06	0.14166
0.00189646	17.1369	7.29409e-06	0.13724
0.00191105	15.8345	7.29409e-06	0.130788
0.00192564	14.6116	7.29409e-06	0.125861
0.00194023	13.4793	7.29409e-06	0.121473
0.00195482	12.4425	7.29409e-06	0.11688
0.0019694	11.4585	7.29409e-06	0.112065
0.00198399	10.5392	7.29409e-06	0.108247
0.00199858	9.70804	7.29409e-06	0.104927
0.00201317	8.90631	7.29409e-06	0.10144
0.00202776	8.16291	7.29409e-06	0.0942021
0.00204235	7.37429	7.29409e-06	0.0851593
0.00205693	6.69521	7.29409e-06	0.0769573
0.00207152	6.06402	7.29409e-06	0.070328
0.00208611	5.49025	7.29409e-06	0.0659019
0.0021007	4.99269	7.29409e-06	0.0628753
0.00211529	4.48791	7.29409e-06	0.0590703
0.00212987	4.04847	7.29409e-06	0.0563629
0.00214446	3.64352	7.29409e-06	0.0528779
0.00215905	3.24411	7.29409e-06	0.0483744
0.00217364	2.92144	7.29409e-06	0.0459074
0.00218823	2.62169	7.29409e-06	0.0435825
0.00220282	2.34374	7.29409e-06	0.0410493
0.0022174	2.09331	7.29409e-06	0.0389172
0.00223199	1.85924	7.29409e-06	0.0368263
0.00224658	1.64535	7.29409e-06	0.0345858
0.00226117	1.44623	7.29409e-06	0.0322005
0.00227576	1.28061	7.29409e-06	0.0300516
0.00229035	1.11702	7.29409e-06	0.0282404
0.00230493	0.974755	7.29409e-06	0.026359
0.00231952	0.840332	7.29409e-06	0.0244685
0.00233411	0.730902	7.29409e-06	0.0228646
0.0023487	0.615476	7.29409e-06	0.0213412
0.00236329	0.520784	7.29409e-06	0.0172977
0.00237787	0.433382	7.29409e-06	0.0155485
0.00239246	0.354583	7.29409e-06	0.0135527
0.00240705	0.291017	7.29409e-06	0.0120078
0.00242164	0.235115	7.29409e-06	0.0107578
0.00243623	0.182318	7.29409e-06	0.00940586
0.00245082	0.142645	7.29409e-06	0.00827772
0.0024654	0.107843	7.29409e-06	0.00718027
0.00247999	0.0718621	7.29409e-06	0.00555545
0.00249458	0.0510643	7.29409e-06	0.00465021
0.00250917	0.0355994	7.29409e-06	0.00389885
0.00252376	0.0213426	7.29409e-06	0.00300392
0.00253834	0.0130116	7.29409e-06	0.00236548
0.00255293	0.00401865	7.29409e-06	0.00121797
0.00256752	0.000736067	7.29409e-06	0.000522621
