5.78829e-06	2.20532	5.78829e-06	0.37367
1.73649e-05	11.1535	5.78829e-06	1.07098
2.89414e-05	17.3638	5.78829e-06	1.13164
4.0518e-05	32.7572	5.78829e-06	1.72356
5.20946e-05	46.8674	5.78829e-06	2.25724
6.36712e-05	62.8074	5.78829e-06	2.43268
7.52478e-05	86.4387	5.78829e-06	3.01754
8.68243e-05	123.743	5.78829e-06	5.65438
9.84009e-05	133.288	5.78829e-06	4.12053
0.000109978	154.078	5.78829e-06	4.62934
0.000121554	185.357	5.78829e-06	5.00894
0.000133131	204.975	5.78829e-06	4.66749
0.000144707	235.65	5.78829e-06	5.29886
0.000156284	273.112	5.78829e-06	6.66882
0.00016786	308.383	5.78829e-06	7.29704
0.000179437	329.617	5.78829e-06	6.88409
0.000191014	349.704	5.78829e-06	8.55885
0.00020259	401.057	5.78829e-06	9.39015
0.000214167	430.7	5.78829e-06	8.09953
0.000225743	476.78	5.78829e-06	11.5466
0.00023732	506.219	5.78829e-06	9.90463
0.000248896	535.984	5.78829e-06	10.8313
0.000260473	570.005	5.78829e-06	10.9214
0.00027205	611.827	5.78829e-06	10.4067
0.000283626	610.719	5.78829e-06	9.68037
0.000295203	662.131	5.78829e-06	10.6804
0.000306779	677.858	5.78829e-06	10.1098
0.000318356	717.563	5.78829e-06	10.9727
0.000329933	768.241	5.78829e-06	13.321
0.000341509	766.025	5.78829e-06	11.306
0.000353086	808.782	5.78829e-06	12.7659
0.000364662	817.392	5.78829e-06	11.8012
0.000376239	882.656	5.78829e-06	13.9999
0.000387815	898.531	5.78829e-06	14.5819
0.000399392	917.724	5.78829e-06	25.7743
0.000410969	961.795	5.78829e-06	15.2925
0.000422545	985.226	5.78829e-06	16.9055
0.000434122	988.379	5.78829e-06	14.4707
0.000445698	997.005	5.78829e-06	14.6328
0.000457275	1047.39	5.78829e-06	23.9733
0.000468851	1045.75	5.78829e-06	15.6744
0.000480428	1077.13	5.78829e-06	15.4234
0.000492005	1084.8	5.78829e-06	14.9205
0.000503581	1153.28	5.78829e-06	25.3749
0.000515158	1144.16	5.78829e-06	21.4622
0.000526734	1130.56	5.78829e-06	26.2152
0.000538311	1162.84	5.78829e-06	27.4461
0.000549888	1147.55	5.78829e-06	20.1941
0.000561464	1147.8	5.78829e-06	17.8151
0.000573041	1186.4	5.78829e-06	19.6888
0.000584617	1140.36	5.78829e-06	19.3789
0.000596194	1150.26	5.78829e-06	20.5689
0.00060777	1175.72	5.78829e-06	31.7783
0.000619347	1159.12	5.78829e-06	15.8111
0.000630924	1171.29	5.78829e-06	25.9956
0.0006425	1172.34	5.78829e-06	22.1857
0.000654077	1151.66	5.78829e-06	19.7763
0.000665653	1124.53	5.78829e-06	16.0105
0.00067723	1179.05	5.78829e-06	26.1985
0.000688806	1145.23	5.78829e-06	17.0986
0.000700383	1113.27	5.78829e-06	17.859
0.00071196	1157.61	5.78829e-06	17.8159
0.000723536	1175.37	5.78829e-06	46.3936
0.000735113	1108.09	5.78829e-06	16.788
0.000746689	1080.94	5.78829e-06	14.957
0.000758266	1105.76	5.78829e-06	17.1874
0.000769843	1112.33	5.78829e-06	23.2367
0.000781419	1055.08	5.78829e-06	16.1063
0.000792996	1036.78	5.78829e-06	20.157
0.000804572	1067.42	5.78829e-06	18.3652
0.000816149	1068.05	5.78829e-06	23.7218
0.000827725	1020	5.78829e-06	18.0603
0.000839302	999.688	5.78829e-06	20.7862
0.000850879	1046.58	5.78829e-06	21.7339
0.000862455	953.949	5.78829e-06	16.8318
0.000874032	914.892	5.78829e-06	14.8438
0.000885608	920.344	5.78829e-06	17.2515
0.000897185	910.462	5.78829e-06	27.3029
0.000908761	877.346	5.78829e-06	19.0619
0.000920338	887.942	5.78829e-06	15.2779
0.000931915	863.298	5.78829e-06	16.2156
0.000943491	865.152	5.78829e-06	37.0031
0.000955068	819.854	5.78829e-06	19.1957
0.000966644	799.109	5.78829e-06	15.1922
0.000978221	812.452	5.78829e-06	16.3653
0.000989798	767.247	5.78829e-06	14.4155
0.00100137	750.77	5.78829e-06	13.6838
0.00101295	713.551	5.78829e-06	15.5234
0.00102453	713.625	5.78829e-06	15.2493
0.0010361	698.754	5.78829e-06	18.0216
0.00104768	663.954	5.78829e-06	23.3029
0.00105926	663.747	5.78829e-06	14.0187
0.00107083	638.668	5.78829e-06	13.8898
0.00108241	601.636	5.78829e-06	15.3535
0.00109399	583.126	5.78829e-06	13.8722
0.00110556	549.976	5.78829e-06	11.2552
0.00111714	542.733	5.78829e-06	14.0589
0.00112872	530.697	5.78829e-06	13.5043
0.00114029	523.16	5.78829e-06	12.9815
0.00115187	491.358	5.78829e-06	10.7286
0.00116345	464.38	5.78829e-06	10.6803
0.00117502	465.286	5.78829e-06	14.8608
0.0011866	439.602	5.78829e-06	10.6621
0.00119818	418.717	5.78829e-06	11.0905
0.00120975	422.552	5.78829e-06	12.284
0.00122133	398.892	5.78829e-06	10.6125
0.00123291	371.143	5.78829e-06	10.0597
0.00124448	363.352	5.78829e-06	10.6569
0.00125606	334.916	5.78829e-06	9.70525
0.00126764	341.671	5.78829e-06	10.7768
0.00127921	327.698	5.78829e-06	11.1815
0.00129079	335.755	5.78829e-06	16.4347
0.00130237	294.377	5.78829e-06	11.7337
0.00131394	297.975	5.78829e-06	12.27
0.00132552	258.255	5.78829e-06	8.51084
0.00133709	251.928	5.78829e-06	8.07382
0.00134867	250.997	5.78829e-06	9.64646
0.00136025	235.108	5.78829e-06	9.49631
0.00137182	216.79	5.78829e-06	7.3059
0.0013834	219.972	5.78829e-06	9.68211
0.00139498	190.403	5.78829e-06	8.68369
0.00140655	189.904	5.78829e-06	8.62935
0.00141813	172.291	5.78829e-06	6.21501
0.00142971	167.471	5.78829e-06	7.22822
0.00144128	149.628	5.78829e-06	6.18164
0.00145286	142.25	5.78829e-06	6.3921
0.00146444	133.663	5.78829e-06	6.80139
0.00147601	142.86	5.78829e-06	8.12771
0.00148759	125.961	5.78829e-06	6.14178
0.00149917	138.887	5.78829e-06	10.195
0.00151074	99.9076	5.78829e-06	4.98623
0.00152232	108.087	5.78829e-06	5.86228
0.0015339	88.942	5.78829e-06	4.90603
0.00154547	90.1417	5.78829e-06	5.5974
0.00155705	98.5369	5.78829e-06	9.00302
0.00156863	81.7427	5.78829e-06	8.65132
0.0015802	74.2122	5.78829e-06	4.51965
0.00159178	77.2389	5.78829e-06	5.2569
0.00160336	68.4159	5.78829e-06	5.25381
0.00161493	54.7739	5.78829e-06	4.3293
0.00162651	57.2854	5.78829e-06	3.6872
0.00163809	49.7928	5.78829e-06	3.44089
0.00164966	46.3698	5.78829e-06	3.46433
0.00166124	44.1995	5.78829e-06	3.62114
0.00167282	35.5335	5.78829e-06	2.96418
0.00168439	41.8578	5.78829e-06	3.95338
0.00169597	31.2665	5.78829e-06	2.33643
0.00170755	30.2059	5.78829e-06	2.42559
0.00171912	26.1507	5.78829e-06	2.03791
0.0017307	23.7239	5.78829e-06	1.77742
0.00174228	21.6659	5.78829e-06	1.84347
0.00175385	21.7382	5.78829e-06	1.87806
0.00176543	18.1671	5.78829e-06	1.65876
0.001777	18.1882	5.78829e-06	1.69585
0.00178858	18.3161	5.78829e-06	1.66059
0.00180016	15.3654	5.78829e-06	1.59759
0.00181173	14.1631	5.78829e-06	1.4469
0.00182331	12.2043	5.78829e-06	1.19306
0.00183489	12.1037	5.78829e-06	1.30223
0.00184646	8.15692	5.78829e-06	0.882189
0.00185804	8.46521	5.78829e-06	1.16698
0.00186962	8.74342	5.78829e-06	1.02127
0.00188119	6.50653	5.78829e-06	0.731969
0.00189277	6.69833	5.78829e-06	0.818652
0.00190435	5.6881	5.78829e-06	0.709646
0.00191592	5.46955	5.78829e-06	0.648993
0.0019275	5.12969	5.78829e-06	0.663153
0.00193908	3.62346	5.78829e-06	0.55627
0.00195065	3.155	5.78829e-06	0.490633
0.00196223	3.29837	5.78829e-06	0.536059
0.00197381	2.98739	5.78829e-06	0.596723
0.00198538	1.87736	5.78829e-06	0.392459
0.00199696	2.78671	5.78829e-06	0.466195
0.00200854	1.52257	5.78829e-06	0.405534
0.00202011	1.71092	5.78829e-06	0.355457
0.00203169	1.12342	5.78829e-06	0.270501
0.00204327	0.913954	5.78829e-06	0.245763
0.00205484	1.08779	5.78829e-06	0.319394
0.00206642	0.75938	5.78829e-06	0.22601
0.002078	0.707284	5.78829e-06	0.203562
0.00208957	0.840309	5.78829e-06	0.233916
0.00210115	0.473074	5.78829e-06	0.178226
0.00211273	0.467412	5.78829e-06	0.159356
0.0021243	0.573176	5.78829e-06	0.192594
0.00213588	0.386412	5.78829e-06	0.14109
0.00214746	0.207474	5.78829e-06	0.134451
0.00215903	0.533311	5.78829e-06	0.184606
0.00217061	0.374998	5.78829e-06	0.160884
0.00218219	0.225854	5.78829e-06	0.14172
0.00219376	0.502304	5.78829e-06	0.229085
0.00220534	0.171541	5.78829e-06	0.100083
0.00221691	0.261689	5.78829e-06	0.135857
0.00222849	0.162835	5.78829e-06	0.094503
0.00224007	0.0688833	5.78829e-06	0.0688833
0.00225164	0	5.78829e-06	0
0.00226322	0.151658	5.78829e-06	0.0926819
0.0022748	0.345254	5.78829e-06	0.183116
0.00228637	0	5.78829e-06	0
0.00229795	0	5.78829e-06	0
0.00230953	0	5.78829e-06	0
0.0023211	0	5.78829e-06	0
0.00233268	0	5.78829e-06	0
0.00234426	0	5.78829e-06	0
0.00235583	0	5.78829e-06	0
0.00236741	0	5.78829e-06	0
0.00237899	0	5.78829e-06	0
0.00239056	0.0551771	5.78829e-06	0.0551771
