6.16081e-06	2.25021	6.16081e-06	0.540296
1.84824e-05	8.49896	6.16081e-06	0.837002
3.0804e-05	17.8062	6.16081e-06	1.27723
4.31256e-05	32.0311	6.16081e-06	1.76247
5.54472e-05	43.7232	6.16081e-06	1.99398
6.77689e-05	66.1777	6.16081e-06	3.84603
8.00905e-05	79.5711	6.16081e-06	3.06993
9.24121e-05	101.391	6.16081e-06	4.63407
0.000104734	132.581	6.16081e-06	4.97321
0.000117055	139.951	6.16081e-06	3.65362
0.000129377	170.82	6.16081e-06	4.27996
0.000141699	191.295	6.16081e-06	5.31149
0.00015402	231.752	6.16081e-06	5.91692
0.000166342	257.047	6.16081e-06	6.34244
0.000178663	287.926	6.16081e-06	6.80188
0.000190985	299.645	6.16081e-06	6.13611
0.000203307	344.272	6.16081e-06	6.77931
0.000215628	385.014	6.16081e-06	24.3466
0.00022795	399.614	6.16081e-06	6.81292
0.000240271	438.707	6.16081e-06	7.73605
0.000252593	468.157	6.16081e-06	9.03895
0.000264915	499.419	6.16081e-06	8.58159
0.000277236	519.43	6.16081e-06	8.90299
0.000289558	556.129	6.16081e-06	10.2071
0.000301879	595.2	6.16081e-06	10.7085
0.000314201	612.467	6.16081e-06	11.0098
0.000326523	689.112	6.16081e-06	35.0692
0.000338844	706.117	6.16081e-06	17.3943
0.000351166	722.764	6.16081e-06	11.4054
0.000363488	781.6	6.16081e-06	40.0781
0.000375809	781.087	6.16081e-06	12.893
0.000388131	766.011	6.16081e-06	12.1076
0.000400452	830.137	6.16081e-06	14.0207
0.000412774	873.637	6.16081e-06	21.1373
0.000425096	887.673	6.16081e-06	19.1276
0.000437417	873.253	6.16081e-06	12.8419
0.000449739	913.983	6.16081e-06	13.578
0.00046206	949.26	6.16081e-06	19.3769
0.000474382	947.736	6.16081e-06	13.1459
0.000486704	952.743	6.16081e-06	13.7874
0.000499025	1016.79	6.16081e-06	18.3146
0.000511347	1026.18	6.16081e-06	23.1204
0.000523668	1037.35	6.16081e-06	16.373
0.00053599	1015.6	6.16081e-06	15.7154
0.000548312	1132.78	6.16081e-06	71.3103
0.000560633	1037.38	6.16081e-06	30.217
0.000572955	1096.44	6.16081e-06	43.1857
0.000585277	1043.54	6.16081e-06	13.9089
0.000597598	1066.3	6.16081e-06	14.7649
0.00060992	1107.83	6.16081e-06	17.5675
0.000622241	1061.62	6.16081e-06	13.5902
0.000634563	1054.67	6.16081e-06	14.4661
0.000646885	1117.33	6.16081e-06	20.206
0.000659206	1081.67	6.16081e-06	15.3117
0.000671528	1052.65	6.16081e-06	13.813
0.000683849	1086.99	6.16081e-06	18.0401
0.000696171	1098.13	6.16081e-06	15.303
0.000708493	1045.12	6.16081e-06	14.3278
0.000720814	1082.47	6.16081e-06	16.451
0.000733136	1084.03	6.16081e-06	15.7185
0.000745457	1061.76	6.16081e-06	16.9336
0.000757779	1111.01	6.16081e-06	29.6179
0.000770101	1082.87	6.16081e-06	27.0053
0.000782422	1032.02	6.16081e-06	17.8751
0.000794744	1040.74	6.16081e-06	18.3458
0.000807065	1039.73	6.16081e-06	18.1313
0.000819387	1004.01	6.16081e-06	15.1413
0.000831709	1050.13	6.16081e-06	19.857
0.00084403	1012.68	6.16081e-06	21.8736
0.000856352	1006.36	6.16081e-06	17.047
0.000868674	977.496	6.16081e-06	15.4081
0.000880995	982.46	6.16081e-06	16.0923
0.000893317	943.832	6.16081e-06	18.0226
0.000905638	928.18	6.16081e-06	18.7724
0.00091796	870.779	6.16081e-06	15.1569
0.000930282	854.404	6.16081e-06	13.8794
0.000942603	875.006	6.16081e-06	16.4199
0.000954925	904.154	6.16081e-06	29.6339
0.000967246	860.832	6.16081e-06	16.4912
0.000979568	883.363	6.16081e-06	23.4639
0.00099189	792.611	6.16081e-06	13.3209
0.00100421	800.704	6.16081e-06	15.2204
0.00101653	774.045	6.16081e-06	17.3943
0.00102885	751.543	6.16081e-06	14.3737
0.00104118	710.152	6.16081e-06	14.9613
0.0010535	705.305	6.16081e-06	18.1548
0.00106582	692.411	6.16081e-06	15.3363
0.00107814	691.268	6.16081e-06	23.4008
0.00109046	647.155	6.16081e-06	12.7219
0.00110278	620.17	6.16081e-06	14.573
0.00111511	632.776	6.16081e-06	12.9412
0.00112743	615.169	6.16081e-06	14.5675
0.00113975	575.734	6.16081e-06	17.6243
0.00115207	578.592	6.16081e-06	12.4119
0.00116439	565.74	6.16081e-06	13.9105
0.00117671	540.2	6.16081e-06	12.952
0.00118904	541.183	6.16081e-06	16.7957
0.00120136	492.763	6.16081e-06	12.1857
0.00121368	484.662	6.16081e-06	12.8798
0.001226	472.049	6.16081e-06	11.4109
0.00123832	446.045	6.16081e-06	13.2104
0.00125064	436.714	6.16081e-06	12.3824
0.00126297	425.929	6.16081e-06	13.4115
0.00127529	390.73	6.16081e-06	10.8443
0.00128761	391.509	6.16081e-06	14.121
0.00129993	372.714	6.16081e-06	13.3225
0.00131225	359.067	6.16081e-06	10.9302
0.00132457	315.32	6.16081e-06	9.13035
0.00133689	336.766	6.16081e-06	13.118
0.00134922	312.631	6.16081e-06	10.6293
0.00136154	279.365	6.16081e-06	8.6113
0.00137386	276.414	6.16081e-06	9.89084
0.00138618	267.034	6.16081e-06	8.18927
0.0013985	258.893	6.16081e-06	8.64177
0.00141082	232.075	6.16081e-06	8.3059
0.00142315	245.309	6.16081e-06	10.8289
0.00143547	211.506	6.16081e-06	9.12203
0.00144779	229.944	6.16081e-06	9.0585
0.00146011	224.848	6.16081e-06	12.228
0.00147243	209.238	6.16081e-06	7.56282
0.00148475	180.241	6.16081e-06	6.73581
0.00149708	165.16	6.16081e-06	6.08136
0.0015094	171.026	6.16081e-06	9.63062
0.00152172	160.169	6.16081e-06	12.4856
0.00153404	136.883	6.16081e-06	6.77793
0.00154636	134.212	6.16081e-06	5.84703
0.00155868	129.927	6.16081e-06	8.16763
0.00157101	117.993	6.16081e-06	6.10049
0.00158333	114.784	6.16081e-06	5.52173
0.00159565	120.498	6.16081e-06	7.51192
0.00160797	105.279	6.16081e-06	5.34443
0.00162029	105.835	6.16081e-06	5.93169
0.00163261	89.3122	6.16081e-06	5.00906
0.00164494	89.8362	6.16081e-06	4.76845
0.00165726	69.9631	6.16081e-06	3.76699
0.00166958	79.233	6.16081e-06	5.41266
0.0016819	67.7789	6.16081e-06	5.17275
0.00169422	65.8139	6.16081e-06	4.40174
0.00170654	52.2037	6.16081e-06	3.17256
0.00171886	46.7369	6.16081e-06	3.03159
0.00173119	52.8878	6.16081e-06	4.03076
0.00174351	50.959	6.16081e-06	4.2324
0.00175583	51.1554	6.16081e-06	4.4866
0.00176815	41.9049	6.16081e-06	3.05707
0.00178047	43.6237	6.16081e-06	4.74729
0.00179279	34.0767	6.16081e-06	3.0363
0.00180512	32.6624	6.16081e-06	2.79494
0.00181744	29.7659	6.16081e-06	2.83889
0.00182976	32.0024	6.16081e-06	4.1667
0.00184208	30.1326	6.16081e-06	3.40595
0.0018544	17.6514	6.16081e-06	1.5581
0.00186672	20.3462	6.16081e-06	1.95074
0.00187905	19.8024	6.16081e-06	1.72358
0.00189137	15.596	6.16081e-06	2.05478
0.00190369	17.8067	6.16081e-06	2.36074
0.00191601	18.0616	6.16081e-06	2.28271
0.00192833	11.4546	6.16081e-06	1.43166
0.00194065	15.5542	6.16081e-06	3.72096
0.00195298	10.84	6.16081e-06	1.1635
0.0019653	8.945	6.16081e-06	1.10737
0.00197762	7.76527	6.16081e-06	0.88438
0.00198994	7.92225	6.16081e-06	1.36431
0.00200226	8.47155	6.16081e-06	1.05914
0.00201458	5.14941	6.16081e-06	0.970739
0.0020269	5.93864	6.16081e-06	0.868928
0.00203923	4.72557	6.16081e-06	0.690335
0.00205155	4.37516	6.16081e-06	0.698619
0.00206387	4.43515	6.16081e-06	0.721625
0.00207619	2.59254	6.16081e-06	0.468006
0.00208851	2.71158	6.16081e-06	0.548363
0.00210083	1.88374	6.16081e-06	0.43539
0.00211316	1.31202	6.16081e-06	0.329936
0.00212548	1.99659	6.16081e-06	0.431488
0.0021378	2.26145	6.16081e-06	0.425041
0.00215012	1.15139	6.16081e-06	0.318942
0.00216244	1.64381	6.16081e-06	0.367143
0.00217476	0.808278	6.16081e-06	0.246478
0.00218709	0.989584	6.16081e-06	0.273808
0.00219941	0.894344	6.16081e-06	0.264085
0.00221173	0.470512	6.16081e-06	0.172698
0.00222405	0.927352	6.16081e-06	0.289286
0.00223637	0.315029	6.16081e-06	0.135699
0.00224869	0.494067	6.16081e-06	0.202774
0.00226102	0.148309	6.16081e-06	0.0905857
0.00227334	0.478009	6.16081e-06	0.202199
0.00228566	0.112116	6.16081e-06	0.0834931
0.00229798	0.041297	6.16081e-06	0.041297
0.0023103	0.390428	6.16081e-06	0.215869
0.00232262	0.401121	6.16081e-06	0.213696
0.00233495	0.0414187	6.16081e-06	0.0414187
0.00234727	0.0448458	6.16081e-06	0.0448458
0.00235959	0	6.16081e-06	0
0.00237191	0	6.16081e-06	0
0.00238423	0.177085	6.16081e-06	0.129643
0.00239655	0	6.16081e-06	0
0.00240887	0	6.16081e-06	0
0.0024212	0	6.16081e-06	0
0.00243352	0	6.16081e-06	0
0.00244584	0	6.16081e-06	0
0.00245816	0.0740911	6.16081e-06	0.0524131
