7.37339e-06	0.496385	7.37339e-06	0.18461
2.21202e-05	1.8518	7.37339e-06	0.316388
3.68669e-05	5.05306	7.37339e-06	0.660696
5.16137e-05	8.6936	7.37339e-06	1.1039
6.63605e-05	11.9797	7.37339e-06	0.986905
8.11073e-05	16.6398	7.37339e-06	1.22839
9.5854e-05	21.7899	7.37339e-06	1.34175
0.000110601	28.7812	7.37339e-06	1.88372
0.000125348	37.5578	7.37339e-06	1.9389
0.000140094	42.5911	7.37339e-06	1.92104
0.000154841	53.3618	7.37339e-06	2.48804
0.000169588	65.5351	7.37339e-06	2.95597
0.000184335	73.6118	7.37339e-06	2.91112
0.000199081	82.334	7.37339e-06	3.1039
0.000213828	100.554	7.37339e-06	4.91701
0.000228575	110.481	7.37339e-06	4.03453
0.000243322	124.228	7.37339e-06	4.42306
0.000258069	149.205	7.37339e-06	7.70286
0.000272815	139.068	7.37339e-06	3.99891
0.000287562	164.216	7.37339e-06	5.23919
0.000302309	182.432	7.37339e-06	4.82496
0.000317056	193.593	7.37339e-06	4.77419
0.000331802	220.138	7.37339e-06	4.85272
0.000346549	221.549	7.37339e-06	4.66522
0.000361296	236.342	7.37339e-06	4.84037
0.000376043	258.048	7.37339e-06	5.95998
0.00039079	294.258	7.37339e-06	6.39328
0.000405536	302.902	7.37339e-06	6.6275
0.000420283	322.047	7.37339e-06	7.82357
0.00043503	333.504	7.37339e-06	6.05694
0.000449777	362.068	7.37339e-06	7.1837
0.000464523	397.5	7.37339e-06	10.978
0.00047927	401.169	7.37339e-06	8.04881
0.000494017	427.841	7.37339e-06	8.06624
0.000508764	436.535	7.37339e-06	7.79334
0.00052351	458.968	7.37339e-06	8.34212
0.000538257	493.974	7.37339e-06	9.78969
0.000553004	497.642	7.37339e-06	7.9675
0.000567751	514.037	7.37339e-06	8.09809
0.000582498	536.387	7.37339e-06	8.75959
0.000597244	555.796	7.37339e-06	10.0985
0.000611991	590.967	7.37339e-06	9.76826
0.000626738	611.001	7.37339e-06	9.09131
0.000641485	639.595	7.37339e-06	16.66
0.000656231	662.509	7.37339e-06	14.8456
0.000670978	684.734	7.37339e-06	17.5677
0.000685725	684.47	7.37339e-06	11.2606
0.000700472	710.835	7.37339e-06	18.2721
0.000715219	711.031	7.37339e-06	16.518
0.000729965	731.552	7.37339e-06	9.82881
0.000744712	745.899	7.37339e-06	10.8272
0.000759459	1037.91	7.37339e-06	164.272
0.000774206	811.072	7.37339e-06	18.4672
0.000788952	775.181	7.37339e-06	10.3549
0.000803699	813.994	7.37339e-06	14.6959
0.000818446	828.312	7.37339e-06	12.7956
0.000833193	821.047	7.37339e-06	10.4452
0.00084794	836.01	7.37339e-06	11.1013
0.000862686	849.973	7.37339e-06	11.0933
0.000877433	860.63	7.37339e-06	11.8498
0.00089218	857.315	7.37339e-06	11.5737
0.000906927	881.377	7.37339e-06	13.4009
0.000921673	872.324	7.37339e-06	11.9153
0.00093642	893.426	7.37339e-06	14.2675
0.000951167	891.755	7.37339e-06	12.9583
0.000965914	890.151	7.37339e-06	10.9133
0.00098066	889.296	7.37339e-06	11.7763
0.000995407	890.074	7.37339e-06	13.4797
0.00101015	947.311	7.37339e-06	15.5194
0.0010249	924.996	7.37339e-06	18.1557
0.00103965	899.716	7.37339e-06	12.1636
0.00105439	920.004	7.37339e-06	13.8339
0.00106914	884.606	7.37339e-06	11.4695
0.00108389	869.662	7.37339e-06	11.4268
0.00109863	878.957	7.37339e-06	12.4386
0.00111338	843.224	7.37339e-06	10.7823
0.00112813	869.238	7.37339e-06	11.6432
0.00114287	860.754	7.37339e-06	12.7136
0.00115762	879.814	7.37339e-06	14.4908
0.00117237	870.851	7.37339e-06	18.7495
0.00118712	816.247	7.37339e-06	11.675
0.00120186	818.181	7.37339e-06	10.8695
0.00121661	843.423	7.37339e-06	19.4417
0.00123136	828.389	7.37339e-06	19.6595
0.0012461	811.944	7.37339e-06	11.6433
0.00126085	778.054	7.37339e-06	11.9775
0.0012756	786.905	7.37339e-06	12.1272
0.00129034	779.124	7.37339e-06	16.4627
0.00130509	779.196	7.37339e-06	13.3513
0.00131984	740.17	7.37339e-06	13.2983
0.00133458	721.648	7.37339e-06	11.6673
0.00134933	723.369	7.37339e-06	14.9478
0.00136408	680.442	7.37339e-06	11.085
0.00137882	654.372	7.37339e-06	10.5304
0.00139357	637.295	7.37339e-06	10.7676
0.00140832	639.12	7.37339e-06	11.0553
0.00142306	799.587	7.37339e-06	118.208
0.00143781	630.454	7.37339e-06	13.1952
0.00145256	583.455	7.37339e-06	9.87145
0.0014673	543.834	7.37339e-06	9.77486
0.00148205	556.887	7.37339e-06	10.7717
0.0014968	531.233	7.37339e-06	10.3743
0.00151154	513.893	7.37339e-06	11.1054
0.00152629	558.438	7.37339e-06	26.7579
0.00154104	490.196	7.37339e-06	9.34863
0.00155578	468.298	7.37339e-06	12.1273
0.00157053	442.093	7.37339e-06	10.1044
0.00158528	456.836	7.37339e-06	10.0931
0.00160002	454.057	7.37339e-06	13.5735
0.00161477	420.61	7.37339e-06	9.45407
0.00162952	381.561	7.37339e-06	8.46785
0.00164427	353.099	7.37339e-06	7.2465
0.00165901	352.41	7.37339e-06	8.4878
0.00167376	343.099	7.37339e-06	8.28761
0.00168851	339.256	7.37339e-06	10.5015
0.00170325	302.212	7.37339e-06	6.95558
0.001718	305.465	7.37339e-06	7.38636
0.00173275	289.689	7.37339e-06	7.71781
0.00174749	268.03	7.37339e-06	6.54619
0.00176224	251.181	7.37339e-06	7.23888
0.00177699	238.354	7.37339e-06	6.05899
0.00179173	239.121	7.37339e-06	10.185
0.00180648	228.633	7.37339e-06	7.33628
0.00182123	270.274	7.37339e-06	38.5092
0.00183597	195.004	7.37339e-06	5.98194
0.00185072	191.742	7.37339e-06	5.6007
0.00186547	183.491	7.37339e-06	5.63744
0.00188021	169.493	7.37339e-06	5.59655
0.00189496	171.323	7.37339e-06	7.01781
0.00190971	159.651	7.37339e-06	7.00925
0.00192445	150.195	7.37339e-06	5.5462
0.0019392	132.563	7.37339e-06	4.57823
0.00195395	154.584	7.37339e-06	15.6969
0.00196869	115.607	7.37339e-06	4.18226
0.00198344	104.746	7.37339e-06	4.59312
0.00199819	107.91	7.37339e-06	5.29408
0.00201293	96.8981	7.37339e-06	4.0663
0.00202768	99.1747	7.37339e-06	4.17539
0.00204243	86.9063	7.37339e-06	3.81183
0.00205717	84.452	7.37339e-06	4.53513
0.00207192	83.2058	7.37339e-06	5.1448
0.00208667	74.0771	7.37339e-06	5.53449
0.00210142	69.6534	7.37339e-06	3.58685
0.00211616	65.0742	7.37339e-06	3.46082
0.00213091	53.7671	7.37339e-06	2.84363
0.00214566	54.8909	7.37339e-06	3.6311
0.0021604	55.2217	7.37339e-06	3.64605
0.00217515	51.5084	7.37339e-06	4.55522
0.0021899	46.4706	7.37339e-06	3.67225
0.00220464	35.5739	7.37339e-06	2.23967
0.00221939	40.8959	7.37339e-06	3.14426
0.00223414	34.4429	7.37339e-06	2.86145
0.00224888	29.1049	7.37339e-06	2.38874
0.00226363	29.1029	7.37339e-06	3.4496
0.00227838	29.6499	7.37339e-06	3.41754
0.00229312	24.1909	7.37339e-06	2.08327
0.00230787	24.2733	7.37339e-06	2.40423
0.00232262	21.5857	7.37339e-06	2.35874
0.00233736	15.9519	7.37339e-06	1.71687
0.00235211	18.6597	7.37339e-06	2.45778
0.00236686	16.3792	7.37339e-06	1.88087
0.0023816	9.9195	7.37339e-06	1.30396
0.00239635	15.3423	7.37339e-06	2.64567
0.0024111	10.282	7.37339e-06	1.65677
0.00242584	6.78129	7.37339e-06	1.03175
0.00244059	6.72847	7.37339e-06	1.0132
0.00245534	7.79779	7.37339e-06	1.57273
0.00247008	5.80903	7.37339e-06	1.24563
0.00248483	5.26246	7.37339e-06	1.13642
0.00249958	2.94398	7.37339e-06	0.756178
0.00251432	2.41858	7.37339e-06	0.5793
0.00252907	2.48562	7.37339e-06	0.845081
0.00254382	0.79232	7.37339e-06	0.331568
0.00255857	0.552886	7.37339e-06	0.283331
0.00257331	0.444886	7.37339e-06	0.259807
