7.19995e-06	0.208658	7.19995e-06	0.104723
2.15998e-05	1.66889	7.19995e-06	0.427874
3.59997e-05	2.95909	7.19995e-06	0.569907
5.03996e-05	3.79706	7.19995e-06	0.541165
6.47995e-05	10.0317	7.19995e-06	2.06724
7.91994e-05	10.998	7.19995e-06	1.07183
9.35993e-05	16.6691	7.19995e-06	1.72482
0.000107999	16.9879	7.19995e-06	1.49984
0.000122399	24.8386	7.19995e-06	1.96546
0.000136799	30.1732	7.19995e-06	1.91591
0.000151199	35.8501	7.19995e-06	2.45455
0.000165599	43.7457	7.19995e-06	3.41957
0.000179999	59.5553	7.19995e-06	6.63183
0.000194399	59.3312	7.19995e-06	2.76376
0.000208798	65.6162	7.19995e-06	2.77832
0.000223198	82.8318	7.19995e-06	3.21829
0.000237598	92.934	7.19995e-06	3.53007
0.000251998	104.252	7.19995e-06	3.78924
0.000266398	118.916	7.19995e-06	4.3602
0.000280798	118.278	7.19995e-06	3.74852
0.000295198	133.986	7.19995e-06	4.19964
0.000309598	160.654	7.19995e-06	6.62439
0.000323998	169.386	7.19995e-06	5.19271
0.000338398	183.098	7.19995e-06	4.89667
0.000352797	195.662	7.19995e-06	5.08697
0.000367197	212.845	7.19995e-06	4.92114
0.000381597	232.02	7.19995e-06	5.84944
0.000395997	255.805	7.19995e-06	6.35643
0.000410397	267.166	7.19995e-06	6.98022
0.000424797	299.38	7.19995e-06	6.58754
0.000439197	308.165	7.19995e-06	6.61932
0.000453597	331.105	7.19995e-06	6.41551
0.000467997	361.875	7.19995e-06	7.51546
0.000482396	375.601	7.19995e-06	8.4945
0.000496796	374.958	7.19995e-06	6.68081
0.000511196	421.182	7.19995e-06	9.05663
0.000525596	417.827	7.19995e-06	6.71366
0.000539996	447.916	7.19995e-06	7.47488
0.000554396	470.853	7.19995e-06	7.93551
0.000568796	509.68	7.19995e-06	8.35276
0.000583196	502.625	7.19995e-06	7.9237
0.000597596	544.951	7.19995e-06	12.3746
0.000611996	572.823	7.19995e-06	10.0582
0.000626395	572.784	7.19995e-06	8.11593
0.000640795	605.496	7.19995e-06	8.92693
0.000655195	623.574	7.19995e-06	9.05238
0.000669595	644.374	7.19995e-06	8.64901
0.000683995	651.785	7.19995e-06	8.83123
0.000698395	674.745	7.19995e-06	8.9243
0.000712795	717.5	7.19995e-06	9.76352
0.000727195	724.683	7.19995e-06	10.2744
0.000741595	743.198	7.19995e-06	10.9641
0.000755994	763.093	7.19995e-06	10.1672
0.000770394	770.747	7.19995e-06	9.40499
0.000784794	795.489	7.19995e-06	10.692
0.000799194	790.259	7.19995e-06	11.526
0.000813594	827.543	7.19995e-06	15.2241
0.000827994	841.571	7.19995e-06	10.2612
0.000842394	842.261	7.19995e-06	9.4916
0.000856794	857.789	7.19995e-06	10.7107
0.000871194	877.832	7.19995e-06	13.4027
0.000885594	867.194	7.19995e-06	9.88664
0.000899993	891.257	7.19995e-06	10.1986
0.000914393	893.623	7.19995e-06	10.8298
0.000928793	889.8	7.19995e-06	10.4862
0.000943193	932.148	7.19995e-06	11.2472
0.000957593	902.187	7.19995e-06	9.61844
0.000971993	909.206	7.19995e-06	9.53549
0.000986393	925.225	7.19995e-06	9.78696
0.00100079	933.241	7.19995e-06	10.2827
0.00101519	932.578	7.19995e-06	10.4448
0.00102959	935.876	7.19995e-06	9.8834
0.00104399	937.261	7.19995e-06	9.95941
0.00105839	933.569	7.19995e-06	9.68469
0.00107279	940.547	7.19995e-06	10.4685
0.00108719	982.919	7.19995e-06	26.0778
0.00110159	934.922	7.19995e-06	10.095
0.00111599	926.531	7.19995e-06	9.78981
0.00113039	923.119	7.19995e-06	11.4197
0.00114479	915.799	7.19995e-06	9.86
0.00115919	896.822	7.19995e-06	9.78131
0.00117359	897.871	7.19995e-06	12.7221
0.00118799	877.791	7.19995e-06	9.47298
0.00120239	870.851	7.19995e-06	9.43453
0.00121679	874.785	7.19995e-06	9.84738
0.00123119	848.344	7.19995e-06	9.00971
0.00124559	849.561	7.19995e-06	10.4649
0.00125999	834.07	7.19995e-06	8.7337
0.00127439	807.177	7.19995e-06	9.03209
0.00128879	791.823	7.19995e-06	8.5532
0.00130319	787.535	7.19995e-06	8.754
0.00131759	749.376	7.19995e-06	8.38901
0.00133199	760.599	7.19995e-06	8.68063
0.00134639	732.976	7.19995e-06	8.88837
0.00136079	722.281	7.19995e-06	8.24794
0.00137519	706.173	7.19995e-06	10.0646
0.00138959	691.293	7.19995e-06	8.50467
0.00140399	672.023	7.19995e-06	8.00055
0.00141839	657.209	7.19995e-06	7.75827
0.00143279	635.344	7.19995e-06	7.76095
0.00144719	623.026	7.19995e-06	7.70393
0.00146159	602.031	7.19995e-06	7.62613
0.00147599	602.355	7.19995e-06	10.4665
0.00149039	576.702	7.19995e-06	7.53739
0.00150479	542.326	7.19995e-06	7.03358
0.00151919	533.979	7.19995e-06	7.00788
0.00153359	520.427	7.19995e-06	6.97967
0.00154799	492.301	7.19995e-06	7.3718
0.00156239	489.123	7.19995e-06	6.92017
0.00157679	470.997	7.19995e-06	7.25641
0.00159119	447.418	7.19995e-06	6.49375
0.00160559	445.125	7.19995e-06	7.33512
0.00161999	415.228	7.19995e-06	6.24177
0.00163439	405.159	7.19995e-06	6.32785
0.00164879	391.18	7.19995e-06	5.95241
0.00166319	362.28	7.19995e-06	5.62064
0.00167759	358.147	7.19995e-06	5.55643
0.00169199	347.32	7.19995e-06	5.87763
0.00170639	324.898	7.19995e-06	5.30454
0.00172079	317.107	7.19995e-06	5.18575
0.00173519	306.962	7.19995e-06	6.27414
0.00174959	293.46	7.19995e-06	5.2185
0.00176399	268.391	7.19995e-06	4.77466
0.00177839	266.116	7.19995e-06	4.68968
0.00179279	242.29	7.19995e-06	4.63447
0.00180719	234.637	7.19995e-06	4.52667
0.00182159	214.478	7.19995e-06	4.22744
0.00183599	217.396	7.19995e-06	4.37034
0.00185039	197.949	7.19995e-06	4.27017
0.00186479	184.496	7.19995e-06	3.75552
0.00187919	181.15	7.19995e-06	3.82859
0.00189359	170.034	7.19995e-06	3.80384
0.00190799	165.262	7.19995e-06	3.90491
0.00192239	151.175	7.19995e-06	3.74898
0.00193679	149.063	7.19995e-06	3.66676
0.00195119	133.466	7.19995e-06	3.20362
0.00196559	121.636	7.19995e-06	3.08113
0.00197999	123.123	7.19995e-06	3.28093
0.00199439	118.388	7.19995e-06	3.27446
0.00200879	100.133	7.19995e-06	2.97639
0.00202319	98.3036	7.19995e-06	2.75418
0.00203759	88.7779	7.19995e-06	2.60703
0.00205198	85.5334	7.19995e-06	2.65268
0.00206638	75.0947	7.19995e-06	2.47948
0.00208078	72.2677	7.19995e-06	2.39109
0.00209518	71.2322	7.19995e-06	2.33047
0.00210958	62.5074	7.19995e-06	2.14219
0.00212398	58.8387	7.19995e-06	2.00349
0.00213838	58.7268	7.19995e-06	2.24282
0.00215278	53.1341	7.19995e-06	2.07805
0.00216718	46.3525	7.19995e-06	1.98669
0.00218158	41.7847	7.19995e-06	1.74617
0.00219598	40.5008	7.19995e-06	1.74756
0.00221038	36.7789	7.19995e-06	1.55807
0.00222478	32.0286	7.19995e-06	1.50359
0.00223918	31.3366	7.19995e-06	2.66175
0.00225358	28.5782	7.19995e-06	1.45941
0.00226798	25.231	7.19995e-06	1.31948
0.00228238	23.3847	7.19995e-06	1.34229
0.00229678	21.8886	7.19995e-06	1.23067
0.00231118	19.6567	7.19995e-06	1.14999
0.00232558	16.5836	7.19995e-06	1.1208
0.00233998	15.7674	7.19995e-06	0.977215
0.00235438	13.8047	7.19995e-06	0.972293
0.00236878	11.6397	7.19995e-06	0.96389
0.00238318	11.856	7.19995e-06	0.94251
0.00239758	8.73092	7.19995e-06	0.696136
0.00241198	8.13707	7.19995e-06	0.693024
0.00242638	6.73065	7.19995e-06	0.710069
0.00244078	7.4799	7.19995e-06	0.89438
0.00245518	5.29861	7.19995e-06	0.586073
0.00246958	4.78812	7.19995e-06	0.516971
0.00248398	3.17463	7.19995e-06	0.454858
0.00249838	2.752	7.19995e-06	0.376646
0.00251278	1.73429	7.19995e-06	0.304014
0.00252718	0.860565	7.19995e-06	0.197462
0.00254158	0.939884	7.19995e-06	0.211464
0.00255598	0.675388	7.19995e-06	0.174396
0.00257038	0.493766	7.19995e-06	0.148881
