0	1344.44	7.03034e-06	5.66649
1.40607e-05	1344.21	7.03034e-06	5.64595
2.81213e-05	1343.19	7.03034e-06	5.60011
4.2182e-05	1340.44	7.03034e-06	5.47428
5.62427e-05	1337.13	7.03034e-06	5.38558
7.03034e-05	1333.61	7.03034e-06	5.32251
8.4364e-05	1328.75	7.03034e-06	5.23714
9.84247e-05	1322.82	7.03034e-06	5.14601
0.000112485	1316.39	7.03034e-06	5.05609
0.000126546	1309.21	7.03034e-06	4.97502
0.000140607	1301.1	7.03034e-06	4.88257
0.000154667	1291.94	7.03034e-06	4.78791
0.000168728	1283.14	7.03034e-06	4.71896
0.000182789	1272.85	7.03034e-06	4.63577
0.000196849	1262.43	7.03034e-06	4.55941
0.00021091	1251.24	7.03034e-06	4.48156
0.000224971	1239.38	7.03034e-06	4.39413
0.000239031	1227.28	7.03034e-06	4.32109
0.000253092	1214.55	7.03034e-06	4.24557
0.000267153	1201.23	7.03034e-06	4.17031
0.000281213	1187.37	7.03034e-06	4.09634
0.000295274	1172.18	7.03034e-06	4.00093
0.000309335	1156.84	7.03034e-06	3.91439
0.000323395	1141.55	7.03034e-06	3.83881
0.000337456	1126.39	7.03034e-06	3.77052
0.000351517	1110.17	7.03034e-06	3.69087
0.000365577	1093.67	7.03034e-06	3.61039
0.000379638	1077.19	7.03034e-06	3.54194
0.000393699	1060.91	7.03034e-06	3.47863
0.000407759	1044.67	7.03034e-06	3.42063
0.00042182	1027.67	7.03034e-06	3.35894
0.000435881	1010.38	7.03034e-06	3.29741
0.000449942	992.94	7.03034e-06	3.23677
0.000464002	975.588	7.03034e-06	3.18121
0.000478063	957.713	7.03034e-06	3.11727
0.000492124	939.918	7.03034e-06	3.05614
0.000506184	922.004	7.03034e-06	3.00017
0.000520245	903.639	7.03034e-06	2.92899
0.000534306	885.174	7.03034e-06	2.8724
0.000548366	866.494	7.03034e-06	2.81362
0.000562427	848.623	7.03034e-06	2.76361
0.000576488	830.113	7.03034e-06	2.71071
0.000590548	811.864	7.03034e-06	2.66044
0.000604609	793.704	7.03034e-06	2.60663
0.00061867	775.809	7.03034e-06	2.5616
0.00063273	757.889	7.03034e-06	2.51184
0.000646791	739.311	7.03034e-06	2.46196
0.000660852	721.333	7.03034e-06	2.41859
0.000674912	703.223	7.03034e-06	2.37506
0.000688973	685.178	7.03034e-06	2.3241
0.000703034	667.901	7.03034e-06	2.28345
0.000717094	650.442	7.03034e-06	2.24024
0.000731155	632.426	7.03034e-06	2.18564
0.000745216	614.57	7.03034e-06	2.13361
0.000759276	597.371	7.03034e-06	2.09273
0.000773337	580.197	7.03034e-06	2.04663
0.000787398	563.219	7.03034e-06	2.00449
0.000801458	544.685	7.03034e-06	1.87786
0.000815519	528.781	7.03034e-06	1.84279
0.00082958	512.332	7.03034e-06	1.80114
0.00084364	495.544	7.03034e-06	1.70842
0.000857701	479.791	7.03034e-06	1.6678
0.000871762	464.615	7.03034e-06	1.63541
0.000885822	449.635	7.03034e-06	1.59821
0.000899883	434.457	7.03034e-06	1.56358
0.000913944	419.778	7.03034e-06	1.51831
0.000928004	405.205	7.03034e-06	1.4788
0.000942065	391.204	7.03034e-06	1.4485
0.000956126	377.332	7.03034e-06	1.41789
0.000970186	363.589	7.03034e-06	1.38648
0.000984247	350.635	7.03034e-06	1.36029
0.000998308	337.652	7.03034e-06	1.33022
0.00101237	324.893	7.03034e-06	1.29908
0.00102643	312.489	7.03034e-06	1.26518
0.00104049	300.194	7.03034e-06	1.23625
0.00105455	288.209	7.03034e-06	1.20145
0.00106861	276.868	7.03034e-06	1.17983
0.00108267	265.968	7.03034e-06	1.15612
0.00109673	255.188	7.03034e-06	1.13291
0.00111079	244.776	7.03034e-06	1.10978
0.00112485	234.528	7.03034e-06	1.06795
0.00113891	224.755	7.03034e-06	1.04573
0.00115298	215.332	7.03034e-06	1.02534
0.00116704	206.056	7.03034e-06	1.00568
0.0011811	197.042	7.03034e-06	0.983257
0.00119516	188.492	7.03034e-06	0.96693
0.00120922	179.863	7.03034e-06	0.941784
0.00122328	171.518	7.03034e-06	0.918987
0.00123734	163.968	7.03034e-06	0.905206
0.0012514	155.972	7.03034e-06	0.886331
0.00126546	148.487	7.03034e-06	0.866797
0.00127952	141.821	7.03034e-06	0.85527
0.00129358	134.87	7.03034e-06	0.829158
0.00130764	127.81	7.03034e-06	0.78394
0.0013217	121.393	7.03034e-06	0.767925
0.00133576	115.055	7.03034e-06	0.749338
0.00134982	108.988	7.03034e-06	0.714595
0.00136389	103.382	7.03034e-06	0.697329
0.00137795	97.7945	7.03034e-06	0.675401
0.00139201	92.7403	7.03034e-06	0.662935
0.00140607	87.971	7.03034e-06	0.653428
0.00142013	82.9761	7.03034e-06	0.597413
0.00143419	78.5288	7.03034e-06	0.586541
0.00144825	74.2393	7.03034e-06	0.574097
0.00146231	70.0606	7.03034e-06	0.563562
0.00147637	66.2465	7.03034e-06	0.554164
0.00149043	62.2247	7.03034e-06	0.538296
0.00150449	58.454	7.03034e-06	0.514518
0.00151855	54.6461	7.03034e-06	0.470362
0.00153261	51.4101	7.03034e-06	0.461581
0.00154667	48.0394	7.03034e-06	0.438842
0.00156073	45.103	7.03034e-06	0.428903
0.0015748	42.0503	7.03034e-06	0.397421
0.00158886	39.4243	7.03034e-06	0.384798
0.00160292	37.0602	7.03034e-06	0.378357
0.00161698	34.5798	7.03034e-06	0.344436
0.00163104	32.3925	7.03034e-06	0.338707
0.0016451	30.1099	7.03034e-06	0.318935
0.00165916	28.086	7.03034e-06	0.311781
0.00167322	26.1382	7.03034e-06	0.290398
0.00168728	24.381	7.03034e-06	0.283123
0.00170134	22.6507	7.03034e-06	0.2703
0.0017154	21.1414	7.03034e-06	0.264316
0.00172946	19.6675	7.03034e-06	0.257004
0.00174352	18.1633	7.03034e-06	0.249048
0.00175758	16.8916	7.03034e-06	0.230765
0.00177164	15.3623	7.03034e-06	0.180766
0.00178571	14.217	7.03034e-06	0.173318
0.00179977	13.1299	7.03034e-06	0.165364
0.00181383	12.122	7.03034e-06	0.158699
0.00182789	11.1472	7.03034e-06	0.151446
0.00184195	10.3404	7.03034e-06	0.147298
0.00185601	9.5166	7.03034e-06	0.143319
0.00187007	8.76375	7.03034e-06	0.137757
0.00188413	8.0222	7.03034e-06	0.129253
0.00189819	7.32103	7.03034e-06	0.1232
0.00191225	6.68333	7.03034e-06	0.116222
0.00192631	6.08465	7.03034e-06	0.11002
0.00194037	5.57663	7.03034e-06	0.104994
0.00195443	5.04057	7.03034e-06	0.0996879
0.00196849	4.58179	7.03034e-06	0.092401
0.00198255	4.23334	7.03034e-06	0.0897344
0.00199662	3.86458	7.03034e-06	0.0854931
0.00201068	3.43325	7.03034e-06	0.0792762
0.00202474	3.11846	7.03034e-06	0.076619
0.0020388	2.78384	7.03034e-06	0.0719764
0.00205286	2.51634	7.03034e-06	0.0680474
0.00206692	2.25952	7.03034e-06	0.0652491
0.00208098	1.99652	7.03034e-06	0.059782
0.00209504	1.77298	7.03034e-06	0.0554239
0.0021091	1.59298	7.03034e-06	0.053252
0.00212316	1.39449	7.03034e-06	0.0494101
0.00213722	1.24005	7.03034e-06	0.046729
0.00215128	1.07356	7.03034e-06	0.0425214
0.00216534	0.944736	7.03034e-06	0.040233
0.0021794	0.841441	7.03034e-06	0.0386634
0.00219346	0.735607	7.03034e-06	0.0368016
0.00220753	0.620436	7.03034e-06	0.0330333
0.00222159	0.521903	7.03034e-06	0.0296842
0.00223565	0.432561	7.03034e-06	0.0263274
0.00224971	0.36826	7.03034e-06	0.0238205
0.00226377	0.326414	7.03034e-06	0.0230385
0.00227783	0.270693	7.03034e-06	0.0210634
0.00229189	0.23198	7.03034e-06	0.0199778
0.00230595	0.182885	7.03034e-06	0.0138369
0.00232001	0.158217	7.03034e-06	0.0128677
0.00233407	0.117935	7.03034e-06	0.00983893
0.00234813	0.0913584	7.03034e-06	0.00826324
0.00236219	0.0743812	7.03034e-06	0.00751241
0.00237625	0.0539088	7.03034e-06	0.00585759
0.00239031	0.0424035	7.03034e-06	0.00491181
0.00240437	0.031698	7.03034e-06	0.00429889
0.00241844	0.0222141	7.03034e-06	0.00370568
0.0024325	0.0149164	7.03034e-06	0.00283795
0.00244656	0.00958202	7.03034e-06	0.00226764
0.00246062	0.00663533	7.03034e-06	0.00179564
0.00247468	0.00367292	7.03034e-06	0.00119374
0.00248874	0.00319969	7.03034e-06	0.00109593
0.0025028	0.00201552	7.03034e-06	0.000950986
0.00251686	0.00201552	7.03034e-06	0.000950986
0.00253092	0.000763205	7.03034e-06	0.000603962
