0	1710.85	5.92625e-06	8.47066
1.18525e-05	1709.75	5.92625e-06	8.16159
2.3705e-05	1707.54	5.92625e-06	8.01395
3.55575e-05	1703.96	5.92625e-06	7.87289
4.741e-05	1698.81	5.92625e-06	7.72447
5.92625e-05	1692	5.92625e-06	7.56025
7.1115e-05	1684.86	5.92625e-06	7.43913
8.29675e-05	1675.82	5.92625e-06	7.29626
9.482e-05	1665.08	5.92625e-06	7.12166
0.000106673	1654.48	5.92625e-06	7.00019
0.000118525	1641.92	5.92625e-06	6.85785
0.000130378	1628.09	5.92625e-06	6.71689
0.00014223	1612.96	5.92625e-06	6.54642
0.000154083	1597.12	5.92625e-06	6.40185
0.000165935	1581.25	5.92625e-06	6.27796
0.000177788	1563.69	5.92625e-06	6.12572
0.00018964	1546.48	5.92625e-06	6.01059
0.000201493	1528.11	5.92625e-06	5.88808
0.000213345	1509.32	5.92625e-06	5.77634
0.000225198	1488.97	5.92625e-06	5.65442
0.00023705	1468.5	5.92625e-06	5.54221
0.000248903	1447.04	5.92625e-06	5.42219
0.000260755	1425.74	5.92625e-06	5.31001
0.000272608	1403.78	5.92625e-06	5.20369
0.00028446	1381.51	5.92625e-06	5.09841
0.000296313	1359.1	5.92625e-06	5.00021
0.000308165	1335.75	5.92625e-06	4.89179
0.000320018	1312.03	5.92625e-06	4.78917
0.00033187	1287.92	5.92625e-06	4.68621
0.000343723	1263.51	5.92625e-06	4.58537
0.000355575	1239.2	5.92625e-06	4.48585
0.000367428	1213.3	5.92625e-06	4.37543
0.00037928	1188.67	5.92625e-06	4.28514
0.000391133	1163.87	5.92625e-06	4.19841
0.000402985	1138.9	5.92625e-06	4.11254
0.000414838	1113.47	5.92625e-06	4.00714
0.00042669	1088.25	5.92625e-06	3.91315
0.000438543	1062.57	5.92625e-06	3.82136
0.000450395	1037.51	5.92625e-06	3.73845
0.000462248	1012.19	5.92625e-06	3.63515
0.0004741	987.539	5.92625e-06	3.55879
0.000485953	963.165	5.92625e-06	3.48341
0.000497805	938.73	5.92625e-06	3.41534
0.000509658	914.379	5.92625e-06	3.34106
0.00052151	889.725	5.92625e-06	3.26536
0.000533363	866.038	5.92625e-06	3.19701
0.000545215	843.154	5.92625e-06	3.13874
0.000557068	820.297	5.92625e-06	3.08529
0.00056892	796.173	5.92625e-06	2.99078
0.000580773	772.841	5.92625e-06	2.91714
0.000592625	749.526	5.92625e-06	2.84271
0.000604478	728.161	5.92625e-06	2.7965
0.00061633	706.666	5.92625e-06	2.74589
0.000628183	684.705	5.92625e-06	2.6943
0.000640035	663.945	5.92625e-06	2.64921
0.000651888	643.353	5.92625e-06	2.60496
0.00066374	622.759	5.92625e-06	2.55158
0.000675593	602.469	5.92625e-06	2.50068
0.000687445	582.184	5.92625e-06	2.43777
0.000699298	562.121	5.92625e-06	2.38214
0.00071115	543.339	5.92625e-06	2.34436
0.000723003	524.996	5.92625e-06	2.30617
0.000734855	506.284	5.92625e-06	2.26698
0.000746708	487.861	5.92625e-06	2.08003
0.00075856	470.262	5.92625e-06	2.03741
0.000770413	453.055	5.92625e-06	1.99818
0.000782265	436.322	5.92625e-06	1.9647
0.000794118	419.182	5.92625e-06	1.90968
0.00080597	403.736	5.92625e-06	1.87909
0.000817823	388.512	5.92625e-06	1.85243
0.000829675	373.424	5.92625e-06	1.80697
0.000841528	358.705	5.92625e-06	1.77309
0.00085338	345.389	5.92625e-06	1.75252
0.000865233	331.639	5.92625e-06	1.72906
0.000877085	318.031	5.92625e-06	1.69005
0.000888938	305.009	5.92625e-06	1.66789
0.00090079	292.413	5.92625e-06	1.64112
0.000912643	280.189	5.92625e-06	1.61896
0.000924495	268.396	5.92625e-06	1.59974
0.000936348	256.918	5.92625e-06	1.578
0.0009482	245.52	5.92625e-06	1.55053
0.000960053	234.956	5.92625e-06	1.53363
0.000971905	224.492	5.92625e-06	1.51612
0.000983758	214.545	5.92625e-06	1.50179
0.00099561	204.477	5.92625e-06	1.48315
0.00100746	194.604	5.92625e-06	1.46336
0.00101932	185.336	5.92625e-06	1.40769
0.00103117	176.375	5.92625e-06	1.3866
0.00104302	167.606	5.92625e-06	1.36419
0.00105487	159.495	5.92625e-06	1.3486
0.00106673	151.145	5.92625e-06	1.32513
0.00107858	143.69	5.92625e-06	1.31383
0.00109043	136.624	5.92625e-06	1.30449
0.00110228	129.749	5.92625e-06	1.29451
0.00111414	123.225	5.92625e-06	1.28562
0.00112599	116.943	5.92625e-06	1.27655
0.00113784	111.213	5.92625e-06	1.2699
0.00114969	105.139	5.92625e-06	1.25674
0.00116155	99.6082	5.92625e-06	1.25038
0.0011734	94.0713	5.92625e-06	1.23661
0.00118525	88.9102	5.92625e-06	1.22874
0.0011971	82.8195	5.92625e-06	0.524458
0.00120896	78.2988	5.92625e-06	0.510816
0.00122081	73.8386	5.92625e-06	0.492944
0.00123266	69.631	5.92625e-06	0.481986
0.00124451	65.7948	5.92625e-06	0.472376
0.00125637	61.7782	5.92625e-06	0.451993
0.00126822	58.1275	5.92625e-06	0.441303
0.00128007	54.3551	5.92625e-06	0.396796
0.00129192	51.0305	5.92625e-06	0.383152
0.00130378	48.0067	5.92625e-06	0.369835
0.00131563	45.1225	5.92625e-06	0.35871
0.00132748	42.4275	5.92625e-06	0.346906
0.00133933	39.6768	5.92625e-06	0.333346
0.00135119	37.2689	5.92625e-06	0.323993
0.00136304	34.7664	5.92625e-06	0.299103
0.00137489	32.5079	5.92625e-06	0.287827
0.00138674	30.3758	5.92625e-06	0.277716
0.0013986	28.3502	5.92625e-06	0.268011
0.00141045	26.1995	5.92625e-06	0.253641
0.0014223	24.426	5.92625e-06	0.245038
0.00143415	22.6863	5.92625e-06	0.233148
0.00144601	21.1753	5.92625e-06	0.227598
0.00145786	19.4782	5.92625e-06	0.192924
0.00146971	18.1456	5.92625e-06	0.186438
0.00148156	16.7962	5.92625e-06	0.176558
0.00149342	15.5126	5.92625e-06	0.162638
0.00150527	14.4526	5.92625e-06	0.156957
0.00151712	13.3541	5.92625e-06	0.15024
0.00152897	12.4131	5.92625e-06	0.145075
0.00154083	11.4862	5.92625e-06	0.138727
0.00155268	10.6377	5.92625e-06	0.132549
0.00156453	9.89043	5.92625e-06	0.128057
0.00157638	9.10803	5.92625e-06	0.122848
0.00158824	8.33497	5.92625e-06	0.113912
0.00160009	7.54744	5.92625e-06	0.0996476
0.00161194	6.96131	5.92625e-06	0.0944532
0.00162379	6.39826	5.92625e-06	0.0894978
0.00163565	5.88949	5.92625e-06	0.0856189
0.0016475	5.30591	5.92625e-06	0.0762988
0.00165935	4.82248	5.92625e-06	0.0683637
0.0016712	4.3966	5.92625e-06	0.0641302
0.00168306	4.02177	5.92625e-06	0.0606261
0.00169491	3.70027	5.92625e-06	0.0562815
0.00170676	3.38028	5.92625e-06	0.0536753
0.00171861	3.08564	5.92625e-06	0.0500657
0.00173047	2.7875	5.92625e-06	0.0466035
0.00174232	2.50293	5.92625e-06	0.0405646
0.00175417	2.28875	5.92625e-06	0.0384248
0.00176602	2.10365	5.92625e-06	0.0365779
0.00177788	1.8948	5.92625e-06	0.0342562
0.00178973	1.72983	5.92625e-06	0.032213
0.00180158	1.57676	5.92625e-06	0.0303797
0.00181343	1.43095	5.92625e-06	0.0285848
0.00182529	1.2859	5.92625e-06	0.0268268
0.00183714	1.16526	5.92625e-06	0.0248432
0.00184899	1.05141	5.92625e-06	0.0233453
0.00186084	0.952879	5.92625e-06	0.022131
0.0018727	0.867691	5.92625e-06	0.0210231
0.00188455	0.774665	5.92625e-06	0.0194514
0.0018964	0.70091	5.92625e-06	0.0184161
0.00190825	0.631223	5.92625e-06	0.0173871
0.00192011	0.564128	5.92625e-06	0.0164677
0.00193196	0.512828	5.92625e-06	0.0156605
0.00194381	0.457077	5.92625e-06	0.0143052
0.00195566	0.413558	5.92625e-06	0.0136125
0.00196752	0.368585	5.92625e-06	0.0126468
0.00197937	0.328201	5.92625e-06	0.0118218
0.00199122	0.289389	5.92625e-06	0.0110233
0.00200307	0.257842	5.92625e-06	0.0102403
0.00201493	0.229646	5.92625e-06	0.00953197
0.00202678	0.205789	5.92625e-06	0.00906926
0.00203863	0.182722	5.92625e-06	0.00850863
0.00205048	0.161631	5.92625e-06	0.00799889
0.00206234	0.141896	5.92625e-06	0.00730404
0.00207419	0.126844	5.92625e-06	0.00692178
0.00208604	0.11347	5.92625e-06	0.00656131
0.00209789	0.102277	5.92625e-06	0.00629652
0.00210975	0.0870373	5.92625e-06	0.00570297
0.0021216	0.0756276	5.92625e-06	0.0052839
0.00213345	0.0659877	5.92625e-06	0.0047115
0.0021453	0.0586125	5.92625e-06	0.00448011
0.00215716	0.0502313	5.92625e-06	0.00414608
0.00216901	0.0444266	5.92625e-06	0.00391462
0.00218086	0.0395139	5.92625e-06	0.00370926
0.00219271	0.0358288	5.92625e-06	0.00357207
0.00220457	0.0307267	5.92625e-06	0.00335349
0.00221642	0.0284586	5.92625e-06	0.00323052
0.00222827	0.0253875	5.92625e-06	0.00308829
0.00224012	0.0218875	5.92625e-06	0.00286806
0.00225198	0.0172806	5.92625e-06	0.00253759
0.00226383	0.0147808	5.92625e-06	0.00238149
0.00227568	0.0131105	5.92625e-06	0.00227151
0.00228753	0.0115954	5.92625e-06	0.00216018
0.00229939	0.010078	5.92625e-06	0.00203706
0.00231124	0.00873445	5.92625e-06	0.00186747
0.00232309	0.00527393	5.92625e-06	0.00123056
0.00233494	0.00462606	5.92625e-06	0.00117168
0.0023468	0.0034813	5.92625e-06	0.000992994
0.00235865	0.00272965	5.92625e-06	0.000883244
0.0023705	0.00224624	5.92625e-06	0.000813039
0.00238235	0.00177938	5.92625e-06	0.000742968
0.00239421	0.00143187	5.92625e-06	0.000656684
0.00240606	0.00118551	5.92625e-06	0.000608721
0.00241791	0.000809195	5.92625e-06	0.000478458
0.00242976	0.000809195	5.92625e-06	0.000478458
0.00244162	0.000621033	5.92625e-06	0.000439905
0.00245347	0.000328828	5.92625e-06	0.000328832
0.00246532	0.000328828	5.92625e-06	0.000328832
