7.34006e-06	0.0311484	7.34006e-06	0.0311484
2.20202e-05	0.830616	7.34006e-06	0.234858
3.67003e-05	1.92181	7.34006e-06	0.328132
5.13804e-05	4.6592	7.34006e-06	0.60456
6.60606e-05	7.51632	7.34006e-06	0.773878
8.07407e-05	11.1034	7.34006e-06	0.917623
9.54208e-05	17.1093	7.34006e-06	1.20579
0.000110101	25.7006	7.34006e-06	1.74199
0.000124781	31.6966	7.34006e-06	2.2194
0.000139461	38.0727	7.34006e-06	2.33562
0.000154141	43.8938	7.34006e-06	2.04971
0.000168821	65.1822	7.34006e-06	8.59367
0.000183502	60.7836	7.34006e-06	2.7043
0.000198182	73.9229	7.34006e-06	3.00889
0.000212862	86.2302	7.34006e-06	2.93234
0.000227542	94.3086	7.34006e-06	3.19482
0.000242222	109.905	7.34006e-06	3.40748
0.000256902	131.703	7.34006e-06	5.3066
0.000271582	151.608	7.34006e-06	12.3522
0.000286262	154.666	7.34006e-06	4.42423
0.000300943	167.404	7.34006e-06	4.30009
0.000315623	192.078	7.34006e-06	5.2381
0.000330303	215.363	7.34006e-06	6.30534
0.000344983	221.745	7.34006e-06	5.49535
0.000359663	243.063	7.34006e-06	6.03597
0.000374343	252.927	7.34006e-06	5.29103
0.000389023	273.099	7.34006e-06	5.80092
0.000403703	307.316	7.34006e-06	7.34081
0.000418384	310.319	7.34006e-06	6.12378
0.000433064	317.074	7.34006e-06	5.79993
0.000447744	345.184	7.34006e-06	6.42974
0.000462424	359.62	7.34006e-06	6.51101
0.000477104	393.921	7.34006e-06	9.83662
0.000491784	419.764	7.34006e-06	8.92785
0.000506464	441.533	7.34006e-06	8.81328
0.000521144	458.866	7.34006e-06	12.8981
0.000535824	472.127	7.34006e-06	8.25717
0.000550505	505.758	7.34006e-06	12.452
0.000565185	516.687	7.34006e-06	12.1084
0.000579865	528.424	7.34006e-06	8.95839
0.000594545	563.25	7.34006e-06	9.7437
0.000609225	592.663	7.34006e-06	18.4437
0.000623905	620.633	7.34006e-06	10.123
0.000638585	624.924	7.34006e-06	12.6454
0.000653265	638.608	7.34006e-06	9.59334
0.000667946	665.311	7.34006e-06	14.093
0.000682626	666.783	7.34006e-06	9.95633
0.000697306	705.042	7.34006e-06	13.8516
0.000711986	714.033	7.34006e-06	10.2733
0.000726666	722.069	7.34006e-06	10.7095
0.000741346	742.26	7.34006e-06	11.3535
0.000756026	771.792	7.34006e-06	11.3444
0.000770706	783.485	7.34006e-06	11.7131
0.000785387	779.478	7.34006e-06	10.2689
0.000800067	805.355	7.34006e-06	11.6423
0.000814747	808.641	7.34006e-06	12.0879
0.000829427	843.769	7.34006e-06	18.1395
0.000844107	860.895	7.34006e-06	14.016
0.000858787	845.542	7.34006e-06	14.2971
0.000873467	851.646	7.34006e-06	13.0768
0.000888147	865.455	7.34006e-06	12.8563
0.000902828	873.612	7.34006e-06	12.6042
0.000917508	913.987	7.34006e-06	33.5217
0.000932188	903.954	7.34006e-06	12.8261
0.000946868	896.845	7.34006e-06	13.695
0.000961548	873.192	7.34006e-06	11.3075
0.000976228	915.019	7.34006e-06	14.208
0.000990908	916.239	7.34006e-06	13.2502
0.00100559	915.823	7.34006e-06	15.6465
0.00102027	912.693	7.34006e-06	17.6193
0.00103495	934.581	7.34006e-06	19.0175
0.00104963	913.93	7.34006e-06	13.7777
0.00106431	927.141	7.34006e-06	14.6707
0.00107899	922.13	7.34006e-06	15.7601
0.00109367	914.087	7.34006e-06	14.3208
0.00110835	903.474	7.34006e-06	13.6967
0.00112303	918.964	7.34006e-06	16.3363
0.00113771	909.831	7.34006e-06	16.3494
0.00115239	860.019	7.34006e-06	13.3443
0.00116707	916.471	7.34006e-06	28.48
0.00118175	902.539	7.34006e-06	31.3563
0.00119643	842.824	7.34006e-06	11.6718
0.00121111	835.738	7.34006e-06	12.1242
0.00122579	812.116	7.34006e-06	14.0431
0.00124047	797.429	7.34006e-06	14.6219
0.00125515	793.075	7.34006e-06	11.868
0.00126983	757.11	7.34006e-06	10.5725
0.00128451	758.685	7.34006e-06	11.4533
0.00129919	737.131	7.34006e-06	10.9215
0.00131387	748.852	7.34006e-06	13.3983
0.00132855	771.952	7.34006e-06	28.0655
0.00134323	709.117	7.34006e-06	11.0231
0.00135791	707.729	7.34006e-06	16.4015
0.00137259	726.054	7.34006e-06	21.8411
0.00138727	685.333	7.34006e-06	14.2426
0.00140195	646.371	7.34006e-06	11.0985
0.00141663	610.354	7.34006e-06	9.62539
0.00143131	612.148	7.34006e-06	16.0044
0.00144599	658.603	7.34006e-06	49.3461
0.00146067	568.722	7.34006e-06	12.0676
0.00147535	563.703	7.34006e-06	10.3953
0.00149003	546.078	7.34006e-06	10.5491
0.00150471	533.909	7.34006e-06	11.0677
0.00151939	532.163	7.34006e-06	11.5837
0.00153407	510.573	7.34006e-06	17.2936
0.00154875	481.443	7.34006e-06	9.35834
0.00156343	478.182	7.34006e-06	16.7459
0.00157811	470.135	7.34006e-06	22.4154
0.00159279	424.124	7.34006e-06	8.99257
0.00160747	428.524	7.34006e-06	12.3922
0.00162215	406.844	7.34006e-06	13.705
0.00163683	401.349	7.34006e-06	9.39112
0.00165151	380.394	7.34006e-06	14.2059
0.00166619	339.706	7.34006e-06	8.28299
0.00168087	328.76	7.34006e-06	7.78772
0.00169555	324.589	7.34006e-06	7.16185
0.00171023	298.079	7.34006e-06	6.45315
0.00172491	290.205	7.34006e-06	7.03755
0.00173959	300.148	7.34006e-06	8.42708
0.00175427	280.6	7.34006e-06	8.01213
0.00176895	262.102	7.34006e-06	6.71795
0.00178363	246.228	7.34006e-06	6.5982
0.00179832	244.203	7.34006e-06	7.07945
0.001813	229.487	7.34006e-06	7.27963
0.00182768	210.136	7.34006e-06	6.09479
0.00184236	201.533	7.34006e-06	6.61312
0.00185704	187.834	7.34006e-06	5.65469
0.00187172	218.839	7.34006e-06	24.6795
0.0018864	172.093	7.34006e-06	5.44947
0.00190108	164.177	7.34006e-06	5.97714
0.00191576	165.162	7.34006e-06	7.57881
0.00193044	142.615	7.34006e-06	5.17425
0.00194512	134.677	7.34006e-06	4.52373
0.0019598	126.038	7.34006e-06	4.64798
0.00197448	131.926	7.34006e-06	8.23911
0.00198916	114.012	7.34006e-06	5.15386
0.00200384	108.108	7.34006e-06	4.88212
0.00201852	111.311	7.34006e-06	12.0164
0.0020332	94.9885	7.34006e-06	4.49357
0.00204788	92.1501	7.34006e-06	5.59447
0.00206256	81.1447	7.34006e-06	3.55906
0.00207724	74.7834	7.34006e-06	4.11215
0.00209192	70.4386	7.34006e-06	3.29564
0.0021066	69.6132	7.34006e-06	4.3456
0.00212128	62.4286	7.34006e-06	3.48834
0.00213596	55.8444	7.34006e-06	3.4726
0.00215064	55.1376	7.34006e-06	3.67956
0.00216532	54.8616	7.34006e-06	3.14243
0.00218	47.3802	7.34006e-06	2.95471
0.00219468	41.3166	7.34006e-06	2.72422
0.00220936	37.387	7.34006e-06	2.72627
0.00222404	36.2241	7.34006e-06	3.59867
0.00223872	32.9231	7.34006e-06	2.24959
0.0022534	36.1022	7.34006e-06	3.7445
0.00226808	27.8864	7.34006e-06	3.2226
0.00228276	26.0382	7.34006e-06	2.81534
0.00229744	21.4128	7.34006e-06	1.9867
0.00231212	17.7896	7.34006e-06	1.87921
0.0023268	24.0978	7.34006e-06	3.4605
0.00234148	15.2992	7.34006e-06	1.61733
0.00235616	17.7426	7.34006e-06	2.37985
0.00237084	14.4472	7.34006e-06	1.56546
0.00238552	16.0583	7.34006e-06	2.77974
0.0024002	6.68697	7.34006e-06	0.839213
0.00241488	6.76653	7.34006e-06	1.21745
0.00242956	9.27784	7.34006e-06	1.25536
0.00244424	7.67303	7.34006e-06	1.2927
0.00245892	5.20746	7.34006e-06	0.872817
0.0024736	5.08993	7.34006e-06	1.0439
0.00248828	4.55661	7.34006e-06	1.00613
0.00250296	4.21196	7.34006e-06	0.861155
0.00251764	2.52684	7.34006e-06	0.748195
0.00253232	2.16236	7.34006e-06	0.674521
0.002547	2.72857	7.34006e-06	1.16244
0.00256168	0.325158	7.34006e-06	0.221193
