7.34222e-06	0.0400642	7.34222e-06	0.0400642
2.20266e-05	0.720402	7.34222e-06	0.232635
3.67111e-05	1.47488	7.34222e-06	0.317288
5.13955e-05	4.25473	7.34222e-06	0.547324
6.60799e-05	7.37492	7.34222e-06	0.785691
8.07644e-05	11.1609	7.34222e-06	1.23451
9.54488e-05	15.3304	7.34222e-06	1.24515
0.000110133	22.6589	7.34222e-06	2.11969
0.000124818	27.6693	7.34222e-06	1.49869
0.000139502	34.8868	7.34222e-06	2.88432
0.000154187	43.5968	7.34222e-06	2.40803
0.000168871	54.5033	7.34222e-06	3.22999
0.000183555	64.3583	7.34222e-06	3.04062
0.00019824	79.4411	7.34222e-06	6.9309
0.000212924	82.6423	7.34222e-06	5.95214
0.000227609	123.192	7.34222e-06	22.1083
0.000242293	97.3128	7.34222e-06	2.92007
0.000256978	119.334	7.34222e-06	5.57294
0.000271662	140.185	7.34222e-06	8.33844
0.000286346	134.222	7.34222e-06	3.89
0.000301031	163.609	7.34222e-06	4.95936
0.000315715	172.955	7.34222e-06	4.72101
0.0003304	187.674	7.34222e-06	5.59806
0.000345084	194.436	7.34222e-06	4.78179
0.000359769	249.72	7.34222e-06	13.8781
0.000374453	232.576	7.34222e-06	5.21925
0.000389137	246.177	7.34222e-06	5.51138
0.000403822	264.401	7.34222e-06	5.33708
0.000418506	289.438	7.34222e-06	5.72175
0.000433191	327.591	7.34222e-06	18.8956
0.000447875	320.356	7.34222e-06	6.24167
0.00046256	346.186	7.34222e-06	6.64025
0.000477244	361.076	7.34222e-06	7.43158
0.000491929	415.562	7.34222e-06	10.0555
0.000506613	405.621	7.34222e-06	7.16009
0.000521297	437.795	7.34222e-06	7.5315
0.000535982	484.991	7.34222e-06	12.2958
0.000550666	494.112	7.34222e-06	9.98444
0.000565351	480.27	7.34222e-06	7.85294
0.000580035	518.974	7.34222e-06	8.80508
0.00059472	525.98	7.34222e-06	8.79218
0.000609404	557.355	7.34222e-06	9.38938
0.000624088	588.318	7.34222e-06	10.1148
0.000638773	590.116	7.34222e-06	9.99164
0.000653457	636.325	7.34222e-06	10.8557
0.000668142	628.53	7.34222e-06	10.393
0.000682826	683.245	7.34222e-06	16.6527
0.000697511	656.736	7.34222e-06	9.12923
0.000712195	687.781	7.34222e-06	11.1545
0.000726879	732.853	7.34222e-06	17.1576
0.000741564	746.056	7.34222e-06	15.9334
0.000756248	757.491	7.34222e-06	10.6737
0.000770933	756.568	7.34222e-06	10.8303
0.000785617	790.648	7.34222e-06	12.1237
0.000800302	807.653	7.34222e-06	13.2605
0.000814986	796.916	7.34222e-06	11.3433
0.00082967	804.325	7.34222e-06	10.5172
0.000844355	803.982	7.34222e-06	10.8606
0.000859039	840.942	7.34222e-06	12.9606
0.000873724	858.304	7.34222e-06	12.6858
0.000888408	865.792	7.34222e-06	11.169
0.000903093	878.661	7.34222e-06	14.7833
0.000917777	897.952	7.34222e-06	15.3734
0.000932462	881.558	7.34222e-06	11.8145
0.000947146	870.534	7.34222e-06	10.3149
0.00096183	878.229	7.34222e-06	11.2055
0.000976515	907.48	7.34222e-06	11.6222
0.000991199	896.43	7.34222e-06	11.3132
0.00100588	885.137	7.34222e-06	11.2936
0.00102057	897.166	7.34222e-06	11.9954
0.00103525	922.814	7.34222e-06	14.5063
0.00104994	921.06	7.34222e-06	13.0848
0.00106462	911.487	7.34222e-06	12.4824
0.00107931	916.694	7.34222e-06	12.7009
0.00109399	906.883	7.34222e-06	12.8464
0.00110867	909.981	7.34222e-06	14.1439
0.00112336	891.845	7.34222e-06	13.3429
0.00113804	873.669	7.34222e-06	17.1004
0.00115273	881.953	7.34222e-06	14.4555
0.00116741	911.432	7.34222e-06	13.8979
0.0011821	878.147	7.34222e-06	13.8467
0.00119678	859.512	7.34222e-06	12.6996
0.00121147	844.221	7.34222e-06	12.9447
0.00122615	835.616	7.34222e-06	14.2839
0.00124083	860.81	7.34222e-06	19.7569
0.00125552	840.459	7.34222e-06	13.8589
0.0012702	837.554	7.34222e-06	16.5572
0.00128489	754.175	7.34222e-06	12.0267
0.00129957	776.379	7.34222e-06	11.8928
0.00131426	770.304	7.34222e-06	12.6297
0.00132894	747.936	7.34222e-06	15.5055
0.00134363	742.376	7.34222e-06	12.61
0.00135831	732.797	7.34222e-06	13.1343
0.00137299	677.15	7.34222e-06	9.93883
0.00138768	687.933	7.34222e-06	12.2958
0.00140236	686.452	7.34222e-06	15.2299
0.00141705	658.62	7.34222e-06	11.0295
0.00143173	662.521	7.34222e-06	22.3143
0.00144642	638.144	7.34222e-06	12.7382
0.0014611	607.482	7.34222e-06	10.9095
0.00147579	574.467	7.34222e-06	10.1432
0.00149047	568.672	7.34222e-06	11.5705
0.00150515	567.15	7.34222e-06	17.1633
0.00151984	506.584	7.34222e-06	8.38428
0.00153452	507.204	7.34222e-06	8.87113
0.00154921	499.004	7.34222e-06	11.3837
0.00156389	485.544	7.34222e-06	9.89614
0.00157858	461.662	7.34222e-06	8.50552
0.00159326	451.009	7.34222e-06	8.68054
0.00160795	430.653	7.34222e-06	8.48403
0.00162263	414.842	7.34222e-06	8.2728
0.00163731	452.691	7.34222e-06	28.4387
0.001652	398.62	7.34222e-06	11.905
0.00166668	365.825	7.34222e-06	7.69413
0.00168137	362.441	7.34222e-06	7.92969
0.00169605	341.711	7.34222e-06	7.70253
0.00171074	329.921	7.34222e-06	9.21894
0.00172542	309.214	7.34222e-06	7.81846
0.00174011	322.152	7.34222e-06	13.4357
0.00175479	298	7.34222e-06	10.8752
0.00176947	281.185	7.34222e-06	10.4796
0.00178416	287.141	7.34222e-06	10.0902
0.00179884	245.049	7.34222e-06	6.48179
0.00181353	248.071	7.34222e-06	6.47261
0.00182821	218.743	7.34222e-06	7.28183
0.0018429	267.28	7.34222e-06	33.7033
0.00185758	209.467	7.34222e-06	6.48952
0.00187227	185.362	7.34222e-06	5.46027
0.00188695	175.267	7.34222e-06	5.07448
0.00190163	164.325	7.34222e-06	4.84883
0.00191632	172.79	7.34222e-06	10.8231
0.001931	149.349	7.34222e-06	4.84013
0.00194569	145.955	7.34222e-06	5.10808
0.00196037	128.596	7.34222e-06	4.63989
0.00197506	118.139	7.34222e-06	3.98131
0.00198974	120.671	7.34222e-06	5.51559
0.00200443	111.97	7.34222e-06	4.46919
0.00201911	109.229	7.34222e-06	4.32173
0.00203379	91.8175	7.34222e-06	3.66197
0.00204848	86.7903	7.34222e-06	3.35549
0.00206316	79.3324	7.34222e-06	3.77751
0.00207785	77.7066	7.34222e-06	3.25808
0.00209253	78.1537	7.34222e-06	3.86335
0.00210722	70.9668	7.34222e-06	3.44233
0.0021219	63.1685	7.34222e-06	3.31119
0.00213659	60.7093	7.34222e-06	3.16754
0.00215127	54.8095	7.34222e-06	3.07474
0.00216595	56.2109	7.34222e-06	4.11923
0.00218064	55.2252	7.34222e-06	4.5994
0.00219532	45.2221	7.34222e-06	2.70296
0.00221001	36.1872	7.34222e-06	2.4172
0.00222469	39.4298	7.34222e-06	3.41845
0.00223938	33.3289	7.34222e-06	2.50815
0.00225406	30.0144	7.34222e-06	2.22112
0.00226874	28.292	7.34222e-06	2.49956
0.00228343	26.8528	7.34222e-06	2.09582
0.00229811	22.5687	7.34222e-06	1.67521
0.0023128	18.4136	7.34222e-06	1.53536
0.00232748	17.7585	7.34222e-06	1.5198
0.00234217	17.2798	7.34222e-06	1.37328
0.00235685	13.0674	7.34222e-06	1.21295
0.00237154	13.98	7.34222e-06	1.42782
0.00238622	13.9575	7.34222e-06	1.8427
0.0024009	10.4243	7.34222e-06	1.17277
0.00241559	10.5161	7.34222e-06	1.33486
0.00243027	8.61492	7.34222e-06	1.10773
0.00244496	9.1948	7.34222e-06	1.32038
0.00245964	5.7483	7.34222e-06	0.998095
0.00247433	6.40535	7.34222e-06	0.983696
0.00248901	5.26351	7.34222e-06	0.870204
0.0025037	3.96068	7.34222e-06	0.709334
0.00251838	3.50278	7.34222e-06	1.08903
0.00253306	1.86495	7.34222e-06	0.457563
0.00254775	2.0779	7.34222e-06	0.661501
0.00256243	0.931083	7.34222e-06	0.41151
0.00257712	0.271932	7.34222e-06	0.192822
