7.30193e-06	0.0512388	7.30193e-06	0.0512388
2.19058e-05	0.525212	7.30193e-06	0.162663
3.65097e-05	2.09707	7.30193e-06	0.429338
5.11135e-05	3.9266	7.30193e-06	0.91255
6.57174e-05	7.35805	7.30193e-06	0.920139
8.03213e-05	8.13972	7.30193e-06	0.82284
9.49251e-05	12.9413	7.30193e-06	1.0898
0.000109529	16.7436	7.30193e-06	1.33773
0.000124133	26.0052	7.30193e-06	2.35352
0.000138737	33.3159	7.30193e-06	2.35259
0.000153341	39.0391	7.30193e-06	3.38997
0.000167944	45.2805	7.30193e-06	3.69588
0.000182548	55.4445	7.30193e-06	4.02336
0.000197152	66.1116	7.30193e-06	8.65471
0.000211756	67.8356	7.30193e-06	2.88793
0.00022636	81.6699	7.30193e-06	5.45675
0.000240964	86.5793	7.30193e-06	3.01527
0.000255568	99.8907	7.30193e-06	3.56768
0.000270172	115.517	7.30193e-06	3.682
0.000284775	128.13	7.30193e-06	4.27566
0.000299379	133.55	7.30193e-06	3.68075
0.000313983	152.031	7.30193e-06	5.02811
0.000328587	180.382	7.30193e-06	7.89017
0.000343191	189.004	7.30193e-06	5.70711
0.000357795	218.893	7.30193e-06	7.68486
0.000372399	218.591	7.30193e-06	5.20863
0.000387002	223.988	7.30193e-06	4.91716
0.000401606	261.731	7.30193e-06	6.40987
0.00041621	274.49	7.30193e-06	7.6584
0.000430814	285.54	7.30193e-06	5.72675
0.000445418	303.074	7.30193e-06	6.11655
0.000460022	328.976	7.30193e-06	7.288
0.000474626	343.467	7.30193e-06	6.868
0.000489229	387.492	7.30193e-06	9.80379
0.000503833	371.738	7.30193e-06	6.95627
0.000518437	404.895	7.30193e-06	8.00216
0.000533041	431.368	7.30193e-06	8.14905
0.000547645	446.912	7.30193e-06	7.3655
0.000562249	462.413	7.30193e-06	7.46135
0.000576853	493.649	7.30193e-06	9.17708
0.000591457	497.529	7.30193e-06	7.84459
0.00060606	559.892	7.30193e-06	15.1402
0.000620664	544.747	7.30193e-06	8.76523
0.000635268	605.222	7.30193e-06	16.8204
0.000649872	575.499	7.30193e-06	9.05747
0.000664476	611.63	7.30193e-06	9.77287
0.00067908	628.025	7.30193e-06	8.6503
0.000693684	656.495	7.30193e-06	10.6811
0.000708287	685.123	7.30193e-06	11.5428
0.000722891	673.194	7.30193e-06	9.38697
0.000737495	710.273	7.30193e-06	9.30839
0.000752099	721.469	7.30193e-06	10.413
0.000766703	733.869	7.30193e-06	11.0739
0.000781307	792.811	7.30193e-06	15.2925
0.000795911	786.002	7.30193e-06	17.2714
0.000810515	803.292	7.30193e-06	10.8717
0.000825118	804.823	7.30193e-06	11.0392
0.000839722	834.012	7.30193e-06	11.9102
0.000854326	865.26	7.30193e-06	17.95
0.00086893	867.065	7.30193e-06	13.8376
0.000883534	888.296	7.30193e-06	11.0479
0.000898138	876.429	7.30193e-06	12.3421
0.000912742	901.776	7.30193e-06	18.9297
0.000927345	872.41	7.30193e-06	11.9264
0.000941949	899.59	7.30193e-06	11.4495
0.000956553	944.902	7.30193e-06	21.7554
0.000971157	903.188	7.30193e-06	11.6349
0.000985761	919.62	7.30193e-06	11.6107
0.00100036	897.175	7.30193e-06	10.9093
0.00101497	933.163	7.30193e-06	12.0206
0.00102957	928.415	7.30193e-06	12.0204
0.00104418	917.853	7.30193e-06	10.7716
0.00105878	929.739	7.30193e-06	12.1415
0.00107338	902.999	7.30193e-06	11.6423
0.00108799	909.272	7.30193e-06	12.4937
0.00110259	954.181	7.30193e-06	33.1428
0.0011172	907.37	7.30193e-06	11.4068
0.0011318	907.905	7.30193e-06	12.6335
0.0011464	881.24	7.30193e-06	10.3411
0.00116101	891.519	7.30193e-06	12.0994
0.00117561	865.878	7.30193e-06	10.1919
0.00119021	892.229	7.30193e-06	12.3934
0.00120482	878.29	7.30193e-06	13.2683
0.00121942	867.083	7.30193e-06	11.2789
0.00123403	833.256	7.30193e-06	10.2684
0.00124863	856.389	7.30193e-06	18.2979
0.00126323	810.023	7.30193e-06	10.3327
0.00127784	789.967	7.30193e-06	9.61258
0.00129244	784.908	7.30193e-06	9.56203
0.00130705	767.617	7.30193e-06	10.0006
0.00132165	775.924	7.30193e-06	10.8557
0.00133625	756.779	7.30193e-06	10.3264
0.00135086	741.654	7.30193e-06	9.71756
0.00136546	722.392	7.30193e-06	9.33072
0.00138007	740.498	7.30193e-06	17.6243
0.00139467	686.242	7.30193e-06	8.63071
0.00140927	666.089	7.30193e-06	9.08613
0.00142388	675.121	7.30193e-06	10.3072
0.00143848	647.502	7.30193e-06	12.6392
0.00145308	629.768	7.30193e-06	8.96879
0.00146769	618.783	7.30193e-06	12.6663
0.00148229	606.085	7.30193e-06	13.6933
0.0014969	574.853	7.30193e-06	9.87191
0.0015115	556.858	7.30193e-06	8.56757
0.0015261	543.195	7.30193e-06	8.33162
0.00154071	526.248	7.30193e-06	7.91384
0.00155531	510.774	7.30193e-06	8.18078
0.00156992	494.583	7.30193e-06	9.4652
0.00158452	474.424	7.30193e-06	9.89737
0.00159912	455.713	7.30193e-06	7.71255
0.00161373	436.394	7.30193e-06	7.19688
0.00162833	420.74	7.30193e-06	8.01662
0.00164293	393.028	7.30193e-06	6.69555
0.00165754	392.13	7.30193e-06	8.93758
0.00167214	365.547	7.30193e-06	6.81935
0.00168675	361.749	7.30193e-06	6.34448
0.00170135	351.583	7.30193e-06	6.69307
0.00171595	349.296	7.30193e-06	8.49643
0.00173056	320.165	7.30193e-06	6.70644
0.00174516	294.765	7.30193e-06	5.63512
0.00175977	302.903	7.30193e-06	6.37402
0.00177437	284.852	7.30193e-06	7.58166
0.00178897	260.289	7.30193e-06	6.45076
0.00180358	249.561	7.30193e-06	6.6321
0.00181818	245.333	7.30193e-06	6.18278
0.00183279	229.073	7.30193e-06	9.25621
0.00184739	209.458	7.30193e-06	4.81562
0.00186199	203.332	7.30193e-06	4.85403
0.0018766	196.136	7.30193e-06	6.36989
0.0018912	183.706	7.30193e-06	4.91392
0.0019058	176.656	7.30193e-06	4.81641
0.00192041	164.293	7.30193e-06	4.08885
0.00193501	162.917	7.30193e-06	7.4711
0.00194962	143.824	7.30193e-06	4.06005
0.00196422	135.66	7.30193e-06	3.751
0.00197882	127.439	7.30193e-06	3.997
0.00199343	121.686	7.30193e-06	3.79063
0.00200803	113.547	7.30193e-06	3.92507
0.00202264	109.662	7.30193e-06	3.45291
0.00203724	102.024	7.30193e-06	3.28707
0.00205184	92.5918	7.30193e-06	3.46572
0.00206645	90.3281	7.30193e-06	3.70255
0.00208105	83.807	7.30193e-06	3.22686
0.00209565	75.9085	7.30193e-06	3.26713
0.00211026	73.7912	7.30193e-06	3.86966
0.00212486	67.206	7.30193e-06	2.90424
0.00213947	57.9304	7.30193e-06	2.5082
0.00215407	58.7742	7.30193e-06	2.52392
0.00216867	49.456	7.30193e-06	2.17823
0.00218328	51.9735	7.30193e-06	2.37329
0.00219788	48.3964	7.30193e-06	2.20793
0.00221249	40.8246	7.30193e-06	1.99338
0.00222709	36.8464	7.30193e-06	2.29064
0.00224169	42.0788	7.30193e-06	2.96884
0.0022563	30.1476	7.30193e-06	1.53693
0.0022709	31.4774	7.30193e-06	1.81615
0.0022855	31.1039	7.30193e-06	3.66958
0.00230011	43.8694	7.30193e-06	13.4872
0.00231471	23.1498	7.30193e-06	1.60355
0.00232932	23.9238	7.30193e-06	3.18189
0.00234392	19.3338	7.30193e-06	1.41497
0.00235852	17.4439	7.30193e-06	1.34432
0.00237313	12.9971	7.30193e-06	1.04543
0.00238773	17.4799	7.30193e-06	3.34573
0.00240234	12.4615	7.30193e-06	1.1753
0.00241694	11.3226	7.30193e-06	1.60825
0.00243154	8.58497	7.30193e-06	0.88022
0.00244615	7.21841	7.30193e-06	0.742968
0.00246075	6.66339	7.30193e-06	0.8894
0.00247536	4.80835	7.30193e-06	0.678709
0.00248996	3.84215	7.30193e-06	0.563045
0.00250456	3.33556	7.30193e-06	0.516644
0.00251917	2.85448	7.30193e-06	0.455817
0.00253377	2.14689	7.30193e-06	0.406506
0.00254837	1.30539	7.30193e-06	0.348489
0.00256298	0.566841	7.30193e-06	0.189866
0.00257758	0.140151	7.30193e-06	0.0998279
