6.006e-06	0.492808	6.006e-06	0.190899
1.8018e-05	2.77421	6.006e-06	0.416113
3.003e-05	10.2302	6.006e-06	1.20744
4.2042e-05	17.105	6.006e-06	1.34783
5.4054e-05	26.7223	6.006e-06	1.73378
6.6066e-05	41.1853	6.006e-06	1.9566
7.8078e-05	56.8729	6.006e-06	2.70028
9.009e-05	73.7477	6.006e-06	3.30629
0.000102102	91.8526	6.006e-06	3.14811
0.000114114	113.888	6.006e-06	6.67849
0.000126126	132.491	6.006e-06	4.5231
0.000138138	163.741	6.006e-06	4.88515
0.00015015	190.704	6.006e-06	5.31686
0.000162162	217.864	6.006e-06	8.75593
0.000174174	259.766	6.006e-06	17.049
0.000186186	266.545	6.006e-06	6.27708
0.000198198	308.607	6.006e-06	7.14334
0.00021021	337.095	6.006e-06	7.56293
0.000222222	384.118	6.006e-06	13.8114
0.000234234	419.956	6.006e-06	10.1002
0.000246246	445.974	6.006e-06	11.7132
0.000258258	467.669	6.006e-06	10.4671
0.00027027	495.323	6.006e-06	9.92713
0.000282282	533.374	6.006e-06	10.1431
0.000294294	581.752	6.006e-06	13.4307
0.000306306	632.402	6.006e-06	33.4508
0.000318318	628.398	6.006e-06	14.9282
0.00033033	647.276	6.006e-06	10.6268
0.000342342	663.18	6.006e-06	11.8486
0.000354354	670.803	6.006e-06	11.1582
0.000366366	732.24	6.006e-06	11.2057
0.000378378	761.789	6.006e-06	12.8386
0.00039039	803.497	6.006e-06	12.6481
0.000402402	823.11	6.006e-06	13.19
0.000414414	855.598	6.006e-06	18.1004
0.000426426	875.239	6.006e-06	13.5642
0.000438438	899.956	6.006e-06	14.4622
0.00045045	897.356	6.006e-06	18.3819
0.000462462	911.244	6.006e-06	14.9445
0.000474474	958.596	6.006e-06	15.2311
0.000486486	978.313	6.006e-06	15.3017
0.000498498	957.124	6.006e-06	13.6287
0.00051051	982.189	6.006e-06	13.5458
0.000522522	1019.44	6.006e-06	14.847
0.000534534	1090.55	6.006e-06	18.7857
0.000546546	1051.38	6.006e-06	16.0085
0.000558558	1069.53	6.006e-06	15.5587
0.00057057	1100.62	6.006e-06	30.5233
0.000582582	1054.84	6.006e-06	15.6855
0.000594594	1121.12	6.006e-06	25.8464
0.000606606	1111.87	6.006e-06	20.6368
0.000618618	1096.15	6.006e-06	15.6844
0.00063063	1784.36	6.006e-06	507.492
0.000642642	1090.14	6.006e-06	16.3072
0.000654654	1107.42	6.006e-06	16.1784
0.000666666	1134.27	6.006e-06	20.8503
0.000678678	1157.75	6.006e-06	35.0686
0.00069069	1096.3	6.006e-06	15.1166
0.000702702	1113.83	6.006e-06	17.4281
0.000714714	1114.64	6.006e-06	17.2056
0.000726726	1136.4	6.006e-06	24.4255
0.000738738	1054.76	6.006e-06	16.0709
0.00075075	1113.07	6.006e-06	22.7621
0.000762762	1125.93	6.006e-06	22.8575
0.000774774	1090.79	6.006e-06	18.3414
0.000786786	1055.86	6.006e-06	16.2314
0.000798798	1028.3	6.006e-06	15.1018
0.00081081	1028.17	6.006e-06	15.4551
0.000822822	1033.88	6.006e-06	26.415
0.000834834	1054.92	6.006e-06	24.5943
0.000846846	994.533	6.006e-06	15.3073
0.000858858	995.662	6.006e-06	17.7229
0.00087087	948.408	6.006e-06	15.3008
0.000882882	969.56	6.006e-06	17.3719
0.000894894	968.051	6.006e-06	21.9318
0.000906906	961.285	6.006e-06	22.2282
0.000918918	944.24	6.006e-06	17.0784
0.00093093	878.182	6.006e-06	14.6117
0.000942942	857.577	6.006e-06	13.5395
0.000954954	903.593	6.006e-06	28.8503
0.000966966	836.342	6.006e-06	14.2821
0.000978978	819.321	6.006e-06	18.6667
0.00099099	848.384	6.006e-06	16.2433
0.001003	809.914	6.006e-06	17.1074
0.00101501	754.221	6.006e-06	13.5381
0.00102703	778.763	6.006e-06	17.9318
0.00103904	755.499	6.006e-06	17.946
0.00105105	712.777	6.006e-06	12.5371
0.00106306	720.134	6.006e-06	14.304
0.00107507	664.679	6.006e-06	12.3248
0.00108709	677.688	6.006e-06	15.6524
0.0010991	628.365	6.006e-06	13.114
0.00111111	615.063	6.006e-06	18.5139
0.00112312	604.364	6.006e-06	15.5684
0.00113513	572.226	6.006e-06	12.3144
0.00114715	598.552	6.006e-06	19.2744
0.00115916	538.923	6.006e-06	11.959
0.00117117	510.264	6.006e-06	10.8882
0.00118318	549.617	6.006e-06	21.0987
0.00119519	499.811	6.006e-06	10.8039
0.00120721	487.414	6.006e-06	13.3974
0.00121922	452.938	6.006e-06	10.5398
0.00123123	454.583	6.006e-06	12.1091
0.00124324	460.346	6.006e-06	27.6657
0.00125525	392.427	6.006e-06	9.87421
0.00126727	407.573	6.006e-06	11.5744
0.00127928	372.914	6.006e-06	10.1893
0.00129129	381.035	6.006e-06	15.9797
0.0013033	338.319	6.006e-06	9.37037
0.00131531	328.623	6.006e-06	8.74862
0.00132733	324.756	6.006e-06	9.87704
0.00133934	317.363	6.006e-06	10.2348
0.00135135	292.224	6.006e-06	8.85739
0.00136336	285.699	6.006e-06	11.5774
0.00137537	274.531	6.006e-06	12.4395
0.00138739	246.518	6.006e-06	7.0794
0.0013994	236.923	6.006e-06	8.56149
0.00141141	253.411	6.006e-06	10.3061
0.00142342	217.832	6.006e-06	7.11603
0.00143543	200.474	6.006e-06	7.31219
0.00144745	189.594	6.006e-06	6.8357
0.00145946	184.005	6.006e-06	6.21051
0.00147147	182.676	6.006e-06	7.27857
0.00148348	175.479	6.006e-06	6.60509
0.00149549	177.304	6.006e-06	10.6127
0.00150751	154.808	6.006e-06	6.28221
0.00151952	144.093	6.006e-06	6.54867
0.00153153	171.232	6.006e-06	27.0618
0.00154354	138.806	6.006e-06	7.1337
0.00155555	106.995	6.006e-06	4.59873
0.00156757	112.479	6.006e-06	4.65375
0.00157958	105.912	6.006e-06	4.75877
0.00159159	111.176	6.006e-06	5.21637
0.0016036	124.044	6.006e-06	19.3011
0.00161561	82.0883	6.006e-06	4.13117
0.00162763	88.222	6.006e-06	6.87778
0.00163964	79.2138	6.006e-06	4.44856
0.00165165	69.7484	6.006e-06	3.71045
0.00166366	73.8124	6.006e-06	5.10454
0.00167567	63.2688	6.006e-06	3.79906
0.00168769	54.7052	6.006e-06	3.34253
0.0016997	51.2194	6.006e-06	2.95992
0.00171171	51.7797	6.006e-06	4.05796
0.00172372	48.8711	6.006e-06	3.90586
0.00173573	45.1275	6.006e-06	3.51745
0.00174775	42.4586	6.006e-06	4.39823
0.00175976	34.9938	6.006e-06	2.20751
0.00177177	35.0918	6.006e-06	2.60626
0.00178378	32.7019	6.006e-06	2.69911
0.00179579	29.7718	6.006e-06	2.34423
0.00180781	25.3921	6.006e-06	1.9485
0.00181982	22.4029	6.006e-06	1.54362
0.00183183	21.8091	6.006e-06	1.62339
0.00184384	20.0171	6.006e-06	1.75632
0.00185585	18.2203	6.006e-06	1.41529
0.00186787	15.0062	6.006e-06	1.23927
0.00187988	17.4234	6.006e-06	1.39808
0.00189189	17.7343	6.006e-06	1.39856
0.0019039	11.8253	6.006e-06	1.03405
0.00191591	12.8009	6.006e-06	1.28218
0.00192793	10.6969	6.006e-06	0.970987
0.00193994	10.5928	6.006e-06	1.01344
0.00195195	8.60456	6.006e-06	1.03504
0.00196396	8.59386	6.006e-06	0.897038
0.00197597	8.00583	6.006e-06	0.794869
0.00198799	7.52987	6.006e-06	0.765461
0.002	5.26932	6.006e-06	0.634752
0.00201201	5.08883	6.006e-06	0.609522
0.00202402	4.87686	6.006e-06	0.615359
0.00203603	5.13975	6.006e-06	0.682745
0.00204805	3.42929	6.006e-06	0.451252
0.00206006	3.18574	6.006e-06	0.459051
0.00207207	3.36649	6.006e-06	0.478035
0.00208408	2.89278	6.006e-06	0.417673
0.00209609	2.55235	6.006e-06	0.686233
0.00210811	2.79578	6.006e-06	0.469614
0.00212012	1.85697	6.006e-06	0.324566
0.00213213	1.87669	6.006e-06	0.334355
0.00214414	1.66077	6.006e-06	0.333742
0.00215615	2.51305	6.006e-06	0.612217
0.00216817	1.29743	6.006e-06	0.35979
0.00218018	1.42384	6.006e-06	0.302214
0.00219219	1.21047	6.006e-06	0.300737
0.0022042	0.757704	6.006e-06	0.218624
0.00221621	0.632636	6.006e-06	0.192132
0.00222823	0.369424	6.006e-06	0.131442
0.00224024	0.274806	6.006e-06	0.127201
0.00225225	0.606591	6.006e-06	0.206473
0.00226426	0.3829	6.006e-06	0.153236
0.00227627	0.44169	6.006e-06	0.161695
0.00228829	0.151482	6.006e-06	0.0894136
0.0023003	0.272633	6.006e-06	0.193105
0.00231231	0.0995227	6.006e-06	0.0711409
0.00232432	0.145534	6.006e-06	0.085252
0.00233633	0.230893	6.006e-06	0.116759
0.00234835	0.205012	6.006e-06	0.103185
0.00236036	0.155924	6.006e-06	0.0948868
0.00237237	0.115197	6.006e-06	0.0670231
0.00238438	0.0806901	6.006e-06	0.0806901
0.00239639	0	6.006e-06	0
0.00240841	0.0428562	6.006e-06	0.0428562
0.00242042	0	6.006e-06	0
0.00243243	0	6.006e-06	0
0.00244444	0	6.006e-06	0
0.00245645	0	6.006e-06	0
0.00246847	0	6.006e-06	0
0.00248048	0	6.006e-06	0
0.00249249	0	6.006e-06	0
0.0025045	0	6.006e-06	0
0.00251651	0	6.006e-06	0
0.00252853	0	6.006e-06	0
0.00254054	0.0374498	6.006e-06	0.0374498
