7.32356e-06	0.121436	7.32356e-06	0.086779
2.19707e-05	1.41807	7.32356e-06	0.460016
3.66178e-05	6.82566	7.32356e-06	4.10635
5.12649e-05	4.27637	7.32356e-06	0.634755
6.5912e-05	6.07915	7.32356e-06	0.68102
8.05591e-05	8.024	7.32356e-06	0.763741
9.52062e-05	16.4171	7.32356e-06	1.19869
0.000109853	19.6019	7.32356e-06	1.37583
0.0001245	25.6214	7.32356e-06	1.92981
0.000139148	32.9744	7.32356e-06	3.02932
0.000153795	43.9803	7.32356e-06	5.55387
0.000168442	52.1203	7.32356e-06	3.14081
0.000183089	54.9226	7.32356e-06	2.84019
0.000197736	56.8131	7.32356e-06	2.08572
0.000212383	73.0096	7.32356e-06	3.32262
0.00022703	96.6085	7.32356e-06	7.04361
0.000241677	94.8095	7.32356e-06	3.21462
0.000256324	103.243	7.32356e-06	3.92565
0.000270972	126.032	7.32356e-06	4.79901
0.000285619	125.525	7.32356e-06	3.5706
0.000300266	148.368	7.32356e-06	4.05193
0.000314913	165.804	7.32356e-06	5.1381
0.00032956	176.944	7.32356e-06	4.61111
0.000344207	195.798	7.32356e-06	5.04244
0.000358854	225.671	7.32356e-06	8.49709
0.000373501	247.085	7.32356e-06	14.4352
0.000388148	249.928	7.32356e-06	5.46887
0.000402796	284.802	7.32356e-06	6.89108
0.000417443	283.213	7.32356e-06	6.25667
0.00043209	307.158	7.32356e-06	6.38541
0.000446737	330.32	7.32356e-06	7.18839
0.000461384	347.944	7.32356e-06	7.96883
0.000476031	366.404	7.32356e-06	9.58551
0.000490678	374.095	7.32356e-06	6.72495
0.000505325	419.456	7.32356e-06	11.2413
0.000519972	436.567	7.32356e-06	8.08788
0.00053462	449.301	7.32356e-06	7.70678
0.000549267	461.495	7.32356e-06	8.16258
0.000563914	484.677	7.32356e-06	8.58714
0.000578561	522.293	7.32356e-06	10.5755
0.000593208	536.548	7.32356e-06	13.3259
0.000607855	551.395	7.32356e-06	9.51007
0.000622502	580.985	7.32356e-06	13.6737
0.000637149	586.042	7.32356e-06	9.58962
0.000651796	624.687	7.32356e-06	16.4853
0.000666444	641.174	7.32356e-06	13.9276
0.000681091	638.636	7.32356e-06	10.1212
0.000695738	674.085	7.32356e-06	9.97807
0.000710385	706.652	7.32356e-06	17.9557
0.000725032	677.099	7.32356e-06	9.12137
0.000739679	740.872	7.32356e-06	13.1867
0.000754326	731.759	7.32356e-06	11.9775
0.000768973	748.823	7.32356e-06	11.0691
0.00078362	743.834	7.32356e-06	9.70213
0.000798268	788.947	7.32356e-06	11.1253
0.000812915	784.082	7.32356e-06	10.4046
0.000827562	814.854	7.32356e-06	11.3514
0.000842209	814.536	7.32356e-06	11.0697
0.000856856	813.888	7.32356e-06	10.5107
0.000871503	843.294	7.32356e-06	11.2788
0.00088615	856.568	7.32356e-06	12.6653
0.000900797	890.371	7.32356e-06	17.3253
0.000915444	898.335	7.32356e-06	15.3164
0.000930092	893.391	7.32356e-06	11.6729
0.000944739	897.434	7.32356e-06	15.9273
0.000959386	918.155	7.32356e-06	13.0204
0.000974033	915.428	7.32356e-06	13.417
0.00098868	905.278	7.32356e-06	10.9118
0.00100333	891.985	7.32356e-06	11.5987
0.00101797	917.892	7.32356e-06	12.4042
0.00103262	944.716	7.32356e-06	16.2853
0.00104727	896.441	7.32356e-06	12.0629
0.00106192	898.259	7.32356e-06	12.0384
0.00107656	904.235	7.32356e-06	12.1688
0.00109121	923.031	7.32356e-06	12.1225
0.00110586	910.979	7.32356e-06	13.0069
0.0011205	915.9	7.32356e-06	12.1983
0.00113515	923.52	7.32356e-06	12.6868
0.0011498	889.497	7.32356e-06	11.8923
0.00116445	875.84	7.32356e-06	11.5905
0.00117909	881.277	7.32356e-06	13.6319
0.00119374	856.502	7.32356e-06	12.022
0.00120839	858.208	7.32356e-06	11.7772
0.00122303	851.062	7.32356e-06	12.2627
0.00123768	829.476	7.32356e-06	10.9949
0.00125233	844.534	7.32356e-06	12.1431
0.00126698	806.241	7.32356e-06	11.3009
0.00128162	825.572	7.32356e-06	14.4468
0.00129627	800.242	7.32356e-06	13.3401
0.00131092	813.093	7.32356e-06	19.3959
0.00132556	780.029	7.32356e-06	12.0791
0.00134021	730.453	7.32356e-06	11.0204
0.00135486	722.339	7.32356e-06	10.9741
0.0013695	720.092	7.32356e-06	11.3203
0.00138415	699.633	7.32356e-06	12.2937
0.0013988	685.711	7.32356e-06	11.4095
0.00141345	667.26	7.32356e-06	10.59
0.00142809	644.304	7.32356e-06	10.003
0.00144274	621.174	7.32356e-06	8.96125
0.00145739	639.769	7.32356e-06	12.5554
0.00147203	570.932	7.32356e-06	8.95791
0.00148668	578.182	7.32356e-06	9.81753
0.00150133	611.824	7.32356e-06	20.1762
0.00151598	555.154	7.32356e-06	9.95674
0.00153062	522.644	7.32356e-06	8.85478
0.00154527	496.356	7.32356e-06	8.27699
0.00155992	489.4	7.32356e-06	8.70276
0.00157456	466.898	7.32356e-06	9.41573
0.00158921	478.709	7.32356e-06	10.2193
0.00160386	432.147	7.32356e-06	7.39619
0.00161851	433.839	7.32356e-06	14.8981
0.00163315	398.386	7.32356e-06	8.47195
0.0016478	377.866	7.32356e-06	7.6179
0.00166245	371.131	7.32356e-06	8.34622
0.00167709	371.307	7.32356e-06	7.86657
0.00169174	355.325	7.32356e-06	8.55658
0.00170639	346.617	7.32356e-06	7.94228
0.00172104	329.416	7.32356e-06	10.028
0.00173568	299.144	7.32356e-06	6.37084
0.00175033	285.772	7.32356e-06	6.95096
0.00176498	288.938	7.32356e-06	8.88279
0.00177962	266.721	7.32356e-06	7.93139
0.00179427	250.94	7.32356e-06	6.27595
0.00180892	254.152	7.32356e-06	7.01049
0.00182357	230.915	7.32356e-06	5.82078
0.00183821	223.424	7.32356e-06	7.74198
0.00185286	215.388	7.32356e-06	6.38876
0.00186751	216.455	7.32356e-06	20.6254
0.00188215	183.244	7.32356e-06	5.18332
0.0018968	167.314	7.32356e-06	4.86087
0.00191145	174.298	7.32356e-06	7.22447
0.0019261	149.005	7.32356e-06	4.3779
0.00194074	140.514	7.32356e-06	4.36482
0.00195539	167.279	7.32356e-06	12.6517
0.00197004	130.79	7.32356e-06	4.59891
0.00198468	123.025	7.32356e-06	4.45057
0.00199933	114.087	7.32356e-06	4.51135
0.00201398	106.703	7.32356e-06	3.75189
0.00202862	96.5766	7.32356e-06	3.63577
0.00204327	92.6795	7.32356e-06	4.09761
0.00205792	90.4358	7.32356e-06	4.00792
0.00207257	82.7405	7.32356e-06	3.98694
0.00208721	73.8935	7.32356e-06	3.0219
0.00210186	72.8362	7.32356e-06	3.60776
0.00211651	64.8227	7.32356e-06	3.07982
0.00213115	61.3375	7.32356e-06	2.90827
0.0021458	58.7461	7.32356e-06	2.62639
0.00216045	56.3412	7.32356e-06	3.27142
0.0021751	51.629	7.32356e-06	2.97563
0.00218974	47.8831	7.32356e-06	2.81629
0.00220439	46.0991	7.32356e-06	2.89202
0.00221904	43.0206	7.32356e-06	3.2422
0.00223368	36.8314	7.32356e-06	2.58596
0.00224833	30.3667	7.32356e-06	1.84487
0.00226298	32.6013	7.32356e-06	2.68541
0.00227763	22.7799	7.32356e-06	1.79283
0.00229227	23.9502	7.32356e-06	1.71787
0.00230692	21.3097	7.32356e-06	1.48948
0.00232157	29.2488	7.32356e-06	4.55033
0.00233621	22.596	7.32356e-06	2.26784
0.00235086	26.596	7.32356e-06	6.71212
0.00236551	13.8022	7.32356e-06	1.20129
0.00238016	14.3079	7.32356e-06	1.22219
0.0023948	13.9799	7.32356e-06	1.54164
0.00240945	10.05	7.32356e-06	1.32623
0.0024241	7.9051	7.32356e-06	0.951559
0.00243874	8.49481	7.32356e-06	1.17812
0.00245339	5.69108	7.32356e-06	1.00014
0.00246804	6.67991	7.32356e-06	1.89846
0.00248269	8.45425	7.32356e-06	2.70904
0.00249733	4.33006	7.32356e-06	0.778553
0.00251198	2.70693	7.32356e-06	0.522861
0.00252663	1.36901	7.32356e-06	0.384525
0.00254127	1.79826	7.32356e-06	0.491833
0.00255592	1.24819	7.32356e-06	0.340381
0.00257057	0.303893	7.32356e-06	0.180414
