0	1124.04	7.3903e-06	3.82051
1.47806e-05	1123.92	7.3903e-06	3.81119
2.95612e-05	1123.21	7.3903e-06	3.7767
4.43418e-05	1122.02	7.3903e-06	3.7403
5.91224e-05	1120.57	7.3903e-06	3.71329
7.3903e-05	1118.96	7.3903e-06	3.69225
8.86836e-05	1116.12	7.3903e-06	3.63667
0.000103464	1113.78	7.3903e-06	3.61161
0.000118245	1110.38	7.3903e-06	3.57246
0.000133025	1106.69	7.3903e-06	3.53656
0.000147806	1102.85	7.3903e-06	3.50705
0.000162587	1098.8	7.3903e-06	3.47987
0.000177367	1094.37	7.3903e-06	3.45227
0.000192148	1089.41	7.3903e-06	3.4194
0.000206928	1084.11	7.3903e-06	3.38875
0.000221709	1078.47	7.3903e-06	3.35754
0.00023649	1072.49	7.3903e-06	3.32732
0.00025127	1066.2	7.3903e-06	3.29828
0.000266051	1059.09	7.3903e-06	3.25993
0.000280831	1050.97	7.3903e-06	3.21445
0.000295612	1043.3	7.3903e-06	3.181
0.000310393	1035.11	7.3903e-06	3.14681
0.000325173	1025.03	7.3903e-06	2.92182
0.000339954	1015.92	7.3903e-06	2.88433
0.000354735	1006.58	7.3903e-06	2.84689
0.000369515	997.183	7.3903e-06	2.81079
0.000384296	986.887	7.3903e-06	2.7617
0.000399076	976.633	7.3903e-06	2.71223
0.000413857	965.773	7.3903e-06	2.66062
0.000428638	955.549	7.3903e-06	2.62656
0.000443418	944.222	7.3903e-06	2.58296
0.000458199	932.938	7.3903e-06	2.54401
0.000472979	921.494	7.3903e-06	2.4988
0.00048776	910.011	7.3903e-06	2.46403
0.000502541	897.8	7.3903e-06	2.42689
0.000517321	885.402	7.3903e-06	2.38975
0.000532102	872.672	7.3903e-06	2.34911
0.000546882	859.861	7.3903e-06	2.31072
0.000561663	846.747	7.3903e-06	2.27193
0.000576444	833.495	7.3903e-06	2.23422
0.000591224	819.718	7.3903e-06	2.19362
0.000606005	806.529	7.3903e-06	2.15709
0.000620785	792.646	7.3903e-06	2.11612
0.000635566	778.32	7.3903e-06	2.06329
0.000650347	764.04	7.3903e-06	2.02327
0.000665127	750.276	7.3903e-06	1.98817
0.000679908	736.191	7.3903e-06	1.95189
0.000694688	721.273	7.3903e-06	1.88894
0.000709469	706.991	7.3903e-06	1.85525
0.00072425	692.918	7.3903e-06	1.82155
0.00073903	678.264	7.3903e-06	1.78065
0.000753811	663.599	7.3903e-06	1.7432
0.000768591	649.055	7.3903e-06	1.70609
0.000783372	634.656	7.3903e-06	1.67231
0.000798153	620.294	7.3903e-06	1.63813
0.000812933	605.598	7.3903e-06	1.60533
0.000827714	591.045	7.3903e-06	1.5715
0.000842494	576.63	7.3903e-06	1.53815
0.000857275	562.087	7.3903e-06	1.50364
0.000872056	547.864	7.3903e-06	1.4705
0.000886836	533.509	7.3903e-06	1.4397
0.000901617	519.289	7.3903e-06	1.40855
0.000916398	504.875	7.3903e-06	1.3746
0.000931178	490.745	7.3903e-06	1.34306
0.000945959	476.625	7.3903e-06	1.30968
0.000960739	462.724	7.3903e-06	1.27433
0.00097552	448.806	7.3903e-06	1.24512
0.000990301	434.847	7.3903e-06	1.21405
0.00100508	421.177	7.3903e-06	1.18405
0.00101986	407.949	7.3903e-06	1.15129
0.00103464	395.089	7.3903e-06	1.12364
0.00104942	382.242	7.3903e-06	1.09717
0.0010642	369.635	7.3903e-06	1.06924
0.00107898	356.992	7.3903e-06	1.03849
0.00109376	344.701	7.3903e-06	1.01059
0.00110855	332.493	7.3903e-06	0.983322
0.00112333	320.457	7.3903e-06	0.9528
0.00113811	308.855	7.3903e-06	0.928176
0.00115289	297.486	7.3903e-06	0.902408
0.00116767	286.49	7.3903e-06	0.87999
0.00118245	275.463	7.3903e-06	0.849619
0.00119723	264.747	7.3903e-06	0.824516
0.00121201	254.342	7.3903e-06	0.801529
0.00122679	244.211	7.3903e-06	0.778988
0.00124157	234.339	7.3903e-06	0.759191
0.00125635	224.727	7.3903e-06	0.738003
0.00127113	215.182	7.3903e-06	0.711144
0.00128591	205.744	7.3903e-06	0.671092
0.00130069	197.048	7.3903e-06	0.654231
0.00131547	188.375	7.3903e-06	0.632484
0.00133025	180.105	7.3903e-06	0.61307
0.00134504	172.025	7.3903e-06	0.594218
0.00135982	164.071	7.3903e-06	0.576427
0.0013746	156.322	7.3903e-06	0.544548
0.00138938	149.112	7.3903e-06	0.530731
0.00140416	141.942	7.3903e-06	0.515125
0.00141894	134.969	7.3903e-06	0.499271
0.00143372	128.16	7.3903e-06	0.479554
0.0014485	122.067	7.3903e-06	0.467699
0.00146328	115.992	7.3903e-06	0.452873
0.00147806	109.806	7.3903e-06	0.429032
0.00149284	104.301	7.3903e-06	0.417624
0.00150762	98.7901	7.3903e-06	0.405629
0.0015224	93.5759	7.3903e-06	0.393375
0.00153718	88.4988	7.3903e-06	0.376909
0.00155196	83.7645	7.3903e-06	0.365174
0.00156674	79.067	7.3903e-06	0.351054
0.00158152	74.5492	7.3903e-06	0.33805
0.00159631	70.3519	7.3903e-06	0.328834
0.00161109	66.3034	7.3903e-06	0.316317
0.00162587	62.6021	7.3903e-06	0.308619
0.00164065	58.9741	7.3903e-06	0.300917
0.00165543	55.4349	7.3903e-06	0.291099
0.00167021	52.0651	7.3903e-06	0.281869
0.00168499	48.8056	7.3903e-06	0.272803
0.00169977	45.8124	7.3903e-06	0.26483
0.00171455	42.9554	7.3903e-06	0.256797
0.00172933	40.305	7.3903e-06	0.250543
0.00174411	37.6696	7.3903e-06	0.242265
0.00175889	35.2602	7.3903e-06	0.234908
0.00177367	32.8626	7.3903e-06	0.218309
0.00178845	30.582	7.3903e-06	0.191213
0.00180323	28.5843	7.3903e-06	0.184694
0.00181801	26.6613	7.3903e-06	0.178968
0.0018328	24.776	7.3903e-06	0.171736
0.00184758	23.1028	7.3903e-06	0.166309
0.00186236	21.4921	7.3903e-06	0.16155
0.00187714	19.957	7.3903e-06	0.155061
0.00189192	18.4724	7.3903e-06	0.144807
0.0019067	17.1565	7.3903e-06	0.140079
0.00192148	15.8552	7.3903e-06	0.134381
0.00193626	14.6618	7.3903e-06	0.129117
0.00195104	13.5089	7.3903e-06	0.124128
0.00196582	12.4441	7.3903e-06	0.120137
0.0019806	11.4829	7.3903e-06	0.116721
0.00199538	10.5051	7.3903e-06	0.10526
0.00201016	9.61253	7.3903e-06	0.0966604
0.00202494	8.77529	7.3903e-06	0.0892788
0.00203972	8.07686	7.3903e-06	0.0865407
0.0020545	7.39327	7.3903e-06	0.0826435
0.00206928	6.7718	7.3903e-06	0.0800814
0.00208407	6.19348	7.3903e-06	0.0773948
0.00209885	5.648	7.3903e-06	0.0741601
0.00211363	5.08738	7.3903e-06	0.0656409
0.00212841	4.59696	7.3903e-06	0.0628892
0.00214319	4.17084	7.3903e-06	0.0593505
0.00215797	3.76458	7.3903e-06	0.0553611
0.00217275	3.36682	7.3903e-06	0.050305
0.00218753	2.98508	7.3903e-06	0.0456159
0.00220231	2.6704	7.3903e-06	0.0432334
0.00221709	2.35792	7.3903e-06	0.0406624
0.00223187	2.0787	7.3903e-06	0.0368341
0.00224665	1.84777	7.3903e-06	0.0341212
0.00226143	1.63313	7.3903e-06	0.0324679
0.00227621	1.43713	7.3903e-06	0.0289796
0.00229099	1.26403	7.3903e-06	0.0247246
0.00230577	1.11491	7.3903e-06	0.023346
0.00232056	0.969931	7.3903e-06	0.0215121
0.00233534	0.832674	7.3903e-06	0.0197236
0.00235012	0.70459	7.3903e-06	0.0179805
0.0023649	0.593075	7.3903e-06	0.0162942
0.00237968	0.496409	7.3903e-06	0.0146465
0.00239446	0.41515	7.3903e-06	0.013162
0.00240924	0.346267	7.3903e-06	0.0118627
0.00242402	0.280591	7.3903e-06	0.0105681
0.0024388	0.221234	7.3903e-06	0.00925694
0.00245358	0.177319	7.3903e-06	0.00830691
0.00246836	0.131317	7.3903e-06	0.00701122
0.00248314	0.0984339	7.3903e-06	0.00599989
0.00249792	0.0683794	7.3903e-06	0.00494799
0.0025127	0.0441271	7.3903e-06	0.00394267
0.00252748	0.0265786	7.3903e-06	0.00296455
0.00254226	0.013507	7.3903e-06	0.00212379
0.00255704	0.00559445	7.3903e-06	0.00136774
0.00257183	0.00161492	7.3903e-06	0.000723939
