0	1124.55	7.35977e-06	3.72814
1.47195e-05	1124.49	7.35977e-06	3.72584
2.94391e-05	1123.62	7.35977e-06	3.67401
4.41586e-05	1122.51	7.35977e-06	3.64106
5.88782e-05	1120.63	7.35977e-06	3.58158
7.35977e-05	1118.92	7.35977e-06	3.55771
8.83173e-05	1116.86	7.35977e-06	3.53374
0.000103037	1113.82	7.35977e-06	3.49571
0.000117756	1110.48	7.35977e-06	3.45732
0.000132476	1106.52	7.35977e-06	3.39744
0.000147195	1102.9	7.35977e-06	3.37064
0.000161915	1098.72	7.35977e-06	3.34184
0.000176635	1094.08	7.35977e-06	3.30991
0.000191354	1088.82	7.35977e-06	3.27128
0.000206074	1083.45	7.35977e-06	3.23607
0.000220793	1077.18	7.35977e-06	3.19812
0.000235513	1070.77	7.35977e-06	3.15763
0.000250232	1064.16	7.35977e-06	3.12437
0.000264952	1057.43	7.35977e-06	3.09421
0.000279671	1050.32	7.35977e-06	3.0604
0.000294391	1042.72	7.35977e-06	3.02624
0.00030911	1034.95	7.35977e-06	2.99599
0.00032383	1026.15	7.35977e-06	2.95696
0.000338549	1017.72	7.35977e-06	2.92617
0.000353269	1008.41	7.35977e-06	2.87994
0.000367989	998.673	7.35977e-06	2.83821
0.000382708	988.984	7.35977e-06	2.80435
0.000397428	979.167	7.35977e-06	2.77142
0.000412147	968.832	7.35977e-06	2.73789
0.000426867	958.105	7.35977e-06	2.70018
0.000441586	947.355	7.35977e-06	2.66768
0.000456306	936.316	7.35977e-06	2.63454
0.000471025	923.897	7.35977e-06	2.5869
0.000485745	912.64	7.35977e-06	2.55578
0.000500464	900.369	7.35977e-06	2.51747
0.000515184	887.988	7.35977e-06	2.48119
0.000529904	875.157	7.35977e-06	2.44201
0.000544623	862.359	7.35977e-06	2.39837
0.000559343	849.265	7.35977e-06	2.35892
0.000574062	836.135	7.35977e-06	2.32485
0.000588782	822.955	7.35977e-06	2.28948
0.000603501	809.25	7.35977e-06	2.25134
0.000618221	796.079	7.35977e-06	2.21983
0.00063294	782.147	7.35977e-06	2.17386
0.00064766	767.855	7.35977e-06	2.13666
0.000662379	753.709	7.35977e-06	2.10131
0.000677099	739.568	7.35977e-06	2.06675
0.000691818	724.836	7.35977e-06	2.01983
0.000706538	710.717	7.35977e-06	1.98314
0.000721258	696.646	7.35977e-06	1.95129
0.000735977	682.372	7.35977e-06	1.9175
0.000750697	667.723	7.35977e-06	1.88449
0.000765416	653.205	7.35977e-06	1.85291
0.000780136	638.575	7.35977e-06	1.81926
0.000794855	624.023	7.35977e-06	1.7862
0.000809575	609.707	7.35977e-06	1.75361
0.000824294	595.514	7.35977e-06	1.72156
0.000839014	580.883	7.35977e-06	1.68765
0.000853733	566.607	7.35977e-06	1.65711
0.000868453	552.571	7.35977e-06	1.62849
0.000883173	538.151	7.35977e-06	1.59754
0.000897892	523.541	7.35977e-06	1.53828
0.000912612	509.345	7.35977e-06	1.50925
0.000927331	495.321	7.35977e-06	1.47935
0.000942051	480.487	7.35977e-06	1.43301
0.00095677	466.222	7.35977e-06	1.40146
0.00097149	452.48	7.35977e-06	1.37243
0.000986209	439.112	7.35977e-06	1.34528
0.00100093	425.713	7.35977e-06	1.30239
0.00101565	412.814	7.35977e-06	1.27772
0.00103037	399.894	7.35977e-06	1.25025
0.00104509	386.557	7.35977e-06	1.2195
0.00105981	374.001	7.35977e-06	1.19479
0.00107453	361.256	7.35977e-06	1.16669
0.00108925	347.871	7.35977e-06	1.11789
0.00110397	335.898	7.35977e-06	1.09478
0.00111869	323.969	7.35977e-06	1.06602
0.0011334	312.499	7.35977e-06	1.03788
0.00114812	301.402	7.35977e-06	1.01331
0.00116284	290.106	7.35977e-06	0.982554
0.00117756	279.079	7.35977e-06	0.958439
0.00119228	267.863	7.35977e-06	0.920871
0.001207	257.31	7.35977e-06	0.896449
0.00122172	247.067	7.35977e-06	0.871882
0.00123644	237.023	7.35977e-06	0.849318
0.00125116	227.162	7.35977e-06	0.82633
0.00126588	217.734	7.35977e-06	0.805505
0.0012806	208.648	7.35977e-06	0.786031
0.00129532	199.918	7.35977e-06	0.76892
0.00131004	191.235	7.35977e-06	0.750944
0.00132476	183.033	7.35977e-06	0.73142
0.00133948	174.804	7.35977e-06	0.712548
0.0013542	166.909	7.35977e-06	0.693686
0.00136892	159.356	7.35977e-06	0.678425
0.00138364	151.742	7.35977e-06	0.660103
0.00139836	143.826	7.35977e-06	0.62067
0.00141308	136.892	7.35977e-06	0.602598
0.0014278	130.219	7.35977e-06	0.588391
0.00144252	124.117	7.35977e-06	0.576811
0.00145723	118.036	7.35977e-06	0.560288
0.00147195	112.21	7.35977e-06	0.544006
0.00148667	106.654	7.35977e-06	0.53254
0.00150139	100.963	7.35977e-06	0.516473
0.00151611	95.6883	7.35977e-06	0.502818
0.00153083	90.3171	7.35977e-06	0.48375
0.00154555	85.3817	7.35977e-06	0.466949
0.00156027	80.6617	7.35977e-06	0.455253
0.00157499	76.4175	7.35977e-06	0.446953
0.00158971	72.0653	7.35977e-06	0.436396
0.00160443	68.0396	7.35977e-06	0.425705
0.00161915	64.1378	7.35977e-06	0.415623
0.00163387	60.4436	7.35977e-06	0.404443
0.00164859	56.8026	7.35977e-06	0.39286
0.00166331	53.366	7.35977e-06	0.380958
0.00167803	50.2178	7.35977e-06	0.373075
0.00169275	47.1437	7.35977e-06	0.364819
0.00170747	44.2338	7.35977e-06	0.354641
0.00172219	41.042	7.35977e-06	0.304112
0.00173691	38.3167	7.35977e-06	0.293188
0.00175163	35.645	7.35977e-06	0.274954
0.00176635	33.2961	7.35977e-06	0.267191
0.00178106	31.162	7.35977e-06	0.259576
0.00179578	28.9112	7.35977e-06	0.248923
0.0018105	26.7378	7.35977e-06	0.221329
0.00182522	24.9146	7.35977e-06	0.214767
0.00183994	23.1698	7.35977e-06	0.207146
0.00185466	21.4652	7.35977e-06	0.197133
0.00186938	19.9626	7.35977e-06	0.192119
0.0018841	18.5311	7.35977e-06	0.186058
0.00189882	17.1832	7.35977e-06	0.180377
0.00191354	15.8661	7.35977e-06	0.167614
0.00192826	14.6775	7.35977e-06	0.162077
0.00194298	13.4881	7.35977e-06	0.155379
0.0019577	12.4324	7.35977e-06	0.148666
0.00197242	11.4485	7.35977e-06	0.143424
0.00198714	10.4843	7.35977e-06	0.138114
0.00200186	9.60674	7.35977e-06	0.132515
0.00201658	8.79601	7.35977e-06	0.12577
0.0020313	8.03226	7.35977e-06	0.121203
0.00204602	7.30919	7.35977e-06	0.116352
0.00206074	6.69092	7.35977e-06	0.11346
0.00207546	6.14221	7.35977e-06	0.110533
0.00209018	5.62465	7.35977e-06	0.107839
0.00210489	5.1296	7.35977e-06	0.104918
0.00211961	4.62652	7.35977e-06	0.101498
0.00213433	4.14422	7.35977e-06	0.0974088
0.00214905	3.69993	7.35977e-06	0.0915596
0.00216377	3.30228	7.35977e-06	0.0860155
0.00217849	2.93906	7.35977e-06	0.0807219
0.00219321	2.67391	7.35977e-06	0.0793458
0.00220793	2.39225	7.35977e-06	0.0774181
0.00222265	2.11833	7.35977e-06	0.0742983
0.00223737	1.89677	7.35977e-06	0.0726433
0.00225209	1.69142	7.35977e-06	0.0707883
0.00226681	1.50367	7.35977e-06	0.0694647
0.00228153	1.32679	7.35977e-06	0.0681387
0.00229625	1.17089	7.35977e-06	0.0667963
0.00231097	1.02829	7.35977e-06	0.0652923
0.00232569	0.912463	7.35977e-06	0.0642985
0.00234041	0.774801	7.35977e-06	0.0620316
0.00235513	0.678145	7.35977e-06	0.0612606
0.00236985	0.580656	7.35977e-06	0.0595312
0.00238457	0.48884	7.35977e-06	0.0584132
0.00239929	0.395858	7.35977e-06	0.0568027
0.002414	0.346311	7.35977e-06	0.0564647
0.00242872	0.204655	7.35977e-06	0.0148972
0.00244344	0.160843	7.35977e-06	0.0132468
0.00245816	0.108039	7.35977e-06	0.0107522
0.00247288	0.0736009	7.35977e-06	0.00926427
0.0024876	0.0529453	7.35977e-06	0.00829123
0.00250232	0.0379802	7.35977e-06	0.00673422
0.00251704	0.02237	7.35977e-06	0.00463455
0.00253176	0.0159759	7.35977e-06	0.00402928
0.00254648	0.00883758	7.35977e-06	0.00291688
0.0025612	0.0017352	7.35977e-06	0.00123686
