0	1123.81	7.35374e-06	4.7347
1.47075e-05	1123.2	7.35374e-06	4.55508
2.9415e-05	1122.55	7.35374e-06	4.53136
4.41224e-05	1121.78	7.35374e-06	4.51876
5.88299e-05	1120.35	7.35374e-06	4.49787
7.35374e-05	1118.3	7.35374e-06	4.46768
8.82449e-05	1116.51	7.35374e-06	4.45356
0.000102952	1113.59	7.35374e-06	4.42489
0.00011766	1110.54	7.35374e-06	4.4017
0.000132367	1107.01	7.35374e-06	4.37672
0.000147075	1102.68	7.35374e-06	4.34313
0.000161782	1097.88	7.35374e-06	4.30841
0.00017649	1093.47	7.35374e-06	4.28748
0.000191197	1088.24	7.35374e-06	4.2624
0.000205905	1082.76	7.35374e-06	4.23798
0.000220612	1076.8	7.35374e-06	4.21219
0.00023532	1070.92	7.35374e-06	4.19004
0.000250027	1064.46	7.35374e-06	4.16735
0.000264735	1057.43	7.35374e-06	4.14002
0.000279442	1050.23	7.35374e-06	4.11726
0.00029415	1042.51	7.35374e-06	4.08903
0.000308857	1033.9	7.35374e-06	4.04232
0.000323565	1026.04	7.35374e-06	4.02121
0.000338272	1017.14	7.35374e-06	3.9942
0.000352979	1008.33	7.35374e-06	3.96801
0.000367687	999.068	7.35374e-06	3.94272
0.000382394	989.473	7.35374e-06	3.91963
0.000397102	979.76	7.35374e-06	3.89747
0.000411809	969.323	7.35374e-06	3.8719
0.000426517	958.661	7.35374e-06	3.84799
0.000441224	947.6	7.35374e-06	3.82333
0.000455932	936.893	7.35374e-06	3.80062
0.000470639	925.569	7.35374e-06	3.77637
0.000485347	914.387	7.35374e-06	3.75578
0.000500054	901.821	7.35374e-06	3.71419
0.000514762	889.372	7.35374e-06	3.69037
0.000529469	876.849	7.35374e-06	3.66709
0.000544177	864.551	7.35374e-06	3.64614
0.000558884	851.648	7.35374e-06	3.6216
0.000573592	837.897	7.35374e-06	3.57583
0.000588299	825.021	7.35374e-06	3.55534
0.000603007	811.864	7.35374e-06	3.53435
0.000617714	798.118	7.35374e-06	3.51083
0.000632422	783.569	7.35374e-06	3.47315
0.000647129	769.565	7.35374e-06	3.44616
0.000661836	755.679	7.35374e-06	3.42523
0.000676544	741.646	7.35374e-06	3.40333
0.000691251	726.438	7.35374e-06	3.36833
0.000705959	712.018	7.35374e-06	3.34331
0.000720666	697.941	7.35374e-06	3.32505
0.000735374	683.306	7.35374e-06	3.30353
0.000750081	668.099	7.35374e-06	3.27328
0.000764789	653.318	7.35374e-06	3.25294
0.000779496	638.637	7.35374e-06	3.23375
0.000794204	624.34	7.35374e-06	3.21656
0.000808911	609.481	7.35374e-06	3.1857
0.000823619	595.237	7.35374e-06	3.16991
0.000838326	580.997	7.35374e-06	3.15363
0.000853034	567.011	7.35374e-06	3.13745
0.000867741	552.925	7.35374e-06	3.12243
0.000882449	537.732	7.35374e-06	3.04613
0.000897156	523.375	7.35374e-06	3.02291
0.000911864	509.264	7.35374e-06	3.00802
0.000926571	494.785	7.35374e-06	2.99055
0.000941279	480.866	7.35374e-06	2.97648
0.000955986	466.992	7.35374e-06	2.96278
0.000970694	453.532	7.35374e-06	2.94469
0.000985401	439.641	7.35374e-06	2.9257
0.00100011	426.026	7.35374e-06	2.90722
0.00101482	412.717	7.35374e-06	2.89384
0.00102952	399.43	7.35374e-06	2.87805
0.00104423	386.697	7.35374e-06	2.86615
0.00105894	373.916	7.35374e-06	2.85345
0.00107365	361.849	7.35374e-06	2.8428
0.00108835	349.612	7.35374e-06	2.83226
0.00110306	337.905	7.35374e-06	2.82373
0.00111777	326.024	7.35374e-06	2.81442
0.00113248	314.002	7.35374e-06	2.80161
0.00114718	302.764	7.35374e-06	2.79323
0.00116189	291.267	7.35374e-06	2.78165
0.0011766	280.669	7.35374e-06	2.77479
0.00119131	269.962	7.35374e-06	2.76393
0.00120601	259.439	7.35374e-06	2.75037
0.00122072	249.646	7.35374e-06	2.74463
0.00123543	239.851	7.35374e-06	2.73733
0.00125014	230.015	7.35374e-06	2.73051
0.00126484	220.464	7.35374e-06	2.72459
0.00127955	211.066	7.35374e-06	2.71856
0.00129426	202.38	7.35374e-06	2.71353
0.00130897	190.029	7.35374e-06	0.718798
0.00132367	181.793	7.35374e-06	0.701445
0.00133838	173.463	7.35374e-06	0.674922
0.00135309	165.588	7.35374e-06	0.656771
0.0013678	158.098	7.35374e-06	0.64134
0.0013825	150.881	7.35374e-06	0.626146
0.00139721	143.737	7.35374e-06	0.606702
0.00141192	136.993	7.35374e-06	0.592642
0.00142663	130.229	7.35374e-06	0.575198
0.00144133	123.959	7.35374e-06	0.559741
0.00145604	117.783	7.35374e-06	0.544247
0.00147075	111.841	7.35374e-06	0.53123
0.00148546	105.977	7.35374e-06	0.514306
0.00150016	100.603	7.35374e-06	0.503122
0.00151487	95.3222	7.35374e-06	0.491615
0.00152958	90.0877	7.35374e-06	0.477369
0.00154429	85.3353	7.35374e-06	0.461615
0.00155899	80.8565	7.35374e-06	0.452518
0.0015737	76.4076	7.35374e-06	0.442827
0.00158841	72.128	7.35374e-06	0.432821
0.00160312	67.875	7.35374e-06	0.414918
0.00161782	63.8817	7.35374e-06	0.402661
0.00163253	59.8337	7.35374e-06	0.355584
0.00164724	56.1936	7.35374e-06	0.34577
0.00166194	52.7501	7.35374e-06	0.334029
0.00167665	49.6101	7.35374e-06	0.324556
0.00169136	46.4218	7.35374e-06	0.311357
0.00170607	43.5325	7.35374e-06	0.302524
0.00172077	40.7383	7.35374e-06	0.292728
0.00173548	38.092	7.35374e-06	0.283501
0.00175019	35.6333	7.35374e-06	0.276485
0.0017649	33.1891	7.35374e-06	0.261594
0.0017796	31.0082	7.35374e-06	0.254585
0.00179431	28.929	7.35374e-06	0.245992
0.00180902	26.9863	7.35374e-06	0.239523
0.00182373	25.0686	7.35374e-06	0.224488
0.00183843	23.4189	7.35374e-06	0.219064
0.00185314	21.7113	7.35374e-06	0.211425
0.00186785	20.2334	7.35374e-06	0.206878
0.00188256	18.8657	7.35374e-06	0.202776
0.00189726	17.4554	7.35374e-06	0.1979
0.00191197	16.2754	7.35374e-06	0.194289
0.00192668	15.0907	7.35374e-06	0.188449
0.00194139	13.9098	7.35374e-06	0.181773
0.00195609	12.87	7.35374e-06	0.178043
0.0019708	11.8089	7.35374e-06	0.16414
0.00198551	10.7557	7.35374e-06	0.137717
0.00200022	9.8971	7.35374e-06	0.132966
0.00201492	9.10828	7.35374e-06	0.127588
0.00202963	8.33568	7.35374e-06	0.121715
0.00204434	7.6317	7.35374e-06	0.116487
0.00205905	6.94029	7.35374e-06	0.111822
0.00207375	6.3023	7.35374e-06	0.105891
0.00208846	5.76019	7.35374e-06	0.100444
0.00210317	5.28472	7.35374e-06	0.0978058
0.00211788	4.8191	7.35374e-06	0.0948362
0.00213258	4.24924	7.35374e-06	0.0829604
0.00214729	3.83683	7.35374e-06	0.0799911
0.002162	3.45018	7.35374e-06	0.0766348
0.00217671	3.06414	7.35374e-06	0.0679005
0.00219141	2.77834	7.35374e-06	0.0659982
0.00220612	2.46145	7.35374e-06	0.059795
0.00222083	2.2164	7.35374e-06	0.0575433
0.00223554	1.98873	7.35374e-06	0.0556645
0.00225024	1.77314	7.35374e-06	0.0533845
0.00226495	1.59482	7.35374e-06	0.0518464
0.00227966	1.43266	7.35374e-06	0.0500558
0.00229437	1.26757	7.35374e-06	0.0480732
0.00230907	1.11314	7.35374e-06	0.0455549
0.00232378	0.953056	7.35374e-06	0.0411313
0.00233849	0.810662	7.35374e-06	0.0388225
0.0023532	0.693708	7.35374e-06	0.0367291
0.0023679	0.595939	7.35374e-06	0.0347656
0.00238261	0.515444	7.35374e-06	0.0334008
0.00239732	0.420449	7.35374e-06	0.0299826
0.00241203	0.359872	7.35374e-06	0.0290159
0.00242673	0.304509	7.35374e-06	0.0280647
0.00244144	0.249717	7.35374e-06	0.026682
0.00245615	0.194638	7.35374e-06	0.0251988
0.00247086	0.137212	7.35374e-06	0.0190218
0.00248556	0.10111	7.35374e-06	0.0179686
0.00250027	0.0860536	7.35374e-06	0.0176311
0.00251498	0.0673986	7.35374e-06	0.0168107
0.00252969	0.0363037	7.35374e-06	0.0144004
0.00254439	0.0276263	7.35374e-06	0.0138867
0.0025591	0.0232676	7.35374e-06	0.0135278
