0	1125.82	7.38879e-06	4.24286
1.47776e-05	1125.62	7.38879e-06	4.2182
2.95552e-05	1125	7.38879e-06	4.19382
4.43328e-05	1124.03	7.38879e-06	4.17092
5.91103e-05	1122.4	7.38879e-06	4.13964
7.38879e-05	1119.88	7.38879e-06	4.04838
8.86655e-05	1116.87	7.38879e-06	3.92982
0.000103443	1113.91	7.38879e-06	3.89551
0.000118221	1110.91	7.38879e-06	3.86814
0.000132998	1107.61	7.38879e-06	3.8376
0.000147776	1103.88	7.38879e-06	3.81105
0.000162553	1099.55	7.38879e-06	3.78149
0.000177331	1095.44	7.38879e-06	3.76039
0.000192109	1089.94	7.38879e-06	3.72384
0.000206886	1084.32	7.38879e-06	3.69417
0.000221664	1078.43	7.38879e-06	3.66467
0.000236441	1072.28	7.38879e-06	3.62796
0.000251219	1065.85	7.38879e-06	3.60136
0.000265997	1058.94	7.38879e-06	3.57326
0.000280774	1051.18	7.38879e-06	3.51905
0.000295552	1043.66	7.38879e-06	3.49172
0.000310329	1035.52	7.38879e-06	3.46208
0.000325107	1027.43	7.38879e-06	3.43472
0.000339884	1017.98	7.38879e-06	3.39535
0.000354662	1008.08	7.38879e-06	3.29593
0.00036944	998.123	7.38879e-06	3.25507
0.000384217	988.643	7.38879e-06	3.22503
0.000398995	977.847	7.38879e-06	3.1781
0.000413772	967.89	7.38879e-06	3.15042
0.00042855	956.937	7.38879e-06	3.11593
0.000443328	945.3	7.38879e-06	3.07838
0.000458105	934.339	7.38879e-06	3.04883
0.000472883	922.686	7.38879e-06	3.01582
0.00048766	910.985	7.38879e-06	2.98583
0.000502438	898.946	7.38879e-06	2.95463
0.000517215	885.775	7.38879e-06	2.91067
0.000531993	871.993	7.38879e-06	2.75162
0.000546771	859.027	7.38879e-06	2.70439
0.000561548	846.307	7.38879e-06	2.67539
0.000576326	832.891	7.38879e-06	2.63822
0.000591103	819.065	7.38879e-06	2.58085
0.000605881	805.386	7.38879e-06	2.54623
0.000620659	791.509	7.38879e-06	2.51158
0.000635436	777.811	7.38879e-06	2.48138
0.000650214	763.933	7.38879e-06	2.44645
0.000664991	749.455	7.38879e-06	2.41017
0.000679769	734.988	7.38879e-06	2.37843
0.000694546	720.545	7.38879e-06	2.34576
0.000709324	706.032	7.38879e-06	2.31475
0.000724102	691.526	7.38879e-06	2.28413
0.000738879	677.176	7.38879e-06	2.25495
0.000753657	662.583	7.38879e-06	2.2217
0.000768434	647.069	7.38879e-06	2.09079
0.000783212	632.607	7.38879e-06	2.06288
0.00079799	618.188	7.38879e-06	2.02736
0.000812767	603.661	7.38879e-06	2.00109
0.000827545	589.207	7.38879e-06	1.96889
0.000842322	574.243	7.38879e-06	1.93396
0.0008571	559.906	7.38879e-06	1.90625
0.000871877	545.524	7.38879e-06	1.86079
0.000886655	531.347	7.38879e-06	1.83556
0.000901433	517.06	7.38879e-06	1.80439
0.00091621	503.046	7.38879e-06	1.77162
0.000930988	489.073	7.38879e-06	1.74848
0.000945765	475.182	7.38879e-06	1.72543
0.000960543	461.392	7.38879e-06	1.69672
0.000975321	447.755	7.38879e-06	1.67304
0.000990098	434.293	7.38879e-06	1.65109
0.00100488	421.335	7.38879e-06	1.6312
0.00101965	408.356	7.38879e-06	1.611
0.00103443	395.404	7.38879e-06	1.58826
0.00104921	382.781	7.38879e-06	1.56864
0.00106399	370.172	7.38879e-06	1.54906
0.00107876	357.627	7.38879e-06	1.52648
0.00109354	345.211	7.38879e-06	1.50687
0.00110832	333.135	7.38879e-06	1.4895
0.0011231	321.688	7.38879e-06	1.47531
0.00113787	309.772	7.38879e-06	1.44696
0.00115265	298.18	7.38879e-06	1.40642
0.00116743	287.421	7.38879e-06	1.39247
0.00118221	276.335	7.38879e-06	1.37789
0.00119698	265.493	7.38879e-06	1.34855
0.00121176	255.339	7.38879e-06	1.33603
0.00122654	245.416	7.38879e-06	1.32039
0.00124132	235.676	7.38879e-06	1.30758
0.00125609	226.438	7.38879e-06	1.29727
0.00127087	217.106	7.38879e-06	1.28295
0.00128565	207.956	7.38879e-06	1.27175
0.00130043	198.897	7.38879e-06	1.24378
0.0013152	190.381	7.38879e-06	1.23362
0.00132998	181.906	7.38879e-06	1.22267
0.00134476	173.306	7.38879e-06	1.17933
0.00135954	165.469	7.38879e-06	1.16933
0.00137432	157.516	7.38879e-06	1.14636
0.00138909	150.117	7.38879e-06	1.13655
0.00140387	141.854	7.38879e-06	0.610903
0.00141865	134.769	7.38879e-06	0.586602
0.00143343	128.142	7.38879e-06	0.572164
0.0014482	122.07	7.38879e-06	0.561965
0.00146298	115.704	7.38879e-06	0.539397
0.00147776	109.803	7.38879e-06	0.524704
0.00149254	104.261	7.38879e-06	0.514871
0.00150731	98.8939	7.38879e-06	0.504076
0.00152209	93.9309	7.38879e-06	0.495738
0.00153687	88.8507	7.38879e-06	0.482603
0.00155165	83.999	7.38879e-06	0.473163
0.00156642	79.2618	7.38879e-06	0.46176
0.0015812	74.6466	7.38879e-06	0.433703
0.00159598	70.4392	7.38879e-06	0.425401
0.00161076	66.2855	7.38879e-06	0.410252
0.00162553	62.259	7.38879e-06	0.399899
0.00164031	58.6402	7.38879e-06	0.391676
0.00165509	55.1418	7.38879e-06	0.385093
0.00166987	51.8123	7.38879e-06	0.378277
0.00168464	48.8113	7.38879e-06	0.372988
0.00169942	45.8578	7.38879e-06	0.364243
0.0017142	42.929	7.38879e-06	0.356698
0.00172898	40.0665	7.38879e-06	0.328674
0.00174375	37.4658	7.38879e-06	0.322841
0.00175853	35.0586	7.38879e-06	0.316669
0.00177331	32.7697	7.38879e-06	0.311494
0.00178809	30.5112	7.38879e-06	0.304314
0.00180287	28.515	7.38879e-06	0.300242
0.00181764	26.6484	7.38879e-06	0.293798
0.00183242	24.7849	7.38879e-06	0.289204
0.0018472	23.0979	7.38879e-06	0.285103
0.00186198	21.3678	7.38879e-06	0.276451
0.00187675	19.7023	7.38879e-06	0.255747
0.00189153	18.2155	7.38879e-06	0.248997
0.00190631	16.9274	7.38879e-06	0.246619
0.00192109	15.6767	7.38879e-06	0.243269
0.00193586	14.2003	7.38879e-06	0.134179
0.00195064	13.0442	7.38879e-06	0.127208
0.00196542	12.0826	7.38879e-06	0.12382
0.0019802	11.1454	7.38879e-06	0.119877
0.00199497	10.2585	7.38879e-06	0.116378
0.00200975	9.40583	7.38879e-06	0.112045
0.00202453	8.66685	7.38879e-06	0.109034
0.00203931	7.90979	7.38879e-06	0.10312
0.00205408	7.23317	7.38879e-06	0.10003
0.00206886	6.62572	7.38879e-06	0.0972426
0.00208364	6.00671	7.38879e-06	0.0937774
0.00209842	5.377	7.38879e-06	0.0817004
0.00211319	4.88238	7.38879e-06	0.0792861
0.00212797	4.38335	7.38879e-06	0.0758654
0.00214275	3.94131	7.38879e-06	0.0736006
0.00215753	3.5832	7.38879e-06	0.0716997
0.0021723	3.18098	7.38879e-06	0.0531436
0.00218708	2.81786	7.38879e-06	0.0499484
0.00220186	2.50921	7.38879e-06	0.0471548
0.00221664	2.24293	7.38879e-06	0.0446467
0.00223142	1.99222	7.38879e-06	0.0425907
0.00224619	1.75911	7.38879e-06	0.0395174
0.00226097	1.53809	7.38879e-06	0.0377018
0.00227575	1.36322	7.38879e-06	0.036186
0.00229053	1.19777	7.38879e-06	0.0333134
0.0023053	1.04385	7.38879e-06	0.0320542
0.00232008	0.914449	7.38879e-06	0.0309457
0.00233486	0.79982	7.38879e-06	0.0299346
0.00234964	0.681178	7.38879e-06	0.0287355
0.00236441	0.557815	7.38879e-06	0.0165227
0.00237919	0.475735	7.38879e-06	0.0150996
0.00239397	0.399648	7.38879e-06	0.0137581
0.00240875	0.329684	7.38879e-06	0.0124242
0.00242352	0.269419	7.38879e-06	0.0111616
0.0024383	0.221574	7.38879e-06	0.0102065
0.00245308	0.174191	7.38879e-06	0.00884146
0.00246786	0.133061	7.38879e-06	0.00747719
0.00248263	0.0952735	7.38879e-06	0.00633406
0.00249741	0.0652066	7.38879e-06	0.00511932
0.00251219	0.0419102	7.38879e-06	0.00405157
0.00252697	0.0283672	7.38879e-06	0.00333285
0.00254174	0.0115838	7.38879e-06	0.00205516
0.00255652	0.00238042	7.38879e-06	0.000904601
0.0025713	0.000631212	7.38879e-06	0.000447251
