7.36029e-06	0.122498	7.36029e-06	0.0872976
2.20809e-05	0.957403	7.36029e-06	0.343248
3.68014e-05	2.40871	7.36029e-06	0.430132
5.1522e-05	3.83276	7.36029e-06	0.635205
6.62426e-05	10.5342	7.36029e-06	2.04733
8.09632e-05	12.5598	7.36029e-06	1.31003
9.56838e-05	16.4541	7.36029e-06	1.35636
0.000110404	23.5168	7.36029e-06	1.76806
0.000125125	34.6454	7.36029e-06	2.50686
0.000139846	32.4064	7.36029e-06	2.01588
0.000154566	43.0059	7.36029e-06	2.66272
0.000169287	56.3891	7.36029e-06	3.38414
0.000184007	62.2541	7.36029e-06	2.79779
0.000198728	74.484	7.36029e-06	3.30565
0.000213448	86.5196	7.36029e-06	4.35367
0.000228169	99.2687	7.36029e-06	8.73024
0.00024289	102.355	7.36029e-06	3.96531
0.00025761	130.304	7.36029e-06	6.32916
0.000272331	137.121	7.36029e-06	4.80729
0.000287051	149.073	7.36029e-06	4.88631
0.000301772	155.547	7.36029e-06	4.5336
0.000316492	197.237	7.36029e-06	7.51538
0.000331213	206.059	7.36029e-06	7.0395
0.000345934	216.599	7.36029e-06	7.00385
0.000360654	244.467	7.36029e-06	6.73238
0.000375375	256.782	7.36029e-06	6.24786
0.000390095	261.477	7.36029e-06	6.92293
0.000404816	278.166	7.36029e-06	6.23792
0.000419537	306.602	7.36029e-06	9.43942
0.000434257	312.871	7.36029e-06	6.43964
0.000448978	344.785	7.36029e-06	7.86447
0.000463698	358.994	7.36029e-06	7.44531
0.000478419	388.678	7.36029e-06	8.3823
0.000493139	384.48	7.36029e-06	7.29739
0.00050786	424.255	7.36029e-06	7.32444
0.000522581	426.726	7.36029e-06	7.49704
0.000537301	471.864	7.36029e-06	10.3072
0.000552022	478.777	7.36029e-06	8.21469
0.000566742	489.883	7.36029e-06	8.48528
0.000581463	528.069	7.36029e-06	8.95499
0.000596183	559.852	7.36029e-06	11.0161
0.000610904	562.127	7.36029e-06	11.4319
0.000625625	570.439	7.36029e-06	9.0736
0.000640345	623.086	7.36029e-06	11.9296
0.000655066	636.809	7.36029e-06	10.5621
0.000669786	638.604	7.36029e-06	9.07637
0.000684507	694.377	7.36029e-06	13.3857
0.000699228	682.892	7.36029e-06	9.82919
0.000713948	708.216	7.36029e-06	10.3231
0.000728669	768.674	7.36029e-06	39.9831
0.000743389	729.538	7.36029e-06	10.0994
0.00075811	760.619	7.36029e-06	11.9455
0.00077283	745.169	7.36029e-06	9.10179
0.000787551	780.902	7.36029e-06	11.5822
0.000802272	798.187	7.36029e-06	12.251
0.000816992	814.093	7.36029e-06	10.2725
0.000831713	831.888	7.36029e-06	14.1956
0.000846433	865.123	7.36029e-06	15.7694
0.000861154	848.368	7.36029e-06	10.5052
0.000875874	876.315	7.36029e-06	16.5259
0.000890595	884.173	7.36029e-06	14.1679
0.000905316	867.309	7.36029e-06	9.84393
0.000920036	902.872	7.36029e-06	11.2297
0.000934757	888.624	7.36029e-06	10.4487
0.000949477	898.952	7.36029e-06	10.662
0.000964198	890.331	7.36029e-06	10.197
0.000978919	915.507	7.36029e-06	10.4139
0.000993639	911.698	7.36029e-06	12.1237
0.00100836	963.162	7.36029e-06	24.1587
0.00102308	910.353	7.36029e-06	10.6053
0.0010378	898.7	7.36029e-06	9.66719
0.00105252	909.35	7.36029e-06	11.2662
0.00106724	901.207	7.36029e-06	9.98059
0.00108196	929.426	7.36029e-06	17.0123
0.00109668	894.802	7.36029e-06	9.53905
0.0011114	904.507	7.36029e-06	10.3377
0.00112612	898.213	7.36029e-06	9.93921
0.00114084	874.047	7.36029e-06	9.22504
0.00115557	908.403	7.36029e-06	12.5245
0.00117029	859.16	7.36029e-06	9.02683
0.00118501	862.849	7.36029e-06	11.6415
0.00119973	852.084	7.36029e-06	8.74331
0.00121445	840.245	7.36029e-06	9.23264
0.00122917	832.019	7.36029e-06	8.90737
0.00124389	839.994	7.36029e-06	19.8422
0.00125861	798.483	7.36029e-06	8.36685
0.00127333	783.08	7.36029e-06	8.34109
0.00128805	780.277	7.36029e-06	9.28914
0.00130277	759.024	7.36029e-06	8.06228
0.00131749	752.592	7.36029e-06	8.27174
0.00133221	741.73	7.36029e-06	9.66241
0.00134693	727.408	7.36029e-06	8.1778
0.00136165	697.787	7.36029e-06	7.44802
0.00137637	683.155	7.36029e-06	7.45266
0.00139109	662.053	7.36029e-06	8.00468
0.00140582	657.176	7.36029e-06	8.19272
0.00142054	645.709	7.36029e-06	8.30375
0.00143526	622.937	7.36029e-06	7.4066
0.00144998	604.811	7.36029e-06	6.79712
0.0014647	576.895	7.36029e-06	6.72587
0.00147942	574.747	7.36029e-06	6.7263
0.00149414	565.313	7.36029e-06	7.00958
0.00150886	542.977	7.36029e-06	6.51112
0.00152358	533.685	7.36029e-06	6.84772
0.0015383	501.471	7.36029e-06	6.11538
0.00155302	492.7	7.36029e-06	6.0204
0.00156774	488.189	7.36029e-06	10.4488
0.00158246	459.947	7.36029e-06	5.93665
0.00159718	453.421	7.36029e-06	6.22943
0.0016119	426.05	7.36029e-06	6.5579
0.00162662	408.389	7.36029e-06	6.64207
0.00164134	392.744	7.36029e-06	5.66829
0.00165607	382.979	7.36029e-06	5.1583
0.00167079	366.881	7.36029e-06	7.62211
0.00168551	355.186	7.36029e-06	5.10165
0.00170023	329.499	7.36029e-06	4.73793
0.00171495	316.446	7.36029e-06	5.31755
0.00172967	301.224	7.36029e-06	4.51032
0.00174439	297.506	7.36029e-06	4.51004
0.00175911	281.99	7.36029e-06	4.42192
0.00177383	281.624	7.36029e-06	4.69808
0.00178855	256.826	7.36029e-06	4.24597
0.00180327	240.707	7.36029e-06	3.97405
0.00181799	230.803	7.36029e-06	3.85627
0.00183271	215.883	7.36029e-06	3.76875
0.00184743	210.813	7.36029e-06	3.71797
0.00186215	193.97	7.36029e-06	3.73155
0.00187687	183.112	7.36029e-06	3.45966
0.00189159	183.114	7.36029e-06	3.5324
0.00190632	167.065	7.36029e-06	3.23239
0.00192104	159.328	7.36029e-06	3.21062
0.00193576	150.573	7.36029e-06	3.06254
0.00195048	142.359	7.36029e-06	3.01132
0.0019652	132.133	7.36029e-06	2.86111
0.00197992	126.45	7.36029e-06	2.8056
0.00199464	119.8	7.36029e-06	2.67431
0.00200936	113.08	7.36029e-06	2.61187
0.00202408	102.931	7.36029e-06	2.45966
0.0020388	98.6531	7.36029e-06	2.40985
0.00205352	93.6477	7.36029e-06	2.36189
0.00206824	87.7091	7.36029e-06	2.29897
0.00208296	81.8178	7.36029e-06	2.225
0.00209768	73.8485	7.36029e-06	2.09289
0.0021124	70.157	7.36029e-06	2.01862
0.00212712	64.7284	7.36029e-06	1.93168
0.00214184	58.6992	7.36029e-06	1.83774
0.00215656	56.6572	7.36029e-06	1.79629
0.00217129	51.066	7.36029e-06	1.69275
0.00218601	51.0929	7.36029e-06	1.70617
0.00220073	42.8829	7.36029e-06	1.54906
0.00221545	42.8322	7.36029e-06	1.55203
0.00223017	36.1009	7.36029e-06	1.40741
0.00224489	34.6723	7.36029e-06	1.37753
0.00225961	31.3964	7.36029e-06	1.31014
0.00227433	28.8544	7.36029e-06	1.25508
0.00228905	24.4169	7.36029e-06	1.14649
0.00230377	22.7014	7.36029e-06	1.11015
0.00231849	22.7699	7.36029e-06	1.10356
0.00233321	17.4531	7.36029e-06	0.959148
0.00234793	17.6258	7.36029e-06	0.970577
0.00236265	14.8762	7.36029e-06	0.885805
0.00237737	16.2111	7.36029e-06	0.927569
0.00239209	12.2994	7.36029e-06	0.800242
0.00240681	10.6148	7.36029e-06	0.739159
0.00242154	8.87182	7.36029e-06	0.673558
0.00243626	8.36201	7.36029e-06	0.653772
0.00245098	7.39045	7.36029e-06	0.611929
0.0024657	5.40239	7.36029e-06	0.524343
0.00248042	4.86687	7.36029e-06	0.499146
0.00249514	4.51383	7.36029e-06	0.476798
0.00250986	3.64566	7.36029e-06	0.424536
0.00252458	2.79327	7.36029e-06	0.37047
0.0025393	1.71384	7.36029e-06	0.289969
0.00255402	1.31461	7.36029e-06	0.25323
0.00256874	0.529617	7.36029e-06	0.159738
0.00258346	0.0952466	7.36029e-06	0.0673503
