7.36044e-06	0.096431	7.36044e-06	0.0559597
2.20813e-05	0.958684	7.36044e-06	0.251721
3.68022e-05	2.91218	7.36044e-06	0.567509
5.15231e-05	4.25404	7.36044e-06	0.529266
6.6244e-05	5.96352	7.36044e-06	0.6193
8.09649e-05	11.8622	7.36044e-06	1.04828
9.56858e-05	17.3832	7.36044e-06	1.30789
0.000110407	25.7874	7.36044e-06	2.21729
0.000125128	30.3932	7.36044e-06	2.02504
0.000139848	38.1274	7.36044e-06	2.10798
0.000154569	42.1797	7.36044e-06	1.97184
0.00016929	50.5017	7.36044e-06	2.32806
0.000184011	61.4387	7.36044e-06	2.58968
0.000198732	72.7243	7.36044e-06	2.95363
0.000213453	84.0443	7.36044e-06	2.95868
0.000228174	94.3011	7.36044e-06	3.60153
0.000242895	109.838	7.36044e-06	3.26293
0.000257616	118.794	7.36044e-06	3.41041
0.000272336	133.289	7.36044e-06	3.90114
0.000287057	161.289	7.36044e-06	5.06151
0.000301778	174.263	7.36044e-06	5.85427
0.000316499	176.175	7.36044e-06	4.80862
0.00033122	198.748	7.36044e-06	4.73427
0.000345941	214.924	7.36044e-06	5.79306
0.000360662	239.136	7.36044e-06	6.23488
0.000375383	248.452	7.36044e-06	5.6204
0.000390104	252.261	7.36044e-06	5.11587
0.000404824	290.205	7.36044e-06	6.79519
0.000419545	291.807	7.36044e-06	6.18231
0.000434266	317.425	7.36044e-06	7.29032
0.000448987	344.692	7.36044e-06	15.3958
0.000463708	359.66	7.36044e-06	8.02468
0.000478429	363.659	7.36044e-06	6.18271
0.00049315	385.636	7.36044e-06	7.04541
0.000507871	425.547	7.36044e-06	7.09818
0.000522592	451.562	7.36044e-06	20.8334
0.000537312	469.362	7.36044e-06	9.75713
0.000552033	481.237	7.36044e-06	8.47165
0.000566754	516.608	7.36044e-06	11.1773
0.000581475	552.391	7.36044e-06	14.8013
0.000596196	545.247	7.36044e-06	8.51146
0.000610917	565.232	7.36044e-06	10.2184
0.000625638	584.054	7.36044e-06	8.75147
0.000640359	593.262	7.36044e-06	9.18062
0.00065508	629.522	7.36044e-06	12.4279
0.0006698	683.206	7.36044e-06	15.0453
0.000684521	674.862	7.36044e-06	12.0016
0.000699242	675.806	7.36044e-06	10.7345
0.000713963	682.35	7.36044e-06	9.31735
0.000728684	714.437	7.36044e-06	10.6133
0.000743405	736.848	7.36044e-06	11.2226
0.000758126	728.629	7.36044e-06	9.78823
0.000772847	762.944	7.36044e-06	12.6336
0.000787567	773.794	7.36044e-06	11.1884
0.000802288	833.324	7.36044e-06	15.4643
0.000817009	819.977	7.36044e-06	11.306
0.00083173	813.154	7.36044e-06	10.2306
0.000846451	835.292	7.36044e-06	11.5161
0.000861172	837.196	7.36044e-06	11.6565
0.000875893	891.306	7.36044e-06	20.599
0.000890614	879.368	7.36044e-06	13.0966
0.000905335	877.904	7.36044e-06	11.5436
0.000920055	899.329	7.36044e-06	14.2433
0.000934776	871.737	7.36044e-06	12.8873
0.000949497	878.487	7.36044e-06	11.0382
0.000964218	911.696	7.36044e-06	14.9244
0.000978939	966.653	7.36044e-06	27.8114
0.00099366	896.033	7.36044e-06	11.8557
0.00100838	897.02	7.36044e-06	13.5564
0.0010231	909.085	7.36044e-06	13.4907
0.00103782	905.681	7.36044e-06	11.5632
0.00105254	914.654	7.36044e-06	13.7494
0.00106726	903.389	7.36044e-06	18.4432
0.00108199	931.104	7.36044e-06	18.3808
0.00109671	918.971	7.36044e-06	15.0651
0.00111143	902.169	7.36044e-06	14.361
0.00112615	865.068	7.36044e-06	14.0173
0.00114087	881.89	7.36044e-06	12.839
0.00115559	861.232	7.36044e-06	11.663
0.00117031	878.771	7.36044e-06	13.7344
0.00118503	879.581	7.36044e-06	13.5872
0.00119975	859.561	7.36044e-06	16.4064
0.00121447	829.98	7.36044e-06	12.9096
0.00122919	821.334	7.36044e-06	11.124
0.00124392	822.878	7.36044e-06	15.0025
0.00125864	794.224	7.36044e-06	11.0267
0.00127336	773.665	7.36044e-06	11.566
0.00128808	782.35	7.36044e-06	11.3142
0.0013028	768.072	7.36044e-06	11.1806
0.00131752	776.237	7.36044e-06	12.702
0.00133224	736.047	7.36044e-06	12.065
0.00134696	726.691	7.36044e-06	12.0085
0.00136168	717.611	7.36044e-06	16.4439
0.0013764	700.313	7.36044e-06	13.4356
0.00139112	654.141	7.36044e-06	10.0062
0.00140584	685.571	7.36044e-06	13.0953
0.00142057	646.893	7.36044e-06	11.2676
0.00143529	637.957	7.36044e-06	11.9886
0.00145001	623.289	7.36044e-06	21.0832
0.00146473	581.164	7.36044e-06	10.1317
0.00147945	567.113	7.36044e-06	11.46
0.00149417	567.094	7.36044e-06	11.749
0.00150889	552.126	7.36044e-06	13.8119
0.00152361	516.808	7.36044e-06	9.59743
0.00153833	522.393	7.36044e-06	10.3955
0.00155305	493.512	7.36044e-06	10.8946
0.00156777	463.871	7.36044e-06	8.53711
0.0015825	462.762	7.36044e-06	13.7127
0.00159722	427.876	7.36044e-06	7.51722
0.00161194	421.599	7.36044e-06	8.24976
0.00162666	445.799	7.36044e-06	16.623
0.00164138	393.012	7.36044e-06	11.1779
0.0016561	375.45	7.36044e-06	7.9148
0.00167082	347.139	7.36044e-06	7.27839
0.00168554	342.181	7.36044e-06	8.32343
0.00170026	323.504	7.36044e-06	7.14564
0.00171498	349.276	7.36044e-06	10.5759
0.0017297	325.305	7.36044e-06	8.28342
0.00174443	303.991	7.36044e-06	8.36482
0.00175915	296.786	7.36044e-06	9.85708
0.00177387	273.18	7.36044e-06	8.09681
0.00178859	249.132	7.36044e-06	6.92927
0.00180331	231.863	7.36044e-06	6.02955
0.00181803	240.929	7.36044e-06	8.00842
0.00183275	231.768	7.36044e-06	6.94243
0.00184747	210.814	7.36044e-06	7.21167
0.00186219	278.573	7.36044e-06	54.8736
0.00187691	184.978	7.36044e-06	6.04769
0.00189163	173.174	7.36044e-06	5.0625
0.00190635	180.374	7.36044e-06	10.0511
0.00192108	152.363	7.36044e-06	5.6209
0.0019358	143.611	7.36044e-06	4.64835
0.00195052	150.95	7.36044e-06	6.4085
0.00196524	135.183	7.36044e-06	5.27817
0.00197996	119.477	7.36044e-06	4.10256
0.00199468	110.792	7.36044e-06	3.90569
0.0020094	107.374	7.36044e-06	4.11667
0.00202412	99.0514	7.36044e-06	3.96651
0.00203884	94.6633	7.36044e-06	3.92894
0.00205356	97.8894	7.36044e-06	5.14252
0.00206828	86.1646	7.36044e-06	4.29372
0.00208301	78.7502	7.36044e-06	3.82399
0.00209773	69.8313	7.36044e-06	3.00114
0.00211245	73.1846	7.36044e-06	5.08561
0.00212717	61.9273	7.36044e-06	3.12319
0.00214189	63.0896	7.36044e-06	4.21489
0.00215661	56.4619	7.36044e-06	2.83804
0.00217133	49.5686	7.36044e-06	2.75431
0.00218605	45.6276	7.36044e-06	2.4028
0.00220077	39.7527	7.36044e-06	2.24433
0.00221549	41.6641	7.36044e-06	2.42936
0.00223021	38.3287	7.36044e-06	2.50269
0.00224494	37.9709	7.36044e-06	2.97753
0.00225966	29.7807	7.36044e-06	2.06744
0.00227438	29.2028	7.36044e-06	2.0331
0.0022891	23.1957	7.36044e-06	1.59431
0.00230382	20.8668	7.36044e-06	1.47515
0.00231854	19.9795	7.36044e-06	1.80435
0.00233326	19.8425	7.36044e-06	2.66739
0.00234798	16.5219	7.36044e-06	1.53973
0.0023627	16.8804	7.36044e-06	1.69354
0.00237742	9.1861	7.36044e-06	0.972867
0.00239214	12.9411	7.36044e-06	2.00021
0.00240687	9.2866	7.36044e-06	1.07418
0.00242159	8.62165	7.36044e-06	0.962084
0.00243631	7.08621	7.36044e-06	0.956244
0.00245103	7.31262	7.36044e-06	1.02905
0.00246575	6.39801	7.36044e-06	0.969003
0.00248047	5.38529	7.36044e-06	0.768055
0.00249519	4.48385	7.36044e-06	0.748028
0.00250991	3.69002	7.36044e-06	0.68149
0.00252463	2.50182	7.36044e-06	0.485575
0.00253935	1.52454	7.36044e-06	0.487889
0.00255407	0.998354	7.36044e-06	0.322739
0.00256879	0.812339	7.36044e-06	0.297819
