0	3717.12	1.21665e-05	3177.94
2.43329e-05	2128.8	1.21665e-05	79.5951
4.86658e-05	2032.64	1.21665e-05	46.9184
7.29987e-05	1957.96	1.21665e-05	35.9106
9.73316e-05	1898.19	1.21665e-05	31.4412
0.000121665	1844.2	1.21665e-05	28.9152
0.000145997	1780.81	1.21665e-05	26.1182
0.00017033	1716.17	1.21665e-05	23.8734
0.000194663	1653.14	1.21665e-05	22.2194
0.000218996	1589.75	1.21665e-05	20.7863
0.000243329	1527.5	1.21665e-05	19.6055
0.000267662	1461.17	1.21665e-05	18.3828
0.000291995	1394.79	1.21665e-05	17.229
0.000316328	1332.96	1.21665e-05	16.404
0.000340661	1262.28	1.21665e-05	15.3119
0.000364994	1192.45	1.21665e-05	14.3805
0.000389327	1128.34	1.21665e-05	13.6371
0.00041366	1066.36	1.21665e-05	12.9876
0.000437992	1003.16	1.21665e-05	12.1829
0.000462325	940.232	1.21665e-05	11.4945
0.000486658	884.955	1.21665e-05	11.0446
0.000510991	827.26	1.21665e-05	10.5244
0.000535324	764.193	1.21665e-05	8.45884
0.000559657	712.537	1.21665e-05	8.02703
0.00058399	664.273	1.21665e-05	7.64907
0.000608323	615.152	1.21665e-05	7.21271
0.000632656	569.787	1.21665e-05	6.82523
0.000656989	525.069	1.21665e-05	6.44368
0.000681322	483.292	1.21665e-05	6.12853
0.000705654	443.021	1.21665e-05	5.85217
0.000729987	407.252	1.21665e-05	5.55901
0.00075432	372.558	1.21665e-05	5.31037
0.000778653	339.131	1.21665e-05	5.05611
0.000802986	308.366	1.21665e-05	4.83774
0.000827319	277.848	1.21665e-05	4.61004
0.000851652	252.252	1.21665e-05	4.4392
0.000875985	226.245	1.21665e-05	4.24601
0.000900318	204.659	1.21665e-05	4.13241
0.000924651	184.666	1.21665e-05	4.03558
0.000948984	166.368	1.21665e-05	3.93058
0.000973316	149.754	1.21665e-05	3.84224
0.000997649	129.066	1.21665e-05	2.36347
0.00102198	113.29	1.21665e-05	2.20549
0.00104632	99.3135	1.21665e-05	2.06408
0.00107065	87.0731	1.21665e-05	1.95368
0.00109498	75.6799	1.21665e-05	1.84268
0.00111931	66.7418	1.21665e-05	1.78055
0.00114365	58.2503	1.21665e-05	1.68503
0.00116798	50.6138	1.21665e-05	1.62495
0.00119231	44.1928	1.21665e-05	1.57661
0.00121665	38.4553	1.21665e-05	1.5244
0.00124098	33.5545	1.21665e-05	1.48919
0.00126531	28.2046	1.21665e-05	1.41187
0.00128964	23.318	1.21665e-05	1.0173
0.00131398	19.9386	1.21665e-05	0.982312
0.00133831	16.4869	1.21665e-05	0.88427
0.00136264	14.0802	1.21665e-05	0.852586
0.00138698	10.9215	1.21665e-05	0.683948
0.00141131	9.01913	1.21665e-05	0.638488
0.00143564	7.32866	1.21665e-05	0.602154
0.00145997	5.63265	1.21665e-05	0.486281
0.00148431	4.46392	1.21665e-05	0.456038
0.00150864	3.57252	1.21665e-05	0.43113
0.00153297	2.85987	1.21665e-05	0.411662
0.00155731	2.20958	1.21665e-05	0.375055
0.00158164	1.6565	1.21665e-05	0.30049
0.00160597	1.06724	1.21665e-05	0.22207
0.00163031	0.782777	1.21665e-05	0.177092
0.00165464	0.488474	1.21665e-05	0.137873
0.00167897	0.152178	1.21665e-05	0.0718021
0.0017033	0.0943335	1.21665e-05	0.0647155
