0	3384.59	1.2915e-05	2769.06
2.583e-05	2000.69	1.2915e-05	76.1401
5.166e-05	1903.54	1.2915e-05	39.6912
7.74899e-05	1849.01	1.2915e-05	33.0288
0.00010332	1795.26	1.2915e-05	29.0973
0.00012915	1744.61	1.2915e-05	26.69
0.00015498	1685.44	1.2915e-05	24.2327
0.00018081	1627.83	1.2915e-05	22.3848
0.00020664	1566.48	1.2915e-05	20.6205
0.00023247	1505.16	1.2915e-05	19.1333
0.0002583	1443.35	1.2915e-05	17.8151
0.00028413	1379.84	1.2915e-05	16.4977
0.00030996	1320.2	1.2915e-05	15.4699
0.00033579	1258.83	1.2915e-05	14.5194
0.00036162	1194.93	1.2915e-05	13.5842
0.00038745	1130.9	1.2915e-05	12.6947
0.00041328	1070.93	1.2915e-05	11.9812
0.00043911	1007.55	1.2915e-05	11.1041
0.00046494	948.609	1.2915e-05	10.4267
0.00049077	888.363	1.2915e-05	9.60418
0.0005166	831.428	1.2915e-05	9.01568
0.00054243	778.972	1.2915e-05	8.49539
0.00056826	727.242	1.2915e-05	8.03013
0.00059409	673.285	1.2915e-05	7.49637
0.00061992	625.732	1.2915e-05	7.09407
0.00064575	576.95	1.2915e-05	6.56819
0.00067158	532.971	1.2915e-05	6.17214
0.00069741	493.325	1.2915e-05	5.86962
0.00072324	453.035	1.2915e-05	5.49473
0.00074907	413.693	1.2915e-05	5.08779
0.000774899	377.439	1.2915e-05	4.71264
0.000800729	346.246	1.2915e-05	4.49957
0.000826559	315.951	1.2915e-05	4.27257
0.000852389	287.214	1.2915e-05	4.05176
0.000878219	260.806	1.2915e-05	3.8687
0.000904049	236.232	1.2915e-05	3.69234
0.000929879	214.78	1.2915e-05	3.57219
0.000955709	191.285	1.2915e-05	3.24407
0.000981539	171.057	1.2915e-05	3.11833
0.00100737	152.432	1.2915e-05	2.91724
0.0010332	132.455	1.2915e-05	2.45187
0.00105903	117.147	1.2915e-05	2.29304
0.00108486	104.89	1.2915e-05	2.179
0.00111069	92.8647	1.2915e-05	2.05413
0.00113652	82.538	1.2915e-05	1.94285
0.00116235	72.6817	1.2915e-05	1.82
0.00118818	63.354	1.2915e-05	1.74485
0.00121401	55.6546	1.2915e-05	1.67634
0.00123984	48.4288	1.2915e-05	1.60957
0.00126567	42.8666	1.2915e-05	1.56393
0.0012915	37.4145	1.2915e-05	1.50059
0.00131733	32.2032	1.2915e-05	1.45726
0.00134316	27.5523	1.2915e-05	1.35632
0.00136899	23.4053	1.2915e-05	1.29147
0.00139482	19.8861	1.2915e-05	1.24678
0.00142065	16.9319	1.2915e-05	1.1902
0.00144648	14.3268	1.2915e-05	1.15291
0.00147231	12.1162	1.2915e-05	1.12236
0.00149814	10.4388	1.2915e-05	1.10785
0.00152397	7.96462	1.2915e-05	0.945598
0.0015498	6.68231	1.2915e-05	0.924209
0.00157563	5.06618	1.2915e-05	0.825381
0.00160146	3.9506	1.2915e-05	0.78936
0.00162729	2.1396	1.2915e-05	0.289294
0.00165312	1.8127	1.2915e-05	0.280513
0.00167895	1.55359	1.2915e-05	0.270462
0.00170478	1.33131	1.2915e-05	0.262616
0.00173061	1.01272	1.2915e-05	0.246501
0.00175644	0.611102	1.2915e-05	0.163731
0.00178227	0.516195	1.2915e-05	0.154565
0.0018081	0.40336	1.2915e-05	0.14712
0.00183393	0.280677	1.2915e-05	0.132432
0.00185976	0.24902	1.2915e-05	0.131057
0.00188559	0.0751028	1.2915e-05	0.0511866
