0	2132.61	1.66136e-05	1598
3.32272e-05	1334.01	1.66136e-05	43.8653
6.64543e-05	1277.38	1.66136e-05	22.0136
9.96815e-05	1245.54	1.66136e-05	17.8448
0.000132909	1218.84	1.66136e-05	16.0435
0.000166136	1191.1	1.66136e-05	14.7269
0.000199363	1162.83	1.66136e-05	13.6001
0.00023259	1135.24	1.66136e-05	12.8455
0.000265817	1108.99	1.66136e-05	12.2808
0.000299044	1077.53	1.66136e-05	11.4849
0.000332272	1045.54	1.66136e-05	10.7804
0.000365499	1015.59	1.66136e-05	10.3368
0.000398726	983.63	1.66136e-05	9.87887
0.000431953	951.882	1.66136e-05	9.47324
0.00046518	919.365	1.66136e-05	9.09547
0.000498407	886.683	1.66136e-05	8.73741
0.000531635	851.851	1.66136e-05	8.37738
0.000564862	818.08	1.66136e-05	8.06639
0.000598089	783.529	1.66136e-05	7.75421
0.000631316	748.241	1.66136e-05	7.44862
0.000664543	713.362	1.66136e-05	7.15585
0.00069777	675.804	1.66136e-05	6.74252
0.000730997	640.629	1.66136e-05	6.45259
0.000764225	603.71	1.66136e-05	6.09278
0.000797452	569.222	1.66136e-05	5.84774
0.000830679	531.615	1.66136e-05	5.41164
0.000863906	499.635	1.66136e-05	5.17633
0.000897133	467.615	1.66136e-05	4.94294
0.00093036	433.874	1.66136e-05	4.60898
0.000963588	403.715	1.66136e-05	4.40185
0.000996815	374.98	1.66136e-05	4.21159
0.00103004	344.664	1.66136e-05	3.918
0.00106327	318.222	1.66136e-05	3.75785
0.0010965	291.066	1.66136e-05	3.54411
0.00112972	265.998	1.66136e-05	3.32065
0.00116295	242.667	1.66136e-05	3.17124
0.00119618	221.534	1.66136e-05	3.05168
0.0012294	201.671	1.66136e-05	2.92461
0.00126263	181.377	1.66136e-05	2.69284
0.00129586	163.62	1.66136e-05	2.55615
0.00132909	147.49	1.66136e-05	2.46456
0.00136231	130.771	1.66136e-05	2.33421
0.00139554	116.379	1.66136e-05	2.01079
0.00142877	100.401	1.66136e-05	1.54125
0.00146199	88.8817	1.66136e-05	1.45713
0.00149522	78.6102	1.66136e-05	1.37515
0.00152845	68.6354	1.66136e-05	1.28885
0.00156168	59.8559	1.66136e-05	1.20713
0.0015949	51.5981	1.66136e-05	1.0716
0.00162813	45.1286	1.66136e-05	1.02095
0.00166136	38.4907	1.66136e-05	0.947676
0.00169459	33.1697	1.66136e-05	0.904624
0.00172781	28.5581	1.66136e-05	0.857536
0.00176104	24.6808	1.66136e-05	0.821567
0.00179427	20.8306	1.66136e-05	0.782101
0.00182749	17.183	1.66136e-05	0.724895
0.00186072	14.1665	1.66136e-05	0.675421
0.00189395	12.0458	1.66136e-05	0.653776
0.00192718	10.0876	1.66136e-05	0.631944
0.0019604	8.57851	1.66136e-05	0.61426
0.00199363	7.14587	1.66136e-05	0.600666
0.00202686	5.91098	1.66136e-05	0.587103
0.00206008	4.97	1.66136e-05	0.579319
0.00209331	4.22745	1.66136e-05	0.57341
0.00212654	2.82164	1.66136e-05	0.237074
0.00215977	2.15944	1.66136e-05	0.217684
0.00219299	1.82638	1.66136e-05	0.211775
0.00222622	1.4346	1.66136e-05	0.199219
0.00225945	0.881146	1.66136e-05	0.154625
0.00229267	0.618151	1.66136e-05	0.132698
0.0023259	0.450043	1.66136e-05	0.127407
0.00235913	0.29774	1.66136e-05	0.120774
0.00239236	0.217513	1.66136e-05	0.11687
0.00242558	0.180391	1.66136e-05	0.115732
0.00245881	0.016221	1.66136e-05	0.0162225
0.00249204	0.016221	1.66136e-05	0.0162225
