0	2067.85	1.67518e-05	1549.96
3.35036e-05	1293.3	1.67518e-05	46.0436
6.70073e-05	1232.38	1.67518e-05	21.381
0.000100511	1197.55	1.67518e-05	16.0672
0.000134015	1173.2	1.67518e-05	14.3902
0.000167518	1149.16	1.67518e-05	13.2525
0.000201022	1130.57	1.67518e-05	12.7615
0.000234525	1106.7	1.67518e-05	12.1611
0.000268029	1083.74	1.67518e-05	11.7144
0.000301533	1059.45	1.67518e-05	11.3116
0.000335036	1033.05	1.67518e-05	10.8935
0.00036854	1005.93	1.67518e-05	10.4664
0.000402044	979.496	1.67518e-05	10.1671
0.000435547	948.192	1.67518e-05	9.77187
0.000469051	916.516	1.67518e-05	9.39457
0.000502554	882.427	1.67518e-05	8.92265
0.000536058	851.861	1.67518e-05	8.65395
0.000569562	817.357	1.67518e-05	8.1994
0.000603065	784.232	1.67518e-05	7.90555
0.000636569	748.737	1.67518e-05	7.47761
0.000670073	711.325	1.67518e-05	6.79392
0.000703576	677.165	1.67518e-05	6.49927
0.00073708	643.061	1.67518e-05	6.22955
0.000770583	608.544	1.67518e-05	5.94347
0.000804087	570.772	1.67518e-05	5.4503
0.000837591	535.728	1.67518e-05	5.15712
0.000871094	502.694	1.67518e-05	4.89197
0.000904598	471.214	1.67518e-05	4.67462
0.000938102	439.198	1.67518e-05	4.44165
0.000971605	407.839	1.67518e-05	4.13962
0.00100511	379.033	1.67518e-05	3.95524
0.00103861	351.109	1.67518e-05	3.76352
0.00107212	324.652	1.67518e-05	3.59562
0.00110562	297.25	1.67518e-05	3.3498
0.00113912	272.217	1.67518e-05	3.17474
0.00117263	248.884	1.67518e-05	3.03744
0.00120613	225.865	1.67518e-05	2.64343
0.00123963	205.153	1.67518e-05	2.50395
0.00127314	185.462	1.67518e-05	2.33067
0.00130664	168.304	1.67518e-05	2.22295
0.00134015	151.045	1.67518e-05	2.10556
0.00137365	135.479	1.67518e-05	1.99359
0.00140715	119.591	1.67518e-05	1.69208
0.00144066	106.491	1.67518e-05	1.6021
0.00147416	95.066	1.67518e-05	1.53145
0.00150766	83.9057	1.67518e-05	1.43753
0.00154117	74.3365	1.67518e-05	1.37818
0.00157467	64.6323	1.67518e-05	1.23164
0.00160817	56.4833	1.67518e-05	1.16943
0.00164168	49.5899	1.67518e-05	1.12746
0.00167518	42.818	1.67518e-05	1.04113
0.00170868	36.8627	1.67518e-05	0.974124
0.00174219	31.2765	1.67518e-05	0.911437
0.00177569	25.6907	1.67518e-05	0.643773
0.0018092	22.0544	1.67518e-05	0.607469
0.0018427	18.4374	1.67518e-05	0.559939
0.0018762	15.5316	1.67518e-05	0.517522
0.00190971	12.6247	1.67518e-05	0.458952
0.00194321	10.5081	1.67518e-05	0.432604
0.00197671	8.74213	1.67518e-05	0.410071
0.00201022	7.24958	1.67518e-05	0.387772
0.00204372	5.95397	1.67518e-05	0.373787
0.00207722	4.76083	1.67518e-05	0.358369
0.00211073	3.81627	1.67518e-05	0.343332
0.00214423	3.19719	1.67518e-05	0.336671
0.00217774	2.49277	1.67518e-05	0.323646
0.00221124	1.83568	1.67518e-05	0.301963
0.00224474	1.42725	1.67518e-05	0.295235
0.00227825	0.737621	1.67518e-05	0.0938661
0.00231175	0.521163	1.67518e-05	0.0772942
0.00234525	0.366185	1.67518e-05	0.0700401
0.00237876	0.253774	1.67518e-05	0.0647746
0.00241226	0.1744	1.67518e-05	0.0609559
0.00244576	0.131132	1.67518e-05	0.0581849
0.00247927	0.1181	1.67518e-05	0.0574905
0.00251277	0.0704639	1.67518e-05	0.0498006
0.00254628	0.00902505	1.67518e-05	0.00902582
