0	2039.19	1.68776e-05	1545.28
3.37552e-05	1267.01	1.68776e-05	48.2788
6.75104e-05	1201.78	1.68776e-05	20.5142
0.000101266	1167.88	1.68776e-05	15.2084
0.000135021	1143.68	1.68776e-05	13.3895
0.000168776	1122.71	1.68776e-05	12.491
0.000202531	1100.64	1.68776e-05	11.7563
0.000236286	1078.64	1.68776e-05	11.154
0.000270041	1057.29	1.68776e-05	10.7325
0.000303797	1035.39	1.68776e-05	10.3308
0.000337552	1012.09	1.68776e-05	9.95489
0.000371307	986.769	1.68776e-05	9.54716
0.000405062	958.479	1.68776e-05	9.08528
0.000438817	933.68	1.68776e-05	8.81766
0.000472573	905.221	1.68776e-05	8.46837
0.000506328	874.453	1.68776e-05	8.08368
0.000540083	844.174	1.68776e-05	7.73434
0.000573838	812.781	1.68776e-05	7.41727
0.000607593	778.617	1.68776e-05	7.0285
0.000641349	745.827	1.68776e-05	6.72526
0.000675104	711.959	1.68776e-05	6.42233
0.000708859	679.775	1.68776e-05	6.15509
0.000742614	646.603	1.68776e-05	5.88253
0.000776369	611.634	1.68776e-05	5.51861
0.000810124	579.18	1.68776e-05	5.26895
0.00084388	546.847	1.68776e-05	5.00021
0.000877635	513.865	1.68776e-05	4.72426
0.00091139	481.372	1.68776e-05	4.46826
0.000945145	449.744	1.68776e-05	4.20668
0.0009789	419.572	1.68776e-05	3.99398
0.00101266	391.158	1.68776e-05	3.80441
0.00104641	362.007	1.68776e-05	3.56371
0.00108017	333.406	1.68776e-05	3.36078
0.00111392	306.476	1.68776e-05	3.18799
0.00114768	279.029	1.68776e-05	2.8463
0.00118143	254.047	1.68776e-05	2.66537
0.00121519	230.296	1.68776e-05	2.49484
0.00124894	207.629	1.68776e-05	2.25535
0.0012827	186.602	1.68776e-05	2.0918
0.00131645	168.257	1.68776e-05	1.96328
0.00135021	151.161	1.68776e-05	1.84526
0.00138396	135.817	1.68776e-05	1.7384
0.00141772	121.776	1.68776e-05	1.64837
0.00145147	107.22	1.68776e-05	1.44985
0.00148523	94.857	1.68776e-05	1.35277
0.00151898	84.1089	1.68776e-05	1.27997
0.00155274	74.4782	1.68776e-05	1.21888
0.00158649	65.8167	1.68776e-05	1.16062
0.00162025	57.4192	1.68776e-05	1.07172
0.001654	50.0859	1.68776e-05	1.01817
0.00168776	43.4963	1.68776e-05	0.964027
0.00172151	37.4543	1.68776e-05	0.908154
0.00175527	32.6096	1.68776e-05	0.87409
0.00178902	28.0523	1.68776e-05	0.840261
0.00182278	24.198	1.68776e-05	0.812676
0.00185654	20.3029	1.68776e-05	0.776556
0.00189029	17.3646	1.68776e-05	0.756108
0.00192405	13.9632	1.68776e-05	0.499457
0.0019578	11.7121	1.68776e-05	0.478585
0.00199156	9.54624	1.68776e-05	0.425315
0.00202531	8.12934	1.68776e-05	0.406242
0.00205907	6.93186	1.68776e-05	0.392152
0.00209282	5.4205	1.68776e-05	0.311327
0.00212658	4.46279	1.68776e-05	0.295458
0.00216033	3.43511	1.68776e-05	0.212916
0.00219409	2.59446	1.68776e-05	0.19114
0.00222784	1.97255	1.68776e-05	0.165115
0.0022616	1.46295	1.68776e-05	0.146491
0.00229535	1.144	1.68776e-05	0.13728
0.00232911	0.788797	1.68776e-05	0.0942804
0.00236286	0.499356	1.68776e-05	0.0729249
0.00239662	0.355734	1.68776e-05	0.0657326
0.00243037	0.172843	1.68776e-05	0.0384441
0.00246413	0.0842109	1.68776e-05	0.0230013
0.00249788	0.0190302	1.68776e-05	0.0096865
0.00253164	0.00448664	1.68776e-05	0.00448703
