1.68794e-05	399.264	1.68794e-05	14.7196
5.06381e-05	96.7482	1.68794e-05	5.70517
8.43968e-05	99.9781	1.68794e-05	7.20089
0.000118155	108.029	1.68794e-05	11.4713
0.000151914	102.467	1.68794e-05	7.3154
0.000185673	103.196	1.68794e-05	6.86113
0.000219432	121.317	1.68794e-05	7.16591
0.00025319	145.742	1.68794e-05	7.46013
0.000286949	185.261	1.68794e-05	9.29983
0.000320708	210.201	1.68794e-05	10.0848
0.000354466	247.322	1.68794e-05	11.0449
0.000388225	313.13	1.68794e-05	20.9942
0.000421984	322.597	1.68794e-05	16.5126
0.000455743	354.511	1.68794e-05	15.231
0.000489501	394.908	1.68794e-05	14.5641
0.00052326	464.258	1.68794e-05	18.4319
0.000557019	510.25	1.68794e-05	15.8961
0.000590777	548.455	1.68794e-05	18.466
0.000624536	582.607	1.68794e-05	19.9289
0.000658295	607.237	1.68794e-05	16.3644
0.000692054	684.009	1.68794e-05	25.5589
0.000725812	714.837	1.68794e-05	19.7916
0.000759571	738.929	1.68794e-05	19.8145
0.00079333	796.29	1.68794e-05	25.7648
0.000827088	819.627	1.68794e-05	22.2682
0.000860847	843.454	1.68794e-05	38.1813
0.000894606	835.205	1.68794e-05	22.4762
0.000928365	866.785	1.68794e-05	23.9594
0.000962123	866.827	1.68794e-05	29.7612
0.000995882	829.212	1.68794e-05	20.9888
0.00102964	868.576	1.68794e-05	22.0237
0.0010634	867.532	1.68794e-05	21.5292
0.00109716	895.907	1.68794e-05	29.8983
0.00113092	847.43	1.68794e-05	24.4187
0.00116468	886.497	1.68794e-05	43.003
0.00119843	834.771	1.68794e-05	24.577
0.00123219	749.718	1.68794e-05	19.2326
0.00126595	767.092	1.68794e-05	19.3967
0.00129971	736.161	1.68794e-05	21.9057
0.00133347	704.868	1.68794e-05	18.4432
0.00136723	658.218	1.68794e-05	21.6993
0.00140099	628.15	1.68794e-05	19.013
0.00143475	600.669	1.68794e-05	19.6151
0.0014685	619.791	1.68794e-05	48.9049
0.00150226	514.372	1.68794e-05	18.0373
0.00153602	508.279	1.68794e-05	17.7854
0.00156978	451.411	1.68794e-05	15.7597
0.00160354	411.546	1.68794e-05	16.2508
0.0016373	384.822	1.68794e-05	21.6494
0.00167106	338.159	1.68794e-05	17.8022
0.00170482	322.284	1.68794e-05	17.6151
0.00173857	260.77	1.68794e-05	11.7894
0.00177233	261.622	1.68794e-05	15.1287
0.00180609	253.212	1.68794e-05	12.5316
0.00183985	213.668	1.68794e-05	20.0847
0.00187361	152.035	1.68794e-05	7.72947
0.00190737	153.157	1.68794e-05	8.35649
0.00194113	133.343	1.68794e-05	8.77122
0.00197488	112.139	1.68794e-05	6.6242
0.00200864	84.3062	1.68794e-05	5.99037
0.0020424	78.7063	1.68794e-05	5.51322
0.00207616	77.0764	1.68794e-05	7.11824
0.00210992	55.2859	1.68794e-05	4.7789
0.00214368	51.2908	1.68794e-05	5.4095
0.00217744	53.0329	1.68794e-05	6.82024
0.0022112	33.8882	1.68794e-05	5.22171
0.00224495	30.3752	1.68794e-05	4.19184
0.00227871	26.4528	1.68794e-05	5.62594
0.00231247	20.8858	1.68794e-05	3.74858
0.00234623	14.943	1.68794e-05	2.70121
0.00237999	15.2374	1.68794e-05	2.69064
0.00241375	12.8321	1.68794e-05	2.99498
0.00244751	9.40121	1.68794e-05	3.94
0.00248127	5.66733	1.68794e-05	1.33763
0.00251502	2.68532	1.68794e-05	0.87863
0.00254878	0.536765	1.68794e-05	0.397609
0.00258254	0.523861	1.68794e-05	0.370627
