1.66136e-05	399.3	1.66136e-05	12.6917
4.98407e-05	84.943	1.66136e-05	5.67702
8.30679e-05	79.5883	1.66136e-05	5.00284
0.000116295	93.476	1.66136e-05	5.87076
0.000149522	124.828	1.66136e-05	7.13488
0.000182749	155.474	1.66136e-05	12.901
0.000215977	179.35	1.66136e-05	9.0486
0.000249204	196.828	1.66136e-05	10.4576
0.000282431	267.4	1.66136e-05	19.4137
0.000315658	303.912	1.66136e-05	19.8051
0.000348885	314.475	1.66136e-05	11.6494
0.000382112	367.587	1.66136e-05	14.2365
0.000415339	396.853	1.66136e-05	14.7844
0.000448567	438.974	1.66136e-05	14.87
0.000481794	473.881	1.66136e-05	16.5653
0.000515021	539.904	1.66136e-05	16.3416
0.000548248	557.228	1.66136e-05	15.8665
0.000581475	604.634	1.66136e-05	17.8547
0.000614702	652.822	1.66136e-05	18.5696
0.00064793	680.152	1.66136e-05	20.2306
0.000681157	769.943	1.66136e-05	31.6793
0.000714384	756.245	1.66136e-05	23.0468
0.000747611	830.683	1.66136e-05	30.3675
0.000780838	810.48	1.66136e-05	20.6486
0.000814065	921.353	1.66136e-05	39.155
0.000847293	815.494	1.66136e-05	24.4401
0.00088052	848.55	1.66136e-05	25.1634
0.000913747	927.866	1.66136e-05	35.6935
0.000946974	859.536	1.66136e-05	24.6246
0.000980201	847.675	1.66136e-05	24.5043
0.00101343	924.628	1.66136e-05	36.0735
0.00104666	832.918	1.66136e-05	22.8162
0.00107988	882.597	1.66136e-05	30.1832
0.00111311	839.755	1.66136e-05	33.0631
0.00114634	804.933	1.66136e-05	24.7013
0.00117956	750.237	1.66136e-05	22.1588
0.00121279	724.991	1.66136e-05	24.8425
0.00124602	761.013	1.66136e-05	37.6708
0.00127925	683.654	1.66136e-05	27.3518
0.00131247	637.112	1.66136e-05	21.3857
0.0013457	677.133	1.66136e-05	27.322
0.00137893	597.273	1.66136e-05	47.0428
0.00141215	679.065	1.66136e-05	52.5091
0.00144538	501.088	1.66136e-05	18.563
0.00147861	457.082	1.66136e-05	18.8231
0.00151184	453.853	1.66136e-05	19.4024
0.00154506	408.248	1.66136e-05	19.0772
0.00157829	392.245	1.66136e-05	25.0727
0.00161152	313.772	1.66136e-05	14.4039
0.00164474	328.574	1.66136e-05	17.5888
0.00167797	268.711	1.66136e-05	13.2309
0.0017112	237.497	1.66136e-05	14.0998
0.00174443	203.562	1.66136e-05	12.3059
0.00177765	205.986	1.66136e-05	12.8968
0.00181088	198.792	1.66136e-05	15.5806
0.00184411	167.415	1.66136e-05	14.2934
0.00187733	119.818	1.66136e-05	9.34584
0.00191056	112.6	1.66136e-05	9.43249
0.00194379	88.2807	1.66136e-05	8.55217
0.00197702	85.2423	1.66136e-05	7.51116
0.00201024	74.7104	1.66136e-05	7.57891
0.00204347	57.8707	1.66136e-05	5.78437
0.0020767	46.409	1.66136e-05	5.10417
0.00210992	89.2689	1.66136e-05	33.1239
0.00214315	42.7121	1.66136e-05	6.02048
0.00217638	21.8157	1.66136e-05	3.28278
0.00220961	26.0533	1.66136e-05	4.76099
0.00224283	37.358	1.66136e-05	8.46095
0.00227606	18.0151	1.66136e-05	5.43079
0.00230929	11.6835	1.66136e-05	2.57271
0.00234251	10.7373	1.66136e-05	2.85632
0.00237574	5.73622	1.66136e-05	2.17627
0.00240897	2.69138	1.66136e-05	1.17893
0.0024422	12.0665	1.66136e-05	8.42075
0.00247542	0	1.66136e-05	0
0.00250865	1.22469	1.66136e-05	1.22469
