1.5415e-05	483.54	1.5415e-05	13.7167
4.62451e-05	105.158	1.5415e-05	6.72904
7.70752e-05	115.107	1.5415e-05	7.22926
0.000107905	128.871	1.5415e-05	8.56706
0.000138735	160.842	1.5415e-05	9.45591
0.000169565	192.89	1.5415e-05	9.5679
0.000200395	225.054	1.5415e-05	10.7118
0.000231225	259.319	1.5415e-05	11.2097
0.000262056	358.857	1.5415e-05	17.6436
0.000292886	378.579	1.5415e-05	15.2735
0.000323716	495.134	1.5415e-05	28.2873
0.000354546	456.908	1.5415e-05	15.4236
0.000385376	537.806	1.5415e-05	16.0815
0.000416206	598.223	1.5415e-05	19.8397
0.000447036	673.865	1.5415e-05	43.5088
0.000477866	668.936	1.5415e-05	20.2003
0.000508696	704.724	1.5415e-05	20.6675
0.000539526	750.942	1.5415e-05	28.5143
0.000570356	770.998	1.5415e-05	24.5284
0.000601186	859.152	1.5415e-05	35.453
0.000632016	921.145	1.5415e-05	31.0665
0.000662846	940.069	1.5415e-05	42.6737
0.000693676	926.043	1.5415e-05	26.1658
0.000724507	957.237	1.5415e-05	27.9313
0.000755337	882.959	1.5415e-05	23.7032
0.000786167	916.195	1.5415e-05	27.0009
0.000816997	926.529	1.5415e-05	27.2654
0.000847827	922.37	1.5415e-05	31.1881
0.000878657	880.044	1.5415e-05	26.6375
0.000909487	845.387	1.5415e-05	28.3002
0.000940317	1062.07	1.5415e-05	119.645
0.000971147	1006.54	1.5415e-05	125.186
0.00100198	816.484	1.5415e-05	27.1902
0.00103281	822.058	1.5415e-05	26.656
0.00106364	781.238	1.5415e-05	25.1548
0.00109447	747.359	1.5415e-05	26.532
0.0011253	738.706	1.5415e-05	30.5583
0.00115613	672.234	1.5415e-05	34.1376
0.00118696	789.349	1.5415e-05	63.6989
0.00121779	649.233	1.5415e-05	25.109
0.00124862	578.409	1.5415e-05	23.5051
0.00127945	554.928	1.5415e-05	21.3415
0.00131028	496.039	1.5415e-05	22.7876
0.00134111	523.878	1.5415e-05	42.8544
0.00137194	424.161	1.5415e-05	20.4214
0.00140277	404.104	1.5415e-05	18.4683
0.0014336	403.261	1.5415e-05	24.4867
0.00146443	384.032	1.5415e-05	38.9773
0.00149526	300.866	1.5415e-05	20.7904
0.00152609	278.397	1.5415e-05	16.8541
0.00155692	218.807	1.5415e-05	12.7846
0.00158775	222.4	1.5415e-05	16.4709
0.00161858	206.69	1.5415e-05	14.1707
0.00164941	197.421	1.5415e-05	20.9214
0.00168024	170.256	1.5415e-05	15.1252
0.00171107	163.805	1.5415e-05	14.5922
0.0017419	101.741	1.5415e-05	8.07171
0.00177273	111.088	1.5415e-05	11.5089
0.00180356	82.4816	1.5415e-05	11.1728
0.00183439	96.093	1.5415e-05	13.8869
0.00186522	77.1776	1.5415e-05	13.8171
0.00189605	52.4535	1.5415e-05	6.42638
0.00192688	56.0193	1.5415e-05	7.221
0.00195771	45.9533	1.5415e-05	7.04501
0.00198854	32.4374	1.5415e-05	4.46558
0.00201937	24.0206	1.5415e-05	5.64913
0.0020502	20.1011	1.5415e-05	4.01584
0.00208103	16.1103	1.5415e-05	4.08908
0.00211186	5.49951	1.5415e-05	1.80565
0.00214269	10.6825	1.5415e-05	3.88962
0.00217352	14.2426	1.5415e-05	3.72749
0.00220435	6.83623	1.5415e-05	2.82621
0.00223518	10.3221	1.5415e-05	5.59305
0.00226601	7.63409	1.5415e-05	3.44677
0.00229684	4.27428	1.5415e-05	3.27291
0.00232767	5.09917	1.5415e-05	3.46224
