1.53691e-05	524.108	1.53691e-05	15.29
4.61072e-05	112.818	1.53691e-05	6.13634
7.68454e-05	123.661	1.53691e-05	7.13316
0.000107584	146.926	1.53691e-05	9.07359
0.000138322	188.392	1.53691e-05	10.3376
0.00016906	207.376	1.53691e-05	10.767
0.000199798	291.391	1.53691e-05	19.3974
0.000230536	324.174	1.53691e-05	14.0868
0.000261274	361.303	1.53691e-05	13.3339
0.000292013	464.397	1.53691e-05	16.7294
0.000322751	479.106	1.53691e-05	17.65
0.000353489	565.582	1.53691e-05	26.2061
0.000384227	579.556	1.53691e-05	20.0969
0.000414965	612.571	1.53691e-05	18.8371
0.000445703	736.829	1.53691e-05	22.2351
0.000476442	810.211	1.53691e-05	33.5614
0.00050718	757.254	1.53691e-05	21.6505
0.000537918	823.162	1.53691e-05	24.4169
0.000568656	821.642	1.53691e-05	23.5813
0.000599394	805.901	1.53691e-05	21.2126
0.000630132	923.699	1.53691e-05	27.1417
0.000660871	894.52	1.53691e-05	28.2401
0.000691609	936.103	1.53691e-05	26.3026
0.000722347	1013.63	1.53691e-05	44.5277
0.000753085	967.245	1.53691e-05	30.2222
0.000783823	954.356	1.53691e-05	31.3669
0.000814561	1013.33	1.53691e-05	57.6832
0.0008453	884.498	1.53691e-05	24.2955
0.000876038	967.09	1.53691e-05	29.5849
0.000906776	862.442	1.53691e-05	26.7983
0.000937514	855.096	1.53691e-05	27.3212
0.000968252	854.198	1.53691e-05	30.7654
0.00099899	850.555	1.53691e-05	27.7517
0.00102973	817.098	1.53691e-05	28.5639
0.00106047	807.765	1.53691e-05	27.8906
0.0010912	745.766	1.53691e-05	25.1474
0.00112194	723.136	1.53691e-05	30.9761
0.00115268	661.305	1.53691e-05	25.6244
0.00118342	667.574	1.53691e-05	30.9826
0.00121416	536.972	1.53691e-05	22.451
0.0012449	575.975	1.53691e-05	40.375
0.00127563	531.848	1.53691e-05	24.6514
0.00130637	447.53	1.53691e-05	19.5955
0.00133711	446.545	1.53691e-05	22.942
0.00136785	430.226	1.53691e-05	22.2165
0.00139859	369.256	1.53691e-05	17.6549
0.00142932	417.085	1.53691e-05	27.4457
0.00146006	283.422	1.53691e-05	15.6867
0.0014908	302.656	1.53691e-05	20.8463
0.00152154	271.242	1.53691e-05	19.1492
0.00155228	216.293	1.53691e-05	17.378
0.00158302	240.916	1.53691e-05	22.656
0.00161375	180.067	1.53691e-05	14.1821
0.00164449	130.596	1.53691e-05	9.3801
0.00167523	143.067	1.53691e-05	12.7411
0.00170597	99.1942	1.53691e-05	9.11727
0.00173671	87.7659	1.53691e-05	8.27935
0.00176744	101.466	1.53691e-05	10.0516
0.00179818	82.1195	1.53691e-05	8.56759
0.00182892	139.922	1.53691e-05	52.5244
0.00185966	62.3829	1.53691e-05	7.93518
0.0018904	60.5872	1.53691e-05	12.5263
0.00192114	47.1555	1.53691e-05	7.36496
0.00195187	32.0691	1.53691e-05	5.45752
0.00198261	36.2409	1.53691e-05	8.00501
0.00201335	28.0909	1.53691e-05	6.35189
0.00204409	12.0691	1.53691e-05	2.92162
0.00207483	13.0266	1.53691e-05	3.29396
0.00210556	19.366	1.53691e-05	4.884
0.0021363	18.5912	1.53691e-05	6.49665
0.00216704	9.90325	1.53691e-05	3.75767
0.00219778	8.84157	1.53691e-05	4.60071
0.00222852	5.73794	1.53691e-05	4.6521
0.00225926	4.18561	1.53691e-05	2.16151
0.00228999	4.67185	1.53691e-05	3.45095
