1.44892e-05	568.325	1.44892e-05	14.5911
4.34675e-05	134.842	1.44892e-05	8.23648
7.24459e-05	135.112	1.44892e-05	11.0431
0.000101424	151.691	1.44892e-05	7.50758
0.000130403	183.302	1.44892e-05	8.1367
0.000159381	254.298	1.44892e-05	12.4498
0.000188359	285.469	1.44892e-05	10.8142
0.000217338	349.386	1.44892e-05	12.8043
0.000246316	422.07	1.44892e-05	15.7951
0.000275294	483.04	1.44892e-05	18.0221
0.000304273	523.45	1.44892e-05	18.6715
0.000333251	615.873	1.44892e-05	23.6434
0.000362229	830.643	1.44892e-05	110.509
0.000391208	717.481	1.44892e-05	28.8822
0.000420186	760.759	1.44892e-05	24.4019
0.000449164	772.516	1.44892e-05	22.5867
0.000478143	844.613	1.44892e-05	27.3411
0.000507121	881.407	1.44892e-05	23.9775
0.000536099	896.713	1.44892e-05	23.8844
0.000565078	940.05	1.44892e-05	27.6852
0.000594056	979.947	1.44892e-05	27.3951
0.000623034	1023.77	1.44892e-05	38.8242
0.000652013	1075.05	1.44892e-05	38.724
0.000680991	1054.77	1.44892e-05	38.522
0.000709969	1002.45	1.44892e-05	29.4172
0.000738948	1013.35	1.44892e-05	32.4289
0.000767926	972.936	1.44892e-05	31.4343
0.000796904	1047.18	1.44892e-05	34.8458
0.000825883	944.742	1.44892e-05	29.757
0.000854861	971.872	1.44892e-05	35.2962
0.000883839	854.673	1.44892e-05	26.5745
0.000912818	889.164	1.44892e-05	27.7145
0.000941796	891.63	1.44892e-05	37.2975
0.000970775	839.681	1.44892e-05	27.229
0.000999753	815.345	1.44892e-05	29.8108
0.00102873	734.192	1.44892e-05	29.1411
0.00105771	729.305	1.44892e-05	31.0163
0.00108669	699.104	1.44892e-05	29.6125
0.00111567	579.128	1.44892e-05	22.656
0.00114464	614.251	1.44892e-05	25.2302
0.00117362	524.628	1.44892e-05	23.2891
0.0012026	488.098	1.44892e-05	20.8851
0.00123158	500.198	1.44892e-05	23.893
0.00126056	532.066	1.44892e-05	62.0623
0.00128954	445.098	1.44892e-05	27.3897
0.00131851	402.713	1.44892e-05	24.0359
0.00134749	351.179	1.44892e-05	19.3887
0.00137647	309.961	1.44892e-05	17.7297
0.00140545	314.04	1.44892e-05	24.6366
0.00143443	249.193	1.44892e-05	15.5607
0.00146341	250.085	1.44892e-05	24.2903
0.00149238	193.869	1.44892e-05	14.6829
0.00152136	206.549	1.44892e-05	20.515
0.00155034	207.332	1.44892e-05	28.505
0.00157932	156.429	1.44892e-05	16.6465
0.0016083	120.24	1.44892e-05	10.3178
0.00163728	125.112	1.44892e-05	13.2558
0.00166625	139.819	1.44892e-05	20.0641
0.00169523	69.8664	1.44892e-05	7.32829
0.00172421	77.1834	1.44892e-05	13.0211
0.00175319	54.9972	1.44892e-05	10.3602
0.00178217	36.7427	1.44892e-05	5.629
0.00181115	45.6345	1.44892e-05	10.5627
0.00184012	46.0829	1.44892e-05	12.534
0.0018691	50.1698	1.44892e-05	10.8229
0.00189808	29.501	1.44892e-05	7.21331
0.00192706	25.2804	1.44892e-05	6.4254
0.00195604	27.0713	1.44892e-05	6.5057
0.00198502	20.7689	1.44892e-05	8.03581
0.00201399	13.7071	1.44892e-05	5.33114
0.00204297	7.20536	1.44892e-05	3.41353
0.00207195	1.50236	1.44892e-05	1.06551
0.00210093	1.37569	1.44892e-05	0.763735
0.00212991	1.25267	1.44892e-05	0.902034
