1.21665e-05	794.16	1.21665e-05	21.8562
3.64994e-05	144.253	1.21665e-05	7.29068
6.08323e-05	186.699	1.21665e-05	11.0222
8.51652e-05	209.183	1.21665e-05	10.7445
0.000109498	242.972	1.21665e-05	13.1134
0.000133831	348.623	1.21665e-05	25.2702
0.000158164	420.154	1.21665e-05	23.7302
0.000182497	472.747	1.21665e-05	17.7585
0.00020683	538.779	1.21665e-05	20.8556
0.000231163	591.381	1.21665e-05	20.7192
0.000255496	696.519	1.21665e-05	26.8446
0.000279828	763.324	1.21665e-05	32.0669
0.000304161	772.863	1.21665e-05	22.6429
0.000328494	954.24	1.21665e-05	36.2788
0.000352827	1012.45	1.21665e-05	30.65
0.00037716	993.672	1.21665e-05	29.9047
0.000401493	1022.8	1.21665e-05	29.4102
0.000425826	1105.95	1.21665e-05	47.0061
0.000450159	1164.16	1.21665e-05	40.2232
0.000474492	1077.9	1.21665e-05	28.3007
0.000498825	1182.74	1.21665e-05	37.228
0.000523158	1355.94	1.21665e-05	118.947
0.000547491	1162.26	1.21665e-05	30.5855
0.000571823	1134.21	1.21665e-05	30.7019
0.000596156	1203.46	1.21665e-05	38.469
0.000620489	1156.79	1.21665e-05	38.4579
0.000644822	1185.03	1.21665e-05	39.4412
0.000669155	1148.89	1.21665e-05	35.3703
0.000693488	1147.71	1.21665e-05	32.675
0.000717821	1055.19	1.21665e-05	40.3958
0.000742154	1058.19	1.21665e-05	36.1982
0.000766487	1052.95	1.21665e-05	38.704
0.00079082	999.837	1.21665e-05	36.5454
0.000815153	1022.35	1.21665e-05	38.5083
0.000839485	883.087	1.21665e-05	34.4224
0.000863818	923.224	1.21665e-05	37.9244
0.000888151	787.886	1.21665e-05	28.3206
0.000912484	749.768	1.21665e-05	26.6923
0.000936817	704.452	1.21665e-05	30.0832
0.00096115	656.279	1.21665e-05	28.2023
0.000985483	837.84	1.21665e-05	120.931
0.00100982	654.701	1.21665e-05	31.5315
0.00103415	594.009	1.21665e-05	29.9204
0.00105848	532.457	1.21665e-05	26.2576
0.00108281	506.996	1.21665e-05	26.5459
0.00110715	406.687	1.21665e-05	19.6505
0.00113148	394.853	1.21665e-05	25.3711
0.00115581	362.733	1.21665e-05	19.7582
0.00118015	311.417	1.21665e-05	17.9659
0.00120448	284.007	1.21665e-05	19.0736
0.00122881	247.49	1.21665e-05	15.7033
0.00125314	275.521	1.21665e-05	23.7977
0.00127748	256.544	1.21665e-05	51.1651
0.00130181	180.798	1.21665e-05	13.7424
0.00132614	188.121	1.21665e-05	23.0576
0.00135048	133.571	1.21665e-05	12.7951
0.00137481	178.468	1.21665e-05	28.5866
0.00139914	109.385	1.21665e-05	13.9694
0.00142348	98.8928	1.21665e-05	12.3049
0.00144781	100.912	1.21665e-05	21.0622
0.00147214	70.7081	1.21665e-05	10.1463
0.00149647	54.8209	1.21665e-05	9.09862
0.00152081	44.5406	1.21665e-05	7.97388
0.00154514	41.2938	1.21665e-05	10.7567
0.00156947	35.6739	1.21665e-05	14.4656
0.00159381	38.5964	1.21665e-05	13.2463
0.00161814	18.9166	1.21665e-05	8.90576
0.00164247	19.8655	1.21665e-05	7.49634
0.0016668	23.0363	1.21665e-05	8.0555
0.00169114	4.02017	1.21665e-05	2.16094
0.00171547	6.65051	1.21665e-05	4.56147
