1.2915e-05	691.949	1.2915e-05	17.418
3.8745e-05	145.731	1.2915e-05	7.77206
6.4575e-05	136.321	1.2915e-05	7.39871
9.04049e-05	188.121	1.2915e-05	10.1517
0.000116235	227.943	1.2915e-05	12.3976
0.000142065	325.429	1.2915e-05	16.8591
0.000167895	374.428	1.2915e-05	17.9284
0.000193725	460.11	1.2915e-05	22.4573
0.000219555	521.275	1.2915e-05	22.5995
0.000245385	587.148	1.2915e-05	23.9957
0.000271215	666.835	1.2915e-05	30.8293
0.000297045	685.967	1.2915e-05	28.0564
0.000322875	767.006	1.2915e-05	26.2424
0.000348705	862.755	1.2915e-05	26.5668
0.000374535	928.332	1.2915e-05	28.5573
0.000400365	929.531	1.2915e-05	25.1769
0.000426195	1045.89	1.2915e-05	38.6576
0.000452025	1031.41	1.2915e-05	31.5113
0.000477855	1114.55	1.2915e-05	44.8237
0.000503685	1110.24	1.2915e-05	30.4146
0.000529515	1075.34	1.2915e-05	32.8216
0.000555345	1112.2	1.2915e-05	29.6329
0.000581175	1214.03	1.2915e-05	35.8353
0.000607005	1117.52	1.2915e-05	31.3086
0.000632835	1195.14	1.2915e-05	43.966
0.000658665	1121.46	1.2915e-05	36.6998
0.000684495	1050.64	1.2915e-05	31.406
0.000710325	1107.96	1.2915e-05	39.9834
0.000736155	1121.25	1.2915e-05	44.1599
0.000761984	1069.49	1.2915e-05	43.4193
0.000787814	951.391	1.2915e-05	29.2045
0.000813644	954.292	1.2915e-05	32.5276
0.000839474	933.948	1.2915e-05	33.4019
0.000865304	884.67	1.2915e-05	30.493
0.000891134	847.805	1.2915e-05	31.357
0.000916964	761.556	1.2915e-05	25.2943
0.000942794	857.553	1.2915e-05	49.2709
0.000968624	758.551	1.2915e-05	26.7554
0.000994454	717.084	1.2915e-05	38.1067
0.00102028	789.059	1.2915e-05	59.1556
0.00104611	619.973	1.2915e-05	31.6516
0.00107194	508.699	1.2915e-05	26.9832
0.00109777	511.057	1.2915e-05	28.4631
0.0011236	449.211	1.2915e-05	27.1115
0.00114943	438.607	1.2915e-05	28.6051
0.00117526	424.409	1.2915e-05	21.6233
0.00120109	358.02	1.2915e-05	21.1553
0.00122692	343.227	1.2915e-05	21.0426
0.00125275	269.765	1.2915e-05	17.601
0.00127858	269.879	1.2915e-05	21.115
0.00130441	263.17	1.2915e-05	17.312
0.00133024	239.525	1.2915e-05	27.0481
0.00135607	217.715	1.2915e-05	21.3558
0.0013819	188.277	1.2915e-05	17.6736
0.00140773	161.003	1.2915e-05	20.0196
0.00143356	144.582	1.2915e-05	16.1972
0.00145939	124.902	1.2915e-05	14.7313
0.00148522	96.4465	1.2915e-05	10.2073
0.00151105	144.742	1.2915e-05	33.6761
0.00153688	76.2977	1.2915e-05	11.8298
0.00156271	97.7755	1.2915e-05	25.1052
0.00158854	68.6082	1.2915e-05	14.7903
0.00161437	113.187	1.2915e-05	45.8666
0.0016402	20.7581	1.2915e-05	4.47975
0.00166603	16.713	1.2915e-05	4.7928
0.00169186	14.5592	1.2915e-05	4.23031
0.00171769	21.1863	1.2915e-05	6.01503
0.00174352	27.109	1.2915e-05	12.4316
0.00176935	6.50116	1.2915e-05	3.69868
0.00179518	7.842	1.2915e-05	3.29187
0.00182101	8.64918	1.2915e-05	4.51578
0.00184684	2.2635	1.2915e-05	1.36063
0.00187267	12.609	1.2915e-05	8.74524
0.0018985	5.52006	1.2915e-05	3.76147
