0	18238.5	7.70193e-06	27174.3
1.54039e-05	4655.9	7.70193e-06	689.578
3.08077e-05	3678.28	7.70193e-06	224.441
4.62116e-05	3199.66	7.70193e-06	116.727
6.16154e-05	2886.02	7.70193e-06	74.4781
7.70193e-05	2671.97	7.70193e-06	57.1096
9.24231e-05	2480.94	7.70193e-06	44.9163
0.000107827	2319.63	7.70193e-06	37.2032
0.000123231	2177.91	7.70193e-06	31.8749
0.000138635	2042.16	7.70193e-06	27.3852
0.000154039	1922.3	7.70193e-06	24.1298
0.000169442	1811.24	7.70193e-06	21.4976
0.000184846	1709.01	7.70193e-06	19.44
0.00020025	1611.12	7.70193e-06	17.6487
0.000215654	1520.19	7.70193e-06	16.2045
0.000231058	1435.32	7.70193e-06	14.9536
0.000246462	1348.52	7.70193e-06	13.6465
0.000261866	1270.23	7.70193e-06	12.6418
0.000277269	1193.68	7.70193e-06	11.7327
0.000292673	1121.87	7.70193e-06	10.9717
0.000308077	1054.5	7.70193e-06	10.3294
0.000323481	992.137	7.70193e-06	9.79108
0.000338885	930.189	7.70193e-06	9.17
0.000354289	872.491	7.70193e-06	8.69969
0.000369693	819.273	7.70193e-06	8.3225
0.000385096	768.064	7.70193e-06	7.97463
0.0004005	713.811	7.70193e-06	6.59583
0.000415904	666.488	7.70193e-06	6.20881
0.000431308	621.31	7.70193e-06	5.9008
0.000446712	580.24	7.70193e-06	5.62144
0.000462116	538.947	7.70193e-06	5.11775
0.00047752	500.941	7.70193e-06	4.8951
0.000492923	465.662	7.70193e-06	4.67781
0.000508327	433.617	7.70193e-06	4.51613
0.000523731	403.657	7.70193e-06	4.35835
0.000539135	374.985	7.70193e-06	4.22675
0.000554539	348.169	7.70193e-06	4.10102
0.000569943	322.227	7.70193e-06	3.9954
0.000585347	297.295	7.70193e-06	3.87381
0.00060075	273.239	7.70193e-06	3.75472
0.000616154	252.664	7.70193e-06	3.68089
0.000631558	233.767	7.70193e-06	3.62202
0.000646962	215.295	7.70193e-06	3.51173
0.000662366	198.493	7.70193e-06	3.46014
0.00067777	182.009	7.70193e-06	3.39073
0.000693174	166.181	7.70193e-06	3.09973
0.000708577	152.074	7.70193e-06	3.05157
0.000723981	139.024	7.70193e-06	3.00916
0.000739385	128.107	7.70193e-06	2.98485
0.000754789	117.499	7.70193e-06	2.96139
0.000770193	106.927	7.70193e-06	2.91344
0.000785597	97.3714	7.70193e-06	2.88195
0.000801001	89.0909	7.70193e-06	2.86452
0.000816404	81.076	7.70193e-06	2.84665
0.000831808	71.4437	7.70193e-06	1.18283
0.000847212	64.3077	7.70193e-06	1.13866
0.000862616	57.6324	7.70193e-06	1.06134
0.00087802	51.6919	7.70193e-06	1.01371
0.000893424	45.7741	7.70193e-06	0.963279
0.000908828	41.0124	7.70193e-06	0.930872
0.000924231	36.3891	7.70193e-06	0.902679
0.000939635	32.4225	7.70193e-06	0.877128
0.000955039	28.9938	7.70193e-06	0.86238
0.000970443	25.0523	7.70193e-06	0.551504
0.000985847	22.069	7.70193e-06	0.532304
0.00100125	19.1891	7.70193e-06	0.514347
0.00101665	16.5013	7.70193e-06	0.467089
0.00103206	14.225	7.70193e-06	0.434387
0.00104746	12.3464	7.70193e-06	0.411049
0.00106287	10.6906	7.70193e-06	0.395142
0.00107827	9.09652	7.70193e-06	0.373689
0.00109367	7.83179	7.70193e-06	0.362223
0.00110908	6.81298	7.70193e-06	0.346722
0.00112448	5.94222	7.70193e-06	0.340092
0.00113989	4.88196	7.70193e-06	0.206061
0.00115529	4.14756	7.70193e-06	0.197218
0.00117069	3.44843	7.70193e-06	0.174035
0.0011861	2.85565	7.70193e-06	0.162167
0.0012015	2.34337	7.70193e-06	0.135963
0.0012169	1.94452	7.70193e-06	0.126457
0.00123231	1.63992	7.70193e-06	0.120523
0.00124771	1.30364	7.70193e-06	0.0940262
0.00126312	1.0387	7.70193e-06	0.0844224
0.00127852	0.817126	7.70193e-06	0.065549
0.00129392	0.649504	7.70193e-06	0.0575204
0.00130933	0.489842	7.70193e-06	0.0442867
0.00132473	0.409981	7.70193e-06	0.0414991
0.00134014	0.333537	7.70193e-06	0.0368467
0.00135554	0.255452	7.70193e-06	0.032249
0.00137094	0.213917	7.70193e-06	0.0307273
0.00138635	0.171521	7.70193e-06	0.028821
0.00140175	0.117376	7.70193e-06	0.023316
0.00141715	0.0960211	7.70193e-06	0.022468
0.00143256	0.0698455	7.70193e-06	0.0211924
0.00144796	0.0526716	7.70193e-06	0.0202029
0.00146337	0.024109	7.70193e-06	0.00667206
0.00147877	0.0196118	7.70193e-06	0.00584362
0.00149417	0.0182555	7.70193e-06	0.00568402
0.00150958	0.0132563	7.70193e-06	0.00487125
0.00152498	0.0119165	7.70193e-06	0.00468334
0.00154039	0.00588446	7.70193e-06	0.00295371
0.00155579	0.00294654	7.70193e-06	0.00209785
