0	13388.1	1.08492e-05	20087.2
2.16983e-05	3348.13	1.08492e-05	525.158
4.33966e-05	2597.59	1.08492e-05	158.429
6.5095e-05	2266.83	1.08492e-05	86.7317
8.67933e-05	2028.66	1.08492e-05	53.4366
0.000108492	1866.3	1.08492e-05	39.2572
0.00013019	1733.7	1.08492e-05	30.8022
0.000151888	1621.92	1.08492e-05	25.3957
0.000173587	1523.85	1.08492e-05	21.5967
0.000195285	1436.93	1.08492e-05	18.8834
0.000216983	1354.72	1.08492e-05	16.6622
0.000238682	1271.3	1.08492e-05	14.5459
0.00026038	1200.64	1.08492e-05	13.077
0.000282078	1135.6	1.08492e-05	11.9126
0.000303777	1072.58	1.08492e-05	10.7692
0.000325475	1013.45	1.08492e-05	9.88912
0.000347173	955.776	1.08492e-05	9.06243
0.000368871	898.325	1.08492e-05	8.25824
0.00039057	845.473	1.08492e-05	7.55817
0.000412268	795.046	1.08492e-05	6.90603
0.000433966	747.104	1.08492e-05	6.37198
0.000455665	702.077	1.08492e-05	5.90354
0.000477363	659.381	1.08492e-05	5.47675
0.000499061	620.894	1.08492e-05	5.12576
0.00052076	583.78	1.08492e-05	4.81903
0.000542458	545.568	1.08492e-05	4.478
0.000564156	510.513	1.08492e-05	4.15809
0.000585855	477.362	1.08492e-05	3.90682
0.000607553	445.248	1.08492e-05	3.64303
0.000629251	414.559	1.08492e-05	3.41234
0.00065095	385.549	1.08492e-05	3.12522
0.000672648	358.122	1.08492e-05	2.93239
0.000694346	332.972	1.08492e-05	2.76305
0.000716045	309.314	1.08492e-05	2.60839
0.000737743	287.19	1.08492e-05	2.44839
0.000759441	265.993	1.08492e-05	2.27385
0.00078114	245.437	1.08492e-05	2.0762
0.000802838	227.195	1.08492e-05	1.97226
0.000824536	209.529	1.08492e-05	1.87204
0.000846235	192.279	1.08492e-05	1.74666
0.000867933	176.608	1.08492e-05	1.59566
0.000889631	162.611	1.08492e-05	1.51205
0.00091133	149.825	1.08492e-05	1.43407
0.000933028	136.94	1.08492e-05	1.33754
0.000954726	125.196	1.08492e-05	1.2616
0.000976425	114.541	1.08492e-05	1.19995
0.000998123	104.184	1.08492e-05	1.0973
0.00101982	94.542	1.08492e-05	0.979175
0.00104152	86.7883	1.08492e-05	0.932703
0.00106322	79.1844	1.08492e-05	0.88454
0.00108492	72.0841	1.08492e-05	0.838675
0.00110661	65.5346	1.08492e-05	0.782877
0.00112831	59.2703	1.08492e-05	0.735848
0.00115001	53.4838	1.08492e-05	0.678794
0.00117171	48.4036	1.08492e-05	0.635803
0.00119341	43.7543	1.08492e-05	0.601659
0.00121511	39.388	1.08492e-05	0.562758
0.0012368	35.0443	1.08492e-05	0.492869
0.0012585	31.2465	1.08492e-05	0.459705
0.0012802	28.0994	1.08492e-05	0.437585
0.0013019	25.2228	1.08492e-05	0.414955
0.0013236	22.4261	1.08492e-05	0.387018
0.0013453	19.8395	1.08492e-05	0.364527
0.00136699	17.4154	1.08492e-05	0.341163
0.00138869	15.2204	1.08492e-05	0.315795
0.00141039	13.4519	1.08492e-05	0.300188
0.00143209	11.7982	1.08492e-05	0.283402
0.00145379	10.2905	1.08492e-05	0.260182
0.00147549	8.92579	1.08492e-05	0.233015
0.00149718	7.72851	1.08492e-05	0.220019
0.00151888	6.86902	1.08492e-05	0.210944
0.00154058	6.07755	1.08492e-05	0.204014
0.00156228	5.30087	1.08492e-05	0.186523
0.00158398	4.58322	1.08492e-05	0.176754
0.00160568	3.93805	1.08492e-05	0.161176
0.00162737	3.41627	1.08492e-05	0.154708
0.00164907	2.88877	1.08492e-05	0.145082
0.00167077	2.44579	1.08492e-05	0.133897
0.00169247	2.00277	1.08492e-05	0.104085
0.00171417	1.58555	1.08492e-05	0.0805071
0.00173587	1.34818	1.08492e-05	0.0762247
0.00175756	1.11907	1.08492e-05	0.059648
0.00177926	0.941481	1.08492e-05	0.0534247
0.00180096	0.781697	1.08492e-05	0.0488907
0.00182266	0.657911	1.08492e-05	0.0447655
0.00184436	0.561001	1.08492e-05	0.0421809
0.00186606	0.432909	1.08492e-05	0.0327905
0.00188775	0.356184	1.08492e-05	0.0296781
0.00190945	0.292503	1.08492e-05	0.0269662
0.00193115	0.231567	1.08492e-05	0.0230876
0.00195285	0.178778	1.08492e-05	0.020053
0.00197455	0.115794	1.08492e-05	0.0155601
0.00199625	0.0826218	1.08492e-05	0.0131374
0.00201794	0.0669343	1.08492e-05	0.0118405
0.00203964	0.0479212	1.08492e-05	0.00942375
0.00206134	0.0445279	1.08492e-05	0.00921558
0.00208304	0.0329908	1.08492e-05	0.00816795
0.00210474	0.0267126	1.08492e-05	0.00763668
0.00212644	0.0194027	1.08492e-05	0.00684877
0.00214813	0.0163482	1.08492e-05	0.00645199
0.00216983	0.00948558	1.08492e-05	0.00386791
0.00219153	0.00751582	1.08492e-05	0.00360791
0.00221323	0.00751582	1.08492e-05	0.00360791
0.00223493	0.00627436	1.08492e-05	0.00338757
0.00225663	0.0010171	1.08492e-05	0.00101715
0.00227832	0.0010171	1.08492e-05	0.00101715
