0	10631.9	1.28708e-05	15948.5
2.57416e-05	2660.35	1.28708e-05	404.772
5.14832e-05	2085.58	1.28708e-05	129.607
7.72248e-05	1803.93	1.28708e-05	63.6725
0.000102966	1634.04	1.28708e-05	41.013
0.000128708	1512.79	1.28708e-05	30.6731
0.00015445	1411.24	1.28708e-05	24.3637
0.000180191	1327.61	1.28708e-05	20.5789
0.000205933	1249.84	1.28708e-05	17.6641
0.000231675	1182.44	1.28708e-05	15.6828
0.000257416	1118.2	1.28708e-05	13.1237
0.000283158	1064.76	1.28708e-05	12.0116
0.000308899	1010.88	1.28708e-05	10.9425
0.000334641	963.938	1.28708e-05	10.2247
0.000360383	914.524	1.28708e-05	9.36227
0.000386124	870.595	1.28708e-05	8.79403
0.000411866	830.019	1.28708e-05	8.34802
0.000437607	789.524	1.28708e-05	7.88539
0.000463349	749.614	1.28708e-05	7.20922
0.000489091	710.46	1.28708e-05	6.80023
0.000514832	672.465	1.28708e-05	6.4446
0.000540574	635.019	1.28708e-05	5.95003
0.000566316	601.299	1.28708e-05	5.69511
0.000592057	566.549	1.28708e-05	4.80538
0.000617799	534.925	1.28708e-05	4.55095
0.00064354	503.345	1.28708e-05	4.28068
0.000669282	473.221	1.28708e-05	4.06641
0.000695024	443.449	1.28708e-05	3.7048
0.000720765	414.721	1.28708e-05	3.4919
0.000746507	388.395	1.28708e-05	3.32124
0.000772248	362.661	1.28708e-05	3.12417
0.00079799	338.125	1.28708e-05	2.97534
0.000823732	315.125	1.28708e-05	2.84732
0.000849473	293.659	1.28708e-05	2.72753
0.000875215	272.997	1.28708e-05	2.61685
0.000900957	253.456	1.28708e-05	2.50882
0.000926698	233.655	1.28708e-05	1.90204
0.00095244	216.104	1.28708e-05	1.79671
0.000978181	200.282	1.28708e-05	1.7084
0.00100392	184.326	1.28708e-05	1.61183
0.00102966	169.29	1.28708e-05	1.51395
0.00105541	155.518	1.28708e-05	1.4452
0.00108115	142.364	1.28708e-05	1.36425
0.00110689	130.089	1.28708e-05	1.22027
0.00113263	118.569	1.28708e-05	1.12104
0.00115837	108.038	1.28708e-05	1.05594
0.00118411	98.2467	1.28708e-05	0.984858
0.00120986	88.8574	1.28708e-05	0.929994
0.0012356	80.4319	1.28708e-05	0.879966
0.00126134	73.0375	1.28708e-05	0.84046
0.00128708	65.5349	1.28708e-05	0.782816
0.00131282	59.0093	1.28708e-05	0.746556
0.00133856	53.218	1.28708e-05	0.704866
0.00136431	47.6965	1.28708e-05	0.672088
0.00139005	42.4321	1.28708e-05	0.639161
0.00141579	37.5922	1.28708e-05	0.553482
0.00144153	33.4441	1.28708e-05	0.511494
0.00146727	30.0137	1.28708e-05	0.488831
0.00149301	26.8694	1.28708e-05	0.471248
0.00151876	23.8076	1.28708e-05	0.450613
0.0015445	20.7677	1.28708e-05	0.404846
0.00157024	18.1562	1.28708e-05	0.386236
0.00159598	15.7856	1.28708e-05	0.366955
0.00162172	13.7569	1.28708e-05	0.354595
0.00164746	12.0744	1.28708e-05	0.341023
0.0016732	10.7227	1.28708e-05	0.333748
0.00169895	9.29159	1.28708e-05	0.324299
0.00172469	7.91141	1.28708e-05	0.312515
0.00175043	6.81767	1.28708e-05	0.305637
0.00177617	5.96349	1.28708e-05	0.299288
0.00180191	5.05901	1.28708e-05	0.290881
0.00182765	4.37338	1.28708e-05	0.286042
0.0018534	3.8018	1.28708e-05	0.281299
0.00187914	3.21426	1.28708e-05	0.269457
0.00190488	2.58646	1.28708e-05	0.257669
0.00193062	2.14607	1.28708e-05	0.251002
0.00195636	1.83869	1.28708e-05	0.249148
0.0019821	1.51429	1.28708e-05	0.244144
0.00200785	1.26084	1.28708e-05	0.242356
0.00203359	1.06229	1.28708e-05	0.241397
0.00205933	0.900787	1.28708e-05	0.240726
0.00208507	0.791015	1.28708e-05	0.240199
0.00211081	0.697419	1.28708e-05	0.239822
0.00213655	0.592318	1.28708e-05	0.239007
0.0021623	0.499506	1.28708e-05	0.238642
0.00218804	0.444891	1.28708e-05	0.238427
0.00221378	0.390906	1.28708e-05	0.23821
0.00223952	0.340349	1.28708e-05	0.237873
0.00226526	0.304981	1.28708e-05	0.237649
0.002291	0.291869	1.28708e-05	0.23762
0.00231675	0.0359833	1.28708e-05	0.00770394
0.00234249	0.0239044	1.28708e-05	0.00594558
0.00236823	0.0157749	1.28708e-05	0.00487672
0.00239397	0.0110483	1.28708e-05	0.00422208
0.00241971	0.00670731	1.28708e-05	0.00361039
0.00244545	0.00300496	1.28708e-05	0.00220613
