0	17322.9	8.31549e-06	25737.7
1.6631e-05	4458.77	8.31549e-06	683.446
3.3262e-05	3490.18	8.31549e-06	222.453
4.98929e-05	3010	8.31549e-06	111.741
6.65239e-05	2722.38	8.31549e-06	75.4439
8.31549e-05	2492.31	8.31549e-06	55.2007
9.97859e-05	2313.74	8.31549e-06	44.3925
0.000116417	2152.48	8.31549e-06	36.5529
0.000133048	2009.56	8.31549e-06	29.9611
0.000149679	1889.43	8.31549e-06	26.225
0.00016631	1775.35	8.31549e-06	23.0366
0.000182941	1663.85	8.31549e-06	19.644
0.000199572	1562.21	8.31549e-06	17.358
0.000216203	1468.95	8.31549e-06	15.5075
0.000232834	1385.56	8.31549e-06	14.1064
0.000249465	1307.91	8.31549e-06	12.9485
0.000266096	1231.09	8.31549e-06	11.8428
0.000282727	1158.36	8.31549e-06	10.8766
0.000299358	1089.23	8.31549e-06	10.0119
0.000315989	1020.01	8.31549e-06	9.12116
0.00033262	956.553	8.31549e-06	8.37358
0.000349251	897.864	8.31549e-06	7.75901
0.000365882	837.609	8.31549e-06	7.05625
0.000382513	785.283	8.31549e-06	6.56491
0.000399144	738.65	8.31549e-06	6.17859
0.000415775	690.423	8.31549e-06	5.69773
0.000432406	644.965	8.31549e-06	5.32807
0.000449036	603.126	8.31549e-06	5.00414
0.000465667	561.775	8.31549e-06	4.68717
0.000482298	524.549	8.31549e-06	4.43028
0.000498929	488.063	8.31549e-06	4.1765
0.00051556	454.624	8.31549e-06	3.94799
0.000532191	421.326	8.31549e-06	3.60205
0.000548822	391.748	8.31549e-06	3.40698
0.000565453	363.109	8.31549e-06	3.16288
0.000582084	336.811	8.31549e-06	3.01321
0.000598715	310.925	8.31549e-06	2.58399
0.000615346	288.162	8.31549e-06	2.44587
0.000631977	264.561	8.31549e-06	2.22587
0.000648608	243.657	8.31549e-06	2.09455
0.000665239	224.98	8.31549e-06	1.97963
0.00068187	206.585	8.31549e-06	1.85447
0.000698501	190.518	8.31549e-06	1.77284
0.000715132	175.822	8.31549e-06	1.69057
0.000731763	162.078	8.31549e-06	1.59862
0.000748394	148.784	8.31549e-06	1.51083
0.000765025	136.125	8.31549e-06	1.4297
0.000781656	124.397	8.31549e-06	1.34208
0.000798287	112.629	8.31549e-06	1.24541
0.000814918	103.532	8.31549e-06	1.20066
0.000831549	94.0214	8.31549e-06	1.13654
0.00084818	85.4279	8.31549e-06	1.0477
0.000864811	77.2774	8.31549e-06	0.996902
0.000881442	69.9379	8.31549e-06	0.95261
0.000898073	63.245	8.31549e-06	0.914241
0.000914704	56.6182	8.31549e-06	0.870033
0.000931335	50.3039	8.31549e-06	0.790978
0.000947966	45.0323	8.31549e-06	0.756312
0.000964597	40.0347	8.31549e-06	0.631088
0.000981228	35.3055	8.31549e-06	0.57269
0.000997859	31.4991	8.31549e-06	0.542378
0.00101449	27.9672	8.31549e-06	0.503804
0.00103112	24.74	8.31549e-06	0.47695
0.00104775	21.9224	8.31549e-06	0.456552
0.00106438	18.9629	8.31549e-06	0.362885
0.00108101	16.6981	8.31549e-06	0.327793
0.00109764	14.978	8.31549e-06	0.314319
0.00111428	13.2393	8.31549e-06	0.290623
0.00113091	11.6985	8.31549e-06	0.276687
0.00114754	10.2294	8.31549e-06	0.259603
0.00116417	9.04025	8.31549e-06	0.240468
0.0011808	7.98566	8.31549e-06	0.227839
0.00119743	6.95021	8.31549e-06	0.212548
0.00121406	6.07976	8.31549e-06	0.200764
0.00123069	5.26903	8.31549e-06	0.188851
0.00124732	4.64943	8.31549e-06	0.170166
0.00126395	4.09296	8.31549e-06	0.160761
0.00128059	3.58535	8.31549e-06	0.154373
0.00129722	3.06116	8.31549e-06	0.143315
0.00131385	2.64564	8.31549e-06	0.129053
0.00133048	2.31353	8.31549e-06	0.123207
0.00134711	1.99031	8.31549e-06	0.116598
0.00136374	1.63873	8.31549e-06	0.105181
0.00138037	1.41906	8.31549e-06	0.0989534
0.001397	1.23481	8.31549e-06	0.0959234
0.00141363	0.988863	8.31549e-06	0.0808083
0.00143026	0.83112	8.31549e-06	0.0757702
0.0014469	0.723849	8.31549e-06	0.0736197
0.00146353	0.559819	8.31549e-06	0.0454412
0.00148016	0.483488	8.31549e-06	0.0432113
0.00149679	0.395381	8.31549e-06	0.0375771
0.00151342	0.325745	8.31549e-06	0.0335647
0.00153005	0.281475	8.31549e-06	0.0318089
0.00154668	0.228029	8.31549e-06	0.0256384
0.00156331	0.192193	8.31549e-06	0.0239416
0.00157994	0.160685	8.31549e-06	0.0225884
0.00159657	0.110284	8.31549e-06	0.0169534
0.00161321	0.094874	8.31549e-06	0.0161131
0.00162984	0.0719168	8.31549e-06	0.0143457
0.00164647	0.0388604	8.31549e-06	0.00898324
0.0016631	0.0301199	8.31549e-06	0.00798094
0.00167973	0.0239245	8.31549e-06	0.00734156
0.00169636	0.0128599	8.31549e-06	0.00557962
0.00171299	0.00720288	8.31549e-06	0.0037098
0.00172962	0.0055778	8.31549e-06	0.00333489
0.00174625	0.00390236	8.31549e-06	0.00288343
0.00176288	0.0013599	8.31549e-06	0.00135996
