0	11627.7	1.21028e-05	17566.4
2.42056e-05	2847.71	1.21028e-05	433.425
4.84112e-05	2229.62	1.21028e-05	132.242
7.26168e-05	1949.15	1.21028e-05	69.741
9.68223e-05	1763.66	1.21028e-05	45.0709
0.000121028	1627.88	1.21028e-05	33.3318
0.000145234	1513.69	1.21028e-05	25.6565
0.000169439	1425.45	1.21028e-05	21.6374
0.000193645	1343.14	1.21028e-05	18.53
0.00021785	1269.41	1.21028e-05	16.2918
0.000242056	1200.66	1.21028e-05	14.1796
0.000266261	1135.82	1.21028e-05	12.5789
0.000290467	1079.81	1.21028e-05	11.533
0.000314673	1027.31	1.21028e-05	10.6711
0.000338878	976.104	1.21028e-05	9.86762
0.000363084	925.18	1.21028e-05	8.86493
0.000387289	876.448	1.21028e-05	8.07267
0.000411495	828.912	1.21028e-05	7.41497
0.000435701	782.74	1.21028e-05	6.80562
0.000459906	737.234	1.21028e-05	6.19912
0.000484112	695.671	1.21028e-05	5.7225
0.000508317	658.089	1.21028e-05	5.3428
0.000532523	620.457	1.21028e-05	4.97679
0.000556728	585.862	1.21028e-05	4.67196
0.000580934	552.329	1.21028e-05	4.39529
0.00060514	518.888	1.21028e-05	4.1123
0.000629345	488.054	1.21028e-05	3.87087
0.000653551	457.018	1.21028e-05	3.61528
0.000677756	427.853	1.21028e-05	3.38325
0.000701962	399.493	1.21028e-05	3.1712
0.000726168	372.894	1.21028e-05	2.9606
0.000750373	347.097	1.21028e-05	2.75752
0.000774579	323.445	1.21028e-05	2.5853
0.000798784	300.543	1.21028e-05	2.43997
0.00082299	280.046	1.21028e-05	2.32831
0.000847195	259.899	1.21028e-05	2.21164
0.000871401	241.701	1.21028e-05	2.10893
0.000895607	223.984	1.21028e-05	2.00794
0.000919812	207.699	1.21028e-05	1.91415
0.000944018	190.56	1.21028e-05	1.68331
0.000968223	175.294	1.21028e-05	1.57915
0.000992429	161.039	1.21028e-05	1.50211
0.00101663	146.85	1.21028e-05	1.33339
0.00104084	134.275	1.21028e-05	1.26133
0.00106505	122.568	1.21028e-05	1.19538
0.00108925	111.454	1.21028e-05	1.11785
0.00111346	101.39	1.21028e-05	1.06331
0.00113766	92.2691	1.21028e-05	1.01115
0.00116187	83.5641	1.21028e-05	0.96152
0.00118607	75.7378	1.21028e-05	0.920055
0.00121028	68.1851	1.21028e-05	0.751144
0.00123448	61.862	1.21028e-05	0.713041
0.00125869	55.8083	1.21028e-05	0.678169
0.0012829	50.0408	1.21028e-05	0.634241
0.0013071	44.7383	1.21028e-05	0.590048
0.00133131	40.1522	1.21028e-05	0.55138
0.00135551	35.658	1.21028e-05	0.509151
0.00137972	31.684	1.21028e-05	0.481676
0.00140392	27.7079	1.21028e-05	0.421104
0.00142813	24.2968	1.21028e-05	0.388175
0.00145234	21.5802	1.21028e-05	0.368441
0.00147654	19.044	1.21028e-05	0.348708
0.00150075	16.6104	1.21028e-05	0.315511
0.00152495	14.6932	1.21028e-05	0.279514
0.00154916	12.973	1.21028e-05	0.265927
0.00157336	11.3049	1.21028e-05	0.240994
0.00159757	9.73023	1.21028e-05	0.221733
0.00162177	8.62306	1.21028e-05	0.211975
0.00164598	7.42639	1.21028e-05	0.196093
0.00167019	6.42769	1.21028e-05	0.186096
0.00169439	5.45095	1.21028e-05	0.170777
0.0017186	4.63004	1.21028e-05	0.156435
0.0017428	3.97858	1.21028e-05	0.149101
0.00176701	3.38894	1.21028e-05	0.139627
0.00179121	2.87078	1.21028e-05	0.129715
0.00181542	2.52841	1.21028e-05	0.126191
0.00183962	2.06092	1.21028e-05	0.107652
0.00186383	1.74061	1.21028e-05	0.102589
0.00188804	1.44271	1.21028e-05	0.0978152
0.00191224	1.20627	1.21028e-05	0.0947149
0.00193645	1.01913	1.21028e-05	0.0919228
0.00196065	0.890864	1.21028e-05	0.0902285
0.00198486	0.76159	1.21028e-05	0.0887782
0.00200906	0.600123	1.21028e-05	0.0845567
0.00203327	0.513928	1.21028e-05	0.0834655
0.00205747	0.415615	1.21028e-05	0.0816856
0.00208168	0.336796	1.21028e-05	0.080199
0.00210589	0.174956	1.21028e-05	0.0202459
0.00213009	0.127727	1.21028e-05	0.0178093
0.0021543	0.103054	1.21028e-05	0.0166591
0.0021785	0.071737	1.21028e-05	0.0127649
0.00220271	0.0497929	1.21028e-05	0.0106133
0.00222691	0.035508	1.21028e-05	0.00694185
0.00225112	0.0246143	1.21028e-05	0.00588968
0.00227532	0.00944683	1.21028e-05	0.00349727
0.00229953	0.00435466	1.21028e-05	0.0022128
0.00232374	0.0025637	1.21028e-05	0.00181448
0.00234794	0.0013352	1.21028e-05	0.00133527
