1.28708e-05	3985.79	1.28708e-05	40.2937
3.86124e-05	862.152	1.28708e-05	22.0773
6.4354e-05	704.13	1.28708e-05	17.9251
9.00957e-05	594.625	1.28708e-05	13.9604
0.000115837	545.609	1.28708e-05	17.5806
0.000141579	558.54	1.28708e-05	13.833
0.00016732	543.556	1.28708e-05	13.9176
0.000193062	583.325	1.28708e-05	14.8654
0.000218804	572.837	1.28708e-05	15.23
0.000244545	610.334	1.28708e-05	50.2551
0.000270287	561.071	1.28708e-05	15.0514
0.000296029	619.656	1.28708e-05	18.4927
0.00032177	586.786	1.28708e-05	13.049
0.000347512	667.081	1.28708e-05	25.2402
0.000373253	636.978	1.28708e-05	15.4722
0.000398995	628.921	1.28708e-05	13.8
0.000424737	668.171	1.28708e-05	20.1191
0.000450478	698.429	1.28708e-05	39.1522
0.00047622	724.346	1.28708e-05	20.6878
0.000501961	740.896	1.28708e-05	18.6412
0.000527703	767.642	1.28708e-05	34.2628
0.000553445	724.996	1.28708e-05	15.3338
0.000579186	781.869	1.28708e-05	59.3475
0.000604928	743.172	1.28708e-05	17.7363
0.00063067	773.705	1.28708e-05	20.8682
0.000656411	768.147	1.28708e-05	15.9857
0.000682153	788.963	1.28708e-05	32.9708
0.000707894	790.019	1.28708e-05	18.2593
0.000733636	750.29	1.28708e-05	15.8536
0.000759378	759.16	1.28708e-05	21.0519
0.000785119	748.365	1.28708e-05	15.5698
0.000810861	724.488	1.28708e-05	14.5128
0.000836602	697.637	1.28708e-05	15.6404
0.000862344	692.172	1.28708e-05	15.3923
0.000888086	674.167	1.28708e-05	16.6489
0.000913827	702.947	1.28708e-05	54.5974
0.000939569	640.607	1.28708e-05	14.5255
0.000965311	593.328	1.28708e-05	13.5998
0.000991052	614.295	1.28708e-05	14.8553
0.00101679	593.926	1.28708e-05	15.8524
0.00104254	557.772	1.28708e-05	12.0006
0.00106828	545.872	1.28708e-05	14.7867
0.00109402	521.721	1.28708e-05	22.8354
0.00111976	501.098	1.28708e-05	17.5198
0.0011455	468.629	1.28708e-05	13.0284
0.00117124	445.514	1.28708e-05	14.2981
0.00119699	436.602	1.28708e-05	11.7898
0.00122273	400.212	1.28708e-05	11.5461
0.00124847	358.626	1.28708e-05	10.2567
0.00127421	371.378	1.28708e-05	13.1523
0.00129995	329.543	1.28708e-05	9.9419
0.00132569	298.253	1.28708e-05	11.2672
0.00135143	289.877	1.28708e-05	9.69088
0.00137718	281.647	1.28708e-05	9.79108
0.00140292	263.776	1.28708e-05	16.7358
0.00142866	230.219	1.28708e-05	10.9787
0.0014544	193.819	1.28708e-05	7.78475
0.00148014	180.797	1.28708e-05	6.7768
0.00150588	179.112	1.28708e-05	7.46492
0.00153163	180.878	1.28708e-05	11.374
0.00155737	157.992	1.28708e-05	6.86037
0.00158311	145.797	1.28708e-05	7.02199
0.00160885	126.788	1.28708e-05	5.54271
0.00163459	106.842	1.28708e-05	5.93597
0.00166033	87.1811	1.28708e-05	4.31225
0.00168608	93.7404	1.28708e-05	4.96292
0.00171182	91.782	1.28708e-05	5.59283
0.00173756	73.8276	1.28708e-05	4.26317
0.0017633	58.5112	1.28708e-05	4.15822
0.00178904	62.8616	1.28708e-05	4.81125
0.00181478	48.3369	1.28708e-05	3.66143
0.00184053	40.8676	1.28708e-05	3.66483
0.00186627	42.5973	1.28708e-05	5.82545
0.00189201	46.1431	1.28708e-05	5.75961
0.00191775	32.8089	1.28708e-05	4.31631
0.00194349	23.2073	1.28708e-05	2.27804
0.00196923	24.8168	1.28708e-05	3.78684
0.00199498	19.642	1.28708e-05	2.27162
0.00202072	15.5862	1.28708e-05	1.67966
0.00204646	12.8396	1.28708e-05	1.42015
0.0020722	8.83669	1.28708e-05	1.27715
0.00209794	7.62802	1.28708e-05	1.09264
0.00212368	8.67084	1.28708e-05	1.62655
0.00214942	7.74981	1.28708e-05	1.09834
0.00217517	4.61495	1.28708e-05	0.854346
0.00220091	4.61576	1.28708e-05	0.867891
0.00222665	4.3732	1.28708e-05	1.09354
0.00225239	3.09463	1.28708e-05	0.904007
0.00227813	1.16042	1.28708e-05	0.325284
0.00230387	22.9018	1.28708e-05	21.2543
0.00232962	1.09314	1.28708e-05	0.4432
0.00235536	0.74385	1.28708e-05	0.311095
0.0023811	0.43721	1.28708e-05	0.225703
0.00240684	0.405885	1.28708e-05	0.204611
0.00243258	0.349872	1.28708e-05	0.270052
0.00245832	0.286974	1.28708e-05	0.210664
