7.78536e-06	6736.4	7.78536e-06	143.123
2.33561e-05	1517.62	7.78536e-06	34.3838
3.89268e-05	1155.31	7.78536e-06	22.7043
5.44975e-05	1150.89	7.78536e-06	42.9621
7.00682e-05	1121.16	7.78536e-06	33.7139
8.56389e-05	1076.46	7.78536e-06	22.7872
0.00010121	1136.92	7.78536e-06	45.8429
0.00011678	1088.34	7.78536e-06	27.3956
0.000132351	1179.59	7.78536e-06	58.1613
0.000147922	1152.53	7.78536e-06	26.7291
0.000163493	1144.48	7.78536e-06	25.1414
0.000179063	1148.79	7.78536e-06	23.4243
0.000194634	1233.52	7.78536e-06	32.5284
0.000210205	1215.54	7.78536e-06	33.3491
0.000225775	1277.69	7.78536e-06	28.9235
0.000241346	1252.42	7.78536e-06	28.2955
0.000256917	1287.87	7.78536e-06	40.6843
0.000272488	1318.17	7.78536e-06	28.8561
0.000288058	1315.16	7.78536e-06	28.9672
0.000303629	1280.21	7.78536e-06	25.8062
0.0003192	1246.94	7.78536e-06	29.2811
0.00033477	1287	7.78536e-06	31.2624
0.000350341	1207.37	7.78536e-06	25.7752
0.000365912	1313.83	7.78536e-06	39.0938
0.000381483	1277.92	7.78536e-06	38.8106
0.000397053	1174.33	7.78536e-06	24.4043
0.000412624	1207.35	7.78536e-06	25.8842
0.000428195	1220.34	7.78536e-06	45.3272
0.000443765	1243.84	7.78536e-06	44.7191
0.000459336	1137.56	7.78536e-06	26.0604
0.000474907	1085.4	7.78536e-06	25.898
0.000490478	1037.61	7.78536e-06	23.3342
0.000506048	1035.02	7.78536e-06	23.3326
0.000521619	1062.75	7.78536e-06	39.4079
0.00053719	982.179	7.78536e-06	25.7842
0.00055276	1004.55	7.78536e-06	29.6309
0.000568331	922.163	7.78536e-06	21.236
0.000583902	881.616	7.78536e-06	21.1854
0.000599473	816.734	7.78536e-06	20.4001
0.000615043	815.015	7.78536e-06	23.5306
0.000630614	796.024	7.78536e-06	24.3978
0.000646185	763.985	7.78536e-06	24.1033
0.000661755	696.248	7.78536e-06	18.941
0.000677326	688.727	7.78536e-06	23.2006
0.000692897	681.74	7.78536e-06	19.4205
0.000708468	625.111	7.78536e-06	21.8159
0.000724038	557.301	7.78536e-06	19.2747
0.000739609	546.609	7.78536e-06	16.677
0.00075518	532.443	7.78536e-06	21.4667
0.00077075	538.856	7.78536e-06	18.9442
0.000786321	496.361	7.78536e-06	20.9016
0.000801892	450.372	7.78536e-06	15.5105
0.000817463	450.645	7.78536e-06	17.7617
0.000833033	400.715	7.78536e-06	14.229
0.000848604	399.602	7.78536e-06	14.6889
0.000864175	355.199	7.78536e-06	14.2705
0.000879746	326.652	7.78536e-06	13.7755
0.000895316	302.934	7.78536e-06	12.1844
0.000910887	282.703	7.78536e-06	12.4067
0.000926458	264.497	7.78536e-06	17.7341
0.000942028	233.694	7.78536e-06	10.5942
0.000957599	208.809	7.78536e-06	9.82528
0.00097317	210.135	7.78536e-06	10.3205
0.000988741	195.305	7.78536e-06	12.2413
0.00100431	156.248	7.78536e-06	10.0949
0.00101988	150.843	7.78536e-06	10.9598
0.00103545	123.602	7.78536e-06	6.90891
0.00105102	125.495	7.78536e-06	7.7816
0.00106659	97.5245	7.78536e-06	5.69203
0.00108216	91.7517	7.78536e-06	6.35517
0.00109774	93.3012	7.78536e-06	11.428
0.00111331	85.6846	7.78536e-06	6.85218
0.00112888	81.8025	7.78536e-06	10.0792
0.00114445	62.6579	7.78536e-06	6.37512
0.00116002	54.8506	7.78536e-06	4.70014
0.00117559	41.074	7.78536e-06	4.31815
0.00119116	36.6213	7.78536e-06	3.71795
0.00120673	46.7254	7.78536e-06	4.32179
0.0012223	34.5691	7.78536e-06	3.86453
0.00123787	26.9975	7.78536e-06	2.65045
0.00125344	25.848	7.78536e-06	3.00305
0.00126901	24.2166	7.78536e-06	3.2394
0.00128458	16.0189	7.78536e-06	2.1456
0.00130015	17.0275	7.78536e-06	3.43201
0.00131573	13.0261	7.78536e-06	2.25924
0.0013313	17.276	7.78536e-06	3.54847
0.00134687	14.1793	7.78536e-06	2.88098
0.00136244	5.83685	7.78536e-06	1.14327
0.00137801	3.64778	7.78536e-06	0.871716
0.00139358	4.9935	7.78536e-06	1.09343
0.00140915	4.65454	7.78536e-06	1.17486
0.00142472	2.56249	7.78536e-06	0.810985
0.00144029	2.30892	7.78536e-06	0.808512
0.00145586	1.54949	7.78536e-06	0.635314
0.00147143	1.54168	7.78536e-06	0.616796
0.001487	0.930474	7.78536e-06	0.521806
0.00150257	0.495374	7.78536e-06	0.287905
0.00151814	0.660267	7.78536e-06	0.546985
0.00153372	0.414119	7.78536e-06	0.239224
0.00154929	0.507946	7.78536e-06	0.294911
0.00156486	0.714632	7.78536e-06	0.374777
0.00158043	0.628245	7.78536e-06	0.391494
0.001596	0.338442	7.78536e-06	0.243608
0.00161157	0.151396	7.78536e-06	0.151396
0.00162714	0	7.78536e-06	0
0.00164271	0.592518	7.78536e-06	0.371351
