1.04626e-05	5102.33	1.04626e-05	52.0254
3.13877e-05	1113.97	1.04626e-05	23.3179
5.23129e-05	929.498	1.04626e-05	21.18
7.3238e-05	814.631	1.04626e-05	23.0022
9.41632e-05	794.909	1.04626e-05	25.656
0.000115088	743.056	1.04626e-05	19.9358
0.000136013	763.695	1.04626e-05	17.0148
0.000156939	770.311	1.04626e-05	17.7906
0.000177864	809.779	1.04626e-05	18.4253
0.000198789	826.711	1.04626e-05	22.4877
0.000219714	818.281	1.04626e-05	19.444
0.000240639	847.559	1.04626e-05	18.2334
0.000261564	854.481	1.04626e-05	21.0968
0.000282489	887.35	1.04626e-05	19.3649
0.000303415	926.243	1.04626e-05	22.2208
0.00032434	940.478	1.04626e-05	21.1138
0.000345265	959.132	1.04626e-05	22.8658
0.00036619	946.414	1.04626e-05	21.4628
0.000387115	983.329	1.04626e-05	23.5568
0.00040804	962.651	1.04626e-05	18.7855
0.000428966	991.857	1.04626e-05	20.4099
0.000449891	916.769	1.04626e-05	18.1773
0.000470816	955.005	1.04626e-05	23.512
0.000491741	926.724	1.04626e-05	18.7776
0.000512666	911.37	1.04626e-05	23.3884
0.000533591	892.81	1.04626e-05	19.1839
0.000554516	925.639	1.04626e-05	26.2548
0.000575442	916.668	1.04626e-05	19.8074
0.000596367	895.275	1.04626e-05	21.1736
0.000617292	814.183	1.04626e-05	16.5656
0.000638217	842.819	1.04626e-05	18.6165
0.000659142	829.825	1.04626e-05	18.8891
0.000680067	844.319	1.04626e-05	29.1216
0.000700992	844.103	1.04626e-05	25.8089
0.000721918	762.525	1.04626e-05	16.4526
0.000742843	703.341	1.04626e-05	16.9964
0.000763768	689.423	1.04626e-05	16.7214
0.000784693	677.709	1.04626e-05	14.9857
0.000805618	704.349	1.04626e-05	23.9721
0.000826543	667.113	1.04626e-05	21.3705
0.000847468	651.513	1.04626e-05	16.6222
0.000868394	594.494	1.04626e-05	16.5683
0.000889319	534.56	1.04626e-05	21.0719
0.000910244	535.05	1.04626e-05	19.3275
0.000931169	508.758	1.04626e-05	13.7067
0.000952094	507.624	1.04626e-05	20.6961
0.000973019	416.498	1.04626e-05	11.6049
0.000993945	398.692	1.04626e-05	11.831
0.00101487	407.95	1.04626e-05	18.2402
0.00103579	349.78	1.04626e-05	10.5196
0.00105672	351.474	1.04626e-05	14.9121
0.00107765	312.185	1.04626e-05	9.85829
0.00109857	307.868	1.04626e-05	10.7766
0.0011195	300.004	1.04626e-05	17.5597
0.00114042	265.304	1.04626e-05	10.4253
0.00116135	259.383	1.04626e-05	9.18306
0.00118227	242.765	1.04626e-05	23.1034
0.0012032	210.634	1.04626e-05	9.20061
0.00122412	174.086	1.04626e-05	7.02164
0.00124505	176.083	1.04626e-05	7.42204
0.00126597	169.511	1.04626e-05	8.90587
0.0012869	176.842	1.04626e-05	14.5284
0.00130782	142.36	1.04626e-05	6.32078
0.00132875	119.805	1.04626e-05	6.25073
0.00134967	116.348	1.04626e-05	6.10909
0.0013706	108.052	1.04626e-05	7.70746
0.00139152	107.333	1.04626e-05	14.5674
0.00141245	89.8075	1.04626e-05	6.47412
0.00143337	74.397	1.04626e-05	4.90522
0.0014543	79.4166	1.04626e-05	5.32345
0.00147522	73.0219	1.04626e-05	5.84774
0.00149615	73.489	1.04626e-05	6.32175
0.00151707	67.1287	1.04626e-05	7.4963
0.001538	47.773	1.04626e-05	3.74131
0.00155892	48.8252	1.04626e-05	5.03654
0.00157985	42.1697	1.04626e-05	3.58402
0.00160077	36.6406	1.04626e-05	3.94484
0.0016217	28.2711	1.04626e-05	2.79773
0.00164262	30.8416	1.04626e-05	3.14374
0.00166355	21.6411	1.04626e-05	2.12647
0.00168447	21.8713	1.04626e-05	3.70144
0.0017054	17.884	1.04626e-05	2.00441
0.00172632	17.1142	1.04626e-05	2.49718
0.00174725	9.3837	1.04626e-05	1.44103
0.00176817	9.22341	1.04626e-05	1.24343
0.0017891	13.1007	1.04626e-05	2.54241
0.00181003	6.07389	1.04626e-05	0.931411
0.00183095	6.93216	1.04626e-05	1.23821
0.00185188	4.93615	1.04626e-05	0.880275
0.0018728	3.74646	1.04626e-05	1.00892
0.00189373	2.68947	1.04626e-05	1.09037
0.00191465	3.75632	1.04626e-05	1.79735
0.00193558	1.44312	1.04626e-05	0.471346
0.0019565	1.23243	1.04626e-05	0.451585
0.00197743	0.577181	1.04626e-05	0.33444
0.00199835	1.52922	1.04626e-05	0.662575
0.00201928	0.492056	1.04626e-05	0.254444
0.0020402	0.595333	1.04626e-05	0.26977
0.00206113	0.148493	1.04626e-05	0.148493
0.00208205	0.212731	1.04626e-05	0.150607
0.00210298	0.310551	1.04626e-05	0.220581
0.0021239	0.217414	1.04626e-05	0.153905
0.00214483	0.112959	1.04626e-05	0.112959
0.00216575	0.129188	1.04626e-05	0.129188
0.00218668	0.246719	1.04626e-05	0.174764
0.0022076	0.277911	1.04626e-05	0.277911
0.00222853	0.139569	1.04626e-05	0.139569
