1.21028e-05	4390	1.21028e-05	95.8625
3.63084e-05	927.146	1.21028e-05	35.8672
6.0514e-05	701.169	1.21028e-05	15.4422
8.47195e-05	649.214	1.21028e-05	17.0535
0.000108925	611.008	1.21028e-05	14.1988
0.000133131	628.064	1.21028e-05	25.6056
0.000157336	573.519	1.21028e-05	15.6698
0.000181542	617.325	1.21028e-05	15.6859
0.000205747	626.76	1.21028e-05	13.9228
0.000229953	653.1	1.21028e-05	32.9009
0.000254159	680.828	1.21028e-05	22.7568
0.000278364	644.045	1.21028e-05	14.0962
0.00030257	656.314	1.21028e-05	15.2899
0.000326775	691.256	1.21028e-05	19.6353
0.000350981	738.393	1.21028e-05	36.8227
0.000375187	755.352	1.21028e-05	29.1387
0.000399392	784.346	1.21028e-05	22.6605
0.000423598	808.008	1.21028e-05	22.8455
0.000447803	841.854	1.21028e-05	25.074
0.000472009	810.484	1.21028e-05	20.8106
0.000496214	770.424	1.21028e-05	18.7973
0.00052042	809.104	1.21028e-05	18.1575
0.000544626	778.374	1.21028e-05	17.0952
0.000568831	788.022	1.21028e-05	16.1533
0.000593037	819.312	1.21028e-05	18.0775
0.000617242	786.278	1.21028e-05	17.3931
0.000641448	822.448	1.21028e-05	19.5059
0.000665654	802.028	1.21028e-05	19.4288
0.000689859	808.26	1.21028e-05	18.0171
0.000714065	784.667	1.21028e-05	20.4039
0.00073827	786.814	1.21028e-05	20.3652
0.000762476	745.044	1.21028e-05	18.8037
0.000786681	744.315	1.21028e-05	15.7131
0.000810887	686.629	1.21028e-05	13.319
0.000835093	695.078	1.21028e-05	14.9849
0.000859298	646.046	1.21028e-05	15.1016
0.000883504	646.669	1.21028e-05	15.4931
0.000907709	610.698	1.21028e-05	15.8762
0.000931915	659.834	1.21028e-05	30.6138
0.000956121	603.026	1.21028e-05	17.2364
0.000980326	577.303	1.21028e-05	13.6455
0.00100453	588.846	1.21028e-05	24.9519
0.00102874	534.458	1.21028e-05	13.4012
0.00105294	509.235	1.21028e-05	13.0201
0.00107715	494.589	1.21028e-05	15.219
0.00110135	457.877	1.21028e-05	12.0427
0.00112556	424.143	1.21028e-05	12.2782
0.00114977	413.484	1.21028e-05	12.0469
0.00117397	379.576	1.21028e-05	11.0577
0.00119818	373.859	1.21028e-05	25.1917
0.00122238	319.316	1.21028e-05	10.1142
0.00124659	311.768	1.21028e-05	9.59296
0.00127079	302.794	1.21028e-05	11.2088
0.001295	283.681	1.21028e-05	11.2581
0.0013192	249.941	1.21028e-05	10.4913
0.00134341	249.431	1.21028e-05	10.8514
0.00136762	224.533	1.21028e-05	8.43263
0.00139182	228.626	1.21028e-05	12.8447
0.00141603	199.548	1.21028e-05	8.91974
0.00144023	161.634	1.21028e-05	6.74402
0.00146444	153.444	1.21028e-05	6.73538
0.00148864	149.666	1.21028e-05	8.80204
0.00151285	119.826	1.21028e-05	8.94379
0.00153705	109.233	1.21028e-05	5.18887
0.00156126	107.591	1.21028e-05	7.05689
0.00158547	103.14	1.21028e-05	5.97979
0.00160967	73.627	1.21028e-05	4.18192
0.00163388	80.7751	1.21028e-05	5.30072
0.00165808	68.4114	1.21028e-05	4.11462
0.00168229	67.8833	1.21028e-05	5.04515
0.00170649	57.874	1.21028e-05	4.75918
0.0017307	46.5794	1.21028e-05	3.32134
0.0017549	42.7487	1.21028e-05	3.74583
0.00177911	38.0853	1.21028e-05	3.7622
0.00180332	25.5059	1.21028e-05	2.21091
0.00182752	35.2957	1.21028e-05	4.949
0.00185173	24.504	1.21028e-05	2.47537
0.00187593	23.0869	1.21028e-05	2.37839
0.00190014	18.5607	1.21028e-05	1.90327
0.00192434	14.8775	1.21028e-05	1.80512
0.00194855	10.3255	1.21028e-05	1.40837
0.00197276	10.5358	1.21028e-05	1.30681
0.00199696	13.3211	1.21028e-05	2.2258
0.00202117	7.19725	1.21028e-05	1.12734
0.00204537	8.3075	1.21028e-05	1.44542
0.00206958	6.739	1.21028e-05	1.32407
0.00209378	13.9991	1.21028e-05	6.71057
0.00211799	4.13257	1.21028e-05	0.841256
0.00214219	2.18353	1.21028e-05	0.556681
0.0021664	2.80289	1.21028e-05	0.957526
0.00219061	1.98594	1.21028e-05	0.641482
0.00221481	1.30706	1.21028e-05	0.734446
0.00223902	1.00767	1.21028e-05	0.339704
0.00226322	1.41816	1.21028e-05	0.44283
0.00228743	0.481211	1.21028e-05	0.255875
0.00231163	0.171036	1.21028e-05	0.120942
0.00233584	0.118551	1.21028e-05	0.118551
0.00236004	0.130182	1.21028e-05	0.130182
