0	1123.18	7.35215e-06	4.44993
1.47043e-05	1123.18	7.35215e-06	4.44993
2.94086e-05	1122.49	7.35215e-06	4.41975
4.41129e-05	1121.6	7.35215e-06	4.40125
5.88172e-05	1120.1	7.35215e-06	4.3751
7.35215e-05	1118.52	7.35215e-06	4.35755
8.82258e-05	1116.46	7.35215e-06	4.3349
0.00010293	1113.43	7.35215e-06	4.26753
0.000117634	1110.09	7.35215e-06	4.2329
0.000132339	1106.24	7.35215e-06	4.19504
0.000147043	1102.31	7.35215e-06	4.16842
0.000161747	1097.78	7.35215e-06	4.13551
0.000176452	1093.41	7.35215e-06	4.11157
0.000191156	1088.41	7.35215e-06	4.08351
0.00020586	1083.31	7.35215e-06	4.05899
0.000220564	1077.66	7.35215e-06	4.03369
0.000235269	1071.39	7.35215e-06	4.00612
0.000249973	1065.18	7.35215e-06	3.98215
0.000264677	1058.54	7.35215e-06	3.94322
0.000279382	1050.82	7.35215e-06	3.89526
0.000294086	1043.52	7.35215e-06	3.86763
0.00030879	1035.93	7.35215e-06	3.84354
0.000323494	1027.59	7.35215e-06	3.81572
0.000338199	1019.32	7.35215e-06	3.79169
0.000352903	1010.19	7.35215e-06	3.76293
0.000367607	999.993	7.35215e-06	3.68418
0.000382312	990.597	7.35215e-06	3.65534
0.000397016	980.689	7.35215e-06	3.62736
0.00041172	970.244	7.35215e-06	3.59385
0.000426424	959.397	7.35215e-06	3.56144
0.000441129	948.686	7.35215e-06	3.53619
0.000455833	937.657	7.35215e-06	3.50887
0.000470537	926.638	7.35215e-06	3.4852
0.000485242	915.226	7.35215e-06	3.46035
0.000499946	903.852	7.35215e-06	3.43648
0.00051465	891.241	7.35215e-06	3.39096
0.000529355	878.499	7.35215e-06	3.3609
0.000544059	863.954	7.35215e-06	2.96454
0.000558763	850.04	7.35215e-06	2.90965
0.000573467	837.33	7.35215e-06	2.88225
0.000588172	823.935	7.35215e-06	2.85093
0.000602876	810.632	7.35215e-06	2.82239
0.00061758	797.092	7.35215e-06	2.79453
0.000632285	783.687	7.35215e-06	2.76805
0.000646989	769.925	7.35215e-06	2.74131
0.000661693	756.076	7.35215e-06	2.71418
0.000676397	742.096	7.35215e-06	2.68742
0.000691102	727.914	7.35215e-06	2.66132
0.000705806	713.874	7.35215e-06	2.63602
0.00072051	699.756	7.35215e-06	2.60708
0.000735215	685.413	7.35215e-06	2.58064
0.000749919	670.386	7.35215e-06	2.53663
0.000764623	655.247	7.35215e-06	2.49766
0.000779327	640.889	7.35215e-06	2.47388
0.000794032	626.483	7.35215e-06	2.4496
0.000808736	611.638	7.35215e-06	2.42088
0.00082344	597.349	7.35215e-06	2.39746
0.000838145	582.372	7.35215e-06	2.37129
0.000852849	565.652	7.35215e-06	1.62895
0.000867553	551.513	7.35215e-06	1.59946
0.000882258	537.49	7.35215e-06	1.57258
0.000896962	523.074	7.35215e-06	1.5384
0.000911666	508.109	7.35215e-06	1.48925
0.00092637	494.217	7.35215e-06	1.45908
0.000941075	480.229	7.35215e-06	1.43134
0.000955779	465.816	7.35215e-06	1.36973
0.000970483	452.252	7.35215e-06	1.32964
0.000985188	438.696	7.35215e-06	1.29794
0.000999892	425.232	7.35215e-06	1.24439
0.0010146	411.807	7.35215e-06	1.21351
0.0010293	398.595	7.35215e-06	1.17987
0.001044	385.554	7.35215e-06	1.14743
0.00105871	372.514	7.35215e-06	1.11214
0.00107341	360.281	7.35215e-06	1.08813
0.00108812	348.027	7.35215e-06	1.06319
0.00110282	335.992	7.35215e-06	1.03686
0.00111753	324.092	7.35215e-06	1.01472
0.00113223	312.479	7.35215e-06	0.993419
0.00114693	301.187	7.35215e-06	0.97
0.00116164	290.208	7.35215e-06	0.95067
0.00117634	278.86	7.35215e-06	0.900253
0.00119105	268.215	7.35215e-06	0.880309
0.00120575	257.789	7.35215e-06	0.85364
0.00122046	247.36	7.35215e-06	0.830733
0.00123516	237.584	7.35215e-06	0.813773
0.00124986	228.012	7.35215e-06	0.794868
0.00126457	218.556	7.35215e-06	0.777072
0.00127927	209.508	7.35215e-06	0.75913
0.00129398	200.383	7.35215e-06	0.739836
0.00130868	191.685	7.35215e-06	0.722269
0.00132339	183.238	7.35215e-06	0.703453
0.00133809	174.919	7.35215e-06	0.679225
0.00135279	166.875	7.35215e-06	0.661704
0.0013675	159.233	7.35215e-06	0.646365
0.0013822	151.924	7.35215e-06	0.634211
0.00139691	144.636	7.35215e-06	0.620236
0.00141161	137.953	7.35215e-06	0.609007
0.00142632	131.336	7.35215e-06	0.598152
0.00144102	124.929	7.35215e-06	0.587025
0.00145572	118.398	7.35215e-06	0.550826
0.00147043	112.408	7.35215e-06	0.537813
0.00148513	106.738	7.35215e-06	0.526229
0.00149984	101.163	7.35215e-06	0.515855
0.00151454	95.6242	7.35215e-06	0.504979
0.00152925	90.5317	7.35215e-06	0.485
0.00154395	85.5024	7.35215e-06	0.473045
0.00155865	80.7535	7.35215e-06	0.463915
0.00157336	76.2479	7.35215e-06	0.455526
0.00158806	71.672	7.35215e-06	0.339574
0.00160277	67.5593	7.35215e-06	0.327504
0.00161747	63.7053	7.35215e-06	0.318684
0.00163218	59.9256	7.35215e-06	0.308831
0.00164688	56.127	7.35215e-06	0.277141
0.00166158	52.7858	7.35215e-06	0.267135
0.00167629	49.5181	7.35215e-06	0.253022
0.00169099	46.5372	7.35215e-06	0.245141
0.0017057	43.6477	7.35215e-06	0.237325
0.0017204	40.8757	7.35215e-06	0.228298
0.00173511	38.2809	7.35215e-06	0.221307
0.00174981	35.7545	7.35215e-06	0.212548
0.00176452	33.4505	7.35215e-06	0.206027
0.00177922	31.3521	7.35215e-06	0.19939
0.00179392	29.2767	7.35215e-06	0.193231
0.00180863	27.2484	7.35215e-06	0.187292
0.00182333	25.3238	7.35215e-06	0.18104
0.00183804	23.6216	7.35215e-06	0.176771
0.00185274	21.8888	7.35215e-06	0.168233
0.00186745	20.3004	7.35215e-06	0.162588
0.00188215	18.7643	7.35215e-06	0.141357
0.00189685	17.3988	7.35215e-06	0.13685
0.00191156	16.1384	7.35215e-06	0.13261
0.00192626	14.9051	7.35215e-06	0.12318
0.00194097	13.7715	7.35215e-06	0.118818
0.00195567	12.7439	7.35215e-06	0.115008
0.00197038	11.7713	7.35215e-06	0.110229
0.00198508	10.8774	7.35215e-06	0.106593
0.00199978	10.0236	7.35215e-06	0.102351
0.00201449	9.17092	7.35215e-06	0.0957475
0.00202919	8.39365	7.35215e-06	0.0923367
0.0020439	7.62172	7.35215e-06	0.0847008
0.0020586	6.96304	7.35215e-06	0.0816859
0.00207331	6.35068	7.35215e-06	0.0788395
0.00208801	5.80606	7.35215e-06	0.0757312
0.00210271	5.27629	7.35215e-06	0.070307
0.00211742	4.75844	7.35215e-06	0.0597963
0.00213212	4.30495	7.35215e-06	0.0564649
0.00214683	3.91402	7.35215e-06	0.05374
0.00216153	3.54675	7.35215e-06	0.0513928
0.00217624	3.19791	7.35215e-06	0.0490695
0.00219094	2.84529	7.35215e-06	0.0456832
0.00220564	2.52642	7.35215e-06	0.0426277
0.00222035	2.24741	7.35215e-06	0.0402078
0.00223505	2.01088	7.35215e-06	0.0384768
0.00224976	1.78678	7.35215e-06	0.0360523
0.00226446	1.55144	7.35215e-06	0.0310638
0.00227917	1.363	7.35215e-06	0.0287245
0.00229387	1.18396	7.35215e-06	0.0268118
0.00230857	1.02851	7.35215e-06	0.0246833
0.00232328	0.896009	7.35215e-06	0.0224814
0.00233798	0.778658	7.35215e-06	0.0210717
0.00235269	0.675455	7.35215e-06	0.0197392
0.00236739	0.565085	7.35215e-06	0.0165397
0.0023821	0.470532	7.35215e-06	0.0148559
0.0023968	0.39003	7.35215e-06	0.0136363
0.0024115	0.31161	7.35215e-06	0.0113299
0.00242621	0.248871	7.35215e-06	0.00999994
0.00244091	0.197173	7.35215e-06	0.00882989
0.00245562	0.153842	7.35215e-06	0.00773965
0.00247032	0.120335	7.35215e-06	0.0067381
0.00248503	0.0853409	7.35215e-06	0.00561873
0.00249973	0.0545154	7.35215e-06	0.00448224
0.00251443	0.0364516	7.35215e-06	0.00361421
0.00252914	0.0228451	7.35215e-06	0.00288564
0.00254384	0.0132159	7.35215e-06	0.00216993
0.00255855	0.00445899	7.35215e-06	0.00124522
0.00257325	0.000644334	7.35215e-06	0.000456599
