0	1124.06	7.38271e-06	4.07204
1.47654e-05	1124	7.38271e-06	4.0699
2.95308e-05	1123.62	7.38271e-06	4.06004
4.42963e-05	1122.79	7.38271e-06	4.04359
5.90617e-05	1121.14	7.38271e-06	4.00946
7.38271e-05	1119.16	7.38271e-06	3.9805
8.85925e-05	1116.71	7.38271e-06	3.94966
0.000103358	1114.23	7.38271e-06	3.9255
0.000118123	1110.95	7.38271e-06	3.89249
0.000132889	1107.45	7.38271e-06	3.86593
0.000147654	1103.29	7.38271e-06	3.8325
0.00016242	1099.15	7.38271e-06	3.80783
0.000177185	1094.28	7.38271e-06	3.75763
0.00019195	1087.54	7.38271e-06	3.57764
0.000206716	1082.18	7.38271e-06	3.5492
0.000221481	1076.26	7.38271e-06	3.51937
0.000236247	1069.87	7.38271e-06	3.48396
0.000251012	1063.49	7.38271e-06	3.45685
0.000265778	1056.74	7.38271e-06	3.42092
0.000280543	1049.17	7.38271e-06	3.38885
0.000295308	1042.04	7.38271e-06	3.36398
0.000310074	1034.07	7.38271e-06	3.33355
0.000324839	1025.84	7.38271e-06	3.30483
0.000339605	1016.88	7.38271e-06	3.26872
0.00035437	1008.18	7.38271e-06	3.24074
0.000369136	998.695	7.38271e-06	3.20947
0.000383901	989.128	7.38271e-06	3.1805
0.000398666	978.658	7.38271e-06	3.14488
0.000413432	968.656	7.38271e-06	3.11729
0.000428197	957.891	7.38271e-06	3.08385
0.000442963	946.681	7.38271e-06	3.05094
0.000457728	935.453	7.38271e-06	3.01934
0.000472493	924.425	7.38271e-06	2.99245
0.000487259	912.697	7.38271e-06	2.95979
0.000502024	898.958	7.38271e-06	2.61231
0.00051679	885.819	7.38271e-06	2.55157
0.000531555	873.395	7.38271e-06	2.51503
0.000546321	860.274	7.38271e-06	2.47528
0.000561086	847.667	7.38271e-06	2.44196
0.000575851	834.206	7.38271e-06	2.3991
0.000590617	820.755	7.38271e-06	2.36248
0.000605382	806.744	7.38271e-06	2.31121
0.000620148	792.991	7.38271e-06	2.27573
0.000634913	778.405	7.38271e-06	2.1955
0.000649679	764.648	7.38271e-06	2.16404
0.000664444	750.553	7.38271e-06	2.12944
0.000679209	736.409	7.38271e-06	2.09503
0.000693975	722.073	7.38271e-06	2.06119
0.00070874	707.81	7.38271e-06	2.02473
0.000723506	693.051	7.38271e-06	1.9877
0.000738271	678.066	7.38271e-06	1.9502
0.000753036	663.887	7.38271e-06	1.9182
0.000767802	649.39	7.38271e-06	1.88614
0.000782567	634.726	7.38271e-06	1.85374
0.000797333	620.035	7.38271e-06	1.81914
0.000812098	605.576	7.38271e-06	1.78798
0.000826864	591.145	7.38271e-06	1.75293
0.000841629	575.968	7.38271e-06	1.71697
0.000856394	561.297	7.38271e-06	1.68488
0.00087116	546.987	7.38271e-06	1.65071
0.000885925	532.55	7.38271e-06	1.61958
0.000900691	518.558	7.38271e-06	1.59132
0.000915456	504.667	7.38271e-06	1.56383
0.000930222	491.107	7.38271e-06	1.53947
0.000944987	477.329	7.38271e-06	1.51272
0.000959752	463.42	7.38271e-06	1.47775
0.000974518	449.715	7.38271e-06	1.44831
0.000989283	436.268	7.38271e-06	1.42325
0.00100405	422.651	7.38271e-06	1.39333
0.00101881	409.583	7.38271e-06	1.36853
0.00103358	396.476	7.38271e-06	1.34112
0.00104834	383.723	7.38271e-06	1.31743
0.00106311	371.159	7.38271e-06	1.28933
0.00107788	358.73	7.38271e-06	1.26661
0.00109264	346.162	7.38271e-06	1.23371
0.00110741	334.045	7.38271e-06	1.17316
0.00112217	322.128	7.38271e-06	1.14661
0.00113694	310.239	7.38271e-06	1.11804
0.0011517	299.088	7.38271e-06	1.0988
0.00116647	288.19	7.38271e-06	1.07961
0.00118123	277.271	7.38271e-06	1.04816
0.001196	266.246	7.38271e-06	1.02146
0.00121076	256.01	7.38271e-06	1.00359
0.00122553	245.963	7.38271e-06	0.986705
0.0012403	236.075	7.38271e-06	0.969587
0.00125506	226.284	7.38271e-06	0.95109
0.00126983	217.035	7.38271e-06	0.936108
0.00128459	207.376	7.38271e-06	0.880896
0.00129936	198.518	7.38271e-06	0.86248
0.00131412	189.902	7.38271e-06	0.846283
0.00132889	181.56	7.38271e-06	0.831794
0.00134365	172.637	7.38271e-06	0.693532
0.00135842	164.639	7.38271e-06	0.67445
0.00137318	156.795	7.38271e-06	0.657743
0.00138795	149.354	7.38271e-06	0.63347
0.00140272	142.253	7.38271e-06	0.611515
0.00141748	135.355	7.38271e-06	0.597399
0.00143225	128.741	7.38271e-06	0.58255
0.00144701	122.33	7.38271e-06	0.566007
0.00146178	116.143	7.38271e-06	0.549561
0.00147654	110.359	7.38271e-06	0.53544
0.00149131	104.444	7.38271e-06	0.518399
0.00150607	99.043	7.38271e-06	0.506889
0.00152084	93.9776	7.38271e-06	0.496747
0.0015356	88.9264	7.38271e-06	0.48616
0.00155037	84.2389	7.38271e-06	0.477032
0.00156513	79.55	7.38271e-06	0.4668
0.0015799	75.1448	7.38271e-06	0.45655
0.00159467	70.9966	7.38271e-06	0.447281
0.00160943	67.0459	7.38271e-06	0.438802
0.0016242	63.1561	7.38271e-06	0.428984
0.00163896	59.4572	7.38271e-06	0.419586
0.00165373	55.8289	7.38271e-06	0.40682
0.00166849	52.4669	7.38271e-06	0.397328
0.00168326	49.3315	7.38271e-06	0.390407
0.00169802	46.2988	7.38271e-06	0.383753
0.00171279	43.433	7.38271e-06	0.371781
0.00172755	40.7135	7.38271e-06	0.364924
0.00174232	38.0453	7.38271e-06	0.355513
0.00175709	35.572	7.38271e-06	0.349013
0.00177185	33.2871	7.38271e-06	0.343982
0.00178662	31.1518	7.38271e-06	0.339326
0.00180138	29.0773	7.38271e-06	0.333837
0.00181615	26.8423	7.38271e-06	0.274831
0.00183091	24.9112	7.38271e-06	0.26346
0.00184568	23.1755	7.38271e-06	0.257602
0.00186044	21.6513	7.38271e-06	0.253412
0.00187521	19.911	7.38271e-06	0.200096
0.00188997	18.4692	7.38271e-06	0.195107
0.00190474	17.1217	7.38271e-06	0.190578
0.0019195	15.8451	7.38271e-06	0.183173
0.00193427	14.593	7.38271e-06	0.177905
0.00194904	13.4366	7.38271e-06	0.174097
0.0019638	12.4514	7.38271e-06	0.170713
0.00197857	11.318	7.38271e-06	0.156593
0.00199333	10.4391	7.38271e-06	0.153001
0.0020081	9.49727	7.38271e-06	0.145929
0.00202286	8.71754	7.38271e-06	0.142601
0.00203763	7.90113	7.38271e-06	0.135798
0.00205239	7.0544	7.38271e-06	0.0975589
0.00206716	6.45948	7.38271e-06	0.0933259
0.00208192	5.91521	7.38271e-06	0.090529
0.00209669	5.36493	7.38271e-06	0.0871029
0.00211146	4.88318	7.38271e-06	0.0844869
0.00212622	4.44217	7.38271e-06	0.0815503
0.00214099	4.01745	7.38271e-06	0.0778005
0.00215575	3.63196	7.38271e-06	0.0744334
0.00217052	3.23492	7.38271e-06	0.0690816
0.00218528	2.92111	7.38271e-06	0.0671231
0.00220005	2.62454	7.38271e-06	0.0642185
0.00221481	2.3551	7.38271e-06	0.062219
0.00222958	2.14274	7.38271e-06	0.0606454
0.00224434	1.8991	7.38271e-06	0.0583195
0.00225911	1.65663	7.38271e-06	0.0553784
0.00227387	1.45141	7.38271e-06	0.0530312
0.00228864	1.28876	7.38271e-06	0.051395
0.00230341	1.06072	7.38271e-06	0.0347243
0.00231817	0.911651	7.38271e-06	0.0318454
0.00233294	0.779222	7.38271e-06	0.029379
0.0023477	0.672553	7.38271e-06	0.0276289
0.00236247	0.575462	7.38271e-06	0.0260545
0.00237723	0.497761	7.38271e-06	0.0243464
0.002392	0.40346	7.38271e-06	0.0210919
0.00240676	0.321972	7.38271e-06	0.016988
0.00242153	0.255213	7.38271e-06	0.0156004
0.00243629	0.202924	7.38271e-06	0.0127982
0.00245106	0.15582	7.38271e-06	0.0112734
0.00246583	0.113842	7.38271e-06	0.00955632
0.00248059	0.078288	7.38271e-06	0.00724261
0.00249536	0.0636501	7.38271e-06	0.00676974
0.00251012	0.0436062	7.38271e-06	0.00567365
0.00252489	0.025776	7.38271e-06	0.00468198
0.00253965	0.0113039	7.38271e-06	0.00259876
0.00255442	0.00641946	7.38271e-06	0.00210918
0.00256918	0.00160519	7.38271e-06	0.00117375
