7.38298e-06	0.060145	7.38298e-06	0.0426135
2.2149e-05	0.765166	7.38298e-06	0.189979
3.69149e-05	2.51551	7.38298e-06	0.430877
5.16809e-05	5.53459	7.38298e-06	0.932978
6.64469e-05	7.64784	7.38298e-06	0.887903
8.12128e-05	11.0734	7.38298e-06	0.864023
9.59788e-05	15.2297	7.38298e-06	1.12345
0.000110745	22.6289	7.38298e-06	1.64266
0.000125511	32.7207	7.38298e-06	2.76768
0.000140277	35.527	7.38298e-06	2.06628
0.000155043	42.4604	7.38298e-06	2.09332
0.000169809	47.1706	7.38298e-06	1.91731
0.000184575	62.9374	7.38298e-06	2.8192
0.000199341	73.2216	7.38298e-06	2.98584
0.000214107	83.1423	7.38298e-06	2.77835
0.000228873	98.8515	7.38298e-06	4.3807
0.000243638	111.103	7.38298e-06	3.71952
0.000258404	117.294	7.38298e-06	3.42494
0.00027317	133.615	7.38298e-06	4.49982
0.000287936	145.479	7.38298e-06	4.24752
0.000302702	162.952	7.38298e-06	4.1673
0.000317468	226.83	7.38298e-06	36.8934
0.000332234	237.158	7.38298e-06	35.9142
0.000347	206.225	7.38298e-06	5.56959
0.000361766	223.847	7.38298e-06	4.9554
0.000376532	249.908	7.38298e-06	7.35313
0.000391298	249.419	7.38298e-06	5.15073
0.000406064	282.247	7.38298e-06	9.12617
0.00042083	310.946	7.38298e-06	7.7126
0.000435596	315.985	7.38298e-06	7.35583
0.000450362	379.005	7.38298e-06	22.9829
0.000465128	345.146	7.38298e-06	6.21936
0.000479894	384.676	7.38298e-06	8.07949
0.00049466	380.579	7.38298e-06	6.71376
0.000509426	399.687	7.38298e-06	7.10581
0.000524192	435.728	7.38298e-06	8.56285
0.000538958	459.641	7.38298e-06	7.56279
0.000553724	475.768	7.38298e-06	7.97064
0.00056849	523.647	7.38298e-06	10.0272
0.000583256	512.657	7.38298e-06	9.53723
0.000598022	532.188	7.38298e-06	8.8532
0.000612788	552.517	7.38298e-06	8.7761
0.000627554	579.074	7.38298e-06	8.68469
0.00064232	605.772	7.38298e-06	11.0109
0.000657086	664.036	7.38298e-06	21.6453
0.000671852	620.644	7.38298e-06	8.89656
0.000686618	664.897	7.38298e-06	11.7802
0.000701384	686.421	7.38298e-06	16.7247
0.000716149	710.692	7.38298e-06	14.6581
0.000730915	704.646	7.38298e-06	10.6201
0.000745681	740.953	7.38298e-06	11.1931
0.000760447	739.074	7.38298e-06	10.6873
0.000775213	757.281	7.38298e-06	10.1663
0.000789979	790.589	7.38298e-06	16.9259
0.000804745	806.88	7.38298e-06	20.4521
0.000819511	800.715	7.38298e-06	11.7044
0.000834277	815.136	7.38298e-06	15.9618
0.000849043	844.74	7.38298e-06	13.5594
0.000863809	823.817	7.38298e-06	11.7877
0.000878575	833.474	7.38298e-06	11.2168
0.000893341	850.02	7.38298e-06	11.2236
0.000908107	848.374	7.38298e-06	11.6754
0.000922873	902.855	7.38298e-06	16.8681
0.000937639	874.902	7.38298e-06	12.1634
0.000952405	904.74	7.38298e-06	19.7842
0.000967171	885.108	7.38298e-06	13.9241
0.000981937	909.679	7.38298e-06	12.8011
0.000996703	929.439	7.38298e-06	21.8775
0.00101147	935.908	7.38298e-06	20.0194
0.00102623	892.03	7.38298e-06	12.9459
0.001041	887.126	7.38298e-06	12.7556
0.00105577	900.326	7.38298e-06	12.2325
0.00107053	906.098	7.38298e-06	12.6617
0.0010853	886.721	7.38298e-06	12.0649
0.00110006	923.266	7.38298e-06	24.7337
0.00111483	903.217	7.38298e-06	14.2456
0.0011296	912.773	7.38298e-06	19.0786
0.00114436	897.081	7.38298e-06	14.9646
0.00115913	877.693	7.38298e-06	13.8936
0.00117389	874.343	7.38298e-06	14.4536
0.00118866	910.56	7.38298e-06	42.7855
0.00120343	864.82	7.38298e-06	14.2561
0.00121819	843.527	7.38298e-06	12.1522
0.00123296	831.236	7.38298e-06	12.6125
0.00124772	809.764	7.38298e-06	12.5971
0.00126249	791.62	7.38298e-06	11.6456
0.00127726	771.724	7.38298e-06	11.2333
0.00129202	765.36	7.38298e-06	11.2811
0.00130679	748.416	7.38298e-06	11.5682
0.00132155	788.243	7.38298e-06	19.7622
0.00133632	718.788	7.38298e-06	10.6286
0.00135109	732.511	7.38298e-06	13.0706
0.00136585	742.693	7.38298e-06	16.8694
0.00138062	682.877	7.38298e-06	10.5309
0.00139538	691.863	7.38298e-06	12.4182
0.00141015	648.938	7.38298e-06	10.7183
0.00142492	628.612	7.38298e-06	10.5932
0.00143968	681.14	7.38298e-06	16.7558
0.00145445	585.558	7.38298e-06	10.9174
0.00146921	598.748	7.38298e-06	13.2878
0.00148398	586.602	7.38298e-06	10.8901
0.00149875	552.341	7.38298e-06	9.53013
0.00151351	579.571	7.38298e-06	29.5529
0.00152828	526.262	7.38298e-06	11.8958
0.00154304	494.022	7.38298e-06	9.72067
0.00155781	479.122	7.38298e-06	8.65695
0.00157258	466.522	7.38298e-06	9.90846
0.00158734	452.474	7.38298e-06	9.23768
0.00160211	439.1	7.38298e-06	10.7611
0.00161687	430.803	7.38298e-06	14.6825
0.00163164	408.253	7.38298e-06	12.3873
0.00164641	442.227	7.38298e-06	24.0106
0.00166117	368.354	7.38298e-06	7.60998
0.00167594	349.46	7.38298e-06	7.56184
0.0016907	353.64	7.38298e-06	9.67916
0.00170547	373.467	7.38298e-06	27.5136
0.00172024	326.323	7.38298e-06	8.87045
0.001735	311.552	7.38298e-06	9.03987
0.00174977	287.171	7.38298e-06	7.63469
0.00176453	293.846	7.38298e-06	9.66498
0.0017793	266.659	7.38298e-06	10.7146
0.00179407	254.483	7.38298e-06	6.66599
0.00180883	233.712	7.38298e-06	6.39199
0.0018236	242.42	7.38298e-06	9.08698
0.00183836	212.448	7.38298e-06	6.6285
0.00185313	198.369	7.38298e-06	6.33351
0.0018679	215.378	7.38298e-06	9.94438
0.00188266	187.369	7.38298e-06	6.2186
0.00189743	179.145	7.38298e-06	5.62876
0.00191219	175.526	7.38298e-06	7.2362
0.00192696	164.349	7.38298e-06	6.31821
0.00194172	149.49	7.38298e-06	5.37641
0.00195649	136.023	7.38298e-06	4.86929
0.00197126	121.381	7.38298e-06	4.75037
0.00198602	117.905	7.38298e-06	5.1101
0.00200079	126.434	7.38298e-06	5.38536
0.00201555	103.566	7.38298e-06	4.84218
0.00203032	96.415	7.38298e-06	4.11548
0.00204509	96.8043	7.38298e-06	4.53022
0.00205985	89.2628	7.38298e-06	4.65725
0.00207462	80.4047	7.38298e-06	4.33808
0.00208938	79.3889	7.38298e-06	4.14796
0.00210415	75.1606	7.38298e-06	6.70602
0.00211892	64.3701	7.38298e-06	2.96202
0.00213368	59.9248	7.38298e-06	3.33721
0.00214845	62.7339	7.38298e-06	5.20712
0.00216321	63.548	7.38298e-06	5.51474
0.00217798	52.2034	7.38298e-06	3.01973
0.00219275	44.382	7.38298e-06	3.15177
0.00220751	43.3615	7.38298e-06	2.68834
0.00222228	45.6077	7.38298e-06	4.80958
0.00223704	37.064	7.38298e-06	3.02676
0.00225181	36.0065	7.38298e-06	2.9975
0.00226658	34.4182	7.38298e-06	3.00609
0.00228134	22.3057	7.38298e-06	1.77669
0.00229611	24.8212	7.38298e-06	2.01085
0.00231087	23.662	7.38298e-06	2.26133
0.00232564	22.4987	7.38298e-06	1.92029
0.00234041	18.6858	7.38298e-06	1.88946
0.00235517	17.3327	7.38298e-06	2.89274
0.00236994	14.5096	7.38298e-06	1.54327
0.0023847	13.6291	7.38298e-06	1.84533
0.00239947	13.3852	7.38298e-06	2.01379
0.00241424	11.326	7.38298e-06	1.69136
0.002429	9.0622	7.38298e-06	1.37697
0.00244377	12.2583	7.38298e-06	2.25462
0.00245853	4.58416	7.38298e-06	0.797176
0.0024733	6.51566	7.38298e-06	1.36592
0.00248807	2.94028	7.38298e-06	0.679155
0.00250283	6.32688	7.38298e-06	2.10868
0.0025176	1.50316	7.38298e-06	0.466805
0.00253236	7.05026	7.38298e-06	3.81116
0.00254713	0.793377	7.38298e-06	0.495513
