7.36053e-06	0.032473	7.36053e-06	0.032473
2.20816e-05	0.832318	7.36053e-06	0.228467
3.68027e-05	2.29716	7.36053e-06	0.548574
5.15237e-05	5.90032	7.36053e-06	0.762177
6.62448e-05	6.95258	7.36053e-06	0.699286
8.09658e-05	14.1262	7.36053e-06	1.15788
9.56869e-05	18.4191	7.36053e-06	1.49634
0.000110408	21.1425	7.36053e-06	1.26794
0.000125129	29.3775	7.36053e-06	1.6322
0.00013985	40.9002	7.36053e-06	2.72714
0.000154571	48.7	7.36053e-06	3.10227
0.000169292	52.2702	7.36053e-06	2.28681
0.000184013	67.5203	7.36053e-06	3.10063
0.000198734	73.9277	7.36053e-06	2.99073
0.000213455	84.9014	7.36053e-06	3.14085
0.000228176	98.1744	7.36053e-06	3.85824
0.000242898	109.553	7.36053e-06	4.20026
0.000257619	122.544	7.36053e-06	3.9373
0.00027234	141.303	7.36053e-06	5.14498
0.000287061	155.456	7.36053e-06	4.63571
0.000301782	165.201	7.36053e-06	4.70528
0.000316503	176.505	7.36053e-06	4.73784
0.000331224	200.755	7.36053e-06	5.77276
0.000345945	212.045	7.36053e-06	5.05853
0.000360666	231.994	7.36053e-06	7.29291
0.000375387	251.168	7.36053e-06	6.35454
0.000390108	292.866	7.36053e-06	10.4722
0.000404829	296.247	7.36053e-06	13.1577
0.00041955	308.964	7.36053e-06	6.72205
0.000434271	316.087	7.36053e-06	6.74886
0.000448992	344.732	7.36053e-06	6.67136
0.000463713	378.074	7.36053e-06	8.31415
0.000478435	389.019	7.36053e-06	9.27027
0.000493156	411.927	7.36053e-06	8.42799
0.000507877	408.188	7.36053e-06	7.10563
0.000522598	436.552	7.36053e-06	8.36095
0.000537319	464.993	7.36053e-06	9.21689
0.00055204	471.118	7.36053e-06	8.45374
0.000566761	526.405	7.36053e-06	11.326
0.000581482	519.757	7.36053e-06	8.25009
0.000596203	543.452	7.36053e-06	10.066
0.000610924	557.442	7.36053e-06	10.0369
0.000625645	583.996	7.36053e-06	10.3628
0.000640366	600.831	7.36053e-06	9.03742
0.000655087	629.872	7.36053e-06	10.728
0.000669808	626.837	7.36053e-06	10.5591
0.000684529	672.549	7.36053e-06	13.8898
0.00069925	682.506	7.36053e-06	9.59321
0.000713971	697.344	7.36053e-06	9.98746
0.000728693	697.617	7.36053e-06	9.37581
0.000743414	744.625	7.36053e-06	12.5183
0.000758135	754.363	7.36053e-06	16.678
0.000772856	763.686	7.36053e-06	13.6525
0.000787577	779.147	7.36053e-06	13.0321
0.000802298	809.142	7.36053e-06	11.4724
0.000817019	799.841	7.36053e-06	11.5566
0.00083174	816.387	7.36053e-06	17.0024
0.000846461	867.8	7.36053e-06	15.7807
0.000861182	842.847	7.36053e-06	11.5455
0.000875903	843.25	7.36053e-06	10.9969
0.000890624	1285.69	7.36053e-06	293.931
0.000905345	883.845	7.36053e-06	17.8882
0.000920066	876.645	7.36053e-06	12.1877
0.000934787	864.028	7.36053e-06	11.5485
0.000949508	883.716	7.36053e-06	14.591
0.00096423	912.968	7.36053e-06	18.2739
0.000978951	894.793	7.36053e-06	12.3796
0.000993672	893.541	7.36053e-06	11.7913
0.00100839	910.902	7.36053e-06	13.5754
0.00102311	921.969	7.36053e-06	26.0852
0.00103783	888.212	7.36053e-06	13.4881
0.00105256	893.836	7.36053e-06	13.8826
0.00106728	876.122	7.36053e-06	11.9191
0.001082	966.51	7.36053e-06	39.7773
0.00109672	881.388	7.36053e-06	11.422
0.00111144	876.985	7.36053e-06	15.6338
0.00112616	872.49	7.36053e-06	11.7623
0.00114088	856.296	7.36053e-06	11.3936
0.0011556	874.03	7.36053e-06	13.5327
0.00117032	836.875	7.36053e-06	10.6813
0.00118505	879.819	7.36053e-06	20.4515
0.00119977	855.064	7.36053e-06	15.1775
0.00121449	822.417	7.36053e-06	11.1776
0.00122921	815.487	7.36053e-06	10.8153
0.00124393	793.69	7.36053e-06	11.6917
0.00125865	833.338	7.36053e-06	23.687
0.00127337	775.581	7.36053e-06	13.2263
0.00128809	813.463	7.36053e-06	16.1499
0.00130281	762.498	7.36053e-06	16.2393
0.00131754	740.106	7.36053e-06	10.3324
0.00133226	740.782	7.36053e-06	11.8293
0.00134698	695.377	7.36053e-06	10.0257
0.0013617	701.656	7.36053e-06	12.696
0.00137642	695.433	7.36053e-06	12.2698
0.00139114	663.346	7.36053e-06	10.6
0.00140586	657.836	7.36053e-06	10.9775
0.00142058	635.381	7.36053e-06	10.6811
0.0014353	648.436	7.36053e-06	13.8365
0.00145002	618.578	7.36053e-06	12.5244
0.00146475	588.045	7.36053e-06	11.0791
0.00147947	573.531	7.36053e-06	9.90654
0.00149419	545.275	7.36053e-06	8.57485
0.00150891	527.439	7.36053e-06	8.85095
0.00152363	525.254	7.36053e-06	10.6377
0.00153835	486.829	7.36053e-06	8.53302
0.00155307	489.84	7.36053e-06	9.08013
0.00156779	462.687	7.36053e-06	11.3772
0.00158251	454.07	7.36053e-06	9.74168
0.00159724	430.859	7.36053e-06	8.48294
0.00161196	413.017	7.36053e-06	7.77266
0.00162668	444.134	7.36053e-06	22.5013
0.0016414	427.392	7.36053e-06	21.3111
0.00165612	384.822	7.36053e-06	7.70458
0.00167084	375.79	7.36053e-06	10.6769
0.00168556	345.933	7.36053e-06	6.70538
0.00170028	328.189	7.36053e-06	7.33169
0.001715	318.064	7.36053e-06	7.55172
0.00172972	329.819	7.36053e-06	10.4031
0.00174445	298.674	7.36053e-06	6.73253
0.00175917	278.286	7.36053e-06	10.2398
0.00177389	277.298	7.36053e-06	9.12323
0.00178861	281.958	7.36053e-06	21.2841
0.00180333	243.536	7.36053e-06	7.06594
0.00181805	229.029	7.36053e-06	6.51904
0.00183277	212.208	7.36053e-06	4.91725
0.00184749	194.979	7.36053e-06	4.56503
0.00186221	185.679	7.36053e-06	5.11021
0.00187694	199.535	7.36053e-06	7.90529
0.00189166	170.332	7.36053e-06	4.45424
0.00190638	169.451	7.36053e-06	4.97297
0.0019211	162.357	7.36053e-06	4.69232
0.00193582	154.314	7.36053e-06	5.18996
0.00195054	143.973	7.36053e-06	4.95826
0.00196526	123.588	7.36053e-06	4.35555
0.00197998	121.591	7.36053e-06	3.95541
0.0019947	118.053	7.36053e-06	4.1877
0.00200942	109.177	7.36053e-06	3.98743
0.00202415	98.523	7.36053e-06	3.26144
0.00203887	94.0776	7.36053e-06	3.72249
0.00205359	86.0369	7.36053e-06	3.28892
0.00206831	85.4128	7.36053e-06	4.18902
0.00208303	78.6354	7.36053e-06	3.51554
0.00209775	82.1648	7.36053e-06	5.4554
0.00211247	68.4482	7.36053e-06	4.75525
0.00212719	75.7743	7.36053e-06	6.70599
0.00214191	56.0671	7.36053e-06	2.59863
0.00215664	48.6402	7.36053e-06	2.42137
0.00217136	54.0218	7.36053e-06	3.78204
0.00218608	44.5352	7.36053e-06	2.11303
0.0022008	47.9815	7.36053e-06	2.3804
0.00221552	40.3663	7.36053e-06	2.02481
0.00223024	35.7569	7.36053e-06	2.29467
0.00224496	33.8386	7.36053e-06	2.26532
0.00225968	34.2977	7.36053e-06	2.16439
0.0022744	28.248	7.36053e-06	1.91379
0.00228913	26.3425	7.36053e-06	2.42856
0.00230385	21.5431	7.36053e-06	1.44564
0.00231857	21.0928	7.36053e-06	1.56874
0.00233329	20.2246	7.36053e-06	1.60735
0.00234801	16.1333	7.36053e-06	1.69416
0.00236273	16.0803	7.36053e-06	1.50521
0.00237745	13.4754	7.36053e-06	1.53978
0.00239217	11.4427	7.36053e-06	1.19403
0.00240689	10.0253	7.36053e-06	0.910486
0.00242161	7.42707	7.36053e-06	0.796961
0.00243634	8.03072	7.36053e-06	0.807405
0.00245106	7.23784	7.36053e-06	0.835206
0.00246578	5.74195	7.36053e-06	0.732323
0.0024805	5.10065	7.36053e-06	0.776831
0.00249522	2.68612	7.36053e-06	0.471063
0.00250994	3.92321	7.36053e-06	0.631569
0.00252466	2.62652	7.36053e-06	0.466991
0.00253938	1.37953	7.36053e-06	0.3184
0.0025541	0.97834	7.36053e-06	0.248468
0.00256883	0.83717	7.36053e-06	0.233254
0.00258355	0.136605	7.36053e-06	0.0976593
