7.34298e-06	0.356391	7.34298e-06	0.224658
2.20289e-05	0.764282	7.34298e-06	0.227445
3.67149e-05	3.04145	7.34298e-06	0.695983
5.14009e-05	5.61475	7.34298e-06	0.756744
6.60868e-05	12.1557	7.34298e-06	1.44355
8.07728e-05	15.1678	7.34298e-06	1.4686
9.54587e-05	18.6355	7.34298e-06	1.56674
0.000110145	27.5715	7.34298e-06	2.03062
0.000124831	32.5303	7.34298e-06	2.33936
0.000139517	41.6785	7.34298e-06	2.9815
0.000154203	45.7203	7.34298e-06	2.3654
0.000168889	56.8507	7.34298e-06	2.79783
0.000183574	73.4661	7.34298e-06	3.87631
0.00019826	87.5335	7.34298e-06	5.12364
0.000212946	103.998	7.34298e-06	5.19352
0.000227632	108.626	7.34298e-06	3.85575
0.000242318	111.974	7.34298e-06	4.04559
0.000257004	136.922	7.34298e-06	4.70417
0.00027169	153.986	7.34298e-06	5.93236
0.000286376	170.234	7.34298e-06	5.43385
0.000301062	187.055	7.34298e-06	5.91643
0.000315748	192.056	7.34298e-06	5.56188
0.000330434	214.92	7.34298e-06	5.6525
0.00034512	236.112	7.34298e-06	7.96054
0.000359806	249.519	7.34298e-06	6.08762
0.000374492	281.553	7.34298e-06	7.52655
0.000389178	303.321	7.34298e-06	11.2308
0.000403864	308.988	7.34298e-06	6.7571
0.00041855	330.577	7.34298e-06	7.22127
0.000433236	359.419	7.34298e-06	7.98181
0.000447922	364.198	7.34298e-06	7.29412
0.000462608	404.059	7.34298e-06	10.1549
0.000477294	409.182	7.34298e-06	8.65265
0.00049198	432.988	7.34298e-06	9.0588
0.000506666	441.291	7.34298e-06	8.00618
0.000521352	465.846	7.34298e-06	9.47184
0.000536038	501.969	7.34298e-06	9.23826
0.000550723	501.733	7.34298e-06	8.02472
0.000565409	537.209	7.34298e-06	9.08439
0.000580095	561.072	7.34298e-06	10.0644
0.000594781	571.083	7.34298e-06	9.062
0.000609467	585.824	7.34298e-06	9.72142
0.000624153	617.021	7.34298e-06	10.5081
0.000638839	648.187	7.34298e-06	10.6467
0.000653525	668.838	7.34298e-06	11.0597
0.000668211	669.932	7.34298e-06	9.92833
0.000682897	699.858	7.34298e-06	10.5888
0.000697583	711.937	7.34298e-06	10.226
0.000712269	731.391	7.34298e-06	11.5159
0.000726955	758.156	7.34298e-06	10.3891
0.000741641	764.938	7.34298e-06	11.9672
0.000756327	781.802	7.34298e-06	19.0252
0.000771013	802.068	7.34298e-06	12.6888
0.000785699	790.044	7.34298e-06	9.99459
0.000800385	820	7.34298e-06	11.4439
0.000815071	819.912	7.34298e-06	10.6734
0.000829757	849.159	7.34298e-06	12.1716
0.000844443	857.201	7.34298e-06	11.9673
0.000859129	857.243	7.34298e-06	11.3858
0.000873815	891.192	7.34298e-06	14.6587
0.000888501	891.615	7.34298e-06	14.5967
0.000903187	900.986	7.34298e-06	12.3667
0.000917872	915.447	7.34298e-06	11.231
0.000932558	910.935	7.34298e-06	13.5861
0.000947244	887.539	7.34298e-06	11.0233
0.00096193	919.252	7.34298e-06	12.5386
0.000976616	905.111	7.34298e-06	11.6892
0.000991302	911.118	7.34298e-06	10.8355
0.00100599	938.633	7.34298e-06	13.7267
0.00102067	919.138	7.34298e-06	10.7575
0.00103536	910.105	7.34298e-06	11.651
0.00105005	901.551	7.34298e-06	11.5752
0.00106473	932.309	7.34298e-06	14.2426
0.00107942	946.895	7.34298e-06	15.1853
0.0010941	898.046	7.34298e-06	10.0649
0.00110879	875.612	7.34298e-06	9.9117
0.00112348	904.899	7.34298e-06	14.3637
0.00113816	874.193	7.34298e-06	9.68054
0.00115285	864.602	7.34298e-06	11.3952
0.00116753	840.844	7.34298e-06	8.89504
0.00118222	839.204	7.34298e-06	9.17944
0.00119691	829.103	7.34298e-06	9.32661
0.00121159	819.45	7.34298e-06	10.1516
0.00122628	806.056	7.34298e-06	10.4926
0.00124096	802.92	7.34298e-06	9.69289
0.00125565	790.83	7.34298e-06	9.1242
0.00127034	801.647	7.34298e-06	12.3971
0.00128502	776.046	7.34298e-06	11.5767
0.00129971	739.598	7.34298e-06	8.23042
0.00131439	716.955	7.34298e-06	8.82753
0.00132908	715.701	7.34298e-06	9.18712
0.00134377	693.18	7.34298e-06	7.89049
0.00135845	677.985	7.34298e-06	8.22887
0.00137314	682.864	7.34298e-06	8.48846
0.00138782	646.341	7.34298e-06	8.30301
0.00140251	650.52	7.34298e-06	9.43548
0.0014172	632.897	7.34298e-06	12.4703
0.00143188	599.013	7.34298e-06	7.65045
0.00144657	585.381	7.34298e-06	7.05166
0.00146125	577.897	7.34298e-06	7.55987
0.00147594	553.352	7.34298e-06	6.8536
0.00149062	533.376	7.34298e-06	6.79282
0.00150531	533.784	7.34298e-06	7.01055
0.00152	513.663	7.34298e-06	7.24219
0.00153468	491.667	7.34298e-06	6.4545
0.00154937	471.707	7.34298e-06	6.24389
0.00156405	458.628	7.34298e-06	6.70281
0.00157874	435.329	7.34298e-06	5.89076
0.00159343	427.311	7.34298e-06	5.74749
0.00160811	399.961	7.34298e-06	5.66942
0.0016228	398.744	7.34298e-06	6.05188
0.00163748	382.836	7.34298e-06	5.52271
0.00165217	366.923	7.34298e-06	5.70283
0.00166686	352.714	7.34298e-06	5.22566
0.00168154	336.718	7.34298e-06	5.36751
0.00169623	314.32	7.34298e-06	4.88224
0.00171091	302.923	7.34298e-06	4.94209
0.0017256	300.242	7.34298e-06	5.03695
0.00174029	280.46	7.34298e-06	4.60283
0.00175497	275.878	7.34298e-06	4.65479
0.00176966	253.799	7.34298e-06	5.12021
0.00178434	248.311	7.34298e-06	4.24929
0.00179903	235.688	7.34298e-06	5.48188
0.00181372	219.091	7.34298e-06	4.05045
0.0018284	207.166	7.34298e-06	4.02481
0.00184309	197.866	7.34298e-06	3.94291
0.00185777	184.8	7.34298e-06	3.54137
0.00187246	177.152	7.34298e-06	4.05174
0.00188715	170.634	7.34298e-06	3.43682
0.00190183	158.431	7.34298e-06	3.21674
0.00191652	156.297	7.34298e-06	4.42681
0.0019312	140.547	7.34298e-06	3.00563
0.00194589	131.725	7.34298e-06	3.00979
0.00196058	124.158	7.34298e-06	2.91535
0.00197526	121.512	7.34298e-06	2.94065
0.00198995	106.482	7.34298e-06	2.56434
0.00200463	98.6771	7.34298e-06	2.49344
0.00201932	100.812	7.34298e-06	2.51484
0.00203401	88.9267	7.34298e-06	2.35334
0.00204869	82.2353	7.34298e-06	2.25192
0.00206338	82.9782	7.34298e-06	2.25244
0.00207806	69.681	7.34298e-06	2.08549
0.00209275	70.5608	7.34298e-06	2.11919
0.00210744	64.1996	7.34298e-06	1.93709
0.00212212	61.633	7.34298e-06	1.94627
0.00213681	56.6006	7.34298e-06	1.83244
0.00215149	51.5098	7.34298e-06	1.72749
0.00216618	45.5778	7.34298e-06	1.67871
0.00218087	47.0117	7.34298e-06	1.65442
0.00219555	41.0407	7.34298e-06	1.53368
0.00221024	37.022	7.34298e-06	1.45238
0.00222492	34.4597	7.34298e-06	1.39541
0.00223961	32.3415	7.34298e-06	1.33575
0.00225429	30.5437	7.34298e-06	1.2991
0.00226898	25.1287	7.34298e-06	1.19075
0.00228367	24.136	7.34298e-06	1.14835
0.00229835	20.7986	7.34298e-06	1.10085
0.00231304	18.9338	7.34298e-06	1.00792
0.00232772	18.9893	7.34298e-06	1.00291
0.00234241	15.3706	7.34298e-06	0.918596
0.0023571	12.5747	7.34298e-06	0.815708
0.00237178	11.4347	7.34298e-06	0.780235
0.00238647	12.8808	7.34298e-06	0.835813
0.00240115	8.71132	7.34298e-06	0.674861
0.00241584	8.28338	7.34298e-06	0.645887
0.00243053	6.76418	7.34298e-06	0.584091
0.00244521	5.94214	7.34298e-06	0.546507
0.0024599	5.70845	7.34298e-06	0.533681
0.00247458	5.3432	7.34298e-06	0.515228
0.00248927	3.63724	7.34298e-06	0.425429
0.00250396	2.85182	7.34298e-06	0.3697
0.00251864	2.42621	7.34298e-06	0.344924
0.00253333	2.09656	7.34298e-06	0.316691
0.00254801	1.21932	7.34298e-06	0.239787
0.0025627	0.72906	7.34298e-06	0.182354
0.00257739	0.186277	7.34298e-06	0.0931493
