7.3189e-06	0.206785	7.3189e-06	0.121127
2.19567e-05	0.904094	7.3189e-06	0.271088
3.65945e-05	3.03007	7.3189e-06	0.639194
5.12323e-05	4.90735	7.3189e-06	1.17297
6.58701e-05	10.4045	7.3189e-06	1.12501
8.05079e-05	11.9706	7.3189e-06	1.15469
9.51457e-05	26.7292	7.3189e-06	2.80052
0.000109783	26.0852	7.3189e-06	2.08883
0.000124421	31.1797	7.3189e-06	1.84576
0.000139059	38.9435	7.3189e-06	2.19602
0.000153697	48.5859	7.3189e-06	2.72814
0.000168335	58.1091	7.3189e-06	2.8038
0.000182972	66.6471	7.3189e-06	2.88804
0.00019761	88.8853	7.3189e-06	4.36136
0.000212248	99.7734	7.3189e-06	4.27337
0.000226886	100.315	7.3189e-06	4.44188
0.000241524	122.339	7.3189e-06	5.01733
0.000256161	135.255	7.3189e-06	5.14871
0.000270799	144.611	7.3189e-06	5.30596
0.000285437	189.77	7.3189e-06	14.8246
0.000300075	199.74	7.3189e-06	5.87658
0.000314713	195.253	7.3189e-06	5.24454
0.00032935	219.743	7.3189e-06	5.90194
0.000343988	252.419	7.3189e-06	8.1258
0.000358626	248.535	7.3189e-06	6.32184
0.000373264	280.583	7.3189e-06	7.0011
0.000387902	308.009	7.3189e-06	12.8192
0.000402539	307.943	7.3189e-06	7.25405
0.000417177	341.12	7.3189e-06	8.24679
0.000431815	364.397	7.3189e-06	9.74586
0.000446453	367.067	7.3189e-06	8.14112
0.000461091	393.053	7.3189e-06	9.4718
0.000475728	428.228	7.3189e-06	11.3732
0.000490366	472.402	7.3189e-06	12.1404
0.000505004	458.288	7.3189e-06	8.1329
0.000519642	474.273	7.3189e-06	11.1541
0.00053428	513.706	7.3189e-06	9.95845
0.000548917	500.677	7.3189e-06	8.77797
0.000563555	543.968	7.3189e-06	10.5341
0.000578193	564.249	7.3189e-06	9.28064
0.000592831	572.859	7.3189e-06	9.06562
0.000607469	602.384	7.3189e-06	9.42093
0.000622106	616.127	7.3189e-06	9.45575
0.000636744	625.007	7.3189e-06	13.9717
0.000651382	684.514	7.3189e-06	18.0384
0.00066602	667.413	7.3189e-06	10.1335
0.000680658	691.141	7.3189e-06	10.95
0.000695295	708.34	7.3189e-06	9.65965
0.000709933	742.953	7.3189e-06	17.8793
0.000724571	773.783	7.3189e-06	13.7218
0.000739209	772.755	7.3189e-06	11.7032
0.000753847	773.028	7.3189e-06	9.38187
0.000768484	794.701	7.3189e-06	9.91609
0.000783122	807.717	7.3189e-06	10.258
0.00079776	850.494	7.3189e-06	14.053
0.000812398	828.955	7.3189e-06	10.3929
0.000827036	850.745	7.3189e-06	10.9056
0.000841673	900.24	7.3189e-06	24.3172
0.000856311	871.972	7.3189e-06	10.6251
0.000870949	884.417	7.3189e-06	11.8513
0.000885587	892.621	7.3189e-06	13.2871
0.000900225	904.997	7.3189e-06	12.2485
0.000914862	912.88	7.3189e-06	11.9254
0.0009295	891.987	7.3189e-06	10.8181
0.000944138	917.451	7.3189e-06	11.893
0.000958776	883.721	7.3189e-06	9.97886
0.000973414	903.8	7.3189e-06	11.0449
0.000988051	910.026	7.3189e-06	11.9038
0.00100269	918.918	7.3189e-06	10.9539
0.00101733	917.001	7.3189e-06	10.2338
0.00103196	909.362	7.3189e-06	10.9899
0.0010466	970.037	7.3189e-06	39.8841
0.00106124	930.301	7.3189e-06	11.7049
0.00107588	945.289	7.3189e-06	31.4631
0.00109052	899.327	7.3189e-06	11.8
0.00110515	891.872	7.3189e-06	10.2368
0.00111979	888.092	7.3189e-06	9.93295
0.00113443	870.858	7.3189e-06	9.59173
0.00114907	855.535	7.3189e-06	9.02934
0.0011637	879.482	7.3189e-06	12.3064
0.00117834	833.523	7.3189e-06	8.9022
0.00119298	831.096	7.3189e-06	9.34643
0.00120762	823.295	7.3189e-06	9.38049
0.00122226	801.627	7.3189e-06	9.55516
0.00123689	815.942	7.3189e-06	18.2008
0.00125153	784.012	7.3189e-06	9.26809
0.00126617	780.771	7.3189e-06	9.47781
0.00128081	760.705	7.3189e-06	8.55009
0.00129545	748.754	7.3189e-06	8.45298
0.00131008	726.151	7.3189e-06	8.49438
0.00132472	726.434	7.3189e-06	9.48248
0.00133936	710.073	7.3189e-06	11.7835
0.001354	690.902	7.3189e-06	7.97652
0.00136863	682.165	7.3189e-06	7.83349
0.00138327	639.738	7.3189e-06	7.60128
0.00139791	638.702	7.3189e-06	7.2563
0.00141255	614.812	7.3189e-06	7.02426
0.00142719	589.716	7.3189e-06	8.60361
0.00144182	597.896	7.3189e-06	6.81838
0.00145646	577.895	7.3189e-06	8.54126
0.0014711	546.834	7.3189e-06	6.91325
0.00148574	537.718	7.3189e-06	7.43415
0.00150037	513.203	7.3189e-06	6.23437
0.00151501	498.955	7.3189e-06	5.95331
0.00152965	488.926	7.3189e-06	6.68779
0.00154429	473.645	7.3189e-06	6.14856
0.00155893	455.499	7.3189e-06	6.043
0.00157356	438.025	7.3189e-06	6.1768
0.0015882	419.728	7.3189e-06	6.26537
0.00160284	405.111	7.3189e-06	5.42744
0.00161748	395.845	7.3189e-06	5.50118
0.00163211	374.534	7.3189e-06	5.27269
0.00164675	370.526	7.3189e-06	5.39748
0.00166139	345.836	7.3189e-06	4.86034
0.00167603	329.268	7.3189e-06	4.67366
0.00169067	317.858	7.3189e-06	4.7119
0.0017053	303.5	7.3189e-06	7.38108
0.00171994	292.729	7.3189e-06	4.57249
0.00173458	282.873	7.3189e-06	4.61331
0.00174922	275.493	7.3189e-06	4.56174
0.00176385	260.029	7.3189e-06	4.19458
0.00177849	243.031	7.3189e-06	3.94192
0.00179313	222.613	7.3189e-06	3.79606
0.00180777	217.917	7.3189e-06	3.69983
0.00182241	201.721	7.3189e-06	3.57479
0.00183704	200.399	7.3189e-06	3.53105
0.00185168	185.688	7.3189e-06	3.36494
0.00186632	180.054	7.3189e-06	3.28264
0.00188096	164.986	7.3189e-06	3.14997
0.00189559	158.677	7.3189e-06	3.08582
0.00191023	153.381	7.3189e-06	3.08587
0.00192487	137.645	7.3189e-06	2.88086
0.00193951	129.579	7.3189e-06	2.83635
0.00195415	128.398	7.3189e-06	2.75655
0.00196878	118.991	7.3189e-06	2.67085
0.00198342	103.592	7.3189e-06	2.44259
0.00199806	102.074	7.3189e-06	2.40765
0.0020127	98.723	7.3189e-06	2.42741
0.00202733	92.1809	7.3189e-06	2.31791
0.00204197	78.6875	7.3189e-06	2.15197
0.00205661	78.3066	7.3189e-06	2.10007
0.00207125	73.465	7.3189e-06	2.0344
0.00208589	73.2141	7.3189e-06	2.06198
0.00210052	63.5518	7.3189e-06	1.88027
0.00211516	59.6154	7.3189e-06	1.83644
0.0021298	57.9664	7.3189e-06	1.79964
0.00214444	50.1356	7.3189e-06	1.66041
0.00215908	45.107	7.3189e-06	1.57322
0.00217371	45.3847	7.3189e-06	1.56824
0.00218835	40.8222	7.3189e-06	1.48159
0.00220299	38.5535	7.3189e-06	1.4344
0.00221763	35.6074	7.3189e-06	1.39219
0.00223226	32.4444	7.3189e-06	1.30674
0.0022469	27.2216	7.3189e-06	1.19719
0.00226154	27.5288	7.3189e-06	1.21571
0.00227618	24.6804	7.3189e-06	1.15994
0.00229082	22.8558	7.3189e-06	1.09535
0.00230545	20.2543	7.3189e-06	1.02177
0.00232009	16.9585	7.3189e-06	0.940096
0.00233473	15.1977	7.3189e-06	0.881441
0.00234937	14.5829	7.3189e-06	0.862895
0.002364	12.9223	7.3189e-06	0.81419
0.00237864	11.5873	7.3189e-06	0.764346
0.00239328	9.69792	7.3189e-06	0.694306
0.00240792	7.67998	7.3189e-06	0.634959
0.00242256	6.7317	7.3189e-06	0.581126
0.00243719	5.64443	7.3189e-06	0.523671
0.00245183	5.44856	7.3189e-06	0.516696
0.00246647	4.74337	7.3189e-06	0.477412
0.00248111	4.07647	7.3189e-06	0.440135
0.00249574	3.25574	7.3189e-06	0.398145
0.00251038	2.72192	7.3189e-06	0.363302
0.00252502	2.07118	7.3189e-06	0.308873
0.00253966	1.01389	7.3189e-06	0.21624
0.0025543	0.82708	7.3189e-06	0.195029
0.00256893	0.321835	7.3189e-06	0.121725
