7.32262e-06	0.0752809	7.32262e-06	0.0535081
2.19678e-05	1.26063	7.32262e-06	0.304327
3.66131e-05	2.6464	7.32262e-06	0.431314
5.12583e-05	4.35475	7.32262e-06	0.562069
6.59035e-05	8.02868	7.32262e-06	1.01772
8.05488e-05	16.0584	7.32262e-06	2.08863
9.5194e-05	18.0365	7.32262e-06	2.57314
0.000109839	25.5356	7.32262e-06	2.04887
0.000124484	29.7973	7.32262e-06	1.7906
0.00013913	35.988	7.32262e-06	2.00275
0.000153775	43.1771	7.32262e-06	2.60284
0.00016842	47.559	7.32262e-06	2.08054
0.000183065	61.8029	7.32262e-06	2.76665
0.000197711	76.273	7.32262e-06	4.39022
0.000212356	76.9884	7.32262e-06	2.62397
0.000227001	92.3318	7.32262e-06	5.93438
0.000241646	104.22	7.32262e-06	4.41409
0.000256292	107.157	7.32262e-06	3.04396
0.000270937	121.441	7.32262e-06	3.53798
0.000285582	139.016	7.32262e-06	4.40595
0.000300227	161.153	7.32262e-06	4.40174
0.000314872	170.921	7.32262e-06	5.90975
0.000329518	205.953	7.32262e-06	7.78
0.000344163	207.986	7.32262e-06	6.20803
0.000358808	234.572	7.32262e-06	9.30228
0.000373453	242.518	7.32262e-06	6.14866
0.000388099	256.292	7.32262e-06	5.48379
0.000402744	284.478	7.32262e-06	6.02568
0.000417389	307.812	7.32262e-06	7.05842
0.000432034	307.589	7.32262e-06	5.886
0.00044668	337.815	7.32262e-06	7.70073
0.000461325	349.622	7.32262e-06	6.61192
0.00047597	368.533	7.32262e-06	9.30945
0.000490615	364.45	7.32262e-06	6.40559
0.000505261	415.404	7.32262e-06	7.7187
0.000519906	443.518	7.32262e-06	9.73745
0.000534551	440.619	7.32262e-06	9.58297
0.000549196	457.309	7.32262e-06	7.57305
0.000563841	499.761	7.32262e-06	9.67425
0.000578487	500.223	7.32262e-06	9.32122
0.000593132	567.98	7.32262e-06	13.1037
0.000607777	548.683	7.32262e-06	8.6475
0.000622422	593.945	7.32262e-06	19.1065
0.000637068	583.009	7.32262e-06	11.29
0.000651713	606.901	7.32262e-06	9.31715
0.000666358	629.718	7.32262e-06	9.07558
0.000681003	640.156	7.32262e-06	9.36423
0.000695649	635.722	7.32262e-06	8.82954
0.000710294	690.935	7.32262e-06	12.1062
0.000724939	722.085	7.32262e-06	15.6969
0.000739584	738.212	7.32262e-06	10.5431
0.000754229	725.742	7.32262e-06	9.80532
0.000768875	778.313	7.32262e-06	19.2258
0.00078352	781.853	7.32262e-06	13.1941
0.000798165	806.716	7.32262e-06	20.9532
0.00081281	807.424	7.32262e-06	11.0123
0.000827456	795.103	7.32262e-06	11.0932
0.000842101	839.745	7.32262e-06	12.8392
0.000856746	821.82	7.32262e-06	10.9089
0.000871391	854.432	7.32262e-06	13.2103
0.000886037	873.465	7.32262e-06	13.9408
0.000900682	849.587	7.32262e-06	10.4045
0.000915327	854.302	7.32262e-06	11.4704
0.000929972	876.947	7.32262e-06	11.8994
0.000944617	865.783	7.32262e-06	10.9578
0.000959263	896.904	7.32262e-06	12.0133
0.000973908	1108.66	7.32262e-06	148.909
0.000988553	883.973	7.32262e-06	12.09
0.0010032	904.736	7.32262e-06	11.6233
0.00101784	913.551	7.32262e-06	13.4179
0.00103249	909.129	7.32262e-06	12.7923
0.00104713	917.09	7.32262e-06	16.6209
0.00106178	909.245	7.32262e-06	16.0528
0.00107642	1273.31	7.32262e-06	257.044
0.00109107	908.648	7.32262e-06	13.7275
0.00110572	905.061	7.32262e-06	15.4209
0.00112036	870.923	7.32262e-06	12.2685
0.00113501	879.495	7.32262e-06	13.5545
0.00114965	906.532	7.32262e-06	16.628
0.0011643	859.256	7.32262e-06	12.2844
0.00117894	847.133	7.32262e-06	16.123
0.00119359	874.43	7.32262e-06	14.3615
0.00120823	827.819	7.32262e-06	11.3557
0.00122288	814.149	7.32262e-06	12.133
0.00123752	832.798	7.32262e-06	14.1647
0.00125217	801.651	7.32262e-06	11.7463
0.00126681	781.578	7.32262e-06	11.347
0.00128146	781.545	7.32262e-06	12.4616
0.0012961	783.655	7.32262e-06	12.9019
0.00131075	763.454	7.32262e-06	13.5436
0.00132539	741.753	7.32262e-06	11.0904
0.00134004	716.45	7.32262e-06	11.6203
0.00135468	720.602	7.32262e-06	12.8882
0.00136933	716.407	7.32262e-06	17.6368
0.00138397	690.76	7.32262e-06	17.3449
0.00139862	665.32	7.32262e-06	13.1638
0.00141326	636.834	7.32262e-06	10.9234
0.00142791	630.787	7.32262e-06	9.98852
0.00144256	642.171	7.32262e-06	14.9602
0.0014572	596.359	7.32262e-06	12.0721
0.00147185	586.639	7.32262e-06	10.5438
0.00148649	575.25	7.32262e-06	12.6375
0.00150114	572.535	7.32262e-06	13.3458
0.00151578	566.629	7.32262e-06	17.7032
0.00153043	496.55	7.32262e-06	8.96792
0.00154507	494.281	7.32262e-06	9.41243
0.00155972	482.566	7.32262e-06	9.77486
0.00157436	453.67	7.32262e-06	8.76206
0.00158901	530.377	7.32262e-06	47.4675
0.00160365	413.638	7.32262e-06	8.45357
0.0016183	426.158	7.32262e-06	10.258
0.00163294	410.956	7.32262e-06	10.1567
0.00164759	404.617	7.32262e-06	9.4823
0.00166223	368.209	7.32262e-06	8.31279
0.00167688	357.769	7.32262e-06	9.26937
0.00169152	336.623	7.32262e-06	8.55666
0.00170617	319.128	7.32262e-06	7.00087
0.00172081	329.977	7.32262e-06	9.2647
0.00173546	298.292	7.32262e-06	8.40777
0.00175011	287.933	7.32262e-06	8.89343
0.00176475	283.195	7.32262e-06	9.45505
0.0017794	271.367	7.32262e-06	8.76246
0.00179404	246.483	7.32262e-06	6.09564
0.00180869	243.49	7.32262e-06	6.96257
0.00182333	234.886	7.32262e-06	8.29354
0.00183798	205.824	7.32262e-06	5.8751
0.00185262	202.41	7.32262e-06	5.93911
0.00186727	201.606	7.32262e-06	7.56021
0.00188191	193.861	7.32262e-06	9.56367
0.00189656	174.884	7.32262e-06	5.33256
0.0019112	145.629	7.32262e-06	4.3453
0.00192585	156.851	7.32262e-06	5.22936
0.00194049	153.195	7.32262e-06	5.86893
0.00195514	151.008	7.32262e-06	6.83045
0.00196978	137.217	7.32262e-06	6.50176
0.00198443	113.832	7.32262e-06	4.47204
0.00199907	111.135	7.32262e-06	4.02049
0.00201372	104.111	7.32262e-06	5.06614
0.00202836	101.053	7.32262e-06	4.00618
0.00204301	91.2234	7.32262e-06	3.63232
0.00205766	88.881	7.32262e-06	4.2421
0.0020723	75.794	7.32262e-06	3.24161
0.00208695	78.4772	7.32262e-06	3.89444
0.00210159	83.6518	7.32262e-06	5.22992
0.00211624	75.8063	7.32262e-06	4.62643
0.00213088	62.2066	7.32262e-06	2.9335
0.00214553	56.7616	7.32262e-06	3.30999
0.00216017	49.7472	7.32262e-06	2.90739
0.00217482	50.519	7.32262e-06	2.92665
0.00218946	45.3095	7.32262e-06	3.04355
0.00220411	40.9671	7.32262e-06	2.32944
0.00221875	36.0071	7.32262e-06	2.48204
0.0022334	37.6733	7.32262e-06	2.79297
0.00224804	34.1501	7.32262e-06	2.25921
0.00226269	26.7252	7.32262e-06	1.95706
0.00227733	26.7483	7.32262e-06	2.82556
0.00229198	26.2513	7.32262e-06	2.2915
0.00230662	24.8674	7.32262e-06	2.90407
0.00232127	23.7666	7.32262e-06	3.34745
0.00233591	20.2369	7.32262e-06	2.30892
0.00235056	17.0812	7.32262e-06	1.77589
0.0023652	14.9097	7.32262e-06	1.67816
0.00237985	12.3868	7.32262e-06	1.46888
0.0023945	9.89268	7.32262e-06	1.269
0.00240914	12.2154	7.32262e-06	2.24654
0.00242379	8.18366	7.32262e-06	1.06802
0.00243843	8.05949	7.32262e-06	1.29611
0.00245308	6.94196	7.32262e-06	1.04155
0.00246772	5.38732	7.32262e-06	0.859935
0.00248237	3.50939	7.32262e-06	0.631683
0.00249701	5.81523	7.32262e-06	0.984343
0.00251166	4.17417	7.32262e-06	0.908509
0.0025263	1.93704	7.32262e-06	0.512226
0.00254095	0.814022	7.32262e-06	0.293005
0.00255559	0.995512	7.32262e-06	0.364549
0.00257024	0.676101	7.32262e-06	0.315703
