7.38662e-06	0.125245	7.38662e-06	0.0631639
2.21599e-05	0.940808	7.38662e-06	0.232159
3.69331e-05	2.26427	7.38662e-06	0.370258
5.17063e-05	5.48472	7.38662e-06	0.859608
6.64796e-05	7.80687	7.38662e-06	0.831994
8.12528e-05	12.2759	7.38662e-06	1.10377
9.6026e-05	17.2041	7.38662e-06	1.17493
0.000110799	21.6185	7.38662e-06	1.31028
0.000125572	31.5314	7.38662e-06	1.76361
0.000140346	39.9221	7.38662e-06	2.12978
0.000155119	40.2718	7.38662e-06	1.85937
0.000169892	54.2277	7.38662e-06	2.55003
0.000184665	67.7829	7.38662e-06	3.11913
0.000199439	70.6024	7.38662e-06	2.47501
0.000214212	85.2785	7.38662e-06	3.15145
0.000228985	92.2042	7.38662e-06	2.9747
0.000243758	107.679	7.38662e-06	3.41061
0.000258532	114.949	7.38662e-06	3.37439
0.000273305	138.211	7.38662e-06	4.14903
0.000288078	157.49	7.38662e-06	4.62872
0.000302851	154.565	7.38662e-06	3.81627
0.000317625	179.528	7.38662e-06	5.07922
0.000332398	193.118	7.38662e-06	4.85035
0.000347171	235.604	7.38662e-06	9.86251
0.000361944	232.591	7.38662e-06	7.01458
0.000376717	261.296	7.38662e-06	7.17157
0.000391491	271.416	7.38662e-06	6.74546
0.000406264	286.686	7.38662e-06	5.42064
0.000421037	318.702	7.38662e-06	6.66285
0.00043581	319.253	7.38662e-06	6.79115
0.000450584	344.841	7.38662e-06	7.0655
0.000465357	356.072	7.38662e-06	6.66324
0.00048013	390.463	7.38662e-06	7.5986
0.000494903	400.473	7.38662e-06	7.20021
0.000509677	420.654	7.38662e-06	7.17514
0.00052445	458.392	7.38662e-06	10.6552
0.000539223	485.716	7.38662e-06	9.11023
0.000553996	495.556	7.38662e-06	10.7219
0.00056877	505.817	7.38662e-06	7.74588
0.000583543	530.127	7.38662e-06	8.28485
0.000598316	541.829	7.38662e-06	8.32845
0.000613089	563.192	7.38662e-06	8.36172
0.000627862	591.862	7.38662e-06	9.30809
0.000642636	595.857	7.38662e-06	8.55948
0.000657409	616.244	7.38662e-06	8.80353
0.000672182	620.265	7.38662e-06	8.45746
0.000686955	662.159	7.38662e-06	10.7706
0.000701729	679.498	7.38662e-06	11.7238
0.000716502	700.847	7.38662e-06	11.8335
0.000731275	729.015	7.38662e-06	11.6991
0.000746048	731.239	7.38662e-06	11.2868
0.000760822	764.687	7.38662e-06	11.9896
0.000775595	747.188	7.38662e-06	10.873
0.000790368	782.221	7.38662e-06	11.8871
0.000805141	804.4	7.38662e-06	13.5125
0.000819915	789.285	7.38662e-06	11.3416
0.000834688	815.841	7.38662e-06	20.5942
0.000849461	876.431	7.38662e-06	23.0261
0.000864234	833.122	7.38662e-06	11.121
0.000879007	853.359	7.38662e-06	11.9791
0.000893781	846.304	7.38662e-06	12.6382
0.000908554	860.421	7.38662e-06	10.9412
0.000923327	901.127	7.38662e-06	12.369
0.0009381	881.569	7.38662e-06	17.1963
0.000952874	900.335	7.38662e-06	12.3992
0.000967647	881.595	7.38662e-06	13.3891
0.00098242	909.919	7.38662e-06	13.2671
0.000997193	876.541	7.38662e-06	11.102
0.00101197	913.23	7.38662e-06	12.9803
0.00102674	921.508	7.38662e-06	13.5402
0.00104151	907.733	7.38662e-06	13.7076
0.00105629	909.497	7.38662e-06	14.2214
0.00107106	916.81	7.38662e-06	13.2375
0.00108583	894.743	7.38662e-06	11.6455
0.00110061	894.173	7.38662e-06	12.3654
0.00111538	903.245	7.38662e-06	12.5611
0.00113015	907.11	7.38662e-06	15.5656
0.00114493	880.05	7.38662e-06	12.4538
0.0011597	870.631	7.38662e-06	12.5005
0.00117447	861.13	7.38662e-06	12.6662
0.00118925	906.984	7.38662e-06	42.7273
0.00120402	857.653	7.38662e-06	15.2372
0.00121879	834.356	7.38662e-06	16.7503
0.00123357	831.142	7.38662e-06	13.0368
0.00124834	817.331	7.38662e-06	14.8114
0.00126311	801.136	7.38662e-06	12.2941
0.00127788	772.54	7.38662e-06	10.6857
0.00129266	784.616	7.38662e-06	13.5921
0.00130743	760.937	7.38662e-06	12.2
0.0013222	798.352	7.38662e-06	22.5776
0.00133698	746.535	7.38662e-06	13.6167
0.00135175	712.952	7.38662e-06	11.6659
0.00136652	728.599	7.38662e-06	17.825
0.0013813	691.878	7.38662e-06	11.1381
0.00139607	673.911	7.38662e-06	13.0346
0.00141084	648.752	7.38662e-06	11.3599
0.00142562	654.177	7.38662e-06	12.0355
0.00144039	642.195	7.38662e-06	13.9836
0.00145516	605.509	7.38662e-06	10.5895
0.00146994	574.383	7.38662e-06	13.2632
0.00148471	555.949	7.38662e-06	9.15698
0.00149948	557.848	7.38662e-06	11.4048
0.00151426	543.703	7.38662e-06	11.5996
0.00152903	526.866	7.38662e-06	11.1482
0.0015438	507.074	7.38662e-06	9.64394
0.00155858	491.914	7.38662e-06	9.59526
0.00157335	482.916	7.38662e-06	9.9733
0.00158812	456.133	7.38662e-06	9.55856
0.0016029	427.064	7.38662e-06	10.6926
0.00161767	419.057	7.38662e-06	10.6247
0.00163244	410.423	7.38662e-06	9.11964
0.00164722	391.291	7.38662e-06	10.6867
0.00166199	373.26	7.38662e-06	9.035
0.00167676	349.156	7.38662e-06	7.71491
0.00169154	367.675	7.38662e-06	12.01
0.00170631	332.2	7.38662e-06	8.65253
0.00172108	322.399	7.38662e-06	8.01612
0.00173586	329.576	7.38662e-06	17.2945
0.00175063	288.678	7.38662e-06	7.66603
0.0017654	308.059	7.38662e-06	16.2734
0.00178017	255.542	7.38662e-06	6.31467
0.00179495	249.749	7.38662e-06	7.40061
0.00180972	244.125	7.38662e-06	10.4387
0.00182449	231.378	7.38662e-06	6.50083
0.00183927	219.526	7.38662e-06	6.86968
0.00185404	203.644	7.38662e-06	6.30383
0.00186881	199.471	7.38662e-06	6.49317
0.00188359	183.312	7.38662e-06	6.7448
0.00189836	173.395	7.38662e-06	5.71716
0.00191313	170.827	7.38662e-06	7.16342
0.00192791	154.394	7.38662e-06	5.26357
0.00194268	136.394	7.38662e-06	4.51756
0.00195745	129.272	7.38662e-06	4.85883
0.00197223	140.425	7.38662e-06	6.58534
0.001987	121.738	7.38662e-06	5.9506
0.00200177	136.309	7.38662e-06	10.7329
0.00201655	118.43	7.38662e-06	8.66611
0.00203132	100.939	7.38662e-06	4.54162
0.00204609	106.703	7.38662e-06	6.04959
0.00206087	85.0755	7.38662e-06	3.89854
0.00207564	85.7504	7.38662e-06	4.90463
0.00209041	82.3873	7.38662e-06	4.1938
0.00210519	65.3204	7.38662e-06	3.06528
0.00211996	69.1571	7.38662e-06	3.78779
0.00213473	60.199	7.38662e-06	2.86199
0.00214951	57.4154	7.38662e-06	4.38883
0.00216428	61.7444	7.38662e-06	4.7769
0.00217905	53.1297	7.38662e-06	3.15385
0.00219383	48.8967	7.38662e-06	3.72708
0.0022086	41.7624	7.38662e-06	2.7401
0.00222337	36.0936	7.38662e-06	2.90185
0.00223814	40.8705	7.38662e-06	3.80681
0.00225292	37.1228	7.38662e-06	3.30997
0.00226769	28.3237	7.38662e-06	2.16287
0.00228246	27.2903	7.38662e-06	2.25039
0.00229724	25.1938	7.38662e-06	2.11074
0.00231201	20.0794	7.38662e-06	1.82938
0.00232678	21.8025	7.38662e-06	2.07325
0.00234156	16.8992	7.38662e-06	1.53963
0.00235633	20.1132	7.38662e-06	3.36573
0.0023711	12.4211	7.38662e-06	1.31946
0.00238588	17.8842	7.38662e-06	2.88645
0.00240065	17.118	7.38662e-06	2.2806
0.00241542	8.78452	7.38662e-06	1.25641
0.0024302	8.60083	7.38662e-06	1.36926
0.00244497	9.0275	7.38662e-06	1.55057
0.00245974	5.64426	7.38662e-06	1.20982
0.00247452	5.42708	7.38662e-06	1.06342
0.00248929	2.94964	7.38662e-06	0.598
0.00250406	4.41063	7.38662e-06	1.18331
0.00251884	2.70483	7.38662e-06	0.704976
0.00253361	1.66662	7.38662e-06	0.572234
0.00254838	1.12698	7.38662e-06	0.482586
0.00256316	0.914474	7.38662e-06	0.353054
0.00257793	0.97322	7.38662e-06	0.526236
