7.37213e-06	0.135432	7.37213e-06	0.135432
2.21164e-05	1.14329	7.37213e-06	0.334688
3.68607e-05	2.01234	7.37213e-06	0.497445
5.16049e-05	5.01737	7.37213e-06	0.698387
6.63492e-05	9.076	7.37213e-06	0.933016
8.10935e-05	14.9353	7.37213e-06	1.90109
9.58377e-05	17.2457	7.37213e-06	1.30936
0.000110582	21.8406	7.37213e-06	1.47532
0.000125326	36.1488	7.37213e-06	2.97534
0.000140071	46.8048	7.37213e-06	4.8466
0.000154815	45.8337	7.37213e-06	2.59954
0.000169559	56.1289	7.37213e-06	4.01302
0.000184303	73.8794	7.37213e-06	4.69296
0.000199048	78.488	7.37213e-06	3.45674
0.000213792	95.2608	7.37213e-06	4.76636
0.000228536	100.781	7.37213e-06	4.01127
0.00024328	109.574	7.37213e-06	3.70297
0.000258025	136.511	7.37213e-06	4.87408
0.000272769	145.032	7.37213e-06	5.5554
0.000287513	158.57	7.37213e-06	5.07987
0.000302257	188.227	7.37213e-06	8.1082
0.000317002	181.715	7.37213e-06	4.93223
0.000331746	201.092	7.37213e-06	5.29243
0.00034649	235.566	7.37213e-06	7.47736
0.000361235	257.672	7.37213e-06	6.76019
0.000375979	270.783	7.37213e-06	6.4561
0.000390723	286.95	7.37213e-06	10.4543
0.000405467	319.824	7.37213e-06	10.9875
0.000420212	345.954	7.37213e-06	10.3414
0.000434956	348.465	7.37213e-06	6.80554
0.0004497	359.414	7.37213e-06	7.39228
0.000464444	380.857	7.37213e-06	7.89941
0.000479189	416.366	7.37213e-06	9.53604
0.000493933	431.059	7.37213e-06	8.80184
0.000508677	436.001	7.37213e-06	7.67277
0.000523421	469.578	7.37213e-06	8.29013
0.000538166	487.462	7.37213e-06	9.05021
0.00055291	491.729	7.37213e-06	7.82909
0.000567654	532.333	7.37213e-06	11.0941
0.000582399	554.528	7.37213e-06	10.9085
0.000597143	564.242	7.37213e-06	9.0878
0.000611887	603.637	7.37213e-06	9.93689
0.000626631	622.002	7.37213e-06	12.841
0.000641376	604.535	7.37213e-06	9.30431
0.00065612	640.903	7.37213e-06	11.0195
0.000670864	669.539	7.37213e-06	11.7192
0.000685608	676.621	7.37213e-06	9.90191
0.000700353	712.616	7.37213e-06	10.9448
0.000715097	705.687	7.37213e-06	9.88304
0.000729841	732.353	7.37213e-06	10.4663
0.000744585	764.054	7.37213e-06	18.4484
0.00075933	740.239	7.37213e-06	10.0603
0.000774074	770.868	7.37213e-06	10.5208
0.000788818	817.065	7.37213e-06	11.9554
0.000803563	802.063	7.37213e-06	10.5194
0.000818307	807.959	7.37213e-06	10.399
0.000833051	833.181	7.37213e-06	11.0117
0.000847795	854.939	7.37213e-06	12.0622
0.00086254	871.015	7.37213e-06	13.1265
0.000877284	868.622	7.37213e-06	12.4502
0.000892028	884.549	7.37213e-06	12.9669
0.000906772	880.999	7.37213e-06	15.2356
0.000921517	890.902	7.37213e-06	11.0385
0.000936261	874.134	7.37213e-06	10.3967
0.000951005	872.064	7.37213e-06	10.403
0.000965749	896.993	7.37213e-06	11.0253
0.000980494	927.615	7.37213e-06	11.4713
0.000995238	916.247	7.37213e-06	12.356
0.00100998	940.547	7.37213e-06	19.9042
0.00102473	890.511	7.37213e-06	10.344
0.00103947	906.51	7.37213e-06	13.8439
0.00105422	894.139	7.37213e-06	10.3169
0.00106896	925.688	7.37213e-06	24.4804
0.0010837	905.068	7.37213e-06	11.759
0.00109845	880.323	7.37213e-06	11.0336
0.00111319	884.52	7.37213e-06	11.2755
0.00112794	863.423	7.37213e-06	10.2708
0.00114268	880.725	7.37213e-06	10.3036
0.00115742	897.23	7.37213e-06	19.6247
0.00117217	886.239	7.37213e-06	19.2558
0.00118691	885.905	7.37213e-06	17.4399
0.00120166	850.63	7.37213e-06	11.0654
0.0012164	856.157	7.37213e-06	14.3653
0.00123115	815.059	7.37213e-06	11.263
0.00124589	798.921	7.37213e-06	10.1132
0.00126063	791.767	7.37213e-06	9.97436
0.00127538	784.412	7.37213e-06	9.99919
0.00129012	760.048	7.37213e-06	9.37538
0.00130487	770.07	7.37213e-06	11.1337
0.00131961	732.794	7.37213e-06	9.77081
0.00133436	726.459	7.37213e-06	11.6577
0.0013491	700.033	7.37213e-06	9.95213
0.00136384	696.772	7.37213e-06	13.8221
0.00137859	676.629	7.37213e-06	8.81617
0.00139333	647.422	7.37213e-06	8.12114
0.00140808	646.386	7.37213e-06	10.0496
0.00142282	619.096	7.37213e-06	8.66482
0.00143757	607.359	7.37213e-06	8.11769
0.00145231	633.672	7.37213e-06	24.4438
0.00146705	571.287	7.37213e-06	7.93891
0.0014818	562.528	7.37213e-06	8.27625
0.00149654	536.434	7.37213e-06	7.80617
0.00151129	520.131	7.37213e-06	7.45965
0.00152603	509.524	7.37213e-06	7.65727
0.00154078	486.828	7.37213e-06	7.08805
0.00155552	477.007	7.37213e-06	7.18129
0.00157026	461.689	7.37213e-06	6.59219
0.00158501	453.599	7.37213e-06	8.39429
0.00159975	432.251	7.37213e-06	7.34338
0.0016145	406.599	7.37213e-06	5.99783
0.00162924	396.798	7.37213e-06	6.77037
0.00164399	383.207	7.37213e-06	7.08694
0.00165873	362.425	7.37213e-06	5.98394
0.00167347	349.729	7.37213e-06	5.9108
0.00168822	340.332	7.37213e-06	5.54151
0.00170296	322.255	7.37213e-06	5.26636
0.00171771	307.965	7.37213e-06	5.5274
0.00173245	302.262	7.37213e-06	5.5912
0.0017472	278.623	7.37213e-06	5.87574
0.00176194	274.091	7.37213e-06	5.00368
0.00177668	256.326	7.37213e-06	5.20217
0.00179143	232.667	7.37213e-06	4.52631
0.00180617	231.212	7.37213e-06	4.72382
0.00182092	222.872	7.37213e-06	6.11549
0.00183566	211.114	7.37213e-06	4.19147
0.00185041	194.626	7.37213e-06	4.49078
0.00186515	199.373	7.37213e-06	7.32029
0.00187989	174.127	7.37213e-06	3.7894
0.00189464	166.189	7.37213e-06	3.78976
0.00190938	161.183	7.37213e-06	3.57816
0.00192413	159.006	7.37213e-06	4.43817
0.00193887	145.196	7.37213e-06	3.62086
0.00195362	129.569	7.37213e-06	3.03405
0.00196836	121.204	7.37213e-06	3.0356
0.0019831	126.607	7.37213e-06	3.17515
0.00199785	114.28	7.37213e-06	3.0698
0.00201259	106.329	7.37213e-06	3.05424
0.00202734	93.7202	7.37213e-06	2.6748
0.00204208	92.4015	7.37213e-06	2.67324
0.00205683	88.3067	7.37213e-06	2.83092
0.00207157	81.6123	7.37213e-06	2.71107
0.00208631	72.4867	7.37213e-06	2.39375
0.00210106	69.7099	7.37213e-06	2.42598
0.0021158	62.8742	7.37213e-06	2.08788
0.00213055	63.04	7.37213e-06	3.33159
0.00214529	59.1471	7.37213e-06	2.15119
0.00216004	53.9461	7.37213e-06	2.05702
0.00217478	46.9539	7.37213e-06	1.74162
0.00218952	43.8727	7.37213e-06	1.7361
0.00220427	42.6258	7.37213e-06	1.67057
0.00221901	36.0028	7.37213e-06	1.51086
0.00223376	33.4558	7.37213e-06	1.5205
0.0022485	32.9769	7.37213e-06	1.46997
0.00226324	29.2998	7.37213e-06	1.35674
0.00227799	25.9495	7.37213e-06	1.27475
0.00229273	24.2408	7.37213e-06	1.2406
0.00230748	23.5989	7.37213e-06	1.19667
0.00232222	19.1473	7.37213e-06	1.07219
0.00233697	17.5185	7.37213e-06	1.02324
0.00235171	15.0083	7.37213e-06	0.980403
0.00236645	15.6009	7.37213e-06	0.976845
0.0023812	12.7187	7.37213e-06	0.851909
0.00239594	13.5031	7.37213e-06	0.890358
0.00241069	9.77659	7.37213e-06	0.740349
0.00242543	9.00172	7.37213e-06	0.70811
0.00244018	6.54408	7.37213e-06	0.603375
0.00245492	5.67762	7.37213e-06	0.558464
0.00246966	6.05802	7.37213e-06	0.577321
0.00248441	5.74948	7.37213e-06	0.553327
0.00249915	4.19798	7.37213e-06	0.473863
0.0025139	3.76852	7.37213e-06	0.439197
0.00252864	2.2336	7.37213e-06	0.339298
0.00254339	1.4166	7.37213e-06	0.2645
0.00255813	0.894056	7.37213e-06	0.211256
0.00257287	0.34327	7.37213e-06	0.129952
