7.34556e-06	0.339588	7.34556e-06	0.243568
2.20367e-05	0.396795	7.34556e-06	0.164742
3.67278e-05	2.90634	7.34556e-06	0.638055
5.14189e-05	4.72914	7.34556e-06	0.761059
6.611e-05	7.34079	7.34556e-06	1.36068
8.08012e-05	11.7429	7.34556e-06	1.18186
9.54923e-05	18.3069	7.34556e-06	1.85395
0.000110183	23.2802	7.34556e-06	2.19852
0.000124875	30.9025	7.34556e-06	2.49253
0.000139566	36.4344	7.34556e-06	2.28845
0.000154257	42.3882	7.34556e-06	2.47746
0.000168948	54.1423	7.34556e-06	3.39971
0.000183639	59.9401	7.34556e-06	3.80614
0.00019833	69.2244	7.34556e-06	3.29469
0.000213021	88.4874	7.34556e-06	4.3611
0.000227712	95.3091	7.34556e-06	4.16729
0.000242403	98.4155	7.34556e-06	4.1211
0.000257095	120.01	7.34556e-06	5.10242
0.000271786	131.389	7.34556e-06	5.24025
0.000286477	142.561	7.34556e-06	5.03575
0.000301168	158.75	7.34556e-06	4.91245
0.000315859	170.914	7.34556e-06	4.69655
0.00033055	183.705	7.34556e-06	5.13081
0.000345241	210.02	7.34556e-06	6.2072
0.000359932	218.274	7.34556e-06	6.06397
0.000374624	235.128	7.34556e-06	5.92321
0.000389315	261.224	7.34556e-06	6.74285
0.000404006	289.076	7.34556e-06	6.80116
0.000418697	290.814	7.34556e-06	6.3328
0.000433388	329.832	7.34556e-06	8.03921
0.000448079	330.933	7.34556e-06	6.63242
0.00046277	372.378	7.34556e-06	10.5591
0.000477461	387.668	7.34556e-06	8.18546
0.000492153	387.945	7.34556e-06	7.32009
0.000506844	420.503	7.34556e-06	9.00271
0.000521535	448.919	7.34556e-06	9.32471
0.000536226	464.492	7.34556e-06	9.47135
0.000550917	483.924	7.34556e-06	9.1333
0.000565608	510.255	7.34556e-06	10.5802
0.000580299	577.044	7.34556e-06	26.7816
0.00059499	552.268	7.34556e-06	10.1722
0.000609682	565.861	7.34556e-06	10.637
0.000624373	588.476	7.34556e-06	8.60466
0.000639064	606.653	7.34556e-06	10.0179
0.000653755	622.326	7.34556e-06	10.3604
0.000668446	618.77	7.34556e-06	9.13235
0.000683137	671.058	7.34556e-06	10.706
0.000697828	696.818	7.34556e-06	25.8292
0.000712519	687.24	7.34556e-06	9.60524
0.00072721	721.729	7.34556e-06	10.5094
0.000741902	780.421	7.34556e-06	28.4775
0.000756593	750.922	7.34556e-06	9.86161
0.000771284	772.857	7.34556e-06	10.2361
0.000785975	782.138	7.34556e-06	10.6997
0.000800666	804.371	7.34556e-06	10.7039
0.000815357	799.248	7.34556e-06	9.97746
0.000830048	860.347	7.34556e-06	16.0073
0.000844739	842.473	7.34556e-06	10.4434
0.000859431	838.888	7.34556e-06	10.2529
0.000874122	845.989	7.34556e-06	9.70767
0.000888813	879.023	7.34556e-06	13.4893
0.000903504	885.393	7.34556e-06	10.1073
0.000918195	900.998	7.34556e-06	11.6961
0.000932886	889.039	7.34556e-06	9.67175
0.000947577	890.67	7.34556e-06	10.3198
0.000962268	903.839	7.34556e-06	10.6382
0.00097696	893.4	7.34556e-06	10.1438
0.000991651	926.968	7.34556e-06	10.8343
0.00100634	900.242	7.34556e-06	9.14489
0.00102103	902.824	7.34556e-06	10.9416
0.00103572	915.59	7.34556e-06	10.2632
0.00105042	889.886	7.34556e-06	9.36142
0.00106511	907.433	7.34556e-06	9.04432
0.0010798	911.742	7.34556e-06	9.49457
0.00109449	898.528	7.34556e-06	9.56299
0.00110918	907.399	7.34556e-06	9.23817
0.00112387	902.657	7.34556e-06	9.4458
0.00113856	882.918	7.34556e-06	9.49523
0.00115325	867.933	7.34556e-06	9.65123
0.00116794	873.754	7.34556e-06	9.07541
0.00118264	862.575	7.34556e-06	9.16267
0.00119733	845.187	7.34556e-06	8.83354
0.00121202	857.74	7.34556e-06	9.74216
0.00122671	847.975	7.34556e-06	10.1429
0.0012414	834.878	7.34556e-06	8.57329
0.00125609	814.912	7.34556e-06	8.85539
0.00127078	795.313	7.34556e-06	8.23954
0.00128547	791.289	7.34556e-06	8.52043
0.00130016	775.157	7.34556e-06	8.27438
0.00131486	748.562	7.34556e-06	7.87065
0.00132955	749.643	7.34556e-06	10.2397
0.00134424	718.259	7.34556e-06	8.01168
0.00135893	708.483	7.34556e-06	7.68832
0.00137362	692.569	7.34556e-06	7.43029
0.00138831	678.793	7.34556e-06	8.27513
0.001403	661.475	7.34556e-06	7.28158
0.00141769	649.716	7.34556e-06	7.13476
0.00143238	627.875	7.34556e-06	7.35916
0.00144708	614.661	7.34556e-06	6.85493
0.00146177	596.158	7.34556e-06	6.74396
0.00147646	585.744	7.34556e-06	6.84498
0.00149115	570.644	7.34556e-06	7.87173
0.00150584	563.581	7.34556e-06	11.2117
0.00152053	529.898	7.34556e-06	6.18602
0.00153522	521.058	7.34556e-06	6.74759
0.00154991	504.526	7.34556e-06	6.33977
0.0015646	492.178	7.34556e-06	7.18155
0.0015793	468.52	7.34556e-06	5.7611
0.00159399	457.548	7.34556e-06	5.71081
0.00160868	437.258	7.34556e-06	5.52256
0.00162337	413.368	7.34556e-06	6.08121
0.00163806	403.141	7.34556e-06	5.3145
0.00165275	378.49	7.34556e-06	5.04857
0.00166744	367.842	7.34556e-06	4.97852
0.00168213	358.664	7.34556e-06	4.93425
0.00169682	343.165	7.34556e-06	4.78431
0.00171152	322.045	7.34556e-06	4.71983
0.00172621	316.641	7.34556e-06	4.63859
0.0017409	304.831	7.34556e-06	4.48274
0.00175559	284.808	7.34556e-06	4.26006
0.00177028	264.413	7.34556e-06	4.06535
0.00178497	255.88	7.34556e-06	4.01511
0.00179966	251.528	7.34556e-06	3.99737
0.00181435	227.327	7.34556e-06	3.78223
0.00182904	218.591	7.34556e-06	3.70513
0.00184374	212.45	7.34556e-06	3.63021
0.00185843	198.805	7.34556e-06	3.48135
0.00187312	186.63	7.34556e-06	3.39074
0.00188781	179.733	7.34556e-06	3.30554
0.0019025	173.647	7.34556e-06	3.26793
0.00191719	164.123	7.34556e-06	3.15691
0.00193188	152.536	7.34556e-06	3.03234
0.00194657	143.113	7.34556e-06	2.91979
0.00196126	134.438	7.34556e-06	2.82137
0.00197596	126.224	7.34556e-06	2.76671
0.00199065	123.467	7.34556e-06	2.70103
0.00200534	112.899	7.34556e-06	2.57672
0.00202003	107.262	7.34556e-06	2.51944
0.00203472	97.2177	7.34556e-06	2.37137
0.00204941	98.5185	7.34556e-06	2.40668
0.0020641	84.941	7.34556e-06	2.21025
0.00207879	86.6874	7.34556e-06	2.25642
0.00209348	75.6338	7.34556e-06	2.08882
0.00210818	70.4831	7.34556e-06	1.99865
0.00212287	61.1582	7.34556e-06	1.85129
0.00213756	63.3225	7.34556e-06	1.89866
0.00215225	53.9177	7.34556e-06	1.74124
0.00216694	52.095	7.34556e-06	1.70336
0.00218163	49.1309	7.34556e-06	1.6614
0.00219632	47.5242	7.34556e-06	1.62317
0.00221101	44.0088	7.34556e-06	1.56686
0.0022257	35.3931	7.34556e-06	1.39817
0.0022404	33.1059	7.34556e-06	1.34737
0.00225509	31.3461	7.34556e-06	1.31414
0.00226978	29.0504	7.34556e-06	1.26163
0.00228447	26.633	7.34556e-06	1.20437
0.00229916	24.5013	7.34556e-06	1.14878
0.00231385	22.6023	7.34556e-06	1.0943
0.00232854	19.7994	7.34556e-06	1.03347
0.00234323	18.5279	7.34556e-06	0.989097
0.00235792	16.7098	7.34556e-06	0.953772
0.00237262	13.4987	7.34556e-06	0.839255
0.00238731	12.5154	7.34556e-06	0.808811
0.002402	10.4674	7.34556e-06	0.734153
0.00241669	9.71396	7.34556e-06	0.705634
0.00243138	8.20884	7.34556e-06	0.654391
0.00244607	6.45956	7.34556e-06	0.578974
0.00246076	6.10625	7.34556e-06	0.55329
0.00247545	5.92271	7.34556e-06	0.545472
0.00249015	4.52861	7.34556e-06	0.474948
0.00250484	3.30942	7.34556e-06	0.404446
0.00251953	2.90223	7.34556e-06	0.377899
0.00253422	2.54864	7.34556e-06	0.353508
0.00254891	1.64079	7.34556e-06	0.281403
0.0025636	0.771846	7.34556e-06	0.192965
0.00257829	0.0478084	7.34556e-06	0.0478084
