0	1141.19	7.39313e-06	6.4398
1.47863e-05	1140.96	7.39313e-06	6.42014
2.95725e-05	1140.42	7.39313e-06	6.40815
4.43588e-05	1138.85	7.39313e-06	6.37025
5.9145e-05	1136.95	7.39313e-06	6.341
7.39313e-05	1135.09	7.39313e-06	6.32037
8.87176e-05	1127.92	7.39313e-06	5.28109
0.000103504	1125.22	7.39313e-06	5.261
0.00011829	1120.84	7.39313e-06	5.20224
0.000133076	1117.62	7.39313e-06	5.18414
0.000147863	1113.35	7.39313e-06	5.1551
0.000162649	1108.97	7.39313e-06	5.13225
0.000177435	1103.96	7.39313e-06	5.10462
0.000192221	1098.72	7.39313e-06	5.07845
0.000207008	1092.67	7.39313e-06	5.04976
0.000221794	1086.47	7.39313e-06	5.01925
0.00023658	1079.72	7.39313e-06	4.99373
0.000251366	1073.28	7.39313e-06	4.97346
0.000266153	1065.63	7.39313e-06	4.94626
0.000280939	1057.59	7.39313e-06	4.91905
0.000295725	1046.51	7.39313e-06	4.34369
0.000310511	1038.38	7.39313e-06	4.31996
0.000325298	1029.73	7.39313e-06	4.29324
0.000340084	1020.3	7.39313e-06	4.2622
0.00035487	1010.86	7.39313e-06	4.23556
0.000369657	1000.58	7.39313e-06	4.19104
0.000384443	991.036	7.39313e-06	4.16788
0.000399229	980.135	7.39313e-06	4.12755
0.000414015	969.463	7.39313e-06	4.1005
0.000428802	958.35	7.39313e-06	4.07457
0.000443588	946.968	7.39313e-06	4.04872
0.000458374	935.348	7.39313e-06	4.02263
0.00047316	923.546	7.39313e-06	3.99788
0.000487947	911.603	7.39313e-06	3.97429
0.000502733	898.954	7.39313e-06	3.94685
0.000517519	886.189	7.39313e-06	3.91918
0.000532305	873.708	7.39313e-06	3.89698
0.000547092	860.983	7.39313e-06	3.87447
0.000561878	847.769	7.39313e-06	3.85145
0.000576664	834.277	7.39313e-06	3.82752
0.00059145	821.201	7.39313e-06	3.80736
0.000606237	807.363	7.39313e-06	3.78201
0.000621023	793.158	7.39313e-06	3.75631
0.000635809	779.059	7.39313e-06	3.7342
0.000650595	764.709	7.39313e-06	3.71259
0.000665382	749.683	7.39313e-06	3.66594
0.000680168	735.196	7.39313e-06	3.64497
0.000694954	720.623	7.39313e-06	3.62443
0.000709741	702.492	7.39313e-06	1.98081
0.000724527	688.285	7.39313e-06	1.94561
0.000739313	673.868	7.39313e-06	1.90762
0.000754099	659.147	7.39313e-06	1.87294
0.000768886	644.307	7.39313e-06	1.83706
0.000783672	629.533	7.39313e-06	1.8036
0.000798458	614.96	7.39313e-06	1.77233
0.000813244	599.878	7.39313e-06	1.72923
0.000828031	585.331	7.39313e-06	1.69803
0.000842817	570.596	7.39313e-06	1.66243
0.000857603	555.977	7.39313e-06	1.62914
0.000872389	541.847	7.39313e-06	1.60095
0.000887176	527.338	7.39313e-06	1.56385
0.000901962	513.288	7.39313e-06	1.53608
0.000916748	499.284	7.39313e-06	1.50722
0.000931534	484.425	7.39313e-06	1.35794
0.000946321	470.74	7.39313e-06	1.33013
0.000961107	457.071	7.39313e-06	1.30141
0.000975893	442.872	7.39313e-06	1.24284
0.000990679	429.105	7.39313e-06	1.21026
0.00100547	415.761	7.39313e-06	1.17811
0.00102025	402.557	7.39313e-06	1.14954
0.00103504	389.685	7.39313e-06	1.12229
0.00104982	376.899	7.39313e-06	1.09062
0.00106461	364.421	7.39313e-06	1.05669
0.0010794	352.225	7.39313e-06	1.02978
0.00109418	339.88	7.39313e-06	1.00041
0.00110897	327.421	7.39313e-06	0.947242
0.00112376	315.39	7.39313e-06	0.918742
0.00113854	303.824	7.39313e-06	0.887443
0.00115333	292.644	7.39313e-06	0.863052
0.00116811	281.449	7.39313e-06	0.825093
0.0011829	270.536	7.39313e-06	0.79913
0.00119769	260.103	7.39313e-06	0.777427
0.00121247	249.802	7.39313e-06	0.75019
0.00122726	239.795	7.39313e-06	0.727685
0.00124205	230.034	7.39313e-06	0.705256
0.00125683	220.615	7.39313e-06	0.68432
0.00127162	211.54	7.39313e-06	0.662666
0.0012864	202.16	7.39313e-06	0.635188
0.00130119	193.518	7.39313e-06	0.618283
0.00131598	184.969	7.39313e-06	0.598885
0.00133076	176.843	7.39313e-06	0.580359
0.00134555	168.945	7.39313e-06	0.564122
0.00136034	160.944	7.39313e-06	0.543032
0.00137512	153.393	7.39313e-06	0.522658
0.00138991	145.943	7.39313e-06	0.502045
0.00140469	138.928	7.39313e-06	0.487127
0.00141948	132.176	7.39313e-06	0.473308
0.00143427	125.769	7.39313e-06	0.460394
0.00144905	119.49	7.39313e-06	0.445445
0.00146384	113.512	7.39313e-06	0.433095
0.00147863	107.651	7.39313e-06	0.403329
0.00149341	101.943	7.39313e-06	0.389746
0.0015082	96.5931	7.39313e-06	0.376756
0.00152298	91.3347	7.39313e-06	0.364245
0.00153777	86.4278	7.39313e-06	0.353291
0.00155256	81.6356	7.39313e-06	0.342077
0.00156734	76.9256	7.39313e-06	0.309348
0.00158213	72.454	7.39313e-06	0.296302
0.00159692	68.3001	7.39313e-06	0.283172
0.0016117	64.3701	7.39313e-06	0.273466
0.00162649	60.6363	7.39313e-06	0.26286
0.00164127	56.8974	7.39313e-06	0.24898
0.00165606	53.454	7.39313e-06	0.236489
0.00167085	50.0978	7.39313e-06	0.22503
0.00168563	46.9775	7.39313e-06	0.215395
0.00170042	44.0398	7.39313e-06	0.20561
0.00171521	41.2893	7.39313e-06	0.197347
0.00172999	38.5515	7.39313e-06	0.189287
0.00174478	36.0953	7.39313e-06	0.182019
0.00175957	33.7537	7.39313e-06	0.173918
0.00177435	31.4372	7.39313e-06	0.16436
0.00178914	29.4249	7.39313e-06	0.158615
0.00180392	27.4704	7.39313e-06	0.152546
0.00181871	25.5575	7.39313e-06	0.146583
0.0018335	23.7862	7.39313e-06	0.140341
0.00184828	22.113	7.39313e-06	0.134951
0.00186307	20.5428	7.39313e-06	0.129427
0.00187786	19.0195	7.39313e-06	0.122989
0.00189264	17.619	7.39313e-06	0.117443
0.00190743	16.3284	7.39313e-06	0.112464
0.00192221	15.0623	7.39313e-06	0.107343
0.001937	13.9324	7.39313e-06	0.103304
0.00195179	12.8295	7.39313e-06	0.0978093
0.00196657	11.8254	7.39313e-06	0.0931879
0.00198136	10.8215	7.39313e-06	0.0883105
0.00199615	9.93012	7.39313e-06	0.0844006
0.00201093	9.13989	7.39313e-06	0.0804197
0.00202572	8.40762	7.39313e-06	0.0776388
0.0020405	7.71219	7.39313e-06	0.0748228
0.00205529	7.04235	7.39313e-06	0.0718236
0.00207008	6.41416	7.39313e-06	0.0670555
0.00208486	5.80477	7.39313e-06	0.0606305
0.00209965	5.23475	7.39313e-06	0.0568816
0.00211444	4.7854	7.39313e-06	0.0545314
0.00212922	4.33907	7.39313e-06	0.0519021
0.00214401	3.91847	7.39313e-06	0.0495581
0.00215879	3.53494	7.39313e-06	0.0463168
0.00217358	3.16319	7.39313e-06	0.0413305
0.00218837	2.83795	7.39313e-06	0.0387376
0.00220315	2.53127	7.39313e-06	0.0364244
0.00221794	2.27116	7.39313e-06	0.0340026
0.00223273	2.02716	7.39313e-06	0.0318147
0.00224751	1.78734	7.39313e-06	0.0291115
0.0022623	1.57729	7.39313e-06	0.0271589
0.00227708	1.38854	7.39313e-06	0.025022
0.00229187	1.20539	7.39313e-06	0.0230238
0.00230666	1.05251	7.39313e-06	0.0210789
0.00232144	0.89576	7.39313e-06	0.0191844
0.00233623	0.779575	7.39313e-06	0.0178271
0.00235102	0.674426	7.39313e-06	0.0165019
0.0023658	0.563539	7.39313e-06	0.0148378
0.00238059	0.473534	7.39313e-06	0.0134432
0.00239537	0.377677	7.39313e-06	0.0117484
0.00241016	0.303554	7.39313e-06	0.0104395
0.00242495	0.247581	7.39313e-06	0.00941676
0.00243973	0.196055	7.39313e-06	0.00825934
0.00245452	0.152312	7.39313e-06	0.00717049
0.00246931	0.119487	7.39313e-06	0.00633724
0.00248409	0.0862751	7.39313e-06	0.00540088
0.00249888	0.0609361	7.39313e-06	0.00451898
0.00251366	0.0439271	7.39313e-06	0.0038345
0.00252845	0.0262299	7.39313e-06	0.00289617
0.00254324	0.0118722	7.39313e-06	0.00194794
0.00255802	0.00369989	7.39313e-06	0.00107443
