0	1129.87	7.38777e-06	3.91629
1.47755e-05	1129.7	7.38777e-06	3.89908
2.95511e-05	1128.97	7.38777e-06	3.86448
4.43266e-05	1127.77	7.38777e-06	3.82634
5.91021e-05	1126.12	7.38777e-06	3.78882
7.38777e-05	1124.12	7.38777e-06	3.75435
8.86532e-05	1121.82	7.38777e-06	3.7248
0.000103429	1118.98	7.38777e-06	3.69264
0.000118204	1115.79	7.38777e-06	3.66097
0.00013298	1111.72	7.38777e-06	3.61192
0.000147755	1107.77	7.38777e-06	3.58217
0.000162531	1102.41	7.38777e-06	3.48059
0.000177306	1097.85	7.38777e-06	3.45117
0.000192082	1092.8	7.38777e-06	3.42119
0.000206857	1087	7.38777e-06	3.38294
0.000221633	1081.22	7.38777e-06	3.35315
0.000236409	1074.17	7.38777e-06	3.30567
0.000251184	1067.96	7.38777e-06	3.27838
0.00026596	1059.9	7.38777e-06	3.21051
0.000280735	1052.21	7.38777e-06	3.17293
0.000295511	1044.64	7.38777e-06	3.14182
0.000310286	1036.07	7.38777e-06	3.10427
0.000325062	1027.24	7.38777e-06	3.06508
0.000339837	1018.47	7.38777e-06	3.03055
0.000354613	1009.12	7.38777e-06	2.99377
0.000369388	999.115	7.38777e-06	2.93911
0.000384164	988.558	7.38777e-06	2.88557
0.000398939	978.08	7.38777e-06	2.8465
0.000413715	967.448	7.38777e-06	2.80997
0.000428491	956.434	7.38777e-06	2.77241
0.000443266	944.961	7.38777e-06	2.73393
0.000458042	932.804	7.38777e-06	2.66489
0.000472817	920.513	7.38777e-06	2.62299
0.000487593	908.991	7.38777e-06	2.58996
0.000502368	897.105	7.38777e-06	2.55554
0.000517144	884.36	7.38777e-06	2.51549
0.000531919	871.865	7.38777e-06	2.48209
0.000546695	859.455	7.38777e-06	2.45032
0.00056147	846.081	7.38777e-06	2.41231
0.000576246	832.788	7.38777e-06	2.37282
0.000591021	818.615	7.38777e-06	2.31286
0.000605797	805.174	7.38777e-06	2.27907
0.000620572	791.655	7.38777e-06	2.24457
0.000635348	777.88	7.38777e-06	2.21
0.000650124	763.871	7.38777e-06	2.17487
0.000664899	749.855	7.38777e-06	2.14213
0.000679675	735.041	7.38777e-06	2.09308
0.00069445	720.796	7.38777e-06	2.05989
0.000709226	706.712	7.38777e-06	2.02487
0.000724001	692.387	7.38777e-06	1.99242
0.000738777	678.024	7.38777e-06	1.95934
0.000753552	663.191	7.38777e-06	1.92358
0.000768328	648.189	7.38777e-06	1.88633
0.000783103	633.851	7.38777e-06	1.85694
0.000797879	619.28	7.38777e-06	1.8257
0.000812654	604.652	7.38777e-06	1.79247
0.00082743	590.015	7.38777e-06	1.76116
0.000842206	575.72	7.38777e-06	1.72987
0.000856981	561.413	7.38777e-06	1.69998
0.000871757	546.963	7.38777e-06	1.66883
0.000886532	532.266	7.38777e-06	1.63003
0.000901308	518.045	7.38777e-06	1.60248
0.000916083	503.562	7.38777e-06	1.56134
0.000930859	489.519	7.38777e-06	1.53268
0.000945634	475.73	7.38777e-06	1.50495
0.00096041	461.886	7.38777e-06	1.47396
0.000975185	447.976	7.38777e-06	1.43045
0.000989961	434.154	7.38777e-06	1.39565
0.00100474	420.298	7.38777e-06	1.36164
0.00101951	407.148	7.38777e-06	1.33372
0.00103429	394.197	7.38777e-06	1.31014
0.00104906	381.398	7.38777e-06	1.28591
0.00106384	368.22	7.38777e-06	1.09141
0.00107861	355.685	7.38777e-06	1.06431
0.00109339	343.087	7.38777e-06	1.03263
0.00110817	331.134	7.38777e-06	1.00576
0.00112294	319.39	7.38777e-06	0.97918
0.00113772	308.045	7.38777e-06	0.953913
0.00115249	296.613	7.38777e-06	0.929463
0.00116727	285.696	7.38777e-06	0.908304
0.00118204	274.819	7.38777e-06	0.883894
0.00119682	264.121	7.38777e-06	0.859495
0.00121159	253.782	7.38777e-06	0.830539
0.00122637	243.764	7.38777e-06	0.810076
0.00124114	234.126	7.38777e-06	0.792356
0.00125592	224.72	7.38777e-06	0.774663
0.0012707	215.312	7.38777e-06	0.755022
0.00128547	206.2	7.38777e-06	0.735447
0.00130025	196.955	7.38777e-06	0.709261
0.00131502	188.007	7.38777e-06	0.686627
0.0013298	179.362	7.38777e-06	0.661387
0.00134457	171.238	7.38777e-06	0.639706
0.00135935	163.28	7.38777e-06	0.619182
0.00137412	155.86	7.38777e-06	0.604167
0.0013889	148.584	7.38777e-06	0.586558
0.00140368	141.52	7.38777e-06	0.572038
0.00141845	134.612	7.38777e-06	0.555811
0.00143323	127.892	7.38777e-06	0.509018
0.001448	121.246	7.38777e-06	0.485105
0.00146278	115.119	7.38777e-06	0.471419
0.00147755	109.263	7.38777e-06	0.45886
0.00149233	103.498	7.38777e-06	0.445716
0.0015071	98.0434	7.38777e-06	0.43373
0.00152188	92.5949	7.38777e-06	0.414469
0.00153666	87.3886	7.38777e-06	0.385185
0.00155143	82.6694	7.38777e-06	0.373618
0.00156621	78.1185	7.38777e-06	0.360541
0.00158098	73.8644	7.38777e-06	0.35112
0.00159576	69.7242	7.38777e-06	0.341272
0.00161053	65.5553	7.38777e-06	0.328714
0.00162531	61.7633	7.38777e-06	0.318003
0.00164008	58.0513	7.38777e-06	0.305634
0.00165486	54.7172	7.38777e-06	0.293322
0.00166964	51.4721	7.38777e-06	0.285104
0.00168441	48.3732	7.38777e-06	0.276652
0.00169919	45.3888	7.38777e-06	0.266244
0.00171396	42.3945	7.38777e-06	0.250645
0.00172874	39.6218	7.38777e-06	0.241728
0.00174351	37.0705	7.38777e-06	0.235185
0.00175829	34.7036	7.38777e-06	0.228795
0.00177306	32.3779	7.38777e-06	0.221209
0.00178784	30.2259	7.38777e-06	0.215067
0.00180262	28.1922	7.38777e-06	0.208866
0.00181739	26.1114	7.38777e-06	0.182672
0.00183217	24.2618	7.38777e-06	0.176254
0.00184694	22.5898	7.38777e-06	0.170872
0.00186172	20.9716	7.38777e-06	0.164916
0.00187649	19.5286	7.38777e-06	0.159973
0.00189127	18.0518	7.38777e-06	0.143066
0.00190604	16.6778	7.38777e-06	0.136562
0.00192082	15.4487	7.38777e-06	0.132263
0.0019356	14.2625	7.38777e-06	0.12756
0.00195037	13.163	7.38777e-06	0.122635
0.00196515	12.1447	7.38777e-06	0.118468
0.00197992	11.1342	7.38777e-06	0.111077
0.0019947	10.229	7.38777e-06	0.106427
0.00200947	9.38136	7.38777e-06	0.101357
0.00202425	8.62109	7.38777e-06	0.098009
0.00203902	7.89903	7.38777e-06	0.0932597
0.0020538	7.22099	7.38777e-06	0.0892266
0.00206857	6.58192	7.38777e-06	0.0858892
0.00208335	6.01276	7.38777e-06	0.0825843
0.00209813	5.48574	7.38777e-06	0.0799689
0.0021129	5.01896	7.38777e-06	0.0767638
0.00212768	4.53919	7.38777e-06	0.0735715
0.00214245	4.07401	7.38777e-06	0.0660724
0.00215723	3.6632	7.38777e-06	0.0616993
0.002172	3.3328	7.38777e-06	0.0599853
0.00218678	2.96436	7.38777e-06	0.0509888
0.00220155	2.66727	7.38777e-06	0.0488168
0.00221633	2.38086	7.38777e-06	0.0466691
0.00223111	2.11693	7.38777e-06	0.0445062
0.00224588	1.86199	7.38777e-06	0.0405258
0.00226066	1.67572	7.38777e-06	0.0391754
0.00227543	1.49113	7.38777e-06	0.0375725
0.00229021	1.29983	7.38777e-06	0.0351956
0.00230498	1.12081	7.38777e-06	0.0324709
0.00231976	0.961075	7.38777e-06	0.0303977
0.00233453	0.811163	7.38777e-06	0.0253818
0.00234931	0.682795	7.38777e-06	0.0194724
0.00236409	0.577496	7.38777e-06	0.0175682
0.00237886	0.487072	7.38777e-06	0.0158899
0.00239364	0.40432	7.38777e-06	0.0140877
0.00240841	0.325495	7.38777e-06	0.0122512
0.00242319	0.265049	7.38777e-06	0.010839
0.00243796	0.204721	7.38777e-06	0.00946247
0.00245274	0.161262	7.38777e-06	0.00850583
0.00246751	0.125837	7.38777e-06	0.00731571
0.00248229	0.0900023	7.38777e-06	0.00606892
0.00249707	0.0602982	7.38777e-06	0.00475337
0.00251184	0.0440184	7.38777e-06	0.00406003
0.00252662	0.0286191	7.38777e-06	0.00324606
0.00254139	0.0155171	7.38777e-06	0.00238218
0.00255617	0.0054099	7.38777e-06	0.00137369
0.00257094	0.00142538	7.38777e-06	0.000717413
