0	1137.56	7.37979e-06	4.44325
1.47596e-05	1137.48	7.37979e-06	4.43947
2.95192e-05	1136.74	7.37979e-06	4.40532
4.42788e-05	1135.9	7.37979e-06	4.38668
5.90383e-05	1134	7.37979e-06	4.34521
7.37979e-05	1131.85	7.37979e-06	4.31162
8.85575e-05	1129.66	7.37979e-06	4.28728
0.000103317	1126.79	7.37979e-06	4.24948
0.000118077	1123.74	7.37979e-06	4.22451
0.000132836	1119.83	7.37979e-06	4.19092
0.000147596	1115.86	7.37979e-06	4.16409
0.000162355	1111.14	7.37979e-06	4.13099
0.000177115	1105.95	7.37979e-06	4.09285
0.000191875	1100.83	7.37979e-06	4.06544
0.000206634	1094.81	7.37979e-06	4.02906
0.000221394	1088.04	7.37979e-06	3.98066
0.000236153	1081.34	7.37979e-06	3.94728
0.000250913	1074.64	7.37979e-06	3.91998
0.000265673	1067.18	7.37979e-06	3.8894
0.000280432	1059.65	7.37979e-06	3.85896
0.000295192	1051.6	7.37979e-06	3.82925
0.000309951	1043.48	7.37979e-06	3.80124
0.000324711	1034.48	7.37979e-06	3.76858
0.00033947	1025.32	7.37979e-06	3.73762
0.00035423	1015.82	7.37979e-06	3.70604
0.00036899	1006.42	7.37979e-06	3.67433
0.000383749	993.362	7.37979e-06	3.00867
0.000398509	983.618	7.37979e-06	2.97781
0.000413268	972.436	7.37979e-06	2.93615
0.000428028	961.008	7.37979e-06	2.89251
0.000442788	949.719	7.37979e-06	2.85772
0.000457547	936.799	7.37979e-06	2.74058
0.000472307	924.877	7.37979e-06	2.70259
0.000487066	912.531	7.37979e-06	2.66411
0.000501826	900.313	7.37979e-06	2.63003
0.000516585	887.271	7.37979e-06	2.58852
0.000531345	874.824	7.37979e-06	2.5557
0.000546105	861.5	7.37979e-06	2.51589
0.000560864	847.782	7.37979e-06	2.47516
0.000575624	834.302	7.37979e-06	2.43876
0.000590383	819.726	7.37979e-06	2.2584
0.000605143	806.114	7.37979e-06	2.2233
0.000619903	792.139	7.37979e-06	2.1864
0.000634662	777.521	7.37979e-06	2.1426
0.000649422	763.553	7.37979e-06	2.10861
0.000664181	749.049	7.37979e-06	2.06021
0.000678941	734.712	7.37979e-06	2.02037
0.0006937	720.681	7.37979e-06	1.98524
0.00070846	706.084	7.37979e-06	1.94507
0.00072322	691.431	7.37979e-06	1.9109
0.000737979	677.05	7.37979e-06	1.87823
0.000752739	662.285	7.37979e-06	1.83578
0.000767498	647.512	7.37979e-06	1.80211
0.000782258	632.772	7.37979e-06	1.76871
0.000797018	617.374	7.37979e-06	1.72245
0.000811777	602.568	7.37979e-06	1.68571
0.000826537	588.051	7.37979e-06	1.65353
0.000841296	573.52	7.37979e-06	1.62164
0.000856056	558.312	7.37979e-06	1.56096
0.000870815	543.8	7.37979e-06	1.52961
0.000885575	528.743	7.37979e-06	1.48444
0.000900335	514.515	7.37979e-06	1.45424
0.000915094	500.052	7.37979e-06	1.42154
0.000929854	485.861	7.37979e-06	1.39123
0.000944613	471.321	7.37979e-06	1.33574
0.000959373	457.335	7.37979e-06	1.30094
0.000974133	443.732	7.37979e-06	1.27408
0.000988892	430.357	7.37979e-06	1.24335
0.00100365	416.976	7.37979e-06	1.21586
0.00101841	403.841	7.37979e-06	1.18872
0.00103317	390.591	7.37979e-06	1.14737
0.00104793	377.872	7.37979e-06	1.12399
0.00106269	364.549	7.37979e-06	0.96562
0.00107745	352.079	7.37979e-06	0.9378
0.00109221	339.831	7.37979e-06	0.91075
0.00110697	327.818	7.37979e-06	0.88417
0.00112173	316.097	7.37979e-06	0.858176
0.00113649	304.413	7.37979e-06	0.831497
0.00115125	293.18	7.37979e-06	0.808229
0.00116601	282.204	7.37979e-06	0.783532
0.00118077	271.424	7.37979e-06	0.76042
0.00119553	260.755	7.37979e-06	0.739122
0.00121029	250.409	7.37979e-06	0.716916
0.00122505	240.163	7.37979e-06	0.692179
0.00123981	230.154	7.37979e-06	0.669117
0.00125456	220.62	7.37979e-06	0.646881
0.00126932	211.413	7.37979e-06	0.627485
0.00128408	202.526	7.37979e-06	0.610479
0.00129884	193.677	7.37979e-06	0.590131
0.0013136	184.921	7.37979e-06	0.545102
0.00132836	176.857	7.37979e-06	0.528671
0.00134312	168.778	7.37979e-06	0.508658
0.00135788	160.966	7.37979e-06	0.490184
0.00137264	153.456	7.37979e-06	0.471393
0.0013874	146.141	7.37979e-06	0.452467
0.00140216	139.277	7.37979e-06	0.437997
0.00141692	132.447	7.37979e-06	0.422052
0.00143168	126.066	7.37979e-06	0.408788
0.00144644	119.842	7.37979e-06	0.39516
0.0014612	113.898	7.37979e-06	0.382435
0.00147596	107.956	7.37979e-06	0.362837
0.00149072	102.202	7.37979e-06	0.345491
0.00150548	96.8483	7.37979e-06	0.334101
0.00152024	91.7523	7.37979e-06	0.318999
0.001535	86.7869	7.37979e-06	0.306701
0.00154976	82.0972	7.37979e-06	0.295358
0.00156452	77.5215	7.37979e-06	0.284313
0.00157928	73.1199	7.37979e-06	0.272442
0.00159404	68.965	7.37979e-06	0.260739
0.00160879	64.9586	7.37979e-06	0.250345
0.00162355	61.0778	7.37979e-06	0.240354
0.00163831	57.4203	7.37979e-06	0.231523
0.00165307	53.9899	7.37979e-06	0.220271
0.00166783	50.6865	7.37979e-06	0.209296
0.00168259	47.578	7.37979e-06	0.200563
0.00169735	44.6107	7.37979e-06	0.192973
0.00171211	41.8608	7.37979e-06	0.185414
0.00172687	39.0571	7.37979e-06	0.175341
0.00174163	36.5009	7.37979e-06	0.168043
0.00175639	34.1148	7.37979e-06	0.160496
0.00177115	31.8831	7.37979e-06	0.152985
0.00178591	29.6886	7.37979e-06	0.145927
0.00180067	27.6147	7.37979e-06	0.139223
0.00181543	25.6827	7.37979e-06	0.132325
0.00183019	23.871	7.37979e-06	0.126043
0.00184495	22.1956	7.37979e-06	0.120547
0.00185971	20.6166	7.37979e-06	0.114976
0.00187447	19.1709	7.37979e-06	0.110383
0.00188923	17.7879	7.37979e-06	0.105998
0.00190399	16.465	7.37979e-06	0.101703
0.00191875	15.2337	7.37979e-06	0.0973716
0.00193351	14.0908	7.37979e-06	0.0921842
0.00194827	12.9661	7.37979e-06	0.0862525
0.00196302	11.9641	7.37979e-06	0.0820904
0.00197778	10.9863	7.37979e-06	0.078246
0.00199254	10.0872	7.37979e-06	0.0741245
0.0020073	9.23815	7.37979e-06	0.0702711
0.00202206	8.44776	7.37979e-06	0.0660831
0.00203682	7.72257	7.37979e-06	0.0629169
0.00205158	7.05059	7.37979e-06	0.0597787
0.00206634	6.44373	7.37979e-06	0.0566741
0.0020811	5.85788	7.37979e-06	0.0537943
0.00209586	5.31147	7.37979e-06	0.0509909
0.00211062	4.82389	7.37979e-06	0.0475838
0.00212538	4.35773	7.37979e-06	0.044461
0.00214014	3.95507	7.37979e-06	0.0414149
0.0021549	3.56197	7.37979e-06	0.0390114
0.00216966	3.21869	7.37979e-06	0.0369743
0.00218442	2.89776	7.37979e-06	0.0348872
0.00219918	2.59078	7.37979e-06	0.0326961
0.00221394	2.31437	7.37979e-06	0.0306796
0.0022287	2.05939	7.37979e-06	0.0286941
0.00224346	1.80411	7.37979e-06	0.0264033
0.00225822	1.58879	7.37979e-06	0.02452
0.00227298	1.38967	7.37979e-06	0.0227535
0.00228774	1.22413	7.37979e-06	0.0212494
0.0023025	1.05694	7.37979e-06	0.0195862
0.00231725	0.921801	7.37979e-06	0.0182019
0.00233201	0.796899	7.37979e-06	0.0168416
0.00234677	0.676562	7.37979e-06	0.015439
0.00236153	0.569118	7.37979e-06	0.0141149
0.00237629	0.476674	7.37979e-06	0.0128236
0.00239105	0.396993	7.37979e-06	0.01159
0.00240581	0.32478	7.37979e-06	0.0103737
0.00242057	0.258972	7.37979e-06	0.00919803
0.00243533	0.210774	7.37979e-06	0.00822977
0.00245009	0.154844	7.37979e-06	0.00700339
0.00246485	0.121291	7.37979e-06	0.00616826
0.00247961	0.0912972	7.37979e-06	0.00531344
0.00249437	0.0681894	7.37979e-06	0.00456004
0.00250913	0.0475488	7.37979e-06	0.00377579
0.00252389	0.0317693	7.37979e-06	0.00307711
0.00253865	0.0191722	7.37979e-06	0.00238968
0.00255341	0.00926858	7.37979e-06	0.00164315
0.00256817	0.00264791	7.37979e-06	0.000884558
