0	1127.6	7.40129e-06	4.06179
1.48026e-05	1127.54	7.40129e-06	4.05913
2.96052e-05	1126.97	7.40129e-06	4.03824
4.44078e-05	1125.82	7.40129e-06	4.00813
5.92104e-05	1124.2	7.40129e-06	3.97355
7.40129e-05	1122.14	7.40129e-06	3.94145
8.88155e-05	1119.91	7.40129e-06	3.91541
0.000103618	1117.01	7.40129e-06	3.88332
0.000118421	1113.76	7.40129e-06	3.85259
0.000133223	1109.84	7.40129e-06	3.80698
0.000148026	1104.9	7.40129e-06	3.73139
0.000162828	1098.76	7.40129e-06	3.52023
0.000177631	1093.98	7.40129e-06	3.48895
0.000192434	1089.28	7.40129e-06	3.46405
0.000207236	1083.59	7.40129e-06	3.43161
0.000222039	1077.77	7.40129e-06	3.40171
0.000236841	1071.15	7.40129e-06	3.36752
0.000251644	1063.89	7.40129e-06	3.30351
0.000266447	1056.99	7.40129e-06	3.27314
0.000281249	1049.63	7.40129e-06	3.24008
0.000296052	1042.55	7.40129e-06	3.21339
0.000310854	1033.85	7.40129e-06	3.16185
0.000325657	1025.53	7.40129e-06	3.13085
0.00034046	1016.82	7.40129e-06	3.09791
0.000355262	1007.63	7.40129e-06	3.05587
0.000370065	997.969	7.40129e-06	3.02046
0.000384867	988.129	7.40129e-06	2.98739
0.00039967	978.027	7.40129e-06	2.95239
0.000414473	967.578	7.40129e-06	2.91765
0.000429275	956.81	7.40129e-06	2.88135
0.000444078	946.036	7.40129e-06	2.85017
0.00045888	934.34	7.40129e-06	2.81177
0.000473683	922.549	7.40129e-06	2.77323
0.000488485	909.575	7.40129e-06	2.72726
0.000503288	897.75	7.40129e-06	2.69564
0.000518091	885.584	7.40129e-06	2.65928
0.000532893	872.73	7.40129e-06	2.61678
0.000547696	859.479	7.40129e-06	2.57069
0.000562498	846.078	7.40129e-06	2.53383
0.000577301	832.581	7.40129e-06	2.49713
0.000592104	818.524	7.40129e-06	2.45479
0.000606906	805.102	7.40129e-06	2.42203
0.000621709	790.652	7.40129e-06	2.36792
0.000636511	776.715	7.40129e-06	2.33347
0.000651314	762.77	7.40129e-06	2.29639
0.000666117	748.808	7.40129e-06	2.26595
0.000680919	734.473	7.40129e-06	2.23272
0.000695722	720.005	7.40129e-06	2.19959
0.000710524	705.762	7.40129e-06	2.1698
0.000725327	691.453	7.40129e-06	2.13834
0.000740129	677.006	7.40129e-06	2.10812
0.000754932	662.489	7.40129e-06	2.07694
0.000769735	647.722	7.40129e-06	2.0406
0.000784537	633.836	7.40129e-06	2.01526
0.00079934	618.172	7.40129e-06	1.84493
0.000814142	603.512	7.40129e-06	1.81256
0.000828945	589.416	7.40129e-06	1.78408
0.000843748	574.29	7.40129e-06	1.73707
0.00085855	559.388	7.40129e-06	1.67681
0.000873353	544.845	7.40129e-06	1.63508
0.000888155	530.218	7.40129e-06	1.60168
0.000902958	516.207	7.40129e-06	1.57312
0.000917761	502.384	7.40129e-06	1.54525
0.000932563	487.901	7.40129e-06	1.513
0.000947366	473.607	7.40129e-06	1.43181
0.000962168	459.455	7.40129e-06	1.39803
0.000976971	445.424	7.40129e-06	1.36431
0.000991774	431.998	7.40129e-06	1.32949
0.00100658	418.473	7.40129e-06	1.25252
0.00102138	404.67	7.40129e-06	1.20459
0.00103618	391.778	7.40129e-06	1.1759
0.00105098	378.99	7.40129e-06	1.14608
0.00106579	366.154	7.40129e-06	1.11833
0.00108059	353.343	7.40129e-06	1.08563
0.00109539	341.439	7.40129e-06	1.06201
0.00111019	329.651	7.40129e-06	1.0384
0.001125	317.774	7.40129e-06	1.00537
0.0011398	306.368	7.40129e-06	0.980223
0.0011546	295.216	7.40129e-06	0.954703
0.0011694	284.191	7.40129e-06	0.931801
0.00118421	273.286	7.40129e-06	0.908051
0.00119901	262.974	7.40129e-06	0.887042
0.00121381	252.717	7.40129e-06	0.866194
0.00122861	242.466	7.40129e-06	0.83971
0.00124342	232.662	7.40129e-06	0.820251
0.00125822	223.193	7.40129e-06	0.799907
0.00127302	214.166	7.40129e-06	0.782433
0.00128783	205.061	7.40129e-06	0.763628
0.00130263	196.018	7.40129e-06	0.743529
0.00131743	187.275	7.40129e-06	0.714415
0.00133223	178.994	7.40129e-06	0.697399
0.00134704	170.793	7.40129e-06	0.675452
0.00136184	163.053	7.40129e-06	0.655151
0.00137664	155.412	7.40129e-06	0.639115
0.00139144	148.068	7.40129e-06	0.621584
0.00140625	140.862	7.40129e-06	0.599605
0.00142105	134.021	7.40129e-06	0.580902
0.00143585	127.521	7.40129e-06	0.566228
0.00145065	121.141	7.40129e-06	0.552079
0.00146546	115.167	7.40129e-06	0.54104
0.00148026	109.593	7.40129e-06	0.531278
0.00149506	103.591	7.40129e-06	0.515631
0.00150986	98.2849	7.40129e-06	0.506173
0.00152467	92.6542	7.40129e-06	0.462184
0.00153947	87.7145	7.40129e-06	0.449333
0.00155427	83.03	7.40129e-06	0.437127
0.00156907	78.3975	7.40129e-06	0.425829
0.00158388	74.0559	7.40129e-06	0.415987
0.00159868	69.9964	7.40129e-06	0.406956
0.00161348	66.0039	7.40129e-06	0.398734
0.00162828	61.9864	7.40129e-06	0.38214
0.00164309	58.0605	7.40129e-06	0.366685
0.00165789	54.5401	7.40129e-06	0.355976
0.00167269	51.2899	7.40129e-06	0.347663
0.0016875	48.0987	7.40129e-06	0.337212
0.0017023	45.1413	7.40129e-06	0.330871
0.0017171	42.3435	7.40129e-06	0.324535
0.0017319	39.6496	7.40129e-06	0.317607
0.00174671	37.1427	7.40129e-06	0.307769
0.00176151	34.7124	7.40129e-06	0.299366
0.00177631	32.4465	7.40129e-06	0.28923
0.00179111	30.3351	7.40129e-06	0.282799
0.00180592	28.3797	7.40129e-06	0.278269
0.00182072	26.3711	7.40129e-06	0.252364
0.00183552	24.6187	7.40129e-06	0.248659
0.00185032	22.9381	7.40129e-06	0.24405
0.00186513	21.0905	7.40129e-06	0.207257
0.00187993	19.5496	7.40129e-06	0.20144
0.00189473	18.1903	7.40129e-06	0.196828
0.00190953	16.8022	7.40129e-06	0.186516
0.00192434	15.489	7.40129e-06	0.176089
0.00193914	14.3378	7.40129e-06	0.171117
0.00195394	13.1721	7.40129e-06	0.144481
0.00196874	12.1705	7.40129e-06	0.140487
0.00198355	11.2321	7.40129e-06	0.136152
0.00199835	10.3401	7.40129e-06	0.132875
0.00201315	9.48467	7.40129e-06	0.128268
0.00202795	8.66106	7.40129e-06	0.121953
0.00204276	7.93389	7.40129e-06	0.117743
0.00205756	7.26505	7.40129e-06	0.114666
0.00207236	6.66815	7.40129e-06	0.112409
0.00208717	6.11171	7.40129e-06	0.110103
0.00210197	5.52622	7.40129e-06	0.0985308
0.00211677	4.96526	7.40129e-06	0.0908538
0.00213157	4.47509	7.40129e-06	0.0861389
0.00214638	4.03639	7.40129e-06	0.0831676
0.00216118	3.62823	7.40129e-06	0.0756042
0.00217598	3.28327	7.40129e-06	0.0738969
0.00219078	2.92454	7.40129e-06	0.0681542
0.00220559	2.63289	7.40129e-06	0.0665155
0.00222039	2.31575	7.40129e-06	0.0586653
0.00223519	2.06012	7.40129e-06	0.0565584
0.00224999	1.84109	7.40129e-06	0.0546746
0.0022648	1.62536	7.40129e-06	0.0529793
0.0022796	1.44526	7.40129e-06	0.0515015
0.0022944	1.27665	7.40129e-06	0.0501774
0.0023092	1.13141	7.40129e-06	0.0486464
0.00232401	0.97138	7.40129e-06	0.046583
0.00233881	0.781365	7.40129e-06	0.0247505
0.00235361	0.664697	7.40129e-06	0.0224576
0.00236841	0.555097	7.40129e-06	0.0201055
0.00238322	0.470675	7.40129e-06	0.0189088
0.00239802	0.390132	7.40129e-06	0.0173933
0.00241282	0.321577	7.40129e-06	0.0163233
0.00242762	0.264058	7.40129e-06	0.0151465
0.00244243	0.208021	7.40129e-06	0.0106071
0.00245723	0.166263	7.40129e-06	0.009613
0.00247203	0.127153	7.40129e-06	0.00801624
0.00248684	0.0934996	7.40129e-06	0.00691199
0.00250164	0.0678298	7.40129e-06	0.00565808
0.00251644	0.0402395	7.40129e-06	0.00422074
0.00253124	0.0230224	7.40129e-06	0.00305437
0.00254605	0.0137698	7.40129e-06	0.00235523
0.00256085	0.00528949	7.40129e-06	0.00148412
0.00257565	0.00131799	7.40129e-06	0.00076116
