0	1124.44	7.37286e-06	3.94028
1.47457e-05	1124.44	7.37286e-06	3.94028
2.94914e-05	1123.81	7.37286e-06	3.91289
4.42372e-05	1122.76	7.37286e-06	3.8823
5.89829e-05	1121.09	7.37286e-06	3.84069
7.37286e-05	1119.02	7.37286e-06	3.80241
8.84743e-05	1116.9	7.37286e-06	3.77753
0.00010322	1114.21	7.37286e-06	3.74837
0.000117966	1110.95	7.37286e-06	3.71606
0.000132711	1106.77	7.37286e-06	3.65455
0.000147457	1101.31	7.37286e-06	3.48895
0.000162203	1096.76	7.37286e-06	3.45311
0.000176949	1092.39	7.37286e-06	3.42662
0.000191694	1087.31	7.37286e-06	3.38165
0.00020644	1082.04	7.37286e-06	3.3524
0.000221186	1076.09	7.37286e-06	3.31629
0.000235932	1069.73	7.37286e-06	3.28002
0.000250677	1063.81	7.37286e-06	3.25255
0.000265423	1057.24	7.37286e-06	3.22325
0.000280169	1049.65	7.37286e-06	3.18508
0.000294914	1042.34	7.37286e-06	3.15626
0.00030966	1034.47	7.37286e-06	3.12345
0.000324406	1025.92	7.37286e-06	3.0847
0.000339152	1017.05	7.37286e-06	3.04943
0.000353897	1007.7	7.37286e-06	3.00616
0.000368643	998.153	7.37286e-06	2.96007
0.000383389	987.604	7.37286e-06	2.91136
0.000398134	977.592	7.37286e-06	2.87766
0.00041288	967.323	7.37286e-06	2.84142
0.000427626	956.76	7.37286e-06	2.80364
0.000442372	945.849	7.37286e-06	2.76619
0.000457117	934.905	7.37286e-06	2.73357
0.000471863	923.264	7.37286e-06	2.69676
0.000486609	911.248	7.37286e-06	2.64575
0.000501355	899.086	7.37286e-06	2.6069
0.0005161	886.023	7.37286e-06	2.55194
0.000530846	873.129	7.37286e-06	2.51261
0.000545592	860.53	7.37286e-06	2.47879
0.000560337	847.459	7.37286e-06	2.43292
0.000575083	833.912	7.37286e-06	2.37577
0.000589829	820.976	7.37286e-06	2.34276
0.000604575	808.031	7.37286e-06	2.3113
0.00061932	793.758	7.37286e-06	2.1958
0.000634066	780.212	7.37286e-06	2.1592
0.000648812	766.352	7.37286e-06	2.12227
0.000663557	752.375	7.37286e-06	2.08849
0.000678303	737.745	7.37286e-06	2.05079
0.000693049	723.449	7.37286e-06	2.01707
0.000707795	709.237	7.37286e-06	1.98229
0.00072254	695.224	7.37286e-06	1.95132
0.000737286	680.87	7.37286e-06	1.91905
0.000752032	666.663	7.37286e-06	1.88406
0.000766778	652.09	7.37286e-06	1.84835
0.000781523	637.046	7.37286e-06	1.74924
0.000796269	622.154	7.37286e-06	1.71298
0.000811015	607.287	7.37286e-06	1.67728
0.00082576	592.893	7.37286e-06	1.64617
0.000840506	578.084	7.37286e-06	1.58952
0.000855252	563.767	7.37286e-06	1.55897
0.000869998	549.793	7.37286e-06	1.53092
0.000884743	535.633	7.37286e-06	1.50084
0.000899489	521.251	7.37286e-06	1.46244
0.000914235	507.371	7.37286e-06	1.43234
0.00092898	493.03	7.37286e-06	1.39833
0.000943726	478.351	7.37286e-06	1.32069
0.000958472	464.307	7.37286e-06	1.28424
0.000973218	450.832	7.37286e-06	1.25585
0.000987963	437.571	7.37286e-06	1.23024
0.00100271	423.842	7.37286e-06	1.19772
0.00101745	410.894	7.37286e-06	1.17145
0.0010322	398.118	7.37286e-06	1.14646
0.00104695	385.336	7.37286e-06	1.11983
0.00106169	372.805	7.37286e-06	1.09425
0.00107644	359.825	7.37286e-06	1.04696
0.00109118	347.638	7.37286e-06	1.02199
0.00110593	335.704	7.37286e-06	0.994542
0.00112067	323.929	7.37286e-06	0.971527
0.00113542	312.384	7.37286e-06	0.943899
0.00115017	300.887	7.37286e-06	0.920397
0.00116491	289.552	7.37286e-06	0.89319
0.00117966	278.724	7.37286e-06	0.870734
0.0011944	267.949	7.37286e-06	0.834676
0.00120915	257.378	7.37286e-06	0.810027
0.00122389	247.387	7.37286e-06	0.788925
0.00123864	237.36	7.37286e-06	0.768675
0.00125339	227.384	7.37286e-06	0.737058
0.00126813	217.734	7.37286e-06	0.714774
0.00128288	208.276	7.37286e-06	0.685532
0.00129762	199.231	7.37286e-06	0.666312
0.00131237	190.563	7.37286e-06	0.648358
0.00132711	182.487	7.37286e-06	0.633573
0.00134186	174.002	7.37286e-06	0.59552
0.00135661	166.055	7.37286e-06	0.577359
0.00137135	158.279	7.37286e-06	0.555216
0.0013861	150.787	7.37286e-06	0.53932
0.00140084	143.615	7.37286e-06	0.518653
0.00141559	136.614	7.37286e-06	0.501278
0.00143034	129.972	7.37286e-06	0.482688
0.00144508	123.491	7.37286e-06	0.463998
0.00145983	117.119	7.37286e-06	0.447664
0.00147457	111.321	7.37286e-06	0.436661
0.00148932	105.637	7.37286e-06	0.424386
0.00150406	100.214	7.37286e-06	0.412816
0.00151881	94.98	7.37286e-06	0.401474
0.00153356	89.9633	7.37286e-06	0.390725
0.0015483	85.2505	7.37286e-06	0.379634
0.00156305	80.5174	7.37286e-06	0.362569
0.00157779	76.0116	7.37286e-06	0.342823
0.00159254	71.6838	7.37286e-06	0.332535
0.00160728	67.4628	7.37286e-06	0.318863
0.00162203	63.557	7.37286e-06	0.307855
0.00163678	59.7081	7.37286e-06	0.297376
0.00165152	56.0797	7.37286e-06	0.280165
0.00166627	52.6302	7.37286e-06	0.270292
0.00168101	49.4075	7.37286e-06	0.260385
0.00169576	46.3296	7.37286e-06	0.252245
0.0017105	43.288	7.37286e-06	0.227142
0.00172525	40.5058	7.37286e-06	0.21465
0.00174	37.9375	7.37286e-06	0.20687
0.00175474	35.3607	7.37286e-06	0.196298
0.00176949	32.9109	7.37286e-06	0.187282
0.00178423	30.7093	7.37286e-06	0.177962
0.00179898	28.586	7.37286e-06	0.170799
0.00181372	26.7496	7.37286e-06	0.165891
0.00182847	24.9195	7.37286e-06	0.159635
0.00184322	23.1313	7.37286e-06	0.151443
0.00185796	21.5635	7.37286e-06	0.146292
0.00187271	19.9617	7.37286e-06	0.140507
0.00188745	18.5001	7.37286e-06	0.1339
0.0019022	17.068	7.37286e-06	0.126996
0.00191694	15.7698	7.37286e-06	0.122784
0.00193169	14.5522	7.37286e-06	0.117898
0.00194644	13.4349	7.37286e-06	0.113007
0.00196118	12.3844	7.37286e-06	0.108773
0.00197593	11.4176	7.37286e-06	0.105076
0.00199067	10.5202	7.37286e-06	0.101892
0.00200542	9.65125	7.37286e-06	0.0967196
0.00202016	8.80277	7.37286e-06	0.0891843
0.00203491	8.07897	7.37286e-06	0.0841868
0.00204966	7.3672	7.37286e-06	0.0799526
0.0020644	6.73475	7.37286e-06	0.0770885
0.00207915	6.11805	7.37286e-06	0.0723184
0.00209389	5.56963	7.37286e-06	0.06934
0.00210864	5.04611	7.37286e-06	0.0666547
0.00212338	4.52491	7.37286e-06	0.0626147
0.00213813	4.10553	7.37286e-06	0.0601335
0.00215288	3.71673	7.37286e-06	0.0577212
0.00216762	3.28425	7.37286e-06	0.0468953
0.00218237	2.96463	7.37286e-06	0.0446504
0.00219711	2.66458	7.37286e-06	0.0424516
0.00221186	2.36668	7.37286e-06	0.0371986
0.0022266	2.1013	7.37286e-06	0.0348855
0.00224135	1.859	7.37286e-06	0.0325255
0.0022561	1.64852	7.37286e-06	0.0307331
0.00227084	1.44884	7.37286e-06	0.0278635
0.00228559	1.27293	7.37286e-06	0.0262924
0.00230033	1.0917	7.37286e-06	0.0234806
0.00231508	0.952976	7.37286e-06	0.0216164
0.00232982	0.814241	7.37286e-06	0.0194563
0.00234457	0.676861	7.37286e-06	0.0175219
0.00235932	0.574892	7.37286e-06	0.0159351
0.00237406	0.487434	7.37286e-06	0.0146482
0.00238881	0.409046	7.37286e-06	0.0132499
0.00240355	0.337879	7.37286e-06	0.0119783
0.0024183	0.268861	7.37286e-06	0.010494
0.00243304	0.222211	7.37286e-06	0.00942264
0.00244779	0.169754	7.37286e-06	0.00823563
0.00246254	0.130848	7.37286e-06	0.007201
0.00247728	0.0981228	7.37286e-06	0.00608557
0.00249203	0.0757047	7.37286e-06	0.00531408
0.00250677	0.0500507	7.37286e-06	0.00422401
0.00252152	0.0333995	7.37286e-06	0.0034908
0.00253626	0.0172076	7.37286e-06	0.00250121
0.00255101	0.00798237	7.37286e-06	0.00168288
0.00256576	0.00130114	7.37286e-06	0.000653361
