0	1119.45	7.3615e-06	3.6993
1.4723e-05	1119.45	7.3615e-06	3.6993
2.9446e-05	1119.27	7.3615e-06	3.69686
4.4169e-05	1118.02	7.3615e-06	3.65584
5.8892e-05	1116.71	7.3615e-06	3.63299
7.3615e-05	1115.38	7.3615e-06	3.61808
8.8338e-05	1113.34	7.3615e-06	3.59325
0.000103061	1110.6	7.3615e-06	3.55862
0.000117784	1107.84	7.3615e-06	3.53484
0.000132507	1104.45	7.3615e-06	3.5012
0.00014723	1100.3	7.3615e-06	3.46542
0.000161953	1095.59	7.3615e-06	3.42178
0.000176676	1090.82	7.3615e-06	3.3883
0.000191399	1085.4	7.3615e-06	3.34858
0.000206122	1079.54	7.3615e-06	3.30938
0.000220845	1074.41	7.3615e-06	3.28544
0.000235568	1068.54	7.3615e-06	3.25742
0.000250291	1061.99	7.3615e-06	3.2255
0.000265014	1055.27	7.3615e-06	3.19637
0.000279737	1048.02	7.3615e-06	3.16498
0.00029446	1040.65	7.3615e-06	3.13562
0.000309183	1032.94	7.3615e-06	3.10632
0.000323906	1024.81	7.3615e-06	3.07676
0.000338629	1016.5	7.3615e-06	3.04734
0.000353352	1007.49	7.3615e-06	3.01594
0.000368075	997.676	7.3615e-06	2.96135
0.000382798	988.313	7.3615e-06	2.93079
0.000397521	978.165	7.3615e-06	2.89678
0.000412244	968.43	7.3615e-06	2.86834
0.000426967	957.581	7.3615e-06	2.83
0.00044169	946.778	7.3615e-06	2.79776
0.000456413	935.179	7.3615e-06	2.74196
0.000471136	923.289	7.3615e-06	2.69549
0.000485859	911.296	7.3615e-06	2.65892
0.000500582	899.535	7.3615e-06	2.62747
0.000515305	887.329	7.3615e-06	2.58423
0.000530028	874.862	7.3615e-06	2.55142
0.000544751	862.892	7.3615e-06	2.5227
0.000559474	850.109	7.3615e-06	2.46971
0.000574197	836.688	7.3615e-06	2.43255
0.00058892	823.182	7.3615e-06	2.39686
0.000603643	809.13	7.3615e-06	2.30777
0.000618366	794.961	7.3615e-06	2.26203
0.000633089	781.526	7.3615e-06	2.22185
0.000647812	767.849	7.3615e-06	2.18919
0.000662535	753.834	7.3615e-06	2.15201
0.000677258	739.127	7.3615e-06	2.10923
0.000691981	724.851	7.3615e-06	2.06952
0.000706704	710.49	7.3615e-06	2.0347
0.000721427	696.11	7.3615e-06	2.00307
0.00073615	681.935	7.3615e-06	1.9719
0.000750873	667.673	7.3615e-06	1.94015
0.000765596	653.104	7.3615e-06	1.90622
0.000780319	638.74	7.3615e-06	1.8751
0.000795042	624.777	7.3615e-06	1.84819
0.000809765	610.05	7.3615e-06	1.80982
0.000824488	595.893	7.3615e-06	1.78107
0.000839211	581.742	7.3615e-06	1.75115
0.000853934	567.253	7.3615e-06	1.7215
0.000868657	552.922	7.3615e-06	1.69105
0.00088338	538.587	7.3615e-06	1.65424
0.000898103	524.316	7.3615e-06	1.62525
0.000912826	509.714	7.3615e-06	1.50951
0.000927549	495.5	7.3615e-06	1.48058
0.000942272	481.454	7.3615e-06	1.45281
0.000956995	467.467	7.3615e-06	1.42293
0.000971718	453.537	7.3615e-06	1.39064
0.000986441	439.762	7.3615e-06	1.35596
0.00100116	426.457	7.3615e-06	1.32292
0.00101589	413.524	7.3615e-06	1.2945
0.00103061	400.989	7.3615e-06	1.27003
0.00104533	388.106	7.3615e-06	1.24366
0.00106006	375.502	7.3615e-06	1.21729
0.00107478	363.043	7.3615e-06	1.18901
0.0010895	350.631	7.3615e-06	1.16512
0.00110422	338.828	7.3615e-06	1.1441
0.00111895	326.643	7.3615e-06	1.10513
0.00113367	314.727	7.3615e-06	1.08026
0.00114839	302.773	7.3615e-06	1.04221
0.00116312	291.479	7.3615e-06	1.02065
0.00117784	279.978	7.3615e-06	0.959137
0.00119256	269.383	7.3615e-06	0.936943
0.00120729	258.691	7.3615e-06	0.890616
0.00122201	248.504	7.3615e-06	0.870899
0.00123673	238.673	7.3615e-06	0.848397
0.00125145	229.067	7.3615e-06	0.83045
0.00126618	219.468	7.3615e-06	0.802635
0.0012809	210.061	7.3615e-06	0.78227
0.00129562	201.143	7.3615e-06	0.763837
0.00131035	192.635	7.3615e-06	0.744853
0.00132507	184.528	7.3615e-06	0.730197
0.00133979	176.16	7.3615e-06	0.701564
0.00135452	167.879	7.3615e-06	0.678431
0.00136924	160.049	7.3615e-06	0.649262
0.00138396	152.667	7.3615e-06	0.633671
0.00139868	145.298	7.3615e-06	0.616849
0.00141341	138.267	7.3615e-06	0.599598
0.00142813	131.663	7.3615e-06	0.584149
0.00144285	125.05	7.3615e-06	0.556129
0.00145758	118.741	7.3615e-06	0.52441
0.0014723	112.693	7.3615e-06	0.506958
0.00148702	106.839	7.3615e-06	0.492465
0.00150175	101.402	7.3615e-06	0.477544
0.00151647	96.0056	7.3615e-06	0.461029
0.00153119	90.9184	7.3615e-06	0.449154
0.00154591	85.9893	7.3615e-06	0.435896
0.00156064	81.254	7.3615e-06	0.422208
0.00157536	76.6459	7.3615e-06	0.409483
0.00159008	72.4722	7.3615e-06	0.400132
0.00160481	68.4472	7.3615e-06	0.391193
0.00161953	64.2603	7.3615e-06	0.362021
0.00163425	60.5506	7.3615e-06	0.35267
0.00164898	56.4965	7.3615e-06	0.32365
0.0016637	53.1261	7.3615e-06	0.312761
0.00167842	50.0114	7.3615e-06	0.303859
0.00169314	47.0538	7.3615e-06	0.29607
0.00170787	44.0664	7.3615e-06	0.283632
0.00172259	41.174	7.3615e-06	0.272231
0.00173731	38.4732	7.3615e-06	0.258354
0.00175204	35.9346	7.3615e-06	0.250049
0.00176676	33.5937	7.3615e-06	0.243253
0.00178148	31.3722	7.3615e-06	0.232807
0.00179621	29.2203	7.3615e-06	0.221184
0.00181093	27.2026	7.3615e-06	0.211613
0.00182565	25.3575	7.3615e-06	0.205317
0.00184037	23.5977	7.3615e-06	0.199845
0.0018551	21.8428	7.3615e-06	0.192649
0.00186982	20.321	7.3615e-06	0.186961
0.00188454	18.7953	7.3615e-06	0.175293
0.00189927	17.3092	7.3615e-06	0.162318
0.00191399	16.0444	7.3615e-06	0.157668
0.00192871	14.7871	7.3615e-06	0.148432
0.00194344	13.6319	7.3615e-06	0.143369
0.00195816	12.4713	7.3615e-06	0.125255
0.00197288	11.5238	7.3615e-06	0.120771
0.0019876	10.5552	7.3615e-06	0.115249
0.00200233	9.69816	7.3615e-06	0.10961
0.00201705	8.89165	7.3615e-06	0.105603
0.00203177	8.0905	7.3615e-06	0.0999868
0.0020465	7.40348	7.3615e-06	0.0958142
0.00206122	6.81384	7.3615e-06	0.0920555
0.00207594	6.19465	7.3615e-06	0.087888
0.00209067	5.66719	7.3615e-06	0.0846514
0.00210539	5.18027	7.3615e-06	0.0820499
0.00212011	4.67814	7.3615e-06	0.0784665
0.00213483	4.23888	7.3615e-06	0.0747688
0.00214956	3.84601	7.3615e-06	0.072418
0.00216428	3.44896	7.3615e-06	0.0641118
0.002179	3.08456	7.3615e-06	0.0602374
0.00219373	2.78783	7.3615e-06	0.0580059
0.00220845	2.47504	7.3615e-06	0.0547418
0.00222317	2.22072	7.3615e-06	0.0514997
0.0022379	1.99658	7.3615e-06	0.0495004
0.00225262	1.75874	7.3615e-06	0.0463629
0.00226734	1.56728	7.3615e-06	0.0442204
0.00228206	1.34873	7.3615e-06	0.0407022
0.00229679	1.15952	7.3615e-06	0.037863
0.00231151	0.993202	7.3615e-06	0.0340119
0.00232623	0.833904	7.3615e-06	0.0307371
0.00234096	0.723709	7.3615e-06	0.0287868
0.00235568	0.623774	7.3615e-06	0.0272954
0.0023704	0.537447	7.3615e-06	0.0259188
0.00238513	0.445975	7.3615e-06	0.0238868
0.00239985	0.361296	7.3615e-06	0.0216639
0.00241457	0.301085	7.3615e-06	0.0201374
0.00242929	0.23439	7.3615e-06	0.0165817
0.00244402	0.182154	7.3615e-06	0.0149951
0.00245874	0.145634	7.3615e-06	0.013861
0.00247346	0.117129	7.3615e-06	0.0128715
0.00248819	0.0679692	7.3615e-06	0.00863253
0.00250291	0.0513433	7.3615e-06	0.00792891
0.00251763	0.0355344	7.3615e-06	0.00718796
0.00253236	0.0188627	7.3615e-06	0.0049053
0.00254708	0.00794162	7.3615e-06	0.00298391
0.0025618	0.00194123	7.3615e-06	0.00107701
