7.3818e-06	0.240229	7.3818e-06	0.132679
2.21454e-05	0.961506	7.3818e-06	0.218953
3.6909e-05	1.89877	7.3818e-06	0.398682
5.16726e-05	4.35731	7.3818e-06	0.635088
6.64362e-05	15.0457	7.3818e-06	4.55651
8.11998e-05	12.2157	7.3818e-06	0.998997
9.59634e-05	18.3239	7.3818e-06	1.37289
0.000110727	24.392	7.3818e-06	1.59822
0.000125491	33.1752	7.3818e-06	2.31333
0.000140254	41.3176	7.3818e-06	3.37987
0.000155018	44.2896	7.3818e-06	2.225
0.000169781	52.7648	7.3818e-06	2.47833
0.000184545	73.2587	7.3818e-06	8.1641
0.000199309	76.458	7.3818e-06	3.41533
0.000214072	88.3079	7.3818e-06	3.75477
0.000228836	99.036	7.3818e-06	3.28563
0.000243599	110.345	7.3818e-06	4.04719
0.000258363	122.933	7.3818e-06	4.85853
0.000273127	149.913	7.3818e-06	6.24862
0.00028789	163.718	7.3818e-06	11.2645
0.000302654	159.972	7.3818e-06	4.28575
0.000317417	181.075	7.3818e-06	5.31818
0.000332181	196.029	7.3818e-06	4.82358
0.000346945	236.67	7.3818e-06	10.3232
0.000361708	231.285	7.3818e-06	6.95096
0.000376472	264.838	7.3818e-06	6.44605
0.000391236	257.171	7.3818e-06	5.22416
0.000405999	294.669	7.3818e-06	6.6857
0.000420763	317.502	7.3818e-06	7.44892
0.000435526	327.534	7.3818e-06	6.78487
0.00045029	346.736	7.3818e-06	6.70563
0.000465054	367.404	7.3818e-06	6.74743
0.000479817	400.798	7.3818e-06	9.22194
0.000494581	411.218	7.3818e-06	8.70459
0.000509344	458.102	7.3818e-06	14.0802
0.000524108	442.453	7.3818e-06	8.15475
0.000538872	464.264	7.3818e-06	7.70087
0.000553635	484.676	7.3818e-06	8.51869
0.000568399	489.652	7.3818e-06	8.22093
0.000583162	520.301	7.3818e-06	9.24674
0.000597926	560.892	7.3818e-06	12.6414
0.00061269	559.742	7.3818e-06	8.96624
0.000627453	593.839	7.3818e-06	10.1495
0.000642217	603.689	7.3818e-06	13.2901
0.00065698	618.881	7.3818e-06	9.45912
0.000671744	641.105	7.3818e-06	9.24239
0.000686508	677.52	7.3818e-06	12.6544
0.000701271	654.318	7.3818e-06	8.79507
0.000716035	680.405	7.3818e-06	10.3223
0.000730798	732.011	7.3818e-06	11.9303
0.000745562	734.242	7.3818e-06	10.7907
0.000760326	769.684	7.3818e-06	12.5803
0.000775089	837.002	7.3818e-06	57.6047
0.000789853	801.768	7.3818e-06	17.3383
0.000804616	799.138	7.3818e-06	11.6619
0.00081938	787.693	7.3818e-06	11.0843
0.000834144	851.054	7.3818e-06	13.9027
0.000848907	820.514	7.3818e-06	12.6365
0.000863671	812.599	7.3818e-06	10.5568
0.000878434	832.413	7.3818e-06	10.9808
0.000893198	953.059	7.3818e-06	81.9556
0.000907962	895.82	7.3818e-06	14.4977
0.000922725	903.913	7.3818e-06	22.3896
0.000937489	868.359	7.3818e-06	13.6311
0.000952252	868.148	7.3818e-06	11.2289
0.000967016	892.239	7.3818e-06	12.8404
0.00098178	866.312	7.3818e-06	11.1546
0.000996543	878.871	7.3818e-06	11.424
0.00101131	889.304	7.3818e-06	14.7542
0.00102607	912.911	7.3818e-06	14.5667
0.00104083	873.354	7.3818e-06	11.5793
0.0010556	924.078	7.3818e-06	18.4227
0.00107036	944.917	7.3818e-06	15.2622
0.00108512	954.179	7.3818e-06	30.8928
0.00109989	860.684	7.3818e-06	10.9251
0.00111465	919.602	7.3818e-06	14.4501
0.00112942	911.167	7.3818e-06	15.425
0.00114418	881.555	7.3818e-06	17.1483
0.00115894	840.559	7.3818e-06	11.2249
0.00117371	897.399	7.3818e-06	18.1562
0.00118847	859.359	7.3818e-06	13.4632
0.00120323	833.514	7.3818e-06	11.3759
0.001218	841.076	7.3818e-06	16.4257
0.00123276	823.264	7.3818e-06	12.1615
0.00124752	842.677	7.3818e-06	21.8935
0.00126229	784.64	7.3818e-06	11.0947
0.00127705	784.81	7.3818e-06	12.9389
0.00129182	775.358	7.3818e-06	12.4289
0.00130658	769.706	7.3818e-06	12.7652
0.00132134	759.863	7.3818e-06	13.4633
0.00133611	744.777	7.3818e-06	14.4046
0.00135087	737.839	7.3818e-06	17.456
0.00136563	723.566	7.3818e-06	16.7701
0.0013804	706.761	7.3818e-06	11.9027
0.00139516	657.939	7.3818e-06	11.1402
0.00140992	672.18	7.3818e-06	12.274
0.00142469	638.902	7.3818e-06	12.4451
0.00143945	607.971	7.3818e-06	9.8672
0.00145422	606.01	7.3818e-06	14.6428
0.00146898	582.281	7.3818e-06	10.0566
0.00148374	578.625	7.3818e-06	10.6768
0.00149851	544.022	7.3818e-06	10.4984
0.00151327	542.056	7.3818e-06	10.9266
0.00152803	517.758	7.3818e-06	8.89277
0.0015428	515.906	7.3818e-06	11.5626
0.00155756	486.859	7.3818e-06	8.66607
0.00157232	449.603	7.3818e-06	8.15497
0.00158709	442.358	7.3818e-06	11.2038
0.00160185	427.132	7.3818e-06	8.43037
0.00161661	403.094	7.3818e-06	7.87864
0.00163138	407.258	7.3818e-06	8.78279
0.00164614	415.235	7.3818e-06	13.1516
0.00166091	388.702	7.3818e-06	9.22685
0.00167567	359.722	7.3818e-06	8.05181
0.00169043	338.843	7.3818e-06	7.81858
0.0017052	362.513	7.3818e-06	15.8512
0.00171996	321.129	7.3818e-06	7.42625
0.00173472	302.718	7.3818e-06	6.70026
0.00174949	274.182	7.3818e-06	5.9306
0.00176425	273.603	7.3818e-06	6.48119
0.00177901	261.578	7.3818e-06	7.67354
0.00179378	264.128	7.3818e-06	7.76375
0.00180854	243.33	7.3818e-06	8.62085
0.00182331	221.839	7.3818e-06	5.46207
0.00183807	226.196	7.3818e-06	6.78038
0.00185283	218.404	7.3818e-06	8.4416
0.0018676	208.962	7.3818e-06	7.09806
0.00188236	185.71	7.3818e-06	6.41451
0.00189712	171.542	7.3818e-06	5.12763
0.00191189	155.437	7.3818e-06	5.28623
0.00192665	159.836	7.3818e-06	6.73606
0.00194141	144.941	7.3818e-06	4.52498
0.00195618	137.348	7.3818e-06	5.11947
0.00197094	126.248	7.3818e-06	4.37496
0.0019857	113.964	7.3818e-06	3.92682
0.00200047	130.204	7.3818e-06	9.63537
0.00201523	111.002	7.3818e-06	4.50738
0.00203	104.471	7.3818e-06	4.41761
0.00204476	89.7944	7.3818e-06	3.26634
0.00205952	93.2377	7.3818e-06	4.41657
0.00207429	82.6314	7.3818e-06	3.92055
0.00208905	71.7682	7.3818e-06	2.96062
0.00210381	72.2037	7.3818e-06	3.3709
0.00211858	68.1964	7.3818e-06	3.30793
0.00213334	60.3	7.3818e-06	2.88851
0.0021481	57.3622	7.3818e-06	2.75029
0.00216287	53.6454	7.3818e-06	2.77277
0.00217763	50.9365	7.3818e-06	2.83841
0.0021924	45.2592	7.3818e-06	2.70172
0.00220716	45.3034	7.3818e-06	3.20121
0.00222192	43.9285	7.3818e-06	3.59701
0.00223669	30.569	7.3818e-06	1.78019
0.00225145	34.7688	7.3818e-06	2.10721
0.00226621	28.7009	7.3818e-06	1.97687
0.00228098	26.9293	7.3818e-06	1.85159
0.00229574	23.722	7.3818e-06	1.88798
0.0023105	23.4165	7.3818e-06	1.70384
0.00232527	23.5863	7.3818e-06	2.06763
0.00234003	21.906	7.3818e-06	3.2262
0.00235479	13.2486	7.3818e-06	1.1208
0.00236956	14.1988	7.3818e-06	1.44303
0.00238432	11.7826	7.3818e-06	1.12623
0.00239909	12.9387	7.3818e-06	1.42946
0.00241385	9.28726	7.3818e-06	0.964167
0.00242861	10.5876	7.3818e-06	1.7905
0.00244338	6.53072	7.3818e-06	0.73556
0.00245814	7.92078	7.3818e-06	1.76144
0.0024729	6.36372	7.3818e-06	0.92321
0.00248767	3.45353	7.3818e-06	0.548708
0.00250243	3.22903	7.3818e-06	0.533685
0.00251719	2.83079	7.3818e-06	0.568919
0.00253196	1.82527	7.3818e-06	0.386523
0.00254672	1.07221	7.3818e-06	0.313501
0.00256149	1.37459	7.3818e-06	0.331211
0.00257625	0.140502	7.3818e-06	0.0994122
