7.37286e-06	0	7.37286e-06	0
2.21186e-05	0.94327	7.37286e-06	0.297338
3.68643e-05	2.62916	7.37286e-06	0.620053
5.161e-05	5.83977	7.37286e-06	1.07371
6.63557e-05	9.32066	7.37286e-06	1.27833
8.11015e-05	11.6618	7.37286e-06	1.09977
9.58472e-05	17.4749	7.37286e-06	1.42976
0.000110593	24.452	7.37286e-06	1.71309
0.000125339	35.5772	7.37286e-06	3.90386
0.000140084	51.8826	7.37286e-06	8.77123
0.00015483	47.7322	7.37286e-06	2.60029
0.000169576	50.236	7.37286e-06	2.24124
0.000184322	63.529	7.37286e-06	4.69152
0.000199067	71.19	7.37286e-06	2.84365
0.000213813	86.1511	7.37286e-06	3.91609
0.000228559	98.587	7.37286e-06	4.12618
0.000243304	97.7027	7.37286e-06	3.71293
0.00025805	114.949	7.37286e-06	3.86736
0.000272796	140.563	7.37286e-06	5.09764
0.000287542	142.468	7.37286e-06	4.01598
0.000302287	161.354	7.37286e-06	4.96303
0.000317033	183.776	7.37286e-06	6.17561
0.000331779	199.574	7.37286e-06	5.55456
0.000346524	219.637	7.37286e-06	7.57338
0.00036127	234.007	7.37286e-06	8.5913
0.000376016	269.015	7.37286e-06	8.643
0.000390762	265.316	7.37286e-06	6.06214
0.000405507	282.402	7.37286e-06	7.16007
0.000420253	301.039	7.37286e-06	7.85385
0.000434999	321.875	7.37286e-06	7.90251
0.000449745	333.797	7.37286e-06	6.86683
0.00046449	366.675	7.37286e-06	7.92435
0.000479236	390.516	7.37286e-06	11.979
0.000493982	407.428	7.37286e-06	9.00486
0.000508727	450.703	7.37286e-06	12.9154
0.000523473	457.723	7.37286e-06	9.20678
0.000538219	459.853	7.37286e-06	8.13534
0.000552965	490.166	7.37286e-06	12.0816
0.00056771	521.551	7.37286e-06	14.9621
0.000582456	510.983	7.37286e-06	8.69796
0.000597202	524.28	7.37286e-06	8.52144
0.000611947	592.308	7.37286e-06	26.3215
0.000626693	575.714	7.37286e-06	10.2182
0.000641439	602.913	7.37286e-06	10.348
0.000656185	621.993	7.37286e-06	9.29115
0.00067093	665.669	7.37286e-06	10.4406
0.000685676	664.733	7.37286e-06	9.60266
0.000700422	675.079	7.37286e-06	10.5762
0.000715168	679.663	7.37286e-06	9.49629
0.000729913	710.518	7.37286e-06	9.99932
0.000744659	717.42	7.37286e-06	11.7271
0.000759405	750.529	7.37286e-06	11.8812
0.00077415	789.819	7.37286e-06	27.5033
0.000788896	796.691	7.37286e-06	11.7304
0.000803642	810.284	7.37286e-06	11.7642
0.000818388	798.856	7.37286e-06	10.5505
0.000833133	836.7	7.37286e-06	19.1272
0.000847879	823.227	7.37286e-06	10.6308
0.000862625	817.485	7.37286e-06	10.0697
0.00087737	842.544	7.37286e-06	11.0594
0.000892116	870.058	7.37286e-06	14.4818
0.000906862	853.656	7.37286e-06	11.698
0.000921608	896.286	7.37286e-06	13.0536
0.000936353	932.14	7.37286e-06	25.2134
0.000951099	905.804	7.37286e-06	14.0656
0.000965845	882.663	7.37286e-06	11.3041
0.000980591	881.836	7.37286e-06	10.2839
0.000995336	926.731	7.37286e-06	13.0852
0.00101008	886.91	7.37286e-06	11.1531
0.00102483	887.91	7.37286e-06	10.7944
0.00103957	901.146	7.37286e-06	11.6893
0.00105432	895.975	7.37286e-06	11.5111
0.00106906	941.085	7.37286e-06	19.071
0.00108381	895.716	7.37286e-06	11.4285
0.00109856	889.047	7.37286e-06	12.8371
0.0011133	889.07	7.37286e-06	10.9204
0.00112805	883.155	7.37286e-06	13.2826
0.00114279	890.997	7.37286e-06	11.4449
0.00115754	889.86	7.37286e-06	13.2498
0.00117228	860.785	7.37286e-06	11.5374
0.00118703	867.392	7.37286e-06	16.8047
0.00120178	861.546	7.37286e-06	12.5508
0.00121652	824.28	7.37286e-06	11.3945
0.00123127	837.259	7.37286e-06	10.9255
0.00124601	842.901	7.37286e-06	15.5054
0.00126076	825.132	7.37286e-06	11.9737
0.0012755	818.137	7.37286e-06	14.7282
0.00129025	791.389	7.37286e-06	10.8225
0.001305	767.131	7.37286e-06	10.4755
0.00131974	722.82	7.37286e-06	9.30599
0.00133449	767.9	7.37286e-06	17.6369
0.00134923	727.13	7.37286e-06	10.7324
0.00136398	719.295	7.37286e-06	12.4142
0.00137873	700.437	7.37286e-06	9.79724
0.00139347	677.781	7.37286e-06	11.9924
0.00140822	668.572	7.37286e-06	10.6119
0.00142296	641.025	7.37286e-06	11.2345
0.00143771	631.911	7.37286e-06	11.2333
0.00145245	627.602	7.37286e-06	10.1924
0.0014672	576.876	7.37286e-06	7.91931
0.00148195	571.303	7.37286e-06	8.62795
0.00149669	550.397	7.37286e-06	8.38934
0.00151144	536.482	7.37286e-06	8.34495
0.00152618	519.224	7.37286e-06	8.12753
0.00154093	492.487	7.37286e-06	8.43127
0.00155567	499.347	7.37286e-06	10.889
0.00157042	479.867	7.37286e-06	11.7338
0.00158517	465.234	7.37286e-06	7.84638
0.00159991	457.979	7.37286e-06	9.3287
0.00161466	427.689	7.37286e-06	8.21394
0.0016294	425.304	7.37286e-06	7.91322
0.00164415	404.572	7.37286e-06	10.5078
0.00165889	388.065	7.37286e-06	7.54197
0.00167364	365.778	7.37286e-06	7.57276
0.00168839	352.411	7.37286e-06	6.72545
0.00170313	351.305	7.37286e-06	12.2999
0.00171788	324.125	7.37286e-06	8.19501
0.00173262	301.784	7.37286e-06	6.2197
0.00174737	305.343	7.37286e-06	7.29463
0.00176211	292.762	7.37286e-06	6.58649
0.00177686	265.284	7.37286e-06	6.6771
0.00179161	257.99	7.37286e-06	5.68938
0.00180635	224.953	7.37286e-06	4.62849
0.0018211	226.014	7.37286e-06	5.26426
0.00183584	222.633	7.37286e-06	6.02541
0.00185059	196.767	7.37286e-06	4.65791
0.00186533	202.619	7.37286e-06	4.89716
0.00188008	186.355	7.37286e-06	5.2283
0.00189483	184.03	7.37286e-06	5.26237
0.00190957	168.108	7.37286e-06	3.99495
0.00192432	158.897	7.37286e-06	4.30643
0.00193906	146.929	7.37286e-06	4.27541
0.00195381	139.189	7.37286e-06	3.92188
0.00196855	129.072	7.37286e-06	3.62705
0.0019833	120.705	7.37286e-06	3.33433
0.00199805	117.737	7.37286e-06	4.25509
0.00201279	115.817	7.37286e-06	5.03792
0.00202754	99.5226	7.37286e-06	3.98208
0.00204228	98.5794	7.37286e-06	3.58124
0.00205703	88.2269	7.37286e-06	2.8901
0.00207177	86.6468	7.37286e-06	3.69978
0.00208652	77.601	7.37286e-06	2.85427
0.00210127	74.6019	7.37286e-06	2.67238
0.00211601	74.792	7.37286e-06	3.23766
0.00213076	60.6012	7.37286e-06	2.48667
0.0021455	56.5704	7.37286e-06	2.42229
0.00216025	63.3579	7.37286e-06	4.91127
0.00217499	47.1431	7.37286e-06	2.0902
0.00218974	44.5578	7.37286e-06	2.03311
0.00220449	44.5364	7.37286e-06	3.04344
0.00221923	39.9402	7.37286e-06	1.92516
0.00223398	36.7077	7.37286e-06	1.89547
0.00224872	32.0982	7.37286e-06	1.61015
0.00226347	30.6514	7.37286e-06	1.98043
0.00227821	27.1787	7.37286e-06	1.41422
0.00229296	28.1812	7.37286e-06	1.83062
0.00230771	21.7097	7.37286e-06	1.42821
0.00232245	21.8508	7.37286e-06	1.47704
0.0023372	21.7746	7.37286e-06	1.33345
0.00235194	16.264	7.37286e-06	1.15768
0.00236669	14.0371	7.37286e-06	1.00313
0.00238143	12.6597	7.37286e-06	1.00565
0.00239618	11.5646	7.37286e-06	0.917606
0.00241093	11.2845	7.37286e-06	0.941781
0.00242567	7.67389	7.37286e-06	0.758428
0.00244042	8.68163	7.37286e-06	0.755885
0.00245516	6.47786	7.37286e-06	0.664259
0.00246991	5.48148	7.37286e-06	0.643995
0.00248465	3.77744	7.37286e-06	0.499199
0.0024994	4.34836	7.37286e-06	0.545945
0.00251415	2.83903	7.37286e-06	0.405169
0.00252889	2.7769	7.37286e-06	0.417302
0.00254364	1.59136	7.37286e-06	0.31906
0.00255838	1.15919	7.37286e-06	0.268993
0.00257313	0.227049	7.37286e-06	0.114004
