7.3615e-06	0	7.3615e-06	0
2.20845e-05	0.266332	7.3615e-06	0.0948108
3.68075e-05	3.1311	7.3615e-06	0.562575
5.15305e-05	4.58213	7.3615e-06	0.57109
6.62535e-05	5.96919	7.3615e-06	0.656176
8.09765e-05	11.2337	7.3615e-06	1.11564
9.56995e-05	17.7939	7.3615e-06	1.72358
0.000110422	20.6997	7.3615e-06	1.36682
0.000125145	28.8637	7.3615e-06	2.36086
0.000139868	39.4193	7.3615e-06	2.29723
0.000154591	49.4717	7.3615e-06	3.30722
0.000169314	54.7751	7.3615e-06	2.73303
0.000184037	67.8396	7.3615e-06	3.51419
0.00019876	79.0454	7.3615e-06	3.64527
0.000213483	74.3454	7.3615e-06	2.62617
0.000228206	91.0123	7.3615e-06	3.09488
0.000242929	108.122	7.3615e-06	3.65884
0.000257652	117.618	7.3615e-06	3.48115
0.000272375	134.027	7.3615e-06	3.98367
0.000287098	143.802	7.3615e-06	3.993
0.000301821	157.934	7.3615e-06	4.1846
0.000316544	174.931	7.3615e-06	4.27521
0.000331267	186.855	7.3615e-06	4.71726
0.00034599	211.799	7.3615e-06	4.89147
0.000360713	240.442	7.3615e-06	9.97734
0.000375436	238.755	7.3615e-06	5.42383
0.000390159	268.918	7.3615e-06	6.01605
0.000404882	267.714	7.3615e-06	5.40687
0.000419605	309.214	7.3615e-06	7.72813
0.000434328	318.681	7.3615e-06	6.42091
0.000449051	353.775	7.3615e-06	12.3683
0.000463774	374.529	7.3615e-06	10.4576
0.000478497	389.763	7.3615e-06	7.93819
0.00049322	393.995	7.3615e-06	6.94506
0.000507943	421.116	7.3615e-06	10.9209
0.000522666	442.564	7.3615e-06	7.54346
0.000537389	436.923	7.3615e-06	7.13432
0.000552112	479.368	7.3615e-06	14.4432
0.000566835	516.696	7.3615e-06	9.48042
0.000581558	533.502	7.3615e-06	9.30009
0.000596281	569.102	7.3615e-06	22.1368
0.000611004	588.024	7.3615e-06	12.6196
0.000625727	570.953	7.3615e-06	12.0374
0.00064045	594.973	7.3615e-06	9.25053
0.000655173	623.652	7.3615e-06	11.0987
0.000669896	669.195	7.3615e-06	12.6934
0.000684619	663.833	7.3615e-06	12.4479
0.000699342	682.126	7.3615e-06	10.7836
0.000714065	697.432	7.3615e-06	9.67278
0.000728788	701.675	7.3615e-06	10.1333
0.000743511	720.242	7.3615e-06	10.6464
0.000758234	750.309	7.3615e-06	11.5719
0.000772957	754.098	7.3615e-06	10.8609
0.00078768	747.012	7.3615e-06	9.58313
0.000802403	802.595	7.3615e-06	14.1422
0.000817126	785.725	7.3615e-06	10.8453
0.000831849	799.532	7.3615e-06	11.7092
0.000846572	833.154	7.3615e-06	11.4208
0.000861295	838.316	7.3615e-06	12.2594
0.000876018	852.939	7.3615e-06	15.1825
0.000890741	863.438	7.3615e-06	12.0104
0.000905464	897.979	7.3615e-06	34.0448
0.000920187	888.399	7.3615e-06	11.6562
0.00093491	891.927	7.3615e-06	11.4526
0.000949633	902.126	7.3615e-06	12.7217
0.000964356	912.424	7.3615e-06	13.9918
0.000979079	916.037	7.3615e-06	15.2144
0.000993802	898.122	7.3615e-06	15.0427
0.00100853	885.92	7.3615e-06	13.4824
0.00102325	871.169	7.3615e-06	12.0804
0.00103797	908.217	7.3615e-06	12.7884
0.00105269	901.177	7.3615e-06	13.1502
0.00106742	903.332	7.3615e-06	14.2287
0.00108214	912.232	7.3615e-06	12.2348
0.00109686	879.322	7.3615e-06	11.4082
0.00111159	919.999	7.3615e-06	18.7376
0.00112631	911.576	7.3615e-06	13.2719
0.00114103	926.39	7.3615e-06	18.499
0.00115576	886.649	7.3615e-06	12.0999
0.00117048	914.282	7.3615e-06	25.2483
0.0011852	852.908	7.3615e-06	12.6665
0.00119992	871.365	7.3615e-06	21.1675
0.00121465	840.439	7.3615e-06	11.5154
0.00122937	820.91	7.3615e-06	13.1564
0.00124409	811.749	7.3615e-06	11.084
0.00125882	820.693	7.3615e-06	15.4895
0.00127354	813.659	7.3615e-06	12.37
0.00128826	780.367	7.3615e-06	11.7756
0.00130299	752.991	7.3615e-06	12.3258
0.00131771	725.543	7.3615e-06	10.3662
0.00133243	757.252	7.3615e-06	16.3015
0.00134715	757.745	7.3615e-06	14.0958
0.00136188	724.275	7.3615e-06	16.4334
0.0013766	690.196	7.3615e-06	10.9715
0.00139132	696.355	7.3615e-06	11.5569
0.00140605	671.498	7.3615e-06	11.914
0.00142077	637.31	7.3615e-06	11.2554
0.00143549	644.726	7.3615e-06	16.1246
0.00145022	621.468	7.3615e-06	17.1092
0.00146494	601.764	7.3615e-06	11.9005
0.00147966	588.332	7.3615e-06	10.5846
0.00149438	551.856	7.3615e-06	10.9338
0.00150911	553.137	7.3615e-06	11.5643
0.00152383	526.525	7.3615e-06	9.48145
0.00153855	515.091	7.3615e-06	10.1906
0.00155328	499.57	7.3615e-06	10.4071
0.001568	490.766	7.3615e-06	9.93978
0.00158272	448.671	7.3615e-06	8.3708
0.00159745	436.717	7.3615e-06	8.1896
0.00161217	458.456	7.3615e-06	15.6822
0.00162689	409.931	7.3615e-06	8.23668
0.00164161	452.031	7.3615e-06	15.0853
0.00165634	379.168	7.3615e-06	8.73778
0.00167106	353.512	7.3615e-06	7.8109
0.00168578	338.644	7.3615e-06	7.24674
0.00170051	345.049	7.3615e-06	9.34141
0.00171523	336.968	7.3615e-06	8.81155
0.00172995	317.337	7.3615e-06	9.71416
0.00174468	300.827	7.3615e-06	7.26965
0.0017594	279.738	7.3615e-06	6.51098
0.00177412	267.695	7.3615e-06	8.20175
0.00178884	261.458	7.3615e-06	8.55985
0.00180357	247.167	7.3615e-06	7.62127
0.00181829	227.862	7.3615e-06	6.05255
0.00183301	219.1	7.3615e-06	5.59191
0.00184774	220.237	7.3615e-06	6.43477
0.00186246	192.504	7.3615e-06	5.67761
0.00187718	194.527	7.3615e-06	8.14778
0.00189191	190.974	7.3615e-06	8.37391
0.00190663	163.791	7.3615e-06	4.83246
0.00192135	164.078	7.3615e-06	6.82407
0.00193607	151.898	7.3615e-06	4.92028
0.0019508	153.784	7.3615e-06	9.16944
0.00196552	126.487	7.3615e-06	4.3319
0.00198024	130.285	7.3615e-06	4.75808
0.00199497	116.126	7.3615e-06	4.74824
0.00200969	110.089	7.3615e-06	3.92639
0.00202441	110.157	7.3615e-06	4.60311
0.00203914	95.1524	7.3615e-06	3.8987
0.00205386	82.2545	7.3615e-06	3.65978
0.00206858	86.9971	7.3615e-06	3.79738
0.0020833	74.6356	7.3615e-06	3.30199
0.00209803	69.3858	7.3615e-06	2.92727
0.00211275	72.0551	7.3615e-06	3.40479
0.00212747	63.4738	7.3615e-06	3.41148
0.0021422	57.1623	7.3615e-06	2.67783
0.00215692	58.1682	7.3615e-06	4.91745
0.00217164	53.7493	7.3615e-06	3.21696
0.00218637	44.0632	7.3615e-06	2.39388
0.00220109	46.7622	7.3615e-06	2.85088
0.00221581	38.2759	7.3615e-06	2.78159
0.00223053	33.9577	7.3615e-06	2.14114
0.00224526	36.2706	7.3615e-06	2.63405
0.00225998	29.3891	7.3615e-06	2.12983
0.0022747	33.7648	7.3615e-06	2.66158
0.00228943	29.4233	7.3615e-06	2.3147
0.00230415	26.0282	7.3615e-06	2.59843
0.00231887	25.0895	7.3615e-06	2.28789
0.0023336	17.466	7.3615e-06	1.70423
0.00234832	15.9395	7.3615e-06	1.45529
0.00236304	13.8555	7.3615e-06	1.37097
0.00237776	14.7728	7.3615e-06	1.62214
0.00239249	13.7604	7.3615e-06	1.63297
0.00240721	9.8445	7.3615e-06	1.30463
0.00242193	10.9712	7.3615e-06	1.87848
0.00243666	8.64507	7.3615e-06	1.17025
0.00245138	6.08064	7.3615e-06	0.951765
0.0024661	4.77466	7.3615e-06	0.861023
0.00248083	8.28337	7.3615e-06	1.608
0.00249555	2.81808	7.3615e-06	0.578372
0.00251027	2.69543	7.3615e-06	0.570407
0.00252499	2.8592	7.3615e-06	0.90091
0.00253972	1.88388	7.3615e-06	0.671517
0.00255444	1.04107	7.3615e-06	0.482771
0.00256916	0.338745	7.3615e-06	0.187928
