0	1125	7.38935e-06	3.88031
1.47787e-05	1124.58	7.38935e-06	3.78003
2.95574e-05	1123.9	7.38935e-06	3.74619
4.43361e-05	1122.97	7.38935e-06	3.725
5.91148e-05	1121.48	7.38935e-06	3.69515
7.38935e-05	1119.72	7.38935e-06	3.67068
8.86722e-05	1117.55	7.38935e-06	3.64293
0.000103451	1115	7.38935e-06	3.6168
0.00011823	1111.71	7.38935e-06	3.58347
0.000133008	1107.96	7.38935e-06	3.54993
0.000147787	1104.04	7.38935e-06	3.51999
0.000162566	1099.68	7.38935e-06	3.48954
0.000177344	1094.98	7.38935e-06	3.45889
0.000192123	1089.36	7.38935e-06	3.421
0.000206902	1083.18	7.38935e-06	3.37197
0.000221681	1077.15	7.38935e-06	3.33763
0.000236459	1070.6	7.38935e-06	3.30263
0.000251238	1063.16	7.38935e-06	3.23546
0.000266017	1056.35	7.38935e-06	3.20189
0.000280795	1048.05	7.38935e-06	3.11106
0.000295574	1040.44	7.38935e-06	3.07653
0.000310353	1032.4	7.38935e-06	3.04429
0.000325132	1023.93	7.38935e-06	3.00891
0.00033991	1015.28	7.38935e-06	2.9761
0.000354689	1006.25	7.38935e-06	2.94225
0.000369468	997.21	7.38935e-06	2.91241
0.000384246	987.349	7.38935e-06	2.87786
0.000399025	977.147	7.38935e-06	2.83819
0.000413804	966.167	7.38935e-06	2.79906
0.000428583	955.004	7.38935e-06	2.75572
0.000443361	943.965	7.38935e-06	2.72184
0.00045814	932.366	7.38935e-06	2.68324
0.000472919	920.76	7.38935e-06	2.64728
0.000487697	909.016	7.38935e-06	2.61073
0.000502476	896.552	7.38935e-06	2.57294
0.000517255	883.699	7.38935e-06	2.53081
0.000532033	871.609	7.38935e-06	2.49785
0.000546812	859.163	7.38935e-06	2.46266
0.000561591	846.125	7.38935e-06	2.42838
0.00057637	832.664	7.38935e-06	2.38897
0.000591148	819.2	7.38935e-06	2.35289
0.000605927	805.636	7.38935e-06	2.31108
0.000620706	791.746	7.38935e-06	2.27492
0.000635484	777.996	7.38935e-06	2.24105
0.000650263	763.769	7.38935e-06	2.20064
0.000665042	749.362	7.38935e-06	2.16013
0.000679821	735.512	7.38935e-06	2.12818
0.000694599	721.682	7.38935e-06	2.09536
0.000709378	707.253	7.38935e-06	2.05782
0.000724157	692.326	7.38935e-06	2.01855
0.000738935	678.174	7.38935e-06	1.98591
0.000753714	663.865	7.38935e-06	1.95568
0.000768493	649.106	7.38935e-06	1.91293
0.000783272	634.467	7.38935e-06	1.87734
0.00079805	619.527	7.38935e-06	1.8393
0.000812829	605.204	7.38935e-06	1.80916
0.000827608	590.864	7.38935e-06	1.77945
0.000842386	576.439	7.38935e-06	1.7509
0.000857165	562.013	7.38935e-06	1.72151
0.000871944	547.597	7.38935e-06	1.6865
0.000886722	533.364	7.38935e-06	1.65806
0.000901501	518.879	7.38935e-06	1.60777
0.00091628	504.913	7.38935e-06	1.58094
0.000931059	490.848	7.38935e-06	1.55132
0.000945837	476.654	7.38935e-06	1.52291
0.000960616	462.968	7.38935e-06	1.49166
0.000975395	449.092	7.38935e-06	1.46329
0.000990173	435.408	7.38935e-06	1.43049
0.00100495	422.15	7.38935e-06	1.40326
0.00101973	408.885	7.38935e-06	1.37339
0.00103451	396.025	7.38935e-06	1.34974
0.00104929	383.305	7.38935e-06	1.32448
0.00106407	370.754	7.38935e-06	1.30052
0.00107885	358.334	7.38935e-06	1.27504
0.00109362	345.972	7.38935e-06	1.25084
0.0011084	333.272	7.38935e-06	1.13413
0.00112318	321.604	7.38935e-06	1.11051
0.00113796	309.995	7.38935e-06	1.08417
0.00115274	298.5	7.38935e-06	1.06109
0.00116752	287.491	7.38935e-06	1.04214
0.0011823	276.836	7.38935e-06	1.01977
0.00119708	266.602	7.38935e-06	1.00262
0.00121185	255.955	7.38935e-06	0.934062
0.00122663	245.991	7.38935e-06	0.915616
0.00124141	236.013	7.38935e-06	0.894881
0.00125619	226.399	7.38935e-06	0.875554
0.00127097	217.03	7.38935e-06	0.85327
0.00128575	207.615	7.38935e-06	0.83252
0.00130053	198.789	7.38935e-06	0.811835
0.00131531	189.889	7.38935e-06	0.77653
0.00133008	181.423	7.38935e-06	0.75289
0.00134486	172.813	7.38935e-06	0.701278
0.00135964	165.181	7.38935e-06	0.687242
0.00137442	157.489	7.38935e-06	0.669118
0.0013892	149.933	7.38935e-06	0.649142
0.00140398	142.816	7.38935e-06	0.6326
0.00141876	135.87	7.38935e-06	0.60604
0.00143353	128.867	7.38935e-06	0.567376
0.00144831	122.283	7.38935e-06	0.543989
0.00146309	116.189	7.38935e-06	0.53089
0.00147787	110.186	7.38935e-06	0.515217
0.00149265	104.397	7.38935e-06	0.495558
0.00150743	98.9194	7.38935e-06	0.472261
0.00152221	93.3679	7.38935e-06	0.45784
0.00153699	88.4561	7.38935e-06	0.444724
0.00155176	83.7289	7.38935e-06	0.434097
0.00156654	78.8736	7.38935e-06	0.415978
0.00158132	74.2578	7.38935e-06	0.403195
0.0015961	70.001	7.38935e-06	0.389122
0.00161088	65.914	7.38935e-06	0.360443
0.00162566	62.1166	7.38935e-06	0.348846
0.00164044	58.4547	7.38935e-06	0.338262
0.00165522	54.8271	7.38935e-06	0.325268
0.00166999	51.4632	7.38935e-06	0.315596
0.00168477	48.2671	7.38935e-06	0.306739
0.00169955	45.2222	7.38935e-06	0.291611
0.00171433	42.42	7.38935e-06	0.283193
0.00172911	39.8383	7.38935e-06	0.275817
0.00174389	37.309	7.38935e-06	0.267089
0.00175867	34.9265	7.38935e-06	0.260091
0.00177344	32.6442	7.38935e-06	0.253151
0.00178822	30.4824	7.38935e-06	0.24474
0.001803	28.4587	7.38935e-06	0.238707
0.00181778	26.6443	7.38935e-06	0.233412
0.00183256	24.8451	7.38935e-06	0.227775
0.00184734	23.1686	7.38935e-06	0.220849
0.00186212	21.5603	7.38935e-06	0.214961
0.0018769	20.0069	7.38935e-06	0.208567
0.00189167	18.568	7.38935e-06	0.202321
0.00190645	17.201	7.38935e-06	0.19729
0.00192123	15.8941	7.38935e-06	0.18857
0.00193601	14.5422	7.38935e-06	0.167364
0.00195079	13.4387	7.38935e-06	0.162654
0.00196557	12.3818	7.38935e-06	0.156464
0.00198035	11.347	7.38935e-06	0.151885
0.00199513	10.4468	7.38935e-06	0.14525
0.0020099	9.55324	7.38935e-06	0.136356
0.00202468	8.76434	7.38935e-06	0.131478
0.00203946	7.9996	7.38935e-06	0.125142
0.00205424	7.3193	7.38935e-06	0.121153
0.00206902	6.73599	7.38935e-06	0.117522
0.0020838	6.08566	7.38935e-06	0.0972066
0.00209858	5.4975	7.38935e-06	0.0918193
0.00211336	5.0325	7.38935e-06	0.0893573
0.00212813	4.55165	7.38935e-06	0.0853593
0.00214291	4.11391	7.38935e-06	0.0814661
0.00215769	3.68606	7.38935e-06	0.0752059
0.00217247	3.33036	7.38935e-06	0.071821
0.00218725	2.99729	7.38935e-06	0.0694232
0.00220203	2.65896	7.38935e-06	0.0654914
0.00221681	2.34808	7.38935e-06	0.0597416
0.00223158	2.12016	7.38935e-06	0.0573066
0.00224636	1.87058	7.38935e-06	0.0546917
0.00226114	1.65756	7.38935e-06	0.0523437
0.00227592	1.4341	7.38935e-06	0.0487267
0.0022907	1.26241	7.38935e-06	0.0467836
0.00230548	1.11049	7.38935e-06	0.0436369
0.00232026	0.956997	7.38935e-06	0.0409342
0.00233504	0.817574	7.38935e-06	0.0378965
0.00234981	0.700014	7.38935e-06	0.0362504
0.00236459	0.590645	7.38935e-06	0.0345848
0.00237937	0.4443	7.38935e-06	0.0243924
0.00239415	0.36884	7.38935e-06	0.0226837
0.00240893	0.303917	7.38935e-06	0.0209596
0.00242371	0.247752	7.38935e-06	0.0195901
0.00243849	0.179797	7.38935e-06	0.0145013
0.00245327	0.138767	7.38935e-06	0.0127348
0.00246804	0.103437	7.38935e-06	0.0109687
0.00248282	0.0754149	7.38935e-06	0.00981352
0.0024976	0.045982	7.38935e-06	0.00727491
0.00251238	0.0334488	7.38935e-06	0.00618822
0.00252716	0.0258419	7.38935e-06	0.00565681
0.00254194	0.0177456	7.38935e-06	0.00436007
0.00255672	0.0111813	7.38935e-06	0.00375462
0.0025715	0.00403503	7.38935e-06	0.00246449
