0	1143.34	7.36955e-06	4.90807
1.47391e-05	1142.2	7.36955e-06	4.30022
2.94782e-05	1141.26	7.36955e-06	4.24781
4.42173e-05	1139.74	7.36955e-06	4.19265
5.89564e-05	1138.09	7.36955e-06	4.15419
7.36955e-05	1135.4	7.36955e-06	4.08042
8.84346e-05	1133.31	7.36955e-06	4.05801
0.000103174	1129.13	7.36955e-06	3.8731
0.000117913	1125.7	7.36955e-06	3.83584
0.000132652	1121.81	7.36955e-06	3.79752
0.000147391	1117.98	7.36955e-06	3.76895
0.00016213	1113.16	7.36955e-06	3.73173
0.000176869	1107.83	7.36955e-06	3.68854
0.000191608	1102.04	7.36955e-06	3.63372
0.000206347	1096.67	7.36955e-06	3.60419
0.000221087	1090.3	7.36955e-06	3.56381
0.000235826	1083.65	7.36955e-06	3.52857
0.000250565	1076.87	7.36955e-06	3.49753
0.000265304	1069.09	7.36955e-06	3.44741
0.000280043	1061.2	7.36955e-06	3.41033
0.000294782	1053.16	7.36955e-06	3.3729
0.000309521	1044.68	7.36955e-06	3.33335
0.00032426	1035.59	7.36955e-06	3.27676
0.000338999	1026.21	7.36955e-06	3.23478
0.000353738	1016.11	7.36955e-06	3.17876
0.000368478	1004.58	7.36955e-06	2.86215
0.000383217	994.491	7.36955e-06	2.82379
0.000397956	984.189	7.36955e-06	2.78773
0.000412695	972.435	7.36955e-06	2.6962
0.000427434	960.936	7.36955e-06	2.63771
0.000442173	949.716	7.36955e-06	2.59944
0.000456912	938.115	7.36955e-06	2.55544
0.000471651	925.914	7.36955e-06	2.51387
0.00048639	913.209	7.36955e-06	2.46765
0.000501129	900.812	7.36955e-06	2.4292
0.000515869	888.564	7.36955e-06	2.39157
0.000530608	876.206	7.36955e-06	2.35351
0.000545347	862.958	7.36955e-06	2.30904
0.000560086	849.503	7.36955e-06	2.26593
0.000574825	835.922	7.36955e-06	2.2267
0.000589564	822.031	7.36955e-06	2.18296
0.000604303	807.879	7.36955e-06	2.13697
0.000619042	793.648	7.36955e-06	2.09329
0.000633781	779.593	7.36955e-06	2.05506
0.00064852	764.954	7.36955e-06	2.00051
0.00066326	750.433	7.36955e-06	1.9594
0.000677999	735.744	7.36955e-06	1.91848
0.000692738	720.9	7.36955e-06	1.87725
0.000707477	706.215	7.36955e-06	1.83639
0.000722216	691.779	7.36955e-06	1.8013
0.000736955	676.625	7.36955e-06	1.75045
0.000751694	661.865	7.36955e-06	1.7124
0.000766433	647.321	7.36955e-06	1.67765
0.000781172	632.564	7.36955e-06	1.64077
0.000795911	617.78	7.36955e-06	1.60385
0.000810651	602.814	7.36955e-06	1.56278
0.00082539	588.319	7.36955e-06	1.53047
0.000840129	573.591	7.36955e-06	1.49792
0.000854868	558.668	7.36955e-06	1.4618
0.000869607	543.829	7.36955e-06	1.41594
0.000884346	529.257	7.36955e-06	1.34992
0.000899085	515.06	7.36955e-06	1.31824
0.000913824	500.623	7.36955e-06	1.28359
0.000928563	486.198	7.36955e-06	1.25116
0.000943302	471.889	7.36955e-06	1.21434
0.000958042	457.827	7.36955e-06	1.18393
0.000972781	443.877	7.36955e-06	1.14989
0.00098752	430.396	7.36955e-06	1.11847
0.00100226	417.292	7.36955e-06	1.09172
0.001017	404.083	7.36955e-06	1.06287
0.00103174	391.124	7.36955e-06	1.03262
0.00104648	378.031	7.36955e-06	1.00376
0.00106122	365.423	7.36955e-06	0.97704
0.00107595	352.761	7.36955e-06	0.934145
0.00109069	340.53	7.36955e-06	0.90759
0.00110543	328.412	7.36955e-06	0.882697
0.00112017	316.695	7.36955e-06	0.859746
0.00113491	305.15	7.36955e-06	0.83625
0.00114965	293.827	7.36955e-06	0.81468
0.00116439	282.478	7.36955e-06	0.773015
0.00117913	271.782	7.36955e-06	0.75206
0.00119387	261.032	7.36955e-06	0.717061
0.00120861	250.884	7.36955e-06	0.697316
0.00122335	240.627	7.36955e-06	0.677028
0.00123808	230.812	7.36955e-06	0.657756
0.00125282	221.415	7.36955e-06	0.640388
0.00126756	211.77	7.36955e-06	0.587285
0.0012823	202.602	7.36955e-06	0.567282
0.00129704	193.69	7.36955e-06	0.54412
0.00131178	185.312	7.36955e-06	0.52743
0.00132652	177.172	7.36955e-06	0.511208
0.00134126	169.29	7.36955e-06	0.496039
0.001356	161.657	7.36955e-06	0.481131
0.00137074	154.155	7.36955e-06	0.465378
0.00138548	146.824	7.36955e-06	0.432315
0.00140021	139.597	7.36955e-06	0.412722
0.00141495	132.761	7.36955e-06	0.398428
0.00142969	126.214	7.36955e-06	0.384509
0.00144443	119.892	7.36955e-06	0.371474
0.00145917	113.887	7.36955e-06	0.357231
0.00147391	107.945	7.36955e-06	0.342122
0.00148865	102.427	7.36955e-06	0.33062
0.00150339	97.0195	7.36955e-06	0.31848
0.00151813	91.8283	7.36955e-06	0.306788
0.00153287	86.916	7.36955e-06	0.292862
0.00154761	82.1701	7.36955e-06	0.282283
0.00156234	77.4922	7.36955e-06	0.270248
0.00157708	73.0542	7.36955e-06	0.257673
0.00159182	68.8542	7.36955e-06	0.247658
0.00160656	64.7597	7.36955e-06	0.236245
0.0016213	60.9557	7.36955e-06	0.227284
0.00163604	57.3401	7.36955e-06	0.218868
0.00165078	53.9041	7.36955e-06	0.210169
0.00166552	50.6855	7.36955e-06	0.200817
0.00168026	47.598	7.36955e-06	0.193802
0.001695	44.5988	7.36955e-06	0.186994
0.00170974	41.733	7.36955e-06	0.175363
0.00172447	39.0497	7.36955e-06	0.168314
0.00173921	36.5314	7.36955e-06	0.162028
0.00175395	34.1314	7.36955e-06	0.152941
0.00176869	31.8843	7.36955e-06	0.146111
0.00178343	29.681	7.36955e-06	0.138447
0.00179817	27.5987	7.36955e-06	0.13122
0.00181291	25.6579	7.36955e-06	0.125775
0.00182765	23.7874	7.36955e-06	0.113949
0.00184239	22.1174	7.36955e-06	0.109018
0.00185713	20.4908	7.36955e-06	0.104171
0.00187187	19.032	7.36955e-06	0.0991304
0.0018866	17.6033	7.36955e-06	0.0945167
0.00190134	16.2794	7.36955e-06	0.0897684
0.00191608	15.0098	7.36955e-06	0.0849548
0.00193082	13.8524	7.36955e-06	0.0807364
0.00194556	12.7813	7.36955e-06	0.0767971
0.0019603	11.7509	7.36955e-06	0.0727523
0.00197504	10.7803	7.36955e-06	0.0690673
0.00198978	9.90125	7.36955e-06	0.0656543
0.00200452	9.14002	7.36955e-06	0.0626643
0.00201926	8.35094	7.36955e-06	0.0594441
0.002034	7.63426	7.36955e-06	0.056481
0.00204873	6.94853	7.36955e-06	0.0535123
0.00206347	6.33225	7.36955e-06	0.0507343
0.00207821	5.75354	7.36955e-06	0.0478636
0.00209295	5.2119	7.36955e-06	0.0451404
0.00210769	4.73183	7.36955e-06	0.0427941
0.00212243	4.28605	7.36955e-06	0.0404765
0.00213717	3.86039	7.36955e-06	0.0381617
0.00215191	3.46881	7.36955e-06	0.0359435
0.00216665	3.11614	7.36955e-06	0.0338388
0.00218139	2.79556	7.36955e-06	0.0318723
0.00219613	2.51973	7.36955e-06	0.0301074
0.00221087	2.24432	7.36955e-06	0.0282716
0.0022256	2.00437	7.36955e-06	0.0265447
0.00224034	1.76717	7.36955e-06	0.0247804
0.00225508	1.54595	7.36955e-06	0.0229978
0.00226982	1.35187	7.36955e-06	0.0213823
0.00228456	1.19382	7.36955e-06	0.0200009
0.0022993	1.03309	7.36955e-06	0.0184909
0.00231404	0.895246	7.36955e-06	0.0171235
0.00232878	0.77378	7.36955e-06	0.0158359
0.00234352	0.649699	7.36955e-06	0.014421
0.00235826	0.541531	7.36955e-06	0.0130714
0.002373	0.448369	7.36955e-06	0.0118112
0.00238773	0.37545	7.36955e-06	0.0107642
0.00240247	0.309295	7.36955e-06	0.00972966
0.00241721	0.249105	7.36955e-06	0.00870797
0.00243195	0.196437	7.36955e-06	0.00769791
0.00244669	0.155583	7.36955e-06	0.0068243
0.00246143	0.121595	7.36955e-06	0.00601293
0.00247617	0.0914316	7.36955e-06	0.00518447
0.00249091	0.0684445	7.36955e-06	0.00448677
0.00250565	0.0487306	7.36955e-06	0.00378909
0.00252039	0.0301232	7.36955e-06	0.00298132
0.00253513	0.0167049	7.36955e-06	0.002193
0.00254986	0.00680921	7.36955e-06	0.00136328
0.0025646	0.00189639	7.36955e-06	0.000717063
