0	1124.38	7.36418e-06	3.75304
1.47284e-05	1124.12	7.36418e-06	3.71486
2.94567e-05	1123.64	7.36418e-06	3.69758
4.41851e-05	1122.68	7.36418e-06	3.67282
5.89134e-05	1121.58	7.36418e-06	3.65603
7.36418e-05	1119.77	7.36418e-06	3.62633
8.83702e-05	1117.85	7.36418e-06	3.60602
0.000103099	1114.96	7.36418e-06	3.57221
0.000117827	1111.89	7.36418e-06	3.54269
0.000132555	1108.57	7.36418e-06	3.51543
0.000147284	1104.63	7.36418e-06	3.48364
0.000162012	1100.6	7.36418e-06	3.45725
0.00017674	1096.19	7.36418e-06	3.43064
0.000191469	1090.97	7.36418e-06	3.39635
0.000206197	1085.44	7.36418e-06	3.3645
0.000220925	1079.24	7.36418e-06	3.325
0.000235654	1073.11	7.36418e-06	3.29355
0.000250382	1065.67	7.36418e-06	3.24067
0.000265111	1058.38	7.36418e-06	3.1957
0.000279839	1050.49	7.36418e-06	3.13752
0.000294567	1042.31	7.36418e-06	3.09124
0.000309296	1033.92	7.36418e-06	3.0541
0.000324024	1025.86	7.36418e-06	3.02429
0.000338752	1016.34	7.36418e-06	2.97839
0.000353481	1007.49	7.36418e-06	2.94651
0.000368209	998.215	7.36418e-06	2.91088
0.000382937	988.325	7.36418e-06	2.87577
0.000397666	978.14	7.36418e-06	2.84191
0.000412394	967.961	7.36418e-06	2.80905
0.000427122	957.398	7.36418e-06	2.77598
0.000441851	946.585	7.36418e-06	2.74199
0.000456579	935.439	7.36418e-06	2.70932
0.000471308	923.894	7.36418e-06	2.66887
0.000486036	911.996	7.36418e-06	2.63455
0.000500764	900.431	7.36418e-06	2.60361
0.000515493	887.603	7.36418e-06	2.55434
0.000530221	874.861	7.36418e-06	2.51603
0.000544949	862.359	7.36418e-06	2.48419
0.000559678	849	7.36418e-06	2.43621
0.000574406	835.63	7.36418e-06	2.4009
0.000589134	822.357	7.36418e-06	2.36689
0.000603863	808.885	7.36418e-06	2.3269
0.000618591	795.438	7.36418e-06	2.29589
0.00063332	782.005	7.36418e-06	2.26356
0.000648048	767.255	7.36418e-06	2.19786
0.000662776	753.504	7.36418e-06	2.16359
0.000677505	739.33	7.36418e-06	2.12739
0.000692233	724.755	7.36418e-06	2.08909
0.000706961	710.11	7.36418e-06	2.04949
0.00072169	695.932	7.36418e-06	2.01899
0.000736418	681.4	7.36418e-06	1.98627
0.000751146	666.796	7.36418e-06	1.95403
0.000765875	652.237	7.36418e-06	1.91734
0.000780603	637.551	7.36418e-06	1.88371
0.000795332	623.081	7.36418e-06	1.85418
0.00081006	608.544	7.36418e-06	1.81468
0.000824788	594.013	7.36418e-06	1.78283
0.000839517	579.263	7.36418e-06	1.74361
0.000854245	564.787	7.36418e-06	1.71216
0.000868973	550.518	7.36418e-06	1.68383
0.000883702	536.002	7.36418e-06	1.65244
0.00089843	521.907	7.36418e-06	1.62552
0.000913158	507.704	7.36418e-06	1.59403
0.000927887	493.767	7.36418e-06	1.56816
0.000942615	479.126	7.36418e-06	1.43524
0.000957343	465.484	7.36418e-06	1.40623
0.000972072	451.436	7.36418e-06	1.3607
0.0009868	437.924	7.36418e-06	1.32612
0.00100153	424.573	7.36418e-06	1.30023
0.00101626	411.256	7.36418e-06	1.27274
0.00103099	398.343	7.36418e-06	1.24558
0.00104571	385.615	7.36418e-06	1.22145
0.00106044	372.987	7.36418e-06	1.19754
0.00107517	360.49	7.36418e-06	1.1712
0.0010899	347.479	7.36418e-06	1.0425
0.00110463	335.169	7.36418e-06	1.00693
0.00111936	323.373	7.36418e-06	0.982186
0.00113408	311.59	7.36418e-06	0.95039
0.00114881	300.472	7.36418e-06	0.928785
0.00116354	289.507	7.36418e-06	0.904168
0.00117827	278.537	7.36418e-06	0.879829
0.001193	267.547	7.36418e-06	0.848622
0.00120773	257.184	7.36418e-06	0.827736
0.00122245	246.984	7.36418e-06	0.804824
0.00123718	237.062	7.36418e-06	0.784384
0.00125191	227.949	7.36418e-06	0.767283
0.00126664	218.062	7.36418e-06	0.742315
0.00128137	208.751	7.36418e-06	0.720863
0.0012961	199.574	7.36418e-06	0.695535
0.00131082	190.858	7.36418e-06	0.672971
0.00132555	182.761	7.36418e-06	0.656671
0.00134028	174.765	7.36418e-06	0.641381
0.00135501	166.771	7.36418e-06	0.615671
0.00136974	158.978	7.36418e-06	0.597583
0.00138447	151.556	7.36418e-06	0.581342
0.00139919	144.297	7.36418e-06	0.561273
0.00141392	137.385	7.36418e-06	0.545042
0.00142865	130.597	7.36418e-06	0.524368
0.00144338	124.165	7.36418e-06	0.510337
0.00145811	117.779	7.36418e-06	0.490593
0.00147284	111.732	7.36418e-06	0.474595
0.00148756	105.818	7.36418e-06	0.457051
0.00150229	100.179	7.36418e-06	0.442909
0.00151702	95.0764	7.36418e-06	0.429637
0.00153175	89.9108	7.36418e-06	0.411275
0.00154648	85.0508	7.36418e-06	0.400283
0.00156121	80.3868	7.36418e-06	0.390554
0.00157593	75.935	7.36418e-06	0.379224
0.00159066	71.669	7.36418e-06	0.368076
0.00160539	67.6574	7.36418e-06	0.357507
0.00162012	63.5526	7.36418e-06	0.336687
0.00163485	59.8468	7.36418e-06	0.32755
0.00164958	56.3019	7.36418e-06	0.311262
0.0016643	52.7704	7.36418e-06	0.297362
0.00167903	49.5602	7.36418e-06	0.289324
0.00169376	46.4413	7.36418e-06	0.277856
0.00170849	43.4868	7.36418e-06	0.269731
0.00172322	40.7637	7.36418e-06	0.260071
0.00173795	38.0672	7.36418e-06	0.246549
0.00175267	35.4731	7.36418e-06	0.235432
0.0017674	33.1278	7.36418e-06	0.22816
0.00178213	30.853	7.36418e-06	0.220017
0.00179686	28.8431	7.36418e-06	0.213136
0.00181159	26.792	7.36418e-06	0.197002
0.00182632	24.9361	7.36418e-06	0.191544
0.00184105	23.1689	7.36418e-06	0.182426
0.00185577	21.4163	7.36418e-06	0.161201
0.0018705	19.8546	7.36418e-06	0.154195
0.00188523	18.3226	7.36418e-06	0.144766
0.00189996	16.9462	7.36418e-06	0.138767
0.00191469	15.6416	7.36418e-06	0.133156
0.00192942	14.3616	7.36418e-06	0.123522
0.00194414	13.2913	7.36418e-06	0.117825
0.00195887	12.2311	7.36418e-06	0.111774
0.0019736	11.2086	7.36418e-06	0.105903
0.00198833	10.3368	7.36418e-06	0.102297
0.00200306	9.51316	7.36418e-06	0.0982341
0.00201779	8.72622	7.36418e-06	0.0940606
0.00203251	7.96049	7.36418e-06	0.0856311
0.00204724	7.30005	7.36418e-06	0.0822013
0.00206197	6.66403	7.36418e-06	0.0786453
0.0020767	6.05922	7.36418e-06	0.0748726
0.00209143	5.49561	7.36418e-06	0.0698433
0.00210616	5.01086	7.36418e-06	0.066711
0.00212088	4.53326	7.36418e-06	0.0635168
0.00213561	4.10108	7.36418e-06	0.059316
0.00215034	3.71275	7.36418e-06	0.0561569
0.00216507	3.3706	7.36418e-06	0.0538645
0.0021798	3.02473	7.36418e-06	0.0509886
0.00219453	2.71738	7.36418e-06	0.0478101
0.00220925	2.43456	7.36418e-06	0.0457923
0.00222398	2.17929	7.36418e-06	0.0435729
0.00223871	1.93032	7.36418e-06	0.0409378
0.00225344	1.70685	7.36418e-06	0.0381905
0.00226817	1.48883	7.36418e-06	0.0353486
0.0022829	1.28642	7.36418e-06	0.0329259
0.00229762	1.12665	7.36418e-06	0.0300125
0.00231235	0.989804	7.36418e-06	0.028381
0.00232708	0.847467	7.36418e-06	0.0267779
0.00234181	0.722464	7.36418e-06	0.0250049
0.00235654	0.59476	7.36418e-06	0.0196326
0.00237127	0.515709	7.36418e-06	0.0183968
0.00238599	0.428639	7.36418e-06	0.0169073
0.00240072	0.356538	7.36418e-06	0.0153972
0.00241545	0.28283	7.36418e-06	0.0131686
0.00243018	0.233005	7.36418e-06	0.011425
0.00244491	0.176862	7.36418e-06	0.00942843
0.00245964	0.1438	7.36418e-06	0.00848923
0.00247436	0.110078	7.36418e-06	0.00734437
0.00248909	0.0800369	7.36418e-06	0.00631133
0.00250382	0.0543207	7.36418e-06	0.00515463
0.00251855	0.0343664	7.36418e-06	0.00385513
0.00253328	0.0180517	7.36418e-06	0.0027362
0.00254801	0.00847371	7.36418e-06	0.00190508
0.00256273	0.00291796	7.36418e-06	0.0010542
