0	1133.21	7.37161e-06	4.18232
1.47432e-05	1132.95	7.37161e-06	4.14513
2.94864e-05	1132.33	7.37161e-06	4.11916
4.42297e-05	1131.29	7.37161e-06	4.09246
5.89729e-05	1129.94	7.37161e-06	4.07053
7.37161e-05	1127.34	7.37161e-06	4.00339
8.84593e-05	1124.46	7.37161e-06	3.9587
0.000103203	1120.51	7.37161e-06	3.82565
0.000117946	1116.96	7.37161e-06	3.78518
0.000132689	1113.41	7.37161e-06	3.7558
0.000147432	1109.03	7.37161e-06	3.71514
0.000162175	1104.54	7.37161e-06	3.67897
0.000176919	1099.9	7.37161e-06	3.65019
0.000191662	1094.54	7.37161e-06	3.61459
0.000206405	1088.91	7.37161e-06	3.57776
0.000221148	1082.5	7.37161e-06	3.53734
0.000235892	1076.57	7.37161e-06	3.50982
0.000250635	1069.69	7.37161e-06	3.47628
0.000265378	1062.41	7.37161e-06	3.43924
0.000280121	1054.68	7.37161e-06	3.40517
0.000294864	1046.85	7.37161e-06	3.37262
0.000309608	1038.2	7.37161e-06	3.33573
0.000324351	1029.67	7.37161e-06	3.30433
0.000339094	1021.22	7.37161e-06	3.27602
0.000353837	1012.31	7.37161e-06	3.24505
0.000368581	1003.08	7.37161e-06	3.21575
0.000383324	992.686	7.37161e-06	3.17382
0.000398067	982.224	7.37161e-06	3.13686
0.00041281	971.664	7.37161e-06	3.10504
0.000427553	960.649	7.37161e-06	3.06127
0.000442297	949.389	7.37161e-06	3.02611
0.00045704	936.899	7.37161e-06	2.85144
0.000471783	925.499	7.37161e-06	2.81591
0.000486526	913.677	7.37161e-06	2.7816
0.00050127	901.274	7.37161e-06	2.74556
0.000516013	888.932	7.37161e-06	2.71268
0.000530756	876.179	7.37161e-06	2.67919
0.000545499	863.211	7.37161e-06	2.64382
0.000560243	850.176	7.37161e-06	2.61189
0.000574986	836.43	7.37161e-06	2.57129
0.000589729	822.536	7.37161e-06	2.53303
0.000604472	809.42	7.37161e-06	2.50435
0.000619215	795.091	7.37161e-06	2.46579
0.000633959	780.94	7.37161e-06	2.43346
0.000648702	766.631	7.37161e-06	2.39466
0.000663445	752.788	7.37161e-06	2.36445
0.000678188	738.355	7.37161e-06	2.33126
0.000692932	724.22	7.37161e-06	2.29803
0.000707675	709.083	7.37161e-06	2.25587
0.000722418	694.739	7.37161e-06	2.22616
0.000737161	680.277	7.37161e-06	2.19852
0.000751904	665.329	7.37161e-06	2.16603
0.000766648	650.487	7.37161e-06	2.12881
0.000781391	633.667	7.37161e-06	1.67184
0.000796134	619.086	7.37161e-06	1.63727
0.000810877	604.508	7.37161e-06	1.60386
0.000825621	589.372	7.37161e-06	1.53882
0.000840364	574.563	7.37161e-06	1.49763
0.000855107	559.868	7.37161e-06	1.45993
0.00086985	545.5	7.37161e-06	1.42824
0.000884593	531.287	7.37161e-06	1.3969
0.000899337	516.89	7.37161e-06	1.3617
0.00091408	502.728	7.37161e-06	1.32954
0.000928823	488.452	7.37161e-06	1.2964
0.000943566	474.533	7.37161e-06	1.26627
0.00095831	460.804	7.37161e-06	1.23606
0.000973053	447.138	7.37161e-06	1.20618
0.000987796	433.212	7.37161e-06	1.17374
0.00100254	419.915	7.37161e-06	1.14415
0.00101728	406.825	7.37161e-06	1.11582
0.00103203	393.554	7.37161e-06	1.07984
0.00104677	380.621	7.37161e-06	1.05042
0.00106151	368.235	7.37161e-06	1.02474
0.00107626	355.384	7.37161e-06	0.9933
0.001091	343.143	7.37161e-06	0.966382
0.00110574	331.248	7.37161e-06	0.942491
0.00112049	319.214	7.37161e-06	0.903041
0.00113523	307.566	7.37161e-06	0.875626
0.00114997	296.137	7.37161e-06	0.84752
0.00116471	284.942	7.37161e-06	0.822388
0.00117946	273.923	7.37161e-06	0.789508
0.0011942	263.526	7.37161e-06	0.769124
0.00120894	253.327	7.37161e-06	0.748601
0.00122369	243.065	7.37161e-06	0.723319
0.00123843	233.368	7.37161e-06	0.704668
0.00125317	223.789	7.37161e-06	0.684734
0.00126792	214.548	7.37161e-06	0.664437
0.00128266	205.422	7.37161e-06	0.64492
0.0012974	196.508	7.37161e-06	0.625482
0.00131215	187.929	7.37161e-06	0.604506
0.00132689	179.594	7.37161e-06	0.587903
0.00134163	171.54	7.37161e-06	0.571694
0.00135638	163.646	7.37161e-06	0.55569
0.00137112	155.943	7.37161e-06	0.535331
0.00138586	148.785	7.37161e-06	0.521057
0.00140061	141.907	7.37161e-06	0.507939
0.00141535	134.734	7.37161e-06	0.48324
0.00143009	128.041	7.37161e-06	0.46002
0.00144484	121.854	7.37161e-06	0.447283
0.00145958	115.67	7.37161e-06	0.433293
0.00147432	109.765	7.37161e-06	0.421869
0.00148907	104.068	7.37161e-06	0.409304
0.00150381	98.71	7.37161e-06	0.399047
0.00151855	93.3196	7.37161e-06	0.364759
0.0015333	88.2581	7.37161e-06	0.353749
0.00154804	83.5381	7.37161e-06	0.343772
0.00156278	78.9573	7.37161e-06	0.333582
0.00157752	74.5317	7.37161e-06	0.325004
0.00159227	70.2258	7.37161e-06	0.309929
0.00160701	66.2141	7.37161e-06	0.300526
0.00162175	62.2693	7.37161e-06	0.291529
0.0016365	58.5325	7.37161e-06	0.269266
0.00165124	55.0356	7.37161e-06	0.260435
0.00166598	51.5948	7.37161e-06	0.247256
0.00168073	48.4035	7.37161e-06	0.237194
0.00169547	45.4845	7.37161e-06	0.230131
0.00171021	42.6656	7.37161e-06	0.224088
0.00172496	39.9384	7.37161e-06	0.215811
0.0017397	37.2704	7.37161e-06	0.206713
0.00175444	34.8793	7.37161e-06	0.200693
0.00176919	32.5806	7.37161e-06	0.194897
0.00178393	30.3732	7.37161e-06	0.187193
0.00179867	28.16	7.37161e-06	0.155585
0.00181342	26.1633	7.37161e-06	0.149535
0.00182816	24.3571	7.37161e-06	0.14448
0.0018429	22.6084	7.37161e-06	0.138277
0.00185765	20.9846	7.37161e-06	0.130316
0.00187239	19.4531	7.37161e-06	0.125106
0.00188713	18.0293	7.37161e-06	0.120208
0.00190188	16.7094	7.37161e-06	0.115808
0.00191662	15.4201	7.37161e-06	0.110706
0.00193136	14.269	7.37161e-06	0.106499
0.00194611	13.1266	7.37161e-06	0.101703
0.00196085	12.0809	7.37161e-06	0.0981028
0.00197559	11.0951	7.37161e-06	0.0901264
0.00199034	10.2255	7.37161e-06	0.0869951
0.00200508	9.36298	7.37161e-06	0.0813657
0.00201982	8.57815	7.37161e-06	0.0742254
0.00203456	7.82589	7.37161e-06	0.0680278
0.00204931	7.17802	7.37161e-06	0.0645027
0.00206405	6.5566	7.37161e-06	0.0602354
0.00207879	5.99702	7.37161e-06	0.0575749
0.00209354	5.4596	7.37161e-06	0.0545244
0.00210828	4.96696	7.37161e-06	0.0519671
0.00212302	4.47956	7.37161e-06	0.049151
0.00213777	4.03691	7.37161e-06	0.0452217
0.00215251	3.65075	7.37161e-06	0.0429935
0.00216725	3.30295	7.37161e-06	0.0406898
0.002182	2.97027	7.37161e-06	0.0385346
0.00219674	2.64811	7.37161e-06	0.036226
0.00221148	2.35025	7.37161e-06	0.0332758
0.00222623	2.10365	7.37161e-06	0.0312369
0.00224097	1.84234	7.37161e-06	0.0288627
0.00225571	1.63596	7.37161e-06	0.0261227
0.00227046	1.44794	7.37161e-06	0.0244819
0.0022852	1.26193	7.37161e-06	0.0225687
0.00229994	1.11555	7.37161e-06	0.0209657
0.00231469	0.960415	7.37161e-06	0.0191729
0.00232943	0.812357	7.37161e-06	0.0173939
0.00234417	0.69342	7.37161e-06	0.0159339
0.00235892	0.604995	7.37161e-06	0.0148412
0.00237366	0.511175	7.37161e-06	0.0135216
0.0023884	0.433712	7.37161e-06	0.0123536
0.00240315	0.352343	7.37161e-06	0.0110571
0.00241789	0.288869	7.37161e-06	0.0100133
0.00243263	0.23603	7.37161e-06	0.00897035
0.00244738	0.184467	7.37161e-06	0.00787324
0.00246212	0.142327	7.37161e-06	0.00685398
0.00247686	0.109354	7.37161e-06	0.00596161
0.0024916	0.0757961	7.37161e-06	0.00493616
0.00250635	0.0497657	7.37161e-06	0.00397492
0.00252109	0.0320815	7.37161e-06	0.00314067
0.00253583	0.0172065	7.37161e-06	0.00227147
0.00255058	0.00896273	7.37161e-06	0.00164177
0.00256532	0.00270092	7.37161e-06	0.000902521
