0	1139.58	7.36471e-06	3.86534
1.47294e-05	1139.28	7.36471e-06	3.80995
2.94589e-05	1138.53	7.36471e-06	3.76637
4.41883e-05	1137.4	7.36471e-06	3.73156
5.89177e-05	1135.78	7.36471e-06	3.68378
7.36471e-05	1133.88	7.36471e-06	3.64663
8.83766e-05	1131.74	7.36471e-06	3.62015
0.000103106	1129	7.36471e-06	3.58764
0.000117835	1125.23	7.36471e-06	3.54158
0.000132565	1121.42	7.36471e-06	3.50384
0.000147294	1116.79	7.36471e-06	3.4542
0.000162024	1112.86	7.36471e-06	3.4257
0.000176753	1107.83	7.36471e-06	3.38603
0.000191483	1102.94	7.36471e-06	3.35381
0.000206212	1097.38	7.36471e-06	3.31981
0.000220941	1091.26	7.36471e-06	3.28263
0.000235671	1084.68	7.36471e-06	3.24492
0.0002504	1077.85	7.36471e-06	3.20808
0.00026513	1070.48	7.36471e-06	3.16995
0.000279859	1062.2	7.36471e-06	3.12524
0.000294589	1053.83	7.36471e-06	3.08239
0.000309318	1045.14	7.36471e-06	3.04178
0.000324047	1036	7.36471e-06	3.0013
0.000338777	1026.72	7.36471e-06	2.96286
0.000353506	1017.25	7.36471e-06	2.92497
0.000368236	1007.66	7.36471e-06	2.8877
0.000382965	996.985	7.36471e-06	2.84284
0.000397695	985.96	7.36471e-06	2.79543
0.000412424	975.028	7.36471e-06	2.75558
0.000427153	963.997	7.36471e-06	2.71771
0.000441883	952.06	7.36471e-06	2.66082
0.000456612	939.744	7.36471e-06	2.61127
0.000471342	927.471	7.36471e-06	2.56919
0.000486071	915.4	7.36471e-06	2.53248
0.000500801	903.147	7.36471e-06	2.49556
0.00051553	890.363	7.36471e-06	2.45679
0.000530259	877.506	7.36471e-06	2.40773
0.000544989	863.51	7.36471e-06	2.31148
0.000559718	850.172	7.36471e-06	2.27234
0.000574448	836.45	7.36471e-06	2.22871
0.000589177	822.407	7.36471e-06	2.18717
0.000603907	808.273	7.36471e-06	2.13372
0.000618636	793.747	7.36471e-06	2.08951
0.000633365	779.241	7.36471e-06	2.04591
0.000648095	764.991	7.36471e-06	2.00476
0.000662824	750.773	7.36471e-06	1.96569
0.000677554	736.253	7.36471e-06	1.92665
0.000692283	721.917	7.36471e-06	1.88982
0.000707013	706.842	7.36471e-06	1.84773
0.000721742	692.396	7.36471e-06	1.81309
0.000736471	677.662	7.36471e-06	1.77736
0.000751201	662.579	7.36471e-06	1.73204
0.00076593	647.88	7.36471e-06	1.6976
0.00078066	633.268	7.36471e-06	1.66329
0.000795389	618.248	7.36471e-06	1.62392
0.000810119	603.539	7.36471e-06	1.58952
0.000824848	588.12	7.36471e-06	1.49341
0.000839577	573.619	7.36471e-06	1.46016
0.000854307	558.616	7.36471e-06	1.42128
0.000869036	544.24	7.36471e-06	1.38557
0.000883766	529.388	7.36471e-06	1.31285
0.000898495	515.007	7.36471e-06	1.27871
0.000913225	500.701	7.36471e-06	1.2448
0.000927954	486.487	7.36471e-06	1.21086
0.000942683	472.465	7.36471e-06	1.1799
0.000957413	458.113	7.36471e-06	1.1423
0.000972142	444.367	7.36471e-06	1.11177
0.000986872	430.843	7.36471e-06	1.08112
0.0010016	417.442	7.36471e-06	1.05144
0.00101633	404.081	7.36471e-06	1.02149
0.00103106	390.99	7.36471e-06	0.993425
0.00104579	377.812	7.36471e-06	0.963732
0.00106052	365.412	7.36471e-06	0.938411
0.00107525	353.03	7.36471e-06	0.91226
0.00108998	340.588	7.36471e-06	0.864904
0.00110471	328.613	7.36471e-06	0.839187
0.00111944	316.907	7.36471e-06	0.815297
0.00113417	305.521	7.36471e-06	0.791727
0.0011489	294.329	7.36471e-06	0.768914
0.00116362	283.082	7.36471e-06	0.744309
0.00117835	272.348	7.36471e-06	0.723012
0.00119308	261.769	7.36471e-06	0.701276
0.00120781	251.452	7.36471e-06	0.671932
0.00122254	241.245	7.36471e-06	0.64647
0.00123727	231.385	7.36471e-06	0.62645
0.001252	221.772	7.36471e-06	0.601372
0.00126673	212.308	7.36471e-06	0.580743
0.00128146	203.234	7.36471e-06	0.561046
0.00129619	194.317	7.36471e-06	0.539874
0.00131092	185.725	7.36471e-06	0.520964
0.00132565	177.519	7.36471e-06	0.503811
0.00134038	169.493	7.36471e-06	0.48605
0.00135511	161.372	7.36471e-06	0.462479
0.00136984	153.933	7.36471e-06	0.447081
0.00138457	146.733	7.36471e-06	0.432752
0.0013993	139.658	7.36471e-06	0.41855
0.00141403	132.802	7.36471e-06	0.404523
0.00142875	126.336	7.36471e-06	0.389697
0.00144348	120.056	7.36471e-06	0.376303
0.00145821	113.606	7.36471e-06	0.352957
0.00147294	107.971	7.36471e-06	0.342187
0.00148767	102.3	7.36471e-06	0.330315
0.0015024	96.8141	7.36471e-06	0.301035
0.00151713	91.627	7.36471e-06	0.289178
0.00153186	86.7154	7.36471e-06	0.277751
0.00154659	82.0377	7.36471e-06	0.26752
0.00156132	77.4345	7.36471e-06	0.257127
0.00157605	73.0624	7.36471e-06	0.246529
0.00159078	68.9558	7.36471e-06	0.237658
0.00160551	64.9536	7.36471e-06	0.227559
0.00162024	61.2189	7.36471e-06	0.219004
0.00163497	57.6691	7.36471e-06	0.211145
0.0016497	54.1954	7.36471e-06	0.202997
0.00166443	50.8829	7.36471e-06	0.195271
0.00167915	47.8025	7.36471e-06	0.187881
0.00169388	44.7458	7.36471e-06	0.180332
0.00170861	41.7962	7.36471e-06	0.162486
0.00172334	39.1368	7.36471e-06	0.15549
0.00173807	36.5667	7.36471e-06	0.148159
0.0017528	34.1646	7.36471e-06	0.140177
0.00176753	31.8585	7.36471e-06	0.134279
0.00178226	29.7421	7.36471e-06	0.128555
0.00179699	27.6837	7.36471e-06	0.122905
0.00181172	25.819	7.36471e-06	0.117811
0.00182645	23.9617	7.36471e-06	0.112368
0.00184118	22.2759	7.36471e-06	0.10754
0.00185591	20.7456	7.36471e-06	0.103047
0.00187064	19.2141	7.36471e-06	0.0974699
0.00188537	17.8311	7.36471e-06	0.0930034
0.0019001	16.4897	7.36471e-06	0.0885516
0.00191483	15.2192	7.36471e-06	0.0839239
0.00192956	14.0714	7.36471e-06	0.080136
0.00194428	12.9393	7.36471e-06	0.0761966
0.00195901	11.9255	7.36471e-06	0.0725699
0.00197374	10.9666	7.36471e-06	0.069011
0.00198847	10.0917	7.36471e-06	0.0656451
0.0020032	9.25642	7.36471e-06	0.0624493
0.00201793	8.4825	7.36471e-06	0.0593235
0.00203266	7.76203	7.36471e-06	0.0563124
0.00204739	7.09089	7.36471e-06	0.053418
0.00206212	6.47078	7.36471e-06	0.0506692
0.00207685	5.89669	7.36471e-06	0.0480267
0.00209158	5.35647	7.36471e-06	0.0455211
0.00210631	4.83634	7.36471e-06	0.0429493
0.00212104	4.38447	7.36471e-06	0.0406357
0.00213577	3.96749	7.36471e-06	0.038396
0.0021505	3.57809	7.36471e-06	0.0362406
0.00216523	3.22718	7.36471e-06	0.0341829
0.00217996	2.88434	7.36471e-06	0.0321338
0.00219468	2.59105	7.36471e-06	0.0302928
0.00220941	2.31409	7.36471e-06	0.0284669
0.00222414	2.04735	7.36471e-06	0.0265903
0.00223887	1.83313	7.36471e-06	0.0250229
0.0022536	1.61115	7.36471e-06	0.0233114
0.00226833	1.42105	7.36471e-06	0.0217712
0.00228306	1.25316	7.36471e-06	0.0203437
0.00229779	1.10181	7.36471e-06	0.0189711
0.00231252	0.949859	7.36471e-06	0.0175247
0.00232725	0.8185	7.36471e-06	0.0161923
0.00234198	0.708912	7.36471e-06	0.0150207
0.00235671	0.611425	7.36471e-06	0.0138905
0.00237144	0.513496	7.36471e-06	0.0126714
0.00238617	0.427102	7.36471e-06	0.011529
0.0024009	0.354599	7.36471e-06	0.0104541
0.00241563	0.286275	7.36471e-06	0.00935448
0.00243036	0.231726	7.36471e-06	0.00841378
0.00244509	0.177535	7.36471e-06	0.0073416
0.00245981	0.131146	7.36471e-06	0.00630001
0.00247454	0.0998439	7.36471e-06	0.00550809
0.00248927	0.0715922	7.36471e-06	0.00469424
0.002504	0.0481251	7.36471e-06	0.00390778
0.00251873	0.033093	7.36471e-06	0.0033267
0.00253346	0.0208674	7.36471e-06	0.0027669
0.00254819	0.00854945	7.36471e-06	0.00153747
0.00256292	0.00267349	7.36471e-06	0.000845963
