0	1128.7	7.37863e-06	3.85374
1.47573e-05	1128.7	7.37863e-06	3.85374
2.95145e-05	1128	7.37863e-06	3.81643
4.42718e-05	1127.19	7.37863e-06	3.79963
5.9029e-05	1125.45	7.37863e-06	3.75893
7.37863e-05	1123.3	7.37863e-06	3.7099
8.85435e-05	1121.02	7.37863e-06	3.68078
0.000103301	1118.29	7.37863e-06	3.65101
0.000118058	1115.19	7.37863e-06	3.62053
0.000132815	1111.06	7.37863e-06	3.55997
0.000147573	1107.28	7.37863e-06	3.52901
0.00016233	1103.11	7.37863e-06	3.50118
0.000177087	1098.44	7.37863e-06	3.46943
0.000191844	1093.07	7.37863e-06	3.4317
0.000206602	1087.75	7.37863e-06	3.40247
0.000221359	1081.89	7.37863e-06	3.36481
0.000236116	1075.95	7.37863e-06	3.33749
0.000250873	1068.91	7.37863e-06	3.29803
0.000265631	1062.13	7.37863e-06	3.26927
0.000280388	1054.3	7.37863e-06	3.2255
0.000295145	1046.57	7.37863e-06	3.19423
0.000309902	1038.16	7.37863e-06	3.15764
0.00032466	1029.59	7.37863e-06	3.12136
0.000339417	1021.06	7.37863e-06	3.08975
0.000354174	1010.91	7.37863e-06	3.01259
0.000368931	1000.37	7.37863e-06	2.9204
0.000383689	990.427	7.37863e-06	2.88364
0.000398446	980.416	7.37863e-06	2.85087
0.000413203	970.279	7.37863e-06	2.81547
0.00042796	959.404	7.37863e-06	2.77793
0.000442718	947.901	7.37863e-06	2.72934
0.000457475	936.481	7.37863e-06	2.69132
0.000472232	924.703	7.37863e-06	2.65213
0.000486989	912.645	7.37863e-06	2.5993
0.000501747	900.145	7.37863e-06	2.5575
0.000516504	887.299	7.37863e-06	2.50424
0.000531261	874.537	7.37863e-06	2.46548
0.000546019	861.498	7.37863e-06	2.41
0.000560776	848.379	7.37863e-06	2.37358
0.000575533	834.629	7.37863e-06	2.32731
0.00059029	820.804	7.37863e-06	2.28539
0.000605048	807.088	7.37863e-06	2.24688
0.000619805	791.911	7.37863e-06	2.13962
0.000634562	777.756	7.37863e-06	2.10142
0.000649319	763.352	7.37863e-06	2.05243
0.000664077	749.61	7.37863e-06	2.0176
0.000678834	735.364	7.37863e-06	1.98143
0.000693591	721.003	7.37863e-06	1.94494
0.000708348	706.832	7.37863e-06	1.91119
0.000723106	692.423	7.37863e-06	1.87432
0.000737863	677.982	7.37863e-06	1.84046
0.00075262	663.518	7.37863e-06	1.8071
0.000767377	649.109	7.37863e-06	1.77357
0.000782135	634.196	7.37863e-06	1.71418
0.000796892	619.404	7.37863e-06	1.67766
0.000811649	604.83	7.37863e-06	1.63988
0.000826406	590.536	7.37863e-06	1.60705
0.000841164	575.982	7.37863e-06	1.573
0.000855921	561.529	7.37863e-06	1.5397
0.000870678	547.047	7.37863e-06	1.50292
0.000885435	532.578	7.37863e-06	1.46987
0.000900193	518.164	7.37863e-06	1.43783
0.00091495	503.895	7.37863e-06	1.40664
0.000929707	490.074	7.37863e-06	1.37769
0.000944464	475.821	7.37863e-06	1.34076
0.000959222	461.925	7.37863e-06	1.31145
0.000973979	448.103	7.37863e-06	1.2819
0.000988736	434.405	7.37863e-06	1.2504
0.00100349	421.153	7.37863e-06	1.22318
0.00101825	408.13	7.37863e-06	1.19682
0.00103301	394.9	7.37863e-06	1.16843
0.00104777	382.16	7.37863e-06	1.14457
0.00106252	369.298	7.37863e-06	1.11609
0.00107728	356.725	7.37863e-06	1.09104
0.00109204	344.437	7.37863e-06	1.06677
0.00110679	332.595	7.37863e-06	1.04135
0.00112155	320.53	7.37863e-06	1.00265
0.00113631	308.786	7.37863e-06	0.978143
0.00115107	297.438	7.37863e-06	0.951452
0.00116582	286.382	7.37863e-06	0.93026
0.00118058	275.037	7.37863e-06	0.897103
0.00119534	264.314	7.37863e-06	0.874743
0.0012101	253.973	7.37863e-06	0.851912
0.00122485	243.58	7.37863e-06	0.822031
0.00123961	233.867	7.37863e-06	0.803199
0.00125437	224.124	7.37863e-06	0.781603
0.00126912	214.738	7.37863e-06	0.762828
0.00128388	205.652	7.37863e-06	0.746051
0.00129864	196.966	7.37863e-06	0.730573
0.0013134	188.318	7.37863e-06	0.711733
0.00132815	179.889	7.37863e-06	0.687244
0.00134291	171.645	7.37863e-06	0.658221
0.00135767	163.878	7.37863e-06	0.642502
0.00137242	156.303	7.37863e-06	0.628136
0.00138718	148.418	7.37863e-06	0.559151
0.00140194	141.122	7.37863e-06	0.534969
0.0014167	134.001	7.37863e-06	0.518534
0.00143145	127.46	7.37863e-06	0.505367
0.00144621	121.15	7.37863e-06	0.491044
0.00146097	115.198	7.37863e-06	0.479288
0.00147573	109.402	7.37863e-06	0.467539
0.00149048	103.796	7.37863e-06	0.456002
0.00150524	98.241	7.37863e-06	0.443146
0.00152	92.9485	7.37863e-06	0.429929
0.00153475	87.9759	7.37863e-06	0.419169
0.00154951	83.057	7.37863e-06	0.405218
0.00156427	78.5398	7.37863e-06	0.395477
0.00157903	74.1478	7.37863e-06	0.386335
0.00159378	69.8996	7.37863e-06	0.369041
0.00160854	65.7686	7.37863e-06	0.359115
0.0016233	61.8536	7.37863e-06	0.349889
0.00163806	58.2369	7.37863e-06	0.342667
0.00165281	54.8447	7.37863e-06	0.335414
0.00166757	51.4779	7.37863e-06	0.326348
0.00168233	48.3892	7.37863e-06	0.320108
0.00169708	45.4267	7.37863e-06	0.313711
0.00171184	42.6732	7.37863e-06	0.308345
0.0017266	39.8804	7.37863e-06	0.302491
0.00174136	37.3441	7.37863e-06	0.296851
0.00175611	34.8921	7.37863e-06	0.291031
0.00177087	32.5972	7.37863e-06	0.286591
0.00178563	30.4945	7.37863e-06	0.282866
0.00180039	28.4568	7.37863e-06	0.278022
0.00181514	26.6358	7.37863e-06	0.2749
0.0018299	24.7541	7.37863e-06	0.269948
0.00184466	23.0381	7.37863e-06	0.265677
0.00185941	21.3611	7.37863e-06	0.260964
0.00187417	19.8403	7.37863e-06	0.257821
0.00188893	18.3878	7.37863e-06	0.254888
0.00190369	17.0559	7.37863e-06	0.2519
0.00191844	15.8078	7.37863e-06	0.248892
0.0019332	14.5885	7.37863e-06	0.24604
0.00194796	13.4657	7.37863e-06	0.243316
0.00196272	12.4515	7.37863e-06	0.241457
0.00197747	11.4708	7.37863e-06	0.238124
0.00199223	10.5519	7.37863e-06	0.236479
0.00200699	9.68268	7.37863e-06	0.234392
0.00202174	8.9038	7.37863e-06	0.232872
0.0020365	8.19596	7.37863e-06	0.231483
0.00205126	7.48185	7.37863e-06	0.229622
0.00206602	6.85927	7.37863e-06	0.228422
0.00208077	6.23254	7.37863e-06	0.225783
0.00209553	5.69734	7.37863e-06	0.22476
0.00211029	4.88563	7.37863e-06	0.0581237
0.00212505	4.40572	7.37863e-06	0.055163
0.0021398	3.96571	7.37863e-06	0.0525373
0.00215456	3.56238	7.37863e-06	0.0489416
0.00216932	3.23015	7.37863e-06	0.0464503
0.00218407	2.87273	7.37863e-06	0.0429073
0.00219883	2.56245	7.37863e-06	0.0395517
0.00221359	2.28946	7.37863e-06	0.0375551
0.00222835	2.02218	7.37863e-06	0.0343792
0.0022431	1.81598	7.37863e-06	0.0328149
0.00225786	1.60664	7.37863e-06	0.0311001
0.00227262	1.41369	7.37863e-06	0.0292966
0.00228737	1.24457	7.37863e-06	0.0275545
0.00230213	1.07766	7.37863e-06	0.0255158
0.00231689	0.924725	7.37863e-06	0.020764
0.00233165	0.802929	7.37863e-06	0.0193406
0.0023464	0.687558	7.37863e-06	0.0176895
0.00236116	0.5782	7.37863e-06	0.0160764
0.00237592	0.491817	7.37863e-06	0.0148024
0.00239068	0.412548	7.37863e-06	0.0132618
0.00240543	0.334111	7.37863e-06	0.0118481
0.00242019	0.277457	7.37863e-06	0.0104329
0.00243495	0.227801	7.37863e-06	0.00935004
0.0024497	0.181217	7.37863e-06	0.00829529
0.00246446	0.140949	7.37863e-06	0.00726402
0.00247922	0.100718	7.37863e-06	0.0060213
0.00249398	0.0716962	7.37863e-06	0.00503556
0.00250873	0.0502811	7.37863e-06	0.00418306
0.00252349	0.0321593	7.37863e-06	0.00334612
0.00253825	0.0172128	7.37863e-06	0.00244854
0.00255301	0.00934308	7.37863e-06	0.0018213
0.00256776	0.00294419	7.37863e-06	0.00105521
