0	1123.84	7.37352e-06	3.74862
1.4747e-05	1123.75	7.37352e-06	3.74277
2.94941e-05	1123.33	7.37352e-06	3.72829
4.42411e-05	1122.27	7.37352e-06	3.69941
5.89882e-05	1121.34	7.37352e-06	3.68761
7.37352e-05	1119.72	7.37352e-06	3.66552
8.84823e-05	1117.76	7.37352e-06	3.64367
0.000103229	1114.16	7.37352e-06	3.55498
0.000117976	1111.27	7.37352e-06	3.51729
0.000132723	1107.79	7.37352e-06	3.4868
0.00014747	1103.93	7.37352e-06	3.4523
0.000162217	1099.76	7.37352e-06	3.4228
0.000176965	1094.62	7.37352e-06	3.37829
0.000191712	1089.11	7.37352e-06	3.33338
0.000206459	1083.67	7.37352e-06	3.29761
0.000221206	1078.25	7.37352e-06	3.27017
0.000235953	1071.88	7.37352e-06	3.23125
0.0002507	1064.86	7.37352e-06	3.19135
0.000265447	1057.94	7.37352e-06	3.15805
0.000280194	1050.38	7.37352e-06	3.12276
0.000294941	1042.78	7.37352e-06	3.08735
0.000309688	1034.9	7.37352e-06	3.05412
0.000324435	1026.55	7.37352e-06	3.02174
0.000339182	1018.02	7.37352e-06	2.98809
0.000353929	1007.8	7.37352e-06	2.91378
0.000368676	998.36	7.37352e-06	2.8745
0.000383423	988.685	7.37352e-06	2.83846
0.00039817	978.18	7.37352e-06	2.79461
0.000412917	968.011	7.37352e-06	2.7615
0.000427664	957.345	7.37352e-06	2.72201
0.000442411	946.605	7.37352e-06	2.68846
0.000457158	935.26	7.37352e-06	2.65037
0.000471905	923.352	7.37352e-06	2.60224
0.000486652	911.442	7.37352e-06	2.5644
0.000501399	899.028	7.37352e-06	2.52378
0.000516147	886.825	7.37352e-06	2.48882
0.000530894	874.625	7.37352e-06	2.45419
0.000545641	862.118	7.37352e-06	2.41389
0.000560388	848.899	7.37352e-06	2.37385
0.000575135	835.613	7.37352e-06	2.33787
0.000589882	822.227	7.37352e-06	2.29949
0.000604629	809.104	7.37352e-06	2.2637
0.000619376	794.941	7.37352e-06	2.21713
0.000634123	780.999	7.37352e-06	2.17319
0.00064887	767.009	7.37352e-06	2.13614
0.000663617	752.768	7.37352e-06	2.08028
0.000678364	738.874	7.37352e-06	2.04694
0.000693111	724.717	7.37352e-06	2.01371
0.000707858	710.539	7.37352e-06	1.97526
0.000722605	695.746	7.37352e-06	1.93565
0.000737352	681.309	7.37352e-06	1.89941
0.000752099	666.892	7.37352e-06	1.86617
0.000766846	652.071	7.37352e-06	1.82697
0.000781593	637.874	7.37352e-06	1.79349
0.00079634	622.959	7.37352e-06	1.75735
0.000811087	607.956	7.37352e-06	1.72031
0.000825834	593.176	7.37352e-06	1.6841
0.000840581	578.272	7.37352e-06	1.65089
0.000855328	563.568	7.37352e-06	1.61694
0.000870076	549.392	7.37352e-06	1.58742
0.000884823	534.319	7.37352e-06	1.52481
0.00089957	519.794	7.37352e-06	1.48338
0.000914317	506.078	7.37352e-06	1.45299
0.000929064	491.662	7.37352e-06	1.37692
0.000943811	477.789	7.37352e-06	1.34554
0.000958558	463.978	7.37352e-06	1.31313
0.000973305	449.949	7.37352e-06	1.27616
0.000988052	436.597	7.37352e-06	1.2479
0.0010028	423.22	7.37352e-06	1.22017
0.00101755	409.944	7.37352e-06	1.19062
0.00103229	396.631	7.37352e-06	1.15717
0.00104704	383.803	7.37352e-06	1.13074
0.00106179	371.171	7.37352e-06	1.1041
0.00107653	358.139	7.37352e-06	1.07014
0.00109128	345.86	7.37352e-06	1.03342
0.00110603	333.83	7.37352e-06	0.998834
0.00112078	321.791	7.37352e-06	0.958539
0.00113552	310.074	7.37352e-06	0.932739
0.00115027	299.025	7.37352e-06	0.91016
0.00116502	287.852	7.37352e-06	0.88217
0.00117976	277.157	7.37352e-06	0.860877
0.00119451	266.54	7.37352e-06	0.839429
0.00120926	255.87	7.37352e-06	0.815536
0.001224	245.717	7.37352e-06	0.791832
0.00123875	235.605	7.37352e-06	0.768739
0.0012535	226.126	7.37352e-06	0.749959
0.00126825	216.829	7.37352e-06	0.729857
0.00128299	207.645	7.37352e-06	0.710787
0.00129774	198.702	7.37352e-06	0.691081
0.00131249	190.233	7.37352e-06	0.673488
0.00132723	181.802	7.37352e-06	0.653806
0.00134198	173.383	7.37352e-06	0.632136
0.00135673	165.272	7.37352e-06	0.605638
0.00137147	157.766	7.37352e-06	0.58966
0.00138622	150.247	7.37352e-06	0.5723
0.00140097	142.858	7.37352e-06	0.544415
0.00141572	135.97	7.37352e-06	0.529624
0.00143046	128.958	7.37352e-06	0.468161
0.00144521	122.736	7.37352e-06	0.455128
0.00145996	116.547	7.37352e-06	0.438958
0.0014747	110.6	7.37352e-06	0.424951
0.00148945	104.855	7.37352e-06	0.410994
0.0015042	99.4275	7.37352e-06	0.396878
0.00151895	94.0893	7.37352e-06	0.38416
0.00153369	89.0882	7.37352e-06	0.369892
0.00154844	84.3161	7.37352e-06	0.357931
0.00156319	79.6072	7.37352e-06	0.345734
0.00157793	75.1278	7.37352e-06	0.333149
0.00159268	70.7674	7.37352e-06	0.316551
0.00160743	66.795	7.37352e-06	0.30719
0.00162217	62.9699	7.37352e-06	0.297068
0.00163692	59.2666	7.37352e-06	0.283245
0.00165167	55.7174	7.37352e-06	0.272658
0.00166642	52.4727	7.37352e-06	0.26435
0.00168116	49.214	7.37352e-06	0.25531
0.00169591	46.1332	7.37352e-06	0.246586
0.00171066	43.1924	7.37352e-06	0.23735
0.0017254	40.496	7.37352e-06	0.229239
0.00174015	37.8719	7.37352e-06	0.219362
0.0017549	35.4886	7.37352e-06	0.213509
0.00176965	33.1929	7.37352e-06	0.205633
0.00178439	31.0076	7.37352e-06	0.197197
0.00179914	28.9101	7.37352e-06	0.190045
0.00181389	26.9816	7.37352e-06	0.184475
0.00182863	25.0555	7.37352e-06	0.177881
0.00184338	23.2342	7.37352e-06	0.170497
0.00185813	21.5814	7.37352e-06	0.161045
0.00187287	19.9831	7.37352e-06	0.15455
0.00188762	18.5934	7.37352e-06	0.150537
0.00190237	17.2327	7.37352e-06	0.14469
0.00191712	15.9167	7.37352e-06	0.138172
0.00193186	14.6974	7.37352e-06	0.132791
0.00194661	13.6203	7.37352e-06	0.129034
0.00196136	12.5745	7.37352e-06	0.124486
0.0019761	11.6127	7.37352e-06	0.119427
0.00199085	10.6868	7.37352e-06	0.115426
0.0020056	9.78586	7.37352e-06	0.10749
0.00202034	8.95506	7.37352e-06	0.102897
0.00203509	8.17937	7.37352e-06	0.0978944
0.00204984	7.43692	7.37352e-06	0.0888107
0.00206459	6.82294	7.37352e-06	0.0859346
0.00207933	6.1831	7.37352e-06	0.0787268
0.00209408	5.5939	7.37352e-06	0.0698987
0.00210883	5.06816	7.37352e-06	0.0666231
0.00212357	4.58579	7.37352e-06	0.0631763
0.00213832	4.17531	7.37352e-06	0.0608139
0.00215307	3.79336	7.37352e-06	0.0584392
0.00216782	3.39797	7.37352e-06	0.0539598
0.00218256	3.08257	7.37352e-06	0.0519759
0.00219731	2.75152	7.37352e-06	0.0485139
0.00221206	2.43971	7.37352e-06	0.0445874
0.0022268	2.19313	7.37352e-06	0.0426284
0.00224155	1.91436	7.37352e-06	0.0370975
0.0022563	1.68171	7.37352e-06	0.0324569
0.00227104	1.50892	7.37352e-06	0.0310371
0.00228579	1.31752	7.37352e-06	0.0284852
0.00230054	1.16224	7.37352e-06	0.0265684
0.00231529	1.00946	7.37352e-06	0.0247795
0.00233003	0.873747	7.37352e-06	0.0228321
0.00234478	0.756057	7.37352e-06	0.021094
0.00235953	0.649145	7.37352e-06	0.0197699
0.00237427	0.550893	7.37352e-06	0.0179936
0.00238902	0.453363	7.37352e-06	0.0154784
0.00240377	0.371309	7.37352e-06	0.0139842
0.00241852	0.297019	7.37352e-06	0.0122739
0.00243326	0.240367	7.37352e-06	0.0107182
0.00244801	0.187247	7.37352e-06	0.00934875
0.00246276	0.148583	7.37352e-06	0.00805542
0.0024775	0.114617	7.37352e-06	0.00696301
0.00249225	0.0844014	7.37352e-06	0.00585403
0.002507	0.0546927	7.37352e-06	0.00466948
0.00252174	0.0358817	7.37352e-06	0.00364792
0.00253649	0.019056	7.37352e-06	0.00266612
0.00255124	0.0096104	7.37352e-06	0.00187124
0.00256599	0.00216593	7.37352e-06	0.00089101
