7.37233e-06	0.0281622	7.37233e-06	0.0281622
2.2117e-05	0.677023	7.37233e-06	0.19172
3.68617e-05	2.17757	7.37233e-06	0.362229
5.16063e-05	4.37768	7.37233e-06	0.617593
6.6351e-05	7.9607	7.37233e-06	0.76332
8.10957e-05	13.3072	7.37233e-06	1.12225
9.58403e-05	15.7349	7.37233e-06	1.19363
0.000110585	20.2174	7.37233e-06	1.37455
0.00012533	32.2038	7.37233e-06	1.82641
0.000140074	33.0105	7.37233e-06	1.71549
0.000154819	44.0102	7.37233e-06	2.13631
0.000169564	57.9883	7.37233e-06	3.45366
0.000184308	63.1501	7.37233e-06	2.45188
0.000199053	79.4812	7.37233e-06	3.5971
0.000213798	88.5823	7.37233e-06	3.3844
0.000228542	94.2282	7.37233e-06	5.35238
0.000243287	118.93	7.37233e-06	5.26689
0.000258032	116.637	7.37233e-06	3.42423
0.000272776	140.8	7.37233e-06	5.70678
0.000287521	147.793	7.37233e-06	3.86327
0.000302266	158.853	7.37233e-06	4.26626
0.00031701	178.555	7.37233e-06	4.33622
0.000331755	189.84	7.37233e-06	4.90047
0.0003465	208.666	7.37233e-06	4.91847
0.000361244	227.201	7.37233e-06	6.04791
0.000375989	241.045	7.37233e-06	4.88971
0.000390734	265.39	7.37233e-06	5.37486
0.000405478	281.322	7.37233e-06	7.04371
0.000420223	300.36	7.37233e-06	5.67904
0.000434968	336.14	7.37233e-06	8.91875
0.000449712	345.809	7.37233e-06	7.9107
0.000464457	359.752	7.37233e-06	7.85167
0.000479202	380.246	7.37233e-06	6.43357
0.000493946	399.837	7.37233e-06	7.34786
0.000508691	441.88	7.37233e-06	12.844
0.000523436	436.55	7.37233e-06	8.20278
0.00053818	471.303	7.37233e-06	8.50914
0.000552925	500.659	7.37233e-06	10.089
0.00056767	500.266	7.37233e-06	7.98138
0.000582414	529.032	7.37233e-06	18.8513
0.000597159	540.613	7.37233e-06	8.37099
0.000611904	576.026	7.37233e-06	10.4492
0.000626648	580.831	7.37233e-06	8.9009
0.000641393	591.2	7.37233e-06	9.68224
0.000656138	634.541	7.37233e-06	10.8547
0.000670882	633.486	7.37233e-06	9.9108
0.000685627	679.579	7.37233e-06	19.4956
0.000700372	698.953	7.37233e-06	17.1224
0.000715116	717.159	7.37233e-06	13.0523
0.000729861	729.82	7.37233e-06	11.224
0.000744606	723.461	7.37233e-06	10.9762
0.00075935	750.749	7.37233e-06	10.9378
0.000774095	781.899	7.37233e-06	18.695
0.00078884	784.608	7.37233e-06	10.61
0.000803584	780.748	7.37233e-06	10.1866
0.000818329	795.785	7.37233e-06	11.9388
0.000833074	801.111	7.37233e-06	10.9049
0.000847818	860.409	7.37233e-06	17.8168
0.000862563	854.306	7.37233e-06	14.1083
0.000877308	864.223	7.37233e-06	13.825
0.000892052	874.359	7.37233e-06	14.6621
0.000906797	910.962	7.37233e-06	16.3762
0.000921542	861.043	7.37233e-06	11.3942
0.000936286	885.613	7.37233e-06	12.5371
0.000951031	903.502	7.37233e-06	13.6716
0.000965776	896.262	7.37233e-06	12.578
0.00098052	909.749	7.37233e-06	12.894
0.000995265	906.815	7.37233e-06	18.0781
0.00101001	908.12	7.37233e-06	13.0598
0.00102475	900.366	7.37233e-06	12.0612
0.0010395	920.218	7.37233e-06	13.8138
0.00105424	900.763	7.37233e-06	12.4619
0.00106899	880.126	7.37233e-06	11.6498
0.00108373	925.983	7.37233e-06	17.4511
0.00109848	886.692	7.37233e-06	12.247
0.00111322	919.668	7.37233e-06	19.7946
0.00112797	890.286	7.37233e-06	13.9337
0.00114271	885.732	7.37233e-06	12.4839
0.00115746	883.809	7.37233e-06	12.7104
0.0011722	881.162	7.37233e-06	15.2724
0.00118695	891.8	7.37233e-06	15.6686
0.00120169	836.634	7.37233e-06	12.2221
0.00121643	820.504	7.37233e-06	12.6018
0.00123118	866.688	7.37233e-06	15.7184
0.00124592	791.068	7.37233e-06	10.6457
0.00126067	780.479	7.37233e-06	10.7405
0.00127541	799.467	7.37233e-06	13.6274
0.00129016	795.674	7.37233e-06	14.1815
0.0013049	745.463	7.37233e-06	11.717
0.00131965	740.085	7.37233e-06	12.6249
0.00133439	730.482	7.37233e-06	11.9249
0.00134914	744.64	7.37233e-06	14.8705
0.00136388	705.37	7.37233e-06	12.0796
0.00137863	727.071	7.37233e-06	15.9499
0.00139337	689.177	7.37233e-06	11.7956
0.00140812	663.648	7.37233e-06	11.7115
0.00142286	636.865	7.37233e-06	10.3917
0.0014376	624.408	7.37233e-06	11.6048
0.00145235	600.774	7.37233e-06	15.244
0.00146709	608.825	7.37233e-06	13.3065
0.00148184	616.145	7.37233e-06	14.0513
0.00149658	567.312	7.37233e-06	10.1899
0.00151133	542.117	7.37233e-06	9.55542
0.00152607	524.118	7.37233e-06	9.82717
0.00154082	499.899	7.37233e-06	9.22237
0.00155556	491.875	7.37233e-06	10.5448
0.00157031	473.162	7.37233e-06	9.28093
0.00158505	469.523	7.37233e-06	10.9939
0.0015998	463.063	7.37233e-06	9.8093
0.00161454	408.489	7.37233e-06	9.11455
0.00162929	383.158	7.37233e-06	8.19781
0.00164403	400.996	7.37233e-06	9.14552
0.00165877	370.125	7.37233e-06	7.99729
0.00167352	364.219	7.37233e-06	8.09139
0.00168826	362.035	7.37233e-06	10.7778
0.00170301	321.644	7.37233e-06	6.86602
0.00171775	312.32	7.37233e-06	6.78152
0.0017325	301.799	7.37233e-06	7.1313
0.00174724	295.587	7.37233e-06	10.5743
0.00176199	284.537	7.37233e-06	8.12341
0.00177673	257.021	7.37233e-06	7.29727
0.00179148	279.853	7.37233e-06	20.0816
0.00180622	239.282	7.37233e-06	6.1564
0.00182097	225.759	7.37233e-06	7.36265
0.00183571	216.224	7.37233e-06	6.25688
0.00185046	212.345	7.37233e-06	9.37102
0.0018652	194.578	7.37233e-06	6.52503
0.00187994	194.234	7.37233e-06	7.36763
0.00189469	179.441	7.37233e-06	6.77992
0.00190943	166.167	7.37233e-06	6.23851
0.00192418	157.388	7.37233e-06	6.36532
0.00193892	162.494	7.37233e-06	10.4608
0.00195367	143.022	7.37233e-06	6.35924
0.00196841	126.64	7.37233e-06	4.55117
0.00198316	116.881	7.37233e-06	4.75464
0.0019979	118.385	7.37233e-06	4.90002
0.00201265	119.696	7.37233e-06	6.42564
0.00202739	95.0585	7.37233e-06	4.20637
0.00204214	99.6474	7.37233e-06	4.33519
0.00205688	94.5066	7.37233e-06	5.11462
0.00207163	93.3578	7.37233e-06	5.40564
0.00208637	81.7855	7.37233e-06	4.32098
0.00210111	76.9252	7.37233e-06	3.63734
0.00211586	66.3349	7.37233e-06	3.08703
0.0021306	63.9879	7.37233e-06	3.55671
0.00214535	59.1415	7.37233e-06	3.33961
0.00216009	49.6815	7.37233e-06	3.00958
0.00217484	55.1594	7.37233e-06	3.12775
0.00218958	47.946	7.37233e-06	3.38577
0.00220433	43.3709	7.37233e-06	2.73939
0.00221907	39.1715	7.37233e-06	2.72706
0.00223382	39.1126	7.37233e-06	5.86347
0.00224856	43.0654	7.37233e-06	4.80791
0.00226331	33.0881	7.37233e-06	2.75153
0.00227805	27.1786	7.37233e-06	2.44098
0.0022928	28.5308	7.37233e-06	3.02914
0.00230754	25.5847	7.37233e-06	2.66238
0.00232228	20.0979	7.37233e-06	1.83865
0.00233703	15.9382	7.37233e-06	1.64943
0.00235177	16.9595	7.37233e-06	1.93005
0.00236652	16.3466	7.37233e-06	2.40066
0.00238126	11.6668	7.37233e-06	1.27384
0.00239601	12.8159	7.37233e-06	1.5998
0.00241075	11.9113	7.37233e-06	1.51209
0.0024255	9.2702	7.37233e-06	1.29949
0.00244024	6.02281	7.37233e-06	1.02489
0.00245499	7.91973	7.37233e-06	2.73562
0.00246973	5.71652	7.37233e-06	1.09644
0.00248448	5.48965	7.37233e-06	1.09331
0.00249922	4.14795	7.37233e-06	0.875044
0.00251397	2.48691	7.37233e-06	0.557221
0.00252871	2.08358	7.37233e-06	0.894648
0.00254345	2.88945	7.37233e-06	1.10076
0.0025582	0.345394	7.37233e-06	0.245009
0.00257294	1.0028	7.37233e-06	0.596695
