7.37642e-06	0	7.37642e-06	0
2.21292e-05	0.980581	7.37642e-06	0.323981
3.68821e-05	3.82642	7.37642e-06	0.728161
5.16349e-05	4.62721	7.37642e-06	0.617204
6.63877e-05	13.132	7.37642e-06	2.8379
8.11406e-05	14.362	7.37642e-06	1.32872
9.58934e-05	21.3857	7.37642e-06	1.79615
0.000110646	22.9909	7.37642e-06	1.77315
0.000125399	35.0041	7.37642e-06	3.65991
0.000140152	40.1492	7.37642e-06	3.05574
0.000154905	50.0546	7.37642e-06	3.07275
0.000169658	51.5319	7.37642e-06	2.35288
0.00018441	68.3782	7.37642e-06	5.23093
0.000199163	78.5897	7.37642e-06	3.48191
0.000213916	89.1567	7.37642e-06	3.90332
0.000228669	102.554	7.37642e-06	4.47153
0.000243422	115.235	7.37642e-06	4.3906
0.000258175	126.723	7.37642e-06	4.77093
0.000272927	135.784	7.37642e-06	4.48359
0.00028768	146.126	7.37642e-06	4.10222
0.000302433	184.876	7.37642e-06	6.08023
0.000317186	186.226	7.37642e-06	5.18749
0.000331939	209.299	7.37642e-06	10.2204
0.000346692	233.899	7.37642e-06	9.18428
0.000361444	246.32	7.37642e-06	7.07306
0.000376197	255.439	7.37642e-06	6.15665
0.00039095	282.03	7.37642e-06	9.36047
0.000405703	283.597	7.37642e-06	6.45933
0.000420456	321.702	7.37642e-06	8.09383
0.000435209	334.163	7.37642e-06	6.54332
0.000449961	346.048	7.37642e-06	6.88198
0.000464714	383.17	7.37642e-06	8.56382
0.000479467	393.689	7.37642e-06	7.59895
0.00049422	427.168	7.37642e-06	9.02555
0.000508973	467.072	7.37642e-06	10.8718
0.000523726	460.926	7.37642e-06	9.98066
0.000538478	471.364	7.37642e-06	8.23067
0.000553231	495.961	7.37642e-06	9.07429
0.000567984	511.59	7.37642e-06	8.81067
0.000582737	536.784	7.37642e-06	8.95077
0.00059749	615.976	7.37642e-06	36.3429
0.000612243	605.323	7.37642e-06	11.6206
0.000626995	609.2	7.37642e-06	9.8693
0.000641748	625.881	7.37642e-06	9.97925
0.000656501	648.061	7.37642e-06	12.8427
0.000671254	657.635	7.37642e-06	11.4019
0.000686007	665.622	7.37642e-06	9.63836
0.00070076	702.222	7.37642e-06	10.5814
0.000715512	721.752	7.37642e-06	12.0617
0.000730265	724.55	7.37642e-06	9.81231
0.000745018	770.174	7.37642e-06	13.599
0.000759771	779.172	7.37642e-06	12.8248
0.000774524	764.177	7.37642e-06	10.4944
0.000789276	798.341	7.37642e-06	10.2036
0.000804029	783.038	7.37642e-06	10.4581
0.000818782	814.56	7.37642e-06	11.028
0.000833535	818.05	7.37642e-06	11.6001
0.000848288	845.576	7.37642e-06	10.5527
0.000863041	852.154	7.37642e-06	10.5304
0.000877793	879.601	7.37642e-06	13.5635
0.000892546	871.014	7.37642e-06	11.133
0.000907299	872.207	7.37642e-06	11.6623
0.000922052	911.914	7.37642e-06	13.0746
0.000936805	902.497	7.37642e-06	11.6745
0.000951558	877.968	7.37642e-06	10.4342
0.00096631	894.031	7.37642e-06	10.7904
0.000981063	909.786	7.37642e-06	11.2518
0.000995816	893.325	7.37642e-06	10.3596
0.00101057	907.612	7.37642e-06	10.2954
0.00102532	910.812	7.37642e-06	11.6012
0.00104007	914.475	7.37642e-06	12.9915
0.00105483	925.882	7.37642e-06	16.0298
0.00106958	899.952	7.37642e-06	10.9445
0.00108433	917.283	7.37642e-06	12.1111
0.00109909	884.182	7.37642e-06	10.3393
0.00111384	883.276	7.37642e-06	10.2853
0.00112859	895.478	7.37642e-06	17.4453
0.00114334	876.694	7.37642e-06	10.517
0.0011581	860.943	7.37642e-06	10.8206
0.00117285	860.039	7.37642e-06	9.82017
0.0011876	851.582	7.37642e-06	12.5127
0.00120236	835.007	7.37642e-06	9.52774
0.00121711	824.556	7.37642e-06	9.29379
0.00123186	817.733	7.37642e-06	14.1463
0.00124661	816.292	7.37642e-06	12.047
0.00126137	786.281	7.37642e-06	9.20463
0.00127612	806.145	7.37642e-06	11.4031
0.00129087	770.86	7.37642e-06	10.8364
0.00130563	740.6	7.37642e-06	9.0216
0.00132038	739.73	7.37642e-06	9.40339
0.00133513	713.33	7.37642e-06	8.37918
0.00134988	708.599	7.37642e-06	9.52504
0.00136464	694.5	7.37642e-06	8.92417
0.00137939	691.912	7.37642e-06	8.77949
0.00139414	672.309	7.37642e-06	8.67373
0.0014089	673.07	7.37642e-06	10.9068
0.00142365	639.052	7.37642e-06	8.93144
0.0014384	614.611	7.37642e-06	8.62898
0.00145315	603.287	7.37642e-06	7.91522
0.00146791	590.189	7.37642e-06	8.38643
0.00148266	566.414	7.37642e-06	9.77367
0.00149741	552.885	7.37642e-06	7.20446
0.00151217	539.21	7.37642e-06	8.49984
0.00152692	517.735	7.37642e-06	7.00447
0.00154167	485.297	7.37642e-06	7.14005
0.00155642	487.34	7.37642e-06	9.28603
0.00157118	466.338	7.37642e-06	6.86501
0.00158593	443.806	7.37642e-06	6.70835
0.00160068	437.726	7.37642e-06	6.53665
0.00161544	422.197	7.37642e-06	6.92205
0.00163019	399.665	7.37642e-06	6.36874
0.00164494	387.444	7.37642e-06	5.69924
0.00165969	365.019	7.37642e-06	5.45695
0.00167445	342.772	7.37642e-06	5.36152
0.0016892	347.173	7.37642e-06	8.10616
0.00170395	318.391	7.37642e-06	5.54055
0.0017187	324.003	7.37642e-06	5.40093
0.00173346	293.197	7.37642e-06	5.01011
0.00174821	291.656	7.37642e-06	7.68502
0.00176296	268.883	7.37642e-06	4.83194
0.00177772	262.792	7.37642e-06	4.9268
0.00179247	246.591	7.37642e-06	4.82485
0.00180722	236.715	7.37642e-06	4.41822
0.00182197	221.825	7.37642e-06	4.58333
0.00183673	215.056	7.37642e-06	5.12094
0.00185148	200.421	7.37642e-06	3.9884
0.00186623	189.591	7.37642e-06	3.93689
0.00188099	180.633	7.37642e-06	4.04248
0.00189574	180.758	7.37642e-06	4.70883
0.00191049	163.263	7.37642e-06	3.70918
0.00192524	151.208	7.37642e-06	3.62352
0.00194	143.95	7.37642e-06	3.3644
0.00195475	135.514	7.37642e-06	3.37328
0.0019695	126.265	7.37642e-06	3.98878
0.00198426	119.207	7.37642e-06	3.04435
0.00199901	107.573	7.37642e-06	3.37964
0.00201376	105.965	7.37642e-06	3.03469
0.00202851	104.727	7.37642e-06	4.86723
0.00204327	91.8148	7.37642e-06	2.45303
0.00205802	87.5576	7.37642e-06	2.40976
0.00207277	82.1169	7.37642e-06	2.38136
0.00208753	72.0124	7.37642e-06	2.25383
0.00210228	71.5286	7.37642e-06	2.13706
0.00211703	67.4191	7.37642e-06	2.19881
0.00213178	60.3212	7.37642e-06	2.0664
0.00214654	57.4128	7.37642e-06	1.92923
0.00216129	51.7254	7.37642e-06	1.83208
0.00217604	48.0503	7.37642e-06	1.71681
0.0021908	46.881	7.37642e-06	1.72054
0.00220555	43.9023	7.37642e-06	1.66278
0.0022203	37.0744	7.37642e-06	1.50024
0.00223505	36.7299	7.37642e-06	1.49621
0.00224981	34.5559	7.37642e-06	1.46836
0.00226456	32.2138	7.37642e-06	1.38511
0.00227931	27.6939	7.37642e-06	1.27684
0.00229407	22.0401	7.37642e-06	1.10853
0.00230882	23.113	7.37642e-06	1.17288
0.00232357	20.3742	7.37642e-06	1.06874
0.00233832	17.7166	7.37642e-06	1.00069
0.00235308	16.7897	7.37642e-06	0.977009
0.00236783	16.0106	7.37642e-06	0.962111
0.00238258	13.4476	7.37642e-06	0.862967
0.00239734	10.1812	7.37642e-06	0.754016
0.00241209	10.493	7.37642e-06	0.756539
0.00242684	8.07404	7.37642e-06	0.663337
0.00244159	7.17318	7.37642e-06	0.621453
0.00245635	6.68843	7.37642e-06	0.598943
0.0024711	4.86857	7.37642e-06	0.506612
0.00248585	4.13571	7.37642e-06	0.459218
0.0025006	4.27355	7.37642e-06	0.514965
0.00251536	2.83485	7.37642e-06	0.381947
0.00253011	2.03683	7.37642e-06	0.324048
0.00254486	1.96954	7.37642e-06	0.312639
0.00255962	0.867688	7.37642e-06	0.205087
0.00257437	0.29868	7.37642e-06	0.122057
