7.36154e-06	0.108923	7.36154e-06	0.108923
2.20846e-05	0.529068	7.36154e-06	0.181611
3.68077e-05	2.36941	7.36154e-06	0.485179
5.15308e-05	5.55743	7.36154e-06	1.17701
6.62538e-05	6.91428	7.36154e-06	0.821539
8.09769e-05	12.4447	7.36154e-06	1.16021
9.57e-05	20.4397	7.36154e-06	4.32234
0.000110423	25.2358	7.36154e-06	2.30914
0.000125146	32.4068	7.36154e-06	2.13869
0.000139869	35.6583	7.36154e-06	1.97395
0.000154592	46.0643	7.36154e-06	2.44509
0.000169315	56.3287	7.36154e-06	2.64687
0.000184038	63.3109	7.36154e-06	2.74253
0.000198761	75.9768	7.36154e-06	2.93968
0.000213485	88.7425	7.36154e-06	4.28845
0.000228208	96.8219	7.36154e-06	3.86971
0.000242931	113.891	7.36154e-06	4.13568
0.000257654	120.087	7.36154e-06	3.9188
0.000272377	134.281	7.36154e-06	4.4107
0.0002871	151.577	7.36154e-06	4.12772
0.000301823	162.361	7.36154e-06	5.17397
0.000316546	168.416	7.36154e-06	4.45801
0.000331269	200.403	7.36154e-06	7.35668
0.000345992	210.343	7.36154e-06	5.4133
0.000360715	224.931	7.36154e-06	6.86388
0.000375438	248.066	7.36154e-06	7.33267
0.000390161	255.359	7.36154e-06	5.62459
0.000404885	280.994	7.36154e-06	6.73097
0.000419608	300.722	7.36154e-06	6.27144
0.000434331	316.76	7.36154e-06	7.25026
0.000449054	337.712	7.36154e-06	6.6158
0.000463777	360.552	7.36154e-06	8.39805
0.0004785	374.054	7.36154e-06	7.13598
0.000493223	390.547	7.36154e-06	7.41241
0.000507946	432.532	7.36154e-06	7.90255
0.000522669	431.121	7.36154e-06	8.79587
0.000537392	437.573	7.36154e-06	7.5391
0.000552115	483.504	7.36154e-06	8.41694
0.000566838	509.144	7.36154e-06	8.34806
0.000581561	536.316	7.36154e-06	11.5037
0.000596284	537.42	7.36154e-06	9.39927
0.000611008	567.459	7.36154e-06	9.33393
0.000625731	617.864	7.36154e-06	33.8779
0.000640454	595.578	7.36154e-06	9.35245
0.000655177	617.077	7.36154e-06	9.80316
0.0006699	657.362	7.36154e-06	11.6352
0.000684623	643.912	7.36154e-06	9.01199
0.000699346	688.187	7.36154e-06	11.448
0.000714069	694.869	7.36154e-06	11.2274
0.000728792	692.389	7.36154e-06	9.93706
0.000743515	742.391	7.36154e-06	11.3962
0.000758238	761.619	7.36154e-06	16.0444
0.000772961	741.153	7.36154e-06	10.3021
0.000787684	779.967	7.36154e-06	19.2685
0.000802408	842.469	7.36154e-06	20.3696
0.000817131	795.223	7.36154e-06	11.2731
0.000831854	794.915	7.36154e-06	10.5364
0.000846577	813.603	7.36154e-06	11.1108
0.0008613	864.73	7.36154e-06	21.8399
0.000876023	891.342	7.36154e-06	21.4323
0.000890746	843.594	7.36154e-06	11.4423
0.000905469	894.711	7.36154e-06	15.5554
0.000920192	898.498	7.36154e-06	15.2752
0.000934915	893.323	7.36154e-06	15.1921
0.000949638	882.222	7.36154e-06	11.7616
0.000964361	896.151	7.36154e-06	14.0062
0.000979084	905.051	7.36154e-06	13.1587
0.000993807	933.479	7.36154e-06	15.1786
0.00100853	1033.61	7.36154e-06	66.2722
0.00102325	920.463	7.36154e-06	12.8779
0.00103798	902.993	7.36154e-06	13.5747
0.0010527	899.348	7.36154e-06	12.7129
0.00106742	899.737	7.36154e-06	13.747
0.00108215	898.431	7.36154e-06	11.7307
0.00109687	891.497	7.36154e-06	11.7462
0.00111159	880.359	7.36154e-06	11.6543
0.00112632	876.488	7.36154e-06	14.0172
0.00114104	907.569	7.36154e-06	16.9294
0.00115576	902.768	7.36154e-06	16.7375
0.00117048	868.13	7.36154e-06	12.4211
0.00118521	889.199	7.36154e-06	13.0883
0.00119993	833.035	7.36154e-06	10.7432
0.00121465	811.602	7.36154e-06	11.8046
0.00122938	800.999	7.36154e-06	10.4624
0.0012441	827.152	7.36154e-06	15.6869
0.00125882	802.356	7.36154e-06	11.9344
0.00127355	803.57	7.36154e-06	15.2282
0.00128827	788.119	7.36154e-06	12.5387
0.00130299	779.311	7.36154e-06	12.1261
0.00131772	760.407	7.36154e-06	16.0585
0.00133244	714.963	7.36154e-06	10.8178
0.00134716	717.22	7.36154e-06	10.3679
0.00136188	705.575	7.36154e-06	11.3762
0.00137661	749.584	7.36154e-06	33.0486
0.00139133	667.665	7.36154e-06	9.96012
0.00140605	674.719	7.36154e-06	18.1052
0.00142078	677.916	7.36154e-06	20.0675
0.0014355	631.2	7.36154e-06	10.8062
0.00145022	632.695	7.36154e-06	12.7429
0.00146495	607.327	7.36154e-06	22.6974
0.00147967	579.828	7.36154e-06	10.5992
0.00149439	585.561	7.36154e-06	10.8909
0.00150912	535.882	7.36154e-06	9.65691
0.00152384	521.098	7.36154e-06	10.5384
0.00153856	521.399	7.36154e-06	11.9532
0.00155328	504.79	7.36154e-06	13.1187
0.00156801	462.764	7.36154e-06	8.08073
0.00158273	467.203	7.36154e-06	8.95671
0.00159745	441.854	7.36154e-06	8.54124
0.00161218	421.153	7.36154e-06	7.86217
0.0016269	408.325	7.36154e-06	11.543
0.00164162	381.712	7.36154e-06	7.98594
0.00165635	380.053	7.36154e-06	8.14176
0.00167107	408.807	7.36154e-06	21.6755
0.00168579	348.093	7.36154e-06	7.86365
0.00170052	330.126	7.36154e-06	8.32793
0.00171524	310.071	7.36154e-06	7.90797
0.00172996	297.698	7.36154e-06	6.20518
0.00174468	292.74	7.36154e-06	7.14592
0.00175941	267.749	7.36154e-06	6.3605
0.00177413	262.169	7.36154e-06	6.10502
0.00178885	265.766	7.36154e-06	8.58927
0.00180358	235.948	7.36154e-06	5.68542
0.0018183	230.208	7.36154e-06	6.62638
0.00183302	236.759	7.36154e-06	15.2226
0.00184775	215.508	7.36154e-06	13.4893
0.00186247	192.653	7.36154e-06	5.7784
0.00187719	193.989	7.36154e-06	7.00019
0.00189192	170.417	7.36154e-06	4.68085
0.00190664	160.179	7.36154e-06	4.67108
0.00192136	165.192	7.36154e-06	6.51727
0.00193608	171.364	7.36154e-06	9.51737
0.00195081	141.979	7.36154e-06	4.91221
0.00196553	134.149	7.36154e-06	6.6255
0.00198025	129.89	7.36154e-06	4.82395
0.00199498	113.925	7.36154e-06	3.78397
0.0020097	107.724	7.36154e-06	4.28073
0.00202442	104.852	7.36154e-06	4.51753
0.00203915	90.314	7.36154e-06	3.66583
0.00205387	96.9535	7.36154e-06	4.00452
0.00206859	84.5651	7.36154e-06	3.70013
0.00208331	81.3263	7.36154e-06	4.03823
0.00209804	83.4712	7.36154e-06	6.276
0.00211276	68.8668	7.36154e-06	3.65905
0.00212748	67.0259	7.36154e-06	3.64411
0.00214221	67.7286	7.36154e-06	5.80914
0.00215693	56.6812	7.36154e-06	3.36499
0.00217165	55.1257	7.36154e-06	4.03704
0.00218638	50.0597	7.36154e-06	2.69675
0.0022011	44.6146	7.36154e-06	2.45888
0.00221582	36.7748	7.36154e-06	2.27199
0.00223055	35.0558	7.36154e-06	2.21412
0.00224527	31.5036	7.36154e-06	2.0316
0.00225999	32.6394	7.36154e-06	2.20171
0.00227471	27.2167	7.36154e-06	1.86797
0.00228944	26.503	7.36154e-06	1.86999
0.00230416	23.3628	7.36154e-06	1.9141
0.00231888	23.1788	7.36154e-06	2.38819
0.00233361	21.4627	7.36154e-06	2.11441
0.00234833	17.8596	7.36154e-06	1.48512
0.00236305	15.0836	7.36154e-06	1.8616
0.00237778	12.6952	7.36154e-06	1.22205
0.0023925	14.1936	7.36154e-06	1.48612
0.00240722	9.01023	7.36154e-06	0.967353
0.00242195	9.20065	7.36154e-06	0.906384
0.00243667	7.64806	7.36154e-06	0.872012
0.00245139	7.36436	7.36154e-06	0.81856
0.00246611	7.07306	7.36154e-06	1.45942
0.00248084	7.35629	7.36154e-06	1.60625
0.00249556	5.3648	7.36154e-06	0.748138
0.00251028	4.47228	7.36154e-06	1.24363
0.00252501	3.1659	7.36154e-06	0.584341
0.00253973	1.25804	7.36154e-06	0.335702
0.00255445	1.39714	7.36154e-06	0.340931
0.00256918	0.663511	7.36154e-06	0.225335
0.0025839	0.0638027	7.36154e-06	0.0638027
