7.34966e-06	0.355594	7.34966e-06	0.168594
2.2049e-05	1.18557	7.34966e-06	0.350097
3.67483e-05	2.5057	7.34966e-06	0.532577
5.14476e-05	5.99106	7.34966e-06	0.889302
6.6147e-05	7.60734	7.34966e-06	0.970185
8.08463e-05	11.8108	7.34966e-06	1.13455
9.55456e-05	18.1596	7.34966e-06	1.61421
0.000110245	26.5644	7.34966e-06	4.8627
0.000124944	32.1449	7.34966e-06	2.24462
0.000139644	36.3946	7.34966e-06	2.02136
0.000154343	45.4667	7.34966e-06	2.44057
0.000169042	54.5142	7.34966e-06	3.31388
0.000183742	64.2121	7.34966e-06	3.64071
0.000198441	70.3916	7.34966e-06	2.87875
0.00021314	96.4923	7.34966e-06	9.16822
0.000227839	93.2208	7.34966e-06	3.79085
0.000242539	110.622	7.34966e-06	3.73253
0.000257238	129.327	7.34966e-06	5.26773
0.000271937	188.883	7.34966e-06	34.5352
0.000286637	155.384	7.34966e-06	5.22574
0.000301336	175.244	7.34966e-06	5.47583
0.000316035	191.789	7.34966e-06	5.49736
0.000330735	198.137	7.34966e-06	5.34287
0.000345434	227.777	7.34966e-06	7.08397
0.000360133	257.909	7.34966e-06	7.73482
0.000374833	268.925	7.34966e-06	7.93408
0.000389532	269.276	7.34966e-06	6.72477
0.000404231	301.015	7.34966e-06	6.71296
0.000418931	305.903	7.34966e-06	7.5229
0.00043363	343.199	7.34966e-06	9.2499
0.000448329	361.979	7.34966e-06	10.0929
0.000463029	384.828	7.34966e-06	7.66178
0.000477728	401.52	7.34966e-06	9.53027
0.000492427	418.779	7.34966e-06	8.13107
0.000507127	449.657	7.34966e-06	10.4737
0.000521826	465.556	7.34966e-06	8.98473
0.000536525	514.703	7.34966e-06	11.8178
0.000551225	500.827	7.34966e-06	7.95206
0.000565924	532.949	7.34966e-06	10.2439
0.000580623	558.8	7.34966e-06	11.5368
0.000595323	564.107	7.34966e-06	9.32533
0.000610022	585.688	7.34966e-06	9.76611
0.000624721	583.105	7.34966e-06	8.35806
0.000639421	619.531	7.34966e-06	11.5485
0.00065412	643.021	7.34966e-06	10.4624
0.000668819	658.087	7.34966e-06	10.2014
0.000683518	690.249	7.34966e-06	9.23633
0.000698218	711.244	7.34966e-06	12.4314
0.000712917	705.226	7.34966e-06	9.27662
0.000727616	748.145	7.34966e-06	11.9165
0.000742316	764.478	7.34966e-06	11.4158
0.000757015	790.027	7.34966e-06	10.7439
0.000771714	797.318	7.34966e-06	10.9096
0.000786414	814.052	7.34966e-06	9.93688
0.000801113	799.406	7.34966e-06	10.8283
0.000815812	814.516	7.34966e-06	10.3399
0.000830512	863.202	7.34966e-06	11.5502
0.000845211	855.026	7.34966e-06	14.0229
0.00085991	879.776	7.34966e-06	12.974
0.00087461	857.242	7.34966e-06	10.2695
0.000889309	872.877	7.34966e-06	9.8795
0.000904008	874.358	7.34966e-06	10.0097
0.000918708	884.016	7.34966e-06	10.0499
0.000933407	883.143	7.34966e-06	9.81798
0.000948106	903.968	7.34966e-06	12.519
0.000962806	896.008	7.34966e-06	10.1116
0.000977505	910.666	7.34966e-06	10.2658
0.000992204	912.594	7.34966e-06	10.7121
0.0010069	909.578	7.34966e-06	10.2441
0.0010216	926.859	7.34966e-06	17.8868
0.0010363	914.798	7.34966e-06	11.8442
0.001051	913.979	7.34966e-06	11.2205
0.0010657	900.632	7.34966e-06	9.75446
0.0010804	901.215	7.34966e-06	10.6352
0.0010951	886.811	7.34966e-06	11.7317
0.0011098	875.928	7.34966e-06	8.84765
0.0011245	904.241	7.34966e-06	9.80732
0.0011392	878.585	7.34966e-06	13.899
0.0011539	866.326	7.34966e-06	9.30506
0.0011686	864.571	7.34966e-06	8.95845
0.0011833	856.703	7.34966e-06	9.40661
0.00119799	845.794	7.34966e-06	9.53739
0.00121269	826.878	7.34966e-06	9.34781
0.00122739	814.609	7.34966e-06	8.67829
0.00124209	810.746	7.34966e-06	8.70874
0.00125679	802.346	7.34966e-06	9.00196
0.00127149	788.999	7.34966e-06	8.35656
0.00128619	783.115	7.34966e-06	8.53734
0.00130089	787.239	7.34966e-06	9.86054
0.00131559	744.982	7.34966e-06	9.91645
0.00133029	727.448	7.34966e-06	7.92123
0.00134499	708.87	7.34966e-06	8.01264
0.00135969	688.037	7.34966e-06	7.89447
0.00137439	699.071	7.34966e-06	11.5687
0.00138909	668.941	7.34966e-06	7.47871
0.00140379	653.784	7.34966e-06	7.36369
0.00141848	628.588	7.34966e-06	7.12514
0.00143318	622.948	7.34966e-06	7.74813
0.00144788	600.93	7.34966e-06	6.93223
0.00146258	580.802	7.34966e-06	6.63607
0.00147728	549.802	7.34966e-06	6.59635
0.00149198	551.753	7.34966e-06	8.09617
0.00150668	522.394	7.34966e-06	6.11565
0.00152138	517.087	7.34966e-06	6.66084
0.00153608	507.665	7.34966e-06	6.60388
0.00155078	485.4	7.34966e-06	6.48971
0.00156548	455.233	7.34966e-06	5.63473
0.00158018	437.297	7.34966e-06	5.85274
0.00159488	425.428	7.34966e-06	5.39306
0.00160958	414.992	7.34966e-06	5.33951
0.00162428	396.99	7.34966e-06	5.23827
0.00163897	393.748	7.34966e-06	5.34669
0.00165367	371.501	7.34966e-06	5.16491
0.00166837	356.53	7.34966e-06	4.98323
0.00168307	346.651	7.34966e-06	4.87356
0.00169777	330.019	7.34966e-06	5.01204
0.00171247	310.058	7.34966e-06	4.48321
0.00172717	310.866	7.34966e-06	4.5712
0.00174187	290.781	7.34966e-06	4.36148
0.00175657	266.751	7.34966e-06	4.16068
0.00177127	256.303	7.34966e-06	4.03965
0.00178597	248.05	7.34966e-06	3.95417
0.00180067	232.913	7.34966e-06	3.79795
0.00181537	226.341	7.34966e-06	3.78228
0.00183007	211.019	7.34966e-06	3.60391
0.00184476	209.471	7.34966e-06	3.60302
0.00185946	191.643	7.34966e-06	3.41021
0.00187416	178.315	7.34966e-06	3.29948
0.00188886	176.077	7.34966e-06	3.28482
0.00190356	161.243	7.34966e-06	3.10366
0.00191826	153.104	7.34966e-06	3.01627
0.00193296	145.472	7.34966e-06	2.94212
0.00194766	137.875	7.34966e-06	2.8449
0.00196236	129.258	7.34966e-06	2.76057
0.00197706	120.389	7.34966e-06	2.63898
0.00199176	115.123	7.34966e-06	2.5985
0.00200646	107.97	7.34966e-06	2.48671
0.00202116	100.949	7.34966e-06	2.42922
0.00203586	92.8697	7.34966e-06	2.31042
0.00205056	87.5471	7.34966e-06	2.2957
0.00206525	85.4002	7.34966e-06	2.21039
0.00207995	75.8035	7.34966e-06	2.07039
0.00209465	73.1109	7.34966e-06	2.01617
0.00210935	61.6534	7.34966e-06	1.8469
0.00212405	59.5807	7.34966e-06	1.84501
0.00213875	57.597	7.34966e-06	1.79315
0.00215345	54.4872	7.34966e-06	1.74296
0.00216815	49.0598	7.34966e-06	1.65066
0.00218285	46.2376	7.34966e-06	1.59009
0.00219755	40.4413	7.34966e-06	1.48372
0.00221225	35.6249	7.34966e-06	1.39119
0.00222695	35.5085	7.34966e-06	1.38116
0.00224165	32.139	7.34966e-06	1.31068
0.00225635	29.2651	7.34966e-06	1.24729
0.00227105	26.2838	7.34966e-06	1.19986
0.00228574	25.1093	7.34966e-06	1.15238
0.00230044	20.1826	7.34966e-06	1.02416
0.00231514	21.5603	7.34966e-06	1.07064
0.00232984	17.8764	7.34966e-06	0.96253
0.00234454	16.1047	7.34966e-06	0.926139
0.00235924	14.1758	7.34966e-06	0.850382
0.00237394	13.6545	7.34966e-06	0.832036
0.00238864	11.0668	7.34966e-06	0.753034
0.00240334	10.7713	7.34966e-06	0.739971
0.00241804	10.1349	7.34966e-06	0.750207
0.00243274	8.13304	7.34966e-06	0.638871
0.00244744	7.26533	7.34966e-06	0.609794
0.00246214	5.65485	7.34966e-06	0.528186
0.00247684	4.9898	7.34966e-06	0.507259
0.00249154	3.82347	7.34966e-06	0.431563
0.00250623	3.12085	7.34966e-06	0.392509
0.00252093	2.70763	7.34966e-06	0.358869
0.00253563	1.6512	7.34966e-06	0.279167
0.00255033	1.07766	7.34966e-06	0.22477
0.00256503	0.648134	7.34966e-06	0.173226
0.00257973	0.138324	7.34966e-06	0.0798621
