0	2171.35	1.24064e-05	1811.6
2.48128e-05	1265.91	1.24064e-05	45.9555
4.96256e-05	1202.12	1.24064e-05	17.1536
7.44384e-05	1171.45	1.24064e-05	11.8802
9.92512e-05	1148.98	1.24064e-05	9.89543
0.000124064	1133.68	1.24064e-05	9.25741
0.000148877	1118.5	1.24064e-05	8.79598
0.00017369	1100.88	1.24064e-05	7.92
0.000198502	1087.09	1.24064e-05	7.67246
0.000223315	1072.57	1.24064e-05	7.4446
0.000248128	1058.65	1.24064e-05	7.25336
0.000272941	1043.31	1.24064e-05	7.05687
0.000297754	1028.4	1.24064e-05	6.89466
0.000322566	1011.48	1.24064e-05	6.70917
0.000347379	995.443	1.24064e-05	6.53359
0.000372192	977.438	1.24064e-05	6.32208
0.000397005	959.45	1.24064e-05	6.17765
0.000421818	939.312	1.24064e-05	5.99768
0.00044663	918.294	1.24064e-05	5.68322
0.000471443	899.079	1.24064e-05	5.54885
0.000496256	878.649	1.24064e-05	5.36508
0.000521069	857.74	1.24064e-05	5.23779
0.000545882	836.673	1.24064e-05	5.11832
0.000570694	814.926	1.24064e-05	4.99801
0.000595507	792.368	1.24064e-05	4.86619
0.00062032	769.774	1.24064e-05	4.7455
0.000645133	745.878	1.24064e-05	4.61312
0.000669946	721.131	1.24064e-05	4.40576
0.000694758	696.305	1.24064e-05	4.27409
0.000719571	672.503	1.24064e-05	4.14702
0.000744384	648.958	1.24064e-05	4.0388
0.000769197	624.122	1.24064e-05	3.88298
0.00079401	601.305	1.24064e-05	3.78314
0.000818822	578.875	1.24064e-05	3.69259
0.000843635	555.724	1.24064e-05	3.59212
0.000868448	532.511	1.24064e-05	3.49403
0.000893261	507.818	1.24064e-05	3.36705
0.000918074	484.741	1.24064e-05	3.27456
0.000942887	461.701	1.24064e-05	3.12141
0.000967699	438.836	1.24064e-05	3.02887
0.000992512	416.365	1.24064e-05	2.93143
0.00101732	394.827	1.24064e-05	2.84847
0.00104214	373.845	1.24064e-05	2.77161
0.00106695	354.273	1.24064e-05	2.70739
0.00109176	333.131	1.24064e-05	2.58775
0.00111658	313.49	1.24064e-05	2.49971
0.00114139	294.66	1.24064e-05	2.42104
0.0011662	276.255	1.24064e-05	2.35437
0.00119101	259.179	1.24064e-05	2.30307
0.00121583	242.38	1.24064e-05	2.25345
0.00124064	226.528	1.24064e-05	2.20036
0.00126545	211.304	1.24064e-05	2.14482
0.00129027	196.529	1.24064e-05	2.09797
0.00131508	182.489	1.24064e-05	2.05557
0.00133989	167.317	1.24064e-05	1.50622
0.0013647	154.664	1.24064e-05	1.44589
0.00138952	142.121	1.24064e-05	1.3963
0.00141433	130.599	1.24064e-05	1.34579
0.00143914	120.011	1.24064e-05	1.29746
0.00146396	110.505	1.24064e-05	1.26457
0.00148877	100.753	1.24064e-05	1.20087
0.00151358	91.3758	1.24064e-05	1.03961
0.00153839	83.2958	1.24064e-05	1.00729
0.00156321	75.8359	1.24064e-05	0.967975
0.00158802	68.9545	1.24064e-05	0.935034
0.00161283	62.7633	1.24064e-05	0.915721
0.00163764	56.4699	1.24064e-05	0.887668
0.00166246	51.0537	1.24064e-05	0.868282
0.00168727	46.0617	1.24064e-05	0.720139
0.00171208	40.7566	1.24064e-05	0.553988
0.0017369	36.2856	1.24064e-05	0.511245
0.00176171	32.1327	1.24064e-05	0.448038
0.00178652	28.4789	1.24064e-05	0.426546
0.00181133	25.1307	1.24064e-05	0.392552
0.00183615	22.2174	1.24064e-05	0.374071
0.00186096	19.628	1.24064e-05	0.352709
0.00188577	17.3708	1.24064e-05	0.339206
0.00191059	15.2437	1.24064e-05	0.321741
0.0019354	13.4182	1.24064e-05	0.308681
0.00196021	11.5871	1.24064e-05	0.252584
0.00198502	10.124	1.24064e-05	0.239505
0.00200984	8.87735	1.24064e-05	0.230344
0.00203465	7.60998	1.24064e-05	0.180506
0.00205946	6.56898	1.24064e-05	0.170476
0.00208428	5.66538	1.24064e-05	0.159378
0.00210909	4.84359	1.24064e-05	0.136728
0.0021339	4.0544	1.24064e-05	0.12494
0.00215871	3.40162	1.24064e-05	0.11373
0.00218353	2.8439	1.24064e-05	0.104857
0.00220834	2.26987	1.24064e-05	0.0924566
0.00223315	1.91008	1.24064e-05	0.0857779
0.00225797	1.55196	1.24064e-05	0.0759203
0.00228278	1.18712	1.24064e-05	0.0590139
0.00230759	0.916132	1.24064e-05	0.0485142
0.0023324	0.693333	1.24064e-05	0.0428277
0.00235722	0.516883	1.24064e-05	0.0369482
0.00238203	0.386042	1.24064e-05	0.0320949
0.00240684	0.289385	1.24064e-05	0.0286163
0.00243165	0.218693	1.24064e-05	0.0255957
0.00245647	0.132873	1.24064e-05	0.0210185
0.00248128	0.0856947	1.24064e-05	0.0182337
0.00250609	0.0646037	1.24064e-05	0.0170688
0.00253091	0.0218928	1.24064e-05	0.00841955
0.00255572	0.00938328	1.24064e-05	0.00661113
