0	2257.74	1.23942e-05	1978.47
2.47885e-05	1268.93	1.23942e-05	53.911
4.95769e-05	1192.35	1.23942e-05	16.8255
7.43654e-05	1160.51	1.23942e-05	10.8454
9.91538e-05	1141.59	1.23942e-05	9.34263
0.000123942	1123.83	1.23942e-05	8.41296
0.000148731	1108.27	1.23942e-05	7.87786
0.000173519	1093.77	1.23942e-05	7.51961
0.000198308	1078.83	1.23942e-05	7.2048
0.000223096	1066.48	1.23942e-05	7.03296
0.000247885	1053.23	1.23942e-05	6.8679
0.000272673	1038.63	1.23942e-05	6.69149
0.000297461	1022.98	1.23942e-05	6.48866
0.00032225	1007.61	1.23942e-05	6.34163
0.000347038	990.745	1.23942e-05	6.13649
0.000371827	973.81	1.23942e-05	5.98936
0.000396615	956.461	1.23942e-05	5.85244
0.000421404	939.206	1.23942e-05	5.7252
0.000446192	920.884	1.23942e-05	5.58771
0.000470981	901.123	1.23942e-05	5.38191
0.000495769	880.336	1.23942e-05	5.23969
0.000520557	860.442	1.23942e-05	5.12264
0.000545346	840.071	1.23942e-05	5.00588
0.000570134	818.729	1.23942e-05	4.88092
0.000594923	795.787	1.23942e-05	4.73121
0.000619711	772.353	1.23942e-05	4.55278
0.0006445	750.459	1.23942e-05	4.44257
0.000669288	726.6	1.23942e-05	4.20982
0.000694077	703.131	1.23942e-05	4.07258
0.000718865	679.613	1.23942e-05	3.92093
0.000743654	654.224	1.23942e-05	3.75634
0.000768442	628.478	1.23942e-05	3.56744
0.00079323	603.804	1.23942e-05	3.43006
0.000818019	579.993	1.23942e-05	3.31763
0.000842807	556.734	1.23942e-05	3.21297
0.000867596	532.741	1.23942e-05	3.08768
0.000892384	509.638	1.23942e-05	2.98322
0.000917173	486.428	1.23942e-05	2.87362
0.000941961	463.062	1.23942e-05	2.76504
0.00096675	440.834	1.23942e-05	2.66664
0.000991538	418.397	1.23942e-05	2.55053
0.00101633	396.355	1.23942e-05	2.44096
0.00104111	374.949	1.23942e-05	2.34447
0.0010659	354.805	1.23942e-05	2.26597
0.00109069	334.236	1.23942e-05	2.15965
0.00111548	315.394	1.23942e-05	2.08227
0.00114027	296.013	1.23942e-05	1.98033
0.00116506	277.313	1.23942e-05	1.87247
0.00118985	259.801	1.23942e-05	1.79616
0.00121463	243.13	1.23942e-05	1.73216
0.00123942	226.204	1.23942e-05	1.59297
0.00126421	210.589	1.23942e-05	1.52078
0.001289	196.683	1.23942e-05	1.46992
0.00131379	182.284	1.23942e-05	1.40258
0.00133858	168.593	1.23942e-05	1.34327
0.00136336	155.935	1.23942e-05	1.29111
0.00138815	143.587	1.23942e-05	1.22668
0.00141294	132.347	1.23942e-05	1.17752
0.00143773	121.49	1.23942e-05	1.13842
0.00146252	111.35	1.23942e-05	1.09685
0.00148731	101.847	1.23942e-05	1.00711
0.0015121	92.6778	1.23942e-05	0.967104
0.00153688	84.2118	1.23942e-05	0.925846
0.00156167	76.7317	1.23942e-05	0.894448
0.00158646	69.5131	1.23942e-05	0.844184
0.00161125	62.8601	1.23942e-05	0.808384
0.00163604	56.8488	1.23942e-05	0.784795
0.00166083	51.3532	1.23942e-05	0.763094
0.00168561	45.9158	1.23942e-05	0.699819
0.0017104	41.1807	1.23942e-05	0.65834
0.00173519	36.3624	1.23942e-05	0.494473
0.00175998	32.4178	1.23942e-05	0.469368
0.00178477	28.8409	1.23942e-05	0.443116
0.00180956	25.3897	1.23942e-05	0.386127
0.00183435	22.4632	1.23942e-05	0.358193
0.00185913	19.6333	1.23942e-05	0.303349
0.00188392	17.3688	1.23942e-05	0.269877
0.00190871	15.1961	1.23942e-05	0.246833
0.0019335	13.2943	1.23942e-05	0.234347
0.00195829	11.601	1.23942e-05	0.219985
0.00198308	10.1173	1.23942e-05	0.205494
0.00200786	8.84066	1.23942e-05	0.194903
0.00203265	7.62646	1.23942e-05	0.181353
0.00205744	6.45116	1.23942e-05	0.170976
0.00208223	5.4962	1.23942e-05	0.161032
0.00210702	4.78919	1.23942e-05	0.154357
0.00213181	4.06364	1.23942e-05	0.145356
0.0021566	3.43636	1.23942e-05	0.138851
0.00218138	2.90579	1.23942e-05	0.128745
0.00220617	2.45718	1.23942e-05	0.111617
0.00223096	1.94439	1.23942e-05	0.0770771
0.00225575	1.55986	1.23942e-05	0.0683516
0.00228054	1.21088	1.23942e-05	0.0611762
0.00230533	0.9852	1.23942e-05	0.0576617
0.00233011	0.798401	1.23942e-05	0.0528888
0.0023549	0.636835	1.23942e-05	0.0480787
0.00237969	0.465597	1.23942e-05	0.0425476
0.00240448	0.341228	1.23942e-05	0.0394038
0.00242927	0.218375	1.23942e-05	0.0213094
0.00245406	0.139542	1.23942e-05	0.0171472
0.00247885	0.0900288	1.23942e-05	0.0140548
0.00250363	0.0478311	1.23942e-05	0.00859702
0.00252842	0.0190904	1.23942e-05	0.00538175
0.00255321	0.00752809	1.23942e-05	0.00338919
