1.24064e-05	452.722	1.24064e-05	10.6651
3.72192e-05	95.6906	1.24064e-05	4.48303
6.2032e-05	76.6647	1.24064e-05	4.06318
8.68448e-05	78.6383	1.24064e-05	4.96346
0.000111658	68.8567	1.24064e-05	3.64951
0.00013647	83.5219	1.24064e-05	4.62439
0.000161283	114.529	1.24064e-05	17.5555
0.000186096	103.412	1.24064e-05	5.19616
0.000210909	123.422	1.24064e-05	6.16655
0.000235722	132.227	1.24064e-05	7.7433
0.000260534	161.103	1.24064e-05	8.63601
0.000285347	171.39	1.24064e-05	8.78518
0.00031016	211.524	1.24064e-05	10.3894
0.000334973	216.51	1.24064e-05	12.9048
0.000359786	261.068	1.24064e-05	15.7334
0.000384598	278.817	1.24064e-05	10.4956
0.000409411	332.282	1.24064e-05	13.8198
0.000434224	367.815	1.24064e-05	26.1372
0.000459037	355.466	1.24064e-05	12.1385
0.00048385	398.389	1.24064e-05	18.5813
0.000508662	428.628	1.24064e-05	11.4022
0.000533475	452.957	1.24064e-05	11.3167
0.000558288	489.312	1.24064e-05	11.9682
0.000583101	530.09	1.24064e-05	14.4654
0.000607914	553.577	1.24064e-05	13.6296
0.000632726	609.334	1.24064e-05	15.3161
0.000657539	655.805	1.24064e-05	26.4753
0.000682352	682.694	1.24064e-05	15.747
0.000707165	678.379	1.24064e-05	17.396
0.000731978	694.569	1.24064e-05	14.7162
0.00075679	757.484	1.24064e-05	23.0535
0.000781603	718.736	1.24064e-05	15.4547
0.000806416	728.976	1.24064e-05	14.5551
0.000831229	775.554	1.24064e-05	16.8958
0.000856042	800.875	1.24064e-05	16.9832
0.000880855	876.586	1.24064e-05	22.0963
0.000905667	842.303	1.24064e-05	16.9055
0.00093048	864.025	1.24064e-05	29.0962
0.000955293	880.298	1.24064e-05	17.9108
0.000980106	887.583	1.24064e-05	20.032
0.00100492	872.317	1.24064e-05	17.9603
0.00102973	870.743	1.24064e-05	17.426
0.00105454	831.822	1.24064e-05	15.8901
0.00107936	919.639	1.24064e-05	27.4201
0.00110417	874.058	1.24064e-05	22.3855
0.00112898	856.769	1.24064e-05	21.1384
0.0011538	855.832	1.24064e-05	18.7003
0.00117861	811.117	1.24064e-05	15.7317
0.00120342	814.745	1.24064e-05	15.8015
0.00122823	784.653	1.24064e-05	18.1106
0.00125305	768.812	1.24064e-05	19.5892
0.00127786	760.909	1.24064e-05	17.5769
0.00130267	737.097	1.24064e-05	16.977
0.00132748	811.727	1.24064e-05	73.2825
0.0013523	689.558	1.24064e-05	19.2053
0.00137711	696.133	1.24064e-05	16.6383
0.00140192	651.022	1.24064e-05	17.5892
0.00142674	608.776	1.24064e-05	17.6151
0.00145155	556.117	1.24064e-05	14.0709
0.00147636	580.263	1.24064e-05	21.4688
0.00150117	567.308	1.24064e-05	35.136
0.00152599	496.92	1.24064e-05	13.5987
0.0015508	466.248	1.24064e-05	15.7376
0.00157561	436.969	1.24064e-05	14.3322
0.00160043	399.328	1.24064e-05	10.506
0.00162524	412.221	1.24064e-05	13.3206
0.00165005	360.179	1.24064e-05	11.0092
0.00167486	336.955	1.24064e-05	32.3609
0.00169968	363.405	1.24064e-05	31.0676
0.00172449	310.73	1.24064e-05	14.1399
0.0017493	292.783	1.24064e-05	16.8557
0.00177412	261.245	1.24064e-05	9.0964
0.00179893	242.743	1.24064e-05	11.6252
0.00182374	214.13	1.24064e-05	8.24921
0.00184855	192.907	1.24064e-05	8.9144
0.00187337	170.419	1.24064e-05	6.93994
0.00189818	162.728	1.24064e-05	7.93923
0.00192299	141.477	1.24064e-05	6.791
0.00194781	143.735	1.24064e-05	13.8082
0.00197262	116.321	1.24064e-05	6.20781
0.00199743	100.354	1.24064e-05	5.13225
0.00202224	103.291	1.24064e-05	11.5931
0.00204706	85.8822	1.24064e-05	4.78296
0.00207187	75.4501	1.24064e-05	4.97051
0.00209668	69.4418	1.24064e-05	6.87113
0.00212149	67.4758	1.24064e-05	4.68249
0.00214631	56.4648	1.24064e-05	4.42651
0.00217112	48.8013	1.24064e-05	3.81277
0.00219593	50.8016	1.24064e-05	4.3399
0.00222075	32.2005	1.24064e-05	3.06688
0.00224556	32.4104	1.24064e-05	3.59537
0.00227037	33.3828	1.24064e-05	4.35501
0.00229518	25.0663	1.24064e-05	3.09622
0.00232	20.8317	1.24064e-05	2.11926
0.00234481	16.6745	1.24064e-05	2.03899
0.00236962	12.4953	1.24064e-05	1.74327
0.00239444	9.3274	1.24064e-05	1.39904
0.00241925	6.89254	1.24064e-05	1.24567
0.00244406	8.45329	1.24064e-05	1.43622
0.00246887	4.6942	1.24064e-05	1.03921
0.00249369	2.11965	1.24064e-05	0.644122
0.0025185	4.33516	1.24064e-05	1.50644
0.00254331	1.28222	1.24064e-05	0.53425
0.00256813	0.971169	1.24064e-05	0.684187
