1.15262e-05	431.671	1.15262e-05	11.495
3.45785e-05	89.8248	1.15262e-05	4.68108
5.76308e-05	84.7352	1.15262e-05	4.21789
8.06832e-05	108.104	1.15262e-05	7.68819
0.000103736	118.945	1.15262e-05	5.86912
0.000126788	145.419	1.15262e-05	7.27054
0.00014984	166.724	1.15262e-05	13.7388
0.000172893	178.911	1.15262e-05	6.61541
0.000195945	227.03	1.15262e-05	8.65782
0.000218997	257.529	1.15262e-05	9.6065
0.00024205	281.807	1.15262e-05	10.6567
0.000265102	339.692	1.15262e-05	12.2658
0.000288154	364.763	1.15262e-05	12.7222
0.000311207	413.21	1.15262e-05	11.3617
0.000334259	409.816	1.15262e-05	11.2789
0.000357311	471.752	1.15262e-05	15.4471
0.000380364	488.061	1.15262e-05	11.7828
0.000403416	586.042	1.15262e-05	29.9916
0.000426468	598.439	1.15262e-05	17.472
0.000449521	598.653	1.15262e-05	14.691
0.000472573	657.309	1.15262e-05	16.6864
0.000495625	720.143	1.15262e-05	19.6169
0.000518678	745.436	1.15262e-05	16.6852
0.00054173	746.901	1.15262e-05	24.7189
0.000564782	780.315	1.15262e-05	17.2043
0.000587835	862.529	1.15262e-05	24.8733
0.000610887	869.089	1.15262e-05	22.7958
0.000633939	901.064	1.15262e-05	24.4921
0.000656992	898.871	1.15262e-05	23.6823
0.000680044	899.313	1.15262e-05	22.1022
0.000703096	869.738	1.15262e-05	17.0907
0.000726149	910.551	1.15262e-05	27.807
0.000749201	920.513	1.15262e-05	20.6656
0.000772253	919.495	1.15262e-05	19.4722
0.000795306	930.631	1.15262e-05	19.8801
0.000818358	939.54	1.15262e-05	18.7833
0.00084141	960.235	1.15262e-05	21.26
0.000864463	969.44	1.15262e-05	21.0584
0.000887515	903.032	1.15262e-05	18.1774
0.000910567	939.519	1.15262e-05	23.6796
0.00093362	879.407	1.15262e-05	17.4387
0.000956672	897.729	1.15262e-05	25.3854
0.000979724	854.962	1.15262e-05	21.1452
0.00100278	838.489	1.15262e-05	17.724
0.00102583	817.076	1.15262e-05	18.2496
0.00104888	815.825	1.15262e-05	17.6615
0.00107193	785.286	1.15262e-05	17.648
0.00109499	810.62	1.15262e-05	19.2684
0.00111804	718.137	1.15262e-05	16.5534
0.00114109	766.635	1.15262e-05	21.1393
0.00116414	709.191	1.15262e-05	16.7233
0.0011872	714.632	1.15262e-05	22.969
0.00121025	641.021	1.15262e-05	15.7889
0.0012333	589.634	1.15262e-05	14.8694
0.00125635	608.182	1.15262e-05	16.1019
0.0012794	566.979	1.15262e-05	16.3729
0.00130246	523.351	1.15262e-05	14.8983
0.00132551	530.724	1.15262e-05	14.8484
0.00134856	491.692	1.15262e-05	14.7674
0.00137161	464.378	1.15262e-05	26.8201
0.00139467	462.081	1.15262e-05	14.8959
0.00141772	422.53	1.15262e-05	14.5455
0.00144077	398.514	1.15262e-05	16.9986
0.00146382	378.344	1.15262e-05	13.5336
0.00148688	325.496	1.15262e-05	11.1798
0.00150993	316.861	1.15262e-05	11.4458
0.00153298	298.238	1.15262e-05	11.2624
0.00155603	307.75	1.15262e-05	16.9926
0.00157909	243.536	1.15262e-05	10.2116
0.00160214	236.527	1.15262e-05	13.8231
0.00162519	207.865	1.15262e-05	8.94907
0.00164824	208.166	1.15262e-05	9.6538
0.00167129	199.768	1.15262e-05	10.9591
0.00169435	165.631	1.15262e-05	12.1512
0.0017174	155.182	1.15262e-05	12.0596
0.00174045	138.668	1.15262e-05	10.3668
0.0017635	122.721	1.15262e-05	8.54781
0.00178656	125.611	1.15262e-05	8.64595
0.00180961	93.9035	1.15262e-05	5.95859
0.00183266	90.2105	1.15262e-05	5.9679
0.00185571	129.576	1.15262e-05	30.4343
0.00187877	75.2166	1.15262e-05	5.39129
0.00190182	73.4777	1.15262e-05	6.41389
0.00192487	57.5687	1.15262e-05	4.53289
0.00194792	49.6533	1.15262e-05	4.47651
0.00197098	37.3462	1.15262e-05	3.63305
0.00199403	42.181	1.15262e-05	4.49683
0.00201708	37.8238	1.15262e-05	3.86568
0.00204013	48.6143	1.15262e-05	12.2989
0.00206318	32.6546	1.15262e-05	3.93784
0.00208624	23.4314	1.15262e-05	2.91685
0.00210929	19.4538	1.15262e-05	3.15346
0.00213234	21.7524	1.15262e-05	3.44609
0.00215539	18.5393	1.15262e-05	3.16611
0.00217845	16.6743	1.15262e-05	2.91873
0.0022015	14.5439	1.15262e-05	3.30236
0.00222455	34.1582	1.15262e-05	23.2771
0.0022476	6.2737	1.15262e-05	1.96401
0.00227066	5.01317	1.15262e-05	1.63188
0.00229371	4.27743	1.15262e-05	1.34474
0.00231676	2.63723	1.15262e-05	1.05601
0.00233981	1.09631	1.15262e-05	0.714303
0.00236286	1.23596	1.15262e-05	0.879207
