9.3881e-06	520.063	9.3881e-06	12.7366
2.81643e-05	129.533	9.3881e-06	5.78443
4.69405e-05	157.317	9.3881e-06	23.659
6.57167e-05	134.083	9.3881e-06	6.22639
8.44929e-05	163.299	9.3881e-06	7.52829
0.000103269	187.752	9.3881e-06	12.3669
0.000122045	249.08	9.3881e-06	9.50563
0.000140822	305.459	9.3881e-06	10.362
0.000159598	454.008	9.3881e-06	92.8994
0.000178374	387.973	9.3881e-06	12.6824
0.00019715	439.15	9.3881e-06	13.2014
0.000215926	467.773	9.3881e-06	14.0307
0.000234703	551.028	9.3881e-06	16.4609
0.000253479	562.366	9.3881e-06	16.0439
0.000272255	662.272	9.3881e-06	21.0592
0.000291031	699.509	9.3881e-06	17.4188
0.000309807	719.988	9.3881e-06	16.2747
0.000328584	780.245	9.3881e-06	18.0064
0.00034736	824.272	9.3881e-06	17.9918
0.000366136	883.962	9.3881e-06	20.423
0.000384912	916.582	9.3881e-06	20.2895
0.000403688	987.45	9.3881e-06	22.8215
0.000422465	1040.52	9.3881e-06	26.7209
0.000441241	1037.29	9.3881e-06	30.7967
0.000460017	1087.44	9.3881e-06	23.8512
0.000478793	1063.43	9.3881e-06	21.9282
0.000497569	1051.27	9.3881e-06	20.8957
0.000516346	1087.05	9.3881e-06	21.2027
0.000535122	1151.52	9.3881e-06	27.8586
0.000553898	1173.33	9.3881e-06	27.1258
0.000572674	1137.2	9.3881e-06	26.8099
0.00059145	1152.31	9.3881e-06	22.6612
0.000610227	1159.14	9.3881e-06	22.7808
0.000629003	1124.83	9.3881e-06	23.9324
0.000647779	1183.83	9.3881e-06	24.7907
0.000666555	1153.17	9.3881e-06	24.6593
0.000685331	1097.34	9.3881e-06	22.2568
0.000704108	1115.4	9.3881e-06	24.2922
0.000722884	1091.3	9.3881e-06	22.6619
0.00074166	1080.08	9.3881e-06	29.557
0.000760436	1025.33	9.3881e-06	22.7159
0.000779212	1042.36	9.3881e-06	24.8291
0.000797989	987.412	9.3881e-06	22.6946
0.000816765	967.811	9.3881e-06	29.5691
0.000835541	975.145	9.3881e-06	27.8786
0.000854317	936.571	9.3881e-06	22.2105
0.000873093	908.82	9.3881e-06	20.6809
0.00089187	861.481	9.3881e-06	21.3858
0.000910646	876.557	9.3881e-06	24.5475
0.000929422	837.302	9.3881e-06	24.3574
0.000948198	794.847	9.3881e-06	21.164
0.000966974	752.14	9.3881e-06	18.4501
0.000985751	786.791	9.3881e-06	26.9979
0.00100453	699.933	9.3881e-06	21.8707
0.0010233	663.129	9.3881e-06	17.9433
0.00104208	626.868	9.3881e-06	17.17
0.00106086	631.213	9.3881e-06	22.3507
0.00107963	565.799	9.3881e-06	17.7541
0.00109841	579.27	9.3881e-06	40.4861
0.00111718	492.848	9.3881e-06	16.0768
0.00113596	507.15	9.3881e-06	23.0657
0.00115474	481.724	9.3881e-06	17.9689
0.00117351	408.452	9.3881e-06	15.6018
0.00119229	420.945	9.3881e-06	16.7303
0.00121107	358.287	9.3881e-06	14.1703
0.00122984	349.8	9.3881e-06	14.3437
0.00124862	322.565	9.3881e-06	16.7074
0.00126739	276.307	9.3881e-06	11.9314
0.00128617	274.417	9.3881e-06	22.9822
0.00130495	247.266	9.3881e-06	13.25
0.00132372	221.719	9.3881e-06	11.0003
0.0013425	206.738	9.3881e-06	9.71475
0.00136127	196.776	9.3881e-06	12.8271
0.00138005	174.984	9.3881e-06	10.2693
0.00139883	167.268	9.3881e-06	11.6096
0.0014176	157.277	9.3881e-06	9.09966
0.00143638	131.32	9.3881e-06	7.97864
0.00145516	130.316	9.3881e-06	8.64824
0.00147393	126.234	9.3881e-06	9.17888
0.00149271	106.916	9.3881e-06	8.15911
0.00151148	92.9819	9.3881e-06	7.1292
0.00153026	95.7861	9.3881e-06	9.92001
0.00154904	93.0491	9.3881e-06	9.34922
0.00156781	59.5551	9.3881e-06	6.52494
0.00158659	68.642	9.3881e-06	6.72232
0.00160537	59.6164	9.3881e-06	7.58945
0.00162414	54.0999	9.3881e-06	5.71919
0.00164292	41.6419	9.3881e-06	4.74113
0.00166169	35.3408	9.3881e-06	5.53368
0.00168047	26.9229	9.3881e-06	4.31116
0.00169925	37.3503	9.3881e-06	6.24278
0.00171802	27.2651	9.3881e-06	4.42729
0.0017368	23.8522	9.3881e-06	4.1147
0.00175557	24.5227	9.3881e-06	4.30961
0.00177435	10.5838	9.3881e-06	2.23723
0.00179313	8.67193	9.3881e-06	2.40313
0.0018119	15.9572	9.3881e-06	3.51853
0.00183068	8.53479	9.3881e-06	2.27152
0.00184946	4.9015	9.3881e-06	1.64787
0.00186823	9.72758	9.3881e-06	3.71614
0.00188701	8.23336	9.3881e-06	3.25769
0.00190578	2.18539	9.3881e-06	1.46075
0.00192456	0.251532	9.3881e-06	0.183902
0.00194334	1.55717	9.3881e-06	1.55717
