1.24144e-05	466.314	1.24144e-05	14.4321
3.72433e-05	97.8723	1.24144e-05	5.0687
6.20722e-05	78.3975	1.24144e-05	3.84521
8.6901e-05	68.497	1.24144e-05	3.69074
0.00011173	83.6406	1.24144e-05	5.80623
0.000136559	78.4896	1.24144e-05	4.23679
0.000161388	97.7257	1.24144e-05	6.00938
0.000186217	119.748	1.24144e-05	6.92516
0.000211045	137.538	1.24144e-05	7.95759
0.000235874	144.978	1.24144e-05	7.63334
0.000260703	151.472	1.24144e-05	6.33904
0.000285532	189.612	1.24144e-05	7.59144
0.000310361	199.521	1.24144e-05	7.86466
0.00033519	245.988	1.24144e-05	9.91609
0.000360019	259.418	1.24144e-05	9.73534
0.000384847	286.903	1.24144e-05	10.1167
0.000409676	348.475	1.24144e-05	12.133
0.000434505	346.613	1.24144e-05	11.4713
0.000459334	363.431	1.24144e-05	11.1778
0.000484163	418.918	1.24144e-05	12.3735
0.000508992	420.508	1.24144e-05	10.7749
0.000533821	530.52	1.24144e-05	22.9705
0.00055865	485.099	1.24144e-05	11.9106
0.000583478	546.748	1.24144e-05	14.972
0.000608307	592.829	1.24144e-05	16.0706
0.000633136	600.393	1.24144e-05	20.0456
0.000657965	656.083	1.24144e-05	18.9347
0.000682794	634.286	1.24144e-05	15.3159
0.000707623	686.215	1.24144e-05	15.7137
0.000732452	699.376	1.24144e-05	18.4799
0.000757281	724.213	1.24144e-05	15.657
0.000782109	747.283	1.24144e-05	14.914
0.000806938	785.125	1.24144e-05	21.5361
0.000831767	812.611	1.24144e-05	17.3641
0.000856596	842.077	1.24144e-05	18.6337
0.000881425	838.439	1.24144e-05	17.172
0.000906254	834.801	1.24144e-05	19.1255
0.000931083	845.854	1.24144e-05	24.4288
0.000955911	886.741	1.24144e-05	21.8884
0.00098074	938.85	1.24144e-05	49.7937
0.00100557	863.502	1.24144e-05	16.5555
0.0010304	851.352	1.24144e-05	17.836
0.00105523	881.112	1.24144e-05	24.461
0.00108006	889.931	1.24144e-05	19.1275
0.00110488	884.004	1.24144e-05	20.3834
0.00112971	836.021	1.24144e-05	16.9326
0.00115454	839.406	1.24144e-05	16.2902
0.00117937	847.773	1.24144e-05	20.6468
0.0012042	814.422	1.24144e-05	19.4568
0.00122903	786.734	1.24144e-05	21.1238
0.00125386	784.413	1.24144e-05	19.7283
0.00127869	722.96	1.24144e-05	15.8866
0.00130352	732.109	1.24144e-05	15.3828
0.00132834	687.552	1.24144e-05	16.7054
0.00135317	705.982	1.24144e-05	19.152
0.001378	627.352	1.24144e-05	15.6626
0.00140283	634.192	1.24144e-05	15.4626
0.00142766	597.788	1.24144e-05	14.877
0.00145249	586.977	1.24144e-05	18.1582
0.00147732	587.66	1.24144e-05	18.4217
0.00150215	581.068	1.24144e-05	74.7658
0.00152698	474.5	1.24144e-05	11.5036
0.0015518	454.82	1.24144e-05	12.6912
0.00157663	443.226	1.24144e-05	13.1094
0.00160146	409.341	1.24144e-05	11.5779
0.00162629	371.206	1.24144e-05	11.5644
0.00165112	387.571	1.24144e-05	20.0558
0.00167595	330.525	1.24144e-05	10.3475
0.00170078	321.126	1.24144e-05	12.073
0.00172561	282.194	1.24144e-05	8.91476
0.00175044	295.846	1.24144e-05	19.3062
0.00177526	243.285	1.24144e-05	10.2919
0.00180009	225.573	1.24144e-05	13.1392
0.00182492	225.245	1.24144e-05	9.20728
0.00184975	205.105	1.24144e-05	10.1899
0.00187458	165.567	1.24144e-05	7.95314
0.00189941	145.044	1.24144e-05	7.01432
0.00192424	150.189	1.24144e-05	7.42947
0.00194907	170.261	1.24144e-05	48.2242
0.0019739	118.322	1.24144e-05	6.6425
0.00199872	90.2534	1.24144e-05	4.5004
0.00202355	98.2981	1.24144e-05	5.64074
0.00204838	88.2883	1.24144e-05	4.83072
0.00207321	86.5508	1.24144e-05	9.95888
0.00209804	60.0354	1.24144e-05	4.22794
0.00212287	57.0381	1.24144e-05	4.55211
0.0021477	49.3091	1.24144e-05	3.6038
0.00217253	47.9417	1.24144e-05	4.60711
0.00219735	38.9343	1.24144e-05	3.4706
0.00222218	32.8239	1.24144e-05	2.69213
0.00224701	28.5443	1.24144e-05	2.57219
0.00227184	27.4998	1.24144e-05	6.34137
0.00229667	25.5921	1.24144e-05	3.06449
0.0023215	19.181	1.24144e-05	1.99802
0.00234633	15.8082	1.24144e-05	1.80797
0.00237116	18.2911	1.24144e-05	5.88987
0.00239599	9.87742	1.24144e-05	1.47784
0.00242081	10.9659	1.24144e-05	1.96368
0.00244564	8.2556	1.24144e-05	2.1062
0.00247047	4.75939	1.24144e-05	1.03591
0.0024953	1.80536	1.24144e-05	0.548777
0.00252013	2.29065	1.24144e-05	0.635727
0.00254496	0.492661	1.24144e-05	0.3509
