1.00174e-05	461.686	1.00174e-05	11.1538
3.00521e-05	121.063	1.00174e-05	6.19993
5.00869e-05	122.191	1.00174e-05	8.66076
7.01216e-05	134.069	1.00174e-05	8.15888
9.01563e-05	169.652	1.00174e-05	23.4218
0.000110191	191.141	1.00174e-05	9.08978
0.000130226	206.449	1.00174e-05	8.48121
0.000150261	253.972	1.00174e-05	9.86734
0.000170295	290.891	1.00174e-05	10.7859
0.00019033	368.784	1.00174e-05	15.4283
0.000210365	377.032	1.00174e-05	13.3683
0.0002304	425.728	1.00174e-05	11.1691
0.000250434	506.287	1.00174e-05	17.2892
0.000270469	539.141	1.00174e-05	13.4596
0.000290504	634.315	1.00174e-05	44.4611
0.000310539	665.056	1.00174e-05	16.5367
0.000330573	684.329	1.00174e-05	23.0212
0.000350608	694.875	1.00174e-05	16.3801
0.000370643	771.762	1.00174e-05	20.2994
0.000390678	820.887	1.00174e-05	19.4715
0.000410712	859.792	1.00174e-05	23.0482
0.000430747	874.419	1.00174e-05	20.3514
0.000450782	975.889	1.00174e-05	29.0459
0.000470816	1014.15	1.00174e-05	43.5038
0.000490851	1019.5	1.00174e-05	22.7205
0.000510886	1012.35	1.00174e-05	21.5353
0.000530921	1008.38	1.00174e-05	21.1431
0.000550955	1086.45	1.00174e-05	36.7199
0.00057099	1075.8	1.00174e-05	21.8036
0.000591025	1111.47	1.00174e-05	26.7491
0.00061106	1086.5	1.00174e-05	23.3918
0.000631094	1110.11	1.00174e-05	26.791
0.000651129	1121.67	1.00174e-05	23.1691
0.000671164	1080.37	1.00174e-05	22.1866
0.000691199	1017.43	1.00174e-05	21.7528
0.000711233	1051.74	1.00174e-05	25.5466
0.000731268	1088.04	1.00174e-05	32.1709
0.000751303	1035.29	1.00174e-05	26.5137
0.000771338	1057.43	1.00174e-05	23.4517
0.000791372	1062.12	1.00174e-05	25.4846
0.000811407	970.692	1.00174e-05	20.5756
0.000831442	946.928	1.00174e-05	20.9285
0.000851477	945.54	1.00174e-05	23.5119
0.000871511	934.96	1.00174e-05	22.9679
0.000891546	931.381	1.00174e-05	26.2461
0.000911581	892.454	1.00174e-05	20.8745
0.000931616	884.733	1.00174e-05	33.124
0.00095165	855.077	1.00174e-05	24.286
0.000971685	835.407	1.00174e-05	21.116
0.00099172	768.528	1.00174e-05	21.1136
0.00101175	731.614	1.00174e-05	18.01
0.00103179	716.873	1.00174e-05	20.2043
0.00105182	699.861	1.00174e-05	17.3445
0.00107186	630.23	1.00174e-05	17.6123
0.00109189	594.501	1.00174e-05	16.5852
0.00111193	552.891	1.00174e-05	15.7621
0.00113196	535.88	1.00174e-05	17.3784
0.001152	505.082	1.00174e-05	15.5487
0.00117203	470.438	1.00174e-05	13.8916
0.00119207	499.061	1.00174e-05	32.1036
0.0012121	452.854	1.00174e-05	15.0835
0.00123214	386.949	1.00174e-05	13.705
0.00125217	395.388	1.00174e-05	13.3311
0.00127221	376.87	1.00174e-05	14.6374
0.00129224	322.584	1.00174e-05	12.6854
0.00131228	332.872	1.00174e-05	14.4444
0.00133231	324.571	1.00174e-05	14.1512
0.00135235	289.726	1.00174e-05	12.6073
0.00137238	240.351	1.00174e-05	11.7332
0.00139241	235.952	1.00174e-05	13.4297
0.00141245	217.277	1.00174e-05	11.3248
0.00143248	198.068	1.00174e-05	9.49861
0.00145252	182.112	1.00174e-05	10.6781
0.00147255	199.013	1.00174e-05	12.5615
0.00149259	169.369	1.00174e-05	9.29999
0.00151262	166.177	1.00174e-05	11.0572
0.00153266	164.681	1.00174e-05	10.6834
0.00155269	131.262	1.00174e-05	8.19696
0.00157273	122.748	1.00174e-05	7.85097
0.00159276	99.0547	1.00174e-05	7.83436
0.0016128	128.876	1.00174e-05	23.7161
0.00163283	78.9238	1.00174e-05	6.34318
0.00165287	83.668	1.00174e-05	6.83254
0.0016729	67.334	1.00174e-05	6.64349
0.00169294	61.3138	1.00174e-05	6.01705
0.00171297	73.9611	1.00174e-05	7.86038
0.00173301	38.5411	1.00174e-05	4.14873
0.00175304	46.9657	1.00174e-05	6.57382
0.00177307	40.1589	1.00174e-05	5.06764
0.00179311	33.2215	1.00174e-05	4.78597
0.00181314	23.4434	1.00174e-05	3.30729
0.00183318	18.1031	1.00174e-05	2.89575
0.00185321	26.7779	1.00174e-05	3.7317
0.00187325	18.1633	1.00174e-05	3.38438
0.00189328	12.4271	1.00174e-05	2.66872
0.00191332	16.0376	1.00174e-05	4.37132
0.00193335	11.4679	1.00174e-05	2.74576
0.00195339	9.41138	1.00174e-05	2.38552
0.00197342	7.6302	1.00174e-05	2.29192
0.00199346	7.13872	1.00174e-05	4.87312
0.00201349	4.69167	1.00174e-05	1.75498
0.00203353	3.46843	1.00174e-05	1.76253
0.00205356	0	1.00174e-05	0
0.0020736	1.12339	1.00174e-05	0.745597
0.00209363	0.801894	1.00174e-05	0.801894
0.00211367	0	1.00174e-05	0
0.0021337	1.42082	1.00174e-05	1.05865
