0	1125.92	7.38545e-06	4.18363
1.47709e-05	1125.37	7.38545e-06	4.02281
2.95418e-05	1124.7	7.38545e-06	3.992
4.43127e-05	1123.75	7.38545e-06	3.96979
5.90836e-05	1122.47	7.38545e-06	3.94828
7.38545e-05	1120.97	7.38545e-06	3.931
8.86254e-05	1118.05	7.38545e-06	3.85413
0.000103396	1115.14	7.38545e-06	3.82097
0.000118167	1111.66	7.38545e-06	3.7825
0.000132938	1108.24	7.38545e-06	3.75201
0.000147709	1104.6	7.38545e-06	3.7274
0.00016248	1100.27	7.38545e-06	3.69641
0.000177251	1095.55	7.38545e-06	3.66516
0.000192022	1090.6	7.38545e-06	3.63814
0.000206793	1085.41	7.38545e-06	3.61214
0.000221564	1079.55	7.38545e-06	3.58189
0.000236334	1073	7.38545e-06	3.54609
0.000251105	1065.86	7.38545e-06	3.49465
0.000265876	1057.24	7.38545e-06	3.27239
0.000280647	1050.04	7.38545e-06	3.24268
0.000295418	1041.59	7.38545e-06	3.18108
0.000310189	1033.3	7.38545e-06	3.14524
0.00032496	1024.49	7.38545e-06	3.0986
0.000339731	1015.5	7.38545e-06	3.06031
0.000354502	1006.57	7.38545e-06	3.02771
0.000369273	997.35	7.38545e-06	2.99664
0.000384043	987.523	7.38545e-06	2.95911
0.000398814	977.808	7.38545e-06	2.92864
0.000413585	965.994	7.38545e-06	2.7527
0.000428356	955.132	7.38545e-06	2.71005
0.000443127	944.325	7.38545e-06	2.67726
0.000457898	932.872	7.38545e-06	2.63573
0.000472669	921.235	7.38545e-06	2.6007
0.00048744	909.135	7.38545e-06	2.55654
0.000502211	897.006	7.38545e-06	2.52044
0.000516982	884.453	7.38545e-06	2.48154
0.000531752	871.613	7.38545e-06	2.43918
0.000546523	858.77	7.38545e-06	2.40301
0.000561294	845.66	7.38545e-06	2.36481
0.000576065	832.71	7.38545e-06	2.33026
0.000590836	819.461	7.38545e-06	2.28503
0.000605607	805.727	7.38545e-06	2.24896
0.000620378	792.235	7.38545e-06	2.21498
0.000635149	779.031	7.38545e-06	2.18393
0.00064992	765.065	7.38545e-06	2.15112
0.000664691	750.742	7.38545e-06	2.11442
0.000679461	736.915	7.38545e-06	2.08106
0.000694232	722.659	7.38545e-06	2.04586
0.000709003	707.96	7.38545e-06	1.98172
0.000723774	693.398	7.38545e-06	1.94841
0.000738545	678.876	7.38545e-06	1.90646
0.000753316	664.308	7.38545e-06	1.8717
0.000768087	649.552	7.38545e-06	1.8375
0.000782858	634.957	7.38545e-06	1.79975
0.000797629	620.327	7.38545e-06	1.76765
0.0008124	605.56	7.38545e-06	1.73237
0.00082717	591.041	7.38545e-06	1.70114
0.000841941	577.004	7.38545e-06	1.67307
0.000856712	562.85	7.38545e-06	1.64532
0.000871483	548.331	7.38545e-06	1.61257
0.000886254	534.074	7.38545e-06	1.58307
0.000901025	519.237	7.38545e-06	1.54724
0.000915796	505.002	7.38545e-06	1.51896
0.000930567	491.043	7.38545e-06	1.49
0.000945338	477.232	7.38545e-06	1.45962
0.000960109	463.158	7.38545e-06	1.42739
0.000974879	449.565	7.38545e-06	1.39805
0.00098965	436.281	7.38545e-06	1.37305
0.00100442	423.053	7.38545e-06	1.34668
0.00101919	409.627	7.38545e-06	1.3179
0.00103396	396.601	7.38545e-06	1.29121
0.00104873	383.781	7.38545e-06	1.26644
0.0010635	370.262	7.38545e-06	1.18137
0.00107828	357.7	7.38545e-06	1.15444
0.00109305	345.11	7.38545e-06	1.11154
0.00110782	333.184	7.38545e-06	1.08712
0.00112259	321.575	7.38545e-06	1.06599
0.00113736	309.79	7.38545e-06	1.04032
0.00115213	298.169	7.38545e-06	1.01286
0.0011669	287.074	7.38545e-06	0.989483
0.00118167	276.088	7.38545e-06	0.943879
0.00119644	265.671	7.38545e-06	0.924299
0.00121121	255.472	7.38545e-06	0.906838
0.00122598	245.297	7.38545e-06	0.880005
0.00124076	235.291	7.38545e-06	0.846212
0.00125553	225.722	7.38545e-06	0.825795
0.0012703	216.292	7.38545e-06	0.804799
0.00128507	207.257	7.38545e-06	0.787597
0.00129984	198.204	7.38545e-06	0.76182
0.00131461	189.389	7.38545e-06	0.734241
0.00132938	181.049	7.38545e-06	0.714157
0.00134415	172.478	7.38545e-06	0.68214
0.00135892	164.282	7.38545e-06	0.62241
0.00137369	156.816	7.38545e-06	0.606255
0.00138846	149.61	7.38545e-06	0.589384
0.00140324	142.146	7.38545e-06	0.570865
0.00141801	135.085	7.38545e-06	0.55027
0.00143278	128.44	7.38545e-06	0.532723
0.00144755	121.782	7.38545e-06	0.487918
0.00146232	115.518	7.38545e-06	0.472387
0.00147709	109.54	7.38545e-06	0.448728
0.00149186	103.863	7.38545e-06	0.433913
0.00150663	98.5053	7.38545e-06	0.420965
0.0015214	93.3379	7.38545e-06	0.408862
0.00153617	88.2866	7.38545e-06	0.395651
0.00155094	83.6711	7.38545e-06	0.385798
0.00156572	79.1892	7.38545e-06	0.375471
0.00158049	74.6435	7.38545e-06	0.362572
0.00159526	70.2911	7.38545e-06	0.350042
0.00161003	66.3579	7.38545e-06	0.340933
0.0016248	62.39	7.38545e-06	0.328578
0.00163957	58.7548	7.38545e-06	0.31936
0.00165434	55.2245	7.38545e-06	0.307262
0.00166911	51.9391	7.38545e-06	0.299228
0.00168388	48.8841	7.38545e-06	0.291895
0.00169865	45.749	7.38545e-06	0.281702
0.00171342	42.881	7.38545e-06	0.274622
0.0017282	40.1153	7.38545e-06	0.265248
0.00174297	37.5058	7.38545e-06	0.256974
0.00175774	35.1383	7.38545e-06	0.250173
0.00177251	32.8215	7.38545e-06	0.242882
0.00178728	30.6165	7.38545e-06	0.234713
0.00180205	28.6411	7.38545e-06	0.229144
0.00181682	26.6862	7.38545e-06	0.213143
0.00183159	24.7731	7.38545e-06	0.206428
0.00184636	22.9998	7.38545e-06	0.189273
0.00186113	21.4241	7.38545e-06	0.184896
0.0018759	19.848	7.38545e-06	0.176072
0.00189068	18.2569	7.38545e-06	0.162576
0.00190545	16.9744	7.38545e-06	0.158246
0.00192022	15.7099	7.38545e-06	0.152027
0.00193499	14.4372	7.38545e-06	0.143932
0.00194976	13.372	7.38545e-06	0.139916
0.00196453	12.3323	7.38545e-06	0.132674
0.0019793	11.3562	7.38545e-06	0.128765
0.00199407	10.4219	7.38545e-06	0.124627
0.00200884	9.59542	7.38545e-06	0.116099
0.00202361	8.71269	7.38545e-06	0.111146
0.00203838	7.9868	7.38545e-06	0.1073
0.00205316	7.30455	7.38545e-06	0.102485
0.00206793	6.72897	7.38545e-06	0.09995
0.0020827	6.14469	7.38545e-06	0.0967793
0.00209747	5.56532	7.38545e-06	0.0924592
0.00211224	5.0432	7.38545e-06	0.0888367
0.00212701	4.5454	7.38545e-06	0.0813044
0.00214178	4.11523	7.38545e-06	0.0784606
0.00215655	3.70638	7.38545e-06	0.0745762
0.00217132	3.35136	7.38545e-06	0.0720843
0.00218609	3.01738	7.38545e-06	0.067621
0.00220086	2.71843	7.38545e-06	0.065696
0.00221564	2.4448	7.38545e-06	0.0637252
0.00223041	2.13599	7.38545e-06	0.0473385
0.00224518	1.87475	7.38545e-06	0.0416676
0.00225995	1.65422	7.38545e-06	0.0393415
0.00227472	1.45853	7.38545e-06	0.0362991
0.00228949	1.29572	7.38545e-06	0.0347671
0.00230426	1.12431	7.38545e-06	0.0321741
0.00231903	0.964215	7.38545e-06	0.0269966
0.0023338	0.835074	7.38545e-06	0.0248606
0.00234857	0.705625	7.38545e-06	0.0219094
0.00236334	0.591128	7.38545e-06	0.0197212
0.00237812	0.483646	7.38545e-06	0.0165224
0.00239289	0.389363	7.38545e-06	0.0141837
0.00240766	0.320965	7.38545e-06	0.0128474
0.00242243	0.265311	7.38545e-06	0.0116108
0.0024372	0.21903	7.38545e-06	0.0106631
0.00245197	0.175679	7.38545e-06	0.00969717
0.00246674	0.139327	7.38545e-06	0.00875849
0.00248151	0.0945911	7.38545e-06	0.00651714
0.00249628	0.0731156	7.38545e-06	0.00583639
0.00251105	0.0461141	7.38545e-06	0.00455845
0.00252582	0.0298059	7.38545e-06	0.00363798
0.0025406	0.0146799	7.38545e-06	0.00250176
0.00255537	0.00695134	7.38545e-06	0.00167583
0.00257014	0.00284952	7.38545e-06	0.00109456
