0	1128.09	7.38318e-06	4.54794
1.47664e-05	1127.86	7.38318e-06	4.51873
2.95327e-05	1127.74	7.38318e-06	4.51749
4.42991e-05	1126.27	7.38318e-06	4.4658
5.90654e-05	1124.27	7.38318e-06	4.39269
7.38318e-05	1122.42	7.38318e-06	4.36852
8.85982e-05	1120.03	7.38318e-06	4.33926
0.000103365	1117.74	7.38318e-06	4.32009
0.000118131	1114.82	7.38318e-06	4.29611
0.000132897	1110.91	7.38318e-06	4.25937
0.000147664	1106.93	7.38318e-06	4.22777
0.00016243	1101.8	7.38318e-06	4.16227
0.000177196	1097.41	7.38318e-06	4.13811
0.000191963	1092.26	7.38318e-06	4.11034
0.000206729	1086.81	7.38318e-06	4.08162
0.000221495	1081.35	7.38318e-06	4.05734
0.000236262	1074.9	7.38318e-06	4.02596
0.000251028	1068.6	7.38318e-06	3.99989
0.000265794	1061.84	7.38318e-06	3.97384
0.000280561	1054.27	7.38318e-06	3.94358
0.000295327	1046.74	7.38318e-06	3.91204
0.000310094	1038.23	7.38318e-06	3.87248
0.00032486	1029.42	7.38318e-06	3.84014
0.000339626	1021.31	7.38318e-06	3.81689
0.000354393	1011.93	7.38318e-06	3.78777
0.000369159	1002.4	7.38318e-06	3.75877
0.000383925	989.331	7.38318e-06	3.06636
0.000398692	978.697	7.38318e-06	3.02195
0.000413458	966.174	7.38318e-06	2.62139
0.000428224	954.906	7.38318e-06	2.56612
0.000442991	944.165	7.38318e-06	2.52895
0.000457757	932.356	7.38318e-06	2.46815
0.000472524	921.038	7.38318e-06	2.40931
0.00048729	909.457	7.38318e-06	2.37179
0.000502056	897.42	7.38318e-06	2.33198
0.000516823	884.995	7.38318e-06	2.29134
0.000531589	872.124	7.38318e-06	2.24924
0.000546355	859.188	7.38318e-06	2.20977
0.000561122	846.548	7.38318e-06	2.16982
0.000575888	833.414	7.38318e-06	2.13064
0.000590654	819.749	7.38318e-06	2.0902
0.000605421	806.276	7.38318e-06	2.04981
0.000620187	792.353	7.38318e-06	2.00491
0.000634954	778.823	7.38318e-06	1.96735
0.00064972	765.14	7.38318e-06	1.93127
0.000664486	751.042	7.38318e-06	1.89164
0.000679253	737.129	7.38318e-06	1.8544
0.000694019	722.193	7.38318e-06	1.79998
0.000708785	708.156	7.38318e-06	1.76398
0.000723552	693.509	7.38318e-06	1.72176
0.000738318	678.916	7.38318e-06	1.68395
0.000753084	663.771	7.38318e-06	1.63491
0.000767851	648.47	7.38318e-06	1.57943
0.000782617	633.426	7.38318e-06	1.53791
0.000797383	618.928	7.38318e-06	1.49911
0.00081215	604.32	7.38318e-06	1.46459
0.000826916	589.655	7.38318e-06	1.42906
0.000841683	575.356	7.38318e-06	1.39497
0.000856449	560.944	7.38318e-06	1.36089
0.000871215	546.616	7.38318e-06	1.32806
0.000885982	532.113	7.38318e-06	1.29343
0.000900748	517.826	7.38318e-06	1.25983
0.000915514	503.427	7.38318e-06	1.20251
0.000930281	489.375	7.38318e-06	1.16945
0.000945047	475.242	7.38318e-06	1.13678
0.000959813	461.664	7.38318e-06	1.10652
0.00097458	447.959	7.38318e-06	1.07636
0.000989346	434.396	7.38318e-06	1.0437
0.00100411	420.833	7.38318e-06	1.01413
0.00101888	407.624	7.38318e-06	0.986396
0.00103365	394.598	7.38318e-06	0.957966
0.00104841	381.505	7.38318e-06	0.930012
0.00106318	369.013	7.38318e-06	0.896835
0.00107794	356.393	7.38318e-06	0.869286
0.00109271	344.321	7.38318e-06	0.843689
0.00110748	332.536	7.38318e-06	0.819279
0.00112224	320.717	7.38318e-06	0.788651
0.00113701	309.2	7.38318e-06	0.765624
0.00115178	297.568	7.38318e-06	0.739641
0.00116654	286.232	7.38318e-06	0.71546
0.00118131	275.295	7.38318e-06	0.691191
0.00119608	264.422	7.38318e-06	0.666206
0.00121084	254.141	7.38318e-06	0.638702
0.00122561	244.007	7.38318e-06	0.616904
0.00124037	234.166	7.38318e-06	0.592405
0.00125514	224.657	7.38318e-06	0.572493
0.00126991	215.25	7.38318e-06	0.553468
0.00128467	206.191	7.38318e-06	0.53389
0.00129944	197.279	7.38318e-06	0.51454
0.00131421	188.433	7.38318e-06	0.493314
0.00132897	179.944	7.38318e-06	0.475362
0.00134374	171.661	7.38318e-06	0.456447
0.00135851	163.932	7.38318e-06	0.441024
0.00137327	156.289	7.38318e-06	0.424681
0.00138804	148.928	7.38318e-06	0.409047
0.0014028	141.715	7.38318e-06	0.388994
0.00141757	134.814	7.38318e-06	0.373519
0.00143234	128.171	7.38318e-06	0.359335
0.0014471	121.794	7.38318e-06	0.345647
0.00146187	115.783	7.38318e-06	0.332932
0.00147664	109.926	7.38318e-06	0.320795
0.0014914	104.098	7.38318e-06	0.302176
0.00150617	98.5622	7.38318e-06	0.2895
0.00152094	93.3874	7.38318e-06	0.278048
0.0015357	88.3517	7.38318e-06	0.26623
0.00155047	83.5429	7.38318e-06	0.255806
0.00156523	78.9448	7.38318e-06	0.24599
0.00158	74.4066	7.38318e-06	0.231302
0.00159477	70.2077	7.38318e-06	0.221881
0.00160953	66.1304	7.38318e-06	0.21229
0.0016243	62.1658	7.38318e-06	0.20309
0.00163907	58.4879	7.38318e-06	0.194538
0.00165383	55.0458	7.38318e-06	0.18665
0.0016686	51.7751	7.38318e-06	0.178624
0.00168337	48.5567	7.38318e-06	0.17072
0.00169813	45.52	7.38318e-06	0.163317
0.0017129	42.6433	7.38318e-06	0.156331
0.00172766	39.8838	7.38318e-06	0.149406
0.00174243	37.3579	7.38318e-06	0.143211
0.0017572	34.9276	7.38318e-06	0.137056
0.00177196	32.6234	7.38318e-06	0.131119
0.00178673	30.3978	7.38318e-06	0.12523
0.0018015	28.2673	7.38318e-06	0.119453
0.00181626	26.2996	7.38318e-06	0.114118
0.00183103	24.4703	7.38318e-06	0.109111
0.0018458	22.7445	7.38318e-06	0.104299
0.00186056	21.0993	7.38318e-06	0.0995594
0.00187533	19.5546	7.38318e-06	0.0950221
0.00189009	18.1561	7.38318e-06	0.0908503
0.00190486	16.7939	7.38318e-06	0.0866677
0.00191963	15.5128	7.38318e-06	0.0826764
0.00193439	14.3113	7.38318e-06	0.0787215
0.00194916	13.218	7.38318e-06	0.0750996
0.00196393	12.1902	7.38318e-06	0.0715958
0.00197869	11.2164	7.38318e-06	0.0681564
0.00199346	10.3376	7.38318e-06	0.0650156
0.00200823	9.46392	7.38318e-06	0.0617584
0.00202299	8.66319	7.38318e-06	0.058689
0.00203776	7.91323	7.38318e-06	0.0556954
0.00205252	7.22513	7.38318e-06	0.0528784
0.00206729	6.59826	7.38318e-06	0.0502483
0.00208206	6.01542	7.38318e-06	0.047707
0.00209682	5.45549	7.38318e-06	0.0451479
0.00211159	4.92164	7.38318e-06	0.0425949
0.00212636	4.44327	7.38318e-06	0.0402365
0.00214112	4.00386	7.38318e-06	0.0379705
0.00215589	3.60941	7.38318e-06	0.0358605
0.00217066	3.25998	7.38318e-06	0.0339138
0.00218542	2.93245	7.38318e-06	0.0319905
0.00220019	2.61638	7.38318e-06	0.0300643
0.00221495	2.32841	7.38318e-06	0.0281994
0.00222972	2.05969	7.38318e-06	0.0263702
0.00224449	1.83746	7.38318e-06	0.0247939
0.00225925	1.62774	7.38318e-06	0.0232204
0.00227402	1.42883	7.38318e-06	0.0216432
0.00228879	1.25365	7.38318e-06	0.0201753
0.00230355	1.08362	7.38318e-06	0.0186493
0.00231832	0.934232	7.38318e-06	0.0172152
0.00233308	0.814254	7.38318e-06	0.0160101
0.00234785	0.702843	7.38318e-06	0.01481
0.00236262	0.600835	7.38318e-06	0.0136364
0.00237738	0.500093	7.38318e-06	0.0123778
0.00239215	0.40917	7.38318e-06	0.0111444
0.00240692	0.338819	7.38318e-06	0.0100915
0.00242168	0.276738	7.38318e-06	0.00908134
0.00243645	0.217843	7.38318e-06	0.00802055
0.00245122	0.165155	7.38318e-06	0.00694592
0.00246598	0.124553	7.38318e-06	0.00600395
0.00248075	0.0950449	7.38318e-06	0.00522489
0.00249551	0.0670689	7.38318e-06	0.00437191
0.00251028	0.0439849	7.38318e-06	0.00352553
0.00252505	0.0239659	7.38318e-06	0.00258611
0.00253981	0.0107728	7.38318e-06	0.00172572
0.00255458	0.00385053	7.38318e-06	0.00102935
0.00256935	0.000272055	7.38318e-06	0.00027206
