0	1124.04	7.3686e-06	3.97288
1.47372e-05	1123.48	7.3686e-06	3.80166
2.94744e-05	1122.36	7.3686e-06	3.71188
4.42116e-05	1121.39	7.3686e-06	3.68738
5.89488e-05	1120.35	7.3686e-06	3.67227
7.3686e-05	1118.93	7.3686e-06	3.65484
8.84232e-05	1116.73	7.3686e-06	3.62328
0.00010316	1114.01	7.3686e-06	3.59168
0.000117898	1110.09	7.3686e-06	3.49047
0.000132635	1106.44	7.3686e-06	3.45236
0.000147372	1102.82	7.3686e-06	3.42428
0.000162109	1098.48	7.3686e-06	3.3899
0.000176846	1093.38	7.3686e-06	3.34177
0.000191584	1088.54	7.3686e-06	3.31239
0.000206321	1082.93	7.3686e-06	3.27346
0.000221058	1076.94	7.3686e-06	3.23858
0.000235795	1070.05	7.3686e-06	3.17673
0.000250532	1063.4	7.3686e-06	3.14058
0.00026527	1056.4	7.3686e-06	3.09773
0.000280007	1049.24	7.3686e-06	3.0635
0.000294744	1041.82	7.3686e-06	3.03088
0.000309481	1034	7.3686e-06	2.99799
0.000324218	1025.11	7.3686e-06	2.95512
0.000338956	1016.29	7.3686e-06	2.91838
0.000353693	1007.17	7.3686e-06	2.87955
0.00036843	997.634	7.3686e-06	2.8387
0.000383167	987.816	7.3686e-06	2.80168
0.000397904	977.566	7.3686e-06	2.74859
0.000412641	967.134	7.3686e-06	2.71078
0.000427379	956.733	7.3686e-06	2.67725
0.000442116	945.845	7.3686e-06	2.64132
0.000456853	934.624	7.3686e-06	2.6053
0.00047159	922.761	7.3686e-06	2.56411
0.000486327	911.434	7.3686e-06	2.53016
0.000501065	899.956	7.3686e-06	2.49627
0.000515802	887.664	7.3686e-06	2.46044
0.000530539	874.802	7.3686e-06	2.41891
0.000545276	861.86	7.3686e-06	2.37046
0.000560013	849.137	7.3686e-06	2.33242
0.000574751	836.412	7.3686e-06	2.29998
0.000589488	823.021	7.3686e-06	2.26247
0.000604225	809.175	7.3686e-06	2.21577
0.000618962	795.377	7.3686e-06	2.17849
0.000633699	781.982	7.3686e-06	2.14286
0.000648437	767.724	7.3686e-06	2.10592
0.000663174	754.298	7.3686e-06	2.07295
0.000677911	740.388	7.3686e-06	2.03958
0.000692648	726.127	7.3686e-06	2.00536
0.000707385	711.563	7.3686e-06	1.96251
0.000722123	696.631	7.3686e-06	1.92242
0.00073686	682.257	7.3686e-06	1.88564
0.000751597	667.709	7.3686e-06	1.85178
0.000766334	653.321	7.3686e-06	1.8198
0.000781071	638.982	7.3686e-06	1.78685
0.000795809	624.428	7.3686e-06	1.75076
0.000810546	609.697	7.3686e-06	1.71682
0.000825283	595.447	7.3686e-06	1.68716
0.00084002	580.269	7.3686e-06	1.64883
0.000854757	565.675	7.3686e-06	1.61682
0.000869495	550.829	7.3686e-06	1.57967
0.000884232	536.231	7.3686e-06	1.54722
0.000898969	521.709	7.3686e-06	1.51465
0.000913706	507.699	7.3686e-06	1.48774
0.000928443	493.107	7.3686e-06	1.44141
0.000943181	479.03	7.3686e-06	1.41329
0.000957918	465.092	7.3686e-06	1.38376
0.000972655	451.409	7.3686e-06	1.35724
0.000987392	437.946	7.3686e-06	1.32849
0.00100213	424.137	7.3686e-06	1.27036
0.00101687	410.513	7.3686e-06	1.24014
0.0010316	397.28	7.3686e-06	1.21531
0.00104634	384.46	7.3686e-06	1.19179
0.00106108	371.592	7.3686e-06	1.16599
0.00107582	359.46	7.3686e-06	1.14411
0.00109055	347.08	7.3686e-06	1.12271
0.00110529	334.919	7.3686e-06	1.10149
0.00112003	322.813	7.3686e-06	1.07869
0.00113476	310.252	7.3686e-06	0.8706
0.0011495	299.075	7.3686e-06	0.846074
0.00116424	288.225	7.3686e-06	0.824788
0.00117898	277.537	7.3686e-06	0.804523
0.00119371	266.684	7.3686e-06	0.778083
0.00120845	256.344	7.3686e-06	0.748188
0.00122319	246.22	7.3686e-06	0.726485
0.00123792	236.373	7.3686e-06	0.706406
0.00125266	226.76	7.3686e-06	0.681916
0.0012674	217.299	7.3686e-06	0.655689
0.00128214	208.328	7.3686e-06	0.638403
0.00129687	199.513	7.3686e-06	0.619719
0.00131161	191.018	7.3686e-06	0.603397
0.00132635	182.511	7.3686e-06	0.565211
0.00134108	174.39	7.3686e-06	0.548253
0.00135582	166.424	7.3686e-06	0.527997
0.00137056	158.772	7.3686e-06	0.511792
0.0013853	151.28	7.3686e-06	0.494866
0.00140003	143.86	7.3686e-06	0.475019
0.00141477	136.883	7.3686e-06	0.45777
0.00142951	130.254	7.3686e-06	0.441638
0.00144425	123.744	7.3686e-06	0.427456
0.00145898	117.73	7.3686e-06	0.414559
0.00147372	111.806	7.3686e-06	0.400274
0.00148846	106.122	7.3686e-06	0.386754
0.00150319	100.581	7.3686e-06	0.371382
0.00151793	95.3104	7.3686e-06	0.359476
0.00153267	90.1405	7.3686e-06	0.345956
0.00154741	85.3172	7.3686e-06	0.335871
0.00156214	80.5473	7.3686e-06	0.319195
0.00157688	75.9943	7.3686e-06	0.307645
0.00159162	71.6035	7.3686e-06	0.295527
0.00160635	67.4639	7.3686e-06	0.282904
0.00162109	63.3957	7.3686e-06	0.270934
0.00163583	59.6819	7.3686e-06	0.262686
0.00165057	56.1482	7.3686e-06	0.241747
0.0016653	52.7137	7.3686e-06	0.231162
0.00168004	49.4605	7.3686e-06	0.217967
0.00169478	46.429	7.3686e-06	0.210239
0.00170951	43.4468	7.3686e-06	0.200443
0.00172425	40.6573	7.3686e-06	0.189519
0.00173899	37.9638	7.3686e-06	0.181695
0.00175373	35.4691	7.3686e-06	0.174481
0.00176846	33.1132	7.3686e-06	0.166303
0.0017832	30.958	7.3686e-06	0.160804
0.00179794	28.8857	7.3686e-06	0.1529
0.00181268	26.9374	7.3686e-06	0.145449
0.00182741	25.0482	7.3686e-06	0.138536
0.00184215	23.3083	7.3686e-06	0.132815
0.00185689	21.6144	7.3686e-06	0.127077
0.00187162	20.0443	7.3686e-06	0.12059
0.00188636	18.5612	7.3686e-06	0.11492
0.0019011	17.1803	7.3686e-06	0.109106
0.00191584	15.9277	7.3686e-06	0.103422
0.00193057	14.7508	7.3686e-06	0.0986854
0.00194531	13.64	7.3686e-06	0.0941637
0.00196005	12.5927	7.3686e-06	0.0901994
0.00197478	11.6308	7.3686e-06	0.086623
0.00198952	10.7136	7.3686e-06	0.0828343
0.00200426	9.78845	7.3686e-06	0.0767182
0.002019	8.97701	7.3686e-06	0.0731794
0.00203373	8.1499	7.3686e-06	0.0687356
0.00204847	7.46581	7.3686e-06	0.0657984
0.00206321	6.80187	7.3686e-06	0.0625171
0.00207794	6.2044	7.3686e-06	0.0592285
0.00209268	5.6644	7.3686e-06	0.0564916
0.00210742	5.13841	7.3686e-06	0.0532174
0.00212216	4.63126	7.3686e-06	0.0503641
0.00213689	4.19045	7.3686e-06	0.0473069
0.00215163	3.78434	7.3686e-06	0.0447496
0.00216637	3.39484	7.3686e-06	0.0409955
0.0021811	3.05372	7.3686e-06	0.0385173
0.00219584	2.75144	7.3686e-06	0.0365595
0.00221058	2.43672	7.3686e-06	0.0332138
0.00222532	2.16717	7.3686e-06	0.0312047
0.00224005	1.91094	7.3686e-06	0.0290475
0.00225479	1.68245	7.3686e-06	0.0270364
0.00226953	1.48387	7.3686e-06	0.0252243
0.00228427	1.29982	7.3686e-06	0.0234736
0.002299	1.12851	7.3686e-06	0.0212037
0.00231374	0.984636	7.3686e-06	0.0195991
0.00232848	0.841359	7.3686e-06	0.0178665
0.00234321	0.725543	7.3686e-06	0.016451
0.00235795	0.608912	7.3686e-06	0.0148507
0.00237269	0.503704	7.3686e-06	0.0133976
0.00238743	0.426999	7.3686e-06	0.0122768
0.00240216	0.352875	7.3686e-06	0.0111195
0.0024169	0.295554	7.3686e-06	0.0101033
0.00243164	0.244293	7.3686e-06	0.00918104
0.00244637	0.196221	7.3686e-06	0.00823372
0.00246111	0.147902	7.3686e-06	0.00711596
0.00247585	0.10987	7.3686e-06	0.00606948
0.00249059	0.0794253	7.3686e-06	0.00512337
0.00250532	0.0544401	7.3686e-06	0.0042116
0.00252006	0.0315531	7.3686e-06	0.00318398
0.0025348	0.0204139	7.3686e-06	0.00253378
0.00254953	0.0101842	7.3686e-06	0.00178249
0.00256427	0.00329088	7.3686e-06	0.000994653
