0	1124.64	7.365e-06	4.11771
1.473e-05	1124.26	7.365e-06	4.0436
2.946e-05	1123.66	7.365e-06	4.02031
4.419e-05	1122.41	7.365e-06	3.98065
5.892e-05	1120.93	7.365e-06	3.9544
7.365e-05	1119.23	7.365e-06	3.93149
8.838e-05	1117.42	7.365e-06	3.91471
0.00010311	1114.68	7.365e-06	3.88579
0.00011784	1112.01	7.365e-06	3.86468
0.00013257	1108.58	7.365e-06	3.83783
0.0001473	1105.08	7.365e-06	3.81562
0.00016203	1101.45	7.365e-06	3.79512
0.00017676	1096.79	7.365e-06	3.76461
0.00019149	1091.77	7.365e-06	3.73625
0.00020622	1086.65	7.365e-06	3.71193
0.00022095	1081.14	7.365e-06	3.68629
0.00023568	1075.01	7.365e-06	3.65638
0.00025041	1066.25	7.365e-06	3.29753
0.00026514	1059.48	7.365e-06	3.26706
0.00027987	1051.07	7.365e-06	3.13589
0.0002946	1043.66	7.365e-06	3.10553
0.00030933	1035.34	7.365e-06	3.06503
0.00032406	1026.97	7.365e-06	3.0323
0.00033879	1018.07	7.365e-06	2.99672
0.00035352	1009.21	7.365e-06	2.96551
0.00036825	999.712	7.365e-06	2.9296
0.00038298	989.632	7.365e-06	2.86836
0.00039771	979.971	7.365e-06	2.83771
0.00041244	969.429	7.365e-06	2.80197
0.00042717	958.901	7.365e-06	2.76866
0.0004419	947.95	7.365e-06	2.73519
0.00045663	935.99	7.365e-06	2.67231
0.00047136	924.3	7.365e-06	2.63492
0.00048609	912.492	7.365e-06	2.59969
0.00050082	900.524	7.365e-06	2.56613
0.00051555	888.27	7.365e-06	2.52943
0.00053028	875.371	7.365e-06	2.4874
0.00054501	862.466	7.365e-06	2.44947
0.00055974	849.373	7.365e-06	2.40921
0.00057447	836.689	7.365e-06	2.37807
0.0005892	822.522	7.365e-06	2.31502
0.00060393	808.946	7.365e-06	2.27742
0.00061866	795.465	7.365e-06	2.24441
0.00063339	781.568	7.365e-06	2.21003
0.00064812	767.747	7.365e-06	2.17482
0.00066285	753.562	7.365e-06	2.13138
0.00067758	739.339	7.365e-06	2.09148
0.00069231	725.133	7.365e-06	2.05558
0.00070704	710.995	7.365e-06	2.02357
0.00072177	696.604	7.365e-06	1.98654
0.0007365	681.855	7.365e-06	1.95003
0.00075123	666.959	7.365e-06	1.91159
0.00076596	652.307	7.365e-06	1.85693
0.00078069	637.039	7.365e-06	1.79581
0.00079542	622.528	7.365e-06	1.76051
0.00081015	607.825	7.365e-06	1.71447
0.00082488	592.968	7.365e-06	1.67831
0.00083961	578.546	7.365e-06	1.64684
0.00085434	564.137	7.365e-06	1.6096
0.00086907	549.764	7.365e-06	1.57265
0.0008838	535.349	7.365e-06	1.54194
0.00089853	521.284	7.365e-06	1.5128
0.00091326	506.763	7.365e-06	1.46023
0.00092799	492.829	7.365e-06	1.4314
0.00094272	479.122	7.365e-06	1.3986
0.00095745	465.089	7.365e-06	1.36611
0.00097218	451.786	7.365e-06	1.33876
0.00098691	437.841	7.365e-06	1.30652
0.00100164	424.272	7.365e-06	1.27603
0.00101637	410.994	7.365e-06	1.23999
0.0010311	397.447	7.365e-06	1.20301
0.00104583	384.599	7.365e-06	1.17894
0.00106056	371.721	7.365e-06	1.14984
0.00107529	359.26	7.365e-06	1.12443
0.00109002	346.862	7.365e-06	1.09281
0.00110475	334.851	7.365e-06	1.07028
0.00111948	322.392	7.365e-06	0.974277
0.00113421	310.738	7.365e-06	0.947756
0.00114894	299.22	7.365e-06	0.918605
0.00116367	287.906	7.365e-06	0.889881
0.0011784	277.155	7.365e-06	0.866368
0.00119313	266.468	7.365e-06	0.843181
0.00120786	255.949	7.365e-06	0.813751
0.00122259	246.048	7.365e-06	0.79522
0.00123732	236.095	7.365e-06	0.775379
0.00125205	226.681	7.365e-06	0.757153
0.00126678	217.189	7.365e-06	0.73737
0.00128151	208.166	7.365e-06	0.717921
0.00129624	198.896	7.365e-06	0.690646
0.00131097	190.378	7.365e-06	0.673525
0.0013257	182.083	7.365e-06	0.654966
0.00134043	173.86	7.365e-06	0.631959
0.00135516	166.113	7.365e-06	0.611395
0.00136989	158.345	7.365e-06	0.58734
0.00138462	150.903	7.365e-06	0.570831
0.00139935	143.686	7.365e-06	0.553615
0.00141408	136.764	7.365e-06	0.539475
0.00142881	129.905	7.365e-06	0.506353
0.00144354	123.252	7.365e-06	0.478498
0.00145827	116.749	7.365e-06	0.460159
0.001473	110.683	7.365e-06	0.436598
0.00148773	105.124	7.365e-06	0.421703
0.00150246	99.7031	7.365e-06	0.409286
0.00151719	94.3136	7.365e-06	0.393948
0.00153192	89.2823	7.365e-06	0.382843
0.00154665	84.4616	7.365e-06	0.369177
0.00156138	79.8936	7.365e-06	0.357613
0.00157611	75.2271	7.365e-06	0.339536
0.00159084	71.0697	7.365e-06	0.329466
0.00160557	67.0811	7.365e-06	0.319379
0.0016203	63.2776	7.365e-06	0.309377
0.00163503	59.5195	7.365e-06	0.298802
0.00164976	55.9422	7.365e-06	0.287965
0.00166449	52.5638	7.365e-06	0.27883
0.00167922	49.4982	7.365e-06	0.269169
0.00169395	46.3182	7.365e-06	0.258487
0.00170868	43.3562	7.365e-06	0.243517
0.00172341	40.6218	7.365e-06	0.233402
0.00173814	37.9976	7.365e-06	0.222639
0.00175287	35.6057	7.365e-06	0.215519
0.0017676	33.197	7.365e-06	0.206511
0.00178233	30.8851	7.365e-06	0.197131
0.00179706	28.8604	7.365e-06	0.191213
0.00181179	26.9384	7.365e-06	0.185343
0.00182652	25.0723	7.365e-06	0.178873
0.00184125	23.3133	7.365e-06	0.171358
0.00185598	21.6023	7.365e-06	0.161986
0.00187071	20.0821	7.365e-06	0.156514
0.00188544	18.5735	7.365e-06	0.148123
0.00190017	17.104	7.365e-06	0.137177
0.0019149	15.7801	7.365e-06	0.129504
0.00192963	14.5559	7.365e-06	0.121938
0.00194436	13.4449	7.365e-06	0.117509
0.00195909	12.3903	7.365e-06	0.112699
0.00197382	11.4332	7.365e-06	0.108862
0.00198855	10.5289	7.365e-06	0.105137
0.00200328	9.67143	7.365e-06	0.100344
0.00201801	8.88514	7.365e-06	0.0963856
0.00203274	8.11355	7.365e-06	0.0918137
0.00204747	7.42059	7.365e-06	0.088134
0.0020622	6.83451	7.365e-06	0.0854219
0.00207693	6.24549	7.365e-06	0.0803641
0.00209166	5.65566	7.365e-06	0.0757861
0.00210639	5.14224	7.365e-06	0.0726737
0.00212112	4.68662	7.365e-06	0.0700661
0.00213585	4.21161	7.365e-06	0.0662894
0.00215058	3.7956	7.365e-06	0.062872
0.00216531	3.41188	7.365e-06	0.05713
0.00218004	3.07031	7.365e-06	0.054786
0.00219477	2.76478	7.365e-06	0.052989
0.0022095	2.43414	7.365e-06	0.0439
0.00222423	2.15776	7.365e-06	0.0415464
0.00223896	1.92675	7.365e-06	0.0399404
0.00225369	1.71112	7.365e-06	0.0375917
0.00226842	1.51865	7.365e-06	0.0345798
0.00228315	1.33946	7.365e-06	0.0326717
0.00229788	1.20124	7.365e-06	0.0315701
0.00231261	1.04181	7.365e-06	0.0268491
0.00232734	0.887287	7.365e-06	0.0236137
0.00234207	0.749454	7.365e-06	0.0208027
0.0023568	0.630281	7.365e-06	0.0185821
0.00237153	0.530709	7.365e-06	0.0170817
0.00238626	0.444581	7.365e-06	0.0155938
0.00240099	0.373328	7.365e-06	0.013535
0.00241572	0.302946	7.365e-06	0.0120382
0.00243045	0.2463	7.365e-06	0.0108253
0.00244518	0.188741	7.365e-06	0.00934653
0.00245991	0.14208	7.365e-06	0.007916
0.00247464	0.107698	7.365e-06	0.00701531
0.00248937	0.0760236	7.365e-06	0.00579629
0.0025041	0.0499544	7.365e-06	0.00457391
0.00251883	0.031596	7.365e-06	0.00343893
0.00253356	0.0173613	7.365e-06	0.00252815
0.00254829	0.00883273	7.365e-06	0.00179279
0.00256302	0.00328536	7.365e-06	0.00110864
