0	1124.29	7.37566e-06	3.79055
1.47513e-05	1124.29	7.37566e-06	3.79055
2.95026e-05	1124.01	7.37566e-06	3.78413
4.42539e-05	1123.16	7.37566e-06	3.76408
5.90053e-05	1121.99	7.37566e-06	3.74425
7.37566e-05	1120.64	7.37566e-06	3.72821
8.85079e-05	1118.45	7.37566e-06	3.7006
0.000103259	1115.59	7.37566e-06	3.66582
0.000118011	1112.44	7.37566e-06	3.63115
0.000132762	1109.25	7.37566e-06	3.6056
0.000147513	1105.4	7.37566e-06	3.57469
0.000162264	1101.13	7.37566e-06	3.54194
0.000177016	1096	7.37566e-06	3.50283
0.000191767	1090.63	7.37566e-06	3.46242
0.000206518	1084.68	7.37566e-06	3.39698
0.00022127	1078.6	7.37566e-06	3.3606
0.000236021	1072.46	7.37566e-06	3.32759
0.000250772	1066.19	7.37566e-06	3.29572
0.000265524	1058.87	7.37566e-06	3.25892
0.000280275	1051.35	7.37566e-06	3.22369
0.000295026	1043.26	7.37566e-06	3.18492
0.000309778	1035.4	7.37566e-06	3.15049
0.000324529	1027.17	7.37566e-06	3.11825
0.00033928	1017.32	7.37566e-06	3.0696
0.000354032	1007.9	7.37566e-06	3.01508
0.000368783	998.499	7.37566e-06	2.97993
0.000383534	988.435	7.37566e-06	2.94108
0.000398285	977.916	7.37566e-06	2.88886
0.000413037	967.664	7.37566e-06	2.85391
0.000427788	956.475	7.37566e-06	2.81326
0.000442539	945.614	7.37566e-06	2.77939
0.000457291	934.604	7.37566e-06	2.74596
0.000472042	922.885	7.37566e-06	2.7091
0.000486793	911.273	7.37566e-06	2.67465
0.000501545	899.308	7.37566e-06	2.64039
0.000516296	887.313	7.37566e-06	2.60717
0.000531047	874.56	7.37566e-06	2.56301
0.000545799	862.144	7.37566e-06	2.53196
0.00056055	849.336	7.37566e-06	2.49845
0.000575301	836.249	7.37566e-06	2.4638
0.000590053	823.221	7.37566e-06	2.4323
0.000604804	809.658	7.37566e-06	2.39781
0.000619555	794.354	7.37566e-06	2.08292
0.000634307	780.394	7.37566e-06	2.0431
0.000649058	766.803	7.37566e-06	2.00887
0.000663809	752.206	7.37566e-06	1.96539
0.00067856	737.415	7.37566e-06	1.91846
0.000693312	723.403	7.37566e-06	1.88464
0.000708063	709.105	7.37566e-06	1.84921
0.000722814	694.564	7.37566e-06	1.81197
0.000737566	680.387	7.37566e-06	1.77904
0.000752317	665.854	7.37566e-06	1.74563
0.000767068	650.992	7.37566e-06	1.70465
0.00078182	636.25	7.37566e-06	1.66964
0.000796571	621.286	7.37566e-06	1.63097
0.000811322	606.583	7.37566e-06	1.59622
0.000826074	591.961	7.37566e-06	1.56286
0.000840825	577.114	7.37566e-06	1.52624
0.000855576	562.781	7.37566e-06	1.491
0.000870328	548.511	7.37566e-06	1.45697
0.000885079	534.355	7.37566e-06	1.42053
0.00089983	519.964	7.37566e-06	1.38649
0.000914581	505.558	7.37566e-06	1.35411
0.000929333	491.142	7.37566e-06	1.3167
0.000944084	477.124	7.37566e-06	1.28359
0.000958835	463.194	7.37566e-06	1.25392
0.000973587	449.579	7.37566e-06	1.22711
0.000988338	436.28	7.37566e-06	1.20161
0.00100309	422.548	7.37566e-06	1.17087
0.00101784	408.937	7.37566e-06	1.12921
0.00103259	395.925	7.37566e-06	1.10376
0.00104734	383.258	7.37566e-06	1.07966
0.00106209	370.646	7.37566e-06	1.0553
0.00107685	358.471	7.37566e-06	1.03308
0.0010916	345.584	7.37566e-06	0.92543
0.00110635	333.531	7.37566e-06	0.900231
0.0011211	321.43	7.37566e-06	0.874198
0.00113585	309.98	7.37566e-06	0.852026
0.0011506	298.729	7.37566e-06	0.830265
0.00116535	287.42	7.37566e-06	0.78464
0.00118011	276.428	7.37566e-06	0.760368
0.00119486	265.907	7.37566e-06	0.739633
0.00120961	255.573	7.37566e-06	0.719556
0.00122436	245.513	7.37566e-06	0.698506
0.00123911	235.643	7.37566e-06	0.679278
0.00125386	225.911	7.37566e-06	0.65963
0.00126861	216.406	7.37566e-06	0.639203
0.00128336	206.463	7.37566e-06	0.557867
0.00129812	197.692	7.37566e-06	0.540481
0.00131287	189.06	7.37566e-06	0.520762
0.00132762	180.696	7.37566e-06	0.5027
0.00134237	172.603	7.37566e-06	0.485465
0.00135712	164.737	7.37566e-06	0.468855
0.00137187	157.186	7.37566e-06	0.451972
0.00138662	149.999	7.37566e-06	0.438237
0.00140137	142.832	7.37566e-06	0.423477
0.00141613	135.831	7.37566e-06	0.409081
0.00143088	129.192	7.37566e-06	0.39619
0.00144563	122.803	7.37566e-06	0.382539
0.00146038	116.47	7.37566e-06	0.362881
0.00147513	110.652	7.37566e-06	0.351484
0.00148988	104.908	7.37566e-06	0.33838
0.00150463	99.4036	7.37566e-06	0.325698
0.00151939	94.1614	7.37566e-06	0.314486
0.00153414	89.105	7.37566e-06	0.303906
0.00154889	84.2736	7.37566e-06	0.293434
0.00156364	79.66	7.37566e-06	0.278262
0.00157839	75.1188	7.37566e-06	0.266325
0.00159314	70.9553	7.37566e-06	0.256621
0.00160789	66.9382	7.37566e-06	0.248435
0.00162264	63.0924	7.37566e-06	0.239678
0.0016374	59.2719	7.37566e-06	0.218474
0.00165215	55.7437	7.37566e-06	0.210137
0.0016669	52.397	7.37566e-06	0.202374
0.00168165	49.1504	7.37566e-06	0.193735
0.0016964	46.145	7.37566e-06	0.18684
0.00171115	43.209	7.37566e-06	0.178697
0.0017259	40.4664	7.37566e-06	0.171797
0.00174066	37.8503	7.37566e-06	0.164859
0.00175541	35.3962	7.37566e-06	0.157968
0.00177016	33.0487	7.37566e-06	0.151685
0.00178491	30.895	7.37566e-06	0.146393
0.00179966	28.7581	7.37566e-06	0.14064
0.00181441	26.7688	7.37566e-06	0.135271
0.00182916	24.8494	7.37566e-06	0.128227
0.00184391	23.1309	7.37566e-06	0.123769
0.00185867	21.4571	7.37566e-06	0.1154
0.00187342	19.894	7.37566e-06	0.109945
0.00188817	18.4546	7.37566e-06	0.105508
0.00190292	17.1052	7.37566e-06	0.101607
0.00191767	15.8577	7.37566e-06	0.0975081
0.00193242	14.651	7.37566e-06	0.0936533
0.00194717	13.4844	7.37566e-06	0.0886777
0.00196192	12.4323	7.37566e-06	0.0851601
0.00197668	11.3577	7.37566e-06	0.0730635
0.00199143	10.4439	7.37566e-06	0.0696454
0.00200618	9.56547	7.37566e-06	0.0658916
0.00202093	8.7663	7.37566e-06	0.0625106
0.00203568	8.0133	7.37566e-06	0.0591569
0.00205043	7.3405	7.37566e-06	0.0562141
0.00206518	6.69556	7.37566e-06	0.0533678
0.00207994	6.09042	7.37566e-06	0.0504445
0.00209469	5.53467	7.37566e-06	0.0477439
0.00210944	5.0151	7.37566e-06	0.0451894
0.00212419	4.52883	7.37566e-06	0.0423878
0.00213894	4.10493	7.37566e-06	0.0400869
0.00215369	3.70201	7.37566e-06	0.0377797
0.00216844	3.33865	7.37566e-06	0.0356586
0.00218319	3.01897	7.37566e-06	0.033662
0.00219795	2.6855	7.37566e-06	0.0315685
0.0022127	2.38806	7.37566e-06	0.0295275
0.00222745	2.12046	7.37566e-06	0.0276264
0.0022422	1.87897	7.37566e-06	0.0258591
0.00225695	1.67865	7.37566e-06	0.0243119
0.0022717	1.48334	7.37566e-06	0.0227566
0.00228645	1.28669	7.37566e-06	0.0210685
0.00230121	1.13039	7.37566e-06	0.0196168
0.00231596	0.975227	7.37566e-06	0.0181099
0.00233071	0.841226	7.37566e-06	0.0167259
0.00234546	0.72015	7.37566e-06	0.0154258
0.00236021	0.613958	7.37566e-06	0.0141588
0.00237496	0.526821	7.37566e-06	0.0130556
0.00238971	0.434899	7.37566e-06	0.0117741
0.00240446	0.359182	7.37566e-06	0.0106596
0.00241922	0.295677	7.37566e-06	0.00962374
0.00243397	0.235516	7.37566e-06	0.00854416
0.00244872	0.193658	7.37566e-06	0.00772742
0.00246347	0.150445	7.37566e-06	0.00677972
0.00247822	0.113793	7.37566e-06	0.00586981
0.00249297	0.0816188	7.37566e-06	0.00494222
0.00250772	0.0541443	7.37566e-06	0.00399954
0.00252247	0.0350567	7.37566e-06	0.00318417
0.00253723	0.021903	7.37566e-06	0.00250199
0.00255198	0.0112724	7.37566e-06	0.00178511
0.00256673	0.00111572	7.37566e-06	0.000558209
