0	1131.34	7.39587e-06	4.76975
1.47917e-05	1130.99	7.39587e-06	4.71466
2.95835e-05	1130.65	7.39587e-06	4.70297
4.43752e-05	1129.92	7.39587e-06	4.68906
5.9167e-05	1128.52	7.39587e-06	4.66308
7.39587e-05	1126.49	7.39587e-06	4.63302
8.87505e-05	1124.92	7.39587e-06	4.62136
0.000103542	1120.56	7.39587e-06	4.41075
0.000118334	1117.14	7.39587e-06	4.3748
0.000133126	1113.79	7.39587e-06	4.34896
0.000147917	1109.09	7.39587e-06	4.29987
0.000162709	1104.06	7.39587e-06	4.26031
0.000177501	1099.22	7.39587e-06	4.22314
0.000192293	1089.98	7.39587e-06	3.29825
0.000207084	1084.66	7.39587e-06	3.26581
0.000221876	1078.76	7.39587e-06	3.23099
0.000236668	1071.5	7.39587e-06	3.16701
0.00025146	1065.05	7.39587e-06	3.13051
0.000266251	1057.56	7.39587e-06	3.08193
0.000281043	1050.65	7.39587e-06	3.05174
0.000295835	1042.6	7.39587e-06	3.0088
0.000310627	1034.58	7.39587e-06	2.96741
0.000325418	1025.62	7.39587e-06	2.92641
0.00034021	1017.13	7.39587e-06	2.89202
0.000355002	1007.56	7.39587e-06	2.8491
0.000369794	997.631	7.39587e-06	2.79111
0.000384585	987.644	7.39587e-06	2.74824
0.000399377	977.108	7.39587e-06	2.69454
0.000414169	966.401	7.39587e-06	2.64232
0.000428961	955.888	7.39587e-06	2.60628
0.000443752	944.586	7.39587e-06	2.56659
0.000458544	932.371	7.39587e-06	2.49587
0.000473336	920.004	7.39587e-06	2.4417
0.000488128	908.184	7.39587e-06	2.40398
0.000502919	896.24	7.39587e-06	2.36575
0.000517711	883.694	7.39587e-06	2.32477
0.000532503	871.054	7.39587e-06	2.2834
0.000547295	858.027	7.39587e-06	2.24001
0.000562086	845.413	7.39587e-06	2.20284
0.000576878	832.213	7.39587e-06	2.16011
0.00059167	818.503	7.39587e-06	2.11693
0.000606462	805.075	7.39587e-06	2.07736
0.000621253	791.325	7.39587e-06	2.03836
0.000636045	777.415	7.39587e-06	1.99817
0.000650837	763.603	7.39587e-06	1.96019
0.000665628	749.175	7.39587e-06	1.92137
0.00068042	734.833	7.39587e-06	1.88227
0.000695212	720.834	7.39587e-06	1.84693
0.000710004	706.503	7.39587e-06	1.80962
0.000724795	692.354	7.39587e-06	1.7718
0.000739587	677.593	7.39587e-06	1.7327
0.000754379	662.029	7.39587e-06	1.62866
0.000769171	647.276	7.39587e-06	1.5868
0.000783962	632.734	7.39587e-06	1.54935
0.000798754	617.637	7.39587e-06	1.50522
0.000813546	603.023	7.39587e-06	1.47036
0.000828338	588.851	7.39587e-06	1.43746
0.000843129	574.129	7.39587e-06	1.39148
0.000857921	559.491	7.39587e-06	1.35441
0.000872713	544.84	7.39587e-06	1.31913
0.000887505	530.327	7.39587e-06	1.28436
0.000902296	516.174	7.39587e-06	1.25148
0.000917088	501.898	7.39587e-06	1.21683
0.00093188	487.506	7.39587e-06	1.17385
0.000946672	473.644	7.39587e-06	1.14199
0.000961463	459.677	7.39587e-06	1.11052
0.000976255	446.013	7.39587e-06	1.08112
0.000991047	432.506	7.39587e-06	1.05192
0.00100584	419.369	7.39587e-06	1.02466
0.00102063	406.343	7.39587e-06	0.996279
0.00103542	393.138	7.39587e-06	0.962334
0.00105021	380.23	7.39587e-06	0.934854
0.00106501	367.418	7.39587e-06	0.907923
0.0010798	355.123	7.39587e-06	0.88286
0.00109459	342.581	7.39587e-06	0.842319
0.00110938	330.53	7.39587e-06	0.814423
0.00112417	318.966	7.39587e-06	0.790394
0.00113896	307.279	7.39587e-06	0.766386
0.00115376	295.891	7.39587e-06	0.741704
0.00116855	284.732	7.39587e-06	0.715392
0.00118334	273.895	7.39587e-06	0.691895
0.00119813	263.042	7.39587e-06	0.666891
0.00121292	252.718	7.39587e-06	0.646302
0.00122771	242.557	7.39587e-06	0.622321
0.00124251	232.688	7.39587e-06	0.6019
0.0012573	223.29	7.39587e-06	0.58312
0.00127209	213.953	7.39587e-06	0.56294
0.00128688	204.906	7.39587e-06	0.545097
0.00130167	196.034	7.39587e-06	0.522445
0.00131647	187.301	7.39587e-06	0.503745
0.00133126	179.071	7.39587e-06	0.487028
0.00134605	171.059	7.39587e-06	0.471183
0.00136084	163.192	7.39587e-06	0.455618
0.00137563	155.63	7.39587e-06	0.440524
0.00139042	148.44	7.39587e-06	0.426459
0.00140522	141.209	7.39587e-06	0.392253
0.00142001	134.302	7.39587e-06	0.377477
0.0014348	127.717	7.39587e-06	0.362563
0.00144959	121.374	7.39587e-06	0.348669
0.00146438	115.384	7.39587e-06	0.33682
0.00147917	109.5	7.39587e-06	0.324144
0.00149397	103.77	7.39587e-06	0.307072
0.00150876	98.1607	7.39587e-06	0.292617
0.00152355	92.8676	7.39587e-06	0.28081
0.00153834	87.8472	7.39587e-06	0.270117
0.00155313	82.9626	7.39587e-06	0.258977
0.00156792	78.3232	7.39587e-06	0.248383
0.00158272	73.8969	7.39587e-06	0.237737
0.00159751	69.6834	7.39587e-06	0.227964
0.0016123	65.6256	7.39587e-06	0.218857
0.00162709	61.7708	7.39587e-06	0.209236
0.00164188	58.0016	7.39587e-06	0.198577
0.00165668	54.5097	7.39587e-06	0.190018
0.00167147	51.194	7.39587e-06	0.180918
0.00168626	48.0529	7.39587e-06	0.173244
0.00170105	45.0056	7.39587e-06	0.165852
0.00171584	42.1024	7.39587e-06	0.157625
0.00173063	39.3403	7.39587e-06	0.150288
0.00174543	36.8022	7.39587e-06	0.143951
0.00176022	34.4169	7.39587e-06	0.137915
0.00177501	32.1538	7.39587e-06	0.131761
0.0017898	29.9794	7.39587e-06	0.125936
0.00180459	27.9526	7.39587e-06	0.120435
0.00181938	26.0203	7.39587e-06	0.115012
0.00183418	24.2283	7.39587e-06	0.109933
0.00184897	22.487	7.39587e-06	0.10494
0.00186376	20.817	7.39587e-06	0.0999665
0.00187855	19.329	7.39587e-06	0.0956063
0.00189334	17.8969	7.39587e-06	0.0911831
0.00190813	16.5136	7.39587e-06	0.0868594
0.00192293	15.2537	7.39587e-06	0.0827732
0.00193772	14.097	7.39587e-06	0.0789506
0.00195251	12.9726	7.39587e-06	0.0751213
0.0019673	11.9376	7.39587e-06	0.0714989
0.00198209	10.9838	7.39587e-06	0.0680549
0.00199689	10.0561	7.39587e-06	0.0645785
0.00201168	9.24205	7.39587e-06	0.0615134
0.00202647	8.46476	7.39587e-06	0.0584782
0.00204126	7.72711	7.39587e-06	0.0554696
0.00205605	7.04468	7.39587e-06	0.0526068
0.00207084	6.40947	7.39587e-06	0.0498306
0.00208564	5.84146	7.39587e-06	0.0472789
0.00210043	5.29719	7.39587e-06	0.0447409
0.00211522	4.80117	7.39587e-06	0.0423434
0.00213001	4.33447	7.39587e-06	0.0399669
0.0021448	3.91275	7.39587e-06	0.0377672
0.00215959	3.523	7.39587e-06	0.0356376
0.00217439	3.16859	7.39587e-06	0.0336132
0.00218918	2.81963	7.39587e-06	0.0315132
0.00220397	2.52532	7.39587e-06	0.0296535
0.00221876	2.26336	7.39587e-06	0.0279315
0.00223355	2.00679	7.39587e-06	0.0261439
0.00224835	1.77805	7.39587e-06	0.0244802
0.00226314	1.56318	7.39587e-06	0.0228284
0.00227793	1.37589	7.39587e-06	0.0213209
0.00229272	1.19837	7.39587e-06	0.0197892
0.00230751	1.04787	7.39587e-06	0.0184128
0.0023223	0.903223	7.39587e-06	0.0170059
0.0023371	0.769025	7.39587e-06	0.0156029
0.00235189	0.655125	7.39587e-06	0.0143358
0.00236668	0.551514	7.39587e-06	0.013095
0.00238147	0.460309	7.39587e-06	0.0119053
0.00239626	0.384676	7.39587e-06	0.0108254
0.00241105	0.325862	7.39587e-06	0.00992023
0.00242585	0.252352	7.39587e-06	0.0086941
0.00244064	0.204074	7.39587e-06	0.0077881
0.00245543	0.15118	7.39587e-06	0.00666259
0.00247022	0.113479	7.39587e-06	0.00574617
0.00248501	0.0842639	7.39587e-06	0.00493363
0.0024998	0.0607005	7.39587e-06	0.00416682
0.0025146	0.0378471	7.39587e-06	0.00327416
0.00252939	0.02124	7.39587e-06	0.00243857
0.00254418	0.00997335	7.39587e-06	0.00166331
0.00255897	0.00247188	7.39587e-06	0.000824265
