0	1124.14	7.37096e-06	4.79401
1.47419e-05	1123.45	7.37096e-06	4.57336
2.94838e-05	1121.7	7.37096e-06	4.35384
4.42257e-05	1120.94	7.37096e-06	4.3398
5.89677e-05	1119.82	7.37096e-06	4.32415
7.37096e-05	1118.07	7.37096e-06	4.2959
8.84515e-05	1115.45	7.37096e-06	4.24991
0.000103193	1112.77	7.37096e-06	4.22411
0.000117935	1110.12	7.37096e-06	4.20611
0.000132677	1106.63	7.37096e-06	4.18147
0.000147419	1102.81	7.37096e-06	4.15327
0.000162161	1098.85	7.37096e-06	4.12909
0.000176903	1093.8	7.37096e-06	4.10028
0.000191645	1088.83	7.37096e-06	4.07404
0.000206387	1083.77	7.37096e-06	4.05121
0.000221129	1077.89	7.37096e-06	4.02456
0.000235871	1071.85	7.37096e-06	4.00095
0.000250613	1065	7.37096e-06	3.97103
0.000265354	1058.24	7.37096e-06	3.94658
0.000280096	1050.78	7.37096e-06	3.91821
0.000294838	1043.01	7.37096e-06	3.89023
0.00030958	1034.78	7.37096e-06	3.8624
0.000324322	1026.08	7.37096e-06	3.83302
0.000339064	1017.65	7.37096e-06	3.80811
0.000353806	1008.71	7.37096e-06	3.78407
0.000368548	999.001	7.37096e-06	3.75641
0.00038329	988.907	7.37096e-06	3.72447
0.000398032	979.021	7.37096e-06	3.69907
0.000412774	968.364	7.37096e-06	3.66846
0.000427516	957.765	7.37096e-06	3.64316
0.000442257	946.489	7.37096e-06	3.61346
0.000456999	935.83	7.37096e-06	3.59125
0.000471741	924.152	7.37096e-06	3.5632
0.000486483	911.472	7.37096e-06	3.492
0.000501225	900.13	7.37096e-06	3.46847
0.000515967	887.821	7.37096e-06	3.44204
0.000530709	875.436	7.37096e-06	3.41353
0.000545451	860.927	7.37096e-06	3.14285
0.000560193	847.982	7.37096e-06	3.11363
0.000574935	834.962	7.37096e-06	3.08735
0.000589677	821.609	7.37096e-06	3.06003
0.000604419	808.244	7.37096e-06	3.0232
0.00061916	794.459	7.37096e-06	2.99233
0.000633902	780.611	7.37096e-06	2.96238
0.000648644	766.704	7.37096e-06	2.93794
0.000663386	752.635	7.37096e-06	2.9113
0.000678128	738.272	7.37096e-06	2.88019
0.00069287	723.844	7.37096e-06	2.85351
0.000707612	709.885	7.37096e-06	2.83077
0.000722354	695.457	7.37096e-06	2.80537
0.000737096	680.708	7.37096e-06	2.78084
0.000751838	665.629	7.37096e-06	2.75448
0.00076658	651.389	7.37096e-06	2.73404
0.000781322	636.902	7.37096e-06	2.71029
0.000796063	622.243	7.37096e-06	2.68877
0.000810805	607.689	7.37096e-06	2.66752
0.000825547	593.327	7.37096e-06	2.64672
0.000840289	578.997	7.37096e-06	2.62719
0.000855031	564.879	7.37096e-06	2.6087
0.000869773	550.638	7.37096e-06	2.59056
0.000884515	535.934	7.37096e-06	2.56064
0.000899257	521.419	7.37096e-06	2.54126
0.000913999	507.494	7.37096e-06	2.52376
0.000928741	492.53	7.37096e-06	2.47493
0.000943483	478.732	7.37096e-06	2.45952
0.000958224	464.571	7.37096e-06	2.43884
0.000972966	450.906	7.37096e-06	2.41986
0.000987708	437.59	7.37096e-06	2.40564
0.00100245	424.178	7.37096e-06	2.38676
0.00101719	410.957	7.37096e-06	2.35495
0.00103193	397.783	7.37096e-06	2.33895
0.00104668	384.882	7.37096e-06	2.32505
0.00106142	372.333	7.37096e-06	2.31147
0.00107616	359.961	7.37096e-06	2.29911
0.0010909	347.508	7.37096e-06	2.28025
0.00110564	335.473	7.37096e-06	2.26718
0.00112039	323.572	7.37096e-06	2.25579
0.00113513	311.934	7.37096e-06	2.23487
0.00114987	300.754	7.37096e-06	2.22325
0.00116461	289.471	7.37096e-06	2.20824
0.00117935	278.705	7.37096e-06	2.19936
0.0011941	267.824	7.37096e-06	2.1863
0.00120884	257.425	7.37096e-06	2.17692
0.00122358	247.663	7.37096e-06	2.16967
0.00123832	237.736	7.37096e-06	2.16025
0.00125306	228.484	7.37096e-06	2.15333
0.0012678	218.421	7.37096e-06	2.10032
0.00128255	209.365	7.37096e-06	2.09404
0.00129729	200.36	7.37096e-06	2.08572
0.00131203	188.834	7.37096e-06	0.736703
0.00132677	180.426	7.37096e-06	0.716958
0.00134151	172.335	7.37096e-06	0.699204
0.00135626	164.444	7.37096e-06	0.673153
0.001371	156.809	7.37096e-06	0.648435
0.00138574	149.707	7.37096e-06	0.634462
0.00140048	142.601	7.37096e-06	0.619137
0.00141522	135.87	7.37096e-06	0.604485
0.00142997	129.453	7.37096e-06	0.589004
0.00144471	122.96	7.37096e-06	0.571533
0.00145945	116.648	7.37096e-06	0.544795
0.00147419	110.664	7.37096e-06	0.532178
0.00148893	104.897	7.37096e-06	0.520328
0.00150368	99.5495	7.37096e-06	0.509634
0.00151842	94.2622	7.37096e-06	0.496972
0.00153316	89.0874	7.37096e-06	0.484047
0.0015479	84.1994	7.37096e-06	0.461325
0.00156264	79.318	7.37096e-06	0.44669
0.00157738	75.1199	7.37096e-06	0.438842
0.00159213	71.0117	7.37096e-06	0.431078
0.00160687	66.9559	7.37096e-06	0.420884
0.00162161	63.0323	7.37096e-06	0.40929
0.00163635	59.1294	7.37096e-06	0.367735
0.00165109	55.5551	7.37096e-06	0.356954
0.00166584	52.213	7.37096e-06	0.349115
0.00168058	49.0578	7.37096e-06	0.337454
0.00169532	46.0289	7.37096e-06	0.330365
0.00171006	43.3026	7.37096e-06	0.324457
0.0017248	40.6251	7.37096e-06	0.316297
0.00173955	37.9557	7.37096e-06	0.295567
0.00175429	35.5376	7.37096e-06	0.288261
0.00176903	33.1997	7.37096e-06	0.282227
0.00178377	30.9127	7.37096e-06	0.274599
0.00179851	28.9294	7.37096e-06	0.269875
0.00181326	27.1206	7.37096e-06	0.266133
0.001828	25.327	7.37096e-06	0.261715
0.00184274	23.6381	7.37096e-06	0.257544
0.00185748	22.0407	7.37096e-06	0.253573
0.00187222	20.5108	7.37096e-06	0.249555
0.00188697	19.0234	7.37096e-06	0.242567
0.00190171	17.532	7.37096e-06	0.228932
0.00191645	16.2835	7.37096e-06	0.225665
0.00193119	15.0133	7.37096e-06	0.220118
0.00194593	13.7062	7.37096e-06	0.196799
0.00196067	12.7039	7.37096e-06	0.192875
0.00197542	11.5686	7.37096e-06	0.145079
0.00199016	10.6067	7.37096e-06	0.140878
0.0020049	9.74412	7.37096e-06	0.135698
0.00201964	8.95833	7.37096e-06	0.132113
0.00203438	8.24055	7.37096e-06	0.129299
0.00204913	7.52108	7.37096e-06	0.124779
0.00206387	6.8748	7.37096e-06	0.121255
0.00207861	6.2817	7.37096e-06	0.118377
0.00209335	5.74688	7.37096e-06	0.116043
0.00210809	5.21644	7.37096e-06	0.111443
0.00212284	4.69735	7.37096e-06	0.108419
0.00213758	4.24589	7.37096e-06	0.105896
0.00215232	3.82829	7.37096e-06	0.10298
0.00216706	3.44378	7.37096e-06	0.095613
0.0021818	3.1139	7.37096e-06	0.0941094
0.00219655	2.81413	7.37096e-06	0.0923199
0.00221129	2.52475	7.37096e-06	0.0896873
0.00222603	2.13496	7.37096e-06	0.0579811
0.00224077	1.89169	7.37096e-06	0.055648
0.00225551	1.66395	7.37096e-06	0.052854
0.00227025	1.47656	7.37096e-06	0.0493192
0.002285	1.27705	7.37096e-06	0.0462803
0.00229974	1.12888	7.37096e-06	0.0447868
0.00231448	0.983123	7.37096e-06	0.0429458
0.00232922	0.867273	7.37096e-06	0.0414711
0.00234396	0.749848	7.37096e-06	0.0401637
0.00235871	0.64269	7.37096e-06	0.0389756
0.00237345	0.543288	7.37096e-06	0.0374992
0.00238819	0.461284	7.37096e-06	0.0366365
0.00240293	0.390696	7.37096e-06	0.035786
0.00241767	0.323969	7.37096e-06	0.0349409
0.00243242	0.257791	7.37096e-06	0.0329857
0.00244716	0.213167	7.37096e-06	0.0317193
0.0024619	0.130466	7.37096e-06	0.0100646
0.00247664	0.101673	7.37096e-06	0.00915566
0.00249138	0.073484	7.37096e-06	0.00731484
0.00250613	0.0513752	7.37096e-06	0.00624096
0.00252087	0.0346275	7.37096e-06	0.00529448
0.00253561	0.0180921	7.37096e-06	0.00367301
0.00255035	0.00654434	7.37096e-06	0.00177583
0.00256509	0.00295928	7.37096e-06	0.00122937
