0	1126.16	7.37827e-06	4.10186
1.47565e-05	1125.46	7.37827e-06	3.83048
2.95131e-05	1125.02	7.37827e-06	3.81728
4.42696e-05	1123.11	7.37827e-06	3.70905
5.90262e-05	1121.48	7.37827e-06	3.66979
7.37827e-05	1119.82	7.37827e-06	3.64768
8.85393e-05	1117.36	7.37827e-06	3.61436
0.000103296	1114.61	7.37827e-06	3.58338
0.000118052	1111.39	7.37827e-06	3.55109
0.000132809	1107.97	7.37827e-06	3.52304
0.000147565	1103.59	7.37827e-06	3.47938
0.000162322	1099.79	7.37827e-06	3.45669
0.000177079	1094.43	7.37827e-06	3.40091
0.000191835	1089.55	7.37827e-06	3.37348
0.000206592	1083.91	7.37827e-06	3.33973
0.000221348	1077.94	7.37827e-06	3.3036
0.000236105	1071.62	7.37827e-06	3.2721
0.000250861	1064.95	7.37827e-06	3.23856
0.000265618	1058.46	7.37827e-06	3.21274
0.000280374	1051	7.37827e-06	3.17895
0.000295131	1042.56	7.37827e-06	3.12774
0.000309888	1034.43	7.37827e-06	3.09267
0.000324644	1025.9	7.37827e-06	3.05921
0.000339401	1016.92	7.37827e-06	3.01717
0.000354157	1007.61	7.37827e-06	2.97759
0.000368914	998.525	7.37827e-06	2.94763
0.00038367	988.839	7.37827e-06	2.91617
0.000398427	978.541	7.37827e-06	2.87818
0.000413183	968.37	7.37827e-06	2.84605
0.00042794	957.603	7.37827e-06	2.80618
0.000442696	946.508	7.37827e-06	2.77047
0.000457453	934.81	7.37827e-06	2.73149
0.00047221	923.256	7.37827e-06	2.69383
0.000486966	911.548	7.37827e-06	2.66076
0.000501723	899.735	7.37827e-06	2.62938
0.000516479	887.416	7.37827e-06	2.59569
0.000531236	875.224	7.37827e-06	2.56489
0.000545992	862.027	7.37827e-06	2.52583
0.000560749	848.689	7.37827e-06	2.47708
0.000575505	835.551	7.37827e-06	2.44349
0.000590262	822.299	7.37827e-06	2.41083
0.000605018	808.944	7.37827e-06	2.37897
0.000619775	794.424	7.37827e-06	2.28491
0.000634532	780.717	7.37827e-06	2.25302
0.000649288	767.162	7.37827e-06	2.22304
0.000664045	753.279	7.37827e-06	2.18794
0.000678801	738.821	7.37827e-06	2.14574
0.000693558	723.683	7.37827e-06	2.0916
0.000708314	709.248	7.37827e-06	2.059
0.000723071	694.455	7.37827e-06	2.0189
0.000737827	680.321	7.37827e-06	1.9875
0.000752584	665.489	7.37827e-06	1.95262
0.000767341	651.052	7.37827e-06	1.9162
0.000782097	636.358	7.37827e-06	1.87682
0.000796854	622.15	7.37827e-06	1.84815
0.00081161	607.423	7.37827e-06	1.81619
0.000826367	591.925	7.37827e-06	1.74268
0.000841123	577.298	7.37827e-06	1.70916
0.00085588	562.901	7.37827e-06	1.6803
0.000870636	548.416	7.37827e-06	1.64822
0.000885393	533.481	7.37827e-06	1.59915
0.000900149	519.343	7.37827e-06	1.57151
0.000914906	505.17	7.37827e-06	1.54202
0.000929663	491.191	7.37827e-06	1.51427
0.000944419	476.472	7.37827e-06	1.39977
0.000959176	462.598	7.37827e-06	1.37164
0.000973932	448.859	7.37827e-06	1.34107
0.000988689	434.709	7.37827e-06	1.30243
0.00100345	421.248	7.37827e-06	1.26571
0.0010182	408.326	7.37827e-06	1.24009
0.00103296	395.304	7.37827e-06	1.21307
0.00104771	382.594	7.37827e-06	1.1865
0.00106247	369.773	7.37827e-06	1.15746
0.00107723	357.355	7.37827e-06	1.13138
0.00109198	345.55	7.37827e-06	1.10998
0.00110674	333.597	7.37827e-06	1.08814
0.0011215	321.752	7.37827e-06	1.06234
0.00113625	310.138	7.37827e-06	1.03526
0.00115101	298.743	7.37827e-06	1.01031
0.00116577	287.554	7.37827e-06	0.983125
0.00118052	276.394	7.37827e-06	0.957212
0.00119528	265.875	7.37827e-06	0.935605
0.00121004	255.304	7.37827e-06	0.912437
0.00122479	245.375	7.37827e-06	0.892617
0.00123955	235.423	7.37827e-06	0.871096
0.00125431	225.599	7.37827e-06	0.844565
0.00126906	216.37	7.37827e-06	0.822045
0.00128382	207.146	7.37827e-06	0.799659
0.00129858	198.159	7.37827e-06	0.778782
0.00131333	189.445	7.37827e-06	0.759267
0.00132809	180.898	7.37827e-06	0.73359
0.00134285	172.78	7.37827e-06	0.711476
0.0013576	164.936	7.37827e-06	0.691888
0.00137236	157.045	7.37827e-06	0.670545
0.00138712	149.723	7.37827e-06	0.654957
0.00140187	142.101	7.37827e-06	0.615677
0.00141663	135	7.37827e-06	0.585584
0.00143139	128.298	7.37827e-06	0.565706
0.00144614	122.034	7.37827e-06	0.55054
0.0014609	115.833	7.37827e-06	0.532728
0.00147565	110.026	7.37827e-06	0.521015
0.00149041	104.243	7.37827e-06	0.507871
0.00150517	98.6901	7.37827e-06	0.496032
0.00151992	93.4545	7.37827e-06	0.483812
0.00153468	88.4423	7.37827e-06	0.454873
0.00154944	83.5072	7.37827e-06	0.438859
0.00156419	78.9673	7.37827e-06	0.429383
0.00157895	74.7221	7.37827e-06	0.419756
0.00159371	70.2742	7.37827e-06	0.392217
0.00160846	66.3489	7.37827e-06	0.382216
0.00162322	62.5204	7.37827e-06	0.370063
0.00163798	58.9889	7.37827e-06	0.361549
0.00165273	55.5926	7.37827e-06	0.353474
0.00166749	52.3133	7.37827e-06	0.337631
0.00168225	49.1116	7.37827e-06	0.327337
0.001697	46.1846	7.37827e-06	0.319313
0.00171176	43.2909	7.37827e-06	0.310458
0.00172652	40.5898	7.37827e-06	0.30004
0.00174127	38.0227	7.37827e-06	0.288195
0.00175603	35.5702	7.37827e-06	0.279937
0.00177079	33.3025	7.37827e-06	0.273493
0.00178554	31.1032	7.37827e-06	0.265705
0.0018003	29.1047	7.37827e-06	0.260421
0.00181506	27.1566	7.37827e-06	0.250551
0.00182981	25.2791	7.37827e-06	0.243158
0.00184457	23.4427	7.37827e-06	0.235947
0.00185933	21.7146	7.37827e-06	0.223126
0.00187408	20.0959	7.37827e-06	0.213151
0.00188884	18.6352	7.37827e-06	0.203974
0.00190359	17.1638	7.37827e-06	0.184404
0.00191835	15.8537	7.37827e-06	0.177801
0.00193311	14.6633	7.37827e-06	0.172248
0.00194786	13.5433	7.37827e-06	0.166823
0.00196262	12.4883	7.37827e-06	0.161823
0.00197738	11.5485	7.37827e-06	0.156225
0.00199213	10.6515	7.37827e-06	0.151611
0.00200689	9.82702	7.37827e-06	0.147681
0.00202165	9.00098	7.37827e-06	0.142252
0.0020364	8.2617	7.37827e-06	0.138944
0.00205116	7.47775	7.37827e-06	0.119119
0.00206592	6.89051	7.37827e-06	0.115953
0.00208067	6.26843	7.37827e-06	0.11171
0.00209543	5.70852	7.37827e-06	0.107612
0.00211019	5.14086	7.37827e-06	0.102508
0.00212494	4.67618	7.37827e-06	0.0998747
0.0021397	4.21095	7.37827e-06	0.0953895
0.00215446	3.74051	7.37827e-06	0.0776812
0.00216921	3.34196	7.37827e-06	0.0734677
0.00218397	3.0141	7.37827e-06	0.0699534
0.00219873	2.71898	7.37827e-06	0.0678947
0.00221348	2.42262	7.37827e-06	0.0631718
0.00222824	2.14362	7.37827e-06	0.0597627
0.002243	1.92855	7.37827e-06	0.057632
0.00225775	1.69722	7.37827e-06	0.0541457
0.00227251	1.44562	7.37827e-06	0.0482857
0.00228727	1.25707	7.37827e-06	0.0460113
0.00230202	1.09841	7.37827e-06	0.0431859
0.00231678	0.932223	7.37827e-06	0.0399719
0.00233153	0.791827	7.37827e-06	0.0378759
0.00234629	0.668216	7.37827e-06	0.0322926
0.00236105	0.569728	7.37827e-06	0.0308045
0.0023758	0.483806	7.37827e-06	0.0294167
0.00239056	0.399732	7.37827e-06	0.0269506
0.00240532	0.30919	7.37827e-06	0.0209522
0.00242007	0.260578	7.37827e-06	0.0200859
0.00243483	0.216997	7.37827e-06	0.0188761
0.00244959	0.165937	7.37827e-06	0.0146765
0.00246434	0.111746	7.37827e-06	0.0110986
0.0024791	0.0894797	7.37827e-06	0.0101529
0.00249386	0.0746558	7.37827e-06	0.00957736
0.00250861	0.0492171	7.37827e-06	0.00764407
0.00252337	0.0303869	7.37827e-06	0.00651582
0.00253813	0.0211108	7.37827e-06	0.00565273
0.00255288	0.00648713	7.37827e-06	0.0024121
0.00256764	0.000542426	7.37827e-06	0.000542435
