7.38926e-06	0.0661651	7.38926e-06	0.0661651
2.21678e-05	1.19963	7.38926e-06	0.623623
3.69463e-05	2.49232	7.38926e-06	0.544662
5.17248e-05	4.77373	7.38926e-06	0.665684
6.65034e-05	7.23231	7.38926e-06	1.01654
8.12819e-05	11.8901	7.38926e-06	1.23445
9.60604e-05	18.0722	7.38926e-06	1.76594
0.000110839	23.0389	7.38926e-06	1.87545
0.000125617	32.375	7.38926e-06	2.3083
0.000140396	38.9049	7.38926e-06	3.41333
0.000155175	42.1007	7.38926e-06	2.66207
0.000169953	56.9836	7.38926e-06	5.98035
0.000184732	69.8131	7.38926e-06	3.88191
0.00019951	79.2515	7.38926e-06	3.81683
0.000214289	94.0293	7.38926e-06	5.18725
0.000229067	91.7958	7.38926e-06	3.60415
0.000243846	109.349	7.38926e-06	4.50598
0.000258624	125.025	7.38926e-06	4.43987
0.000273403	135.881	7.38926e-06	5.82753
0.000288181	156.702	7.38926e-06	6.15586
0.00030296	157.635	7.38926e-06	4.72565
0.000317738	177.973	7.38926e-06	5.11099
0.000332517	191.598	7.38926e-06	6.2697
0.000347295	218.105	7.38926e-06	5.85149
0.000362074	245.654	7.38926e-06	8.52048
0.000376852	245.335	7.38926e-06	6.18263
0.000391631	276.536	7.38926e-06	7.12274
0.00040641	375.762	7.38926e-06	40.8969
0.000421188	342.568	7.38926e-06	23.8903
0.000435967	334.656	7.38926e-06	8.64775
0.000450745	356.398	7.38926e-06	9.67736
0.000465524	391.902	7.38926e-06	11.5308
0.000480302	392.963	7.38926e-06	12.0437
0.000495081	405.462	7.38926e-06	10.5524
0.000509859	413.41	7.38926e-06	7.68312
0.000524638	461.406	7.38926e-06	11.8408
0.000539416	467.636	7.38926e-06	9.38193
0.000554195	484.481	7.38926e-06	8.76748
0.000568973	555.928	7.38926e-06	36.8196
0.000583752	517.051	7.38926e-06	8.3698
0.00059853	567.799	7.38926e-06	10.6689
0.000613309	561.513	7.38926e-06	9.66051
0.000628087	587.872	7.38926e-06	9.26025
0.000642866	593.15	7.38926e-06	8.88648
0.000657645	631.356	7.38926e-06	11.6203
0.000672423	641.521	7.38926e-06	10.245
0.000687202	696.318	7.38926e-06	20.6038
0.00070198	681.019	7.38926e-06	9.19555
0.000716759	694.587	7.38926e-06	9.67743
0.000731537	706.127	7.38926e-06	10.8856
0.000746316	748.216	7.38926e-06	10.6823
0.000761094	754.404	7.38926e-06	10.8631
0.000775873	765.064	7.38926e-06	10.0209
0.000790651	784.645	7.38926e-06	10.6926
0.00080543	828.877	7.38926e-06	18.755
0.000820208	846.287	7.38926e-06	12.6766
0.000834987	807.676	7.38926e-06	10.0375
0.000849765	827.437	7.38926e-06	9.39652
0.000864544	843.124	7.38926e-06	10.8447
0.000879322	851.5	7.38926e-06	10.5819
0.000894101	855.922	7.38926e-06	9.74356
0.000908879	856.451	7.38926e-06	9.83292
0.000923658	915.623	7.38926e-06	13.4325
0.000938437	912.227	7.38926e-06	11.6481
0.000953215	903.548	7.38926e-06	15.8598
0.000967994	894.505	7.38926e-06	10.4839
0.000982772	898.251	7.38926e-06	9.79126
0.000997551	895.33	7.38926e-06	9.47528
0.00101233	917.092	7.38926e-06	10.4886
0.00102711	916.021	7.38926e-06	11.6126
0.00104189	908.957	7.38926e-06	9.52806
0.00105666	900.058	7.38926e-06	9.82732
0.00107144	914.912	7.38926e-06	10.4555
0.00108622	899.449	7.38926e-06	9.49085
0.001101	876.515	7.38926e-06	10.0625
0.00111578	904.771	7.38926e-06	10.1809
0.00113056	895.552	7.38926e-06	10.5469
0.00114534	859.827	7.38926e-06	9.15122
0.00116011	866.489	7.38926e-06	9.35091
0.00117489	868.158	7.38926e-06	8.83009
0.00118967	857.51	7.38926e-06	10.2373
0.00120445	839.198	7.38926e-06	8.83032
0.00121923	834.374	7.38926e-06	11.5387
0.00123401	841.502	7.38926e-06	10.3593
0.00124879	810.497	7.38926e-06	8.44036
0.00126356	811.191	7.38926e-06	13.3676
0.00127834	790.485	7.38926e-06	8.07514
0.00129312	769.953	7.38926e-06	8.2885
0.0013079	769.253	7.38926e-06	9.25762
0.00132268	752.061	7.38926e-06	8.1208
0.00133746	737.601	7.38926e-06	7.814
0.00135224	717.855	7.38926e-06	7.5689
0.00136701	695.44	7.38926e-06	8.02835
0.00138179	689.228	7.38926e-06	7.87615
0.00139657	669.494	7.38926e-06	7.33554
0.00141135	639.462	7.38926e-06	7.01798
0.00142613	642.546	7.38926e-06	7.59246
0.00144091	606.301	7.38926e-06	6.66954
0.00145569	601.495	7.38926e-06	6.57649
0.00147046	590.834	7.38926e-06	6.66759
0.00148524	563.8	7.38926e-06	6.59847
0.00150002	552.358	7.38926e-06	6.27556
0.0015148	541.596	7.38926e-06	6.90624
0.00152958	519.416	7.38926e-06	6.12584
0.00154436	494.419	7.38926e-06	5.82365
0.00155913	482.161	7.38926e-06	5.83056
0.00157391	462.649	7.38926e-06	5.6268
0.00158869	448.535	7.38926e-06	5.6852
0.00160347	449.949	7.38926e-06	9.41517
0.00161825	418.291	7.38926e-06	5.33548
0.00163303	399.68	7.38926e-06	5.08359
0.00164781	387.243	7.38926e-06	5.05606
0.00166258	377.198	7.38926e-06	5.07734
0.00167736	353.377	7.38926e-06	4.78478
0.00169214	351.852	7.38926e-06	4.71804
0.00170692	335.186	7.38926e-06	4.66631
0.0017217	314.14	7.38926e-06	4.664
0.00173648	299.054	7.38926e-06	4.32715
0.00175126	287.486	7.38926e-06	4.26055
0.00176603	276.878	7.38926e-06	4.15659
0.00178081	264.814	7.38926e-06	4.08316
0.00179559	254.622	7.38926e-06	3.9801
0.00181037	242.644	7.38926e-06	3.8646
0.00182515	226.239	7.38926e-06	3.7315
0.00183993	215.441	7.38926e-06	3.61768
0.00185471	203.546	7.38926e-06	3.49338
0.00186948	196.558	7.38926e-06	3.42931
0.00188426	187.348	7.38926e-06	3.37286
0.00189904	172.982	7.38926e-06	3.19612
0.00191382	163.536	7.38926e-06	3.11471
0.0019286	155.604	7.38926e-06	3.02329
0.00194338	151.564	7.38926e-06	2.98181
0.00195816	137.942	7.38926e-06	2.81892
0.00197293	132.189	7.38926e-06	2.77504
0.00198771	119.987	7.38926e-06	2.62052
0.00200249	113.263	7.38926e-06	2.55368
0.00201727	109.414	7.38926e-06	2.49705
0.00203205	99.8437	7.38926e-06	2.37202
0.00204683	90.234	7.38926e-06	2.27299
0.0020616	89.3605	7.38926e-06	2.24204
0.00207638	81.4336	7.38926e-06	2.13415
0.00209116	77.5703	7.38926e-06	2.08352
0.00210594	70.1999	7.38926e-06	1.9875
0.00212072	68.1127	7.38926e-06	1.93698
0.0021355	64.3735	7.38926e-06	1.88545
0.00215028	57.0481	7.38926e-06	1.76541
0.00216505	50.378	7.38926e-06	1.66011
0.00217983	48.5238	7.38926e-06	1.6258
0.00219461	45.8312	7.38926e-06	1.5734
0.00220939	41.0914	7.38926e-06	1.4867
0.00222417	39.1386	7.38926e-06	1.45124
0.00223895	33.3077	7.38926e-06	1.33864
0.00225373	32.8422	7.38926e-06	1.31982
0.0022685	29.558	7.38926e-06	1.25196
0.00228328	27.205	7.38926e-06	1.19918
0.00229806	24.1101	7.38926e-06	1.12555
0.00231284	22.0397	7.38926e-06	1.07678
0.00232762	21.5729	7.38926e-06	1.06097
0.0023424	17.0723	7.38926e-06	0.9408
0.00235718	17.63	7.38926e-06	0.949795
0.00237195	14.5585	7.38926e-06	0.865775
0.00238673	13.209	7.38926e-06	0.820639
0.00240151	13.1011	7.38926e-06	0.813558
0.00241629	9.85433	7.38926e-06	0.704658
0.00243107	8.50291	7.38926e-06	0.652822
0.00244585	8.4029	7.38926e-06	0.644953
0.00246062	6.9396	7.38926e-06	0.586875
0.0024754	5.42387	7.38926e-06	0.51741
0.00249018	4.65141	7.38926e-06	0.477423
0.00250496	4.13396	7.38926e-06	0.448501
0.00251974	3.20141	7.38926e-06	0.39417
0.00253452	2.02461	7.38926e-06	0.312443
0.0025493	1.52894	7.38926e-06	0.270302
0.00256407	0.711612	7.38926e-06	0.183744
0.00257885	0.188683	7.38926e-06	0.0943414
