7.38283e-06	0.240235	7.38283e-06	0.10394
2.21485e-05	0.72559	7.38283e-06	0.233105
3.69142e-05	2.2386	7.38283e-06	0.479877
5.16798e-05	4.69611	7.38283e-06	0.684408
6.64455e-05	6.59838	7.38283e-06	0.605554
8.12112e-05	12.55	7.38283e-06	1.14919
9.59768e-05	17.6275	7.38283e-06	1.2855
0.000110743	19.9405	7.38283e-06	1.14699
0.000125508	29.3717	7.38283e-06	1.81314
0.000140274	32.7106	7.38283e-06	1.55996
0.00015504	52.0586	7.38283e-06	3.1247
0.000169805	53.4916	7.38283e-06	3.02112
0.000184571	63.2413	7.38283e-06	2.65814
0.000199337	76.2674	7.38283e-06	7.09497
0.000214102	80.8996	7.38283e-06	2.73573
0.000228868	102.919	7.38283e-06	3.67501
0.000243634	110.631	7.38283e-06	3.826
0.000258399	120.478	7.38283e-06	4.25549
0.000273165	135.311	7.38283e-06	3.55113
0.000287931	150.532	7.38283e-06	4.73133
0.000302696	199.435	7.38283e-06	29.8963
0.000317462	181.689	7.38283e-06	4.36386
0.000332228	205.83	7.38283e-06	8.949
0.000346993	217.798	7.38283e-06	6.8255
0.000361759	232.668	7.38283e-06	5.51874
0.000376525	272.932	7.38283e-06	9.00549
0.00039129	271.247	7.38283e-06	6.51312
0.000406056	283.222	7.38283e-06	5.90104
0.000420822	306.492	7.38283e-06	7.36739
0.000435587	328.523	7.38283e-06	6.80438
0.000450353	344.14	7.38283e-06	7.30143
0.000465119	368.906	7.38283e-06	10.8706
0.000479884	381.437	7.38283e-06	7.36909
0.00049465	388.646	7.38283e-06	6.91347
0.000509416	450.251	7.38283e-06	11.0124
0.000524181	459.826	7.38283e-06	8.4241
0.000538947	479.8	7.38283e-06	13.7706
0.000553713	487.803	7.38283e-06	8.08716
0.000568478	555.991	7.38283e-06	14.2363
0.000583244	534.777	7.38283e-06	9.03586
0.00059801	554.794	7.38283e-06	15.7217
0.000612775	578.528	7.38283e-06	11.186
0.000627541	586.901	7.38283e-06	12.6587
0.000642307	604.773	7.38283e-06	9.28396
0.000657072	634.047	7.38283e-06	10.8983
0.000671838	668.145	7.38283e-06	13.9674
0.000686604	670.542	7.38283e-06	11.4989
0.000701369	685.072	7.38283e-06	10.4444
0.000716135	715.505	7.38283e-06	11.2897
0.000730901	714.481	7.38283e-06	11.0905
0.000745666	730.701	7.38283e-06	10.6066
0.000760432	769.594	7.38283e-06	15.4861
0.000775198	765.426	7.38283e-06	10.9776
0.000789963	786.292	7.38283e-06	11.8596
0.000804729	785.247	7.38283e-06	10.6419
0.000819495	799.317	7.38283e-06	11.1765
0.00083426	819.641	7.38283e-06	11.405
0.000849026	872.788	7.38283e-06	25.5612
0.000863792	846.809	7.38283e-06	11.9062
0.000878557	875.346	7.38283e-06	14.5513
0.000893323	872.168	7.38283e-06	12.9379
0.000908089	851.603	7.38283e-06	11.4839
0.000922854	905.716	7.38283e-06	20.5869
0.00093762	880.905	7.38283e-06	11.5018
0.000952386	883.324	7.38283e-06	11.5492
0.000967151	891.711	7.38283e-06	15.7064
0.000981917	904.442	7.38283e-06	12.3305
0.000996683	892.759	7.38283e-06	11.6027
0.00101145	898.889	7.38283e-06	15.1384
0.00102621	915.913	7.38283e-06	20.5325
0.00104098	905.012	7.38283e-06	13.591
0.00105575	899.858	7.38283e-06	12.9138
0.00107051	952.845	7.38283e-06	34.1446
0.00108528	907.367	7.38283e-06	13.6543
0.00110004	874.905	7.38283e-06	14.1523
0.00111481	916.7	7.38283e-06	15.9728
0.00112957	881.308	7.38283e-06	12.0265
0.00114434	869.775	7.38283e-06	12.7373
0.00115911	879.824	7.38283e-06	13.1339
0.00117387	880.284	7.38283e-06	16.0648
0.00118864	858.881	7.38283e-06	11.438
0.0012034	858.721	7.38283e-06	13.9568
0.00121817	811.429	7.38283e-06	11.95
0.00123293	834.06	7.38283e-06	14.094
0.0012477	814.499	7.38283e-06	12.3126
0.00126246	798.631	7.38283e-06	12.3883
0.00127723	782.243	7.38283e-06	11.5777
0.001292	769.703	7.38283e-06	12.0734
0.00130676	761.448	7.38283e-06	12.4745
0.00132153	726.558	7.38283e-06	11.5683
0.00133629	713.425	7.38283e-06	12.4834
0.00135106	732.332	7.38283e-06	14.5027
0.00136582	703.942	7.38283e-06	13.6778
0.00138059	701.287	7.38283e-06	15.6844
0.00139536	684.846	7.38283e-06	13.7011
0.00141012	654.141	7.38283e-06	16.5843
0.00142489	639.183	7.38283e-06	11.9521
0.00143965	648.662	7.38283e-06	17.2592
0.00145442	630.066	7.38283e-06	13.7943
0.00146918	583.611	7.38283e-06	13.2884
0.00148395	550.657	7.38283e-06	9.28239
0.00149872	562.878	7.38283e-06	10.267
0.00151348	530.442	7.38283e-06	9.86274
0.00152825	515.872	7.38283e-06	10.8445
0.00154301	517.998	7.38283e-06	16.0654
0.00155778	469.873	7.38283e-06	9.17899
0.00157254	479.937	7.38283e-06	11.2009
0.00158731	451.441	7.38283e-06	8.90334
0.00160208	453.059	7.38283e-06	10.1853
0.00161684	437.517	7.38283e-06	10.0312
0.00163161	404.551	7.38283e-06	8.35126
0.00164637	391.595	7.38283e-06	10.0646
0.00166114	385.603	7.38283e-06	9.36168
0.0016759	348.208	7.38283e-06	7.27214
0.00169067	361.901	7.38283e-06	12.4108
0.00170543	338.16	7.38283e-06	12.4963
0.0017202	336.831	7.38283e-06	14.4386
0.00173497	280.642	7.38283e-06	7.56569
0.00174973	270.059	7.38283e-06	6.43357
0.0017645	259.124	7.38283e-06	7.1162
0.00177926	242.044	7.38283e-06	6.0521
0.00179403	254.544	7.38283e-06	8.73609
0.00180879	238.486	7.38283e-06	7.53878
0.00182356	232.207	7.38283e-06	7.61382
0.00183833	234.795	7.38283e-06	10.5257
0.00185309	199.907	7.38283e-06	6.23258
0.00186786	199.835	7.38283e-06	6.84507
0.00188262	182.753	7.38283e-06	5.86827
0.00189739	183.988	7.38283e-06	7.70481
0.00191215	153.028	7.38283e-06	5.2499
0.00192692	145.792	7.38283e-06	5.48604
0.00194169	156.031	7.38283e-06	7.08794
0.00195645	161.718	7.38283e-06	11.4693
0.00197122	121.964	7.38283e-06	4.66837
0.00198598	115.137	7.38283e-06	5.31233
0.00200075	116.543	7.38283e-06	5.80804
0.00201551	110.426	7.38283e-06	5.49146
0.00203028	94.4086	7.38283e-06	4.18063
0.00204505	89.3316	7.38283e-06	3.95735
0.00205981	86.8013	7.38283e-06	4.11914
0.00207458	83.7015	7.38283e-06	4.26767
0.00208934	74.5646	7.38283e-06	3.90499
0.00210411	78.3184	7.38283e-06	4.12194
0.00211887	62.8108	7.38283e-06	4.79219
0.00213364	63.616	7.38283e-06	4.60908
0.0021484	57.4562	7.38283e-06	3.80358
0.00216317	50.881	7.38283e-06	2.82261
0.00217794	49.181	7.38283e-06	3.49448
0.0021927	51.749	7.38283e-06	5.29817
0.00220747	39.9945	7.38283e-06	2.52458
0.00222223	41.3722	7.38283e-06	3.70578
0.002237	38.0108	7.38283e-06	2.95536
0.00225176	28.3065	7.38283e-06	1.96732
0.00226653	32.6597	7.38283e-06	2.74679
0.0022813	25.7622	7.38283e-06	2.03907
0.00229606	24.7966	7.38283e-06	2.01654
0.00231083	23.508	7.38283e-06	2.54151
0.00232559	20.835	7.38283e-06	2.52729
0.00234036	19.116	7.38283e-06	2.40156
0.00235512	38.3055	7.38283e-06	14.7939
0.00236989	15.0899	7.38283e-06	1.65905
0.00238466	12.6306	7.38283e-06	1.50627
0.00239942	9.86102	7.38283e-06	1.94561
0.00241419	11.2051	7.38283e-06	1.69684
0.00242895	7.55946	7.38283e-06	1.27824
0.00244372	9.26585	7.38283e-06	1.57589
0.00245848	7.37212	7.38283e-06	1.15889
0.00247325	5.82079	7.38283e-06	1.1124
0.00248802	4.61249	7.38283e-06	1.84322
0.00250278	2.94171	7.38283e-06	0.960409
0.00251755	2.83176	7.38283e-06	0.856185
0.00253231	1.04617	7.38283e-06	0.404016
0.00254708	0.894541	7.38283e-06	0.490057
0.00256184	1.63175	7.38283e-06	0.869945
