7.36406e-06	0.0365954	7.36406e-06	0.0365954
2.20922e-05	0.785313	7.36406e-06	0.248652
3.68203e-05	3.27859	7.36406e-06	0.64624
5.15484e-05	5.2589	7.36406e-06	0.674284
6.62765e-05	7.55023	7.36406e-06	0.830227
8.10047e-05	11.2289	7.36406e-06	1.13621
9.57328e-05	18.6557	7.36406e-06	1.92051
0.000110461	26.1869	7.36406e-06	3.52791
0.000125189	35.6062	7.36406e-06	6.15317
0.000139917	32.9854	7.36406e-06	1.72362
0.000154645	43.8147	7.36406e-06	2.20671
0.000169373	51.6547	7.36406e-06	2.53617
0.000184101	65.1137	7.36406e-06	3.7152
0.00019883	74.7536	7.36406e-06	4.14188
0.000213558	85.8564	7.36406e-06	3.10357
0.000228286	89.2674	7.36406e-06	3.09482
0.000243014	107.922	7.36406e-06	5.6675
0.000257742	117.551	7.36406e-06	3.6793
0.00027247	129.378	7.36406e-06	3.97679
0.000287198	152.624	7.36406e-06	5.81928
0.000301926	178.064	7.36406e-06	15.7487
0.000316655	174.926	7.36406e-06	5.07069
0.000331383	198.776	7.36406e-06	5.37457
0.000346111	212.502	7.36406e-06	5.05705
0.000360839	229.092	7.36406e-06	5.27261
0.000375567	256.12	7.36406e-06	6.41876
0.000390295	259.775	7.36406e-06	5.88352
0.000405023	283.65	7.36406e-06	6.02623
0.000419751	311.995	7.36406e-06	8.48208
0.00043448	316.336	7.36406e-06	6.28071
0.000449208	332.243	7.36406e-06	7.02909
0.000463936	356.96	7.36406e-06	7.9416
0.000478664	376.487	7.36406e-06	8.1212
0.000493392	403.251	7.36406e-06	10.0486
0.00050812	420.349	7.36406e-06	9.7742
0.000522848	457.8	7.36406e-06	12.5317
0.000537576	451.05	7.36406e-06	8.67464
0.000552304	469.779	7.36406e-06	7.77312
0.000567033	505.91	7.36406e-06	10.142
0.000581761	522.904	7.36406e-06	8.75175
0.000596489	531.653	7.36406e-06	8.12254
0.000611217	564.913	7.36406e-06	9.69002
0.000625945	576.418	7.36406e-06	9.38417
0.000640673	618.305	7.36406e-06	12.603
0.000655401	647.426	7.36406e-06	13.6093
0.000670129	652.292	7.36406e-06	10.1966
0.000684858	651.571	7.36406e-06	9.63527
0.000699586	695.082	7.36406e-06	12.0271
0.000714314	733.258	7.36406e-06	16.6499
0.000729042	716.038	7.36406e-06	11.147
0.00074377	721.74	7.36406e-06	10.3815
0.000758498	779.165	7.36406e-06	17.0717
0.000773226	762.518	7.36406e-06	13.3252
0.000787954	800.084	7.36406e-06	14.7925
0.000802682	783.755	7.36406e-06	11.4412
0.000817411	828.726	7.36406e-06	24.6438
0.000832139	814.764	7.36406e-06	12.4874
0.000846867	854.521	7.36406e-06	15.831
0.000861595	842.006	7.36406e-06	11.0196
0.000876323	867.092	7.36406e-06	13.1936
0.000891051	841.718	7.36406e-06	10.7068
0.000905779	886.335	7.36406e-06	12.7751
0.000920507	869.923	7.36406e-06	11.4069
0.000935236	896.003	7.36406e-06	16.6152
0.000949964	867.627	7.36406e-06	12.1402
0.000964692	891.41	7.36406e-06	11.7359
0.00097942	887.088	7.36406e-06	11.5791
0.000994148	874.247	7.36406e-06	10.9737
0.00100888	869.23	7.36406e-06	10.8867
0.0010236	911.221	7.36406e-06	11.2169
0.00103833	921.316	7.36406e-06	15.0645
0.00105306	916.262	7.36406e-06	15.2774
0.00106779	891.605	7.36406e-06	11.4041
0.00108252	905.969	7.36406e-06	11.48
0.00109724	910.822	7.36406e-06	12.6743
0.00111197	876.304	7.36406e-06	10.8245
0.0011267	908.721	7.36406e-06	15.7509
0.00114143	882.97	7.36406e-06	12.1456
0.00115616	873.145	7.36406e-06	13.0171
0.00117089	880.459	7.36406e-06	20.4204
0.00118561	873.748	7.36406e-06	15.6492
0.00120034	904.955	7.36406e-06	34.9413
0.00121507	843.406	7.36406e-06	11.5982
0.0012298	824.794	7.36406e-06	11.9878
0.00124453	800.443	7.36406e-06	9.99007
0.00125925	785.582	7.36406e-06	10.2435
0.00127398	810.843	7.36406e-06	10.5219
0.00128871	772.387	7.36406e-06	11.2915
0.00130344	827.442	7.36406e-06	38.5568
0.00131817	752.646	7.36406e-06	11.5676
0.00133289	774.186	7.36406e-06	23.3429
0.00134762	724.559	7.36406e-06	10.5594
0.00136235	704.621	7.36406e-06	9.68775
0.00137708	694.662	7.36406e-06	11.8259
0.00139181	690.918	7.36406e-06	10.1702
0.00140654	664.998	7.36406e-06	10.5591
0.00142126	638.946	7.36406e-06	10.0531
0.00143599	777.474	7.36406e-06	81.8042
0.00145072	606.969	7.36406e-06	9.91674
0.00146545	587.975	7.36406e-06	9.60882
0.00148018	569.789	7.36406e-06	9.70858
0.0014949	567.448	7.36406e-06	9.3161
0.00150963	544.575	7.36406e-06	8.77735
0.00152436	517.173	7.36406e-06	7.95397
0.00153909	498.416	7.36406e-06	7.71375
0.00155382	476.878	7.36406e-06	7.00649
0.00156854	484.543	7.36406e-06	10.5609
0.00158327	465.337	7.36406e-06	8.94532
0.001598	443.587	7.36406e-06	7.70725
0.00161273	420.193	7.36406e-06	7.5933
0.00162746	401.121	7.36406e-06	6.67421
0.00164219	381.713	7.36406e-06	7.10412
0.00165691	382.974	7.36406e-06	6.94081
0.00167164	356.832	7.36406e-06	6.80777
0.00168637	355.893	7.36406e-06	7.11809
0.0017011	336.321	7.36406e-06	9.92274
0.00171583	316.928	7.36406e-06	6.89968
0.00173055	305.688	7.36406e-06	10.1533
0.00174528	284.16	7.36406e-06	6.05598
0.00176001	288.358	7.36406e-06	6.17578
0.00177474	267.177	7.36406e-06	7.77039
0.00178947	260.686	7.36406e-06	6.59512
0.00180419	252.155	7.36406e-06	7.37781
0.00181892	232.635	7.36406e-06	5.28288
0.00183365	223.818	7.36406e-06	5.77858
0.00184838	219.475	7.36406e-06	7.70315
0.00186311	195.777	7.36406e-06	5.80868
0.00187784	179.422	7.36406e-06	4.65591
0.00189256	186.393	7.36406e-06	6.75955
0.00190729	162.566	7.36406e-06	4.40461
0.00192202	166.478	7.36406e-06	9.43058
0.00193675	153.479	7.36406e-06	4.7222
0.00195148	148.957	7.36406e-06	5.26853
0.0019662	132.027	7.36406e-06	3.88842
0.00198093	121.113	7.36406e-06	3.58407
0.00199566	115.94	7.36406e-06	3.48782
0.00201039	107.762	7.36406e-06	3.67623
0.00202512	104.556	7.36406e-06	3.21485
0.00203984	102.914	7.36406e-06	5.5357
0.00205457	123.43	7.36406e-06	23.4574
0.0020693	88.0017	7.36406e-06	3.65045
0.00208403	78.783	7.36406e-06	3.19225
0.00209876	76.8727	7.36406e-06	3.72129
0.00211349	66.443	7.36406e-06	2.62375
0.00212821	63.6522	7.36406e-06	2.71328
0.00214294	58.22	7.36406e-06	2.39797
0.00215767	54.2288	7.36406e-06	2.28702
0.0021724	50.4451	7.36406e-06	2.23596
0.00218713	43.699	7.36406e-06	1.86599
0.00220185	40.1949	7.36406e-06	1.81673
0.00221658	38.7968	7.36406e-06	1.80976
0.00223131	38.8604	7.36406e-06	2.1593
0.00224604	35.1811	7.36406e-06	1.89183
0.00226077	30.2984	7.36406e-06	1.58777
0.00227549	26.606	7.36406e-06	1.48505
0.00229022	28.1887	7.36406e-06	1.64866
0.00230495	22.1887	7.36406e-06	1.40993
0.00231968	20.3775	7.36406e-06	1.36123
0.00233441	18.8239	7.36406e-06	1.15609
0.00234913	17.2014	7.36406e-06	1.50735
0.00236386	17.6811	7.36406e-06	1.33559
0.00237859	13.1952	7.36406e-06	0.98421
0.00239332	10.3128	7.36406e-06	0.821213
0.00240805	10.0684	7.36406e-06	0.823515
0.00242278	10.3771	7.36406e-06	0.824453
0.0024375	8.69596	7.36406e-06	0.802741
0.00245223	7.1321	7.36406e-06	0.717851
0.00246696	6.85785	7.36406e-06	0.690082
0.00248169	4.78452	7.36406e-06	0.558869
0.00249642	4.89944	7.36406e-06	0.55169
0.00251114	3.27984	7.36406e-06	0.440415
0.00252587	1.84362	7.36406e-06	0.338881
0.0025406	1.60937	7.36406e-06	0.301395
0.00255533	1.46773	7.36406e-06	0.297009
0.00257006	0.594372	7.36406e-06	0.188659
0.00258478	0.0510616	7.36406e-06	0.0510616
