7.3686e-06	0.280746	7.3686e-06	0.132391
2.21058e-05	1.67564	7.3686e-06	0.519466
3.6843e-05	2.4178	7.3686e-06	0.444592
5.15802e-05	3.65746	7.3686e-06	0.519699
6.63174e-05	6.40296	7.3686e-06	0.749748
8.10546e-05	12.0919	7.3686e-06	1.45441
9.57918e-05	17.6752	7.3686e-06	1.49615
0.000110529	29.375	7.3686e-06	4.99779
0.000125266	31.0639	7.3686e-06	2.40045
0.000140003	34.3273	7.3686e-06	2.09003
0.000154741	45.5831	7.3686e-06	2.64235
0.000169478	58.7081	7.3686e-06	4.09743
0.000184215	60.4374	7.3686e-06	2.67722
0.000198952	75.8084	7.3686e-06	3.89753
0.000213689	86.7913	7.3686e-06	3.45356
0.000228427	106.859	7.3686e-06	6.91428
0.000243164	109.704	7.3686e-06	4.23744
0.000257901	122.5	7.3686e-06	5.73287
0.000272638	132.379	7.3686e-06	4.58039
0.000287375	144.807	7.3686e-06	4.52168
0.000302113	160.222	7.3686e-06	4.71715
0.00031685	191.118	7.3686e-06	6.24173
0.000331587	198.396	7.3686e-06	5.61083
0.000346324	214.407	7.3686e-06	6.41156
0.000361061	233.657	7.3686e-06	7.01702
0.000375798	250.358	7.3686e-06	6.27516
0.000390536	271.634	7.3686e-06	10.0931
0.000405273	286.868	7.3686e-06	6.87558
0.00042001	296.432	7.3686e-06	6.21082
0.000434747	321.195	7.3686e-06	6.91073
0.000449484	342.25	7.3686e-06	7.06098
0.000464222	373.69	7.3686e-06	8.39943
0.000478959	368.115	7.3686e-06	7.3774
0.000493696	384.534	7.3686e-06	7.70479
0.000508433	424.075	7.3686e-06	7.76801
0.00052317	456.594	7.3686e-06	9.4819
0.000537908	472.38	7.3686e-06	11.9025
0.000552645	477.1	7.3686e-06	9.47246
0.000567382	489.91	7.3686e-06	7.79576
0.000582119	528.953	7.3686e-06	9.36476
0.000596856	560.756	7.3686e-06	12.3014
0.000611594	572.625	7.3686e-06	9.58122
0.000626331	569.308	7.3686e-06	9.93367
0.000641068	620.221	7.3686e-06	9.67762
0.000655805	597.454	7.3686e-06	9.62009
0.000670542	632.901	7.3686e-06	9.52049
0.00068528	663.137	7.3686e-06	9.79577
0.000700017	691.793	7.3686e-06	13.0938
0.000714754	724.175	7.3686e-06	11.9787
0.000729491	711.524	7.3686e-06	11.6839
0.000744228	734.7	7.3686e-06	10.5407
0.000758966	740.935	7.3686e-06	10.2164
0.000773703	752.838	7.3686e-06	11.0438
0.00078844	778.641	7.3686e-06	12.3942
0.000803177	802.796	7.3686e-06	11.5124
0.000817914	790.915	7.3686e-06	10.39
0.000832652	857.521	7.3686e-06	13.3358
0.000847389	839.148	7.3686e-06	11.5144
0.000862126	868.497	7.3686e-06	13.6374
0.000876863	868.593	7.3686e-06	12.0909
0.0008916	878.583	7.3686e-06	12.413
0.000906338	861.643	7.3686e-06	10.4531
0.000921075	911.994	7.3686e-06	17.8094
0.000935812	893.848	7.3686e-06	11.2063
0.000950549	898.996	7.3686e-06	12.2223
0.000965286	896.257	7.3686e-06	11.1637
0.000980024	895.307	7.3686e-06	12.6549
0.000994761	932.069	7.3686e-06	22.3096
0.0010095	933.275	7.3686e-06	13.0519
0.00102424	919.665	7.3686e-06	10.9244
0.00103897	903.863	7.3686e-06	10.8198
0.00105371	920.026	7.3686e-06	12.0554
0.00106845	879.56	7.3686e-06	10.8867
0.00108318	909.97	7.3686e-06	10.4294
0.00109792	906.013	7.3686e-06	10.6826
0.00111266	913.938	7.3686e-06	11.6972
0.0011274	960.958	7.3686e-06	47.0745
0.00114213	866.194	7.3686e-06	11.3124
0.00115687	851.724	7.3686e-06	10.0718
0.00117161	849.707	7.3686e-06	9.71845
0.00118634	873.707	7.3686e-06	12.3837
0.00120108	842.67	7.3686e-06	14.0061
0.00121582	835.269	7.3686e-06	10.739
0.00123056	822.192	7.3686e-06	10.1805
0.00124529	812.292	7.3686e-06	12.2623
0.00126003	808.958	7.3686e-06	12.9203
0.00127477	775.99	7.3686e-06	9.32175
0.0012895	771.272	7.3686e-06	10.1133
0.00130424	751.79	7.3686e-06	9.17579
0.00131898	761.435	7.3686e-06	16.884
0.00133372	734.89	7.3686e-06	9.41855
0.00134845	728.881	7.3686e-06	10.9117
0.00136319	707.842	7.3686e-06	9.25286
0.00137793	700.474	7.3686e-06	9.63491
0.00139266	701.254	7.3686e-06	10.8088
0.0014074	666.263	7.3686e-06	9.90309
0.00142214	639.656	7.3686e-06	9.54878
0.00143688	634.781	7.3686e-06	8.64737
0.00145161	592.34	7.3686e-06	8.31856
0.00146635	589.489	7.3686e-06	8.95222
0.00148109	571.24	7.3686e-06	8.6694
0.00149583	562.422	7.3686e-06	9.45302
0.00151056	540.197	7.3686e-06	7.9779
0.0015253	535.088	7.3686e-06	8.68564
0.00154004	504.041	7.3686e-06	7.1992
0.00155477	503.222	7.3686e-06	9.94148
0.00156951	484.889	7.3686e-06	7.83486
0.00158425	472.015	7.3686e-06	8.07385
0.00159899	449.146	7.3686e-06	8.29602
0.00161372	445.473	7.3686e-06	7.93301
0.00162846	410.371	7.3686e-06	6.32084
0.0016432	394.009	7.3686e-06	10.9006
0.00165793	386.384	7.3686e-06	7.18064
0.00167267	369.233	7.3686e-06	8.1093
0.00168741	347.112	7.3686e-06	5.84737
0.00170215	344.44	7.3686e-06	6.69126
0.00171688	324.978	7.3686e-06	7.07379
0.00173162	316.486	7.3686e-06	5.73085
0.00174636	295.624	7.3686e-06	5.46402
0.00176109	281.529	7.3686e-06	5.85223
0.00177583	259.697	7.3686e-06	4.63433
0.00179057	251.784	7.3686e-06	5.68376
0.00180531	238.675	7.3686e-06	5.43731
0.00182004	233.31	7.3686e-06	5.13558
0.00183478	216.62	7.3686e-06	4.58636
0.00184952	212.581	7.3686e-06	4.54102
0.00186426	198.62	7.3686e-06	4.82114
0.00187899	189.099	7.3686e-06	4.41675
0.00189373	177.44	7.3686e-06	4.42717
0.00190847	162.213	7.3686e-06	4.32306
0.0019232	153.587	7.3686e-06	3.86245
0.00193794	146.066	7.3686e-06	3.72091
0.00195268	138.769	7.3686e-06	3.42557
0.00196742	128.419	7.3686e-06	3.21643
0.00198215	123.354	7.3686e-06	3.28222
0.00199689	125.365	7.3686e-06	4.13049
0.00201163	110.761	7.3686e-06	3.0373
0.00202636	113.728	7.3686e-06	3.35243
0.0020411	94.7458	7.3686e-06	2.66686
0.00205584	92.6204	7.3686e-06	2.78435
0.00207058	83.9436	7.3686e-06	2.74708
0.00208531	76.4097	7.3686e-06	2.45963
0.00210005	74.9539	7.3686e-06	2.64909
0.00211479	72.7758	7.3686e-06	2.41426
0.00212952	63.6969	7.3686e-06	2.45776
0.00214426	59.0898	7.3686e-06	2.1952
0.002159	57.0622	7.3686e-06	2.59942
0.00217374	50.315	7.3686e-06	2.04221
0.00218847	44.8876	7.3686e-06	1.77482
0.00220321	47.0516	7.3686e-06	2.26238
0.00221795	40.567	7.3686e-06	1.6908
0.00223269	38.8184	7.3686e-06	1.70811
0.00224742	34.8456	7.3686e-06	1.60339
0.00226216	30.4821	7.3686e-06	1.48052
0.0022769	28.4355	7.3686e-06	1.41465
0.00229163	26.6379	7.3686e-06	1.55655
0.00230637	22.5167	7.3686e-06	1.25812
0.00232111	22.5661	7.3686e-06	1.26083
0.00233585	18.3568	7.3686e-06	1.09862
0.00235058	18.6027	7.3686e-06	1.12282
0.00236532	16.8859	7.3686e-06	1.0229
0.00238006	12.3878	7.3686e-06	0.862951
0.00239479	12.0452	7.3686e-06	0.842283
0.00240953	9.37186	7.3686e-06	0.757155
0.00242427	8.43244	7.3686e-06	0.691826
0.00243901	7.95597	7.3686e-06	0.670487
0.00245374	8.04516	7.3686e-06	0.687972
0.00246848	6.3703	7.3686e-06	0.621034
0.00248322	5.12995	7.3686e-06	0.547482
0.00249795	4.23499	7.3686e-06	0.493869
0.00251269	3.90225	7.3686e-06	0.469476
0.00252743	1.91036	7.3686e-06	0.330485
0.00254217	1.76463	7.3686e-06	0.310465
0.0025569	1.19599	7.3686e-06	0.256543
0.00257164	0.574258	7.3686e-06	0.173536
