7.37812e-06	0.403211	7.37812e-06	0.195866
2.21344e-05	0.74037	7.37812e-06	0.236657
3.68906e-05	2.7732	7.37812e-06	0.545481
5.16469e-05	4.75719	7.37812e-06	0.671164
6.64031e-05	7.99836	7.37812e-06	0.909686
8.11593e-05	13.6571	7.37812e-06	1.44511
9.59156e-05	16.6964	7.37812e-06	1.21313
0.000110672	22.2826	7.37812e-06	1.53533
0.000125428	28.6525	7.37812e-06	2.60684
0.000140184	35.3268	7.37812e-06	2.30808
0.000154941	44.6438	7.37812e-06	2.24464
0.000169697	56.6741	7.37812e-06	3.93578
0.000184453	67.1515	7.37812e-06	5.61323
0.000199209	74.0089	7.37812e-06	3.35872
0.000213966	84.4984	7.37812e-06	4.39691
0.000228722	96.8454	7.37812e-06	4.28922
0.000243478	112.606	7.37812e-06	4.29244
0.000258234	122.867	7.37812e-06	4.00418
0.000272991	132.756	7.37812e-06	4.99323
0.000287747	153.037	7.37812e-06	4.57466
0.000302503	182.404	7.37812e-06	16.5533
0.000317259	184.172	7.37812e-06	5.53291
0.000332016	193.806	7.37812e-06	4.83749
0.000346772	215.315	7.37812e-06	5.24713
0.000361528	219.866	7.37812e-06	5.56976
0.000376284	265.239	7.37812e-06	9.3534
0.00039104	278.693	7.37812e-06	7.71021
0.000405797	279.779	7.37812e-06	6.10029
0.000420553	306.503	7.37812e-06	6.9065
0.000435309	325.825	7.37812e-06	7.08876
0.000450065	356.579	7.37812e-06	8.16454
0.000464822	358.427	7.37812e-06	7.39093
0.000479578	379.786	7.37812e-06	8.43669
0.000494334	417.86	7.37812e-06	10.9011
0.00050909	431.027	7.37812e-06	10.863
0.000523847	559.271	7.37812e-06	76.882
0.000538603	474.341	7.37812e-06	9.90584
0.000553359	488.797	7.37812e-06	9.44652
0.000568115	507.672	7.37812e-06	9.45711
0.000582872	554.656	7.37812e-06	14.4645
0.000597628	547.578	7.37812e-06	10.9483
0.000612384	592.089	7.37812e-06	10.1553
0.00062714	609.102	7.37812e-06	18.5237
0.000641897	605.671	7.37812e-06	9.72394
0.000656653	641.527	7.37812e-06	19.006
0.000671409	644.806	7.37812e-06	10.1972
0.000686165	649.19	7.37812e-06	10.07
0.000700922	697.09	7.37812e-06	11.084
0.000715678	712.699	7.37812e-06	13.1267
0.000730434	721.785	7.37812e-06	10.9715
0.00074519	739.261	7.37812e-06	11.7648
0.000759947	765.27	7.37812e-06	12.0124
0.000774703	776.491	7.37812e-06	10.689
0.000789459	774.71	7.37812e-06	10.5219
0.000804215	810.512	7.37812e-06	17.4164
0.000818972	826.908	7.37812e-06	13.7634
0.000833728	850.583	7.37812e-06	14.1901
0.000848484	846.479	7.37812e-06	13.4984
0.00086324	854.156	7.37812e-06	10.7555
0.000877997	868.89	7.37812e-06	21.3329
0.000892753	857.102	7.37812e-06	12.6009
0.000907509	876.133	7.37812e-06	11.7259
0.000922265	867.547	7.37812e-06	10.9873
0.000937022	888.391	7.37812e-06	12.2149
0.000951778	892.254	7.37812e-06	11.7257
0.000966534	888.591	7.37812e-06	11.7119
0.00098129	907.438	7.37812e-06	11.7137
0.000996047	946.909	7.37812e-06	16.3627
0.0010108	909.873	7.37812e-06	11.3017
0.00102556	927.955	7.37812e-06	16.1558
0.00104032	883.183	7.37812e-06	10.9101
0.00105507	903.209	7.37812e-06	11.7191
0.00106983	899.415	7.37812e-06	11.037
0.00108458	899.422	7.37812e-06	13.7159
0.00109934	881.45	7.37812e-06	11.6149
0.0011141	888.114	7.37812e-06	15.0032
0.00112885	898.316	7.37812e-06	15.7589
0.00114361	873.697	7.37812e-06	10.8368
0.00115837	895.242	7.37812e-06	14.9551
0.00117312	891.513	7.37812e-06	16.8814
0.00118788	852.639	7.37812e-06	12.6304
0.00120263	857.831	7.37812e-06	12.9198
0.00121739	835.937	7.37812e-06	11.3727
0.00123215	798.418	7.37812e-06	10.1011
0.0012469	794.215	7.37812e-06	9.68763
0.00126166	797.602	7.37812e-06	10.6781
0.00127642	780.003	7.37812e-06	9.5832
0.00129117	786.111	7.37812e-06	9.75571
0.00130593	769.926	7.37812e-06	10.0414
0.00132068	745.985	7.37812e-06	11.5531
0.00133544	733.472	7.37812e-06	10.273
0.0013502	708.302	7.37812e-06	9.14145
0.00136495	685.704	7.37812e-06	9.80386
0.00137971	678.921	7.37812e-06	9.70576
0.00139447	675.108	7.37812e-06	10.1286
0.00140922	647.123	7.37812e-06	9.70519
0.00142398	633.11	7.37812e-06	9.19136
0.00143873	627.208	7.37812e-06	10.5536
0.00145349	620.871	7.37812e-06	12.852
0.00146825	587.278	7.37812e-06	8.18696
0.001483	585.307	7.37812e-06	8.96982
0.00149776	555.983	7.37812e-06	10.7875
0.00151252	523.774	7.37812e-06	7.93476
0.00152727	516.996	7.37812e-06	7.85073
0.00154203	507.457	7.37812e-06	8.79596
0.00155678	469.841	7.37812e-06	6.82082
0.00157154	476.565	7.37812e-06	10.0896
0.0015863	459.521	7.37812e-06	7.9377
0.00160105	430.642	7.37812e-06	6.8576
0.00161581	427.304	7.37812e-06	8.10403
0.00163057	396.919	7.37812e-06	6.28043
0.00164532	385.28	7.37812e-06	6.55489
0.00166008	391.832	7.37812e-06	9.27595
0.00167483	351.683	7.37812e-06	8.01891
0.00168959	359.459	7.37812e-06	7.52155
0.00170435	342.706	7.37812e-06	8.54579
0.0017191	315.646	7.37812e-06	6.85512
0.00173386	308.738	7.37812e-06	5.54235
0.00174862	301.279	7.37812e-06	6.24987
0.00176337	263.103	7.37812e-06	5.2716
0.00177813	258.445	7.37812e-06	5.51625
0.00179288	239.591	7.37812e-06	5.29042
0.00180764	244.052	7.37812e-06	5.71799
0.0018224	225.551	7.37812e-06	4.84918
0.00183715	222.867	7.37812e-06	6.2939
0.00185191	209.197	7.37812e-06	5.44911
0.00186666	202.83	7.37812e-06	5.06681
0.00188142	181.389	7.37812e-06	4.35246
0.00189618	165.305	7.37812e-06	3.97631
0.00191093	164.365	7.37812e-06	4.62145
0.00192569	156.254	7.37812e-06	4.32358
0.00194045	142.465	7.37812e-06	4.26576
0.0019552	141.205	7.37812e-06	4.09197
0.00196996	130.318	7.37812e-06	3.95095
0.00198471	123.965	7.37812e-06	3.49558
0.00199947	122.652	7.37812e-06	4.7052
0.00201423	107.265	7.37812e-06	3.16742
0.00202898	105.276	7.37812e-06	3.596
0.00204374	90.7916	7.37812e-06	2.79768
0.0020585	85.6863	7.37812e-06	2.73124
0.00207325	84.4662	7.37812e-06	3.16509
0.00208801	74.5252	7.37812e-06	2.5843
0.00210276	82.8906	7.37812e-06	7.95544
0.00211752	71.0233	7.37812e-06	2.61404
0.00213228	63.1986	7.37812e-06	2.28215
0.00214703	58.4865	7.37812e-06	2.28427
0.00216179	53.281	7.37812e-06	2.41721
0.00217655	53.4995	7.37812e-06	2.37467
0.0021913	47.0311	7.37812e-06	2.28319
0.00220606	41.3864	7.37812e-06	1.84057
0.00222081	38.754	7.37812e-06	1.80726
0.00223557	34.4406	7.37812e-06	1.59875
0.00225033	33.5456	7.37812e-06	1.60896
0.00226508	30.4561	7.37812e-06	1.58198
0.00227984	26.6273	7.37812e-06	1.37096
0.0022946	25.5481	7.37812e-06	1.49881
0.00230935	22.4076	7.37812e-06	1.31067
0.00232411	20.1442	7.37812e-06	1.21593
0.00233886	18.0812	7.37812e-06	1.15496
0.00235362	16.315	7.37812e-06	1.03892
0.00236838	15.7911	7.37812e-06	1.08096
0.00238313	11.404	7.37812e-06	0.873273
0.00239789	11.3839	7.37812e-06	0.910695
0.00241265	11.9678	7.37812e-06	0.911844
0.0024274	9.0756	7.37812e-06	0.77395
0.00244216	8.07417	7.37812e-06	0.699354
0.00245691	7.41304	7.37812e-06	0.687612
0.00247167	5.38346	7.37812e-06	0.569241
0.00248643	4.92782	7.37812e-06	0.538349
0.00250118	4.09881	7.37812e-06	0.498218
0.00251594	2.7298	7.37812e-06	0.383961
0.0025307	2.3377	7.37812e-06	0.366227
0.00254545	1.62758	7.37812e-06	0.301081
0.00256021	1.05376	7.37812e-06	0.24347
0.00257496	0.325497	7.37812e-06	0.133881
