0	2406.69	1.69874e-05	2121.8
3.39748e-05	1346.3	1.69874e-05	58.1196
6.79497e-05	1268.26	1.69874e-05	25.1701
0.000101924	1225.74	1.69874e-05	18.3582
0.000135899	1191.88	1.69874e-05	15.3221
0.000169874	1164.3	1.69874e-05	13.9667
0.000203849	1137.97	1.69874e-05	13.0545
0.000237824	1110.57	1.69874e-05	12.2789
0.000271799	1082.52	1.69874e-05	11.6258
0.000305773	1053.31	1.69874e-05	11.0167
0.000339748	1022.59	1.69874e-05	10.46
0.000373723	993.523	1.69874e-05	10.0249
0.000407698	962.311	1.69874e-05	9.58425
0.000441673	929.412	1.69874e-05	9.10711
0.000475648	897.903	1.69874e-05	8.74193
0.000509622	864.804	1.69874e-05	8.37055
0.000543597	832.037	1.69874e-05	8.02715
0.000577572	797.713	1.69874e-05	7.68154
0.000611547	759.859	1.69874e-05	7.25131
0.000645522	726.888	1.69874e-05	6.95795
0.000679497	692.318	1.69874e-05	6.65289
0.000713471	656.66	1.69874e-05	6.30839
0.000747446	621.415	1.69874e-05	6.01865
0.000781421	587.277	1.69874e-05	5.75173
0.000815396	552.661	1.69874e-05	5.47499
0.000849371	520.233	1.69874e-05	5.24172
0.000883346	485.958	1.69874e-05	4.98523
0.00091732	452.141	1.69874e-05	4.6693
0.000951295	419.395	1.69874e-05	4.31346
0.00098527	387.909	1.69874e-05	4.09105
0.00101924	357.11	1.69874e-05	3.71469
0.00105322	328.715	1.69874e-05	3.49769
0.00108719	301.276	1.69874e-05	3.2897
0.00112117	275.66	1.69874e-05	2.99497
0.00115514	251.499	1.69874e-05	2.81436
0.00118912	228.576	1.69874e-05	2.64358
0.00122309	207.154	1.69874e-05	2.47561
0.00125707	187.285	1.69874e-05	2.34743
0.00129104	168.376	1.69874e-05	2.20318
0.00132502	151.988	1.69874e-05	2.10132
0.00135899	134.985	1.69874e-05	1.83265
0.00139297	120.144	1.69874e-05	1.7322
0.00142694	107.197	1.69874e-05	1.64573
0.00146092	94.5613	1.69874e-05	1.54989
0.00149489	83.4633	1.69874e-05	1.47551
0.00152887	73.0354	1.69874e-05	1.4035
0.00156284	63.639	1.69874e-05	1.12701
0.00159682	54.5631	1.69874e-05	0.965325
0.00163079	47.2782	1.69874e-05	0.89755
0.00166477	41.3889	1.69874e-05	0.849408
0.00169874	35.1422	1.69874e-05	0.780984
0.00173272	30.199	1.69874e-05	0.724922
0.00176669	25.9594	1.69874e-05	0.675382
0.00180067	21.642	1.69874e-05	0.597351
0.00183464	18.0391	1.69874e-05	0.554242
0.00186862	14.9598	1.69874e-05	0.506966
0.00190259	12.3729	1.69874e-05	0.459825
0.00193657	10.1281	1.69874e-05	0.412165
0.00197054	8.37004	1.69874e-05	0.345339
0.00200452	7.14197	1.69874e-05	0.327874
0.00203849	5.60407	1.69874e-05	0.265935
0.00207246	4.39228	1.69874e-05	0.237207
0.00210644	3.43755	1.69874e-05	0.198662
0.00214041	2.82312	1.69874e-05	0.175449
0.00217439	2.13884	1.69874e-05	0.15666
0.00220836	1.59765	1.69874e-05	0.133001
0.00224234	1.22323	1.69874e-05	0.120981
0.00227631	0.960092	1.69874e-05	0.107856
0.00231029	0.755889	1.69874e-05	0.101881
0.00234426	0.525731	1.69874e-05	0.0928048
0.00237824	0.396885	1.69874e-05	0.0863036
0.00241221	0.313219	1.69874e-05	0.0834667
0.00244619	0.219646	1.69874e-05	0.0782379
0.00248016	0.086401	1.69874e-05	0.0377471
0.00251414	0.0282784	1.69874e-05	0.0180281
