0	2303.44	1.71052e-05	1971.86
3.42105e-05	1318.19	1.71052e-05	64.4957
6.8421e-05	1229.77	1.71052e-05	25.6862
0.000102631	1182.76	1.71052e-05	17.2688
0.000136842	1153.21	1.71052e-05	14.954
0.000171052	1125.48	1.71052e-05	13.5383
0.000205263	1102.45	1.71052e-05	12.7813
0.000239473	1075.12	1.71052e-05	11.9344
0.000273684	1052	1.71052e-05	11.4421
0.000307894	1027.42	1.71052e-05	11.0132
0.000342105	1000.1	1.71052e-05	10.546
0.000376315	971.858	1.71052e-05	10.1205
0.000410526	945.632	1.71052e-05	9.79619
0.000444736	918.432	1.71052e-05	9.49504
0.000478947	888.445	1.71052e-05	9.15819
0.000513157	858.494	1.71052e-05	8.86127
0.000547368	828.4	1.71052e-05	8.59051
0.000581578	795.98	1.71052e-05	8.29106
0.000615789	762.126	1.71052e-05	7.98708
0.000649999	730.582	1.71052e-05	7.74653
0.00068421	696.827	1.71052e-05	7.47946
0.00071842	665.013	1.71052e-05	7.2603
0.000752631	631.206	1.71052e-05	7.00468
0.000786841	597.546	1.71052e-05	6.77948
0.000821052	564.637	1.71052e-05	6.55692
0.000855262	530.974	1.71052e-05	6.34966
0.000889473	497.976	1.71052e-05	6.1293
0.000923683	465.396	1.71052e-05	5.92446
0.000957894	433.249	1.71052e-05	5.69555
0.000992104	397.429	1.71052e-05	4.13401
0.00102631	368.752	1.71052e-05	3.94293
0.00106053	340.4	1.71052e-05	3.73795
0.00109474	312.562	1.71052e-05	3.54329
0.00112895	285.192	1.71052e-05	2.94252
0.00116316	260.235	1.71052e-05	2.73606
0.00119737	237.503	1.71052e-05	2.56893
0.00123158	214.761	1.71052e-05	2.27429
0.00126579	194.545	1.71052e-05	2.06018
0.0013	176.304	1.71052e-05	1.93691
0.00133421	158.371	1.71052e-05	1.7972
0.00136842	140.289	1.71052e-05	1.60575
0.00140263	125.179	1.71052e-05	1.48661
0.00143684	111.066	1.71052e-05	1.3597
0.00147105	98.3762	1.71052e-05	1.24339
0.00150526	86.8937	1.71052e-05	1.1423
0.00153947	76.8304	1.71052e-05	1.05693
0.00157368	67.0627	1.71052e-05	0.977861
0.00160789	58.2078	1.71052e-05	0.899393
0.0016421	50.7914	1.71052e-05	0.832219
0.00167631	43.6652	1.71052e-05	0.751733
0.00171052	37.0786	1.71052e-05	0.686653
0.00174474	31.4788	1.71052e-05	0.630779
0.00177895	26.6729	1.71052e-05	0.573121
0.00181316	23.0034	1.71052e-05	0.540002
0.00184737	19.6309	1.71052e-05	0.50756
0.00188158	16.6479	1.71052e-05	0.476292
0.00191579	14.0348	1.71052e-05	0.429623
0.00195	11.7467	1.71052e-05	0.403977
0.00198421	9.76897	1.71052e-05	0.363861
0.00201842	7.85003	1.71052e-05	0.333898
0.00205263	6.22266	1.71052e-05	0.270432
0.00208684	5.05517	1.71052e-05	0.247817
0.00212105	4.01195	1.71052e-05	0.225407
0.00215526	3.21419	1.71052e-05	0.209974
0.00218947	2.57941	1.71052e-05	0.192909
0.00222368	2.026	1.71052e-05	0.179721
0.00225789	1.3848	1.71052e-05	0.0937141
0.0022921	1.04845	1.71052e-05	0.0810861
0.00232631	0.774185	1.71052e-05	0.0715101
0.00236052	0.541929	1.71052e-05	0.0609259
0.00239473	0.323758	1.71052e-05	0.0465192
0.00242894	0.150223	1.71052e-05	0.0286522
0.00246316	0.0881393	1.71052e-05	0.0216284
0.00249737	0.0336671	1.71052e-05	0.0131182
0.00253158	0.00965388	1.71052e-05	0.00683869
