0	2445.7	1.66225e-05	2083.27
3.32449e-05	1404.59	1.66225e-05	57.9573
6.64899e-05	1327.5	1.66225e-05	26.4494
9.97348e-05	1283.75	1.66225e-05	19.6182
0.00013298	1250.48	1.66225e-05	17.0859
0.000166225	1219.3	1.66225e-05	15.5479
0.00019947	1185.85	1.66225e-05	14.2134
0.000232715	1155.25	1.66225e-05	13.3421
0.000265959	1124.94	1.66225e-05	12.645
0.000299204	1093.01	1.66225e-05	12.0079
0.000332449	1060.92	1.66225e-05	11.4582
0.000365694	1029.62	1.66225e-05	11.0031
0.000398939	993.325	1.66225e-05	10.4423
0.000432184	958.714	1.66225e-05	10.012
0.000465429	923.348	1.66225e-05	9.59749
0.000498674	885.509	1.66225e-05	9.15095
0.000531919	848.604	1.66225e-05	8.77221
0.000565164	811.796	1.66225e-05	8.40499
0.000598409	775.187	1.66225e-05	8.06625
0.000631654	735.598	1.66225e-05	7.69627
0.000664899	696.881	1.66225e-05	7.34522
0.000698144	659.147	1.66225e-05	7.0064
0.000731389	620.771	1.66225e-05	6.67158
0.000764634	584.382	1.66225e-05	6.33607
0.000797878	549.165	1.66225e-05	6.06628
0.000831123	514.877	1.66225e-05	5.81413
0.000864368	479.443	1.66225e-05	5.54846
0.000897613	446.857	1.66225e-05	5.33305
0.000930858	416.295	1.66225e-05	5.14279
0.000964103	385.783	1.66225e-05	4.94719
0.000997348	355.633	1.66225e-05	4.73214
0.00103059	327.591	1.66225e-05	4.56957
0.00106384	299.895	1.66225e-05	4.3523
0.00109708	274.603	1.66225e-05	4.20904
0.00113033	250.115	1.66225e-05	4.02059
0.00116357	222.052	1.66225e-05	2.63555
0.00119682	202.27	1.66225e-05	2.49542
0.00123006	182.682	1.66225e-05	2.34511
0.00126331	165.495	1.66225e-05	2.2303
0.00129655	148.429	1.66225e-05	2.08525
0.0013298	133.077	1.66225e-05	1.94204
0.00136304	118.323	1.66225e-05	1.79601
0.00139629	104.445	1.66225e-05	1.65606
0.00142953	91.8081	1.66225e-05	1.50536
0.00146278	80.5663	1.66225e-05	1.39956
0.00149602	70.9618	1.66225e-05	1.29122
0.00152927	61.8278	1.66225e-05	1.18172
0.00156251	53.8222	1.66225e-05	1.08298
0.00159576	46.5981	1.66225e-05	1.01135
0.001629	40.648	1.66225e-05	0.960815
0.00166225	34.7616	1.66225e-05	0.895483
0.00169549	29.6575	1.66225e-05	0.819151
0.00172874	25.0814	1.66225e-05	0.737764
0.00176198	20.9969	1.66225e-05	0.674768
0.00179523	17.9356	1.66225e-05	0.635668
0.00182847	14.938	1.66225e-05	0.586501
0.00186172	12.5445	1.66225e-05	0.541323
0.00189496	10.4568	1.66225e-05	0.51371
0.00192821	8.42328	1.66225e-05	0.480023
0.00196145	6.89092	1.66225e-05	0.456413
0.0019947	5.47274	1.66225e-05	0.398714
0.00202794	4.59867	1.66225e-05	0.386513
0.00206119	3.81194	1.66225e-05	0.373802
0.00209443	2.50354	1.66225e-05	0.200288
0.00212768	2.03554	1.66225e-05	0.18945
0.00216092	1.51833	1.66225e-05	0.176755
0.00219417	1.15663	1.66225e-05	0.157092
0.00222741	0.844973	1.66225e-05	0.146729
0.00226066	0.662608	1.66225e-05	0.139308
0.0022939	0.382101	1.66225e-05	0.0817786
0.00232715	0.223985	1.66225e-05	0.0652043
0.00236039	0.143994	1.66225e-05	0.0602799
0.00239364	0.0647962	1.66225e-05	0.0289828
0.00242688	0.0254578	1.66225e-05	0.0157953
0.00246013	0.0197301	1.66225e-05	0.01472
0.00249337	0.0131818	1.66225e-05	0.0131829
