0	2409.81	1.70906e-05	2205.66
3.41812e-05	1307.54	1.70906e-05	63.7626
6.83623e-05	1219.49	1.70906e-05	24.4293
0.000102544	1176.59	1.70906e-05	17.1407
0.000136725	1143.62	1.70906e-05	14.1463
0.000170906	1114.71	1.70906e-05	12.4161
0.000205087	1092.48	1.70906e-05	11.6778
0.000239268	1070.85	1.70906e-05	11.1368
0.000273449	1047.18	1.70906e-05	10.6187
0.000307631	1022.99	1.70906e-05	10.1691
0.000341812	999.329	1.70906e-05	9.80054
0.000375993	973.726	1.70906e-05	9.42314
0.000410174	946.375	1.70906e-05	9.06052
0.000444355	916.618	1.70906e-05	8.64617
0.000478536	887.401	1.70906e-05	8.28633
0.000512718	858.159	1.70906e-05	7.97935
0.000546899	826.885	1.70906e-05	7.62612
0.00058108	794.634	1.70906e-05	7.30753
0.000615261	761.91	1.70906e-05	6.92915
0.000649442	728.924	1.70906e-05	6.60885
0.000683623	696.064	1.70906e-05	6.31829
0.000717805	661.667	1.70906e-05	5.99714
0.000751986	629.902	1.70906e-05	5.73513
0.000786167	594.934	1.70906e-05	5.40198
0.000820348	560.436	1.70906e-05	5.10853
0.000854529	528.098	1.70906e-05	4.77064
0.000888711	496.457	1.70906e-05	4.5188
0.000922892	465.557	1.70906e-05	4.28854
0.000957073	435.175	1.70906e-05	4.05475
0.000991254	405.111	1.70906e-05	3.8451
0.00102544	375.385	1.70906e-05	3.62308
0.00105962	347.311	1.70906e-05	3.42024
0.0010938	319.268	1.70906e-05	3.15599
0.00112798	292.468	1.70906e-05	2.91509
0.00116216	266.648	1.70906e-05	2.65326
0.00119634	243.25	1.70906e-05	2.47458
0.00123052	220.802	1.70906e-05	2.27684
0.0012647	199.248	1.70906e-05	2.08284
0.00129888	179.719	1.70906e-05	1.94134
0.00133307	161.74	1.70906e-05	1.80668
0.00136725	143.548	1.70906e-05	1.65707
0.00140143	127.74	1.70906e-05	1.54677
0.00143561	113.017	1.70906e-05	1.4298
0.00146979	99.9668	1.70906e-05	1.30235
0.00150397	88.0198	1.70906e-05	1.21145
0.00153815	76.9703	1.70906e-05	1.11917
0.00157233	66.7483	1.70906e-05	1.02453
0.00160652	57.9649	1.70906e-05	0.952966
0.0016407	50.0968	1.70906e-05	0.883576
0.00167488	42.6724	1.70906e-05	0.718845
0.00170906	36.362	1.70906e-05	0.659866
0.00174324	31.0332	1.70906e-05	0.582626
0.00177742	26.4745	1.70906e-05	0.504535
0.0018116	22.5729	1.70906e-05	0.46548
0.00184578	18.7337	1.70906e-05	0.414
0.00187996	15.5908	1.70906e-05	0.369959
0.00191415	12.9147	1.70906e-05	0.336825
0.00194833	10.7113	1.70906e-05	0.308364
0.00198251	8.84427	1.70906e-05	0.270824
0.00201669	7.04751	1.70906e-05	0.223979
0.00205087	5.72858	1.70906e-05	0.201266
0.00208505	4.55108	1.70906e-05	0.179683
0.00211923	3.65624	1.70906e-05	0.15793
0.00215341	2.86137	1.70906e-05	0.142891
0.0021876	2.26438	1.70906e-05	0.124388
0.00222178	1.8087	1.70906e-05	0.110637
0.00225596	1.42773	1.70906e-05	0.100792
0.00229014	1.06302	1.70906e-05	0.0856382
0.00232432	0.709128	1.70906e-05	0.0590875
0.0023585	0.497345	1.70906e-05	0.0494332
0.00239268	0.327101	1.70906e-05	0.0395801
0.00242686	0.215493	1.70906e-05	0.032735
0.00246104	0.11775	1.70906e-05	0.0237956
0.00249523	0.040722	1.70906e-05	0.0135946
0.00252941	0.00990508	1.70906e-05	0.00762247
