1.71052e-05	492.623	1.71052e-05	17.4902
5.13157e-05	132.64	1.71052e-05	7.44991
8.55262e-05	117.522	1.71052e-05	7.07186
0.000119737	103.411	1.71052e-05	6.38112
0.000153947	124.772	1.71052e-05	6.92936
0.000188158	126.663	1.71052e-05	8.50514
0.000222368	177.642	1.71052e-05	11.7237
0.000256579	173.446	1.71052e-05	10.612
0.000290789	208.903	1.71052e-05	9.57774
0.000325	259.512	1.71052e-05	12.7616
0.00035921	296.596	1.71052e-05	13.1033
0.000393421	301.596	1.71052e-05	12.898
0.000427631	340	1.71052e-05	12.9578
0.000461842	404.82	1.71052e-05	15.6817
0.000496052	434.292	1.71052e-05	15.094
0.000530263	466.456	1.71052e-05	15.1536
0.000564473	534.939	1.71052e-05	18.0316
0.000598684	592.435	1.71052e-05	19.2189
0.000632894	583.564	1.71052e-05	17.3284
0.000667105	658.216	1.71052e-05	20.1721
0.000701315	652.201	1.71052e-05	18.5842
0.000735526	726.844	1.71052e-05	23.2947
0.000769736	757.352	1.71052e-05	20.9405
0.000803947	773.37	1.71052e-05	23.5827
0.000838157	824.742	1.71052e-05	21.7374
0.000872368	841.434	1.71052e-05	26.4429
0.000906578	863.37	1.71052e-05	25.9322
0.000940788	884.048	1.71052e-05	31.2752
0.000974999	1020.87	1.71052e-05	105.756
0.00100921	845.973	1.71052e-05	22.82
0.00104342	864.72	1.71052e-05	25.7055
0.00107763	876.923	1.71052e-05	25.1271
0.00111184	889.501	1.71052e-05	58.0227
0.00114605	836.09	1.71052e-05	26.3211
0.00118026	784.248	1.71052e-05	23.2074
0.00121447	807.335	1.71052e-05	35.7938
0.00124868	737.888	1.71052e-05	28.7695
0.00128289	684.009	1.71052e-05	18.978
0.0013171	690.44	1.71052e-05	21.2526
0.00135131	714.255	1.71052e-05	26.259
0.00138552	611.936	1.71052e-05	19.3909
0.00141974	585.712	1.71052e-05	20.5653
0.00145395	539.294	1.71052e-05	19.6435
0.00148816	499.49	1.71052e-05	18.0137
0.00152237	447.818	1.71052e-05	16.4466
0.00155658	444.431	1.71052e-05	15.4174
0.00159079	411.753	1.71052e-05	15.495
0.001625	352.279	1.71052e-05	14.4029
0.00165921	345.618	1.71052e-05	15.7828
0.00169342	326.04	1.71052e-05	13.6376
0.00172763	282.786	1.71052e-05	12.5048
0.00176184	247.504	1.71052e-05	12.6888
0.00179605	192.651	1.71052e-05	9.38864
0.00183026	180.429	1.71052e-05	9.26822
0.00186447	162.573	1.71052e-05	9.08161
0.00189868	145.029	1.71052e-05	11.1085
0.00193289	129.278	1.71052e-05	7.93786
0.0019671	113.717	1.71052e-05	9.89589
0.00200131	112.258	1.71052e-05	8.23819
0.00203552	96.8287	1.71052e-05	11.5384
0.00206973	70.6332	1.71052e-05	6.44478
0.00210395	64.1578	1.71052e-05	6.24676
0.00213816	49.8604	1.71052e-05	5.06067
0.00217237	40.3086	1.71052e-05	5.2268
0.00220658	35.6945	1.71052e-05	4.4877
0.00224079	41.9986	1.71052e-05	10.0241
0.002275	22.3677	1.71052e-05	3.10618
0.00230921	18.5128	1.71052e-05	2.56568
0.00234342	15.9096	1.71052e-05	2.55407
0.00237763	15.1629	1.71052e-05	2.72568
0.00241184	12.2342	1.71052e-05	2.57786
0.00244605	4.439	1.71052e-05	1.34224
0.00248026	3.94924	1.71052e-05	1.24551
0.00251447	1.76497	1.71052e-05	0.822458
0.00254868	0.719214	1.71052e-05	0.509391
