1.71453e-05	518.705	1.71453e-05	15.0351
5.14358e-05	118.884	1.71453e-05	6.51934
8.57264e-05	110.833	1.71453e-05	6.44353
0.000120017	111.765	1.71453e-05	7.23576
0.000154308	140.464	1.71453e-05	8.49998
0.000188598	136.474	1.71453e-05	7.19634
0.000222889	169.09	1.71453e-05	8.92545
0.000257179	228.814	1.71453e-05	17.7468
0.00029147	239.181	1.71453e-05	10.8444
0.00032576	284.978	1.71453e-05	16.4867
0.000360051	400.622	1.71453e-05	63.3244
0.000394341	345.587	1.71453e-05	16.9396
0.000428632	395.443	1.71453e-05	19.3368
0.000462923	446.791	1.71453e-05	17.9545
0.000497213	469.727	1.71453e-05	16.2177
0.000531504	508.434	1.71453e-05	18.45
0.000565794	544.572	1.71453e-05	15.9535
0.000600085	568.523	1.71453e-05	16.301
0.000634375	641.007	1.71453e-05	16.6652
0.000668666	676.543	1.71453e-05	19.9714
0.000702956	757.943	1.71453e-05	24.0587
0.000737247	744.388	1.71453e-05	27.5852
0.000771538	763.796	1.71453e-05	22.4103
0.000805828	803.349	1.71453e-05	29.1673
0.000840119	770.351	1.71453e-05	20.168
0.000874409	836.677	1.71453e-05	22.6411
0.0009087	830.161	1.71453e-05	21.8143
0.00094299	890.934	1.71453e-05	38.8025
0.000977281	847.538	1.71453e-05	21.6233
0.00101157	887.308	1.71453e-05	27.019
0.00104586	875.72	1.71453e-05	24.7524
0.00108015	788.551	1.71453e-05	19.9131
0.00111444	777.843	1.71453e-05	22.0669
0.00114873	761.37	1.71453e-05	25.7881
0.00118302	790.701	1.71453e-05	27.1621
0.00121731	773.073	1.71453e-05	31.0443
0.00125161	791.671	1.71453e-05	39.0017
0.0012859	717.361	1.71453e-05	23.2654
0.00132019	634.972	1.71453e-05	18.3833
0.00135448	641.357	1.71453e-05	27.2134
0.00138877	711.418	1.71453e-05	145.837
0.00142306	545.468	1.71453e-05	18.3803
0.00145735	532.696	1.71453e-05	22.6989
0.00149164	518.518	1.71453e-05	20.5027
0.00152593	455.25	1.71453e-05	25.6456
0.00156022	412.922	1.71453e-05	18.4443
0.00159451	377.859	1.71453e-05	15.9242
0.0016288	370.101	1.71453e-05	28.441
0.00166309	299.892	1.71453e-05	13.175
0.00169738	271.805	1.71453e-05	12.8457
0.00173167	259.85	1.71453e-05	14.9352
0.00176596	268.153	1.71453e-05	28.4682
0.00180025	266.253	1.71453e-05	40.2449
0.00183454	169.027	1.71453e-05	10.6025
0.00186884	140.858	1.71453e-05	9.90222
0.00190313	123.037	1.71453e-05	8.10856
0.00193742	110.889	1.71453e-05	8.52841
0.00197171	95.5126	1.71453e-05	7.04314
0.002006	105.743	1.71453e-05	17.3527
0.00204029	74.1025	1.71453e-05	6.41433
0.00207458	57.1942	1.71453e-05	6.8936
0.00210887	46.9437	1.71453e-05	4.77076
0.00214316	42.5809	1.71453e-05	4.75566
0.00217745	41.2164	1.71453e-05	9.878
0.00221174	33.5352	1.71453e-05	4.3895
0.00224603	17.1447	1.71453e-05	2.67399
0.00228032	19.5028	1.71453e-05	3.28674
0.00231461	15.6233	1.71453e-05	3.09706
0.0023489	8.24321	1.71453e-05	1.9828
0.00238319	11.7696	1.71453e-05	3.95453
0.00241748	6.74152	1.71453e-05	2.24709
0.00245177	5.01412	1.71453e-05	1.3812
0.00248607	2.71998	1.71453e-05	0.971811
0.00252036	2.23117	1.71453e-05	1.45682
0.00255465	1.23085	1.71453e-05	0.882313
