1.70603e-05	493.851	1.70603e-05	13.3421
5.11808e-05	114.515	1.70603e-05	6.06148
8.53013e-05	105.724	1.70603e-05	8.32862
0.000119422	102.434	1.70603e-05	6.00823
0.000153542	114.344	1.70603e-05	6.11117
0.000187663	143.502	1.70603e-05	9.90902
0.000221783	167.206	1.70603e-05	10.6389
0.000255904	183.931	1.70603e-05	10.2047
0.000290024	221.995	1.70603e-05	10.8268
0.000324145	250.492	1.70603e-05	10.8469
0.000358265	283.756	1.70603e-05	11.0808
0.000392386	322.248	1.70603e-05	12.2418
0.000426507	381.543	1.70603e-05	16.3299
0.000460627	398.369	1.70603e-05	13.9252
0.000494748	494.878	1.70603e-05	22.2329
0.000528868	519.15	1.70603e-05	16.8882
0.000562989	556.474	1.70603e-05	18.5672
0.000597109	596.133	1.70603e-05	18.2768
0.00063123	651.168	1.70603e-05	20.4464
0.00066535	649.741	1.70603e-05	19.1454
0.000699471	696.589	1.70603e-05	23.5721
0.000733591	740.231	1.70603e-05	24.8518
0.000767712	741.314	1.70603e-05	19.122
0.000801832	787.396	1.70603e-05	22.6794
0.000835953	817.775	1.70603e-05	21.069
0.000870073	832.429	1.70603e-05	21.8397
0.000904194	827.513	1.70603e-05	21.4823
0.000938314	820.535	1.70603e-05	21.6011
0.000972435	857.768	1.70603e-05	23.1699
0.00100656	886.221	1.70603e-05	29.5113
0.00104068	824.729	1.70603e-05	21.2563
0.0010748	883.303	1.70603e-05	25.3301
0.00110892	803.756	1.70603e-05	20.7077
0.00114304	888.529	1.70603e-05	29.0352
0.00117716	821.091	1.70603e-05	23.8936
0.00121128	786.48	1.70603e-05	22.2376
0.0012454	796.275	1.70603e-05	25.0388
0.00127952	724.06	1.70603e-05	21.3488
0.00131364	679.25	1.70603e-05	19.4589
0.00134776	692.952	1.70603e-05	24.8271
0.00138188	609.975	1.70603e-05	21.2204
0.001416	569.847	1.70603e-05	18.6955
0.00145012	539.83	1.70603e-05	18.8371
0.00148424	522.619	1.70603e-05	23.9458
0.00151836	457.432	1.70603e-05	15.8403
0.00155248	481.546	1.70603e-05	20.7442
0.0015866	413.284	1.70603e-05	19.0959
0.00162072	383.437	1.70603e-05	18.6724
0.00165485	322.084	1.70603e-05	12.9656
0.00168897	314.493	1.70603e-05	18.9479
0.00172309	273.035	1.70603e-05	14.8781
0.00175721	227.373	1.70603e-05	10.8807
0.00179133	207.912	1.70603e-05	11.519
0.00182545	191.36	1.70603e-05	15.4152
0.00185957	182.765	1.70603e-05	15.1803
0.00189369	135.608	1.70603e-05	9.45782
0.00192781	127.457	1.70603e-05	10.2395
0.00196193	116.636	1.70603e-05	11.5842
0.00199605	101.566	1.70603e-05	9.79713
0.00203017	86.5901	1.70603e-05	6.8457
0.00206429	70.0423	1.70603e-05	7.29908
0.00209841	74.786	1.70603e-05	11.5182
0.00213253	51.6268	1.70603e-05	5.59679
0.00216665	37.5893	1.70603e-05	6.31281
0.00220077	34.1114	1.70603e-05	4.29279
0.00223489	29.3701	1.70603e-05	4.16724
0.00226901	23.7113	1.70603e-05	6.12021
0.00230314	18.1711	1.70603e-05	4.55302
0.00233726	10.8475	1.70603e-05	3.02746
0.00237138	13.826	1.70603e-05	3.18697
0.0024055	8.07256	1.70603e-05	1.83972
0.00243962	4.15313	1.70603e-05	1.24682
0.00247374	3.99021	1.70603e-05	1.39007
0.00250786	2.06419	1.70603e-05	1.16644
0.00254198	1.01507	1.70603e-05	0.782126
