1.45019e-05	596.888	1.45019e-05	16.1931
4.35058e-05	137.292	1.45019e-05	7.35928
7.25097e-05	141.984	1.45019e-05	6.77438
0.000101514	173.349	1.45019e-05	9.09757
0.000130517	231.538	1.45019e-05	10.0745
0.000159521	257.267	1.45019e-05	12.1231
0.000188525	320.991	1.45019e-05	13.3565
0.000217529	373.911	1.45019e-05	12.7252
0.000246533	427.041	1.45019e-05	15.8106
0.000275537	502.149	1.45019e-05	21.4233
0.000304541	559.414	1.45019e-05	17.5773
0.000333545	556.391	1.45019e-05	16.7631
0.000362548	679.528	1.45019e-05	21.6776
0.000391552	712.019	1.45019e-05	20.0734
0.000420556	738.624	1.45019e-05	20.7945
0.00044956	744.637	1.45019e-05	19.2068
0.000478564	832.573	1.45019e-05	21.9615
0.000507568	947.078	1.45019e-05	36.8962
0.000536572	997.984	1.45019e-05	49.4977
0.000565576	907.661	1.45019e-05	24.3579
0.000594579	1140.31	1.45019e-05	136.59
0.000623583	996.614	1.45019e-05	28.3339
0.000652587	988.391	1.45019e-05	30.0454
0.000681591	1012.03	1.45019e-05	35.076
0.000710595	1067.1	1.45019e-05	50.9972
0.000739599	981.118	1.45019e-05	36.4007
0.000768603	956.116	1.45019e-05	27.2101
0.000797607	908.517	1.45019e-05	31.5833
0.00082661	940.042	1.45019e-05	29.3049
0.000855614	921.5	1.45019e-05	34.0083
0.000884618	959.708	1.45019e-05	43.3593
0.000913622	899.435	1.45019e-05	41.2943
0.000942626	820.429	1.45019e-05	25.6676
0.00097163	818.447	1.45019e-05	27.7515
0.00100063	779.167	1.45019e-05	28.962
0.00102964	761.561	1.45019e-05	31.4542
0.00105864	695.054	1.45019e-05	26.9501
0.00108765	754.099	1.45019e-05	53.987
0.00111665	754.07	1.45019e-05	81.346
0.00114565	617.714	1.45019e-05	39.2394
0.00117466	515.049	1.45019e-05	19.4457
0.00120366	565.715	1.45019e-05	30.5825
0.00123266	496.35	1.45019e-05	24.4854
0.00126167	410.461	1.45019e-05	20.9142
0.00129067	456.909	1.45019e-05	35.7702
0.00131968	338.065	1.45019e-05	17.3519
0.00134868	443.708	1.45019e-05	31.0571
0.00137768	282.245	1.45019e-05	16.8667
0.00140669	244.723	1.45019e-05	14.0754
0.00143569	296.969	1.45019e-05	21.2
0.0014647	241.188	1.45019e-05	20.4319
0.0014937	223.314	1.45019e-05	16.8816
0.0015227	186.33	1.45019e-05	14.2588
0.00155171	166.864	1.45019e-05	12.6107
0.00158071	135.449	1.45019e-05	12.5976
0.00160972	153.537	1.45019e-05	28.596
0.00163872	102.007	1.45019e-05	9.3473
0.00166772	72.7449	1.45019e-05	7.4682
0.00169673	76.8436	1.45019e-05	9.36662
0.00172573	62.6314	1.45019e-05	7.96397
0.00175473	81.8893	1.45019e-05	13.7566
0.00178374	56.0125	1.45019e-05	9.58235
0.00181274	64.5198	1.45019e-05	11.7245
0.00184175	48.0631	1.45019e-05	9.59195
0.00187075	33.5522	1.45019e-05	6.22493
0.00189975	24.859	1.45019e-05	6.17077
0.00192876	19.8935	1.45019e-05	5.5499
0.00195776	18.1222	1.45019e-05	6.51726
0.00198677	27.0535	1.45019e-05	12.1012
0.00201577	7.32296	1.45019e-05	3.61213
0.00204477	4.12614	1.45019e-05	1.62871
0.00207378	6.70521	1.45019e-05	3.1463
0.00210278	2.77062	1.45019e-05	2.03962
0.00213178	0	1.45019e-05	0
0.00216079	2.24727	1.45019e-05	2.24727
0.00218979	0.167547	1.45019e-05	0.167547
