7.24903e-06	2196.48	7.24903e-06	20.0014
2.17471e-05	346.128	7.24903e-06	8.42669
3.62452e-05	252.597	7.24903e-06	6.63658
5.07432e-05	243.368	7.24903e-06	6.9538
6.52413e-05	234.725	7.24903e-06	5.74866
7.97394e-05	270.919	7.24903e-06	9.50751
9.42374e-05	292.944	7.24903e-06	8.32161
0.000108736	316.491	7.24903e-06	7.58205
0.000123234	340.837	7.24903e-06	11.0215
0.000137732	394.43	7.24903e-06	15.8029
0.00015223	420.015	7.24903e-06	9.3935
0.000166728	469.609	7.24903e-06	12.5219
0.000181226	491.168	7.24903e-06	11.1735
0.000195724	554.851	7.24903e-06	16.422
0.000210222	578.918	7.24903e-06	12.932
0.00022472	628.516	7.24903e-06	13.4934
0.000239218	701.831	7.24903e-06	22.8483
0.000253716	711.51	7.24903e-06	14.7898
0.000268214	761.958	7.24903e-06	19.3234
0.000282712	773.37	7.24903e-06	15.4625
0.00029721	825.516	7.24903e-06	17.7767
0.000311708	877.298	7.24903e-06	17.0612
0.000326207	892.569	7.24903e-06	16.3621
0.000340705	947.024	7.24903e-06	17.8645
0.000355203	989.705	7.24903e-06	39.4379
0.000369701	975.43	7.24903e-06	18.6979
0.000384199	997.894	7.24903e-06	17.6986
0.000398697	1044.25	7.24903e-06	17.1175
0.000413195	1018.33	7.24903e-06	17.1842
0.000427693	1101.3	7.24903e-06	19.8445
0.000442191	1146.11	7.24903e-06	28.574
0.000456689	1106.47	7.24903e-06	21.0514
0.000471187	1145.07	7.24903e-06	20.9256
0.000485685	1143.36	7.24903e-06	20.6723
0.000500183	1206.83	7.24903e-06	51.4722
0.000514681	1201.11	7.24903e-06	31.4527
0.00052918	1156.68	7.24903e-06	21.5987
0.000543678	1213.31	7.24903e-06	25.8382
0.000558176	1262.88	7.24903e-06	50.1739
0.000572674	1175.52	7.24903e-06	21.0016
0.000587172	1222.28	7.24903e-06	28.6095
0.00060167	1157.57	7.24903e-06	22.162
0.000616168	1212.58	7.24903e-06	25.3003
0.000630666	1107.11	7.24903e-06	21.574
0.000645164	1137.05	7.24903e-06	25.8194
0.000659662	1148.55	7.24903e-06	23.9391
0.00067416	1085.95	7.24903e-06	21.2128
0.000688658	1094.99	7.24903e-06	20.6966
0.000703156	1108.27	7.24903e-06	25.5683
0.000717654	1042.79	7.24903e-06	22.791
0.000732152	1045.5	7.24903e-06	23.1283
0.000746651	1018.77	7.24903e-06	24.3859
0.000761149	1044.33	7.24903e-06	28.1303
0.000775647	988.527	7.24903e-06	22.3315
0.000790145	964.431	7.24903e-06	22.2993
0.000804643	917.162	7.24903e-06	21.5838
0.000819141	878.939	7.24903e-06	20.2323
0.000833639	858.316	7.24903e-06	18.5362
0.000848137	852.69	7.24903e-06	24.7133
0.000862635	827.632	7.24903e-06	18.5653
0.000877133	814.732	7.24903e-06	23.5876
0.000891631	806.742	7.24903e-06	22.9772
0.000906129	724.252	7.24903e-06	19.0067
0.000920627	723.861	7.24903e-06	18.8692
0.000935125	691.23	7.24903e-06	17.9757
0.000949624	738.977	7.24903e-06	41.9419
0.000964122	699.924	7.24903e-06	24.3296
0.00097862	660.937	7.24903e-06	18.1321
0.000993118	617.62	7.24903e-06	18.9893
0.00100762	622.359	7.24903e-06	30.8261
0.00102211	567.459	7.24903e-06	16.747
0.00103661	543.524	7.24903e-06	18.3231
0.00105111	494.336	7.24903e-06	16.8989
0.00106561	471.776	7.24903e-06	15.187
0.00108011	494.117	7.24903e-06	25.3471
0.0010946	419.537	7.24903e-06	14.4191
0.0011091	415.131	7.24903e-06	19.7414
0.0011236	379.128	7.24903e-06	15.0409
0.0011381	383.78	7.24903e-06	16.0889
0.0011526	369.913	7.24903e-06	17.17
0.00116709	307.961	7.24903e-06	13.232
0.00118159	326.651	7.24903e-06	25.2769
0.00119609	297.481	7.24903e-06	18.9656
0.00121059	285.837	7.24903e-06	21.4668
0.00122509	247.945	7.24903e-06	13.0567
0.00123958	212.633	7.24903e-06	10.2204
0.00125408	212.878	7.24903e-06	11.3555
0.00126858	205.685	7.24903e-06	11.5459
0.00128308	190.287	7.24903e-06	11.6122
0.00129758	198.552	7.24903e-06	13.5183
0.00131208	162.952	7.24903e-06	9.81106
0.00132657	155.124	7.24903e-06	9.45367
0.00134107	128.164	7.24903e-06	8.13843
0.00135557	146.546	7.24903e-06	12.7018
0.00137007	140.272	7.24903e-06	18.8985
0.00138457	112.02	7.24903e-06	11.9375
0.00139906	100.719	7.24903e-06	11.3288
0.00141356	84.9171	7.24903e-06	7.34612
0.00142806	107.383	7.24903e-06	17.1921
0.00144256	67.3053	7.24903e-06	9.9973
0.00145706	60.1967	7.24903e-06	7.17133
0.00147155	58.505	7.24903e-06	7.32863
0.00148605	39.3212	7.24903e-06	4.69091
0.00150055	42.3566	7.24903e-06	5.86395
0.00151505	39.3852	7.24903e-06	5.1352
0.00152955	33.056	7.24903e-06	6.34809
0.00154404	41.1136	7.24903e-06	8.2844
0.00155854	62.1407	7.24903e-06	22.3807
0.00157304	19.2229	7.24903e-06	3.77997
0.00158754	15.7724	7.24903e-06	3.33788
0.00160204	18.7262	7.24903e-06	4.22939
0.00161653	12.4551	7.24903e-06	4.05776
0.00163103	47.1151	7.24903e-06	26.4247
0.00164553	12.1329	7.24903e-06	4.27785
0.00166003	6.65361	7.24903e-06	2.5897
0.00167453	2.67639	7.24903e-06	1.72456
0.00168903	2.98659	7.24903e-06	2.14519
0.00170352	0.284675	7.24903e-06	0.170593
0.00171802	5.20991	7.24903e-06	2.67999
0.00173252	0	7.24903e-06	0
0.00174702	3.36617	7.24903e-06	3.36617
0.00176152	0	7.24903e-06	0
0.00177601	0	7.24903e-06	0
0.00179051	0	7.24903e-06	0
0.00180501	0.625904	7.24903e-06	0.625904
