1.0166e-05	988.705	1.0166e-05	13.3168
3.0498e-05	232.03	1.0166e-05	7.99714
5.083e-05	188.457	1.0166e-05	6.17767
7.1162e-05	166.141	1.0166e-05	6.46254
9.1494e-05	151.771	1.0166e-05	6.3308
0.000111826	144.047	1.0166e-05	4.66008
0.000132158	148.759	1.0166e-05	5.73272
0.00015249	145.154	1.0166e-05	4.70433
0.000172822	165.951	1.0166e-05	5.66051
0.000193154	168.883	1.0166e-05	7.34077
0.000213486	169.608	1.0166e-05	5.4982
0.000233818	202.249	1.0166e-05	6.92225
0.00025415	196.205	1.0166e-05	6.13924
0.000274482	207.958	1.0166e-05	6.34479
0.000294814	227.442	1.0166e-05	5.89726
0.000315146	258.269	1.0166e-05	7.53624
0.000335478	280.554	1.0166e-05	6.9524
0.00035581	299.368	1.0166e-05	8.14812
0.000376142	321.288	1.0166e-05	9.88293
0.000396474	335.166	1.0166e-05	8.14634
0.000416806	374.437	1.0166e-05	8.39219
0.000437138	398.358	1.0166e-05	12.4113
0.00045747	414.094	1.0166e-05	8.21764
0.000477802	438.364	1.0166e-05	10.1975
0.000498134	493.49	1.0166e-05	23.6394
0.000518466	487.365	1.0166e-05	9.6693
0.000538798	514.448	1.0166e-05	10.98
0.00055913	547.087	1.0166e-05	12.0457
0.000579462	557.784	1.0166e-05	12.3308
0.000599794	585.185	1.0166e-05	10.3665
0.000620126	606.157	1.0166e-05	10.8581
0.000640458	635.372	1.0166e-05	10.8089
0.00066079	655.275	1.0166e-05	11.3064
0.000681122	687.532	1.0166e-05	13.2706
0.000701454	691.021	1.0166e-05	11.5182
0.000721786	759.261	1.0166e-05	12.8394
0.000742118	750.689	1.0166e-05	11.4895
0.00076245	757.169	1.0166e-05	14.1553
0.000782782	782.693	1.0166e-05	12.1689
0.000803114	786.779	1.0166e-05	12.7828
0.000823446	799.938	1.0166e-05	14.3796
0.000843778	815.827	1.0166e-05	12.6871
0.00086411	818.631	1.0166e-05	11.9192
0.000884442	852.827	1.0166e-05	13.067
0.000904774	854.752	1.0166e-05	12.4559
0.000925107	828.983	1.0166e-05	11.7863
0.000945439	853.688	1.0166e-05	12.1458
0.000965771	869.919	1.0166e-05	14.3862
0.000986103	858.267	1.0166e-05	12.3753
0.00100643	868.288	1.0166e-05	13.2165
0.00102677	832.064	1.0166e-05	14.0345
0.0010471	842.376	1.0166e-05	15.5307
0.00106743	859.777	1.0166e-05	12.2353
0.00108776	840.252	1.0166e-05	11.6192
0.00110809	859.976	1.0166e-05	16.1126
0.00112843	845.636	1.0166e-05	14.8751
0.00114876	816.066	1.0166e-05	20.5623
0.00116909	808.346	1.0166e-05	12.4735
0.00118942	797.113	1.0166e-05	11.7123
0.00120975	767.066	1.0166e-05	12.3667
0.00123009	752.195	1.0166e-05	11.4165
0.00125042	740.772	1.0166e-05	13.4751
0.00127075	699.973	1.0166e-05	10.1903
0.00129108	684.89	1.0166e-05	10.1228
0.00131141	691.677	1.0166e-05	13.4388
0.00133175	655.777	1.0166e-05	9.83295
0.00135208	630.296	1.0166e-05	9.777
0.00137241	619.086	1.0166e-05	10.1204
0.00139274	586.677	1.0166e-05	10.5946
0.00141307	579.726	1.0166e-05	10.911
0.00143341	559.302	1.0166e-05	11.9354
0.00145374	537.484	1.0166e-05	10.4028
0.00147407	502.524	1.0166e-05	9.31852
0.0014944	477.367	1.0166e-05	8.90596
0.00151473	458.588	1.0166e-05	9.32477
0.00153507	445.326	1.0166e-05	14.9549
0.0015554	399.038	1.0166e-05	7.59842
0.00157573	400.607	1.0166e-05	8.16497
0.00159606	387.635	1.0166e-05	12.0669
0.00161639	352.864	1.0166e-05	7.50035
0.00163673	339.104	1.0166e-05	7.44986
0.00165706	329.094	1.0166e-05	11.2698
0.00167739	292.584	1.0166e-05	6.9997
0.00169772	274.564	1.0166e-05	6.1856
0.00171805	250.753	1.0166e-05	5.72168
0.00173839	232.544	1.0166e-05	5.84069
0.00175872	231.727	1.0166e-05	6.03664
0.00177905	214.746	1.0166e-05	5.44345
0.00179938	214.226	1.0166e-05	6.64425
0.00181971	189.239	1.0166e-05	5.64277
0.00184005	171.784	1.0166e-05	4.80702
0.00186038	166.2	1.0166e-05	4.99297
0.00188071	144.102	1.0166e-05	4.41221
0.00190104	133.365	1.0166e-05	4.08074
0.00192138	123.912	1.0166e-05	5.36196
0.00194171	115.067	1.0166e-05	3.7427
0.00196204	98.305	1.0166e-05	3.27692
0.00198237	94.7051	1.0166e-05	3.98556
0.0020027	85.0036	1.0166e-05	3.12652
0.00202304	79.2777	1.0166e-05	3.12837
0.00204337	74.5458	1.0166e-05	3.27227
0.0020637	67.5715	1.0166e-05	2.81701
0.00208403	59.3942	1.0166e-05	2.5101
0.00210436	54.5426	1.0166e-05	2.74444
0.0021247	50.0898	1.0166e-05	2.86146
0.00214503	43.1526	1.0166e-05	2.74029
0.00216536	38.9441	1.0166e-05	2.2235
0.00218569	36.081	1.0166e-05	2.39503
0.00220602	28.1669	1.0166e-05	1.8334
0.00222636	26.7653	1.0166e-05	1.75681
0.00224669	26.442	1.0166e-05	1.84184
0.00226702	19.7859	1.0166e-05	1.28814
0.00228735	19.301	1.0166e-05	3.2114
0.00230768	16.7747	1.0166e-05	1.48326
0.00232802	14.51	1.0166e-05	1.08434
0.00234835	10.7737	1.0166e-05	1.16519
0.00236868	10.983	1.0166e-05	1.02768
0.00238901	8.50141	1.0166e-05	0.909356
0.00240934	6.59034	1.0166e-05	0.744016
0.00242968	5.09128	1.0166e-05	0.678443
0.00245001	3.57822	1.0166e-05	0.500225
0.00247034	3.80767	1.0166e-05	0.535929
0.00249067	1.9385	1.0166e-05	0.362058
0.002511	1.60849	1.0166e-05	0.330397
0.00253134	1.2916	1.0166e-05	0.289742
0.00255167	0.577105	1.0166e-05	0.192647
0.002572	0.25732	1.0166e-05	0.128686
