1.01378e-05	958.152	1.01378e-05	12.1393
3.04133e-05	216.558	1.01378e-05	5.4412
5.06888e-05	172.052	1.01378e-05	5.01597
7.09643e-05	145.04	1.01378e-05	4.66178
9.12398e-05	138.623	1.01378e-05	4.32959
0.000111515	135.419	1.01378e-05	4.5302
0.000131791	143.542	1.01378e-05	4.27781
0.000152066	146.667	1.01378e-05	5.30653
0.000172342	151.477	1.01378e-05	5.1369
0.000192617	166.591	1.01378e-05	5.52788
0.000212893	170.482	1.01378e-05	5.4379
0.000233168	179.232	1.01378e-05	5.1135
0.000253444	188.344	1.01378e-05	5.45593
0.000273719	229.668	1.01378e-05	6.67645
0.000293995	232.205	1.01378e-05	8.04931
0.00031427	247.639	1.01378e-05	6.46896
0.000334546	277.071	1.01378e-05	7.99442
0.000354821	278.433	1.01378e-05	7.93177
0.000375097	306.203	1.01378e-05	7.15495
0.000395372	327.679	1.01378e-05	7.79726
0.000415648	356.885	1.01378e-05	8.38704
0.000435923	380.34	1.01378e-05	8.28149
0.000456199	423.849	1.01378e-05	10.5246
0.000476474	484.211	1.01378e-05	32.8251
0.00049675	451.15	1.01378e-05	9.87182
0.000517025	498.479	1.01378e-05	13.2546
0.000537301	485.739	1.01378e-05	10.0951
0.000557576	574.237	1.01378e-05	34.3882
0.000577852	552.003	1.01378e-05	9.95867
0.000598127	560.152	1.01378e-05	10.9074
0.000618403	610.337	1.01378e-05	10.3898
0.000638678	638.231	1.01378e-05	15.8027
0.000658954	658.09	1.01378e-05	11.1935
0.000679229	698.125	1.01378e-05	11.6107
0.000699505	703.577	1.01378e-05	16.2448
0.00071978	700.437	1.01378e-05	11.5462
0.000740056	713.248	1.01378e-05	12.7057
0.000760331	750.527	1.01378e-05	15.0271
0.000780607	780.289	1.01378e-05	12.2698
0.000800882	769.792	1.01378e-05	12.3041
0.000821158	813.642	1.01378e-05	12.4935
0.000841433	794.69	1.01378e-05	12.3362
0.000861709	819.36	1.01378e-05	12.4251
0.000881984	853.304	1.01378e-05	13.8764
0.00090226	838.75	1.01378e-05	12.5672
0.000922535	864.159	1.01378e-05	15.1868
0.000942811	859.354	1.01378e-05	12.599
0.000963086	868.81	1.01378e-05	15.5029
0.000983362	868.909	1.01378e-05	15.0739
0.00100364	867.305	1.01378e-05	13.8141
0.00102391	826.93	1.01378e-05	12.1606
0.00104419	851.125	1.01378e-05	12.343
0.00106446	868.708	1.01378e-05	13.6832
0.00108474	839.25	1.01378e-05	13.7807
0.00110502	861.761	1.01378e-05	14.3316
0.00112529	809.411	1.01378e-05	13.092
0.00114557	816.549	1.01378e-05	14.9766
0.00116584	807.502	1.01378e-05	13.0483
0.00118612	778.625	1.01378e-05	11.5021
0.00120639	792.372	1.01378e-05	22.6379
0.00122667	752.443	1.01378e-05	13.9615
0.00124694	822.044	1.01378e-05	56.6332
0.00126722	740.325	1.01378e-05	21.0326
0.00128749	710.593	1.01378e-05	12.2138
0.00130777	665.778	1.01378e-05	11.137
0.00132805	676.901	1.01378e-05	10.9572
0.00134832	659.122	1.01378e-05	12.364
0.0013686	628.961	1.01378e-05	11.2306
0.00138887	601.535	1.01378e-05	9.72088
0.00140915	582.335	1.01378e-05	11.6179
0.00142942	560.978	1.01378e-05	11.4102
0.0014497	521.158	1.01378e-05	9.93838
0.00146997	499.033	1.01378e-05	9.18194
0.00149025	493.674	1.01378e-05	10.732
0.00151053	465.334	1.01378e-05	9.94089
0.0015308	444.681	1.01378e-05	8.91108
0.00155108	488.896	1.01378e-05	39.5365
0.00157135	407.533	1.01378e-05	8.01842
0.00159163	390.019	1.01378e-05	9.71554
0.0016119	354.568	1.01378e-05	7.82358
0.00163218	339.853	1.01378e-05	7.36703
0.00165245	300.924	1.01378e-05	6.45876
0.00167273	331.369	1.01378e-05	13.5611
0.001693	285.944	1.01378e-05	6.99946
0.00171328	263.442	1.01378e-05	6.31003
0.00173356	254.437	1.01378e-05	9.32898
0.00175383	233.306	1.01378e-05	6.15103
0.00177411	211.639	1.01378e-05	5.37315
0.00179438	201.851	1.01378e-05	5.79925
0.00181466	191.369	1.01378e-05	5.50716
0.00183493	169.17	1.01378e-05	5.41702
0.00185521	162.687	1.01378e-05	5.62694
0.00187548	158.642	1.01378e-05	7.35609
0.00189576	138.542	1.01378e-05	4.60825
0.00191604	135.417	1.01378e-05	5.18361
0.00193631	127.937	1.01378e-05	4.7901
0.00195659	107.833	1.01378e-05	3.71315
0.00197686	93.8263	1.01378e-05	3.51389
0.00199714	95.4636	1.01378e-05	3.97917
0.00201741	85.6134	1.01378e-05	3.51849
0.00203769	77.5064	1.01378e-05	3.6133
0.00205796	65.7531	1.01378e-05	3.07503
0.00207824	60.5385	1.01378e-05	2.71377
0.00209851	52.2603	1.01378e-05	3.1632
0.00211879	52.7232	1.01378e-05	2.72315
0.00213907	46.997	1.01378e-05	2.46433
0.00215934	37.2092	1.01378e-05	2.03787
0.00217962	37.3622	1.01378e-05	2.29529
0.00219989	32.1532	1.01378e-05	2.08459
0.00222017	28.6738	1.01378e-05	1.73075
0.00224044	30.2591	1.01378e-05	2.45777
0.00226072	24.5514	1.01378e-05	1.9425
0.00228099	21.1183	1.01378e-05	1.74968
0.00230127	15.7071	1.01378e-05	1.22483
0.00232155	15.0406	1.01378e-05	2.08313
0.00234182	12.0288	1.01378e-05	1.09
0.0023621	12.6876	1.01378e-05	1.36873
0.00238237	8.90642	1.01378e-05	0.922648
0.00240265	8.28413	1.01378e-05	0.848804
0.00242292	6.92423	1.01378e-05	0.77537
0.0024432	3.8775	1.01378e-05	0.67915
0.00246347	3.85539	1.01378e-05	0.763029
0.00248375	5.0781	1.01378e-05	0.674476
0.00250402	2.51062	1.01378e-05	0.453584
0.0025243	0.803204	1.01378e-05	0.245462
0.00254458	0.750041	1.01378e-05	0.239047
0.00256485	0.570789	1.01378e-05	0.202104
