1.01335e-05	957.225	1.01335e-05	13.0202
3.04006e-05	218.448	1.01335e-05	5.35606
5.06677e-05	173.722	1.01335e-05	5.26067
7.09348e-05	160.028	1.01335e-05	5.5107
9.12019e-05	149.945	1.01335e-05	4.8285
0.000111469	138.279	1.01335e-05	4.29405
0.000131736	141.798	1.01335e-05	4.43852
0.000152003	151.567	1.01335e-05	4.61996
0.00017227	179.573	1.01335e-05	6.50403
0.000192537	171.841	1.01335e-05	6.34561
0.000212804	181.616	1.01335e-05	7.56076
0.000233072	183.068	1.01335e-05	4.97814
0.000253339	201.63	1.01335e-05	5.62974
0.000273606	205.623	1.01335e-05	5.45506
0.000293873	231.773	1.01335e-05	6.11464
0.00031414	246.814	1.01335e-05	6.81001
0.000334407	272.696	1.01335e-05	9.47861
0.000354674	280.487	1.01335e-05	7.4621
0.000374941	313.271	1.01335e-05	7.52949
0.000395208	339.525	1.01335e-05	9.07745
0.000415475	346.13	1.01335e-05	8.56733
0.000435742	377.103	1.01335e-05	8.12589
0.000456009	412.26	1.01335e-05	8.8718
0.000476277	428.879	1.01335e-05	9.65324
0.000496544	456.648	1.01335e-05	10.4232
0.000516811	463.418	1.01335e-05	8.974
0.000537078	494.564	1.01335e-05	8.77069
0.000557345	529.571	1.01335e-05	10.2966
0.000577612	551.507	1.01335e-05	12.6359
0.000597879	578.378	1.01335e-05	10.5679
0.000618146	600.909	1.01335e-05	10.5202
0.000638413	642.2	1.01335e-05	11.216
0.00065868	662.027	1.01335e-05	10.9414
0.000678947	689.476	1.01335e-05	16.693
0.000699215	700.913	1.01335e-05	11.992
0.000719482	734.207	1.01335e-05	13.471
0.000739749	757.114	1.01335e-05	14.7209
0.000760016	755.059	1.01335e-05	15.2897
0.000780283	791.487	1.01335e-05	16.844
0.00080055	815.755	1.01335e-05	13.1869
0.000820817	811.25	1.01335e-05	14.9152
0.000841084	830.991	1.01335e-05	18.7169
0.000861351	841.641	1.01335e-05	13.6921
0.000881618	847.97	1.01335e-05	13.2572
0.000901885	823.934	1.01335e-05	11.4916
0.000922152	841.833	1.01335e-05	12.7351
0.00094242	888.95	1.01335e-05	15.3184
0.000962687	839.932	1.01335e-05	12.3703
0.000982954	828.251	1.01335e-05	11.8657
0.00100322	863.567	1.01335e-05	13.1122
0.00102349	877.779	1.01335e-05	13.625
0.00104376	848.234	1.01335e-05	12.8399
0.00106402	856.551	1.01335e-05	12.7685
0.00108429	840.15	1.01335e-05	13.6062
0.00110456	840.514	1.01335e-05	12.4235
0.00112482	846.089	1.01335e-05	14.2431
0.00114509	835.849	1.01335e-05	12.8926
0.00116536	802.594	1.01335e-05	11.4721
0.00118562	791.739	1.01335e-05	11.8706
0.00120589	790.401	1.01335e-05	12.5506
0.00122616	742.325	1.01335e-05	11.5258
0.00124643	746.059	1.01335e-05	19.5248
0.00126669	752.337	1.01335e-05	13.0475
0.00128696	699.746	1.01335e-05	11.1642
0.00130723	686.294	1.01335e-05	11.563
0.00132749	660.55	1.01335e-05	10.5036
0.00134776	693.26	1.01335e-05	37.0891
0.00136803	624.383	1.01335e-05	10.5393
0.0013883	585.488	1.01335e-05	9.68217
0.00140856	579.718	1.01335e-05	10.1779
0.00142883	548.161	1.01335e-05	9.80946
0.0014491	547.918	1.01335e-05	9.8678
0.00146936	506.401	1.01335e-05	8.70482
0.00148963	492.122	1.01335e-05	10.1581
0.0015099	480.017	1.01335e-05	11.1476
0.00153017	435.246	1.01335e-05	8.50319
0.00155043	438.831	1.01335e-05	11.0112
0.0015707	399.871	1.01335e-05	8.93789
0.00159097	391.41	1.01335e-05	7.90627
0.00161123	373.245	1.01335e-05	7.95213
0.0016315	339.283	1.01335e-05	7.41946
0.00165177	308.232	1.01335e-05	7.21604
0.00167203	310.93	1.01335e-05	7.18755
0.0016923	285.261	1.01335e-05	7.27916
0.00171257	266.732	1.01335e-05	6.34191
0.00173284	255.955	1.01335e-05	6.95202
0.0017531	244.223	1.01335e-05	5.89797
0.00177337	220.51	1.01335e-05	5.77174
0.00179364	196.683	1.01335e-05	5.23444
0.0018139	179.011	1.01335e-05	4.97491
0.00183417	175.141	1.01335e-05	5.05627
0.00185444	164.071	1.01335e-05	5.20196
0.00187471	143.604	1.01335e-05	4.23033
0.00189497	136.354	1.01335e-05	4.40074
0.00191524	132.365	1.01335e-05	4.91636
0.00193551	113.621	1.01335e-05	3.87083
0.00195577	104.069	1.01335e-05	4.00324
0.00197604	101.22	1.01335e-05	4.00899
0.00199631	96.3277	1.01335e-05	4.54123
0.00201658	87.2729	1.01335e-05	3.33908
0.00203684	66.8225	1.01335e-05	2.74177
0.00205711	67.0384	1.01335e-05	3.11805
0.00207738	69.2716	1.01335e-05	3.85309
0.00209764	57.3557	1.01335e-05	2.88946
0.00211791	50.3283	1.01335e-05	2.34438
0.00213818	42.0057	1.01335e-05	2.11204
0.00215844	39.758	1.01335e-05	2.1935
0.00217871	36.4596	1.01335e-05	4.0069
0.00219898	32.7661	1.01335e-05	1.82483
0.00221925	29.8398	1.01335e-05	1.8393
0.00223951	30.3051	1.01335e-05	1.91342
0.00225978	21.0999	1.01335e-05	1.49761
0.00228005	21.2222	1.01335e-05	1.5938
0.00230031	18.7778	1.01335e-05	1.4148
0.00232058	13.8468	1.01335e-05	1.45004
0.00234085	12.5037	1.01335e-05	1.02382
0.00236112	9.07702	1.01335e-05	0.940813
0.00238138	9.09698	1.01335e-05	0.878804
0.00240165	10.3226	1.01335e-05	2.06509
0.00242192	6.93135	1.01335e-05	0.839502
0.00244218	5.38302	1.01335e-05	0.65379
0.00246245	3.90137	1.01335e-05	0.549774
0.00248272	2.91903	1.01335e-05	0.475848
0.00250299	1.84398	1.01335e-05	0.364267
0.00252325	1.49133	1.01335e-05	0.32763
0.00254352	1.22748	1.01335e-05	0.290748
0.00256379	0.415311	1.01335e-05	0.169689
0.00258405	0.0670637	1.01335e-05	0.0670637
