7.19879e-06	2216.68	7.19879e-06	20.0473
2.15964e-05	352.314	7.19879e-06	10.87
3.5994e-05	255.013	7.19879e-06	6.14867
5.03916e-05	245.328	7.19879e-06	6.66897
6.47892e-05	243.151	7.19879e-06	6.39902
7.91867e-05	260.119	7.19879e-06	10.6187
9.35843e-05	310.786	7.19879e-06	12.004
0.000107982	304.658	7.19879e-06	7.93796
0.00012238	362.225	7.19879e-06	10.952
0.000136777	397.252	7.19879e-06	9.95694
0.000151175	419.847	7.19879e-06	8.9981
0.000165572	492.805	7.19879e-06	17.9903
0.00017997	498.471	7.19879e-06	12.8952
0.000194367	546.461	7.19879e-06	11.5528
0.000208765	633.867	7.19879e-06	21.2579
0.000223163	661.126	7.19879e-06	20.7375
0.00023756	665.899	7.19879e-06	15.0769
0.000251958	725.06	7.19879e-06	21.3418
0.000266355	784.062	7.19879e-06	19.4806
0.000280753	822.567	7.19879e-06	24.126
0.000295151	820.587	7.19879e-06	14.7318
0.000309548	857.865	7.19879e-06	15.3605
0.000323946	889.368	7.19879e-06	16.4246
0.000338343	927.883	7.19879e-06	15.8449
0.000352741	935.444	7.19879e-06	15.1694
0.000367139	992.143	7.19879e-06	19.9094
0.000381536	997.228	7.19879e-06	18.9257
0.000395934	1031.74	7.19879e-06	19.2724
0.000410331	1076.57	7.19879e-06	19.0481
0.000424729	1122.08	7.19879e-06	27.9062
0.000439126	1160.49	7.19879e-06	28.3538
0.000453524	1110.24	7.19879e-06	20.4087
0.000467922	1137.73	7.19879e-06	23.0308
0.000482319	1196.13	7.19879e-06	20.5327
0.000496717	1137.88	7.19879e-06	19.9435
0.000511114	1138.46	7.19879e-06	19.162
0.000525512	1200.52	7.19879e-06	24.7517
0.00053991	1200.69	7.19879e-06	29.2072
0.000554307	1180.03	7.19879e-06	21.4722
0.000568705	1157.93	7.19879e-06	20.5467
0.000583102	1158.09	7.19879e-06	21.1706
0.0005975	1164.04	7.19879e-06	27.1188
0.000611898	1233.39	7.19879e-06	79.0976
0.000626295	1132.36	7.19879e-06	22.7075
0.000640693	1135.73	7.19879e-06	22.1155
0.00065509	1133	7.19879e-06	25.9497
0.000669488	1124.24	7.19879e-06	26.6348
0.000683885	1105.01	7.19879e-06	24.968
0.000698283	1103.68	7.19879e-06	24.309
0.000712681	1069.85	7.19879e-06	22.0876
0.000727078	1040.61	7.19879e-06	20.8036
0.000741476	1015.18	7.19879e-06	23.5152
0.000755873	1207.72	7.19879e-06	122.477
0.000770271	969.651	7.19879e-06	21.5123
0.000784669	957.46	7.19879e-06	20.6422
0.000799066	918.61	7.19879e-06	22.9539
0.000813464	951.453	7.19879e-06	24.4139
0.000827861	923.92	7.19879e-06	28.3271
0.000842259	890.431	7.19879e-06	38.6483
0.000856657	803.384	7.19879e-06	18.8007
0.000871054	792.64	7.19879e-06	18.6954
0.000885452	774.051	7.19879e-06	19.3147
0.000899849	773.802	7.19879e-06	18.7431
0.000914247	720.658	7.19879e-06	20.9926
0.000928644	741.883	7.19879e-06	34.8407
0.000943042	672.279	7.19879e-06	18.0537
0.00095744	649.644	7.19879e-06	16.4432
0.000971837	612.355	7.19879e-06	17.7627
0.000986235	670.238	7.19879e-06	32.4955
0.00100063	632.026	7.19879e-06	27.3636
0.00101503	564.984	7.19879e-06	17.318
0.00102943	546.499	7.19879e-06	18.6766
0.00104383	515.396	7.19879e-06	18.9477
0.00105822	495.597	7.19879e-06	18.0321
0.00107262	495.735	7.19879e-06	26.2793
0.00108702	432.41	7.19879e-06	16.8349
0.00110142	435.842	7.19879e-06	19.5711
0.00111581	422.394	7.19879e-06	16.2275
0.00113021	364.839	7.19879e-06	13.0104
0.00114461	386.854	7.19879e-06	16.1326
0.00115901	307.544	7.19879e-06	12.5628
0.0011734	339.542	7.19879e-06	19.9258
0.0011878	299.791	7.19879e-06	14.1144
0.0012022	261.232	7.19879e-06	11.1034
0.0012166	262.543	7.19879e-06	12.6762
0.00123099	237.964	7.19879e-06	12.7276
0.00124539	225.544	7.19879e-06	14.6039
0.00125979	220.367	7.19879e-06	11.5403
0.00127419	211.914	7.19879e-06	15.1943
0.00128858	188.667	7.19879e-06	11.2255
0.00130298	159.578	7.19879e-06	11.467
0.00131738	164.438	7.19879e-06	10.9673
0.00133178	139.531	7.19879e-06	11.6707
0.00134617	144.399	7.19879e-06	12.6051
0.00136057	121.367	7.19879e-06	9.07788
0.00137497	99.9124	7.19879e-06	9.41101
0.00138937	98.2872	7.19879e-06	7.6008
0.00140376	126.855	7.19879e-06	29.6806
0.00141816	78.2075	7.19879e-06	7.34643
0.00143256	77.5523	7.19879e-06	8.97727
0.00144696	80.294	7.19879e-06	13.7792
0.00146136	70.8239	7.19879e-06	9.14534
0.00147575	37.1461	7.19879e-06	4.48482
0.00149015	41.8445	7.19879e-06	6.17944
0.00150455	45.7469	7.19879e-06	8.76476
0.00151895	36.2697	7.19879e-06	6.14487
0.00153334	29.5714	7.19879e-06	5.17003
0.00154774	27.8445	7.19879e-06	6.00415
0.00156214	22.3763	7.19879e-06	4.85833
0.00157654	19.7612	7.19879e-06	3.90458
0.00159093	24.6376	7.19879e-06	10.1992
0.00160533	15.2912	7.19879e-06	6.25071
0.00161973	14.3795	7.19879e-06	3.65309
0.00163413	2.63264	7.19879e-06	1.24203
0.00164852	5.12432	7.19879e-06	2.7943
0.00166292	1.25435	7.19879e-06	1.0126
0.00167732	1.51455	7.19879e-06	0.912351
0.00169172	3.82621	7.19879e-06	2.58923
0.00170611	0	7.19879e-06	0
0.00172051	1.10018	7.19879e-06	1.10018
0.00173491	0.366455	7.19879e-06	0.366455
0.00174931	0.441026	7.19879e-06	0.441026
0.0017637	1.97025	7.19879e-06	1.26566
