1.014e-05	996.182	1.014e-05	14.388
3.04201e-05	236.212	1.014e-05	6.30022
5.07002e-05	190.241	1.014e-05	5.79708
7.09803e-05	152.657	1.014e-05	4.94348
9.12603e-05	147.281	1.014e-05	4.69593
0.00011154	151.937	1.014e-05	5.15125
0.00013182	148.816	1.014e-05	4.58771
0.000152101	151.834	1.014e-05	4.53221
0.000172381	156.193	1.014e-05	5.64508
0.000192661	161.101	1.014e-05	5.26259
0.000212941	179.94	1.014e-05	5.4269
0.000233221	191.216	1.014e-05	5.83059
0.000253501	200.224	1.014e-05	5.5334
0.000273781	224.955	1.014e-05	9.10102
0.000294061	244.096	1.014e-05	7.14016
0.000314341	269.558	1.014e-05	8.35223
0.000334621	275.104	1.014e-05	7.08391
0.000354901	311.028	1.014e-05	8.44701
0.000375181	314.35	1.014e-05	8.34605
0.000395461	341.505	1.014e-05	10.1724
0.000415742	358.208	1.014e-05	8.42232
0.000436022	383.433	1.014e-05	8.62809
0.000456302	419.606	1.014e-05	9.08934
0.000476582	437.006	1.014e-05	10.1864
0.000496862	465.033	1.014e-05	9.94722
0.000517142	488.762	1.014e-05	11.6745
0.000537422	518.508	1.014e-05	10.1442
0.000557702	558.427	1.014e-05	10.8292
0.000577982	551.161	1.014e-05	10.404
0.000598262	577.939	1.014e-05	10.7231
0.000618542	614.789	1.014e-05	11.5469
0.000638822	640.354	1.014e-05	10.7425
0.000659102	661.999	1.014e-05	12.7896
0.000679383	691.504	1.014e-05	13.1372
0.000699663	713.783	1.014e-05	12.7692
0.000719943	723.363	1.014e-05	12.1058
0.000740223	743.669	1.014e-05	12.3927
0.000760503	774.697	1.014e-05	11.9715
0.000780783	781.396	1.014e-05	12.335
0.000801063	796.641	1.014e-05	12.9009
0.000821343	887.802	1.014e-05	40.4016
0.000841623	807.897	1.014e-05	12.0185
0.000861903	818.128	1.014e-05	12.0607
0.000882183	820.523	1.014e-05	12.4909
0.000902463	831.939	1.014e-05	11.6592
0.000922743	841.93	1.014e-05	12.4562
0.000943024	859.431	1.014e-05	11.9622
0.000963304	861.233	1.014e-05	12.7872
0.000983584	865.546	1.014e-05	11.9481
0.00100386	861.852	1.014e-05	12.6863
0.00102414	873.555	1.014e-05	14.0527
0.00104442	846.254	1.014e-05	12.5991
0.0010647	895.976	1.014e-05	31.3386
0.00108498	848.609	1.014e-05	12.2479
0.00110526	831.086	1.014e-05	11.9715
0.00112554	820.25	1.014e-05	11.8461
0.00114582	835.274	1.014e-05	12.0378
0.0011661	794.101	1.014e-05	12.1274
0.00118638	795.71	1.014e-05	14.1423
0.00120666	755.106	1.014e-05	10.996
0.00122694	762.222	1.014e-05	12.5403
0.00124722	717.64	1.014e-05	10.4673
0.0012675	749	1.014e-05	15.9902
0.00128778	705.336	1.014e-05	11.0869
0.00130806	657.119	1.014e-05	10.5471
0.00132834	659.763	1.014e-05	18.2929
0.00134863	632.13	1.014e-05	9.95928
0.00136891	599.092	1.014e-05	9.62068
0.00138919	586.489	1.014e-05	9.63616
0.00140947	582.83	1.014e-05	9.93388
0.00142975	562.689	1.014e-05	12.5225
0.00145003	515.802	1.014e-05	8.8004
0.00147031	509.473	1.014e-05	10.5221
0.00149059	506.666	1.014e-05	10.1707
0.00151087	467.202	1.014e-05	10.0752
0.00153115	439.65	1.014e-05	7.86899
0.00155143	407.842	1.014e-05	7.74738
0.00157171	385.797	1.014e-05	7.94648
0.00159199	389.083	1.014e-05	13.4686
0.00161227	357.5	1.014e-05	7.13992
0.00163255	346.209	1.014e-05	9.37597
0.00165283	318.55	1.014e-05	7.73052
0.00167311	292.751	1.014e-05	6.62
0.00169339	271.072	1.014e-05	5.78727
0.00171367	266.416	1.014e-05	6.45397
0.00173395	250.044	1.014e-05	6.88838
0.00175423	221.56	1.014e-05	5.31994
0.00177451	224.709	1.014e-05	6.20773
0.00179479	191.534	1.014e-05	5.04863
0.00181507	191.664	1.014e-05	5.30191
0.00183535	179.805	1.014e-05	5.69293
0.00185563	160.423	1.014e-05	4.95468
0.00187591	142.802	1.014e-05	4.35587
0.00189619	132.081	1.014e-05	4.08686
0.00191647	123.73	1.014e-05	4.43006
0.00193675	106.174	1.014e-05	3.61088
0.00195703	104.485	1.014e-05	3.78429
0.00197731	92.9984	1.014e-05	3.49385
0.00199759	88.8011	1.014e-05	3.70658
0.00201787	77.2881	1.014e-05	3.23541
0.00203815	76.1695	1.014e-05	3.14627
0.00205843	66.6063	1.014e-05	3.02382
0.00207871	62.3866	1.014e-05	4.05127
0.00209899	51.8933	1.014e-05	2.68919
0.00211927	51.6462	1.014e-05	2.44585
0.00213955	38.9222	1.014e-05	1.89112
0.00215983	38.1332	1.014e-05	1.98418
0.00218011	35.079	1.014e-05	1.98755
0.00220039	33.1062	1.014e-05	2.08333
0.00222067	26.7175	1.014e-05	1.83632
0.00224095	25.6663	1.014e-05	1.87056
0.00226123	19.8977	1.014e-05	1.37166
0.00228151	17.9432	1.014e-05	1.36137
0.00230179	15.0499	1.014e-05	1.18587
0.00232207	15.6767	1.014e-05	1.13548
0.00234235	13.102	1.014e-05	1.1723
0.00236263	9.83705	1.014e-05	0.871513
0.00238291	8.56978	1.014e-05	1.02722
0.00240319	7.82249	1.014e-05	1.05168
0.00242347	4.93376	1.014e-05	0.616094
0.00244375	4.23242	1.014e-05	0.540935
0.00246403	5.46542	1.014e-05	0.915854
0.00248431	2.70697	1.014e-05	0.424448
0.00250459	2.1267	1.014e-05	0.379401
0.00252487	1.09999	1.014e-05	0.267366
0.00254515	0.836899	1.014e-05	0.232354
0.00256543	0.517047	1.014e-05	0.182948
