9.74735e-06	1161.81	9.74735e-06	13.4276
2.9242e-05	214.092	9.74735e-06	4.97388
4.87367e-05	163.419	9.74735e-06	4.35492
6.82314e-05	148.581	9.74735e-06	3.98878
8.77261e-05	149.414	9.74735e-06	4.25291
0.000107221	153.27	9.74735e-06	4.57781
0.000126716	167.531	9.74735e-06	5.75998
0.00014621	179.607	9.74735e-06	4.64001
0.000165705	211.853	9.74735e-06	6.97073
0.0001852	225.65	9.74735e-06	6.52553
0.000204694	245.437	9.74735e-06	6.04624
0.000224189	261.868	9.74735e-06	6.1044
0.000243684	289.778	9.74735e-06	6.27794
0.000263178	328.106	9.74735e-06	8.41825
0.000282673	330.981	9.74735e-06	7.15496
0.000302168	358.19	9.74735e-06	7.4901
0.000321663	387.489	9.74735e-06	8.91058
0.000341157	413.838	9.74735e-06	8.59339
0.000360652	454.129	9.74735e-06	10.0159
0.000380147	472.682	9.74735e-06	9.58862
0.000399641	492.376	9.74735e-06	11.9146
0.000419136	540.267	9.74735e-06	12.3473
0.000438631	568.949	9.74735e-06	14.182
0.000458125	563.056	9.74735e-06	13.4269
0.00047762	604.816	9.74735e-06	13.2185
0.000497115	653.224	9.74735e-06	18.1493
0.000516609	656.877	9.74735e-06	11.98
0.000536104	691.5	9.74735e-06	13.0633
0.000555599	702.119	9.74735e-06	12.947
0.000575094	728.754	9.74735e-06	13.4334
0.000594588	725.768	9.74735e-06	11.8344
0.000614083	765.514	9.74735e-06	16.3451
0.000633578	796.164	9.74735e-06	15.665
0.000653072	796.751	9.74735e-06	14.6749
0.000672567	825.844	9.74735e-06	15.4643
0.000692062	829.944	9.74735e-06	16.9843
0.000711556	827.9	9.74735e-06	14.0975
0.000731051	841.367	9.74735e-06	15.9182
0.000750546	854.719	9.74735e-06	16.0833
0.000770041	881.564	9.74735e-06	22.234
0.000789535	888.521	9.74735e-06	17.4765
0.00080903	887.838	9.74735e-06	21.2107
0.000828525	866.996	9.74735e-06	14.9523
0.000848019	889.585	9.74735e-06	19.13
0.000867514	906.437	9.74735e-06	25.9814
0.000887009	873.796	9.74735e-06	18.9937
0.000906503	909.187	9.74735e-06	22.8778
0.000925998	889.076	9.74735e-06	29.384
0.000945493	883.914	9.74735e-06	16.867
0.000964988	831.244	9.74735e-06	18.4631
0.000984482	825.68	9.74735e-06	16.5204
0.00100398	841.604	9.74735e-06	17.6378
0.00102347	791.748	9.74735e-06	14.9029
0.00104297	791.814	9.74735e-06	15.7705
0.00106246	790.171	9.74735e-06	23.6169
0.00108196	793.268	9.74735e-06	18.2129
0.00110145	752.961	9.74735e-06	15.5195
0.00112095	729.23	9.74735e-06	16.5619
0.00114044	730.808	9.74735e-06	16.558
0.00115993	704.064	9.74735e-06	15.1597
0.00117943	683.743	9.74735e-06	17.0258
0.00119892	653.924	9.74735e-06	15.138
0.00121842	655.199	9.74735e-06	17.144
0.00123791	661.945	9.74735e-06	37.7099
0.00125741	679.404	9.74735e-06	62.4062
0.0012769	595.668	9.74735e-06	18.1177
0.0012964	583.088	9.74735e-06	19.3098
0.00131589	539.989	9.74735e-06	14.8771
0.00133539	554.641	9.74735e-06	19.694
0.00135488	519.95	9.74735e-06	20.2091
0.00137438	467.424	9.74735e-06	12.5199
0.00139387	459.075	9.74735e-06	13.7787
0.00141337	441.293	9.74735e-06	14.8022
0.00143286	417.262	9.74735e-06	12.8737
0.00145235	420.517	9.74735e-06	17.6705
0.00147185	382.048	9.74735e-06	15.128
0.00149134	376.423	9.74735e-06	17.7205
0.00151084	334.65	9.74735e-06	13.7062
0.00153033	323.643	9.74735e-06	12.2918
0.00154983	337.724	9.74735e-06	25.82
0.00156932	294.618	9.74735e-06	11.5183
0.00158882	307.332	9.74735e-06	24.4518
0.00160831	240.943	9.74735e-06	10.5451
0.00162781	280.138	9.74735e-06	23.2313
0.0016473	231.931	9.74735e-06	9.75099
0.0016668	226.197	9.74735e-06	16.7434
0.00168629	239.218	9.74735e-06	26.9677
0.00170579	183.673	9.74735e-06	12.6846
0.00172528	191.17	9.74735e-06	13.2939
0.00174478	141.43	9.74735e-06	6.83677
0.00176427	148.656	9.74735e-06	8.6653
0.00178376	146.964	9.74735e-06	10.5605
0.00180326	141.888	9.74735e-06	12.8079
0.00182275	111.605	9.74735e-06	6.45681
0.00184225	98.132	9.74735e-06	6.50322
0.00186174	94.9726	9.74735e-06	5.30732
0.00188124	89.6606	9.74735e-06	5.6015
0.00190073	75.1565	9.74735e-06	5.45381
0.00192023	94.7399	9.74735e-06	8.82002
0.00193972	73.8946	9.74735e-06	6.37792
0.00195922	57.3598	9.74735e-06	5.54621
0.00197871	62.2627	9.74735e-06	7.14092
0.00199821	47.8942	9.74735e-06	8.30506
0.0020177	52.3993	9.74735e-06	5.21245
0.0020372	44.7533	9.74735e-06	4.11408
0.00205669	30.3216	9.74735e-06	3.76156
0.00207619	33.1812	9.74735e-06	3.42733
0.00209568	32.8114	9.74735e-06	4.27033
0.00211517	38.9467	9.74735e-06	8.7419
0.00213467	22.8819	9.74735e-06	3.22528
0.00215416	20.2667	9.74735e-06	3.04834
0.00217366	16.6456	9.74735e-06	2.77638
0.00219315	13.4728	9.74735e-06	1.90447
0.00221265	9.60517	9.74735e-06	1.7167
0.00223214	13.7631	9.74735e-06	3.32388
0.00225164	8.58041	9.74735e-06	1.67801
0.00227113	8.49465	9.74735e-06	1.72154
0.00229063	4.65815	9.74735e-06	1.00062
0.00231012	12.3209	9.74735e-06	5.47824
0.00232962	7.84157	9.74735e-06	3.40576
0.00234911	4.03291	9.74735e-06	1.92127
0.00236861	4.35517	9.74735e-06	1.4762
0.0023881	3.09284	9.74735e-06	1.59704
0.0024076	2.13178	9.74735e-06	1.11274
0.00242709	0.375839	9.74735e-06	0.375839
0.00244658	0	9.74735e-06	0
0.00246608	0	9.74735e-06	0
0.00248557	0	9.74735e-06	0
0.00250507	0.485481	9.74735e-06	0.485481
