7.70514e-06	2009.4	7.70514e-06	17.1154
2.31154e-05	319.21	7.70514e-06	7.36796
3.85257e-05	246.493	7.70514e-06	5.92367
5.39359e-05	231.55	7.70514e-06	6.10683
6.93462e-05	248.174	7.70514e-06	8.6242
8.47565e-05	233.507	7.70514e-06	5.5037
0.000100167	263.922	7.70514e-06	6.72854
0.000115577	284.472	7.70514e-06	7.64584
0.000130987	322.141	7.70514e-06	7.46061
0.000146398	349.786	7.70514e-06	8.04366
0.000161808	397.509	7.70514e-06	8.69235
0.000177218	435.602	7.70514e-06	13.8159
0.000192628	474.054	7.70514e-06	9.81781
0.000208039	522.566	7.70514e-06	11.9019
0.000223449	591.364	7.70514e-06	14.7847
0.000238859	606.494	7.70514e-06	19.7374
0.000254269	632.676	7.70514e-06	12.8106
0.00026968	681.274	7.70514e-06	13.2729
0.00028509	711.365	7.70514e-06	15.6386
0.0003005	742.392	7.70514e-06	16.0672
0.000315911	822.664	7.70514e-06	21.6469
0.000331321	823.413	7.70514e-06	14.7257
0.000346731	871.152	7.70514e-06	15.7617
0.000362141	892.965	7.70514e-06	16.328
0.000377552	905.502	7.70514e-06	16.5636
0.000392962	941.047	7.70514e-06	19.108
0.000408372	989.362	7.70514e-06	26.3932
0.000423782	1001.71	7.70514e-06	17.3573
0.000439193	1033.49	7.70514e-06	22.4519
0.000454603	1011.42	7.70514e-06	17.5283
0.000470013	1125.32	7.70514e-06	50.3264
0.000485424	1044.4	7.70514e-06	19.9227
0.000500834	1066.68	7.70514e-06	24.3856
0.000516244	1088.49	7.70514e-06	18.0732
0.000531654	1157.02	7.70514e-06	51.0418
0.000547065	1097.09	7.70514e-06	23.2519
0.000562475	1154.25	7.70514e-06	36.8205
0.000577885	1145.2	7.70514e-06	43.4063
0.000593295	1138.32	7.70514e-06	28.6755
0.000608706	1128.46	7.70514e-06	29.6266
0.000624116	1142.86	7.70514e-06	42.8654
0.000639526	1090.56	7.70514e-06	20.8473
0.000654937	1145.47	7.70514e-06	33.6815
0.000670347	1042.07	7.70514e-06	19.8712
0.000685757	1106.92	7.70514e-06	22.7997
0.000701167	1055.76	7.70514e-06	21.7316
0.000716578	1003.22	7.70514e-06	18.0057
0.000731988	1063.91	7.70514e-06	29.4878
0.000747398	1028.46	7.70514e-06	22.6561
0.000762808	996.175	7.70514e-06	20.9847
0.000778219	996.082	7.70514e-06	23.8095
0.000793629	966.508	7.70514e-06	23.0822
0.000809039	938.874	7.70514e-06	22.0124
0.000824449	1010.93	7.70514e-06	54.454
0.00083986	872.978	7.70514e-06	21.5314
0.00085527	925.066	7.70514e-06	50.4347
0.00087068	806.718	7.70514e-06	18.2487
0.000886091	873.355	7.70514e-06	29.4494
0.000901501	798.115	7.70514e-06	20.5588
0.000916911	785.5	7.70514e-06	27.8194
0.000932321	743.008	7.70514e-06	19.084
0.000947732	739.24	7.70514e-06	21.7249
0.000963142	688.701	7.70514e-06	16.4558
0.000978552	690.177	7.70514e-06	20.7258
0.000993962	666.122	7.70514e-06	19.3332
0.00100937	610.976	7.70514e-06	18.2076
0.00102478	631.005	7.70514e-06	20.6728
0.00104019	585.219	7.70514e-06	21.441
0.0010556	601.431	7.70514e-06	39.2595
0.00107101	505.868	7.70514e-06	16.0207
0.00108642	466.079	7.70514e-06	14.7953
0.00110183	517.422	7.70514e-06	17.3533
0.00111724	445.412	7.70514e-06	14.0395
0.00113265	445.649	7.70514e-06	20.5643
0.00114807	398.075	7.70514e-06	13.5044
0.00116348	400.624	7.70514e-06	18.7372
0.00117889	355.389	7.70514e-06	14.2365
0.0011943	348.706	7.70514e-06	18.1612
0.00120971	368.638	7.70514e-06	22.2138
0.00122512	282.771	7.70514e-06	12.1836
0.00124053	310.442	7.70514e-06	16.9353
0.00125594	285.753	7.70514e-06	14.7653
0.00127135	240.342	7.70514e-06	11.1259
0.00128676	231.273	7.70514e-06	12.4586
0.00130217	246.938	7.70514e-06	21.8402
0.00131758	218.627	7.70514e-06	18.9365
0.00133299	202.398	7.70514e-06	11.2423
0.0013484	192.173	7.70514e-06	12.634
0.00136381	185.195	7.70514e-06	13.7619
0.00137922	155.431	7.70514e-06	10.3062
0.00139463	163.42	7.70514e-06	13.5882
0.00141004	131.433	7.70514e-06	8.88603
0.00142545	124.581	7.70514e-06	8.74114
0.00144086	120.39	7.70514e-06	10.6103
0.00145627	106.002	7.70514e-06	7.76952
0.00147168	101.527	7.70514e-06	8.64436
0.00148709	105.253	7.70514e-06	13.0716
0.0015025	84.6515	7.70514e-06	6.95219
0.00151791	88.1455	7.70514e-06	9.42204
0.00153332	71.2331	7.70514e-06	7.34187
0.00154873	85.0899	7.70514e-06	16.6403
0.00156414	47.8723	7.70514e-06	5.12328
0.00157955	121.565	7.70514e-06	40.5177
0.00159496	62.3017	7.70514e-06	14.0471
0.00161037	34.914	7.70514e-06	4.06817
0.00162578	43.094	7.70514e-06	5.46833
0.00164119	46.0126	7.70514e-06	6.79078
0.0016566	23.7481	7.70514e-06	3.30058
0.00167201	37.7553	7.70514e-06	6.77711
0.00168742	19.4678	7.70514e-06	3.58505
0.00170283	24.3846	7.70514e-06	5.04712
0.00171825	19.4966	7.70514e-06	5.63645
0.00173366	15.3515	7.70514e-06	3.24959
0.00174907	9.74791	7.70514e-06	3.74232
0.00176448	6.98915	7.70514e-06	2.66101
0.00177989	11.7103	7.70514e-06	3.68842
0.0017953	9.18092	7.70514e-06	3.58339
0.00181071	7.94703	7.70514e-06	3.57371
0.00182612	4.39028	7.70514e-06	1.81077
0.00184153	3.4283	7.70514e-06	1.87427
0.00185694	0.928262	7.70514e-06	0.673047
0.00187235	1.80655	7.70514e-06	1.20866
0.00188776	2.17732	7.70514e-06	1.22507
0.00190317	3.34999	7.70514e-06	2.48505
0.00191858	1.54607	7.70514e-06	1.10098
0.00193399	0.0944498	7.70514e-06	0.0944498
0.0019494	0	7.70514e-06	0
0.00196481	0	7.70514e-06	0
0.00198022	0	7.70514e-06	0
0.00199563	0	7.70514e-06	0
0.00201104	0	7.70514e-06	0
0.00202645	0.28152	7.70514e-06	0.28152
