1.01544e-05	952.932	1.01544e-05	12.0772
3.04632e-05	199.653	1.01544e-05	4.88565
5.0772e-05	144.419	1.01544e-05	3.91597
7.10809e-05	139.163	1.01544e-05	4.18514
9.13897e-05	133.931	1.01544e-05	4.71473
0.000111698	140.218	1.01544e-05	4.71232
0.000132007	136.537	1.01544e-05	4.05623
0.000152316	146.953	1.01544e-05	5.64332
0.000172625	152.592	1.01544e-05	4.87583
0.000192934	151.535	1.01544e-05	4.43702
0.000213243	171.732	1.01544e-05	4.94431
0.000233551	189.453	1.01544e-05	5.51309
0.00025386	217.594	1.01544e-05	5.81261
0.000274169	210.076	1.01544e-05	5.57188
0.000294478	238.77	1.01544e-05	6.12281
0.000314787	256.095	1.01544e-05	6.82241
0.000335095	280.867	1.01544e-05	13.6308
0.000355404	292.945	1.01544e-05	6.45686
0.000375713	333.866	1.01544e-05	8.0385
0.000396022	358.845	1.01544e-05	10.3839
0.000416331	369.683	1.01544e-05	8.61271
0.00043664	385.993	1.01544e-05	8.53989
0.000456948	419.016	1.01544e-05	8.70577
0.000477257	475.192	1.01544e-05	16.2865
0.000497566	449.302	1.01544e-05	8.68492
0.000517875	480.405	1.01544e-05	10.1577
0.000538184	518.956	1.01544e-05	11.7674
0.000558492	542.468	1.01544e-05	10.524
0.000578801	568.622	1.01544e-05	10.5326
0.00059911	577.686	1.01544e-05	10.428
0.000619419	629.164	1.01544e-05	12.7087
0.000639728	648.232	1.01544e-05	17.7752
0.000660037	641.387	1.01544e-05	10.5896
0.000680345	652.913	1.01544e-05	11.3673
0.000700654	692.96	1.01544e-05	12.127
0.000720963	694.03	1.01544e-05	11.4813
0.000741272	717.628	1.01544e-05	13.6192
0.000761581	766.16	1.01544e-05	15.7282
0.000781889	766.114	1.01544e-05	12.0342
0.000802198	782.714	1.01544e-05	14.203
0.000822507	810.379	1.01544e-05	26.008
0.000842816	832.104	1.01544e-05	16.5846
0.000863125	808.716	1.01544e-05	12.3592
0.000883434	801.701	1.01544e-05	12.683
0.000903742	814.755	1.01544e-05	14.4336
0.000924051	1040.65	1.01544e-05	124.418
0.00094436	825.165	1.01544e-05	14.0546
0.000964669	829.606	1.01544e-05	13.5813
0.000984978	845.961	1.01544e-05	13.9286
0.00100529	841.808	1.01544e-05	13.9064
0.0010256	838.106	1.01544e-05	13.5864
0.0010459	872.227	1.01544e-05	16.8835
0.00106621	906.62	1.01544e-05	45.6523
0.00108652	840.792	1.01544e-05	24.0294
0.00110683	841.45	1.01544e-05	13.6024
0.00112714	816.208	1.01544e-05	14.082
0.00114745	838.275	1.01544e-05	17.7041
0.00116776	808.092	1.01544e-05	15.8825
0.00118807	774.988	1.01544e-05	14.443
0.00120837	763.69	1.01544e-05	13.8445
0.00122868	745.644	1.01544e-05	13.2479
0.00124899	721.293	1.01544e-05	14.3408
0.0012693	716.626	1.01544e-05	12.8572
0.00128961	710.397	1.01544e-05	20.5517
0.00130992	713.888	1.01544e-05	24.8288
0.00133023	671.428	1.01544e-05	16.8357
0.00135054	618.019	1.01544e-05	12.1565
0.00137085	622.892	1.01544e-05	11.7177
0.00139115	587.651	1.01544e-05	13.4165
0.00141146	601.942	1.01544e-05	19.5214
0.00143177	551.963	1.01544e-05	13.1169
0.00145208	528.806	1.01544e-05	11.4975
0.00147239	512.917	1.01544e-05	10.5798
0.0014927	503.079	1.01544e-05	12.5634
0.00151301	463.387	1.01544e-05	10.6118
0.00153332	464.365	1.01544e-05	12.4425
0.00155362	417.666	1.01544e-05	8.99782
0.00157393	410.556	1.01544e-05	10.1634
0.00159424	367.166	1.01544e-05	8.45073
0.00161455	364.739	1.01544e-05	9.41751
0.00163486	335.451	1.01544e-05	10.9799
0.00165517	340.791	1.01544e-05	16.6164
0.00167548	300.375	1.01544e-05	8.18794
0.00169579	294.48	1.01544e-05	8.90855
0.0017161	245.758	1.01544e-05	7.78084
0.0017364	258.49	1.01544e-05	7.88459
0.00175671	244.291	1.01544e-05	8.70079
0.00177702	213.39	1.01544e-05	8.2618
0.00179733	205.646	1.01544e-05	6.6321
0.00181764	191.917	1.01544e-05	7.66523
0.00183795	175.329	1.01544e-05	6.42715
0.00185826	156.889	1.01544e-05	6.39104
0.00187857	146.206	1.01544e-05	5.82559
0.00189887	142.754	1.01544e-05	6.32643
0.00191918	128.376	1.01544e-05	5.08593
0.00193949	124.151	1.01544e-05	6.70947
0.0019598	116.753	1.01544e-05	7.84736
0.00198011	94.3666	1.01544e-05	4.15718
0.00200042	92.2833	1.01544e-05	4.19984
0.00202073	88.3512	1.01544e-05	4.38064
0.00204104	70.9272	1.01544e-05	3.71377
0.00206135	67.7247	1.01544e-05	3.46861
0.00208165	55.1621	1.01544e-05	2.93867
0.00210196	55.0304	1.01544e-05	2.92297
0.00212227	47.7908	1.01544e-05	3.0662
0.00214258	43.4389	1.01544e-05	2.65923
0.00216289	44.8277	1.01544e-05	3.46932
0.0021832	37.1858	1.01544e-05	2.92224
0.00220351	33.5706	1.01544e-05	3.57061
0.00222382	28.7743	1.01544e-05	2.30306
0.00224412	28.2124	1.01544e-05	2.65148
0.00226443	24.3144	1.01544e-05	2.33337
0.00228474	20.8045	1.01544e-05	2.22339
0.00230505	20.4831	1.01544e-05	2.732
0.00232536	17.0869	1.01544e-05	1.91036
0.00234567	15.2635	1.01544e-05	2.1377
0.00236598	14.6805	1.01544e-05	2.26909
0.00238629	9.96591	1.01544e-05	2.13886
0.00240659	9.83494	1.01544e-05	2.06762
0.0024269	7.86531	1.01544e-05	1.48325
0.00244721	3.89127	1.01544e-05	0.650071
0.00246752	4.4683	1.01544e-05	0.849115
0.00248783	3.64282	1.01544e-05	0.885906
0.00250814	2.83027	1.01544e-05	0.643548
0.00252845	1.41754	1.01544e-05	0.42181
0.00254876	1.15338	1.01544e-05	0.45843
0.00256907	0.781939	1.01544e-05	0.354045
