1.01778e-05	911.723	1.01778e-05	11.0115
3.05335e-05	206.06	1.01778e-05	5.38061
5.08892e-05	154.62	1.01778e-05	4.6556
7.12448e-05	134.769	1.01778e-05	4.04951
9.16005e-05	139.148	1.01778e-05	4.8451
0.000111956	162.684	1.01778e-05	19.8702
0.000132312	146.077	1.01778e-05	5.00254
0.000152667	149.81	1.01778e-05	4.81485
0.000173023	150.624	1.01778e-05	5.6892
0.000193379	148.927	1.01778e-05	4.50503
0.000213734	176.525	1.01778e-05	6.87566
0.00023409	184.025	1.01778e-05	5.33298
0.000254446	202.408	1.01778e-05	6.03323
0.000274801	206.895	1.01778e-05	5.45334
0.000295157	235.47	1.01778e-05	6.86829
0.000315513	268.082	1.01778e-05	7.62237
0.000335868	270.445	1.01778e-05	8.55808
0.000356224	299.913	1.01778e-05	7.56204
0.00037658	325.085	1.01778e-05	11.1389
0.000396935	329.204	1.01778e-05	7.70419
0.000417291	341.963	1.01778e-05	7.8489
0.000437647	362.557	1.01778e-05	8.29686
0.000458002	417.663	1.01778e-05	9.54371
0.000478358	436.158	1.01778e-05	8.34481
0.000498714	458.19	1.01778e-05	10.1827
0.000519069	487.653	1.01778e-05	12.7654
0.000539425	491.715	1.01778e-05	9.22037
0.000559781	536.492	1.01778e-05	10.5907
0.000580136	563.772	1.01778e-05	10.2277
0.000600492	573.132	1.01778e-05	10.4078
0.000620848	636.343	1.01778e-05	14.0607
0.000641203	622.955	1.01778e-05	13.9664
0.000661559	644.369	1.01778e-05	12.5771
0.000681915	675.739	1.01778e-05	14.1704
0.00070227	687.709	1.01778e-05	11.3881
0.000722626	719.298	1.01778e-05	13.6094
0.000742982	745.539	1.01778e-05	12.8795
0.000763337	745.926	1.01778e-05	12.2244
0.000783693	778.936	1.01778e-05	14.4143
0.000804049	783.748	1.01778e-05	12.3444
0.000824404	797.637	1.01778e-05	14.4097
0.00084476	830.771	1.01778e-05	15.9153
0.000865116	857.651	1.01778e-05	15.9242
0.000885471	829.388	1.01778e-05	12.9008
0.000905827	816.869	1.01778e-05	14.5358
0.000926183	835.414	1.01778e-05	12.8247
0.000946538	857.771	1.01778e-05	15.1551
0.000966894	859.84	1.01778e-05	15.0129
0.00098725	867.529	1.01778e-05	16.5319
0.00100761	851.108	1.01778e-05	12.1167
0.00102796	843.39	1.01778e-05	14.7051
0.00104832	856.361	1.01778e-05	22.6876
0.00106867	828.205	1.01778e-05	12.3809
0.00108903	853.085	1.01778e-05	14.9241
0.00110938	806.269	1.01778e-05	12.3271
0.00112974	821.727	1.01778e-05	20.1238
0.0011501	807.787	1.01778e-05	14.3866
0.00117045	801.584	1.01778e-05	16.7788
0.00119081	759.575	1.01778e-05	12.2785
0.00121116	793.905	1.01778e-05	37.9573
0.00123152	744.451	1.01778e-05	13.8691
0.00125187	814.192	1.01778e-05	49.2539
0.00127223	715.426	1.01778e-05	12.8519
0.00129258	710.019	1.01778e-05	12.8059
0.00131294	674.632	1.01778e-05	11.8875
0.0013333	662.109	1.01778e-05	11.454
0.00135365	626.495	1.01778e-05	10.7527
0.00137401	612.214	1.01778e-05	12.7143
0.00139436	630.916	1.01778e-05	19.0011
0.00141472	567.412	1.01778e-05	10.9154
0.00143507	559.95	1.01778e-05	11.6453
0.00145543	541.527	1.01778e-05	11.4754
0.00147579	516.651	1.01778e-05	11.3714
0.00149614	608.345	1.01778e-05	76.0469
0.0015165	451.315	1.01778e-05	9.49901
0.00153685	447.675	1.01778e-05	10.8828
0.00155721	447.032	1.01778e-05	19.5842
0.00157756	388.056	1.01778e-05	8.31618
0.00159792	384.13	1.01778e-05	9.4103
0.00161828	362.249	1.01778e-05	8.66791
0.00163863	337.623	1.01778e-05	7.79087
0.00165899	330.934	1.01778e-05	8.73959
0.00167934	311.263	1.01778e-05	10.0675
0.0016997	282.33	1.01778e-05	7.87792
0.00172005	262.96	1.01778e-05	7.08777
0.00174041	244.697	1.01778e-05	11.2583
0.00176077	240.571	1.01778e-05	9.62153
0.00178112	218.47	1.01778e-05	6.18654
0.00180148	212.355	1.01778e-05	8.68999
0.00182183	179.896	1.01778e-05	5.48962
0.00184219	177.788	1.01778e-05	6.19472
0.00186254	170.1	1.01778e-05	9.87645
0.0018829	145.373	1.01778e-05	5.63472
0.00190325	134.095	1.01778e-05	4.66011
0.00192361	133.624	1.01778e-05	5.09111
0.00194397	126.135	1.01778e-05	5.15775
0.00196432	106.297	1.01778e-05	4.70834
0.00198468	90.9865	1.01778e-05	4.36485
0.00200503	98.6123	1.01778e-05	4.67772
0.00202539	78.5979	1.01778e-05	3.53594
0.00204574	78.9374	1.01778e-05	4.83502
0.0020661	71.8445	1.01778e-05	3.87394
0.00208646	63.3181	1.01778e-05	3.32283
0.00210681	58.7953	1.01778e-05	5.74623
0.00212717	56.8292	1.01778e-05	3.12937
0.00214752	47.0174	1.01778e-05	2.6854
0.00216788	43.3487	1.01778e-05	4.30707
0.00218823	36.6006	1.01778e-05	2.26465
0.00220859	31.3642	1.01778e-05	2.34533
0.00222895	26.6628	1.01778e-05	1.81882
0.0022493	28.9895	1.01778e-05	2.34339
0.00226966	25.5982	1.01778e-05	2.54005
0.00229001	22.2009	1.01778e-05	2.01863
0.00231037	16.7726	1.01778e-05	1.53887
0.00233072	16.1812	1.01778e-05	1.56198
0.00235108	12.6396	1.01778e-05	1.5932
0.00237144	14.5835	1.01778e-05	2.04581
0.00239179	9.50298	1.01778e-05	1.11595
0.00241215	8.01199	1.01778e-05	1.49677
0.0024325	6.42751	1.01778e-05	1.36242
0.00245286	4.43379	1.01778e-05	0.735813
0.00247321	3.63927	1.01778e-05	0.603089
0.00249357	2.84915	1.01778e-05	0.573139
0.00251392	2.08511	1.01778e-05	0.471234
0.00253428	0.897926	1.01778e-05	0.289806
0.00255464	0.797457	1.01778e-05	0.288824
0.00257499	0.32444	1.01778e-05	0.190922
