1.00186e-05	1014.12	1.00186e-05	10.8818
3.00559e-05	213.491	1.00186e-05	5.7722
5.00932e-05	158.123	1.00186e-05	4.07786
7.01305e-05	140.639	1.00186e-05	3.90398
9.01678e-05	148.741	1.00186e-05	7.35774
0.000110205	148.728	1.00186e-05	4.13191
0.000130242	148.794	1.00186e-05	4.20327
0.00015028	160.615	1.00186e-05	4.49438
0.000170317	187.743	1.00186e-05	6.163
0.000190354	193.933	1.00186e-05	6.12718
0.000210391	217.356	1.00186e-05	5.69174
0.000230429	234.439	1.00186e-05	6.01799
0.000250466	265.366	1.00186e-05	6.95274
0.000270503	282.318	1.00186e-05	7.1432
0.000290541	285.199	1.00186e-05	6.84231
0.000310578	322.448	1.00186e-05	7.94107
0.000330615	342.686	1.00186e-05	7.27006
0.000350652	363.038	1.00186e-05	7.00661
0.00037069	411.656	1.00186e-05	9.20924
0.000390727	427.044	1.00186e-05	11.695
0.000410764	518.2	1.00186e-05	41.864
0.000430802	473.718	1.00186e-05	9.86336
0.000450839	495.115	1.00186e-05	8.84757
0.000470876	519.723	1.00186e-05	10.4178
0.000490913	552.707	1.00186e-05	10.5929
0.000510951	558.972	1.00186e-05	11.765
0.000530988	602.925	1.00186e-05	19.2786
0.000551025	616.717	1.00186e-05	14.361
0.000571063	653.777	1.00186e-05	13.4934
0.0005911	658.935	1.00186e-05	11.1246
0.000611137	676.206	1.00186e-05	11.4953
0.000631174	705.722	1.00186e-05	14.1149
0.000651212	732.411	1.00186e-05	13.0962
0.000671249	762.639	1.00186e-05	13.4057
0.000691286	753.207	1.00186e-05	14.7232
0.000711324	774.397	1.00186e-05	12.7843
0.000731361	810.962	1.00186e-05	15.2194
0.000751398	835.103	1.00186e-05	14.9575
0.000771435	834.766	1.00186e-05	14.6148
0.000791473	864.787	1.00186e-05	24.9325
0.00081151	861.916	1.00186e-05	17.2776
0.000831547	868.092	1.00186e-05	16.4141
0.000851585	838.366	1.00186e-05	14.0104
0.000871622	866.225	1.00186e-05	14.4741
0.000891659	840.528	1.00186e-05	15.7933
0.000911696	863.858	1.00186e-05	17.3623
0.000931734	859.491	1.00186e-05	17.4217
0.000951771	843.85	1.00186e-05	16.4438
0.000971808	848.21	1.00186e-05	14.9313
0.000991846	859.722	1.00186e-05	21.1106
0.00101188	857.259	1.00186e-05	19.3257
0.00103192	828.628	1.00186e-05	14.6878
0.00105196	818.129	1.00186e-05	15.494
0.00107199	816.899	1.00186e-05	21.3133
0.00109203	796.931	1.00186e-05	15.9935
0.00111207	774.507	1.00186e-05	16.3263
0.00113211	762.597	1.00186e-05	15.1542
0.00115214	728.521	1.00186e-05	14.8115
0.00117218	714.477	1.00186e-05	16.1939
0.00119222	721.928	1.00186e-05	13.4184
0.00121226	679.373	1.00186e-05	13.9856
0.00123229	758.315	1.00186e-05	29.3707
0.00125233	660.484	1.00186e-05	14.1952
0.00127237	646.971	1.00186e-05	15.1479
0.0012924	683.21	1.00186e-05	31.844
0.00131244	642.463	1.00186e-05	18.4656
0.00133248	607.511	1.00186e-05	15.565
0.00135252	584.291	1.00186e-05	14.4122
0.00137255	553.91	1.00186e-05	13.2153
0.00139259	503.249	1.00186e-05	12.7425
0.00141263	514.472	1.00186e-05	14.3469
0.00143267	463.998	1.00186e-05	14.1817
0.0014527	462.333	1.00186e-05	13.9083
0.00147274	445.189	1.00186e-05	12.2169
0.00149278	417.214	1.00186e-05	12.1305
0.00151281	383.368	1.00186e-05	11.0978
0.00153285	356.971	1.00186e-05	10.5784
0.00155289	368.697	1.00186e-05	11.9751
0.00157293	366.342	1.00186e-05	13.4421
0.00159296	327.03	1.00186e-05	13.5933
0.001613	288.333	1.00186e-05	9.29243
0.00163304	302.611	1.00186e-05	12.2091
0.00165308	265.673	1.00186e-05	14.2637
0.00167311	252.71	1.00186e-05	9.75445
0.00169315	220.941	1.00186e-05	8.88536
0.00171319	224.488	1.00186e-05	10.469
0.00173322	200.923	1.00186e-05	9.6504
0.00175326	201.463	1.00186e-05	10.1619
0.0017733	180.844	1.00186e-05	9.03246
0.00179334	167.643	1.00186e-05	7.49986
0.00181337	157.009	1.00186e-05	7.80053
0.00183341	142.479	1.00186e-05	7.31227
0.00185345	138.188	1.00186e-05	8.45506
0.00187349	140.098	1.00186e-05	10.3651
0.00189352	113.067	1.00186e-05	6.54822
0.00191356	93.7386	1.00186e-05	4.98918
0.0019336	99.6706	1.00186e-05	7.08494
0.00195364	81.5112	1.00186e-05	5.59389
0.00197367	79.0311	1.00186e-05	7.49515
0.00199371	64.6449	1.00186e-05	4.02827
0.00201375	65.8367	1.00186e-05	6.29422
0.00203378	65.6311	1.00186e-05	6.44826
0.00205382	61.1029	1.00186e-05	5.14226
0.00207386	48.6523	1.00186e-05	5.04947
0.0020939	57.5235	1.00186e-05	9.29525
0.00211393	34.0395	1.00186e-05	2.64104
0.00213397	42.1214	1.00186e-05	6.17251
0.00215401	34.7258	1.00186e-05	6.38975
0.00217405	27.5799	1.00186e-05	3.29998
0.00219408	26.974	1.00186e-05	4.66335
0.00221412	20.6567	1.00186e-05	2.57505
0.00223416	16.8021	1.00186e-05	2.29045
0.00225419	22.8081	1.00186e-05	4.94719
0.00227423	11.2901	1.00186e-05	1.66239
0.00229427	21.2137	1.00186e-05	4.49797
0.00231431	11.4391	1.00186e-05	1.86793
0.00233434	13.6659	1.00186e-05	3.25282
0.00235438	5.81012	1.00186e-05	1.78545
0.00237442	5.08042	1.00186e-05	1.40695
0.00239446	5.71834	1.00186e-05	1.22926
0.00241449	5.45803	1.00186e-05	1.63328
0.00243453	6.48315	1.00186e-05	3.21611
0.00245457	1.27784	1.00186e-05	0.557302
0.0024746	15.7968	1.00186e-05	10.1826
0.00249464	1.21934	1.00186e-05	0.627246
