1.01732e-05	905.091	1.01732e-05	10.9503
3.05195e-05	202.314	1.01732e-05	5.42491
5.08658e-05	146.829	1.01732e-05	4.30498
7.12121e-05	133.097	1.01732e-05	4.30377
9.15585e-05	136.864	1.01732e-05	5.0754
0.000111905	133.067	1.01732e-05	4.31825
0.000132251	131.061	1.01732e-05	4.08088
0.000152597	148.943	1.01732e-05	5.34441
0.000172944	148.934	1.01732e-05	4.79182
0.00019329	160.862	1.01732e-05	5.14477
0.000213636	161.345	1.01732e-05	4.44264
0.000233983	186.753	1.01732e-05	5.84938
0.000254329	203.424	1.01732e-05	7.21544
0.000274675	250.674	1.01732e-05	20.0652
0.000295022	230.565	1.01732e-05	6.52331
0.000315368	260.522	1.01732e-05	6.74076
0.000335714	278.51	1.01732e-05	8.62718
0.000356061	291.444	1.01732e-05	6.81951
0.000376407	335.428	1.01732e-05	9.45332
0.000396753	348.566	1.01732e-05	9.64436
0.0004171	373.299	1.01732e-05	8.90782
0.000437446	391.632	1.01732e-05	8.61252
0.000457792	405.025	1.01732e-05	8.20597
0.000478139	462.257	1.01732e-05	21.2246
0.000498485	457.539	1.01732e-05	8.75358
0.000518831	540.604	1.01732e-05	26.9384
0.000539178	523.704	1.01732e-05	11.5602
0.000559524	545.632	1.01732e-05	11.6564
0.00057987	587.337	1.01732e-05	12.1224
0.000600217	596.142	1.01732e-05	14.0784
0.000620563	603.412	1.01732e-05	12.6029
0.000640909	637.49	1.01732e-05	11.013
0.000661256	654.766	1.01732e-05	11.6344
0.000681602	656.741	1.01732e-05	11.1271
0.000701948	687.869	1.01732e-05	11.9036
0.000722295	724.755	1.01732e-05	12.8225
0.000742641	712.647	1.01732e-05	13.2206
0.000762987	751.183	1.01732e-05	11.5926
0.000783334	784.51	1.01732e-05	14.7843
0.00080368	923.267	1.01732e-05	97.3583
0.000824026	818.233	1.01732e-05	14.3323
0.000844372	818.798	1.01732e-05	12.5273
0.000864719	803.794	1.01732e-05	12.2529
0.000885065	855.537	1.01732e-05	22.9856
0.000905411	837.17	1.01732e-05	12.5811
0.000925758	863.998	1.01732e-05	15.785
0.000946104	809.696	1.01732e-05	12.6844
0.00096645	860.46	1.01732e-05	17.518
0.000986797	853.59	1.01732e-05	13.7102
0.00100714	844.572	1.01732e-05	13.9787
0.00102749	870.759	1.01732e-05	18.9656
0.00104784	874.446	1.01732e-05	24.9625
0.00106818	876.359	1.01732e-05	22.5653
0.00108853	815.559	1.01732e-05	14.5924
0.00110887	831.515	1.01732e-05	13.7661
0.00112922	813.941	1.01732e-05	16.905
0.00114957	819.616	1.01732e-05	14.2224
0.00116991	777.237	1.01732e-05	13.9241
0.00119026	777.735	1.01732e-05	13.4294
0.00121061	742.286	1.01732e-05	13.8125
0.00123095	741.091	1.01732e-05	13.6342
0.0012513	720.039	1.01732e-05	14.3208
0.00127165	746.938	1.01732e-05	20.7593
0.00129199	700.205	1.01732e-05	14.1092
0.00131234	678.104	1.01732e-05	12.354
0.00133268	640.931	1.01732e-05	11.2945
0.00135303	623.18	1.01732e-05	12.6876
0.00137338	589.274	1.01732e-05	10.9403
0.00139372	577.269	1.01732e-05	12.1171
0.00141407	580.756	1.01732e-05	12.8453
0.00143442	554.916	1.01732e-05	12.8323
0.00145476	589.915	1.01732e-05	30.9009
0.00147511	499.293	1.01732e-05	11.0686
0.00149545	491.154	1.01732e-05	12.3233
0.0015158	452.916	1.01732e-05	11.2833
0.00153615	428.595	1.01732e-05	10.3991
0.00155649	426.145	1.01732e-05	15.2744
0.00157684	409.974	1.01732e-05	11.7274
0.00159719	364.519	1.01732e-05	9.23765
0.00161753	359.872	1.01732e-05	10.2788
0.00163788	337.28	1.01732e-05	8.55517
0.00165823	327.159	1.01732e-05	9.292
0.00167857	298.268	1.01732e-05	7.50413
0.00169892	287.66	1.01732e-05	12.1748
0.00171926	257.686	1.01732e-05	7.95236
0.00173961	249.583	1.01732e-05	7.05552
0.00175996	236.925	1.01732e-05	7.41055
0.0017803	213.828	1.01732e-05	6.79021
0.00180065	201.733	1.01732e-05	6.32593
0.001821	196.101	1.01732e-05	9.96364
0.00184134	203.442	1.01732e-05	16.3878
0.00186169	163.572	1.01732e-05	7.37712
0.00188204	153.215	1.01732e-05	7.70375
0.00190238	135.217	1.01732e-05	4.71232
0.00192273	128.555	1.01732e-05	4.71886
0.00194307	122.875	1.01732e-05	5.54547
0.00196342	114.054	1.01732e-05	11.623
0.00198377	95.822	1.01732e-05	3.99288
0.00200411	90.0248	1.01732e-05	4.46339
0.00202446	76.8137	1.01732e-05	3.48321
0.00204481	69.5306	1.01732e-05	3.65488
0.00206515	104.97	1.01732e-05	32.1667
0.0020855	58.8054	1.01732e-05	3.66729
0.00210584	52.5687	1.01732e-05	3.5901
0.00212619	54.7294	1.01732e-05	4.0529
0.00214654	40.8051	1.01732e-05	2.47442
0.00216688	41.4961	1.01732e-05	3.00852
0.00218723	38.2178	1.01732e-05	2.5021
0.00220758	33.4376	1.01732e-05	2.70205
0.00222792	28.589	1.01732e-05	2.42829
0.00224827	27.3805	1.01732e-05	2.60896
0.00226862	24.0969	1.01732e-05	2.34668
0.00228896	19.0097	1.01732e-05	1.95101
0.00230931	17.7841	1.01732e-05	1.86564
0.00232965	17.1447	1.01732e-05	2.43137
0.00235	15.5724	1.01732e-05	4.68463
0.00237035	13.2632	1.01732e-05	2.36191
0.00239069	10.0066	1.01732e-05	1.43475
0.00241104	12.8074	1.01732e-05	2.30949
0.00243139	6.13965	1.01732e-05	0.860453
0.00245173	4.99825	1.01732e-05	0.928702
0.00247208	4.94167	1.01732e-05	0.98645
0.00249242	2.37672	1.01732e-05	0.552107
0.00251277	2.78748	1.01732e-05	0.799757
0.00253312	1.76745	1.01732e-05	0.563341
0.00255346	0.775376	1.01732e-05	0.321143
0.00257381	0.619003	1.01732e-05	0.322297
