1.01546e-05	978.259	1.01546e-05	16.7533
3.04637e-05	207.709	1.01546e-05	6.07328
5.07728e-05	152.21	1.01546e-05	4.09596
7.1082e-05	140.896	1.01546e-05	3.96222
9.13911e-05	135.124	1.01546e-05	4.12514
0.0001117	136.277	1.01546e-05	4.45743
0.000132009	139.897	1.01546e-05	3.95005
0.000152319	161.11	1.01546e-05	4.94222
0.000172628	167.494	1.01546e-05	5.20745
0.000192937	179.566	1.01546e-05	5.12103
0.000213246	203.514	1.01546e-05	7.91058
0.000233555	202.425	1.01546e-05	4.98996
0.000253864	239.697	1.01546e-05	8.79835
0.000274173	246.75	1.01546e-05	8.4679
0.000294482	263.348	1.01546e-05	6.7161
0.000314792	297.058	1.01546e-05	7.45563
0.000335101	335.233	1.01546e-05	13.2463
0.00035541	325.474	1.01546e-05	7.48457
0.000375719	361.714	1.01546e-05	7.99574
0.000396028	438.332	1.01546e-05	21.8251
0.000416337	403.201	1.01546e-05	7.80684
0.000436646	435.899	1.01546e-05	9.83226
0.000456956	453.74	1.01546e-05	8.53938
0.000477265	499.313	1.01546e-05	9.66768
0.000497574	507.131	1.01546e-05	9.85954
0.000517883	539.351	1.01546e-05	10.3849
0.000538192	553.593	1.01546e-05	10.2018
0.000558501	591.123	1.01546e-05	11.0805
0.00057881	624.658	1.01546e-05	17.0698
0.00059912	635.494	1.01546e-05	13.2172
0.000619429	661.975	1.01546e-05	12.2655
0.000639738	691.106	1.01546e-05	15.8597
0.000660047	681.085	1.01546e-05	12.3025
0.000680356	714.108	1.01546e-05	11.7936
0.000700665	724.468	1.01546e-05	11.8186
0.000720974	777.761	1.01546e-05	30.312
0.000741283	759.117	1.01546e-05	12.9158
0.000761593	775.954	1.01546e-05	16.1347
0.000781902	794.07	1.01546e-05	13.6033
0.000802211	818.469	1.01546e-05	14.7418
0.00082252	808.02	1.01546e-05	13.8304
0.000842829	820.001	1.01546e-05	13.2054
0.000863138	845.319	1.01546e-05	14.5888
0.000883447	880.208	1.01546e-05	20.2548
0.000903757	836.738	1.01546e-05	13.8831
0.000924066	900.522	1.01546e-05	37.4543
0.000944375	870.704	1.01546e-05	22.3257
0.000964684	841.311	1.01546e-05	15.9787
0.000984993	900.35	1.01546e-05	20.0813
0.0010053	842.247	1.01546e-05	14.1655
0.00102561	844.065	1.01546e-05	16.9095
0.00104592	832.833	1.01546e-05	15.7507
0.00106623	837.856	1.01546e-05	16.1989
0.00108654	817.647	1.01546e-05	14.1066
0.00110685	814.054	1.01546e-05	16.5108
0.00112716	776.324	1.01546e-05	14.4072
0.00114747	784.506	1.01546e-05	23.1577
0.00116778	734.986	1.01546e-05	12.7178
0.00118808	766.915	1.01546e-05	16.3006
0.00120839	753.338	1.01546e-05	16.9576
0.0012287	710.925	1.01546e-05	14.7895
0.00124901	704.316	1.01546e-05	20.9144
0.00126932	686.579	1.01546e-05	19.9156
0.00128963	660.185	1.01546e-05	16.352
0.00130994	622.957	1.01546e-05	14.0907
0.00133025	623.125	1.01546e-05	14.7801
0.00135056	610.235	1.01546e-05	20.4668
0.00137087	583.806	1.01546e-05	15.6167
0.00139118	575.366	1.01546e-05	13.4463
0.00141148	545.147	1.01546e-05	15.0246
0.00143179	512.649	1.01546e-05	11.4315
0.0014521	484.07	1.01546e-05	12.2867
0.00147241	454.995	1.01546e-05	14.2631
0.00149272	433.2	1.01546e-05	10.531
0.00151303	443.141	1.01546e-05	13.1072
0.00153334	414.059	1.01546e-05	11.795
0.00155365	399.512	1.01546e-05	12.2908
0.00157396	379.123	1.01546e-05	19.2976
0.00159427	338.086	1.01546e-05	9.39584
0.00161458	323.88	1.01546e-05	11.2528
0.00163489	322.583	1.01546e-05	10.5049
0.00165519	315.17	1.01546e-05	11.8625
0.0016755	300.32	1.01546e-05	10.6401
0.00169581	268.146	1.01546e-05	10.5895
0.00171612	232.42	1.01546e-05	7.18431
0.00173643	223.359	1.01546e-05	8.3301
0.00175674	239.876	1.01546e-05	16.3873
0.00177705	221.79	1.01546e-05	14.2715
0.00179736	186.872	1.01546e-05	7.68288
0.00181767	171.694	1.01546e-05	7.059
0.00183798	164.182	1.01546e-05	7.0695
0.00185829	153.481	1.01546e-05	7.22525
0.0018786	141.255	1.01546e-05	7.5118
0.0018989	127.756	1.01546e-05	6.10472
0.00191921	127.482	1.01546e-05	8.60502
0.00193952	109.644	1.01546e-05	5.88724
0.00195983	94.0297	1.01546e-05	5.06676
0.00198014	82.3972	1.01546e-05	4.58486
0.00200045	74.0352	1.01546e-05	4.63388
0.00202076	75.6606	1.01546e-05	5.98806
0.00204107	67.5468	1.01546e-05	4.27281
0.00206138	67.9704	1.01546e-05	6.08757
0.00208169	62.4966	1.01546e-05	6.08352
0.002102	50.0151	1.01546e-05	4.4987
0.0021223	44.6212	1.01546e-05	3.57824
0.00214261	36.9522	1.01546e-05	3.6714
0.00216292	42.2668	1.01546e-05	6.27519
0.00218323	39.501	1.01546e-05	3.62532
0.00220354	31.8011	1.01546e-05	3.44793
0.00222385	22.5687	1.01546e-05	2.03974
0.00224416	21.8776	1.01546e-05	2.51533
0.00226447	18.8788	1.01546e-05	2.25785
0.00228478	24.329	1.01546e-05	5.85909
0.00230509	15.1834	1.01546e-05	2.205
0.0023254	15.4265	1.01546e-05	3.09677
0.00234571	13.0969	1.01546e-05	2.30081
0.00236601	12.0551	1.01546e-05	1.96526
0.00238632	9.13275	1.01546e-05	1.7691
0.00240663	7.71899	1.01546e-05	1.56575
0.00242694	10.8277	1.01546e-05	3.06355
0.00244725	8.12542	1.01546e-05	2.38247
0.00246756	5.3921	1.01546e-05	1.6697
0.00248787	3.1958	1.01546e-05	1.03394
0.00250818	6.52453	1.01546e-05	3.23425
0.00252849	1.30314	1.01546e-05	0.626944
0.0025488	0.206469	1.01546e-05	0.206469
0.00256911	0.755123	1.01546e-05	0.681649
