1.01841e-05	925.835	1.01841e-05	11.098
3.05523e-05	197.921	1.01841e-05	4.99631
5.09205e-05	155.466	1.01841e-05	4.6166
7.12887e-05	139.612	1.01841e-05	4.42455
9.16569e-05	136.941	1.01841e-05	5.04232
0.000112025	126.317	1.01841e-05	4.16747
0.000132393	136.712	1.01841e-05	4.09299
0.000152761	155.092	1.01841e-05	4.90207
0.00017313	179.284	1.01841e-05	12.7478
0.000193498	159.868	1.01841e-05	4.75506
0.000213866	187.974	1.01841e-05	5.78258
0.000234234	214.82	1.01841e-05	7.68193
0.000254602	214.982	1.01841e-05	5.92802
0.000274971	230.031	1.01841e-05	5.6588
0.000295339	256.765	1.01841e-05	8.11881
0.000315707	251.966	1.01841e-05	5.58005
0.000336075	288.322	1.01841e-05	7.39118
0.000356443	317.779	1.01841e-05	7.8863
0.000376812	338.59	1.01841e-05	8.24653
0.00039718	353.212	1.01841e-05	7.96104
0.000417548	384.5	1.01841e-05	8.48746
0.000437916	417.291	1.01841e-05	12.4894
0.000458284	439.711	1.01841e-05	11.6633
0.000478653	451.374	1.01841e-05	11.0209
0.000499021	479.972	1.01841e-05	9.396
0.000519389	514.855	1.01841e-05	10.7892
0.000539757	516.927	1.01841e-05	9.84611
0.000560125	551.949	1.01841e-05	10.5457
0.000580494	582.031	1.01841e-05	11.3192
0.000600862	627.269	1.01841e-05	13.1271
0.00062123	625.782	1.01841e-05	17.3036
0.000641598	686.036	1.01841e-05	20.9547
0.000661966	659.924	1.01841e-05	10.9126
0.000682335	676.204	1.01841e-05	12.8294
0.000702703	714.457	1.01841e-05	12.3843
0.000723071	732.844	1.01841e-05	14.1051
0.000743439	752.046	1.01841e-05	12.8082
0.000763807	767.331	1.01841e-05	12.4216
0.000784176	780.184	1.01841e-05	11.9584
0.000804544	803.166	1.01841e-05	15.1842
0.000824912	894.373	1.01841e-05	70.7671
0.00084528	811.184	1.01841e-05	13.8054
0.000865648	821.152	1.01841e-05	15.4023
0.000886017	855.156	1.01841e-05	17.0024
0.000906385	845.494	1.01841e-05	15.0123
0.000926753	848.117	1.01841e-05	15.1855
0.000947121	858.25	1.01841e-05	15.033
0.000967489	844.254	1.01841e-05	15.3427
0.000987858	862.999	1.01841e-05	17.1056
0.00100823	842.994	1.01841e-05	15.6051
0.00102859	837.178	1.01841e-05	14.3674
0.00104896	860.679	1.01841e-05	20.9564
0.00106933	827.78	1.01841e-05	14.9475
0.0010897	801.349	1.01841e-05	15.5432
0.00111007	815.881	1.01841e-05	14.2015
0.00113043	830.832	1.01841e-05	14.9665
0.0011508	780.065	1.01841e-05	14.6082
0.00117117	860.187	1.01841e-05	65.7235
0.00119154	765.298	1.01841e-05	13.2773
0.00121191	722.555	1.01841e-05	12.195
0.00123228	732.375	1.01841e-05	16.1031
0.00125264	706.967	1.01841e-05	14.2617
0.00127301	718.439	1.01841e-05	15.4654
0.00129338	701.007	1.01841e-05	14.9189
0.00131375	644.789	1.01841e-05	15.6411
0.00133412	656.511	1.01841e-05	20.4338
0.00135449	616.398	1.01841e-05	12.6355
0.00137485	601.949	1.01841e-05	16.4988
0.00139522	588.481	1.01841e-05	14.9585
0.00141559	661.263	1.01841e-05	71.9641
0.00143596	510.701	1.01841e-05	10.6142
0.00145633	490.367	1.01841e-05	11.0132
0.00147669	490.202	1.01841e-05	12.914
0.00149706	475.492	1.01841e-05	12.6173
0.00151743	460.545	1.01841e-05	12.7627
0.0015378	408.899	1.01841e-05	10.1922
0.00155817	406.919	1.01841e-05	14.1726
0.00157854	368.014	1.01841e-05	10.9081
0.0015989	369.735	1.01841e-05	11.4948
0.00161927	379.418	1.01841e-05	29.2701
0.00163964	374.212	1.01841e-05	21.3413
0.00166001	289.197	1.01841e-05	8.18805
0.00168038	276.658	1.01841e-05	7.98168
0.00170074	265.449	1.01841e-05	8.93433
0.00172111	254.654	1.01841e-05	8.27219
0.00174148	218.681	1.01841e-05	7.48133
0.00176185	219.818	1.01841e-05	7.35762
0.00178222	199.438	1.01841e-05	7.48195
0.00180259	200.649	1.01841e-05	7.59701
0.00182295	169.409	1.01841e-05	6.12106
0.00184332	151.028	1.01841e-05	6.46691
0.00186369	150.739	1.01841e-05	7.64225
0.00188406	144.359	1.01841e-05	7.85002
0.00190443	163.56	1.01841e-05	20.5593
0.00192479	117.721	1.01841e-05	4.9036
0.00194516	113.346	1.01841e-05	5.04218
0.00196553	101.91	1.01841e-05	4.83966
0.0019859	101.363	1.01841e-05	5.84943
0.00200627	83.9389	1.01841e-05	4.60242
0.00202664	78.2706	1.01841e-05	4.34492
0.002047	60.9365	1.01841e-05	3.12918
0.00206737	62.3855	1.01841e-05	3.69612
0.00208774	59.013	1.01841e-05	5.0587
0.00210811	53.7951	1.01841e-05	4.26797
0.00212848	50.2567	1.01841e-05	3.29225
0.00214884	135.497	1.01841e-05	67.075
0.00216921	37.8588	1.01841e-05	3.18525
0.00218958	34.5709	1.01841e-05	2.68144
0.00220995	32.8082	1.01841e-05	3.34727
0.00223032	26.8287	1.01841e-05	2.08927
0.00225069	25.1099	1.01841e-05	2.48982
0.00227105	21.0036	1.01841e-05	2.13112
0.00229142	17.17	1.01841e-05	1.79407
0.00231179	22.6241	1.01841e-05	2.72073
0.00233216	13.0844	1.01841e-05	2.01713
0.00235253	11.5565	1.01841e-05	1.58739
0.00237289	13.9879	1.01841e-05	2.27541
0.00239326	6.84354	1.01841e-05	0.992049
0.00241363	7.46323	1.01841e-05	1.35228
0.002434	6.04121	1.01841e-05	1.07643
0.00245437	5.26027	1.01841e-05	1.09462
0.00247474	4.85613	1.01841e-05	1.23058
0.0024951	1.75662	1.01841e-05	0.549365
0.00251547	2.93243	1.01841e-05	1.01435
0.00253584	1.37689	1.01841e-05	0.639686
0.00255621	1.14499	1.01841e-05	0.734515
