7.49636e-06	2118.35	7.49636e-06	18.3478
2.24891e-05	328.022	7.49636e-06	6.77692
3.74818e-05	250.261	7.49636e-06	6.00976
5.24745e-05	244.238	7.49636e-06	6.6299
6.74672e-05	229.282	7.49636e-06	5.66567
8.24599e-05	248.674	7.49636e-06	6.66415
9.74526e-05	293.675	7.49636e-06	12.1024
0.000112445	298.608	7.49636e-06	7.37456
0.000127438	331.431	7.49636e-06	7.99181
0.000142431	375.742	7.49636e-06	9.38492
0.000157423	395.742	7.49636e-06	8.71283
0.000172416	467.859	7.49636e-06	11.5691
0.000187409	504.083	7.49636e-06	11.3162
0.000202402	540.373	7.49636e-06	12.7727
0.000217394	573.804	7.49636e-06	13.8878
0.000232387	606.43	7.49636e-06	12.7584
0.00024738	644.586	7.49636e-06	12.6777
0.000262372	705.007	7.49636e-06	14.4674
0.000277365	743.278	7.49636e-06	14.7244
0.000292358	773.269	7.49636e-06	13.794
0.000307351	870.136	7.49636e-06	30.8524
0.000322343	875.78	7.49636e-06	21.1752
0.000337336	891.329	7.49636e-06	15.16
0.000352329	909.453	7.49636e-06	18.2381
0.000367321	938.956	7.49636e-06	18.4861
0.000382314	988.281	7.49636e-06	20.0416
0.000397307	985.031	7.49636e-06	17.7093
0.0004123	1005.98	7.49636e-06	20.4158
0.000427292	1046.31	7.49636e-06	18.1315
0.000442285	1094.21	7.49636e-06	21.6128
0.000457278	1058.71	7.49636e-06	18.3711
0.00047227	1093.44	7.49636e-06	22.7712
0.000487263	1094.8	7.49636e-06	20.7732
0.000502256	1102.2	7.49636e-06	18.5488
0.000517249	1177.75	7.49636e-06	22.5776
0.000532241	1124.62	7.49636e-06	18.0949
0.000547234	1142.34	7.49636e-06	22.059
0.000562227	1119.25	7.49636e-06	19.9064
0.000577219	1133.58	7.49636e-06	21.9152
0.000592212	1140.69	7.49636e-06	24.1245
0.000607205	1187.02	7.49636e-06	27.7561
0.000622197	1101.13	7.49636e-06	20.1614
0.00063719	1115.15	7.49636e-06	21.3316
0.000652183	1181.54	7.49636e-06	40.2329
0.000667176	1116.24	7.49636e-06	28.4075
0.000682168	1196.37	7.49636e-06	50.8156
0.000697161	1085.63	7.49636e-06	24.141
0.000712154	1064.15	7.49636e-06	22.7017
0.000727146	1068.65	7.49636e-06	24.7618
0.000742139	998.62	7.49636e-06	21.3033
0.000757132	980.459	7.49636e-06	22.3306
0.000772125	1003.03	7.49636e-06	21.5083
0.000787117	948.061	7.49636e-06	20.3537
0.00080211	970.524	7.49636e-06	24.0588
0.000817103	867.462	7.49636e-06	19.0179
0.000832095	892.884	7.49636e-06	19.5286
0.000847088	878.865	7.49636e-06	24.8371
0.000862081	833.861	7.49636e-06	19.3968
0.000877074	781.522	7.49636e-06	20.4514
0.000892066	828.92	7.49636e-06	23.3808
0.000907059	774.204	7.49636e-06	22.2302
0.000922052	780.183	7.49636e-06	25.8193
0.000937044	735.44	7.49636e-06	20.6872
0.000952037	675.193	7.49636e-06	17.6718
0.00096703	698.206	7.49636e-06	25.7465
0.000982023	638.277	7.49636e-06	26.7281
0.000997015	702.097	7.49636e-06	42.9792
0.00101201	602.537	7.49636e-06	18.3815
0.001027	593.143	7.49636e-06	23.1164
0.00104199	524.268	7.49636e-06	16.495
0.00105699	527.587	7.49636e-06	19.6568
0.00107198	487.632	7.49636e-06	15.7454
0.00108697	503.774	7.49636e-06	19.6922
0.00110196	464.527	7.49636e-06	20.9042
0.00111696	433.718	7.49636e-06	20.2176
0.00113195	430.631	7.49636e-06	24.1562
0.00114694	383.089	7.49636e-06	16.4551
0.00116194	369.408	7.49636e-06	19.9482
0.00117693	380.003	7.49636e-06	24.3416
0.00119192	419.558	7.49636e-06	53.4338
0.00120691	329.166	7.49636e-06	19.6176
0.00122191	297.313	7.49636e-06	20.4275
0.0012369	261.01	7.49636e-06	12.1415
0.00125189	244.005	7.49636e-06	12.3491
0.00126688	254.119	7.49636e-06	16.4566
0.00128188	238.884	7.49636e-06	14.483
0.00129687	197.833	7.49636e-06	11.9483
0.00131186	175.056	7.49636e-06	10.7293
0.00132685	202.694	7.49636e-06	16.9227
0.00134185	155.363	7.49636e-06	9.78349
0.00135684	152.904	7.49636e-06	10.0255
0.00137183	144.101	7.49636e-06	11.1294
0.00138683	147.975	7.49636e-06	13.5854
0.00140182	124.209	7.49636e-06	8.70424
0.00141681	115.831	7.49636e-06	10.5224
0.0014318	95.5625	7.49636e-06	6.98247
0.0014468	84.1117	7.49636e-06	11.1742
0.00146179	79.8408	7.49636e-06	8.55054
0.00147678	83.5365	7.49636e-06	10.5007
0.00149177	74.8974	7.49636e-06	9.17514
0.00150677	61.0153	7.49636e-06	6.31297
0.00152176	48.514	7.49636e-06	6.49067
0.00153675	71.9997	7.49636e-06	15.505
0.00155175	47.0842	7.49636e-06	6.20933
0.00156674	40.5864	7.49636e-06	9.15257
0.00158173	36.6024	7.49636e-06	5.21111
0.00159672	35.6996	7.49636e-06	5.44283
0.00161172	31.0831	7.49636e-06	5.02603
0.00162671	21.7315	7.49636e-06	4.70005
0.0016417	22.2153	7.49636e-06	7.36363
0.00165669	17.985	7.49636e-06	3.9565
0.00167169	17.7379	7.49636e-06	5.04123
0.00168668	17.5874	7.49636e-06	6.21395
0.00170167	26.6059	7.49636e-06	18.1872
0.00171667	7.65116	7.49636e-06	2.12633
0.00173166	11.992	7.49636e-06	4.32952
0.00174665	11.4405	7.49636e-06	4.2625
0.00176164	3.08448	7.49636e-06	1.68501
0.00177664	5.1382	7.49636e-06	2.95123
0.00179163	7.04594	7.49636e-06	3.20013
0.00180662	1.93212	7.49636e-06	1.16774
0.00182161	1.28612	7.49636e-06	1.05315
0.00183661	0	7.49636e-06	0
0.0018516	5.00115	7.49636e-06	3.77967
0.00186659	0	7.49636e-06	0
0.00188159	0.40678	7.49636e-06	0.40678
0.00189658	0	7.49636e-06	0
0.00191157	0.108577	7.49636e-06	0.108577
