9.35546e-06	1312.52	9.35546e-06	12.3114
2.80664e-05	235.97	9.35546e-06	5.72555
4.67773e-05	181.635	9.35546e-06	4.60566
6.54882e-05	170.185	9.35546e-06	4.45483
8.41992e-05	170.814	9.35546e-06	4.8977
0.00010291	181.578	9.35546e-06	5.02464
0.000121621	197.778	9.35546e-06	5.32954
0.000140332	215.433	9.35546e-06	6.10906
0.000159043	249.463	9.35546e-06	7.20451
0.000177754	273.46	9.35546e-06	7.06407
0.000196465	288.067	9.35546e-06	6.88885
0.000215176	304.135	9.35546e-06	6.66682
0.000233887	347.901	9.35546e-06	10.8335
0.000252598	384.385	9.35546e-06	12.2945
0.000271308	405.263	9.35546e-06	9.75866
0.000290019	439.917	9.35546e-06	10.0188
0.00030873	468.262	9.35546e-06	9.33015
0.000327441	504.117	9.35546e-06	10.205
0.000346152	552.699	9.35546e-06	20.6196
0.000364863	558.583	9.35546e-06	12.3247
0.000383574	555.726	9.35546e-06	9.79315
0.000402285	594.271	9.35546e-06	11.6766
0.000420996	628.389	9.35546e-06	12.6159
0.000439707	675.908	9.35546e-06	16.4678
0.000458418	701.097	9.35546e-06	13.9022
0.000477129	720.366	9.35546e-06	16.0988
0.00049584	746.953	9.35546e-06	13.8844
0.000514551	751.324	9.35546e-06	13.7804
0.000533261	773.532	9.35546e-06	13.3214
0.000551972	855.915	9.35546e-06	31.5646
0.000570683	882.771	9.35546e-06	24.7395
0.000589394	843.912	9.35546e-06	14.7101
0.000608105	827.028	9.35546e-06	13.9091
0.000626816	848.734	9.35546e-06	15.767
0.000645527	870.639	9.35546e-06	15.2778
0.000664238	893.314	9.35546e-06	22.4153
0.000682949	850.242	9.35546e-06	14.7429
0.00070166	913.448	9.35546e-06	18.9838
0.000720371	888.468	9.35546e-06	17.4789
0.000739082	887.842	9.35546e-06	15.7776
0.000757793	1138.62	9.35546e-06	151.072
0.000776504	926.845	9.35546e-06	21.9355
0.000795214	908.894	9.35546e-06	30.6776
0.000813925	878.454	9.35546e-06	16.3012
0.000832636	890.748	9.35546e-06	17.7168
0.000851347	900.093	9.35546e-06	19.5065
0.000870058	990.535	9.35546e-06	39.984
0.000888769	893.339	9.35546e-06	23.0864
0.00090748	837.453	9.35546e-06	17.078
0.000926191	846.904	9.35546e-06	20.4934
0.000944902	900.793	9.35546e-06	29.4391
0.000963613	809.549	9.35546e-06	16.825
0.000982324	771.245	9.35546e-06	15.7698
0.00100103	815.448	9.35546e-06	19.0609
0.00101975	757.771	9.35546e-06	16.9981
0.00103846	709.691	9.35546e-06	17.0934
0.00105717	755.606	9.35546e-06	25.6071
0.00107588	748.721	9.35546e-06	18.5714
0.00109459	747.049	9.35546e-06	18.9877
0.0011133	643.15	9.35546e-06	14.7666
0.00113201	674.449	9.35546e-06	23.0614
0.00115072	634.924	9.35546e-06	16.0133
0.00116943	635.136	9.35546e-06	16.8679
0.00118814	631.378	9.35546e-06	20.7074
0.00120685	577.756	9.35546e-06	16.1897
0.00122557	558.648	9.35546e-06	15.5945
0.00124428	508.838	9.35546e-06	13.8008
0.00126299	582.128	9.35546e-06	32.4342
0.0012817	531.427	9.35546e-06	22.3657
0.00130041	481.756	9.35546e-06	14.6178
0.00131912	469.816	9.35546e-06	16.9557
0.00133783	417.986	9.35546e-06	14.8943
0.00135654	382.492	9.35546e-06	15.8786
0.00137525	401.007	9.35546e-06	17.7253
0.00139396	402.775	9.35546e-06	16.0215
0.00141268	350.239	9.35546e-06	12.8249
0.00143139	323.689	9.35546e-06	12.4524
0.0014501	306.144	9.35546e-06	11.8156
0.00146881	347.67	9.35546e-06	30.6192
0.00148752	277.949	9.35546e-06	10.4271
0.00150623	292.465	9.35546e-06	13.5361
0.00152494	258.915	9.35546e-06	11.2202
0.00154365	239.303	9.35546e-06	11.513
0.00156236	219.486	9.35546e-06	11.0639
0.00158107	571.521	9.35546e-06	250.887
0.00159978	196.505	9.35546e-06	12.9048
0.0016185	213.295	9.35546e-06	35.7415
0.00163721	174.968	9.35546e-06	11.3856
0.00165592	151.624	9.35546e-06	10.5045
0.00167463	136.65	9.35546e-06	7.51548
0.00169334	127.83	9.35546e-06	7.54875
0.00171205	126.631	9.35546e-06	7.32976
0.00173076	124.553	9.35546e-06	13.9576
0.00174947	110.68	9.35546e-06	10.0511
0.00176818	96.2506	9.35546e-06	7.35381
0.00178689	101.879	9.35546e-06	12.3595
0.0018056	77.6156	9.35546e-06	5.45823
0.00182432	80.5399	9.35546e-06	7.75243
0.00184303	65.4539	9.35546e-06	5.25675
0.00186174	66.7616	9.35546e-06	6.11086
0.00188045	55.5619	9.35546e-06	6.16638
0.00189916	54.6128	9.35546e-06	8.62378
0.00191787	55.7095	9.35546e-06	6.66584
0.00193658	41.7787	9.35546e-06	4.6791
0.00195529	40.1575	9.35546e-06	4.70166
0.001974	32.8516	9.35546e-06	3.76297
0.00199271	29.6577	9.35546e-06	3.54676
0.00201142	30.781	9.35546e-06	4.18107
0.00203014	19.1472	9.35546e-06	3.0604
0.00204885	21.6394	9.35546e-06	3.31318
0.00206756	21.2606	9.35546e-06	3.91036
0.00208627	15.7706	9.35546e-06	2.37529
0.00210498	13.8639	9.35546e-06	3.39014
0.00212369	11.678	9.35546e-06	2.99367
0.0021424	6.55664	9.35546e-06	1.7511
0.00216111	7.88897	9.35546e-06	2.92193
0.00217982	7.75705	9.35546e-06	2.19242
0.00219853	9.59916	9.35546e-06	3.6487
0.00221724	3.62091	9.35546e-06	1.14339
0.00223596	1.88858	9.35546e-06	0.832703
0.00225467	2.31643	9.35546e-06	1.12641
0.00227338	4.6436	9.35546e-06	2.1692
0.00229209	1.62555	9.35546e-06	1.15111
0.0023108	1.8752	9.35546e-06	1.41703
0.00232951	0.369524	9.35546e-06	0.330211
