1.01858e-05	950.288	1.01858e-05	15.769
3.05573e-05	209.471	1.01858e-05	5.71175
5.09288e-05	152.163	1.01858e-05	4.50472
7.13003e-05	140.199	1.01858e-05	4.11665
9.16718e-05	135.982	1.01858e-05	4.33147
0.000112043	135.126	1.01858e-05	4.2417
0.000132415	130.637	1.01858e-05	4.21822
0.000152786	141.157	1.01858e-05	4.40291
0.000173158	158.744	1.01858e-05	8.04264
0.000193529	178.959	1.01858e-05	5.48024
0.000213901	175.96	1.01858e-05	7.69664
0.000234272	186.414	1.01858e-05	5.2144
0.000254644	186.902	1.01858e-05	5.0012
0.000275015	213.731	1.01858e-05	7.49092
0.000295387	244.031	1.01858e-05	6.62667
0.000315758	247.805	1.01858e-05	6.50407
0.00033613	259.116	1.01858e-05	6.27543
0.000356501	286.843	1.01858e-05	7.14851
0.000376873	311.648	1.01858e-05	7.39685
0.000397244	327.489	1.01858e-05	8.04399
0.000417616	350.892	1.01858e-05	7.58426
0.000437987	381.609	1.01858e-05	8.25426
0.000458359	413.278	1.01858e-05	9.95297
0.000478731	449.375	1.01858e-05	18.8467
0.000499102	457.36	1.01858e-05	9.34357
0.000519474	471.851	1.01858e-05	9.31661
0.000539845	487.255	1.01858e-05	9.90028
0.000560217	542.5	1.01858e-05	10.7819
0.000580588	560.559	1.01858e-05	11.9918
0.00060096	572.422	1.01858e-05	10.6386
0.000621331	605.939	1.01858e-05	11.3595
0.000641703	633.596	1.01858e-05	11.9311
0.000662074	662.363	1.01858e-05	13.1152
0.000682446	708.079	1.01858e-05	16.4855
0.000702817	680.614	1.01858e-05	11.8175
0.000723189	748.177	1.01858e-05	17.4953
0.00074356	723.354	1.01858e-05	11.7367
0.000763932	781.154	1.01858e-05	15.8881
0.000784303	761.3	1.01858e-05	13.5976
0.000804675	778.552	1.01858e-05	12.0293
0.000825046	798.216	1.01858e-05	13.2713
0.000845418	830.882	1.01858e-05	17.5317
0.000865789	813.572	1.01858e-05	12.8348
0.000886161	837.532	1.01858e-05	13.0139
0.000906532	838.791	1.01858e-05	12.8848
0.000926904	841.963	1.01858e-05	13.7817
0.000947275	859.743	1.01858e-05	12.6814
0.000967647	866.739	1.01858e-05	13.1921
0.000988018	843.257	1.01858e-05	13.5879
0.00100839	888.942	1.01858e-05	16.2348
0.00102876	889.061	1.01858e-05	16.6308
0.00104913	855.455	1.01858e-05	13.4041
0.0010695	836.055	1.01858e-05	13.8207
0.00108988	828.991	1.01858e-05	12.2475
0.00111025	831.687	1.01858e-05	13.1008
0.00113062	845.493	1.01858e-05	19.4942
0.00115099	803.011	1.01858e-05	13.4939
0.00117136	800.391	1.01858e-05	19.698
0.00119173	770.535	1.01858e-05	11.6679
0.0012121	777.502	1.01858e-05	14.1386
0.00123248	784.847	1.01858e-05	34.3803
0.00125285	757.452	1.01858e-05	15.347
0.00127322	713.915	1.01858e-05	11.5338
0.00129359	688.908	1.01858e-05	11.3542
0.00131396	670.537	1.01858e-05	11.3265
0.00133433	682.421	1.01858e-05	13.3172
0.00135471	646.788	1.01858e-05	11.7069
0.00137508	611.844	1.01858e-05	12.0635
0.00139545	592.463	1.01858e-05	12.3241
0.00141582	587.549	1.01858e-05	14.2909
0.00143619	559.749	1.01858e-05	10.9263
0.00145656	542.14	1.01858e-05	10.62
0.00147693	492.237	1.01858e-05	8.96967
0.00149731	501.56	1.01858e-05	10.4732
0.00151768	471.624	1.01858e-05	9.77747
0.00153805	439.272	1.01858e-05	8.93303
0.00155842	420.583	1.01858e-05	8.83561
0.00157879	402.173	1.01858e-05	9.76821
0.00159916	384.597	1.01858e-05	8.81592
0.00161954	361.411	1.01858e-05	10.4404
0.00163991	339.737	1.01858e-05	8.90574
0.00166028	319.916	1.01858e-05	7.8614
0.00168065	306.548	1.01858e-05	7.90979
0.00170102	280.283	1.01858e-05	7.19548
0.00172139	277.744	1.01858e-05	8.74107
0.00174176	242.814	1.01858e-05	6.89926
0.00176214	255.887	1.01858e-05	18.9276
0.00178251	209.52	1.01858e-05	6.52691
0.00180288	206.763	1.01858e-05	6.4543
0.00182325	186.265	1.01858e-05	5.74914
0.00184362	167.289	1.01858e-05	5.38906
0.00186399	163.079	1.01858e-05	5.07911
0.00188436	144.982	1.01858e-05	4.65438
0.00190474	146.238	1.01858e-05	5.49851
0.00192511	119.904	1.01858e-05	4.64054
0.00194548	116.628	1.01858e-05	5.28047
0.00196585	116.872	1.01858e-05	6.70833
0.00198622	89.4227	1.01858e-05	3.45105
0.00200659	104.091	1.01858e-05	13.7674
0.00202697	89.1518	1.01858e-05	4.2914
0.00204734	75.7143	1.01858e-05	3.44788
0.00206771	69.0338	1.01858e-05	3.30056
0.00208808	60.5158	1.01858e-05	3.1317
0.00210845	59.9237	1.01858e-05	2.96238
0.00212882	54.2451	1.01858e-05	3.01603
0.00214919	47.0721	1.01858e-05	2.68826
0.00216957	41.6218	1.01858e-05	2.48095
0.00218994	48.3605	1.01858e-05	5.05694
0.00221031	34.0534	1.01858e-05	2.20972
0.00223068	28.6818	1.01858e-05	2.07341
0.00225105	26.8417	1.01858e-05	2.23644
0.00227142	24.7022	1.01858e-05	2.41209
0.0022918	18.6539	1.01858e-05	1.7801
0.00231217	19.3993	1.01858e-05	2.38548
0.00233254	13.8502	1.01858e-05	1.36948
0.00235291	12.3389	1.01858e-05	1.27843
0.00237328	11.8985	1.01858e-05	1.30252
0.00239365	11.5107	1.01858e-05	1.36899
0.00241402	6.40665	1.01858e-05	0.801816
0.0024344	9.00337	1.01858e-05	1.92203
0.00245477	8.15186	1.01858e-05	2.45243
0.00247514	3.54618	1.01858e-05	0.587394
0.00249551	2.16115	1.01858e-05	0.434998
0.00251588	2.6236	1.01858e-05	0.511462
0.00253625	0.940946	1.01858e-05	0.288599
0.00255662	0.89488	1.01858e-05	0.27079
0.002577	0.0940036	1.01858e-05	0.0940036
