1.01505e-05	967.801	1.01505e-05	12.1255
3.04514e-05	223.81	1.01505e-05	6.01889
5.07523e-05	170.358	1.01505e-05	5.31591
7.10533e-05	154.053	1.01505e-05	4.71215
9.13542e-05	152.701	1.01505e-05	5.87214
0.000111655	133.643	1.01505e-05	5.22921
0.000131956	135.324	1.01505e-05	4.28994
0.000152257	140.267	1.01505e-05	4.58306
0.000172558	161.211	1.01505e-05	5.92291
0.000192859	168.016	1.01505e-05	9.33162
0.00021316	171.068	1.01505e-05	5.15867
0.000233461	177.128	1.01505e-05	5.34755
0.000253762	200.233	1.01505e-05	6.19062
0.000274063	225.558	1.01505e-05	6.75312
0.000294364	238.671	1.01505e-05	6.48993
0.000314665	246.536	1.01505e-05	6.15179
0.000334965	265.256	1.01505e-05	6.60133
0.000355266	290.977	1.01505e-05	8.91367
0.000375567	322.656	1.01505e-05	8.06338
0.000395868	352.303	1.01505e-05	9.43055
0.000416169	349.92	1.01505e-05	8.09894
0.00043647	376.031	1.01505e-05	8.03927
0.000456771	449.779	1.01505e-05	23.0122
0.000477072	421.887	1.01505e-05	9.20642
0.000497373	472.101	1.01505e-05	11.7417
0.000517674	472.584	1.01505e-05	9.62603
0.000537975	490.285	1.01505e-05	10.0653
0.000558276	526.189	1.01505e-05	9.98931
0.000578577	568.1	1.01505e-05	10.8132
0.000598878	575.873	1.01505e-05	10.6311
0.000619179	609.57	1.01505e-05	10.1919
0.00063948	628.092	1.01505e-05	12.1452
0.00065978	658.331	1.01505e-05	11.701
0.000680081	671.448	1.01505e-05	11.0919
0.000700382	690.933	1.01505e-05	12.4477
0.000720683	718.339	1.01505e-05	10.8203
0.000740984	740.059	1.01505e-05	11.9642
0.000761285	762.662	1.01505e-05	12.4495
0.000781586	783.474	1.01505e-05	12.9814
0.000801887	797.611	1.01505e-05	15.0841
0.000822188	798.567	1.01505e-05	12.862
0.000842489	815.086	1.01505e-05	12.4203
0.00086279	838.526	1.01505e-05	15.8712
0.000883091	839.845	1.01505e-05	14.0841
0.000903392	862.216	1.01505e-05	13.1556
0.000923693	874.686	1.01505e-05	14.1832
0.000943994	844.357	1.01505e-05	12.5346
0.000964295	852.083	1.01505e-05	12.6154
0.000984595	859.855	1.01505e-05	12.9085
0.0010049	865.972	1.01505e-05	14.1064
0.0010252	844.723	1.01505e-05	12.3803
0.0010455	850.833	1.01505e-05	12.1285
0.0010658	845.684	1.01505e-05	14.0227
0.0010861	825.743	1.01505e-05	11.9878
0.0011064	845.72	1.01505e-05	14.7002
0.0011267	839.191	1.01505e-05	13.1166
0.001147	820.524	1.01505e-05	13.1574
0.0011673	786.444	1.01505e-05	12.431
0.0011876	780.606	1.01505e-05	13.0335
0.00120791	781.101	1.01505e-05	11.9337
0.00122821	770.765	1.01505e-05	15.085
0.00124851	737.335	1.01505e-05	11.6704
0.00126881	730.254	1.01505e-05	12.9022
0.00128911	701.661	1.01505e-05	13.1426
0.00130941	686.792	1.01505e-05	10.9054
0.00132971	678.901	1.01505e-05	13.5244
0.00135001	622.791	1.01505e-05	10.305
0.00137031	602.494	1.01505e-05	9.79632
0.00139061	603	1.01505e-05	11.4134
0.00141092	577.616	1.01505e-05	9.96026
0.00143122	549.732	1.01505e-05	9.29575
0.00145152	544.043	1.01505e-05	9.44824
0.00147182	507.527	1.01505e-05	9.48735
0.00149212	478.832	1.01505e-05	8.32386
0.00151242	464.017	1.01505e-05	9.70365
0.00153272	447.914	1.01505e-05	11.2316
0.00155302	420.862	1.01505e-05	8.35368
0.00157332	591.996	1.01505e-05	136.883
0.00159362	382.336	1.01505e-05	7.74156
0.00161392	354.191	1.01505e-05	7.55254
0.00163423	336.776	1.01505e-05	7.76729
0.00165453	325.327	1.01505e-05	7.64205
0.00167483	313.995	1.01505e-05	8.14506
0.00169513	276.605	1.01505e-05	6.88888
0.00171543	265.652	1.01505e-05	5.78244
0.00173573	259.889	1.01505e-05	7.00451
0.00175603	220.897	1.01505e-05	5.4617
0.00177633	218.69	1.01505e-05	6.11329
0.00179663	196.57	1.01505e-05	6.42661
0.00181693	182.03	1.01505e-05	5.15233
0.00183723	172.757	1.01505e-05	5.92508
0.00185754	159.573	1.01505e-05	4.54959
0.00187784	148.219	1.01505e-05	5.23944
0.00189814	132.037	1.01505e-05	4.94324
0.00191844	127.379	1.01505e-05	4.15112
0.00193874	111.475	1.01505e-05	3.5724
0.00195904	109.993	1.01505e-05	3.87714
0.00197934	96.9086	1.01505e-05	3.58594
0.00199964	88.061	1.01505e-05	3.18537
0.00201994	78.3339	1.01505e-05	3.18769
0.00204024	73.8265	1.01505e-05	3.05038
0.00206055	65.5388	1.01505e-05	4.20442
0.00208085	62.0707	1.01505e-05	3.33199
0.00210115	57.3511	1.01505e-05	2.75172
0.00212145	52.0232	1.01505e-05	2.61201
0.00214175	46.303	1.01505e-05	2.39421
0.00216205	37.6646	1.01505e-05	2.57409
0.00218235	36.3841	1.01505e-05	2.16815
0.00220265	29.6595	1.01505e-05	1.6987
0.00222295	29.9498	1.01505e-05	1.90278
0.00224325	25.2902	1.01505e-05	1.79047
0.00226355	22.591	1.01505e-05	1.49741
0.00228386	17.9179	1.01505e-05	1.37389
0.00230416	16.1176	1.01505e-05	1.27299
0.00232446	14.4007	1.01505e-05	1.48149
0.00234476	14.6559	1.01505e-05	1.29542
0.00236506	12.1326	1.01505e-05	1.17917
0.00238536	9.06033	1.01505e-05	0.904137
0.00240566	6.43881	1.01505e-05	0.875202
0.00242596	7.01349	1.01505e-05	0.921485
0.00244626	4.65767	1.01505e-05	0.612712
0.00246656	3.4368	1.01505e-05	0.502948
0.00248686	2.74483	1.01505e-05	0.459107
0.00250717	2.29786	1.01505e-05	0.633987
0.00252747	1.53468	1.01505e-05	0.329865
0.00254777	0.783485	1.01505e-05	0.252809
0.00256807	0.138695	1.01505e-05	0.0980931
