1.01442e-05	976.742	1.01442e-05	13.5173
3.04326e-05	239.763	1.01442e-05	7.13861
5.0721e-05	169.265	1.01442e-05	5.1223
7.10094e-05	163.255	1.01442e-05	5.0378
9.12979e-05	158.15	1.01442e-05	5.07434
0.000111586	154.784	1.01442e-05	4.8142
0.000131875	152.609	1.01442e-05	5.63751
0.000152163	149.641	1.01442e-05	5.00016
0.000172452	159.569	1.01442e-05	6.88929
0.00019274	169.258	1.01442e-05	5.03568
0.000213028	172.318	1.01442e-05	5.59051
0.000233317	192.828	1.01442e-05	5.52282
0.000253605	201.955	1.01442e-05	6.0738
0.000273894	221.292	1.01442e-05	5.91698
0.000294182	242.534	1.01442e-05	7.60173
0.00031447	253.325	1.01442e-05	8.18298
0.000334759	265.532	1.01442e-05	7.3204
0.000355047	295.063	1.01442e-05	7.01885
0.000375336	316.949	1.01442e-05	7.58169
0.000395624	342.97	1.01442e-05	8.25349
0.000415912	366.988	1.01442e-05	12.1323
0.000436201	377.095	1.01442e-05	8.21069
0.000456489	423.357	1.01442e-05	9.12159
0.000476778	448.683	1.01442e-05	9.41445
0.000497066	463.086	1.01442e-05	9.75064
0.000517355	500.487	1.01442e-05	10.8427
0.000537643	526.643	1.01442e-05	10.2372
0.000557931	532.26	1.01442e-05	10.1298
0.00057822	555.652	1.01442e-05	9.6053
0.000598508	591.568	1.01442e-05	10.467
0.000618797	626.003	1.01442e-05	12.4573
0.000639085	633.052	1.01442e-05	12.9923
0.000659373	660.553	1.01442e-05	11.8634
0.000679662	683.28	1.01442e-05	12.5274
0.00069995	697.782	1.01442e-05	11.5675
0.000720239	715.543	1.01442e-05	12.0368
0.000740527	723.742	1.01442e-05	10.9532
0.000760816	783.7	1.01442e-05	12.9432
0.000781104	777.544	1.01442e-05	13.5999
0.000801392	819.378	1.01442e-05	12.8712
0.000821681	818.182	1.01442e-05	12.1817
0.000841969	848.938	1.01442e-05	13.417
0.000862258	815.478	1.01442e-05	12.6699
0.000882546	863.54	1.01442e-05	13.7223
0.000902834	856.959	1.01442e-05	14.6737
0.000923123	868.881	1.01442e-05	13.4292
0.000943411	882.658	1.01442e-05	14.2199
0.0009637	866.01	1.01442e-05	13.5091
0.000983988	869.674	1.01442e-05	12.3215
0.00100428	859.887	1.01442e-05	12.56
0.00102456	857.771	1.01442e-05	13.0014
0.00104485	881.214	1.01442e-05	13.0196
0.00106514	877.225	1.01442e-05	13.5214
0.00108543	853.369	1.01442e-05	13.1749
0.00110572	823.101	1.01442e-05	12.1751
0.00112601	824.584	1.01442e-05	11.852
0.0011463	809.729	1.01442e-05	12.5295
0.00116658	773.15	1.01442e-05	10.6649
0.00118687	766.267	1.01442e-05	11.4513
0.00120716	788.089	1.01442e-05	14.0673
0.00122745	774.968	1.01442e-05	11.3543
0.00124774	722.059	1.01442e-05	10.5394
0.00126803	721.672	1.01442e-05	10.9353
0.00128831	679.989	1.01442e-05	11.5427
0.0013086	666.303	1.01442e-05	10.0116
0.00132889	651.084	1.01442e-05	10.4109
0.00134918	622.521	1.01442e-05	9.36123
0.00136947	615.508	1.01442e-05	11.1815
0.00138976	572.678	1.01442e-05	8.9354
0.00141004	568.253	1.01442e-05	10.4467
0.00143033	547.296	1.01442e-05	12.6876
0.00145062	541.06	1.01442e-05	11.8575
0.00147091	502.713	1.01442e-05	8.52764
0.0014912	480.091	1.01442e-05	8.48754
0.00151149	458.598	1.01442e-05	10.1732
0.00153178	464.711	1.01442e-05	12.7273
0.00155206	423.764	1.01442e-05	8.39594
0.00157235	397.071	1.01442e-05	8.66036
0.00159264	374.532	1.01442e-05	8.80607
0.00161293	356.795	1.01442e-05	7.24716
0.00163322	342.641	1.01442e-05	9.26837
0.00165351	320.176	1.01442e-05	7.15994
0.00167379	294.239	1.01442e-05	6.8345
0.00169408	284.622	1.01442e-05	6.33308
0.00171437	269.378	1.01442e-05	9.51225
0.00173466	235.643	1.01442e-05	5.48008
0.00175495	223.632	1.01442e-05	5.25002
0.00177524	214.613	1.01442e-05	5.97163
0.00179552	194.836	1.01442e-05	4.94472
0.00181581	179.223	1.01442e-05	5.42853
0.0018361	168.583	1.01442e-05	4.80831
0.00185639	158.506	1.01442e-05	4.52912
0.00187668	145.521	1.01442e-05	4.48584
0.00189697	143.459	1.01442e-05	7.14895
0.00191726	126.775	1.01442e-05	3.99013
0.00193754	111.056	1.01442e-05	4.06659
0.00195783	104.416	1.01442e-05	3.917
0.00197812	100.805	1.01442e-05	3.48752
0.00199841	92.6988	1.01442e-05	3.79611
0.0020187	85.1968	1.01442e-05	4.07274
0.00203899	77.592	1.01442e-05	3.47874
0.00205927	67.9943	1.01442e-05	3.58856
0.00207956	57.4331	1.01442e-05	2.7754
0.00209985	59.1113	1.01442e-05	2.75315
0.00212014	44.8753	1.01442e-05	2.14745
0.00214043	46.9326	1.01442e-05	2.28565
0.00216072	44.0306	1.01442e-05	4.92778
0.002181	33.2663	1.01442e-05	2.11264
0.00220129	29.7573	1.01442e-05	1.88657
0.00222158	26.8983	1.01442e-05	1.78588
0.00224187	28.1891	1.01442e-05	2.20435
0.00226216	20.8841	1.01442e-05	1.45035
0.00228245	18.8576	1.01442e-05	1.59125
0.00230273	15.4325	1.01442e-05	1.23986
0.00232302	11.6884	1.01442e-05	1.10543
0.00234331	11.5282	1.01442e-05	0.98241
0.0023636	9.6747	1.01442e-05	0.856155
0.00238389	8.46634	1.01442e-05	0.919784
0.00240418	9.75479	1.01442e-05	1.55826
0.00242447	6.36792	1.01442e-05	0.861698
0.00244475	4.3015	1.01442e-05	0.682986
0.00246504	3.42167	1.01442e-05	0.471305
0.00248533	2.61722	1.01442e-05	0.415516
0.00250562	1.84576	1.01442e-05	0.369423
0.00252591	0.823276	1.01442e-05	0.228689
0.0025462	0.449925	1.01442e-05	0.170247
0.00256648	0.433528	1.01442e-05	0.163901
