7.8671e-06	1917.14	7.8671e-06	18.1997
2.36013e-05	301.695	7.8671e-06	6.18576
3.93355e-05	247.377	7.8671e-06	6.51201
5.50697e-05	241.551	7.8671e-06	8.21263
7.08039e-05	228.003	7.8671e-06	6.02829
8.65381e-05	245.05	7.8671e-06	5.83352
0.000102272	273.421	7.8671e-06	9.41708
0.000118006	290.575	7.8671e-06	8.07207
0.000133741	321.875	7.8671e-06	7.97206
0.000149475	363.22	7.8671e-06	9.25678
0.000165209	403.736	7.8671e-06	9.00158
0.000180943	439.113	7.8671e-06	9.6106
0.000196677	476.762	7.8671e-06	9.925
0.000212412	509.793	7.8671e-06	11.9474
0.000228146	548.675	7.8671e-06	11.4923
0.00024388	576.418	7.8671e-06	11.403
0.000259614	619.372	7.8671e-06	12.3345
0.000275348	688.02	7.8671e-06	18.9406
0.000291083	687.335	7.8671e-06	19.72
0.000306817	772.192	7.8671e-06	21.61
0.000322551	763.259	7.8671e-06	13.7595
0.000338285	828.966	7.8671e-06	15.6335
0.000354019	857.898	7.8671e-06	15.06
0.000369754	888.85	7.8671e-06	38.3937
0.000385488	925.641	7.8671e-06	21.9072
0.000401222	936.746	7.8671e-06	15.9494
0.000416956	940.604	7.8671e-06	17.4876
0.00043269	1011.74	7.8671e-06	38.4939
0.000448425	1000.35	7.8671e-06	17.1224
0.000464159	1061.67	7.8671e-06	19.9032
0.000479893	1017.59	7.8671e-06	18.4889
0.000495627	1047.18	7.8671e-06	19.4752
0.000511361	1045.01	7.8671e-06	18.9843
0.000527096	1094.93	7.8671e-06	20.2978
0.00054283	1093.2	7.8671e-06	19.2202
0.000558564	1062.05	7.8671e-06	17.5822
0.000574298	1102.12	7.8671e-06	30.2079
0.000590032	1095.43	7.8671e-06	21.2385
0.000605767	1103.79	7.8671e-06	22.5266
0.000621501	1049.82	7.8671e-06	17.9872
0.000637235	1142.56	7.8671e-06	28.6177
0.000652969	1117.95	7.8671e-06	28.3525
0.000668703	1059.93	7.8671e-06	21.3335
0.000684438	1077.99	7.8671e-06	23.3813
0.000700172	1059.55	7.8671e-06	20.2004
0.000715906	1035.19	7.8671e-06	19.6782
0.00073164	1059.87	7.8671e-06	23.2105
0.000747374	1038.36	7.8671e-06	24.1017
0.000763109	1038.75	7.8671e-06	26.1672
0.000778843	976.351	7.8671e-06	21.7181
0.000794577	968.801	7.8671e-06	23.0349
0.000810311	940.563	7.8671e-06	23.5353
0.000826045	923.1	7.8671e-06	23.602
0.00084178	937.694	7.8671e-06	24.3512
0.000857514	849.497	7.8671e-06	19.7025
0.000873248	860.348	7.8671e-06	24.4674
0.000888982	806.429	7.8671e-06	19.5426
0.000904716	813.565	7.8671e-06	21.5322
0.000920451	788.965	7.8671e-06	19.8728
0.000936185	811.59	7.8671e-06	26.1837
0.000951919	725.968	7.8671e-06	17.9393
0.000967653	732.377	7.8671e-06	20.9272
0.000983387	709.138	7.8671e-06	22.0603
0.000999122	684.621	7.8671e-06	22.9657
0.00101486	627.331	7.8671e-06	16.3459
0.00103059	567.857	7.8671e-06	15.6943
0.00104632	581.992	7.8671e-06	16.987
0.00106206	580.033	7.8671e-06	26.4805
0.00107779	593.281	7.8671e-06	38.0924
0.00109353	490.813	7.8671e-06	18.4435
0.00110926	502.232	7.8671e-06	19.7991
0.001125	453.911	7.8671e-06	15.1438
0.00114073	434.869	7.8671e-06	17.2455
0.00115646	432.541	7.8671e-06	17.7005
0.0011722	385.434	7.8671e-06	14.8561
0.00118793	409.527	7.8671e-06	19.4216
0.00120367	337.176	7.8671e-06	17.7517
0.0012194	321.074	7.8671e-06	14.2273
0.00123513	365.294	7.8671e-06	18.8334
0.00125087	327.918	7.8671e-06	18.7609
0.0012666	282.12	7.8671e-06	12.854
0.00128234	311.157	7.8671e-06	34.4129
0.00129807	274.173	7.8671e-06	14.1353
0.00131381	253.977	7.8671e-06	13.6962
0.00132954	185.355	7.8671e-06	10.0475
0.00134527	212.902	7.8671e-06	13.268
0.00136101	193.077	7.8671e-06	10.994
0.00137674	176.69	7.8671e-06	8.70403
0.00139248	163.859	7.8671e-06	8.94667
0.00140821	165.59	7.8671e-06	11.2305
0.00142395	154.255	7.8671e-06	15.3551
0.00143968	133.166	7.8671e-06	9.8366
0.00145541	130.711	7.8671e-06	10.6281
0.00147115	126.807	7.8671e-06	10.9029
0.00148688	109.126	7.8671e-06	10.3792
0.00150262	85.6054	7.8671e-06	6.73518
0.00151835	84.9334	7.8671e-06	7.16897
0.00153408	75.3238	7.8671e-06	6.89712
0.00154982	81.6093	7.8671e-06	8.11183
0.00156555	68.433	7.8671e-06	6.63445
0.00158129	60.0616	7.8671e-06	6.94625
0.00159702	65.5056	7.8671e-06	7.42614
0.00161276	62.2182	7.8671e-06	8.51938
0.00162849	80.3888	7.8671e-06	20.2737
0.00164422	45.3437	7.8671e-06	6.25481
0.00165996	55.8004	7.8671e-06	10.6003
0.00167569	55.9742	7.8671e-06	27.2582
0.00169143	35.0635	7.8671e-06	4.77276
0.00170716	32.1735	7.8671e-06	6.70803
0.00172289	20.1797	7.8671e-06	2.99394
0.00173863	28.442	7.8671e-06	4.94632
0.00175436	13.652	7.8671e-06	3.10944
0.0017701	9.99576	7.8671e-06	2.63948
0.00178583	13.6856	7.8671e-06	4.88752
0.00180157	18.4654	7.8671e-06	6.35404
0.0018173	6.24061	7.8671e-06	3.24331
0.00183303	5.81559	7.8671e-06	2.11673
0.00184877	8.6623	7.8671e-06	3.31803
0.0018645	6.28693	7.8671e-06	2.59407
0.00188024	2.34953	7.8671e-06	1.51354
0.00189597	7.65096	7.8671e-06	3.59918
0.00191171	0.752076	7.8671e-06	0.752076
0.00192744	1.21218	7.8671e-06	1.01224
0.00194317	0.657835	7.8671e-06	0.657835
0.00195891	1.78109	7.8671e-06	1.26016
