9.61085e-06	1223.98	9.61085e-06	12.6812
2.88325e-05	223.772	9.61085e-06	4.77849
4.80542e-05	168.672	9.61085e-06	4.2213
6.72759e-05	158.894	9.61085e-06	4.99323
8.64976e-05	164.909	9.61085e-06	4.81718
0.000105719	171.013	9.61085e-06	5.58912
0.000124941	178.316	9.61085e-06	4.80403
0.000144163	191.342	9.61085e-06	5.16576
0.000163384	225.926	9.61085e-06	8.29817
0.000182606	231.735	9.61085e-06	6.61207
0.000201828	261.98	9.61085e-06	6.77547
0.000221049	285.795	9.61085e-06	6.81845
0.000240271	309.418	9.61085e-06	8.56147
0.000259493	347.035	9.61085e-06	10.7829
0.000278715	361.783	9.61085e-06	7.62747
0.000297936	385.736	9.61085e-06	8.58014
0.000317158	420.986	9.61085e-06	9.09206
0.00033638	445.728	9.61085e-06	12.0686
0.000355601	465.085	9.61085e-06	9.47753
0.000374823	505.671	9.61085e-06	10.5943
0.000394045	517.36	9.61085e-06	10.8297
0.000413266	526.799	9.61085e-06	10.6228
0.000432488	565.3	9.61085e-06	10.1023
0.00045171	636.259	9.61085e-06	15.3427
0.000470931	664.908	9.61085e-06	14.989
0.000490153	641.096	9.61085e-06	11.0106
0.000509375	663.266	9.61085e-06	12.0676
0.000528596	684.621	9.61085e-06	11.973
0.000547818	730.968	9.61085e-06	13.6804
0.00056704	739.474	9.61085e-06	12.4955
0.000586262	810.21	9.61085e-06	19.5897
0.000605483	788.539	9.61085e-06	13.0746
0.000624705	808.562	9.61085e-06	14.9351
0.000643927	813.115	9.61085e-06	14.1416
0.000663148	819.067	9.61085e-06	15.3431
0.00068237	840.586	9.61085e-06	14.844
0.000701592	887.914	9.61085e-06	16.3232
0.000720813	846.231	9.61085e-06	17.2847
0.000740035	862.951	9.61085e-06	17.366
0.000759257	862.661	9.61085e-06	14.9546
0.000778478	885.546	9.61085e-06	20.127
0.0007977	910.78	9.61085e-06	18.9378
0.000816922	947.027	9.61085e-06	32.9266
0.000836144	928.976	9.61085e-06	23.7203
0.000855365	913.587	9.61085e-06	18.6792
0.000874587	1117.17	9.61085e-06	130.234
0.000893809	867.33	9.61085e-06	17.8134
0.00091303	915.65	9.61085e-06	25.4465
0.000932252	854.025	9.61085e-06	17.8102
0.000951474	879.098	9.61085e-06	20.449
0.000970695	826.509	9.61085e-06	16.5076
0.000989917	842.547	9.61085e-06	18.1723
0.00100914	853.392	9.61085e-06	21.8103
0.00102836	766.963	9.61085e-06	15.6054
0.00104758	777.483	9.61085e-06	17.1463
0.0010668	744.008	9.61085e-06	15.6518
0.00108603	764.915	9.61085e-06	17.8225
0.00110525	750.386	9.61085e-06	19.5615
0.00112447	719.843	9.61085e-06	18.118
0.00114369	722.945	9.61085e-06	18.6846
0.00116291	675.222	9.61085e-06	15.2583
0.00118213	684.389	9.61085e-06	17.8453
0.00120136	654.859	9.61085e-06	15.3375
0.00122058	631.692	9.61085e-06	17.5226
0.0012398	609.305	9.61085e-06	17.6009
0.00125902	562.569	9.61085e-06	14.8621
0.00127824	570.363	9.61085e-06	16.6122
0.00129746	514.31	9.61085e-06	13.9277
0.00131669	522.322	9.61085e-06	21.0039
0.00133591	460.716	9.61085e-06	10.9423
0.00135513	483.449	9.61085e-06	15.6195
0.00137435	443.064	9.61085e-06	12.1236
0.00139357	416.673	9.61085e-06	12.2409
0.00141279	418.081	9.61085e-06	13.2481
0.00143202	381.877	9.61085e-06	11.4196
0.00145124	360.4	9.61085e-06	11.3218
0.00147046	352.626	9.61085e-06	10.9756
0.00148968	353.665	9.61085e-06	15.7446
0.0015089	318.741	9.61085e-06	11.0927
0.00152812	288.621	9.61085e-06	10.9961
0.00154735	283.032	9.61085e-06	11.9701
0.00156657	286.125	9.61085e-06	11.1068
0.00158579	244.778	9.61085e-06	9.45746
0.00160501	251.621	9.61085e-06	14.5429
0.00162423	233.233	9.61085e-06	10.955
0.00164345	223.357	9.61085e-06	11.123
0.00166268	209.721	9.61085e-06	10.4811
0.0016819	171.941	9.61085e-06	8.48591
0.00170112	186.835	9.61085e-06	10.0723
0.00172034	162.993	9.61085e-06	8.41669
0.00173956	136.11	9.61085e-06	7.13146
0.00175878	150.277	9.61085e-06	20.5938
0.00177801	131.411	9.61085e-06	8.39017
0.00179723	129.376	9.61085e-06	12.7909
0.00181645	115.511	9.61085e-06	7.83368
0.00183567	92.5742	9.61085e-06	5.89193
0.00185489	92.6007	9.61085e-06	8.44738
0.00187411	78.452	9.61085e-06	5.20164
0.00189334	65.9555	9.61085e-06	4.60767
0.00191256	78.2137	9.61085e-06	7.06459
0.00193178	75.6023	9.61085e-06	6.4162
0.001951	49.8691	9.61085e-06	3.94103
0.00197022	50.8734	9.61085e-06	5.85932
0.00198944	45.7737	9.61085e-06	5.99048
0.00200867	36.1135	9.61085e-06	3.89525
0.00202789	35.8092	9.61085e-06	4.63023
0.00204711	31.6961	9.61085e-06	4.17328
0.00206633	32.9311	9.61085e-06	4.93253
0.00208555	33.882	9.61085e-06	4.71022
0.00210478	31.5327	9.61085e-06	10.8589
0.002124	22.9994	9.61085e-06	4.37385
0.00214322	22.5769	9.61085e-06	4.09272
0.00216244	14.0032	9.61085e-06	1.90595
0.00218166	20.797	9.61085e-06	6.8646
0.00220088	8.60408	9.61085e-06	1.52721
0.00222011	8.90293	9.61085e-06	1.92943
0.00223933	7.26495	9.61085e-06	1.57196
0.00225855	7.58957	9.61085e-06	1.85158
0.00227777	7.63101	9.61085e-06	1.73779
0.00229699	9.50056	9.61085e-06	6.43996
0.00231621	4.25552	9.61085e-06	1.44128
0.00233544	5.51303	9.61085e-06	1.82851
0.00235466	2.57093	9.61085e-06	1.33349
0.00237388	0.28512	9.61085e-06	0.28512
0.0023931	1.63932	9.61085e-06	1.16239
0.00241232	0.886659	9.61085e-06	0.886659
0.00243154	1.75724	9.61085e-06	1.69433
0.00245077	0.799187	9.61085e-06	0.799187
