7.17276e-06	2243.73	7.17276e-06	20.5426
2.15183e-05	349.966	7.17276e-06	10.4737
3.58638e-05	264.489	7.17276e-06	7.09949
5.02093e-05	248.934	7.17276e-06	6.34616
6.45548e-05	246.769	7.17276e-06	6.89849
7.89004e-05	283.78	7.17276e-06	11.2819
9.32459e-05	290.858	7.17276e-06	7.65832
0.000107591	316.391	7.17276e-06	8.40916
0.000121937	352.193	7.17276e-06	8.5877
0.000136282	372.292	7.17276e-06	8.50783
0.000150628	424.794	7.17276e-06	11.6736
0.000164973	461.034	7.17276e-06	11.101
0.000179319	486.046	7.17276e-06	9.84623
0.000193665	543.944	7.17276e-06	11.1541
0.00020801	611.322	7.17276e-06	21.1318
0.000222356	627.644	7.17276e-06	13.4028
0.000236701	677.827	7.17276e-06	15.2502
0.000251047	738.01	7.17276e-06	17.9632
0.000265392	743.601	7.17276e-06	14.1659
0.000279738	791.382	7.17276e-06	14.7323
0.000294083	841.538	7.17276e-06	17.7515
0.000308429	860.652	7.17276e-06	15.4207
0.000322774	912.227	7.17276e-06	16.6429
0.00033712	945.72	7.17276e-06	24.9183
0.000351465	1009.35	7.17276e-06	20.3714
0.000365811	985.154	7.17276e-06	18.7649
0.000380156	1041.78	7.17276e-06	21.2093
0.000394502	1064.13	7.17276e-06	22.7817
0.000408847	1098.29	7.17276e-06	25.7717
0.000423193	1096.26	7.17276e-06	20.4081
0.000437538	1124.95	7.17276e-06	25.4903
0.000451884	1131.3	7.17276e-06	20.9486
0.000466229	1148.16	7.17276e-06	22.0787
0.000480575	1179.13	7.17276e-06	20.2067
0.00049492	1146.42	7.17276e-06	20.0768
0.000509266	1152.85	7.17276e-06	19.7857
0.000523611	1252.56	7.17276e-06	59.9677
0.000537957	1186.27	7.17276e-06	22.595
0.000552302	1225.65	7.17276e-06	24.6445
0.000566648	1155.7	7.17276e-06	22.5307
0.000580994	1258.3	7.17276e-06	39.4891
0.000595339	1157.35	7.17276e-06	22.6807
0.000609685	1144.17	7.17276e-06	21.5751
0.00062403	1173.21	7.17276e-06	29.1576
0.000638376	1180.89	7.17276e-06	27.6729
0.000652721	1146.7	7.17276e-06	22.3523
0.000667067	1085.25	7.17276e-06	24.5526
0.000681412	1119.33	7.17276e-06	23.7759
0.000695758	1067.4	7.17276e-06	23.9426
0.000710103	1065	7.17276e-06	24.593
0.000724449	1032.45	7.17276e-06	20.9343
0.000738794	1024.11	7.17276e-06	21.21
0.00075314	1021.96	7.17276e-06	23.9122
0.000767485	982.395	7.17276e-06	21.1743
0.000781831	937.298	7.17276e-06	23.9744
0.000796176	953.502	7.17276e-06	22.6762
0.000810522	974.394	7.17276e-06	32.0933
0.000824867	923.208	7.17276e-06	23.2041
0.000839213	960.259	7.17276e-06	56.2664
0.000853558	850.415	7.17276e-06	23.4867
0.000867904	804.804	7.17276e-06	30.1981
0.000882249	807.545	7.17276e-06	22.2775
0.000896595	762.751	7.17276e-06	21.0258
0.00091094	785.51	7.17276e-06	28.7695
0.000925286	747.271	7.17276e-06	25.7455
0.000939631	691.358	7.17276e-06	20.0501
0.000953977	654.768	7.17276e-06	18.5105
0.000968323	686.243	7.17276e-06	25.7743
0.000982668	637.75	7.17276e-06	21.8596
0.000997014	574.128	7.17276e-06	17.9806
0.00101136	529.283	7.17276e-06	18.3792
0.0010257	517.115	7.17276e-06	15.6734
0.00104005	540.617	7.17276e-06	18.5681
0.0010544	501.616	7.17276e-06	17.3426
0.00106874	451.152	7.17276e-06	15.0854
0.00108309	459.463	7.17276e-06	27.1548
0.00109743	425.981	7.17276e-06	20.5583
0.00111178	414.165	7.17276e-06	24.1649
0.00112612	339.961	7.17276e-06	12.849
0.00114047	350.605	7.17276e-06	15.4603
0.00115481	315.037	7.17276e-06	12.8848
0.00116916	319.905	7.17276e-06	14.6886
0.00118351	270.924	7.17276e-06	13.0447
0.00119785	313.885	7.17276e-06	31.8428
0.0012122	255.58	7.17276e-06	12.6766
0.00122654	234.472	7.17276e-06	11.4264
0.00124089	278.472	7.17276e-06	23.5734
0.00125523	211.905	7.17276e-06	11.0376
0.00126958	213.227	7.17276e-06	19.0518
0.00128392	177.302	7.17276e-06	11.1889
0.00129827	162.777	7.17276e-06	9.91208
0.00131261	145.741	7.17276e-06	8.7381
0.00132696	162.321	7.17276e-06	13.1569
0.00134131	139.116	7.17276e-06	10.5147
0.00135565	120.102	7.17276e-06	8.64029
0.00137	124.675	7.17276e-06	11.987
0.00138434	123.472	7.17276e-06	17.779
0.00139869	105.472	7.17276e-06	10.4104
0.00141303	81.0043	7.17276e-06	8.76526
0.00142738	95.9439	7.17276e-06	11.6761
0.00144172	66.728	7.17276e-06	6.6352
0.00145607	63.1089	7.17276e-06	8.86344
0.00147042	50.199	7.17276e-06	5.98792
0.00148476	52.9939	7.17276e-06	8.50006
0.00149911	51.111	7.17276e-06	8.92482
0.00151345	43.6984	7.17276e-06	6.77081
0.0015278	29.6483	7.17276e-06	4.56535
0.00154214	36.3432	7.17276e-06	12.5507
0.00155649	19.6574	7.17276e-06	4.60518
0.00157083	11.5687	7.17276e-06	3.2678
0.00158518	16.2571	7.17276e-06	4.97913
0.00159953	16.6049	7.17276e-06	6.04078
0.00161387	7.6188	7.17276e-06	2.99217
0.00162822	9.08697	7.17276e-06	4.00344
0.00164256	3.20299	7.17276e-06	2.29606
0.00165691	4.44223	7.17276e-06	3.16067
0.00167125	0	7.17276e-06	0
0.0016856	1.29035	7.17276e-06	1.10656
0.00169994	0.48176	7.17276e-06	0.340688
