1.00715e-05	974.1	1.00715e-05	10.9938
3.02144e-05	199.476	1.00715e-05	5.30722
5.03574e-05	156.731	1.00715e-05	5.15257
7.05004e-05	141.478	1.00715e-05	4.12945
9.06433e-05	134.751	1.00715e-05	5.01583
0.000110786	136.511	1.00715e-05	4.17654
0.000130929	132.848	1.00715e-05	4.04855
0.000151072	151.274	1.00715e-05	4.5801
0.000171215	172.361	1.00715e-05	10.2755
0.000191358	173.389	1.00715e-05	4.68248
0.000211501	194.845	1.00715e-05	6.88522
0.000231644	208.279	1.00715e-05	5.43733
0.000251787	221.401	1.00715e-05	6.0829
0.00027193	256.011	1.00715e-05	7.3007
0.000292073	295.716	1.00715e-05	11.2821
0.000312216	301.472	1.00715e-05	7.24877
0.000332359	312.491	1.00715e-05	7.36191
0.000352502	377.526	1.00715e-05	20.3689
0.000372645	398.86	1.00715e-05	13.3817
0.000392788	423.272	1.00715e-05	32.2877
0.000412931	403.971	1.00715e-05	8.30127
0.000433074	441.371	1.00715e-05	10.0413
0.000453217	465.501	1.00715e-05	10.7611
0.00047336	537.491	1.00715e-05	34.9964
0.000493503	517.316	1.00715e-05	16.064
0.000513646	528.597	1.00715e-05	10.8747
0.000533788	560.164	1.00715e-05	10.5803
0.000553931	572.577	1.00715e-05	10.9381
0.000574074	607.732	1.00715e-05	11.2844
0.000594217	633.525	1.00715e-05	11.838
0.00061436	662.555	1.00715e-05	12.7224
0.000634503	656.112	1.00715e-05	13.7446
0.000654646	679.947	1.00715e-05	12.6627
0.000674789	731.444	1.00715e-05	18.7971
0.000694932	730.093	1.00715e-05	14.7403
0.000715075	755.642	1.00715e-05	13.4217
0.000735218	769.206	1.00715e-05	14.4611
0.000755361	883.14	1.00715e-05	72.9403
0.000775504	801.821	1.00715e-05	14.4249
0.000795647	810.335	1.00715e-05	14.2327
0.00081579	803.371	1.00715e-05	13.0782
0.000835933	814.664	1.00715e-05	14.5399
0.000856076	827.24	1.00715e-05	13.8806
0.000876219	902.238	1.00715e-05	39.3144
0.000896362	875.555	1.00715e-05	17.6896
0.000916505	858.719	1.00715e-05	17.5819
0.000936648	851.943	1.00715e-05	17.1359
0.000956791	861.549	1.00715e-05	19.274
0.000976934	889.915	1.00715e-05	28.2515
0.000997077	855.705	1.00715e-05	15.5496
0.00101722	826.198	1.00715e-05	15.4221
0.00103736	839.85	1.00715e-05	15.3689
0.00105751	875.649	1.00715e-05	28.9026
0.00107765	810.639	1.00715e-05	15.6321
0.00109779	821.049	1.00715e-05	25.9663
0.00111793	797.567	1.00715e-05	18.3827
0.00113808	776.447	1.00715e-05	16.9039
0.00115822	766.07	1.00715e-05	14.8878
0.00117836	749.457	1.00715e-05	14.8041
0.00119851	726.247	1.00715e-05	14.9748
0.00121865	720.168	1.00715e-05	15.0516
0.00123879	736.307	1.00715e-05	26.8
0.00125894	683.876	1.00715e-05	15.457
0.00127908	667.72	1.00715e-05	13.4264
0.00129922	646.698	1.00715e-05	14.8067
0.00131936	621.589	1.00715e-05	12.7311
0.00133951	616.246	1.00715e-05	22.3411
0.00135965	575.658	1.00715e-05	14.7721
0.00137979	555.625	1.00715e-05	13.9144
0.00139994	552.344	1.00715e-05	17.4007
0.00142008	545.711	1.00715e-05	17.5817
0.00144022	505.62	1.00715e-05	12.6556
0.00146036	472.878	1.00715e-05	10.974
0.00148051	459.931	1.00715e-05	15.2522
0.00150065	439.545	1.00715e-05	11.106
0.00152079	427.716	1.00715e-05	11.3925
0.00154094	391.282	1.00715e-05	11.0959
0.00156108	377.694	1.00715e-05	13.756
0.00158122	348.11	1.00715e-05	10.4398
0.00160137	343.075	1.00715e-05	11.2708
0.00162151	319.739	1.00715e-05	11.7225
0.00164165	317.148	1.00715e-05	12.3156
0.00166179	284.559	1.00715e-05	14.5924
0.00168194	287.492	1.00715e-05	11.0121
0.00170208	251.874	1.00715e-05	10.181
0.00172222	238.537	1.00715e-05	10.9928
0.00174237	217.583	1.00715e-05	7.71678
0.00176251	217.604	1.00715e-05	9.68549
0.00178265	192.363	1.00715e-05	7.98367
0.0018028	182.1	1.00715e-05	7.5801
0.00182294	165.132	1.00715e-05	7.111
0.00184308	149.117	1.00715e-05	8.92713
0.00186322	143.336	1.00715e-05	6.93385
0.00188337	130.612	1.00715e-05	6.74877
0.00190351	115.557	1.00715e-05	5.69864
0.00192365	106.738	1.00715e-05	5.34557
0.0019438	104.675	1.00715e-05	5.70955
0.00196394	96.2218	1.00715e-05	5.88258
0.00198408	81.868	1.00715e-05	6.2373
0.00200422	69.1427	1.00715e-05	3.7724
0.00202437	70.5404	1.00715e-05	4.30159
0.00204451	58.3774	1.00715e-05	3.638
0.00206465	54.3214	1.00715e-05	4.02715
0.0020848	55.1475	1.00715e-05	4.82598
0.00210494	49.5109	1.00715e-05	4.07116
0.00212508	47.4418	1.00715e-05	3.96811
0.00214523	37.3947	1.00715e-05	3.6805
0.00216537	35.8473	1.00715e-05	3.30132
0.00218551	46.5079	1.00715e-05	11.9139
0.00220565	32.3008	1.00715e-05	5.8494
0.0022258	27.5143	1.00715e-05	5.8699
0.00224594	22.758	1.00715e-05	2.68764
0.00226608	20.7018	1.00715e-05	4.15018
0.00228623	13.8525	1.00715e-05	1.84346
0.00230637	11.6861	1.00715e-05	1.463
0.00232651	9.03076	1.00715e-05	1.30874
0.00234665	13.0822	1.00715e-05	3.60463
0.0023668	7.28756	1.00715e-05	1.46386
0.00238694	7.57922	1.00715e-05	1.46474
0.00240708	8.20199	1.00715e-05	1.77447
0.00242723	3.69103	1.00715e-05	1.0417
0.00244737	2.18158	1.00715e-05	0.579307
0.00246751	4.38627	1.00715e-05	1.52604
0.00248766	2.49953	1.00715e-05	0.767884
0.0025078	1.23085	1.00715e-05	0.511901
0.00252794	1.16268	1.00715e-05	0.533327
0.00254808	0.302162	1.00715e-05	0.302162
