8.59151e-06	1638.77	8.59151e-06	14.9903
2.57745e-05	276.97	8.59151e-06	6.35299
4.29576e-05	217.995	8.59151e-06	8.24248
6.01406e-05	201.162	8.59151e-06	6.19389
7.73236e-05	205.698	8.59151e-06	5.92353
9.45067e-05	216.224	8.59151e-06	5.50945
0.00011169	235.324	8.59151e-06	5.88091
0.000128873	265.902	8.59151e-06	6.3255
0.000146056	286.62	8.59151e-06	7.53325
0.000163239	330.084	8.59151e-06	9.19426
0.000180422	356.106	8.59151e-06	8.85242
0.000197605	394.467	8.59151e-06	10.3178
0.000214788	444.992	8.59151e-06	12.8435
0.000231971	451.377	8.59151e-06	9.1393
0.000249154	491.353	8.59151e-06	10.8887
0.000266337	527.036	8.59151e-06	10.712
0.00028352	574.513	8.59151e-06	11.7498
0.000300703	604.414	8.59151e-06	10.9789
0.000317886	618.853	8.59151e-06	13.8742
0.000335069	651.624	8.59151e-06	11.7219
0.000352252	700.901	8.59151e-06	12.6341
0.000369435	776.127	8.59151e-06	18.0071
0.000386618	742.139	8.59151e-06	12.9206
0.000403801	756.081	8.59151e-06	12.9957
0.000420984	870.622	8.59151e-06	23.7571
0.000438167	869.008	8.59151e-06	19.1984
0.00045535	895.44	8.59151e-06	21.3181
0.000472533	872.243	8.59151e-06	15.0349
0.000489716	939.967	8.59151e-06	25.5723
0.000506899	945.163	8.59151e-06	22.4369
0.000524082	962.4	8.59151e-06	18.2712
0.000541265	960.19	8.59151e-06	18.2205
0.000558448	981.147	8.59151e-06	18.6596
0.000575631	984.04	8.59151e-06	20.9514
0.000592814	1004.65	8.59151e-06	22.9419
0.000609998	984.82	8.59151e-06	17.8376
0.000627181	966.003	8.59151e-06	15.09
0.000644364	1023.39	8.59151e-06	21.1852
0.000661547	991.612	8.59151e-06	18.1904
0.00067873	1001.23	8.59151e-06	19.0794
0.000695913	995.159	8.59151e-06	18.1742
0.000713096	986.909	8.59151e-06	20.7523
0.000730279	973.841	8.59151e-06	18.2317
0.000747462	991.777	8.59151e-06	20.7788
0.000764645	987.711	8.59151e-06	21.0113
0.000781828	952.034	8.59151e-06	25.7999
0.000799011	934.74	8.59151e-06	17.9672
0.000816194	913.611	8.59151e-06	18.1051
0.000833377	896.683	8.59151e-06	18.1152
0.00085056	1033.64	8.59151e-06	43.0969
0.000867743	877.001	8.59151e-06	19.852
0.000884926	984.344	8.59151e-06	76.8757
0.000902109	855.739	8.59151e-06	19.3646
0.000919292	832.221	8.59151e-06	17.9388
0.000936475	799.924	8.59151e-06	18.1629
0.000953658	783.995	8.59151e-06	23.2863
0.000970841	784.221	8.59151e-06	18.9829
0.000988024	723.834	8.59151e-06	26.4756
0.00100521	752.243	8.59151e-06	35.4233
0.00102239	720.562	8.59151e-06	23.0109
0.00103957	708.882	8.59151e-06	22.9302
0.00105676	636.321	8.59151e-06	15.4426
0.00107394	638.523	8.59151e-06	20.5319
0.00109112	618.492	8.59151e-06	18.5712
0.00110831	554.066	8.59151e-06	15.529
0.00112549	569.895	8.59151e-06	20.9073
0.00114267	549.704	8.59151e-06	20.5603
0.00115985	557.332	8.59151e-06	25.8765
0.00117704	509.493	8.59151e-06	17.4329
0.00119422	457.529	8.59151e-06	19.8198
0.0012114	472.494	8.59151e-06	21.5926
0.00122859	415.141	8.59151e-06	12.6489
0.00124577	413.146	8.59151e-06	16.1769
0.00126295	418.2	8.59151e-06	17.6816
0.00128014	373.52	8.59151e-06	14.2603
0.00129732	367.153	8.59151e-06	14.9633
0.0013145	311.105	8.59151e-06	11.6349
0.00133168	318.018	8.59151e-06	14.3527
0.00134887	310.185	8.59151e-06	17.5706
0.00136605	282.832	8.59151e-06	13.1697
0.00138323	251.906	8.59151e-06	12.3301
0.00140042	296.38	8.59151e-06	32.5375
0.0014176	246.856	8.59151e-06	14.4303
0.00143478	220.909	8.59151e-06	10.8781
0.00145197	234.334	8.59151e-06	15.3603
0.00146915	187.727	8.59151e-06	11.4562
0.00148633	206.211	8.59151e-06	24.824
0.00150352	161.339	8.59151e-06	9.82197
0.0015207	148.79	8.59151e-06	9.08955
0.00153788	143.79	8.59151e-06	8.60268
0.00155506	132.887	8.59151e-06	12.2058
0.00157225	121.519	8.59151e-06	8.34197
0.00158943	114.929	8.59151e-06	9.91369
0.00160661	111.461	8.59151e-06	10.6262
0.0016238	92.1595	8.59151e-06	8.64082
0.00164098	101.908	8.59151e-06	8.78335
0.00165816	68.1737	8.59151e-06	6.49766
0.00167535	79.275	8.59151e-06	8.42004
0.00169253	67.8954	8.59151e-06	5.86844
0.00170971	51.5181	8.59151e-06	4.52063
0.00172689	71.8367	8.59151e-06	9.09561
0.00174408	202.733	8.59151e-06	92.3971
0.00176126	50.599	8.59151e-06	10.4579
0.00177844	51.404	8.59151e-06	7.63832
0.00179563	49.0059	8.59151e-06	7.87544
0.00181281	37.5611	8.59151e-06	6.69819
0.00182999	23.9918	8.59151e-06	3.5907
0.00184718	34.1055	8.59151e-06	5.21866
0.00186436	17.5257	8.59151e-06	2.62506
0.00188154	23.0078	8.59151e-06	4.33497
0.00189872	11.6995	8.59151e-06	2.01121
0.00191591	21.5484	8.59151e-06	5.57162
0.00193309	14.8196	8.59151e-06	3.45801
0.00195027	15.5561	8.59151e-06	5.65052
0.00196746	12.8338	8.59151e-06	4.20189
0.00198464	11.3926	8.59151e-06	3.62584
0.00200182	11.5725	8.59151e-06	4.37912
0.00201901	4.35873	8.59151e-06	1.69709
0.00203619	0.323789	8.59151e-06	0.323789
0.00205337	5.95135	8.59151e-06	2.71503
0.00207055	0.900775	8.59151e-06	0.642199
0.00208774	2.89066	8.59151e-06	1.78991
0.00210492	2.26662	8.59151e-06	1.73308
0.0021221	0.168056	8.59151e-06	0.168056
0.00213929	0.0594314	8.59151e-06	0.0594314
