1.01817e-05	975.794	1.01817e-05	15.5444
3.0545e-05	211.319	1.01817e-05	5.37858
5.09083e-05	184.223	1.01817e-05	5.3234
7.12716e-05	152.915	1.01817e-05	5.33051
9.16349e-05	157.934	1.01817e-05	5.50829
0.000111998	140.429	1.01817e-05	4.52061
0.000132361	139.379	1.01817e-05	5.30725
0.000152725	150.158	1.01817e-05	5.05329
0.000173088	158.696	1.01817e-05	5.99061
0.000193451	170.735	1.01817e-05	5.19428
0.000213815	183.128	1.01817e-05	9.02727
0.000234178	191.121	1.01817e-05	6.7546
0.000254541	208.172	1.01817e-05	6.2652
0.000274905	225.862	1.01817e-05	7.06468
0.000295268	233.293	1.01817e-05	6.40276
0.000315631	266.799	1.01817e-05	11.6867
0.000335995	295.558	1.01817e-05	10.282
0.000356358	317.955	1.01817e-05	7.87202
0.000376721	315.009	1.01817e-05	7.74241
0.000397084	324.737	1.01817e-05	7.29081
0.000417448	354.578	1.01817e-05	8.31346
0.000437811	364.487	1.01817e-05	7.96277
0.000458174	417.908	1.01817e-05	11.5774
0.000478538	426.651	1.01817e-05	9.1942
0.000498901	444.584	1.01817e-05	9.09259
0.000519264	477.825	1.01817e-05	9.21443
0.000539628	519.417	1.01817e-05	12.1197
0.000559991	539.444	1.01817e-05	10.0231
0.000580354	565.554	1.01817e-05	9.95645
0.000600717	589.085	1.01817e-05	16.6623
0.000621081	595.984	1.01817e-05	14.1096
0.000641444	643.91	1.01817e-05	12.0146
0.000661807	657.337	1.01817e-05	11.4667
0.000682171	697.816	1.01817e-05	15.4165
0.000702534	718.198	1.01817e-05	13.2204
0.000722897	731.547	1.01817e-05	12.4822
0.000743261	729.108	1.01817e-05	12.3841
0.000763624	741.99	1.01817e-05	11.1795
0.000783987	753.279	1.01817e-05	11.8798
0.00080435	781.01	1.01817e-05	11.9494
0.000824714	820.469	1.01817e-05	13.1359
0.000845077	842.821	1.01817e-05	18.4521
0.00086544	831.055	1.01817e-05	12.3169
0.000885804	831.114	1.01817e-05	14.8405
0.000906167	836.707	1.01817e-05	12.4087
0.00092653	829.707	1.01817e-05	11.8061
0.000946894	847.239	1.01817e-05	12.2992
0.000967257	862.884	1.01817e-05	12.9738
0.00098762	889.484	1.01817e-05	17.0521
0.00100798	858.156	1.01817e-05	12.0866
0.00102835	873.347	1.01817e-05	15.299
0.00104871	856.823	1.01817e-05	12.2933
0.00106907	842.918	1.01817e-05	11.7579
0.00108944	827.261	1.01817e-05	11.762
0.0011098	846.788	1.01817e-05	12.366
0.00113016	820.041	1.01817e-05	12.0662
0.00115053	820.662	1.01817e-05	13.0343
0.00117089	787.803	1.01817e-05	11.0559
0.00119125	816.642	1.01817e-05	15.1494
0.00121162	756.594	1.01817e-05	10.8387
0.00123198	750.016	1.01817e-05	11.0999
0.00125234	758.654	1.01817e-05	12.0838
0.00127271	720.176	1.01817e-05	10.8397
0.00129307	686.72	1.01817e-05	11.6809
0.00131343	679.368	1.01817e-05	11.1494
0.0013338	687.446	1.01817e-05	26.0827
0.00135416	636.543	1.01817e-05	10.6702
0.00137452	606.477	1.01817e-05	10.2199
0.00139489	582.218	1.01817e-05	10.5264
0.00141525	568.248	1.01817e-05	10.137
0.00143561	568.488	1.01817e-05	23.343
0.00145598	516.947	1.01817e-05	9.07046
0.00147634	498.248	1.01817e-05	8.73241
0.0014967	478.684	1.01817e-05	9.14254
0.00151707	449.39	1.01817e-05	9.42952
0.00153743	442.726	1.01817e-05	9.10714
0.00155779	425.615	1.01817e-05	10.5612
0.00157816	393.931	1.01817e-05	7.90423
0.00159852	375.956	1.01817e-05	8.62061
0.00161888	345.533	1.01817e-05	7.06711
0.00163925	346.502	1.01817e-05	10.845
0.00165961	307.881	1.01817e-05	6.92853
0.00167997	302.024	1.01817e-05	6.95944
0.00170034	294.348	1.01817e-05	8.05905
0.0017207	262.6	1.01817e-05	6.84303
0.00174106	253.093	1.01817e-05	8.0014
0.00176143	243.887	1.01817e-05	6.4729
0.00178179	215.724	1.01817e-05	6.28991
0.00180215	213.476	1.01817e-05	14.0564
0.00182252	181.492	1.01817e-05	5.47234
0.00184288	167.91	1.01817e-05	4.90232
0.00186324	165.157	1.01817e-05	6.14051
0.00188361	141.857	1.01817e-05	4.29699
0.00190397	135.642	1.01817e-05	4.83657
0.00192433	119.627	1.01817e-05	3.8981
0.0019447	132.702	1.01817e-05	13.6337
0.00196506	104.274	1.01817e-05	3.91874
0.00198542	98.5036	1.01817e-05	3.86316
0.00200579	90.56	1.01817e-05	4.1301
0.00202615	76.7271	1.01817e-05	3.25689
0.00204651	73.6987	1.01817e-05	3.05664
0.00206688	70.7721	1.01817e-05	3.20667
0.00208724	55.4683	1.01817e-05	2.65851
0.0021076	52.0737	1.01817e-05	3.49264
0.00212797	50.3805	1.01817e-05	2.52201
0.00214833	46.2995	1.01817e-05	3.0264
0.00216869	41.5444	1.01817e-05	2.41068
0.00218906	37.136	1.01817e-05	2.41565
0.00220942	28.7913	1.01817e-05	1.7196
0.00222978	28.4339	1.01817e-05	1.77811
0.00225015	27.1963	1.01817e-05	4.98636
0.00227051	21.9915	1.01817e-05	1.55975
0.00229087	20.0255	1.01817e-05	1.77445
0.00231123	14.6799	1.01817e-05	1.13254
0.0023316	11.7072	1.01817e-05	1.0137
0.00235196	11.1754	1.01817e-05	1.013
0.00237232	9.01777	1.01817e-05	0.852284
0.00239269	7.62778	1.01817e-05	0.905205
0.00241305	5.03649	1.01817e-05	0.627945
0.00243341	5.03348	1.01817e-05	0.728738
0.00245378	3.6107	1.01817e-05	0.507087
0.00247414	3.50745	1.01817e-05	0.518458
0.0024945	1.68395	1.01817e-05	0.356144
0.00251487	1.63692	1.01817e-05	0.335478
0.00253523	1.49722	1.01817e-05	0.32073
0.00255559	0.974757	1.01817e-05	0.261012
0.00257596	0.133575	1.01817e-05	0.0946061
