1.011e-05	964.063	1.011e-05	12.0555
3.03299e-05	202.95	1.011e-05	4.988
5.05498e-05	149.437	1.011e-05	4.39919
7.07697e-05	134.322	1.011e-05	4.10134
9.09896e-05	131.823	1.011e-05	4.53434
0.000111209	140.899	1.011e-05	4.99239
0.000131429	150.944	1.011e-05	4.55162
0.000151649	159.056	1.011e-05	5.00589
0.000171869	163.08	1.011e-05	6.35299
0.000192089	176.484	1.011e-05	4.64586
0.000212309	213.515	1.011e-05	9.34055
0.000232529	213.828	1.011e-05	6.01197
0.000252749	240.369	1.011e-05	9.02486
0.000272969	251.259	1.011e-05	9.01532
0.000293189	280.616	1.011e-05	9.13801
0.000313408	299.428	1.011e-05	8.21518
0.000333628	307.8	1.011e-05	7.40392
0.000353848	322.534	1.011e-05	6.6036
0.000374068	359.22	1.011e-05	7.49296
0.000394288	401.269	1.011e-05	9.94202
0.000414508	399.373	1.011e-05	8.72743
0.000434728	441.362	1.011e-05	10.2017
0.000454948	471.88	1.011e-05	11.7721
0.000475168	486.695	1.011e-05	9.31037
0.000495388	502.109	1.011e-05	10.1793
0.000515608	532.096	1.011e-05	9.62988
0.000535827	575.443	1.011e-05	11.2079
0.000556047	573.299	1.011e-05	11.2706
0.000576267	629.652	1.011e-05	12.8434
0.000596487	640.788	1.011e-05	10.875
0.000616707	658.141	1.011e-05	13.7265
0.000636927	670.821	1.011e-05	11.7297
0.000657147	700.222	1.011e-05	12.6775
0.000677367	724.386	1.011e-05	15.9486
0.000697587	737.272	1.011e-05	14.156
0.000717807	760.733	1.011e-05	17.2205
0.000738026	767.3	1.011e-05	13.651
0.000758246	795.126	1.011e-05	17.6971
0.000778466	843.215	1.011e-05	22.6219
0.000798686	793.122	1.011e-05	13.9315
0.000818906	829.872	1.011e-05	12.6104
0.000839126	835.575	1.011e-05	15.3046
0.000859346	814.778	1.011e-05	12.6348
0.000879566	854.444	1.011e-05	14.7961
0.000899786	842.077	1.011e-05	15.1819
0.000920006	892.232	1.011e-05	17.5435
0.000940225	814.522	1.011e-05	14.1587
0.000960445	882.433	1.011e-05	29.53
0.000980665	850.136	1.011e-05	15.8448
0.00100089	858.228	1.011e-05	16.054
0.00102111	805.891	1.011e-05	15.1297
0.00104132	831.585	1.011e-05	15.5931
0.00106154	825.615	1.011e-05	14.0595
0.00108176	793.401	1.011e-05	13.564
0.00110198	818.255	1.011e-05	14.9286
0.0011222	799.649	1.011e-05	15.1428
0.00114242	785.808	1.011e-05	23.8709
0.00116264	761.901	1.011e-05	16.4754
0.00118286	765.336	1.011e-05	15.5869
0.00120308	736.549	1.011e-05	15.3135
0.0012233	745.588	1.011e-05	16.6317
0.00124352	693.215	1.011e-05	13.6182
0.00126374	692.806	1.011e-05	14.5251
0.00128396	665.371	1.011e-05	15.085
0.00130418	684.982	1.011e-05	15.9334
0.0013244	640.046	1.011e-05	21.9335
0.00134462	620.998	1.011e-05	15.7987
0.00136484	594.094	1.011e-05	15.1721
0.00138506	555.064	1.011e-05	13.8691
0.00140528	549.654	1.011e-05	19.2969
0.0014255	538.041	1.011e-05	14.5511
0.00144572	516.227	1.011e-05	13.6147
0.00146594	493.889	1.011e-05	17.8363
0.00148616	461.28	1.011e-05	12.119
0.00150638	452.22	1.011e-05	14.8742
0.0015266	447.963	1.011e-05	32.42
0.00154682	402.849	1.011e-05	12.1665
0.00156704	413.243	1.011e-05	17.695
0.00158726	330.667	1.011e-05	9.00233
0.00160748	344.825	1.011e-05	12.4758
0.0016277	316.008	1.011e-05	9.87034
0.00164792	302.05	1.011e-05	11.1962
0.00166814	285.822	1.011e-05	9.57911
0.00168836	269.93	1.011e-05	11.7138
0.00170858	239.748	1.011e-05	9.57213
0.0017288	238.92	1.011e-05	9.90195
0.00174902	226.952	1.011e-05	8.88104
0.00176924	191.971	1.011e-05	6.39622
0.00178946	183.015	1.011e-05	7.27306
0.00180968	171.69	1.011e-05	7.00137
0.0018299	167.085	1.011e-05	6.79738
0.00185012	147.534	1.011e-05	6.16239
0.00187034	157.249	1.011e-05	17.5921
0.00189056	130.024	1.011e-05	6.49047
0.00191078	125.171	1.011e-05	7.0162
0.001931	95.7358	1.011e-05	4.67874
0.00195122	96.3204	1.011e-05	5.01109
0.00197144	106.757	1.011e-05	7.35585
0.00199166	83.8262	1.011e-05	5.52436
0.00201188	72.9702	1.011e-05	4.87578
0.0020321	63.9616	1.011e-05	4.70422
0.00205232	67.4927	1.011e-05	4.23962
0.00207254	57.8764	1.011e-05	5.40071
0.00209276	53.2055	1.011e-05	4.27727
0.00211298	42.7382	1.011e-05	3.72727
0.0021332	46.5255	1.011e-05	3.75646
0.00215342	40.8866	1.011e-05	4.78466
0.00217364	37.0468	1.011e-05	4.12048
0.00219386	31.7865	1.011e-05	6.11349
0.00221408	34.3692	1.011e-05	6.04677
0.0022343	29.8492	1.011e-05	5.67717
0.00225452	19.987	1.011e-05	2.04982
0.00227474	13.326	1.011e-05	1.67616
0.00229496	18.3238	1.011e-05	3.30184
0.00231518	17.0818	1.011e-05	3.54054
0.0023354	14.3779	1.011e-05	2.05701
0.00235562	10.87	1.011e-05	3.40781
0.00237584	8.6277	1.011e-05	1.68891
0.00239606	9.09202	1.011e-05	2.62618
0.00241628	6.87421	1.011e-05	1.6794
0.0024365	5.26384	1.011e-05	1.74621
0.00245672	3.67944	1.011e-05	1.44541
0.00247694	2.00959	1.011e-05	0.74175
0.00249716	1.6534	1.011e-05	0.769876
0.00251738	2.5824	1.011e-05	0.863523
0.0025376	0.718969	1.011e-05	0.427334
