1.01238e-05	959.473	1.01238e-05	11.9924
3.03715e-05	203.831	1.01238e-05	6.99706
5.06192e-05	156.795	1.01238e-05	4.12659
7.08669e-05	143.461	1.01238e-05	4.05541
9.11146e-05	127.523	1.01238e-05	3.71617
0.000111362	131.297	1.01238e-05	3.78911
0.00013161	130.946	1.01238e-05	3.76748
0.000151858	139.517	1.01238e-05	3.92327
0.000172105	168.932	1.01238e-05	5.82871
0.000192353	175.835	1.01238e-05	5.42558
0.000212601	195.792	1.01238e-05	6.6595
0.000232848	210.189	1.01238e-05	6.66662
0.000253096	220.715	1.01238e-05	6.28268
0.000273344	258.866	1.01238e-05	8.37585
0.000293592	267.387	1.01238e-05	8.76915
0.000313839	291.442	1.01238e-05	8.9089
0.000334087	290.746	1.01238e-05	6.62383
0.000354335	309.024	1.01238e-05	7.21012
0.000374582	329.744	1.01238e-05	6.94228
0.00039483	373.251	1.01238e-05	7.61323
0.000415078	397.807	1.01238e-05	9.25588
0.000435325	424.646	1.01238e-05	8.79336
0.000455573	435.117	1.01238e-05	8.69335
0.000475821	459.254	1.01238e-05	9.60049
0.000496068	504.731	1.01238e-05	11.5689
0.000516316	535.085	1.01238e-05	11.0029
0.000536564	551.21	1.01238e-05	10.5053
0.000556812	576.046	1.01238e-05	10.6583
0.000577059	582.467	1.01238e-05	10.665
0.000597307	619.686	1.01238e-05	11.3935
0.000617555	701.151	1.01238e-05	39.8088
0.000637802	657.482	1.01238e-05	12.988
0.00065805	677.567	1.01238e-05	11.9316
0.000678298	709.967	1.01238e-05	13.7204
0.000698545	745.708	1.01238e-05	13.0887
0.000718793	728.005	1.01238e-05	12.4582
0.000739041	766.425	1.01238e-05	13.6122
0.000759288	773.645	1.01238e-05	12.8659
0.000779536	770.807	1.01238e-05	13.1413
0.000799784	808.652	1.01238e-05	19.2492
0.000820032	806.922	1.01238e-05	12.9677
0.000840279	799.654	1.01238e-05	14.5308
0.000860527	875.608	1.01238e-05	14.9262
0.000880775	829.552	1.01238e-05	14.062
0.000901022	850.059	1.01238e-05	14.8892
0.00092127	851.767	1.01238e-05	15.4087
0.000941518	841.618	1.01238e-05	14.3888
0.000961765	847.575	1.01238e-05	14.7013
0.000982013	852.651	1.01238e-05	15.2047
0.00100226	846.183	1.01238e-05	14.6262
0.00102251	852.167	1.01238e-05	18.362
0.00104276	840.962	1.01238e-05	14.9732
0.001063	840.867	1.01238e-05	16.9611
0.00108325	811.198	1.01238e-05	14.985
0.0011035	800.713	1.01238e-05	14.1466
0.00112375	789.954	1.01238e-05	13.5196
0.00114399	791.12	1.01238e-05	13.9642
0.00116424	750.29	1.01238e-05	14.6033
0.00118449	786.986	1.01238e-05	20.141
0.00120474	839.968	1.01238e-05	81.48
0.00122499	734.92	1.01238e-05	15.7927
0.00124523	699.952	1.01238e-05	15.6667
0.00126548	687.635	1.01238e-05	13.584
0.00128573	769.56	1.01238e-05	59.12
0.00130598	645.629	1.01238e-05	15.1142
0.00132622	716.545	1.01238e-05	52.4767
0.00134647	622.494	1.01238e-05	12.8588
0.00136672	582.704	1.01238e-05	16.2249
0.00138697	588.759	1.01238e-05	15.5123
0.00140721	558.223	1.01238e-05	16.4901
0.00142746	514.564	1.01238e-05	12.2677
0.00144771	526.171	1.01238e-05	20.3513
0.00146796	500.475	1.01238e-05	12.8724
0.00148821	484.466	1.01238e-05	15.016
0.00150845	449.072	1.01238e-05	11.4093
0.0015287	408.87	1.01238e-05	11.031
0.00154895	411.92	1.01238e-05	11.4706
0.0015692	376.229	1.01238e-05	11.0954
0.00158944	354.153	1.01238e-05	10.8727
0.00160969	341.846	1.01238e-05	10.1109
0.00162994	330.068	1.01238e-05	14.0066
0.00165019	306.034	1.01238e-05	10.1818
0.00167043	286.79	1.01238e-05	10.1467
0.00169068	274.568	1.01238e-05	9.84264
0.00171093	248.635	1.01238e-05	8.08684
0.00173118	260.666	1.01238e-05	11.522
0.00175143	232.056	1.01238e-05	10.8433
0.00177167	210.279	1.01238e-05	7.2427
0.00179192	189.4	1.01238e-05	7.50687
0.00181217	187.41	1.01238e-05	12.7691
0.00183242	169.316	1.01238e-05	7.1749
0.00185266	166.096	1.01238e-05	8.3491
0.00187291	125.225	1.01238e-05	5.49046
0.00189316	149.707	1.01238e-05	7.75509
0.00191341	129.857	1.01238e-05	6.65997
0.00193365	118.566	1.01238e-05	6.28237
0.0019539	109.948	1.01238e-05	5.4545
0.00197415	91.9447	1.01238e-05	5.26569
0.0019944	81.4896	1.01238e-05	4.23059
0.00201465	81.7372	1.01238e-05	5.79304
0.00203489	81.2406	1.01238e-05	4.98918
0.00205514	64.8717	1.01238e-05	4.18636
0.00207539	58.2919	1.01238e-05	3.80998
0.00209564	54.1604	1.01238e-05	5.81518
0.00211588	49.4889	1.01238e-05	3.59183
0.00213613	45.5214	1.01238e-05	4.26372
0.00215638	42.0781	1.01238e-05	4.17197
0.00217663	29.8468	1.01238e-05	2.77665
0.00219687	30.1986	1.01238e-05	2.43263
0.00221712	27.6475	1.01238e-05	3.24721
0.00223737	20.9071	1.01238e-05	2.06414
0.00225762	18.8738	1.01238e-05	2.31823
0.00227787	18.4365	1.01238e-05	2.4489
0.00229811	15.8285	1.01238e-05	2.12453
0.00231836	15.0499	1.01238e-05	2.29373
0.00233861	15.9645	1.01238e-05	4.01483
0.00235886	9.11583	1.01238e-05	1.59724
0.0023791	17.5264	1.01238e-05	10.6675
0.00239935	7.96086	1.01238e-05	1.55303
0.0024196	7.78529	1.01238e-05	1.45288
0.00243985	4.27909	1.01238e-05	0.982724
0.00246009	3.21445	1.01238e-05	0.754012
0.00248034	2.93803	1.01238e-05	0.80305
0.00250059	2.17451	1.01238e-05	0.720286
0.00252084	2.15598	1.01238e-05	0.778489
0.00254109	2.7701	1.01238e-05	1.95964
