9.54398e-06	1221.63	9.54398e-06	12.5789
2.86319e-05	222.907	9.54398e-06	4.9335
4.77199e-05	176.098	9.54398e-06	4.31554
6.68078e-05	164.695	9.54398e-06	4.36362
8.58958e-05	167.33	9.54398e-06	4.64488
0.000104984	171.686	9.54398e-06	4.4562
0.000124072	181.981	9.54398e-06	5.14344
0.00014316	204.413	9.54398e-06	5.50288
0.000162248	225.683	9.54398e-06	5.76636
0.000181336	235.07	9.54398e-06	5.54743
0.000200424	257.554	9.54398e-06	6.10206
0.000219511	296.393	9.54398e-06	16.601
0.000238599	305.232	9.54398e-06	6.99362
0.000257687	342.309	9.54398e-06	8.43002
0.000276775	365.434	9.54398e-06	9.63383
0.000295863	391.839	9.54398e-06	7.888
0.000314951	433.461	9.54398e-06	12.4897
0.000334039	456.623	9.54398e-06	10.2405
0.000353127	486.344	9.54398e-06	10.812
0.000372215	494.104	9.54398e-06	9.77114
0.000391303	558.538	9.54398e-06	10.5495
0.000410391	549.463	9.54398e-06	10.5868
0.000429479	572.641	9.54398e-06	11.7904
0.000448567	622.951	9.54398e-06	11.834
0.000467655	657.536	9.54398e-06	21.1853
0.000486743	677.863	9.54398e-06	13.2017
0.000505831	675.769	9.54398e-06	13.1427
0.000524919	710.075	9.54398e-06	11.3757
0.000544007	741.363	9.54398e-06	13.8556
0.000563095	800.714	9.54398e-06	21.6187
0.000582183	779.956	9.54398e-06	14.6273
0.000601271	803.452	9.54398e-06	15.8428
0.000620358	798.907	9.54398e-06	16.0435
0.000639446	826.731	9.54398e-06	16.5783
0.000658534	875.773	9.54398e-06	25.0505
0.000677622	849.877	9.54398e-06	15.3761
0.00069671	879.743	9.54398e-06	17.0675
0.000715798	849.201	9.54398e-06	15.1348
0.000734886	859.246	9.54398e-06	16.1573
0.000753974	884.601	9.54398e-06	20.702
0.000773062	887.195	9.54398e-06	17.8017
0.00079215	849.504	9.54398e-06	14.92
0.000811238	886.868	9.54398e-06	17.539
0.000830326	922.54	9.54398e-06	31.8004
0.000849414	864.042	9.54398e-06	15.2691
0.000868502	890.76	9.54398e-06	17.0433
0.00088759	969.865	9.54398e-06	41.0812
0.000906678	977.537	9.54398e-06	80.8479
0.000925766	884.134	9.54398e-06	19.8455
0.000944854	886.254	9.54398e-06	23.8013
0.000963942	869.763	9.54398e-06	17.84
0.00098303	816.015	9.54398e-06	16.3124
0.00100212	809.31	9.54398e-06	17.4125
0.00102121	809.153	9.54398e-06	20.0841
0.00104029	792.029	9.54398e-06	17.4446
0.00105938	769.696	9.54398e-06	22.9866
0.00107847	764.223	9.54398e-06	15.2983
0.00109756	761.91	9.54398e-06	20.4927
0.00111665	764.441	9.54398e-06	20.9199
0.00113573	684.047	9.54398e-06	15.2885
0.00115482	685.063	9.54398e-06	19.0391
0.00117391	643.766	9.54398e-06	17.3972
0.001193	649.023	9.54398e-06	16.6451
0.00121209	638.564	9.54398e-06	18.1941
0.00123117	588.921	9.54398e-06	19.5363
0.00125026	572.8	9.54398e-06	14.3462
0.00126935	573.755	9.54398e-06	15.6557
0.00128844	555.375	9.54398e-06	16.557
0.00130752	536.084	9.54398e-06	16.5386
0.00132661	517.992	9.54398e-06	16.5586
0.0013457	482.327	9.54398e-06	20.7742
0.00136479	454.724	9.54398e-06	13.9401
0.00138388	464.354	9.54398e-06	17.8245
0.00140296	444.361	9.54398e-06	24.3081
0.00142205	396.669	9.54398e-06	14.9291
0.00144114	381.343	9.54398e-06	15.7169
0.00146023	367.405	9.54398e-06	15.7336
0.00147932	342.996	9.54398e-06	14.2173
0.0014984	315.621	9.54398e-06	11.37
0.00151749	330.231	9.54398e-06	21.145
0.00153658	272.723	9.54398e-06	11.547
0.00155567	289.818	9.54398e-06	13.0834
0.00157476	241.914	9.54398e-06	9.73471
0.00159384	229.884	9.54398e-06	8.52717
0.00161293	211.191	9.54398e-06	9.43343
0.00163202	211.403	9.54398e-06	9.36091
0.00165111	201.589	9.54398e-06	11.7817
0.0016702	199.16	9.54398e-06	9.84153
0.00168928	147.478	9.54398e-06	6.63814
0.00170837	164.064	9.54398e-06	9.93185
0.00172746	139.414	9.54398e-06	8.10817
0.00174655	136.525	9.54398e-06	7.79976
0.00176564	146.644	9.54398e-06	9.80393
0.00178472	117.223	9.54398e-06	8.29625
0.00180381	101.122	9.54398e-06	8.62295
0.0018229	122.979	9.54398e-06	24.9538
0.00184199	108.421	9.54398e-06	7.93069
0.00186108	79.6388	9.54398e-06	5.35415
0.00188016	83.8398	9.54398e-06	6.00995
0.00189925	72.164	9.54398e-06	6.09866
0.00191834	62.913	9.54398e-06	5.97571
0.00193743	64.4262	9.54398e-06	7.27511
0.00195652	47.5203	9.54398e-06	3.89147
0.0019756	40.508	9.54398e-06	5.41573
0.00199469	40.7459	9.54398e-06	4.39008
0.00201378	30.1965	9.54398e-06	3.0085
0.00203287	30.9864	9.54398e-06	4.20861
0.00205195	39.3139	9.54398e-06	6.8719
0.00207104	30.2071	9.54398e-06	3.62724
0.00209013	22.5246	9.54398e-06	2.78375
0.00210922	20.3364	9.54398e-06	4.15494
0.00212831	14.341	9.54398e-06	2.5528
0.00214739	14.6302	9.54398e-06	2.78118
0.00216648	8.1362	9.54398e-06	1.34796
0.00218557	12.8847	9.54398e-06	2.31298
0.00220466	11.4088	9.54398e-06	2.34467
0.00222375	11.2539	9.54398e-06	2.72424
0.00224283	9.90288	9.54398e-06	4.20686
0.00226192	3.4971	9.54398e-06	1.28243
0.00228101	4.63657	9.54398e-06	1.19491
0.0023001	4.3318	9.54398e-06	1.45363
0.00231919	3.69745	9.54398e-06	2.06495
0.00233827	1.90948	9.54398e-06	0.822148
0.00235736	1.71838	9.54398e-06	0.979187
0.00237645	0.547269	9.54398e-06	0.547269
0.00239554	0.941005	9.54398e-06	0.866435
0.00241463	0.689386	9.54398e-06	0.689386
0.00243371	1.82376	9.54398e-06	1.39117
