1.01401e-05	968.977	1.01401e-05	13.6235
3.04204e-05	245.909	1.01401e-05	10.7755
5.07007e-05	170.482	1.01401e-05	4.98248
7.09809e-05	154.209	1.01401e-05	4.58703
9.12612e-05	157.032	1.01401e-05	6.76612
0.000111541	145.878	1.01401e-05	5.5032
0.000131822	147.386	1.01401e-05	5.52239
0.000152102	147.444	1.01401e-05	4.80346
0.000172382	152.476	1.01401e-05	4.9766
0.000192663	169.425	1.01401e-05	5.19973
0.000212943	174.976	1.01401e-05	5.32882
0.000233223	183.37	1.01401e-05	5.7969
0.000253503	200.132	1.01401e-05	5.39577
0.000273784	211.029	1.01401e-05	5.97846
0.000294064	233.345	1.01401e-05	6.90755
0.000314344	255.154	1.01401e-05	7.36274
0.000334624	285.695	1.01401e-05	9.45682
0.000354905	297.001	1.01401e-05	7.50968
0.000375185	321.279	1.01401e-05	10.2332
0.000395465	336.484	1.01401e-05	9.32173
0.000415745	363.863	1.01401e-05	7.77713
0.000436026	380.419	1.01401e-05	8.03127
0.000456306	397.778	1.01401e-05	8.31533
0.000476586	438.421	1.01401e-05	9.79393
0.000496866	456.191	1.01401e-05	8.98362
0.000517147	490.177	1.01401e-05	10.4662
0.000537427	521.661	1.01401e-05	11.0454
0.000557707	540.515	1.01401e-05	10.4906
0.000577988	545.285	1.01401e-05	10.3094
0.000598268	572.92	1.01401e-05	10.3772
0.000618548	610.852	1.01401e-05	11.4239
0.000638828	620.673	1.01401e-05	13.4312
0.000659109	648.249	1.01401e-05	11.0161
0.000679389	699.048	1.01401e-05	13.6948
0.000699669	711.275	1.01401e-05	13.0948
0.000719949	724.388	1.01401e-05	12.2475
0.00074023	763.029	1.01401e-05	14.7205
0.00076051	759.116	1.01401e-05	13.3014
0.00078079	778.083	1.01401e-05	12.8345
0.00080107	794.537	1.01401e-05	14.6603
0.000821351	821.543	1.01401e-05	12.8672
0.000841631	837.193	1.01401e-05	15.1114
0.000861911	835.351	1.01401e-05	12.995
0.000882191	844.501	1.01401e-05	11.904
0.000902472	836.467	1.01401e-05	12.6165
0.000922752	858.675	1.01401e-05	12.5099
0.000943032	861.491	1.01401e-05	12.9789
0.000963313	852.418	1.01401e-05	12.3445
0.000983593	863.507	1.01401e-05	12.8068
0.00100387	876.88	1.01401e-05	16.9803
0.00102415	894.137	1.01401e-05	19.8061
0.00104443	863.66	1.01401e-05	16.5622
0.00106471	840.989	1.01401e-05	12.2331
0.00108499	845.83	1.01401e-05	12.2167
0.00110527	819.628	1.01401e-05	12.0075
0.00112555	835.806	1.01401e-05	15.3124
0.00114583	803.494	1.01401e-05	12.6884
0.00116612	797.708	1.01401e-05	12.3586
0.0011864	795.545	1.01401e-05	12.3657
0.00120668	777.182	1.01401e-05	13.1992
0.00122696	781.389	1.01401e-05	12.8927
0.00124724	720.028	1.01401e-05	11.2527
0.00126752	711.024	1.01401e-05	10.8969
0.0012878	709.882	1.01401e-05	12.0981
0.00130808	702.613	1.01401e-05	12.5113
0.00132836	665.481	1.01401e-05	12.9892
0.00134864	635.945	1.01401e-05	11.2575
0.00136892	613.586	1.01401e-05	10.1336
0.0013892	610.452	1.01401e-05	10.8986
0.00140948	569.926	1.01401e-05	10.6309
0.00142976	566.046	1.01401e-05	11.6062
0.00145004	526.749	1.01401e-05	8.97713
0.00147032	508.865	1.01401e-05	9.81621
0.0014906	476.353	1.01401e-05	8.47306
0.00151088	461.725	1.01401e-05	8.52443
0.00153116	460.145	1.01401e-05	14.7078
0.00155144	416.158	1.01401e-05	8.51407
0.00157172	398.132	1.01401e-05	7.61627
0.001592	386.707	1.01401e-05	8.02068
0.00161228	370.67	1.01401e-05	7.98859
0.00163256	335.369	1.01401e-05	8.13585
0.00165284	319.877	1.01401e-05	6.62561
0.00167312	305.271	1.01401e-05	6.89058
0.0016934	274	1.01401e-05	6.79107
0.00171368	268.692	1.01401e-05	6.26624
0.00173396	256.013	1.01401e-05	7.77964
0.00175424	238.209	1.01401e-05	5.79259
0.00177452	218.292	1.01401e-05	5.81335
0.0017948	184.622	1.01401e-05	4.72718
0.00181508	186.892	1.01401e-05	5.30283
0.00183536	169.826	1.01401e-05	5.57783
0.00185564	153.558	1.01401e-05	4.46764
0.00187592	144.256	1.01401e-05	4.81967
0.0018962	140.726	1.01401e-05	4.45567
0.00191648	132.763	1.01401e-05	4.4821
0.00193677	105.244	1.01401e-05	3.42084
0.00195705	110.627	1.01401e-05	4.04736
0.00197733	97.242	1.01401e-05	3.60465
0.00199761	106.66	1.01401e-05	14.7579
0.00201789	85.5344	1.01401e-05	3.44878
0.00203817	73.6508	1.01401e-05	3.29091
0.00205845	69.8783	1.01401e-05	2.78923
0.00207873	60.9889	1.01401e-05	2.80574
0.00209901	55.5435	1.01401e-05	2.7298
0.00211929	51.9244	1.01401e-05	3.07512
0.00213957	44.2516	1.01401e-05	2.16206
0.00215985	39.3433	1.01401e-05	2.23157
0.00218013	35.6608	1.01401e-05	2.05196
0.00220041	35.1284	1.01401e-05	3.39816
0.00222069	27.3548	1.01401e-05	2.28043
0.00224097	21.3371	1.01401e-05	1.37282
0.00226125	21.7387	1.01401e-05	1.56703
0.00228153	20.0319	1.01401e-05	1.66425
0.00230181	18.2671	1.01401e-05	1.48657
0.00232209	14.7118	1.01401e-05	1.59222
0.00234237	11.2231	1.01401e-05	1.15356
0.00236265	10.6678	1.01401e-05	0.944905
0.00238293	8.05889	1.01401e-05	0.784365
0.00240321	7.11011	1.01401e-05	0.808692
0.00242349	5.55156	1.01401e-05	0.674834
0.00244377	5.16678	1.01401e-05	0.784724
0.00246405	3.32015	1.01401e-05	0.478815
0.00248433	2.09645	1.01401e-05	0.378621
0.00250461	2.0416	1.01401e-05	0.374472
0.00252489	1.31403	1.01401e-05	0.325282
0.00254517	0.479593	1.01401e-05	0.181593
0.00256545	0.394592	1.01401e-05	0.161219
0.00258573	0.0661794	1.01401e-05	0.0661794
