1.01768e-05	924.411	1.01768e-05	12.2044
3.05305e-05	206.055	1.01768e-05	5.60684
5.08842e-05	158.252	1.01768e-05	4.82822
7.12378e-05	144.397	1.01768e-05	4.57024
9.15915e-05	137.835	1.01768e-05	4.08739
0.000111945	135.677	1.01768e-05	4.21308
0.000132299	147.537	1.01768e-05	5.64809
0.000152653	142.459	1.01768e-05	4.9084
0.000173006	144.87	1.01768e-05	5.47486
0.00019336	165.663	1.01768e-05	5.07476
0.000213714	176.923	1.01768e-05	5.38459
0.000234067	187.506	1.01768e-05	5.62106
0.000254421	212.247	1.01768e-05	6.20847
0.000274775	219.547	1.01768e-05	6.0654
0.000295128	241.871	1.01768e-05	7.55395
0.000315482	254.756	1.01768e-05	6.9953
0.000335836	281.096	1.01768e-05	7.252
0.000356189	297.6	1.01768e-05	8.24667
0.000376543	304.779	1.01768e-05	7.78708
0.000396897	330.4	1.01768e-05	7.6405
0.00041725	341.872	1.01768e-05	7.3231
0.000437604	386.705	1.01768e-05	8.69087
0.000457958	425.339	1.01768e-05	9.46183
0.000478311	456.697	1.01768e-05	17.4571
0.000498665	458.266	1.01768e-05	10.2061
0.000519019	490.238	1.01768e-05	10.0749
0.000539372	492.934	1.01768e-05	10.3929
0.000559726	526.632	1.01768e-05	9.7827
0.00058008	574.655	1.01768e-05	11.7307
0.000600433	577.368	1.01768e-05	26.9938
0.000620787	598.243	1.01768e-05	11.1138
0.000641141	636.759	1.01768e-05	15.9659
0.000661494	668.78	1.01768e-05	12.67
0.000681848	682.261	1.01768e-05	12.0845
0.000702202	720.823	1.01768e-05	15.6834
0.000722555	711.085	1.01768e-05	11.8524
0.000742909	798.065	1.01768e-05	19.9189
0.000763263	750.952	1.01768e-05	11.5248
0.000783616	780.041	1.01768e-05	13.2762
0.00080397	767.577	1.01768e-05	13.6166
0.000824324	781.423	1.01768e-05	12.9659
0.000844677	828.683	1.01768e-05	13.782
0.000865031	828.628	1.01768e-05	13.6659
0.000885385	844.321	1.01768e-05	15.2331
0.000905738	860.758	1.01768e-05	16.7027
0.000926092	842.598	1.01768e-05	13.8823
0.000946446	844.141	1.01768e-05	13.6044
0.000966799	850.809	1.01768e-05	14.9978
0.000987153	842.497	1.01768e-05	12.9941
0.00100751	846.958	1.01768e-05	12.9047
0.00102786	842.005	1.01768e-05	12.9908
0.00104821	858.137	1.01768e-05	14.1541
0.00106857	857.624	1.01768e-05	15.4717
0.00108892	858.61	1.01768e-05	14.2792
0.00110927	847.418	1.01768e-05	13.5442
0.00112963	837.052	1.01768e-05	35.7533
0.00114998	814.868	1.01768e-05	14.7202
0.00117034	795.395	1.01768e-05	17.1411
0.00119069	748.528	1.01768e-05	12.0156
0.00121104	773.521	1.01768e-05	12.8293
0.0012314	760.25	1.01768e-05	13.7325
0.00125175	717.033	1.01768e-05	12.9206
0.0012721	719.858	1.01768e-05	14.7819
0.00129246	701.966	1.01768e-05	11.0044
0.00131281	735.887	1.01768e-05	25.7677
0.00133317	659.167	1.01768e-05	14.0308
0.00135352	640.614	1.01768e-05	11.7478
0.00137387	602.068	1.01768e-05	10.5909
0.00139423	599.855	1.01768e-05	10.7381
0.00141458	599.136	1.01768e-05	13.2282
0.00143493	556.054	1.01768e-05	11.9228
0.00145529	506.174	1.01768e-05	9.73808
0.00147564	510.004	1.01768e-05	9.94706
0.00149599	472.217	1.01768e-05	10.2317
0.00151635	462.507	1.01768e-05	9.5144
0.0015367	461.007	1.01768e-05	9.60468
0.00155706	422.435	1.01768e-05	9.3824
0.00157741	403.195	1.01768e-05	10.501
0.00159776	382.01	1.01768e-05	9.37627
0.00161812	385.588	1.01768e-05	9.36461
0.00163847	341.578	1.01768e-05	8.15634
0.00165882	314.32	1.01768e-05	7.74969
0.00167918	292.571	1.01768e-05	7.63032
0.00169953	278.7	1.01768e-05	7.16913
0.00171988	280.458	1.01768e-05	14.6407
0.00174024	264.381	1.01768e-05	8.95488
0.00176059	224.301	1.01768e-05	6.18544
0.00178095	224.147	1.01768e-05	6.65021
0.0018013	212.002	1.01768e-05	6.51318
0.00182165	198.394	1.01768e-05	10.2016
0.00184201	165.41	1.01768e-05	5.09373
0.00186236	158.724	1.01768e-05	4.78047
0.00188271	158.531	1.01768e-05	5.66849
0.00190307	136.984	1.01768e-05	8.54438
0.00192342	137.022	1.01768e-05	6.22899
0.00194378	120.884	1.01768e-05	4.36975
0.00196413	105.755	1.01768e-05	4.29136
0.00198448	99.1892	1.01768e-05	4.22053
0.00200484	97.4172	1.01768e-05	6.09046
0.00202519	83.7848	1.01768e-05	3.68947
0.00204554	81.8707	1.01768e-05	4.47719
0.0020659	65.1309	1.01768e-05	3.15569
0.00208625	63.0763	1.01768e-05	3.12164
0.0021066	64.1128	1.01768e-05	3.80721
0.00212696	47.9502	1.01768e-05	3.23506
0.00214731	49.4383	1.01768e-05	2.97924
0.00216767	37.999	1.01768e-05	2.38044
0.00218802	32.1259	1.01768e-05	2.14322
0.00220837	34.0368	1.01768e-05	2.57555
0.00222873	31.5079	1.01768e-05	2.70218
0.00224908	27.073	1.01768e-05	2.09888
0.00226943	22.3223	1.01768e-05	1.70584
0.00228979	22.1883	1.01768e-05	2.57534
0.00231014	21.3629	1.01768e-05	1.89726
0.00233049	14.5898	1.01768e-05	1.57912
0.00235085	13.2939	1.01768e-05	1.28933
0.0023712	11.3933	1.01768e-05	1.25421
0.00239156	7.53262	1.01768e-05	1.02459
0.00241191	7.12733	1.01768e-05	0.992574
0.00243226	6.21734	1.01768e-05	0.978858
0.00245262	6.43377	1.01768e-05	0.953243
0.00247297	3.46495	1.01768e-05	0.621552
0.00249332	2.10072	1.01768e-05	0.418389
0.00251368	2.18295	1.01768e-05	0.466521
0.00253403	1.33072	1.01768e-05	0.348628
0.00255439	0.529248	1.01768e-05	0.217956
0.00257474	0.0817208	1.01768e-05	0.0817208
