9.09268e-06	1409.35	9.09268e-06	13.4394
2.7278e-05	248.994	9.09268e-06	5.28912
4.54634e-05	191.057	9.09268e-06	4.57975
6.36487e-05	180.855	9.09268e-06	4.54419
8.18341e-05	189.336	9.09268e-06	7.47731
0.000100019	196.496	9.09268e-06	5.72127
0.000118205	230.958	9.09268e-06	15.4217
0.00013639	237.024	9.09268e-06	5.90544
0.000154576	255.671	9.09268e-06	6.54144
0.000172761	288.827	9.09268e-06	9.39271
0.000190946	313.508	9.09268e-06	7.21942
0.000209132	328.82	9.09268e-06	8.95974
0.000227317	401.304	9.09268e-06	11.1818
0.000245502	395.486	9.09268e-06	8.67564
0.000263688	427.833	9.09268e-06	8.84114
0.000281873	476.224	9.09268e-06	11.1017
0.000300058	504.882	9.09268e-06	12.0216
0.000318244	541.343	9.09268e-06	11.9459
0.000336429	577.1	9.09268e-06	14.89
0.000354614	598.867	9.09268e-06	10.6123
0.0003728	647.128	9.09268e-06	13.6517
0.000390985	645.211	9.09268e-06	12.5441
0.00040917	686.335	9.09268e-06	13.6388
0.000427356	733.357	9.09268e-06	13.9278
0.000445541	767.515	9.09268e-06	20.0364
0.000463727	768.741	9.09268e-06	23.5925
0.000481912	763.499	9.09268e-06	13.6851
0.000500097	805.329	9.09268e-06	16.724
0.000518283	843.69	9.09268e-06	15.4694
0.000536468	840.5	9.09268e-06	17.9962
0.000554653	847.388	9.09268e-06	14.7147
0.000572839	894.551	9.09268e-06	16.7294
0.000591024	900.405	9.09268e-06	20.2074
0.000609209	904.863	9.09268e-06	19.831
0.000627395	910.548	9.09268e-06	17.2249
0.00064558	914.197	9.09268e-06	17.3252
0.000663765	915.603	9.09268e-06	18.9297
0.000681951	1058.14	9.09268e-06	60.7648
0.000700136	928.876	9.09268e-06	18.9989
0.000718322	904.139	9.09268e-06	16.0006
0.000736507	941.184	9.09268e-06	17.3172
0.000754692	923.201	9.09268e-06	17.7469
0.000772878	935.457	9.09268e-06	18.3867
0.000791063	904.757	9.09268e-06	19.235
0.000809248	931.2	9.09268e-06	18.5099
0.000827434	893.532	9.09268e-06	20.0179
0.000845619	907.87	9.09268e-06	18.3194
0.000863804	862.999	9.09268e-06	15.9413
0.00088199	936.537	9.09268e-06	31.3215
0.000900175	844.139	9.09268e-06	21.4575
0.00091836	992.138	9.09268e-06	79.53
0.000936546	841.55	9.09268e-06	17.859
0.000954731	857.915	9.09268e-06	29.5871
0.000972916	837.399	9.09268e-06	21.8625
0.000991102	775.492	9.09268e-06	18.1811
0.00100929	788.681	9.09268e-06	25.1592
0.00102747	750.608	9.09268e-06	17.6772
0.00104566	746.053	9.09268e-06	18.2621
0.00106384	705.76	9.09268e-06	17.3833
0.00108203	685.227	9.09268e-06	16.2307
0.00110021	650.468	9.09268e-06	24.5442
0.0011184	624.095	9.09268e-06	14.7081
0.00113658	649.611	9.09268e-06	33.7616
0.00115477	618.215	9.09268e-06	20.0984
0.00117296	557.627	9.09268e-06	16.1341
0.00119114	557.995	9.09268e-06	15.9443
0.00120933	529.05	9.09268e-06	17.6872
0.00122751	598.226	9.09268e-06	63.3749
0.0012457	488.78	9.09268e-06	18.1759
0.00126388	471.613	9.09268e-06	14.1781
0.00128207	471.821	9.09268e-06	16.4301
0.00130025	427.724	9.09268e-06	15.867
0.00131844	405.849	9.09268e-06	14.7914
0.00133662	429.422	9.09268e-06	15.622
0.00135481	410.297	9.09268e-06	25.7025
0.00137299	362.642	9.09268e-06	14.058
0.00139118	403.074	9.09268e-06	54.6951
0.00140936	339.929	9.09268e-06	16.6769
0.00142755	335.456	9.09268e-06	13.5393
0.00144574	297.441	9.09268e-06	12.6432
0.00146392	260.88	9.09268e-06	10.2718
0.00148211	259.395	9.09268e-06	14.7318
0.00150029	254.318	9.09268e-06	12.4372
0.00151848	211.378	9.09268e-06	10.9374
0.00153666	212.978	9.09268e-06	12.8462
0.00155485	201.648	9.09268e-06	14.2926
0.00157303	179.545	9.09268e-06	11.4843
0.00159122	172.099	9.09268e-06	11.6138
0.0016094	153.059	9.09268e-06	9.05701
0.00162759	128.711	9.09268e-06	7.4836
0.00164577	128.72	9.09268e-06	8.88486
0.00166396	139.467	9.09268e-06	10.1588
0.00168215	178.494	9.09268e-06	50.8258
0.00170033	102.763	9.09268e-06	7.0736
0.00171852	84.983	9.09268e-06	5.73521
0.0017367	110.888	9.09268e-06	10.5765
0.00175489	86.5373	9.09268e-06	6.40124
0.00177307	80.1872	9.09268e-06	7.50932
0.00179126	77.1739	9.09268e-06	7.90721
0.00180944	73.9568	9.09268e-06	7.90063
0.00182763	62.0801	9.09268e-06	6.91251
0.00184581	51.8054	9.09268e-06	6.20867
0.001864	57.649	9.09268e-06	8.74179
0.00188218	43.615	9.09268e-06	4.97411
0.00190037	42.4303	9.09268e-06	4.9971
0.00191855	34.7539	9.09268e-06	5.54281
0.00193674	25.1335	9.09268e-06	3.36877
0.00195493	30.6201	9.09268e-06	4.65781
0.00197311	26.3607	9.09268e-06	3.65277
0.0019913	25.4266	9.09268e-06	4.2526
0.00200948	16.8413	9.09268e-06	3.6422
0.00202767	22.3879	9.09268e-06	4.73879
0.00204585	14.6739	9.09268e-06	2.96313
0.00206404	14.1687	9.09268e-06	4.06166
0.00208222	18.2768	9.09268e-06	4.87825
0.00210041	6.0704	9.09268e-06	1.5765
0.00211859	5.49234	9.09268e-06	1.23451
0.00213678	9.92697	9.09268e-06	2.67354
0.00215496	9.50436	9.09268e-06	3.41481
0.00217315	2.55604	9.09268e-06	1.32122
0.00219134	2.84984	9.09268e-06	1.29718
0.00220952	1.96873	9.09268e-06	0.963243
0.00222771	1.69854	9.09268e-06	0.96945
0.00224589	0.0634785	9.09268e-06	0.0634785
0.00226408	0	9.09268e-06	0
0.00228226	0	9.09268e-06	0
0.00230045	0	9.09268e-06	0
0.00231863	0.791855	9.09268e-06	0.791855
