0	1118.21	7.40262e-06	5.47562
1.48052e-05	1118.08	7.40262e-06	5.46793
2.96105e-05	1117.67	7.40262e-06	5.46
4.44157e-05	1116.87	7.40262e-06	5.44898
5.92209e-05	1115.24	7.40262e-06	5.418
7.40262e-05	1113.99	7.40262e-06	5.40926
8.88314e-05	1111.72	7.40262e-06	5.39
0.000103637	1109.02	7.40262e-06	5.37099
0.000118442	1106.1	7.40262e-06	5.35228
0.000133247	1102.74	7.40262e-06	5.33449
0.000148052	1098.25	7.40262e-06	5.30745
0.000162858	1093.79	7.40262e-06	5.28625
0.000177663	1089.1	7.40262e-06	5.26513
0.000192468	1084.1	7.40262e-06	5.24591
0.000207273	1078.49	7.40262e-06	5.22594
0.000222079	1072.03	7.40262e-06	5.20217
0.000236884	1066.06	7.40262e-06	5.18426
0.000251689	1059.39	7.40262e-06	5.16398
0.000266494	1052.69	7.40262e-06	5.14603
0.000281299	1045.27	7.40262e-06	5.12582
0.000296105	1037.58	7.40262e-06	5.10598
0.00031091	1029.49	7.40262e-06	5.08473
0.000325715	1021.01	7.40262e-06	5.06349
0.00034052	1012.34	7.40262e-06	5.04499
0.000355326	1002.48	7.40262e-06	5.01253
0.000370131	992.895	7.40262e-06	4.99161
0.000384936	983.893	7.40262e-06	4.97557
0.000399741	973.578	7.40262e-06	4.95471
0.000414547	963.267	7.40262e-06	4.93463
0.000429352	952.943	7.40262e-06	4.91751
0.000444157	942.173	7.40262e-06	4.89935
0.000458962	930.06	7.40262e-06	4.87366
0.000473768	918.677	7.40262e-06	4.85539
0.000488573	906.463	7.40262e-06	4.82932
0.000503378	894.298	7.40262e-06	4.81033
0.000518183	882.269	7.40262e-06	4.79246
0.000532988	870.195	7.40262e-06	4.77479
0.000547794	857.287	7.40262e-06	4.75629
0.000562599	844.524	7.40262e-06	4.73858
0.000577404	831.673	7.40262e-06	4.72215
0.000592209	818.484	7.40262e-06	4.70571
0.000607015	805.038	7.40262e-06	4.68827
0.00062182	791.287	7.40262e-06	4.67126
0.000636625	776.981	7.40262e-06	4.65039
0.00065143	763.416	7.40262e-06	4.63532
0.000666236	749.393	7.40262e-06	4.61188
0.000681041	735.458	7.40262e-06	4.59778
0.000695846	720.368	7.40262e-06	4.56913
0.000710651	706.099	7.40262e-06	4.55283
0.000725457	691.883	7.40262e-06	4.53836
0.000740262	677.263	7.40262e-06	4.52049
0.000755067	662.624	7.40262e-06	4.50133
0.000769872	647.756	7.40262e-06	4.48238
0.000784677	633.078	7.40262e-06	4.46791
0.000799483	618.294	7.40262e-06	4.44411
0.000814288	603.694	7.40262e-06	4.43152
0.000829093	589.295	7.40262e-06	4.41716
0.000843898	574.677	7.40262e-06	4.40462
0.000858704	560.174	7.40262e-06	4.39126
0.000873509	545.779	7.40262e-06	4.37926
0.000888314	531.211	7.40262e-06	4.36431
0.000903119	516.567	7.40262e-06	4.35036
0.000917925	502.788	7.40262e-06	4.34012
0.00093273	488.761	7.40262e-06	4.32992
0.000947535	475.142	7.40262e-06	4.32015
0.00096234	461.538	7.40262e-06	4.31112
0.000977146	447.805	7.40262e-06	4.29918
0.000991951	434.203	7.40262e-06	4.28435
0.00100676	420.869	7.40262e-06	4.27415
0.00102156	408.023	7.40262e-06	4.26655
0.00103637	395.105	7.40262e-06	4.25883
0.00105117	382.668	7.40262e-06	4.25146
0.00106598	370.048	7.40262e-06	4.24429
0.00108078	357.761	7.40262e-06	4.23763
0.00109559	345.47	7.40262e-06	4.22996
0.00111039	333.249	7.40262e-06	4.22241
0.0011252	321.74	7.40262e-06	4.21655
0.00114	310.204	7.40262e-06	4.20976
0.00115481	298.452	7.40262e-06	4.20039
0.00116961	287.601	7.40262e-06	4.19524
0.00118442	276.821	7.40262e-06	4.19014
0.00119922	266.464	7.40262e-06	4.18571
0.00121403	256.367	7.40262e-06	4.1815
0.00122883	246.355	7.40262e-06	4.17624
0.00124364	236.58	7.40262e-06	4.17201
0.00125845	227.31	7.40262e-06	4.16853
0.00127325	217.989	7.40262e-06	4.16125
0.00128806	208.786	7.40262e-06	4.15616
0.00130286	199.901	7.40262e-06	4.14824
0.00131767	191.61	7.40262e-06	4.14494
0.00133247	183.334	7.40262e-06	4.14051
0.00134728	175.13	7.40262e-06	4.13723
0.00136208	167.142	7.40262e-06	4.13237
0.00137689	159.448	7.40262e-06	4.12766
0.00139169	152.135	7.40262e-06	4.12463
0.0014065	145.199	7.40262e-06	4.12188
0.0014213	138.442	7.40262e-06	4.11871
0.00143611	131.722	7.40262e-06	4.1151
0.00145091	125.426	7.40262e-06	4.11309
0.00146572	119.434	7.40262e-06	4.11094
0.00148052	113.543	7.40262e-06	4.1093
0.00149533	108.013	7.40262e-06	4.10753
0.00151013	102.531	7.40262e-06	4.10566
0.00152494	97.2226	7.40262e-06	4.10366
0.00153974	92.3683	7.40262e-06	4.10234
0.00155455	87.5234	7.40262e-06	4.10065
0.00156935	82.9723	7.40262e-06	4.09911
0.00158416	78.7312	7.40262e-06	4.09819
0.00159897	74.746	7.40262e-06	4.09721
0.00161377	70.8177	7.40262e-06	4.09623
0.00162858	67.0573	7.40262e-06	4.09522
0.00164338	63.4144	7.40262e-06	4.09373
0.00165819	59.9321	7.40262e-06	4.09238
0.00167299	56.8038	7.40262e-06	4.09179
0.0016878	53.696	7.40262e-06	4.091
0.0017026	50.8508	7.40262e-06	4.0904
0.00171741	42.3507	7.40262e-06	0.752958
0.00173221	39.8517	7.40262e-06	0.750599
0.00174702	36.3407	7.40262e-06	0.303377
0.00176182	33.9226	7.40262e-06	0.292005
0.00177663	31.5938	7.40262e-06	0.276084
0.00179143	29.4554	7.40262e-06	0.269538
0.00180624	27.3653	7.40262e-06	0.257037
0.00182104	25.4061	7.40262e-06	0.249008
0.00183585	23.4548	7.40262e-06	0.229648
0.00185065	21.7666	7.40262e-06	0.223815
0.00186546	20.1994	7.40262e-06	0.216043
0.00188026	18.7082	7.40262e-06	0.210334
0.00189507	17.152	7.40262e-06	0.180052
0.00190988	15.7666	7.40262e-06	0.151592
0.00192468	14.626	7.40262e-06	0.146584
0.00193949	13.4408	7.40262e-06	0.137577
0.00195429	12.3488	7.40262e-06	0.132637
0.0019691	11.3637	7.40262e-06	0.127471
0.0019839	10.4538	7.40262e-06	0.120268
0.00199871	9.63112	7.40262e-06	0.115702
0.00201351	8.82294	7.40262e-06	0.110972
0.00202832	8.01418	7.40262e-06	0.104365
0.00204312	7.36283	7.40262e-06	0.100123
0.00205793	6.71407	7.40262e-06	0.0960109
0.00207273	6.07051	7.40262e-06	0.0889944
0.00208754	5.51907	7.40262e-06	0.0849534
0.00210234	5.0453	7.40262e-06	0.082304
0.00211715	4.54741	7.40262e-06	0.075452
0.00213195	4.07583	7.40262e-06	0.0710044
0.00214676	3.65292	7.40262e-06	0.0673674
0.00216156	3.30038	7.40262e-06	0.064392
0.00217637	2.95712	7.40262e-06	0.0607652
0.00219117	2.59823	7.40262e-06	0.0563803
0.00220598	2.32633	7.40262e-06	0.053341
0.00222079	2.06827	7.40262e-06	0.0501386
0.00223559	1.8071	7.40262e-06	0.0464682
0.0022504	1.58915	7.40262e-06	0.0440695
0.0022652	1.40528	7.40262e-06	0.0416138
0.00228001	1.24482	7.40262e-06	0.0400353
0.00229481	1.09161	7.40262e-06	0.0382739
0.00230962	0.939659	7.40262e-06	0.0358704
0.00232442	0.820323	7.40262e-06	0.0341472
0.00233923	0.702878	7.40262e-06	0.032485
0.00235403	0.575093	7.40262e-06	0.0247098
0.00236884	0.485682	7.40262e-06	0.0224895
0.00238364	0.405199	7.40262e-06	0.0209165
0.00239845	0.34237	7.40262e-06	0.0193948
0.00241325	0.289281	7.40262e-06	0.0183156
0.00242806	0.237532	7.40262e-06	0.0171924
0.00244286	0.186387	7.40262e-06	0.0151717
0.00245767	0.144034	7.40262e-06	0.0137053
0.00247247	0.112085	7.40262e-06	0.0122311
0.00248728	0.0764921	7.40262e-06	0.00979144
0.00250208	0.0397922	7.40262e-06	0.00601013
0.00251689	0.0244521	7.40262e-06	0.0047395
0.0025317	0.0142672	7.40262e-06	0.00332102
0.0025465	0.00637436	7.40262e-06	0.00241946
0.00256131	0.00312256	7.40262e-06	0.00190906
0.00257611	0.00090052	7.40262e-06	0.000900534
