0	1125.28	7.37007e-06	3.91809
1.47401e-05	1125.13	7.37007e-06	3.90457
2.94803e-05	1124.51	7.37007e-06	3.87916
4.42204e-05	1123.43	7.37007e-06	3.8433
5.89606e-05	1122.15	7.37007e-06	3.82091
7.37007e-05	1120.5	7.37007e-06	3.79916
8.84409e-05	1118.21	7.37007e-06	3.76427
0.000103181	1115.92	7.37007e-06	3.743
0.000117921	1112.91	7.37007e-06	3.71514
0.000132661	1109.39	7.37007e-06	3.68474
0.000147401	1105.61	7.37007e-06	3.65848
0.000162142	1101.21	7.37007e-06	3.62567
0.000176882	1096.71	7.37007e-06	3.59797
0.000191622	1091.64	7.37007e-06	3.5676
0.000206362	1086.79	7.37007e-06	3.54391
0.000221102	1080.98	7.37007e-06	3.51429
0.000235842	1074.57	7.37007e-06	3.48146
0.000250583	1067.85	7.37007e-06	3.44767
0.000265323	1060.64	7.37007e-06	3.40799
0.000280063	1053.7	7.37007e-06	3.38097
0.000294803	1045.89	7.37007e-06	3.34767
0.000309543	1037.99	7.37007e-06	3.31882
0.000324283	1029.2	7.37007e-06	3.26797
0.000339023	1020.22	7.37007e-06	3.23349
0.000353764	1011.27	7.37007e-06	3.20184
0.000368504	1001.21	7.37007e-06	3.1388
0.000383244	991.191	7.37007e-06	3.09823
0.000397984	980.809	7.37007e-06	3.06079
0.000412724	970.138	7.37007e-06	3.02521
0.000427464	958.397	7.37007e-06	2.92947
0.000442204	947.323	7.37007e-06	2.89242
0.000456945	935.716	7.37007e-06	2.85581
0.000471685	924.249	7.37007e-06	2.8201
0.000486425	912.263	7.37007e-06	2.78556
0.000501165	899.297	7.37007e-06	2.73162
0.000515905	887.309	7.37007e-06	2.69939
0.000530645	873.767	7.37007e-06	2.62938
0.000545386	861.04	7.37007e-06	2.59605
0.000560126	848.561	7.37007e-06	2.56724
0.000574866	835.104	7.37007e-06	2.52997
0.000589606	821.81	7.37007e-06	2.49385
0.000604346	808.082	7.37007e-06	2.45735
0.000619086	794.451	7.37007e-06	2.42572
0.000633826	780.844	7.37007e-06	2.39501
0.000648567	767.436	7.37007e-06	2.36532
0.000663307	752.922	7.37007e-06	2.28931
0.000678047	738.544	7.37007e-06	2.25188
0.000692787	723.952	7.37007e-06	2.1978
0.000707527	709.427	7.37007e-06	2.15155
0.000722267	694.871	7.37007e-06	2.11721
0.000737007	680.573	7.37007e-06	2.08136
0.000751748	666.303	7.37007e-06	2.05181
0.000766488	651.799	7.37007e-06	2.02149
0.000781228	637.35	7.37007e-06	1.99135
0.000795968	623.108	7.37007e-06	1.96158
0.000810708	608.806	7.37007e-06	1.93193
0.000825448	594.285	7.37007e-06	1.90477
0.000840189	579.658	7.37007e-06	1.87572
0.000854929	564.681	7.37007e-06	1.84383
0.000869669	549.503	7.37007e-06	1.77156
0.000884409	534.599	7.37007e-06	1.72728
0.000899149	520.666	7.37007e-06	1.70072
0.000913889	506.387	7.37007e-06	1.66103
0.000928629	491.984	7.37007e-06	1.62826
0.00094337	477.024	7.37007e-06	1.41382
0.00095811	462.921	7.37007e-06	1.37684
0.00097285	448.75	7.37007e-06	1.32852
0.00098759	434.972	7.37007e-06	1.28391
0.00100233	421.684	7.37007e-06	1.25784
0.00101707	408.413	7.37007e-06	1.22908
0.00103181	395.414	7.37007e-06	1.20388
0.00104655	382.557	7.37007e-06	1.17771
0.00106129	369.591	7.37007e-06	1.14127
0.00107603	357.116	7.37007e-06	1.117
0.00109077	344.796	7.37007e-06	1.09228
0.00110551	332.841	7.37007e-06	1.06859
0.00112025	320.837	7.37007e-06	1.04225
0.00113499	309.259	7.37007e-06	1.02034
0.00114973	297.937	7.37007e-06	0.995491
0.00116447	286.897	7.37007e-06	0.971721
0.00117921	276.19	7.37007e-06	0.948272
0.00119395	265.768	7.37007e-06	0.930913
0.00120869	255.512	7.37007e-06	0.91296
0.00122343	245.175	7.37007e-06	0.886975
0.00123817	235.063	7.37007e-06	0.836688
0.00125291	225.552	7.37007e-06	0.819961
0.00126765	215.839	7.37007e-06	0.771271
0.00128239	206.381	7.37007e-06	0.715517
0.00129713	197.564	7.37007e-06	0.692987
0.00131187	189.186	7.37007e-06	0.677019
0.00132661	180.772	7.37007e-06	0.654591
0.00134135	172.912	7.37007e-06	0.640518
0.00135609	165.003	7.37007e-06	0.620843
0.00137083	157.502	7.37007e-06	0.606269
0.00138557	150.205	7.37007e-06	0.589276
0.00140031	143.091	7.37007e-06	0.574776
0.00141505	136.077	7.37007e-06	0.55743
0.00142979	129.147	7.37007e-06	0.525161
0.00144453	122.921	7.37007e-06	0.513093
0.00145927	116.827	7.37007e-06	0.496801
0.00147401	110.954	7.37007e-06	0.483167
0.00148876	105.071	7.37007e-06	0.466569
0.0015035	99.5374	7.37007e-06	0.45456
0.00151824	94.4054	7.37007e-06	0.443525
0.00153298	89.3091	7.37007e-06	0.43213
0.00154772	84.2122	7.37007e-06	0.40327
0.00156246	79.651	7.37007e-06	0.39434
0.0015772	75.1582	7.37007e-06	0.381746
0.00159194	70.9286	7.37007e-06	0.371218
0.00160668	66.7528	7.37007e-06	0.347924
0.00162142	62.6189	7.37007e-06	0.313736
0.00163616	58.9037	7.37007e-06	0.304111
0.0016509	55.3178	7.37007e-06	0.294025
0.00166564	52.1555	7.37007e-06	0.286916
0.00168038	48.9519	7.37007e-06	0.277746
0.00169512	45.8912	7.37007e-06	0.266186
0.00170986	42.9793	7.37007e-06	0.258359
0.0017246	40.2415	7.37007e-06	0.251035
0.00173934	37.7088	7.37007e-06	0.244886
0.00175408	35.3821	7.37007e-06	0.239748
0.00176882	33.059	7.37007e-06	0.233638
0.00178356	30.8238	7.37007e-06	0.225118
0.0017983	28.8044	7.37007e-06	0.21949
0.00181304	26.8323	7.37007e-06	0.212811
0.00182778	24.9773	7.37007e-06	0.207463
0.00184252	23.1502	7.37007e-06	0.195284
0.00185726	21.4739	7.37007e-06	0.187788
0.001872	19.8438	7.37007e-06	0.167847
0.00188674	18.4725	7.37007e-06	0.162995
0.00190148	17.199	7.37007e-06	0.158623
0.00191622	15.9442	7.37007e-06	0.153475
0.00193096	14.7457	7.37007e-06	0.149461
0.0019457	13.5166	7.37007e-06	0.116958
0.00196044	12.47	7.37007e-06	0.112892
0.00197518	11.4536	7.37007e-06	0.108562
0.00198992	10.5073	7.37007e-06	0.104055
0.00200466	9.68513	7.37007e-06	0.100267
0.0020194	8.91788	7.37007e-06	0.0972282
0.00203414	8.11388	7.37007e-06	0.0918662
0.00204888	7.3977	7.37007e-06	0.0878564
0.00206362	6.7201	7.37007e-06	0.0797585
0.00207836	6.14109	7.37007e-06	0.0762117
0.0020931	5.57771	7.37007e-06	0.0730052
0.00210784	5.06247	7.37007e-06	0.0699303
0.00212258	4.60433	7.37007e-06	0.0671649
0.00213732	4.1655	7.37007e-06	0.0633509
0.00215206	3.72921	7.37007e-06	0.0569412
0.0021668	3.36169	7.37007e-06	0.0542346
0.00218154	3.03493	7.37007e-06	0.0508193
0.00219628	2.72683	7.37007e-06	0.0487518
0.00221102	2.44467	7.37007e-06	0.0468095
0.00222576	2.19993	7.37007e-06	0.0448152
0.0022405	1.97125	7.37007e-06	0.0428757
0.00225524	1.73324	7.37007e-06	0.0398837
0.00226998	1.52287	7.37007e-06	0.0372595
0.00228472	1.32933	7.37007e-06	0.0341288
0.00229946	1.17484	7.37007e-06	0.0326787
0.0023142	1.01122	7.37007e-06	0.0289314
0.00232894	0.854415	7.37007e-06	0.0249344
0.00234368	0.739861	7.37007e-06	0.0237559
0.00235842	0.616604	7.37007e-06	0.0191346
0.00237316	0.527305	7.37007e-06	0.0178621
0.0023879	0.445072	7.37007e-06	0.0150232
0.00240264	0.369246	7.37007e-06	0.0136994
0.00241738	0.290593	7.37007e-06	0.0117853
0.00243212	0.235981	7.37007e-06	0.0106946
0.00244686	0.193341	7.37007e-06	0.00959281
0.0024616	0.152484	7.37007e-06	0.00857073
0.00247635	0.113939	7.37007e-06	0.00723829
0.00249109	0.0804626	7.37007e-06	0.00598249
0.00250583	0.0545992	7.37007e-06	0.00473881
0.00252057	0.0350862	7.37007e-06	0.00369296
0.00253531	0.0222995	7.37007e-06	0.00291485
0.00255005	0.010588	7.37007e-06	0.00199411
0.00256479	0.00315845	7.37007e-06	0.00105704
