0	1125.11	7.37407e-06	3.83719
1.47481e-05	1124.84	7.37407e-06	3.79453
2.94963e-05	1124.03	7.37407e-06	3.74554
4.42444e-05	1123.16	7.37407e-06	3.72669
5.89925e-05	1121.47	7.37407e-06	3.68245
7.37407e-05	1119.67	7.37407e-06	3.65611
8.84888e-05	1117.43	7.37407e-06	3.62838
0.000103237	1114.66	7.37407e-06	3.59469
0.000117985	1111.35	7.37407e-06	3.55547
0.000132733	1107.69	7.37407e-06	3.52325
0.000147481	1103.95	7.37407e-06	3.49615
0.000162229	1099.53	7.37407e-06	3.46333
0.000176978	1094.9	7.37407e-06	3.43428
0.000191726	1089.71	7.37407e-06	3.40294
0.000206474	1084.33	7.37407e-06	3.37367
0.000221222	1078.7	7.37407e-06	3.34536
0.00023597	1072.97	7.37407e-06	3.31992
0.000250718	1065.66	7.37407e-06	3.26427
0.000265466	1059.05	7.37407e-06	3.23727
0.000280215	1051.65	7.37407e-06	3.20239
0.000294963	1043.26	7.37407e-06	3.15721
0.000309711	1035.05	7.37407e-06	3.12116
0.000324459	1025.97	7.37407e-06	3.07809
0.000339207	1017.11	7.37407e-06	3.04548
0.000353955	1008.01	7.37407e-06	3.00461
0.000368703	998.414	7.37407e-06	2.97017
0.000383451	988.325	7.37407e-06	2.93239
0.0003982	977.87	7.37407e-06	2.89616
0.000412948	967.44	7.37407e-06	2.86126
0.000427696	956.816	7.37407e-06	2.8285
0.000442444	945.791	7.37407e-06	2.79271
0.000457192	934.51	7.37407e-06	2.75919
0.00047194	923.313	7.37407e-06	2.72962
0.000486688	911.317	7.37407e-06	2.69641
0.000501437	899.465	7.37407e-06	2.6605
0.000516185	887.741	7.37407e-06	2.63073
0.000530933	875.1	7.37407e-06	2.59617
0.000545681	862.344	7.37407e-06	2.56353
0.000560429	849.489	7.37407e-06	2.52949
0.000575177	836.299	7.37407e-06	2.49493
0.000589925	823.005	7.37407e-06	2.46231
0.000604673	809.447	7.37407e-06	2.42735
0.000619422	795.804	7.37407e-06	2.39442
0.00063417	782.049	7.37407e-06	2.36137
0.000648918	768.129	7.37407e-06	2.3292
0.000663666	753.562	7.37407e-06	2.26242
0.000678414	738.972	7.37407e-06	2.22788
0.000693162	724.493	7.37407e-06	2.19527
0.00070791	709.272	7.37407e-06	2.12573
0.000722658	694.985	7.37407e-06	2.09564
0.000737407	680.495	7.37407e-06	2.06363
0.000752155	666.188	7.37407e-06	2.03367
0.000766903	650.994	7.37407e-06	1.99985
0.000781651	636.509	7.37407e-06	1.96911
0.000796399	621.994	7.37407e-06	1.93798
0.000811147	606.645	7.37407e-06	1.83368
0.000825895	591.966	7.37407e-06	1.79791
0.000840644	576.997	7.37407e-06	1.75527
0.000855392	562.391	7.37407e-06	1.72199
0.00087014	547.548	7.37407e-06	1.68547
0.000884888	532.982	7.37407e-06	1.65237
0.000899636	518.576	7.37407e-06	1.62159
0.000914384	504.447	7.37407e-06	1.59133
0.000929132	490.634	7.37407e-06	1.56543
0.00094388	476.732	7.37407e-06	1.53694
0.000958629	463.009	7.37407e-06	1.51166
0.000973377	449.316	7.37407e-06	1.48368
0.000988125	435.947	7.37407e-06	1.45865
0.00100287	423.009	7.37407e-06	1.43524
0.00101762	409.893	7.37407e-06	1.4064
0.00103237	396.759	7.37407e-06	1.36892
0.00104712	384.078	7.37407e-06	1.34128
0.00106187	371.181	7.37407e-06	1.31443
0.00107661	358.86	7.37407e-06	1.29319
0.00109136	346.382	7.37407e-06	1.26459
0.00110611	334.165	7.37407e-06	1.2354
0.00112086	322.029	7.37407e-06	1.2033
0.00113561	310.392	7.37407e-06	1.17462
0.00115035	298.951	7.37407e-06	1.15264
0.0011651	287.989	7.37407e-06	1.13019
0.00117985	277.4	7.37407e-06	1.11344
0.0011946	266.775	7.37407e-06	1.09484
0.00120935	255.44	7.37407e-06	0.954693
0.0012241	245.274	7.37407e-06	0.928959
0.00123884	235.522	7.37407e-06	0.907058
0.00125359	225.641	7.37407e-06	0.874689
0.00126834	216.469	7.37407e-06	0.859026
0.00128309	207.327	7.37407e-06	0.840867
0.00129784	198.274	7.37407e-06	0.801221
0.00131258	189.397	7.37407e-06	0.782903
0.00132733	181.233	7.37407e-06	0.768517
0.00134208	173.018	7.37407e-06	0.736156
0.00135683	165.232	7.37407e-06	0.721704
0.00137158	157.736	7.37407e-06	0.706849
0.00138632	150.224	7.37407e-06	0.690282
0.00140107	143.113	7.37407e-06	0.664398
0.00141582	136.374	7.37407e-06	0.647269
0.00143057	129.602	7.37407e-06	0.631615
0.00144532	123.268	7.37407e-06	0.619503
0.00146007	117.059	7.37407e-06	0.606597
0.00147481	111.051	7.37407e-06	0.587357
0.00148956	105.535	7.37407e-06	0.573912
0.00150431	100.24	7.37407e-06	0.56157
0.00151906	95.0779	7.37407e-06	0.551829
0.00153381	90.0916	7.37407e-06	0.541228
0.00154855	85.4627	7.37407e-06	0.5328
0.0015633	80.5538	7.37407e-06	0.502073
0.00157805	75.845	7.37407e-06	0.476644
0.0015928	71.3952	7.37407e-06	0.446809
0.00160755	67.3642	7.37407e-06	0.438518
0.00162229	63.5161	7.37407e-06	0.429486
0.00163704	59.9002	7.37407e-06	0.420853
0.00165179	56.4158	7.37407e-06	0.411758
0.00166654	52.8584	7.37407e-06	0.382585
0.00168129	49.4748	7.37407e-06	0.372679
0.00169604	46.3224	7.37407e-06	0.362856
0.00171078	43.3797	7.37407e-06	0.355443
0.00172553	40.6249	7.37407e-06	0.34301
0.00174028	37.8839	7.37407e-06	0.322613
0.00175503	35.1576	7.37407e-06	0.270677
0.00176978	32.8546	7.37407e-06	0.263252
0.00178452	30.6128	7.37407e-06	0.255122
0.00179927	28.3921	7.37407e-06	0.237154
0.00181402	26.4134	7.37407e-06	0.228991
0.00182877	24.4884	7.37407e-06	0.221135
0.00184352	22.747	7.37407e-06	0.209563
0.00185826	21.084	7.37407e-06	0.200873
0.00187301	19.5705	7.37407e-06	0.194974
0.00188776	18.1462	7.37407e-06	0.190884
0.00190251	16.833	7.37407e-06	0.183986
0.00191726	15.5833	7.37407e-06	0.179032
0.00193201	14.4485	7.37407e-06	0.174265
0.00194675	13.317	7.37407e-06	0.168769
0.0019615	12.2699	7.37407e-06	0.164609
0.00197625	11.2786	7.37407e-06	0.15943
0.001991	10.409	7.37407e-06	0.155386
0.00200575	9.52167	7.37407e-06	0.150993
0.00202049	8.70882	7.37407e-06	0.145654
0.00203524	8.04057	7.37407e-06	0.142474
0.00204999	7.34599	7.37407e-06	0.139492
0.00206474	6.75462	7.37407e-06	0.136872
0.00207949	6.21824	7.37407e-06	0.134859
0.00209423	5.64506	7.37407e-06	0.130909
0.00210898	5.07921	7.37407e-06	0.125349
0.00212373	4.57173	7.37407e-06	0.119841
0.00213848	4.13368	7.37407e-06	0.117457
0.00215323	3.755	7.37407e-06	0.115721
0.00216798	3.38208	7.37407e-06	0.113079
0.00218272	3.00847	7.37407e-06	0.109635
0.00219747	2.66873	7.37407e-06	0.107243
0.00221222	2.37217	7.37407e-06	0.104931
0.00222697	2.13442	7.37407e-06	0.103834
0.00224172	1.92793	7.37407e-06	0.102826
0.00225646	1.7232	7.37407e-06	0.101884
0.00227121	1.54057	7.37407e-06	0.100884
0.00228596	1.24364	7.37407e-06	0.0399922
0.00230071	1.0788	7.37407e-06	0.0368328
0.00231546	0.945868	7.37407e-06	0.0352569
0.0023302	0.814158	7.37407e-06	0.0332794
0.00234495	0.711642	7.37407e-06	0.0312578
0.0023597	0.617637	7.37407e-06	0.0295528
0.00237445	0.513186	7.37407e-06	0.0263521
0.0023892	0.429389	7.37407e-06	0.0245594
0.00240395	0.37799	7.37407e-06	0.0236465
0.00241869	0.316877	7.37407e-06	0.022402
0.00243344	0.248292	7.37407e-06	0.0190685
0.00244819	0.185777	7.37407e-06	0.0144975
0.00246294	0.143625	7.37407e-06	0.012752
0.00247769	0.113327	7.37407e-06	0.0113721
0.00249243	0.0810197	7.37407e-06	0.00921251
0.00250718	0.0548761	7.37407e-06	0.00692234
0.00252193	0.0331971	7.37407e-06	0.00550137
0.00253668	0.0207921	7.37407e-06	0.00404307
0.00255143	0.0118617	7.37407e-06	0.00322262
0.00256618	0.0031368	7.37407e-06	0.00194485
