0	1125.02	7.36344e-06	3.72652
1.47269e-05	1125.02	7.36344e-06	3.72652
2.94538e-05	1124.4	7.36344e-06	3.6997
4.41806e-05	1123.57	7.36344e-06	3.68207
5.89075e-05	1122.14	7.36344e-06	3.65306
7.36344e-05	1120.39	7.36344e-06	3.62749
8.83613e-05	1118.17	7.36344e-06	3.59849
0.000103088	1115.79	7.36344e-06	3.57577
0.000117815	1112.51	7.36344e-06	3.54077
0.000132542	1108.71	7.36344e-06	3.50387
0.000147269	1104.71	7.36344e-06	3.46155
0.000161996	1100.39	7.36344e-06	3.42978
0.000176723	1095.52	7.36344e-06	3.39508
0.000191449	1090.5	7.36344e-06	3.36529
0.000206176	1085.62	7.36344e-06	3.34093
0.000220903	1079.72	7.36344e-06	3.30578
0.00023563	1073.31	7.36344e-06	3.27092
0.000250357	1066.25	7.36344e-06	3.21823
0.000265084	1059.53	7.36344e-06	3.18843
0.000279811	1052.39	7.36344e-06	3.1587
0.000294538	1044.76	7.36344e-06	3.12794
0.000309264	1036.16	7.36344e-06	3.09075
0.000323991	1026.98	7.36344e-06	3.03007
0.000338718	1018.3	7.36344e-06	2.99778
0.000353445	1009.05	7.36344e-06	2.95954
0.000368172	999.614	7.36344e-06	2.92529
0.000382899	990.013	7.36344e-06	2.89152
0.000397626	980.374	7.36344e-06	2.86186
0.000412353	970.015	7.36344e-06	2.82992
0.000427079	958.824	7.36344e-06	2.77475
0.000441806	947.87	7.36344e-06	2.74119
0.000456533	936.644	7.36344e-06	2.70853
0.00047126	925.052	7.36344e-06	2.66957
0.000485987	913.224	7.36344e-06	2.63512
0.000500714	901.243	7.36344e-06	2.6014
0.000515441	888.668	7.36344e-06	2.56285
0.000530168	876.165	7.36344e-06	2.52521
0.000544894	863.385	7.36344e-06	2.49029
0.000559621	850.482	7.36344e-06	2.45661
0.000574348	836.924	7.36344e-06	2.418
0.000589075	823.495	7.36344e-06	2.37846
0.000603802	809.972	7.36344e-06	2.34383
0.000618529	795.84	7.36344e-06	2.30622
0.000633256	781.757	7.36344e-06	2.27028
0.000647983	767.5	7.36344e-06	2.23082
0.000662709	753.613	7.36344e-06	2.19768
0.000677436	739.914	7.36344e-06	2.1677
0.000692163	726.054	7.36344e-06	2.13782
0.00070689	711.576	7.36344e-06	2.10299
0.000721617	696.7	7.36344e-06	2.06395
0.000736344	681.674	7.36344e-06	2.02838
0.000751071	666.751	7.36344e-06	1.99276
0.000765798	652.302	7.36344e-06	1.9607
0.000780524	637.2	7.36344e-06	1.91895
0.000795251	622.318	7.36344e-06	1.86814
0.000809978	607.594	7.36344e-06	1.83262
0.000824705	593.11	7.36344e-06	1.80247
0.000839432	578.537	7.36344e-06	1.77153
0.000854159	564.094	7.36344e-06	1.73476
0.000868886	549.815	7.36344e-06	1.70657
0.000883613	535.237	7.36344e-06	1.65416
0.000898339	521.176	7.36344e-06	1.62647
0.000913066	507.406	7.36344e-06	1.60044
0.000927793	492.928	7.36344e-06	1.56854
0.00094252	478.526	7.36344e-06	1.53679
0.000957247	464.621	7.36344e-06	1.50661
0.000971974	451.15	7.36344e-06	1.48224
0.000986701	437.673	7.36344e-06	1.45524
0.00100143	424.199	7.36344e-06	1.42508
0.00101615	410.648	7.36344e-06	1.39549
0.00103088	397.854	7.36344e-06	1.37185
0.00104561	384.794	7.36344e-06	1.3349
0.00106034	371.972	7.36344e-06	1.3013
0.00107506	359.362	7.36344e-06	1.27672
0.00108979	346.616	7.36344e-06	1.14478
0.00110452	334.686	7.36344e-06	1.12115
0.00111924	322.637	7.36344e-06	1.08659
0.00113397	311.06	7.36344e-06	1.06222
0.0011487	299.926	7.36344e-06	1.0418
0.00116342	288.568	7.36344e-06	1.01017
0.00117815	277.425	7.36344e-06	0.980396
0.00119288	266.542	7.36344e-06	0.955784
0.0012076	256.194	7.36344e-06	0.935772
0.00122233	246.174	7.36344e-06	0.916894
0.00123706	236.241	7.36344e-06	0.896685
0.00125178	226.41	7.36344e-06	0.871972
0.00126651	217.094	7.36344e-06	0.850184
0.00128124	208.047	7.36344e-06	0.834147
0.00129597	199.058	7.36344e-06	0.816715
0.00131069	190.159	7.36344e-06	0.791433
0.00132542	181.952	7.36344e-06	0.777486
0.00134015	173.581	7.36344e-06	0.756706
0.00135487	165.934	7.36344e-06	0.742672
0.0013696	158.262	7.36344e-06	0.728339
0.00138433	150.89	7.36344e-06	0.715504
0.00139905	143.383	7.36344e-06	0.63332
0.00141378	136.573	7.36344e-06	0.614837
0.00142851	129.601	7.36344e-06	0.59705
0.00144323	123.208	7.36344e-06	0.582285
0.00145796	117.188	7.36344e-06	0.570096
0.00147269	111.24	7.36344e-06	0.555434
0.00148741	105.124	7.36344e-06	0.524057
0.00150214	99.5039	7.36344e-06	0.504995
0.00151687	94.3352	7.36344e-06	0.492653
0.0015316	89.4668	7.36344e-06	0.482908
0.00154632	84.7035	7.36344e-06	0.473214
0.00156105	80.0608	7.36344e-06	0.460072
0.00157578	75.5237	7.36344e-06	0.434477
0.0015905	71.3237	7.36344e-06	0.422081
0.00160523	67.2618	7.36344e-06	0.413529
0.00161996	63.2565	7.36344e-06	0.399231
0.00163468	59.4989	7.36344e-06	0.387017
0.00164941	55.8468	7.36344e-06	0.375316
0.00166414	52.479	7.36344e-06	0.365285
0.00167886	49.3823	7.36344e-06	0.358146
0.00169359	46.3956	7.36344e-06	0.351437
0.00170832	43.3041	7.36344e-06	0.332921
0.00172304	40.3345	7.36344e-06	0.300746
0.00173777	37.7347	7.36344e-06	0.294492
0.0017525	35.2911	7.36344e-06	0.285752
0.00176723	32.9303	7.36344e-06	0.276568
0.00178195	30.6955	7.36344e-06	0.267127
0.00179668	28.6162	7.36344e-06	0.256256
0.00181141	26.5894	7.36344e-06	0.243645
0.00182613	24.6172	7.36344e-06	0.22371
0.00184086	22.9243	7.36344e-06	0.218692
0.00185559	21.3399	7.36344e-06	0.213573
0.00187031	19.8748	7.36344e-06	0.209264
0.00188504	18.423	7.36344e-06	0.203919
0.00189977	17.1207	7.36344e-06	0.199019
0.00191449	15.8357	7.36344e-06	0.194524
0.00192922	14.6767	7.36344e-06	0.190951
0.00194395	13.6203	7.36344e-06	0.187176
0.00195867	12.5844	7.36344e-06	0.182867
0.0019734	11.6836	7.36344e-06	0.180391
0.00198813	10.7469	7.36344e-06	0.176216
0.00200286	9.86301	7.36344e-06	0.172339
0.00201758	9.035	7.36344e-06	0.168031
0.00203231	8.28952	7.36344e-06	0.164769
0.00204704	7.58738	7.36344e-06	0.162109
0.00206176	6.91064	7.36344e-06	0.159508
0.00207649	6.2896	7.36344e-06	0.15502
0.00209122	5.69368	7.36344e-06	0.151561
0.00210594	5.01271	7.36344e-06	0.0973332
0.00212067	4.5666	7.36344e-06	0.0948948
0.0021354	4.16719	7.36344e-06	0.0927006
0.00215012	3.81067	7.36344e-06	0.0909537
0.00216485	3.43139	7.36344e-06	0.0889314
0.00217958	3.03551	7.36344e-06	0.0806482
0.0021943	2.71138	7.36344e-06	0.0739122
0.00220903	2.43993	7.36344e-06	0.070719
0.00222376	2.20592	7.36344e-06	0.0689114
0.00223849	1.99695	7.36344e-06	0.0675275
0.00225321	1.73673	7.36344e-06	0.0589317
0.00226794	1.53971	7.36344e-06	0.0554487
0.00228267	1.32842	7.36344e-06	0.0425204
0.00229739	1.16859	7.36344e-06	0.0409148
0.00231212	1.01797	7.36344e-06	0.0385866
0.00232685	0.880792	7.36344e-06	0.0359154
0.00234157	0.773009	7.36344e-06	0.0344198
0.0023563	0.661697	7.36344e-06	0.0315246
0.00237103	0.578384	7.36344e-06	0.0303375
0.00238575	0.490903	7.36344e-06	0.028529
0.00240048	0.407552	7.36344e-06	0.026906
0.00241521	0.341544	7.36344e-06	0.0256306
0.00242993	0.285847	7.36344e-06	0.0245489
0.00244466	0.237292	7.36344e-06	0.0234525
0.00245939	0.184986	7.36344e-06	0.0220277
0.00247412	0.140996	7.36344e-06	0.0201077
0.00248884	0.114897	7.36344e-06	0.019637
0.00250357	0.0661849	7.36344e-06	0.0122406
0.0025183	0.0318363	7.36344e-06	0.00523171
0.00253302	0.0152633	7.36344e-06	0.00316087
0.00254775	0.00829159	7.36344e-06	0.00243922
0.00256248	0.00151922	7.36344e-06	0.00110175
0.0025772	0.000932525	7.36344e-06	0.00093254
