7.36047e-06	0.116603	7.36047e-06	0.0674636
2.20814e-05	1.44329	7.36047e-06	0.483278
3.68024e-05	1.91583	7.36047e-06	0.429926
5.15233e-05	4.90115	7.36047e-06	0.600947
6.62442e-05	8.7028	7.36047e-06	0.921862
8.09652e-05	14.132	7.36047e-06	1.41042
9.56861e-05	19.5884	7.36047e-06	2.04516
0.000110407	21.4543	7.36047e-06	1.21638
0.000125128	33.1843	7.36047e-06	2.93758
0.000139849	38.5211	7.36047e-06	2.71863
0.00015457	41.2859	7.36047e-06	1.77611
0.000169291	47.9166	7.36047e-06	2.17661
0.000184012	62.1153	7.36047e-06	2.56344
0.000198733	76.169	7.36047e-06	3.2534
0.000213454	80.4552	7.36047e-06	3.20309
0.000228175	100.559	7.36047e-06	4.21892
0.000242896	108.468	7.36047e-06	3.61688
0.000257616	120.431	7.36047e-06	3.93917
0.000272337	132.43	7.36047e-06	3.66959
0.000287058	150.261	7.36047e-06	4.346
0.000301779	172.01	7.36047e-06	5.61627
0.0003165	184.186	7.36047e-06	4.80848
0.000331221	197.831	7.36047e-06	5.44135
0.000345942	213.183	7.36047e-06	4.93066
0.000360663	238.95	7.36047e-06	6.40765
0.000375384	254.245	7.36047e-06	5.72633
0.000390105	267.102	7.36047e-06	5.65031
0.000404826	301.22	7.36047e-06	7.98049
0.000419547	306.871	7.36047e-06	6.70527
0.000434268	330.046	7.36047e-06	8.38583
0.000448989	346.215	7.36047e-06	7.059
0.00046371	403.324	7.36047e-06	27.4213
0.000478431	392.489	7.36047e-06	8.58182
0.000493152	404.953	7.36047e-06	7.88061
0.000507872	421.374	7.36047e-06	14.2817
0.000522593	451.717	7.36047e-06	8.73663
0.000537314	458.661	7.36047e-06	8.33909
0.000552035	489.054	7.36047e-06	9.1367
0.000566756	498.541	7.36047e-06	8.71877
0.000581477	531.823	7.36047e-06	9.43438
0.000596198	553.082	7.36047e-06	8.67515
0.000610919	565.364	7.36047e-06	10.0907
0.00062564	576.31	7.36047e-06	9.16836
0.000640361	621.288	7.36047e-06	14.2562
0.000655082	605.092	7.36047e-06	8.65231
0.000669803	632.771	7.36047e-06	9.73248
0.000684524	663.884	7.36047e-06	9.75635
0.000699245	702.346	7.36047e-06	11.3835
0.000713966	686.952	7.36047e-06	10.0676
0.000728687	708.897	7.36047e-06	10.1008
0.000743408	746.218	7.36047e-06	11.9036
0.000758128	751.702	7.36047e-06	10.5991
0.000772849	763.108	7.36047e-06	13.434
0.00078757	767.461	7.36047e-06	10.642
0.000802291	836.187	7.36047e-06	16.865
0.000817012	802.909	7.36047e-06	12.4082
0.000831733	819.474	7.36047e-06	11.7273
0.000846454	822.358	7.36047e-06	13.9116
0.000861175	835.961	7.36047e-06	12.4033
0.000875896	891.765	7.36047e-06	15.0331
0.000890617	860.064	7.36047e-06	11.2521
0.000905338	872.08	7.36047e-06	12.4946
0.000920059	898.182	7.36047e-06	13.5905
0.00093478	882.314	7.36047e-06	12.1309
0.000949501	902.066	7.36047e-06	13.8715
0.000964222	893.851	7.36047e-06	13.5336
0.000978943	935.215	7.36047e-06	15.5831
0.000993664	911.002	7.36047e-06	12.9423
0.00100838	914.407	7.36047e-06	13.0535
0.00102311	916.048	7.36047e-06	15.3346
0.00103783	952.103	7.36047e-06	37.7674
0.00105255	925.86	7.36047e-06	15.5079
0.00106727	918.595	7.36047e-06	12.9897
0.00108199	888.12	7.36047e-06	13.152
0.00109671	902.79	7.36047e-06	12.7039
0.00111143	892.077	7.36047e-06	14.5751
0.00112615	849.434	7.36047e-06	11.2481
0.00114087	872.652	7.36047e-06	13.236
0.00115559	862.481	7.36047e-06	12.934
0.00117031	879.09	7.36047e-06	16.1671
0.00118504	876.309	7.36047e-06	14.0632
0.00119976	871.866	7.36047e-06	19.6396
0.00121448	831.273	7.36047e-06	11.3144
0.0012292	816.925	7.36047e-06	12.0387
0.00124392	815.536	7.36047e-06	11.4312
0.00125864	837.699	7.36047e-06	14.2799
0.00127336	776.747	7.36047e-06	11.1479
0.00128808	804.273	7.36047e-06	14.8213
0.0013028	752.764	7.36047e-06	10.6749
0.00131752	756.714	7.36047e-06	12.1175
0.00133225	754.085	7.36047e-06	13.8707
0.00134697	708.265	7.36047e-06	12.035
0.00136169	731.281	7.36047e-06	13.4581
0.00137641	720.622	7.36047e-06	23.5877
0.00139113	681.055	7.36047e-06	11.0518
0.00140585	660.184	7.36047e-06	11.5654
0.00142057	653.146	7.36047e-06	12.3007
0.00143529	635.29	7.36047e-06	10.6278
0.00145001	622.112	7.36047e-06	11.1463
0.00146473	595.22	7.36047e-06	9.79123
0.00147945	567.119	7.36047e-06	10.559
0.00149418	577.445	7.36047e-06	13.7433
0.0015089	556.039	7.36047e-06	11.1924
0.00152362	523.272	7.36047e-06	9.85097
0.00153834	502.685	7.36047e-06	10.3845
0.00155306	505.857	7.36047e-06	16.7579
0.00156778	455.096	7.36047e-06	8.11533
0.0015825	453.583	7.36047e-06	8.97978
0.00159722	440.936	7.36047e-06	9.97587
0.00161194	412.458	7.36047e-06	8.54026
0.00162666	408.161	7.36047e-06	8.73683
0.00164138	408.88	7.36047e-06	12.0079
0.00165611	364.284	7.36047e-06	7.24998
0.00167083	360.51	7.36047e-06	7.14055
0.00168555	355.035	7.36047e-06	8.67871
0.00170027	330.622	7.36047e-06	8.32617
0.00171499	314.757	7.36047e-06	7.41332
0.00172971	327.384	7.36047e-06	14.6672
0.00174443	286.571	7.36047e-06	8.0848
0.00175915	292.508	7.36047e-06	8.82553
0.00177387	254.962	7.36047e-06	6.0728
0.00178859	248.634	7.36047e-06	6.62302
0.00180332	250.258	7.36047e-06	8.29791
0.00181804	236.786	7.36047e-06	7.06111
0.00183276	221.773	7.36047e-06	9.99657
0.00184748	212.119	7.36047e-06	6.52414
0.0018622	202.415	7.36047e-06	5.61686
0.00187692	183.551	7.36047e-06	5.45241
0.00189164	175.185	7.36047e-06	7.08928
0.00190636	164.201	7.36047e-06	5.22013
0.00192108	152.179	7.36047e-06	5.71188
0.0019358	145.827	7.36047e-06	4.62564
0.00195052	144.942	7.36047e-06	5.87136
0.00196525	124.242	7.36047e-06	4.09882
0.00197997	128.411	7.36047e-06	6.91097
0.00199469	124.7	7.36047e-06	5.31915
0.00200941	107.251	7.36047e-06	4.13612
0.00202413	99.0296	7.36047e-06	3.62666
0.00203885	95.8815	7.36047e-06	3.87959
0.00205357	80.807	7.36047e-06	3.25392
0.00206829	91.11	7.36047e-06	7.72915
0.00208301	78.6178	7.36047e-06	3.27068
0.00209773	72.143	7.36047e-06	3.24724
0.00211246	68.9659	7.36047e-06	3.13365
0.00212718	65.6457	7.36047e-06	4.7221
0.0021419	56.8382	7.36047e-06	3.44107
0.00215662	53.0186	7.36047e-06	3.54868
0.00217134	53.7595	7.36047e-06	3.0826
0.00218606	56.4575	7.36047e-06	4.16526
0.00220078	42.7469	7.36047e-06	2.93103
0.0022155	45.6587	7.36047e-06	4.51337
0.00223022	32.5324	7.36047e-06	1.92633
0.00224494	33.8842	7.36047e-06	2.95589
0.00225966	30.413	7.36047e-06	3.46452
0.00227439	30.8493	7.36047e-06	2.82968
0.00228911	25.7096	7.36047e-06	2.07977
0.00230383	21.7638	7.36047e-06	1.55259
0.00231855	22.0233	7.36047e-06	1.7166
0.00233327	18.7141	7.36047e-06	1.72696
0.00234799	16.6624	7.36047e-06	1.74995
0.00236271	11.1933	7.36047e-06	1.28269
0.00237743	13.0415	7.36047e-06	1.31043
0.00239215	13.2358	7.36047e-06	1.29941
0.00240687	13.489	7.36047e-06	2.28661
0.00242159	12.1738	7.36047e-06	1.85908
0.00243632	8.3453	7.36047e-06	1.09398
0.00245104	5.96862	7.36047e-06	1.04034
0.00246576	7.11543	7.36047e-06	1.0156
0.00248048	4.28966	7.36047e-06	0.793444
0.0024952	6.0788	7.36047e-06	1.10742
0.00250992	3.85067	7.36047e-06	0.681641
0.00252464	2.03382	7.36047e-06	0.448609
0.00253936	3.29841	7.36047e-06	0.661084
0.00255408	1.40179	7.36047e-06	0.401345
0.0025688	0.28142	7.36047e-06	0.16318
