7.37407e-06	0.132699	7.37407e-06	0.104699
2.21222e-05	1.22581	7.37407e-06	0.404036
3.68703e-05	2.17587	7.37407e-06	0.350996
5.16185e-05	5.90586	7.37407e-06	1.08048
6.63666e-05	8.0975	7.37407e-06	0.82262
8.11147e-05	12.3079	7.37407e-06	1.05025
9.58629e-05	17.9881	7.37407e-06	1.61947
0.000110611	24.8817	7.37407e-06	2.18345
0.000125359	31.0742	7.37407e-06	1.76486
0.000140107	35.5303	7.37407e-06	1.78232
0.000154855	46.4016	7.37407e-06	2.378
0.000169604	53.2105	7.37407e-06	2.25539
0.000184352	64.8653	7.37407e-06	2.56004
0.0001991	72.6659	7.37407e-06	2.67922
0.000213848	81.6038	7.37407e-06	2.88446
0.000228596	88.8084	7.37407e-06	2.81223
0.000243344	120.616	7.37407e-06	6.80576
0.000258092	115.682	7.37407e-06	3.17233
0.00027284	137	7.37407e-06	4.69425
0.000287589	163.656	7.37407e-06	6.23065
0.000302337	168.184	7.37407e-06	5.273
0.000317085	195.238	7.37407e-06	6.40149
0.000331833	199.483	7.37407e-06	4.73986
0.000346581	213.646	7.37407e-06	7.3416
0.000361329	235.21	7.37407e-06	5.60064
0.000376077	257.253	7.37407e-06	6.57404
0.000390826	277.065	7.37407e-06	6.2443
0.000405574	286.838	7.37407e-06	6.57085
0.000420322	302.79	7.37407e-06	6.20491
0.00043507	325.227	7.37407e-06	7.31637
0.000449818	344.073	7.37407e-06	6.77262
0.000464566	352.697	7.37407e-06	5.97492
0.000479314	389.868	7.37407e-06	6.81124
0.000494062	397.043	7.37407e-06	8.68537
0.000508811	404.47	7.37407e-06	7.07359
0.000523559	448.783	7.37407e-06	8.23809
0.000538307	465.58	7.37407e-06	7.84944
0.000553055	482.064	7.37407e-06	8.86412
0.000567803	507.83	7.37407e-06	9.13256
0.000582551	525.076	7.37407e-06	8.69352
0.000597299	549.098	7.37407e-06	9.82923
0.000612048	566.225	7.37407e-06	9.3428
0.000626796	584.563	7.37407e-06	9.73132
0.000641544	605.524	7.37407e-06	9.57764
0.000656292	648.214	7.37407e-06	19.8762
0.00067104	663.879	7.37407e-06	10.403
0.000685788	673.255	7.37407e-06	10.1077
0.000700536	723.001	7.37407e-06	21.1271
0.000715284	692.93	7.37407e-06	9.72578
0.000730033	717.259	7.37407e-06	10.7863
0.000744781	722.476	7.37407e-06	10.4088
0.000759529	782.501	7.37407e-06	11.4423
0.000774277	760.437	7.37407e-06	11.2452
0.000789025	776.605	7.37407e-06	11.724
0.000803773	836.495	7.37407e-06	30.5427
0.000818521	814.658	7.37407e-06	13.5877
0.000833269	845.752	7.37407e-06	16.1134
0.000848018	839.866	7.37407e-06	13.0103
0.000862766	868.302	7.37407e-06	14.3379
0.000877514	866.714	7.37407e-06	13.3776
0.000892262	871.532	7.37407e-06	12.6996
0.00090701	868.965	7.37407e-06	12.9655
0.000921758	863.284	7.37407e-06	11.3389
0.000936506	882.79	7.37407e-06	12.77
0.000951255	885.109	7.37407e-06	11.5047
0.000966003	896.881	7.37407e-06	13.1201
0.000980751	889.053	7.37407e-06	12.1215
0.000995499	873.335	7.37407e-06	11.8864
0.00101025	898.412	7.37407e-06	14.5764
0.001025	912.837	7.37407e-06	18.162
0.00103974	894.022	7.37407e-06	14.5467
0.00105449	922.133	7.37407e-06	14.0782
0.00106924	893.267	7.37407e-06	11.8016
0.00108399	917.1	7.37407e-06	15.4741
0.00109874	910.17	7.37407e-06	15.9939
0.00111348	916.319	7.37407e-06	17.2921
0.00112823	890.211	7.37407e-06	16.2357
0.00114298	886.701	7.37407e-06	13.2824
0.00115773	860.478	7.37407e-06	13.9881
0.00117248	841.83	7.37407e-06	11.1947
0.00118722	855.332	7.37407e-06	12.3826
0.00120197	923.824	7.37407e-06	42.1825
0.00121672	838.64	7.37407e-06	15.0532
0.00123147	814.345	7.37407e-06	13.6103
0.00124622	834.925	7.37407e-06	17.7248
0.00126097	784.212	7.37407e-06	10.6952
0.00127571	790.797	7.37407e-06	12.1405
0.00129046	792.087	7.37407e-06	20.4081
0.00130521	785.636	7.37407e-06	12.1849
0.00131996	730.719	7.37407e-06	10.5886
0.00133471	743.402	7.37407e-06	18.2023
0.00134945	712.391	7.37407e-06	10.7598
0.0013642	693.438	7.37407e-06	11.1972
0.00137895	702.378	7.37407e-06	12.0795
0.0013937	671.93	7.37407e-06	16.2045
0.00140845	643.569	7.37407e-06	12.6291
0.00142319	653.527	7.37407e-06	11.8558
0.00143794	617.623	7.37407e-06	10.1946
0.00145269	611.588	7.37407e-06	10.7225
0.00146744	597.734	7.37407e-06	13.8328
0.00148219	554.37	7.37407e-06	11.2813
0.00149694	537.495	7.37407e-06	10.7859
0.00151168	529.067	7.37407e-06	9.34343
0.00152643	516.084	7.37407e-06	9.96354
0.00154118	483.718	7.37407e-06	8.79867
0.00155593	517.893	7.37407e-06	18.1613
0.00157068	501.485	7.37407e-06	16.1277
0.00158542	478.359	7.37407e-06	17.2796
0.00160017	437.356	7.37407e-06	8.3767
0.00161492	421.371	7.37407e-06	8.89892
0.00162967	399.561	7.37407e-06	8.74968
0.00164442	388.508	7.37407e-06	9.05602
0.00165916	400.203	7.37407e-06	16.7521
0.00167391	384.041	7.37407e-06	9.21578
0.00168866	360.946	7.37407e-06	9.20785
0.00170341	339.883	7.37407e-06	7.89767
0.00171816	320.933	7.37407e-06	10.501
0.00173291	322.071	7.37407e-06	13.4139
0.00174765	323.064	7.37407e-06	20.6217
0.0017624	275.213	7.37407e-06	7.16303
0.00177715	270.14	7.37407e-06	7.49416
0.0017919	269.805	7.37407e-06	11.2092
0.00180665	242.401	7.37407e-06	7.29292
0.00182139	237.729	7.37407e-06	7.08717
0.00183614	216.803	7.37407e-06	8.61526
0.00185089	208.706	7.37407e-06	7.30803
0.00186564	191.465	7.37407e-06	5.92252
0.00188039	181.602	7.37407e-06	4.86103
0.00189514	168.745	7.37407e-06	6.4011
0.00190988	161.832	7.37407e-06	5.34748
0.00192463	148.089	7.37407e-06	5.23401
0.00193938	148.794	7.37407e-06	5.59641
0.00195413	138.736	7.37407e-06	4.82244
0.00196888	132.345	7.37407e-06	5.37835
0.00198362	116.963	7.37407e-06	4.71929
0.00199837	120.231	7.37407e-06	4.89103
0.00201312	110.955	7.37407e-06	5.37133
0.00202787	91.8846	7.37407e-06	4.10819
0.00204262	96.1984	7.37407e-06	3.9557
0.00205736	82.4963	7.37407e-06	3.70633
0.00207211	75.3618	7.37407e-06	3.24256
0.00208686	81.1046	7.37407e-06	4.54851
0.00210161	80.6343	7.37407e-06	5.3491
0.00211636	72.8236	7.37407e-06	5.24885
0.00213111	63.298	7.37407e-06	3.40925
0.00214585	55.0976	7.37407e-06	2.9028
0.0021606	54.632	7.37407e-06	3.58209
0.00217535	55.1076	7.37407e-06	4.06834
0.0021901	50.4512	7.37407e-06	3.36489
0.00220485	44.3361	7.37407e-06	3.29774
0.00221959	35.7815	7.37407e-06	2.26573
0.00223434	31.2828	7.37407e-06	2.17605
0.00224909	31.2224	7.37407e-06	2.10803
0.00226384	28.0339	7.37407e-06	2.17789
0.00227859	45.8748	7.37407e-06	14.3065
0.00229333	25.6324	7.37407e-06	2.417
0.00230808	20.8044	7.37407e-06	1.66274
0.00232283	20.7443	7.37407e-06	1.82885
0.00233758	16.2488	7.37407e-06	1.80754
0.00235233	14.9938	7.37407e-06	1.62137
0.00236708	16.7644	7.37407e-06	2.14441
0.00238182	13.5331	7.37407e-06	1.54059
0.00239657	8.35243	7.37407e-06	1.0768
0.00241132	9.99191	7.37407e-06	1.23619
0.00242607	11.2823	7.37407e-06	1.93293
0.00244082	10.3463	7.37407e-06	2.04903
0.00245556	7.01821	7.37407e-06	1.14754
0.00247031	5.07492	7.37407e-06	0.965926
0.00248506	5.44385	7.37407e-06	1.123
0.00249981	4.43134	7.37407e-06	1.03002
0.00251456	3.69628	7.37407e-06	0.716051
0.0025293	2.12746	7.37407e-06	0.639707
0.00254405	1.54049	7.37407e-06	0.421072
0.0025588	1.51377	7.37407e-06	0.44574
0.00257355	0.547371	7.37407e-06	0.339361
