7.36784e-06	0	7.36784e-06	0
2.21035e-05	0.925633	7.36784e-06	0.230498
3.68392e-05	2.5553	7.36784e-06	0.659032
5.15749e-05	5.0034	7.36784e-06	0.663775
6.63106e-05	6.83927	7.36784e-06	0.796127
8.10463e-05	14.9221	7.36784e-06	3.39147
9.5782e-05	18.2563	7.36784e-06	1.6046
0.000110518	22.8612	7.36784e-06	1.68815
0.000125253	26.6839	7.36784e-06	1.73123
0.000139989	33.0302	7.36784e-06	1.96709
0.000154725	43.4778	7.36784e-06	2.36562
0.00016946	60.2788	7.36784e-06	4.15631
0.000184196	67.3081	7.36784e-06	3.34834
0.000198932	75.0766	7.36784e-06	3.28643
0.000213667	91.0762	7.36784e-06	4.00737
0.000228403	91.9812	7.36784e-06	3.61222
0.000243139	116.208	7.36784e-06	4.53101
0.000257875	131.368	7.36784e-06	7.11468
0.00027261	137.809	7.36784e-06	4.81463
0.000287346	173.406	7.36784e-06	17.8983
0.000302082	163.047	7.36784e-06	5.23514
0.000316817	177.626	7.36784e-06	5.12394
0.000331553	204.428	7.36784e-06	7.90952
0.000346289	226.8	7.36784e-06	10.0036
0.000361024	227.647	7.36784e-06	7.1044
0.00037576	243.92	7.36784e-06	6.49761
0.000390496	273.708	7.36784e-06	8.6715
0.000405231	291.585	7.36784e-06	6.91153
0.000419967	305.543	7.36784e-06	7.50364
0.000434703	323.619	7.36784e-06	8.25891
0.000449438	352.874	7.36784e-06	9.88823
0.000464174	357.619	7.36784e-06	6.47359
0.00047891	386.097	7.36784e-06	8.1876
0.000493645	401.882	7.36784e-06	7.65318
0.000508381	411.792	7.36784e-06	7.39883
0.000523117	443.596	7.36784e-06	9.12499
0.000537853	449.12	7.36784e-06	8.06814
0.000552588	476.587	7.36784e-06	8.54589
0.000567324	519.83	7.36784e-06	15.0779
0.00058206	529.362	7.36784e-06	9.52725
0.000596795	542.524	7.36784e-06	8.80326
0.000611531	572.845	7.36784e-06	11.2052
0.000626267	627.495	7.36784e-06	22.4225
0.000641002	600.555	7.36784e-06	11.5355
0.000655738	615.504	7.36784e-06	9.5687
0.000670474	653.679	7.36784e-06	11.5678
0.000685209	668.392	7.36784e-06	12.1772
0.000699945	669.166	7.36784e-06	9.33482
0.000714681	707.245	7.36784e-06	12.0437
0.000729416	697.682	7.36784e-06	10.9032
0.000744152	742.204	7.36784e-06	10.9352
0.000758888	746.706	7.36784e-06	12.3745
0.000773624	762.897	7.36784e-06	10.0893
0.000788359	802.192	7.36784e-06	16.3858
0.000803095	796.987	7.36784e-06	11.1019
0.000817831	808.047	7.36784e-06	10.7817
0.000832566	821.991	7.36784e-06	11.8552
0.000847302	835.118	7.36784e-06	11.6908
0.000862038	861.37	7.36784e-06	19.1803
0.000876773	829.508	7.36784e-06	11.5606
0.000891509	874.366	7.36784e-06	11.6631
0.000906245	871.317	7.36784e-06	11.6348
0.00092098	887.554	7.36784e-06	17.2122
0.000935716	886.892	7.36784e-06	12.4538
0.000950452	906.116	7.36784e-06	12.3984
0.000965187	938.385	7.36784e-06	28.0523
0.000979923	890.925	7.36784e-06	11.0641
0.000994659	910.234	7.36784e-06	13.9958
0.00100939	888.108	7.36784e-06	10.7421
0.00102413	927.287	7.36784e-06	11.9653
0.00103887	904.336	7.36784e-06	14.326
0.0010536	904.152	7.36784e-06	12.2807
0.00106834	894.745	7.36784e-06	11.6679
0.00108307	885.073	7.36784e-06	10.4926
0.00109781	918.17	7.36784e-06	15.2776
0.00111254	899.466	7.36784e-06	14.1145
0.00112728	925.691	7.36784e-06	15.6905
0.00114202	879.662	7.36784e-06	11.3736
0.00115675	864.32	7.36784e-06	10.6154
0.00117149	858.637	7.36784e-06	10.1487
0.00118622	875.943	7.36784e-06	12.4202
0.00120096	845.114	7.36784e-06	13.1462
0.00121569	889.559	7.36784e-06	24.937
0.00123043	841.608	7.36784e-06	13.6682
0.00124517	826.477	7.36784e-06	13.9286
0.0012599	820.885	7.36784e-06	13.0089
0.00127464	787.227	7.36784e-06	9.95442
0.00128937	784.615	7.36784e-06	10.2366
0.00130411	788.899	7.36784e-06	15.5781
0.00131884	743.776	7.36784e-06	9.46156
0.00133358	739.61	7.36784e-06	12.0984
0.00134832	705.309	7.36784e-06	8.93902
0.00136305	702.875	7.36784e-06	9.86956
0.00137779	678.052	7.36784e-06	8.64899
0.00139252	662.165	7.36784e-06	11.1317
0.00140726	659.302	7.36784e-06	8.78039
0.00142199	634.928	7.36784e-06	8.32679
0.00143673	633.605	7.36784e-06	10.5405
0.00145147	605.675	7.36784e-06	8.11838
0.0014662	594.145	7.36784e-06	8.64652
0.00148094	584.507	7.36784e-06	9.03651
0.00149567	562.677	7.36784e-06	8.97728
0.00151041	546.128	7.36784e-06	7.94137
0.00152514	533.063	7.36784e-06	8.24849
0.00153988	520.196	7.36784e-06	11.9192
0.00155461	558.96	7.36784e-06	37.9266
0.00156935	483.521	7.36784e-06	7.70359
0.00158409	449.691	7.36784e-06	6.56364
0.00159882	434.955	7.36784e-06	6.62097
0.00161356	426.508	7.36784e-06	6.89271
0.00162829	413.676	7.36784e-06	6.63787
0.00164303	390.675	7.36784e-06	7.09559
0.00165776	371.669	7.36784e-06	6.07816
0.0016725	353.975	7.36784e-06	6.18281
0.00168724	343.387	7.36784e-06	7.61164
0.00170197	333.128	7.36784e-06	6.05773
0.00171671	326.128	7.36784e-06	6.31802
0.00173144	304.009	7.36784e-06	5.28467
0.00174618	297.149	7.36784e-06	5.94084
0.00176091	273.425	7.36784e-06	5.12307
0.00177565	271.394	7.36784e-06	5.30765
0.00179039	250.978	7.36784e-06	5.09332
0.00180512	247.372	7.36784e-06	5.47332
0.00181986	221.322	7.36784e-06	4.46381
0.00183459	220.154	7.36784e-06	4.57164
0.00184933	215.923	7.36784e-06	7.31548
0.00186406	201.473	7.36784e-06	4.61887
0.0018788	186.033	7.36784e-06	4.68849
0.00189354	173.586	7.36784e-06	4.08561
0.00190827	160.803	7.36784e-06	3.89577
0.00192301	158.235	7.36784e-06	4.65007
0.00193774	150.033	7.36784e-06	3.83463
0.00195248	136.374	7.36784e-06	3.62127
0.00196721	136.262	7.36784e-06	3.77703
0.00198195	125.409	7.36784e-06	3.57409
0.00199669	108.739	7.36784e-06	3.05202
0.00201142	108.201	7.36784e-06	3.13025
0.00202616	103.081	7.36784e-06	3.09296
0.00204089	103.627	7.36784e-06	3.71166
0.00205563	88.7591	7.36784e-06	2.63269
0.00207036	87.8543	7.36784e-06	2.92164
0.0020851	76.6649	7.36784e-06	2.41971
0.00209984	72.5354	7.36784e-06	2.30537
0.00211457	68.6739	7.36784e-06	2.28507
0.00212931	66.8085	7.36784e-06	2.28115
0.00214404	57.1912	7.36784e-06	2.23997
0.00215878	54.0394	7.36784e-06	1.98038
0.00217351	51.1325	7.36784e-06	2.00524
0.00218825	43.4341	7.36784e-06	1.76204
0.00220299	42.432	7.36784e-06	1.84162
0.00221772	41.304	7.36784e-06	1.76307
0.00223246	37.8321	7.36784e-06	1.8138
0.00224719	34.0179	7.36784e-06	1.49414
0.00226193	30.1487	7.36784e-06	1.40935
0.00227666	28.3881	7.36784e-06	1.47722
0.0022914	25.4664	7.36784e-06	1.34674
0.00230613	24.0097	7.36784e-06	1.26229
0.00232087	22.6888	7.36784e-06	1.20015
0.00233561	20.2019	7.36784e-06	1.1269
0.00235034	16.666	7.36784e-06	1.03625
0.00236508	16.273	7.36784e-06	1.00554
0.00237981	13.9864	7.36784e-06	0.942376
0.00239455	12.8477	7.36784e-06	0.890016
0.00240928	11.4231	7.36784e-06	0.834074
0.00242402	9.32574	7.36784e-06	0.760432
0.00243876	8.41343	7.36784e-06	0.716843
0.00245349	5.98914	7.36784e-06	0.574225
0.00246823	6.80092	7.36784e-06	0.615762
0.00248296	4.94387	7.36784e-06	0.515687
0.0024977	4.17383	7.36784e-06	0.488178
0.00251243	3.09434	7.36784e-06	0.417813
0.00252717	1.83042	7.36784e-06	0.31672
0.00254191	2.25916	7.36784e-06	0.34619
0.00255664	1.11716	7.36784e-06	0.2454
0.00257138	0.25627	7.36784e-06	0.114684
