7.371e-06	0	7.371e-06	0
2.2113e-05	0.836265	7.371e-06	0.275709
3.6855e-05	2.12888	7.371e-06	0.445417
5.1597e-05	5.63507	7.371e-06	1.36346
6.6339e-05	6.83653	7.371e-06	0.710423
8.1081e-05	13.9812	7.371e-06	1.53409
9.5823e-05	14.8881	7.371e-06	1.20925
0.000110565	20.1114	7.371e-06	1.46985
0.000125307	26.5389	7.371e-06	2.18375
0.000140049	34.7262	7.371e-06	1.98952
0.000154791	41.097	7.371e-06	2.0028
0.000169533	56.9544	7.371e-06	3.06445
0.000184275	63.7442	7.371e-06	2.88144
0.000199017	74.1884	7.371e-06	3.18043
0.000213759	83.7846	7.371e-06	4.66036
0.000228501	94.5849	7.371e-06	3.35986
0.000243243	103.62	7.371e-06	3.47989
0.000257985	119.337	7.371e-06	3.66561
0.000272727	144.612	7.371e-06	6.81808
0.000287469	153.207	7.371e-06	4.47578
0.000302211	171.71	7.371e-06	7.25489
0.000316953	177.893	7.371e-06	4.7629
0.000331695	192.533	7.371e-06	5.35768
0.000346437	200.553	7.371e-06	4.84051
0.000361179	220.025	7.371e-06	5.56974
0.000375921	243.076	7.371e-06	5.52577
0.000390663	280.87	7.371e-06	7.97969
0.000405405	302.078	7.371e-06	10.4868
0.000420147	319.378	7.371e-06	12.9101
0.000434889	325.636	7.371e-06	7.43238
0.000449631	354.829	7.371e-06	9.42485
0.000464373	352.309	7.371e-06	7.25852
0.000479115	380.128	7.371e-06	8.02378
0.000493857	399.127	7.371e-06	7.82017
0.000508599	417.638	7.371e-06	7.94946
0.000523341	438.278	7.371e-06	7.91363
0.000538083	495.296	7.371e-06	23.2389
0.000552825	482.787	7.371e-06	8.76461
0.000567567	483.339	7.371e-06	7.52645
0.000582309	508.025	7.371e-06	8.22523
0.000597051	543.423	7.371e-06	9.28314
0.000611793	572.994	7.371e-06	12.0752
0.000626535	587.491	7.371e-06	9.26272
0.000641277	619.647	7.371e-06	10.1188
0.000656019	613.942	7.371e-06	9.09797
0.000670761	636.587	7.371e-06	10.5173
0.000685503	650.933	7.371e-06	9.60628
0.000700245	686.684	7.371e-06	11.2244
0.000714987	687.912	7.371e-06	12.1886
0.000729729	730.266	7.371e-06	10.732
0.000744471	736.827	7.371e-06	12.4997
0.000759213	748.552	7.371e-06	12.4404
0.000773955	744.973	7.371e-06	10.1509
0.000788697	773.621	7.371e-06	12.5913
0.000803439	802.566	7.371e-06	17.1972
0.000818181	819.181	7.371e-06	12.9755
0.000832923	807.379	7.371e-06	10.9656
0.000847665	834.015	7.371e-06	11.4672
0.000862407	858.039	7.371e-06	12.038
0.000877149	861.159	7.371e-06	13.379
0.000891891	862.727	7.371e-06	14.2506
0.000906633	898.199	7.371e-06	13.1236
0.000921375	895.454	7.371e-06	14.3695
0.000936117	911.269	7.371e-06	15.8975
0.000950859	880.864	7.371e-06	12.9918
0.000965601	875.199	7.371e-06	10.6258
0.000980343	907.946	7.371e-06	13.1049
0.000995085	886.147	7.371e-06	11.8577
0.00100983	911.57	7.371e-06	19.3845
0.00102457	897.197	7.371e-06	10.8777
0.00103931	883.2	7.371e-06	10.4156
0.00105405	896.044	7.371e-06	11.8042
0.0010688	898.72	7.371e-06	13.4181
0.00108354	936.089	7.371e-06	30.2744
0.00109828	897.284	7.371e-06	11.129
0.00111302	902.724	7.371e-06	23.9476
0.00112776	889.863	7.371e-06	13.0441
0.00114251	869.841	7.371e-06	12.5565
0.00115725	838.265	7.371e-06	10.9827
0.00117199	821.657	7.371e-06	10.2262
0.00118673	840.458	7.371e-06	10.7655
0.00120147	838.286	7.371e-06	10.6234
0.00121622	849.068	7.371e-06	16.7111
0.00123096	812.964	7.371e-06	10.9404
0.0012457	847.012	7.371e-06	31.0725
0.00126044	805.079	7.371e-06	11.2393
0.00127518	786.125	7.371e-06	11.4464
0.00128993	807.658	7.371e-06	12.4939
0.00130467	793.8	7.371e-06	14.8219
0.00131941	745.297	7.371e-06	10.7333
0.00133415	720.288	7.371e-06	8.99565
0.00134889	787.654	7.371e-06	29.4943
0.00136364	725.954	7.371e-06	16.6772
0.00137838	693.054	7.371e-06	11.969
0.00139312	668.366	7.371e-06	9.77596
0.00140786	935.291	7.371e-06	211.184
0.0014226	654.762	7.371e-06	15.7786
0.00143735	636.621	7.371e-06	12.7158
0.00145209	601.535	7.371e-06	9.68916
0.00146683	601.932	7.371e-06	11.8194
0.00148157	571.875	7.371e-06	8.80321
0.00149631	551.627	7.371e-06	8.27436
0.00151106	543.773	7.371e-06	8.82394
0.0015258	530.585	7.371e-06	9.7683
0.00154054	503.192	7.371e-06	8.43329
0.00155528	492.147	7.371e-06	9.65218
0.00157002	480.787	7.371e-06	10.5747
0.00158477	444.6	7.371e-06	7.32313
0.00159951	442.901	7.371e-06	8.92347
0.00161425	419.868	7.371e-06	7.83305
0.00162899	388.191	7.371e-06	6.33216
0.00164373	397.311	7.371e-06	8.23898
0.00165848	370.227	7.371e-06	6.57288
0.00167322	367.236	7.371e-06	6.44587
0.00168796	349.961	7.371e-06	7.3006
0.0017027	331.039	7.371e-06	7.79033
0.00171744	333.329	7.371e-06	10.8625
0.00173219	296.685	7.371e-06	5.74193
0.00174693	288.245	7.371e-06	5.96488
0.00176167	273.878	7.371e-06	5.25896
0.00177641	262.112	7.371e-06	5.94372
0.00179115	252.927	7.371e-06	7.72926
0.0018059	247.809	7.371e-06	6.22332
0.00182064	225.765	7.371e-06	4.93831
0.00183538	225.65	7.371e-06	7.26863
0.00185012	214.546	7.371e-06	6.87016
0.00186486	198.582	7.371e-06	5.35611
0.00187961	182.353	7.371e-06	4.41274
0.00189435	182.541	7.371e-06	5.11656
0.00190909	159.366	7.371e-06	4.3062
0.00192383	153.453	7.371e-06	4.35006
0.00193857	155.164	7.371e-06	4.10145
0.00195332	148.84	7.371e-06	13.1311
0.00196806	133.329	7.371e-06	4.02923
0.0019828	116.296	7.371e-06	3.33907
0.00199754	111.294	7.371e-06	3.42405
0.00201228	114.042	7.371e-06	4.20107
0.00202703	100.644	7.371e-06	3.24
0.00204177	92.8256	7.371e-06	3.03793
0.00205651	134.897	7.371e-06	29.6366
0.00207125	83.1334	7.371e-06	4.10293
0.00208599	77.4898	7.371e-06	2.81892
0.00210074	72.3658	7.371e-06	2.71933
0.00211548	67.8999	7.371e-06	2.62633
0.00213022	61.7958	7.371e-06	2.94512
0.00214496	59.3997	7.371e-06	3.33687
0.0021597	58.0925	7.371e-06	2.95646
0.00217445	50.4972	7.371e-06	2.47396
0.00218919	49.0811	7.371e-06	2.32527
0.00220393	43.439	7.371e-06	2.09278
0.00221867	41.0452	7.371e-06	2.24705
0.00223341	36.3861	7.371e-06	1.7503
0.00224816	43.7331	7.371e-06	5.73022
0.0022629	28.8004	7.371e-06	1.40007
0.00227764	29.6642	7.371e-06	1.8899
0.00229238	24.6766	7.371e-06	1.65695
0.00230712	23.5126	7.371e-06	1.69724
0.00232187	21.4488	7.371e-06	1.51512
0.00233661	17.9575	7.371e-06	1.15984
0.00235135	15.9026	7.371e-06	1.23817
0.00236609	14.5345	7.371e-06	1.07394
0.00238083	14.4643	7.371e-06	1.15422
0.00239558	12.4499	7.371e-06	0.962731
0.00241032	11.3708	7.371e-06	0.916788
0.00242506	9.48281	7.371e-06	0.805267
0.0024398	7.43753	7.371e-06	0.725453
0.00245454	7.53628	7.371e-06	0.739251
0.00246929	7.04839	7.371e-06	0.699934
0.00248403	5.08033	7.371e-06	0.566895
0.00249877	4.09216	7.371e-06	0.516703
0.00251351	3.84537	7.371e-06	0.481743
0.00252825	2.8346	7.371e-06	0.420293
0.002543	1.93387	7.371e-06	0.337671
0.00255774	0.702113	7.371e-06	0.195924
0.00257248	0.392667	7.371e-06	0.149417
