7.36614e-06	0	7.36614e-06	0
2.20984e-05	0.628188	7.36614e-06	0.180207
3.68307e-05	2.09856	7.36614e-06	0.345319
5.1563e-05	5.0827	7.36614e-06	0.632571
6.62953e-05	7.93147	7.36614e-06	0.83123
8.10276e-05	15.6872	7.36614e-06	1.56556
9.57599e-05	16.8319	7.36614e-06	1.41732
0.000110492	23.2938	7.36614e-06	1.58533
0.000125224	29.2096	7.36614e-06	2.38339
0.000139957	44.9239	7.36614e-06	5.86978
0.000154689	44.8714	7.36614e-06	2.60244
0.000169421	56.3801	7.36614e-06	2.87484
0.000184154	61.4896	7.36614e-06	2.40157
0.000198886	72.2766	7.36614e-06	3.00354
0.000213618	89.635	7.36614e-06	6.37561
0.00022835	97.0971	7.36614e-06	3.4385
0.000243083	108.345	7.36614e-06	3.67159
0.000257815	131.81	7.36614e-06	10.0159
0.000272547	133.363	7.36614e-06	4.36857
0.00028728	159.814	7.36614e-06	7.16636
0.000302012	169.559	7.36614e-06	5.7992
0.000316744	204.213	7.36614e-06	8.2649
0.000331476	199.372	7.36614e-06	4.87164
0.000346209	214.075	7.36614e-06	6.24508
0.000360941	255.489	7.36614e-06	8.75409
0.000375673	252.921	7.36614e-06	7.19916
0.000390406	272.838	7.36614e-06	6.53142
0.000405138	291.943	7.36614e-06	5.88874
0.00041987	309.798	7.36614e-06	6.97241
0.000434602	324.037	7.36614e-06	7.71227
0.000449335	351.219	7.36614e-06	7.10877
0.000464067	363.882	7.36614e-06	7.35214
0.000478799	389.831	7.36614e-06	7.27521
0.000493532	389.529	7.36614e-06	6.64493
0.000508264	434.112	7.36614e-06	8.66746
0.000522996	433.253	7.36614e-06	8.53148
0.000537728	474.988	7.36614e-06	8.23243
0.000552461	469.831	7.36614e-06	7.49137
0.000567193	506.533	7.36614e-06	9.45188
0.000581925	524.301	7.36614e-06	10.1463
0.000596658	557.029	7.36614e-06	11.0964
0.00061139	569.411	7.36614e-06	9.52231
0.000626122	598.809	7.36614e-06	13.7731
0.000640854	621.702	7.36614e-06	10.1104
0.000655587	626.3	7.36614e-06	12.8876
0.000670319	649.88	7.36614e-06	9.70652
0.000685051	669.422	7.36614e-06	11.4207
0.000699784	750.563	7.36614e-06	36.5775
0.000714516	712.609	7.36614e-06	11.6298
0.000729248	715.454	7.36614e-06	11.2615
0.00074398	737.139	7.36614e-06	11.3222
0.000758713	756.51	7.36614e-06	11.3758
0.000773445	787.086	7.36614e-06	13.8151
0.000788177	776.746	7.36614e-06	11.5207
0.00080291	795.962	7.36614e-06	11.607
0.000817642	797.388	7.36614e-06	11.1112
0.000832374	849.294	7.36614e-06	15.0293
0.000847107	815.081	7.36614e-06	11.2527
0.000861839	845.565	7.36614e-06	11.1042
0.000876571	835.64	7.36614e-06	11.0298
0.000891303	870.53	7.36614e-06	14.1061
0.000906036	862.425	7.36614e-06	11.7437
0.000920768	891.848	7.36614e-06	13.3841
0.0009355	869.994	7.36614e-06	12.0415
0.000950233	886.814	7.36614e-06	11.7865
0.000964965	897.503	7.36614e-06	12.0855
0.000979697	902.199	7.36614e-06	14.0939
0.000994429	925.622	7.36614e-06	15.0909
0.00100916	935.138	7.36614e-06	14.6885
0.00102389	918.348	7.36614e-06	13.0274
0.00103863	890.474	7.36614e-06	12.2805
0.00105336	932.583	7.36614e-06	17.5884
0.00106809	902.842	7.36614e-06	15.5859
0.00108282	888.507	7.36614e-06	12.0417
0.00109756	911.199	7.36614e-06	20.8856
0.00111229	935.005	7.36614e-06	15.2584
0.00112702	894.453	7.36614e-06	14.7377
0.00114175	896.979	7.36614e-06	13.7102
0.00115648	871.826	7.36614e-06	11.9558
0.00117122	896.841	7.36614e-06	15.636
0.00118595	856.344	7.36614e-06	11.0826
0.00120068	828.098	7.36614e-06	11.0608
0.00121541	862.479	7.36614e-06	14.2274
0.00123015	824.238	7.36614e-06	13.263
0.00124488	824.014	7.36614e-06	14.3014
0.00125961	821.412	7.36614e-06	12.9092
0.00127434	802.912	7.36614e-06	13.348
0.00128908	807.951	7.36614e-06	16.7237
0.00130381	767.461	7.36614e-06	11.8696
0.00131854	749.358	7.36614e-06	11.8097
0.00133327	733.952	7.36614e-06	14.6933
0.001348	694.951	7.36614e-06	10.2787
0.00136274	708.724	7.36614e-06	11.4162
0.00137747	685.6	7.36614e-06	12.487
0.0013922	684.004	7.36614e-06	11.1482
0.00140693	652.943	7.36614e-06	11.5451
0.00142167	626.546	7.36614e-06	10.8889
0.0014364	631.256	7.36614e-06	10.8099
0.00145113	614.254	7.36614e-06	11.217
0.00146586	575.919	7.36614e-06	10.3795
0.00148059	542.767	7.36614e-06	9.09027
0.00149533	555.297	7.36614e-06	11.66
0.00151006	533.478	7.36614e-06	9.44235
0.00152479	500.843	7.36614e-06	8.48255
0.00153952	512.95	7.36614e-06	9.6645
0.00155426	503.785	7.36614e-06	11.482
0.00156899	472.076	7.36614e-06	10.7679
0.00158372	461.805	7.36614e-06	10.4114
0.00159845	445.449	7.36614e-06	9.93493
0.00161319	411.912	7.36614e-06	8.40009
0.00162792	412.053	7.36614e-06	8.17973
0.00164265	407.576	7.36614e-06	8.70687
0.00165738	374.513	7.36614e-06	8.71177
0.00167211	403.42	7.36614e-06	17.2246
0.00168685	331.186	7.36614e-06	7.36921
0.00170158	325.168	7.36614e-06	7.17336
0.00171631	324.487	7.36614e-06	7.72374
0.00173104	300.636	7.36614e-06	8.13193
0.00174578	291.56	7.36614e-06	8.54289
0.00176051	270.752	7.36614e-06	7.37292
0.00177524	263.878	7.36614e-06	6.72319
0.00178997	275.086	7.36614e-06	9.72258
0.00180471	254.553	7.36614e-06	10.5884
0.00181944	232.381	7.36614e-06	7.80058
0.00183417	207.599	7.36614e-06	7.09323
0.0018489	208.315	7.36614e-06	5.86282
0.00186363	199.068	7.36614e-06	5.78672
0.00187837	197.805	7.36614e-06	6.6695
0.0018931	177.041	7.36614e-06	6.24469
0.00190783	163.291	7.36614e-06	5.15403
0.00192256	150.026	7.36614e-06	4.76984
0.0019373	140.386	7.36614e-06	4.67856
0.00195203	145.057	7.36614e-06	5.39535
0.00196676	125.098	7.36614e-06	4.80991
0.00198149	122.464	7.36614e-06	4.87958
0.00199622	115.534	7.36614e-06	4.56867
0.00201096	110.986	7.36614e-06	5.53309
0.00202569	97.9398	7.36614e-06	3.84276
0.00204042	100.041	7.36614e-06	4.49743
0.00205515	88.4908	7.36614e-06	3.57516
0.00206989	92.2848	7.36614e-06	6.97112
0.00208462	73.2878	7.36614e-06	3.4004
0.00209935	70.9313	7.36614e-06	3.67636
0.00211408	66.4766	7.36614e-06	4.47693
0.00212882	63.9403	7.36614e-06	3.3903
0.00214355	52.5873	7.36614e-06	2.65235
0.00215828	54.7954	7.36614e-06	3.69999
0.00217301	48.1901	7.36614e-06	2.86631
0.00218774	43.6473	7.36614e-06	2.4742
0.00220248	42.4661	7.36614e-06	3.3039
0.00221721	38.3011	7.36614e-06	2.64011
0.00223194	36.2259	7.36614e-06	2.17066
0.00224667	33.5195	7.36614e-06	2.0947
0.00226141	26.3314	7.36614e-06	1.92719
0.00227614	29.7042	7.36614e-06	2.09363
0.00229087	24.1659	7.36614e-06	1.87762
0.0023056	22.6672	7.36614e-06	1.87696
0.00232034	23.9594	7.36614e-06	3.14366
0.00233507	18.1888	7.36614e-06	1.65633
0.0023498	16.5077	7.36614e-06	1.50731
0.00236453	14.7145	7.36614e-06	1.32975
0.00237926	17.1253	7.36614e-06	2.27493
0.002394	16.9472	7.36614e-06	3.79483
0.00240873	10.1389	7.36614e-06	1.24228
0.00242346	8.07069	7.36614e-06	1.05744
0.00243819	6.69959	7.36614e-06	0.893385
0.00245293	9.00808	7.36614e-06	1.44874
0.00246766	6.87226	7.36614e-06	1.3744
0.00248239	6.47207	7.36614e-06	1.02406
0.00249712	3.77457	7.36614e-06	0.656874
0.00251185	4.056	7.36614e-06	0.686419
0.00252659	1.90492	7.36614e-06	0.475762
0.00254132	1.47392	7.36614e-06	0.383439
0.00255605	1.3623	7.36614e-06	0.379956
0.00257078	0.935985	7.36614e-06	0.362641
