7.37829e-06	0.106491	7.37829e-06	0.0753002
2.21349e-05	3.43194	7.37829e-06	1.52526
3.68914e-05	2.86757	7.37829e-06	0.784684
5.1648e-05	5.22049	7.37829e-06	0.738278
6.64046e-05	9.16812	7.37829e-06	1.12473
8.11612e-05	12.219	7.37829e-06	1.01044
9.59177e-05	17.5259	7.37829e-06	1.65795
0.000110674	23.0195	7.37829e-06	1.50672
0.000125431	30.5141	7.37829e-06	2.0137
0.000140187	36.8506	7.37829e-06	2.00743
0.000154944	45.4999	7.37829e-06	2.27234
0.000169701	49.8745	7.37829e-06	2.13488
0.000184457	63.2363	7.37829e-06	2.69057
0.000199214	75.4747	7.37829e-06	2.92461
0.00021397	84.1909	7.37829e-06	3.11087
0.000228727	107.46	7.37829e-06	7.03968
0.000243484	128.348	7.37829e-06	6.71846
0.00025824	124.623	7.37829e-06	4.71588
0.000272997	139.829	7.37829e-06	5.28298
0.000287753	156.366	7.37829e-06	5.64475
0.00030251	165.378	7.37829e-06	4.59061
0.000317266	187.051	7.37829e-06	5.36918
0.000332023	219.229	7.37829e-06	9.55794
0.00034678	222.18	7.37829e-06	6.95771
0.000361536	261.445	7.37829e-06	20.6768
0.000376293	252.936	7.37829e-06	6.21781
0.000391049	264.012	7.37829e-06	7.19514
0.000405806	291.684	7.37829e-06	7.43179
0.000420562	311.082	7.37829e-06	7.73202
0.000435319	321.507	7.37829e-06	6.70521
0.000450076	347.762	7.37829e-06	7.86068
0.000464832	375.527	7.37829e-06	9.64306
0.000479589	400.719	7.37829e-06	11.9595
0.000494345	403.21	7.37829e-06	7.67519
0.000509102	425.476	7.37829e-06	10.4147
0.000523858	458.177	7.37829e-06	11.3148
0.000538615	483.34	7.37829e-06	9.37698
0.000553372	483.913	7.37829e-06	8.14629
0.000568128	511.233	7.37829e-06	10.6918
0.000582885	529.1	7.37829e-06	10.1858
0.000597641	558.855	7.37829e-06	9.45789
0.000612398	564.234	7.37829e-06	9.12466
0.000627154	578.654	7.37829e-06	8.68356
0.000641911	611.798	7.37829e-06	9.49621
0.000656668	631.548	7.37829e-06	12.5366
0.000671424	655.374	7.37829e-06	13.5079
0.000686181	677.667	7.37829e-06	11.236
0.000700937	696.699	7.37829e-06	11.6697
0.000715694	707.686	7.37829e-06	10.0345
0.000730451	738.855	7.37829e-06	15.3973
0.000745207	725.119	7.37829e-06	11.6342
0.000759964	752.527	7.37829e-06	11.1878
0.00077472	791.89	7.37829e-06	15.4573
0.000789477	775.89	7.37829e-06	11.2099
0.000804233	792.407	7.37829e-06	14.4192
0.00081899	806.123	7.37829e-06	14.652
0.000833747	831.263	7.37829e-06	11.703
0.000848503	845.369	7.37829e-06	12.525
0.00086326	836.775	7.37829e-06	11.5028
0.000878016	838.547	7.37829e-06	11.4753
0.000892773	861.371	7.37829e-06	12.3329
0.000907529	906.034	7.37829e-06	25.6347
0.000922286	870.54	7.37829e-06	11.8507
0.000937043	885.407	7.37829e-06	12.2788
0.000951799	885.911	7.37829e-06	11.7326
0.000966556	902.308	7.37829e-06	15.0428
0.000981312	912.158	7.37829e-06	13.0124
0.000996069	963.51	7.37829e-06	55.2846
0.00101083	905.471	7.37829e-06	12.078
0.00102558	914.659	7.37829e-06	15.395
0.00104034	897.659	7.37829e-06	11.4183
0.0010551	921.218	7.37829e-06	15.0277
0.00106985	895.942	7.37829e-06	11.47
0.00108461	919.446	7.37829e-06	13.8927
0.00109936	890.454	7.37829e-06	12.728
0.00111412	899.405	7.37829e-06	14.6279
0.00112888	872.843	7.37829e-06	11.2357
0.00114363	875.411	7.37829e-06	12.8097
0.00115839	941.135	7.37829e-06	51.2928
0.00117315	855.238	7.37829e-06	12.7704
0.0011879	853.978	7.37829e-06	11.7137
0.00120266	827.737	7.37829e-06	11.5037
0.00121742	833.148	7.37829e-06	12.0281
0.00123217	825.107	7.37829e-06	11.2514
0.00124693	830.354	7.37829e-06	16.8861
0.00126169	809.238	7.37829e-06	12.3613
0.00127644	768.647	7.37829e-06	10.4538
0.0012912	770.601	7.37829e-06	11.4237
0.00130596	749.234	7.37829e-06	12.1698
0.00132071	737.658	7.37829e-06	12.1643
0.00133547	726.498	7.37829e-06	10.8698
0.00135023	705.115	7.37829e-06	11.2928
0.00136498	717.819	7.37829e-06	15.8867
0.00137974	699.675	7.37829e-06	20.3972
0.0013945	649.473	7.37829e-06	9.63099
0.00140925	660.891	7.37829e-06	10.4459
0.00142401	652.932	7.37829e-06	16.3819
0.00143877	633.22	7.37829e-06	14.8392
0.00145352	620.026	7.37829e-06	13.7034
0.00146828	588.388	7.37829e-06	10.484
0.00148304	567.185	7.37829e-06	10.5516
0.00149779	548.769	7.37829e-06	9.67502
0.00151255	520.14	7.37829e-06	8.97949
0.00152731	525.961	7.37829e-06	8.86038
0.00154206	517.888	7.37829e-06	9.47783
0.00155682	492.804	7.37829e-06	10.1538
0.00157158	478.761	7.37829e-06	10.652
0.00158633	451.257	7.37829e-06	7.73725
0.00160109	445.206	7.37829e-06	10.7835
0.00161585	445.648	7.37829e-06	9.07557
0.0016306	391.54	7.37829e-06	7.67593
0.00164536	383.851	7.37829e-06	7.74313
0.00166011	371.973	7.37829e-06	6.81428
0.00167487	363.857	7.37829e-06	7.85733
0.00168963	340.133	7.37829e-06	6.86521
0.00170438	332.917	7.37829e-06	7.12517
0.00171914	311.014	7.37829e-06	6.64602
0.0017339	299.007	7.37829e-06	7.30435
0.00174865	300.506	7.37829e-06	9.88555
0.00176341	267.061	7.37829e-06	6.43342
0.00177817	266.047	7.37829e-06	6.36826
0.00179292	269.512	7.37829e-06	11.1668
0.00180768	237.582	7.37829e-06	8.52387
0.00182244	235.907	7.37829e-06	6.74133
0.00183719	224.527	7.37829e-06	6.63857
0.00185195	215.137	7.37829e-06	5.76383
0.00186671	195.323	7.37829e-06	7.16579
0.00188146	180.685	7.37829e-06	5.3649
0.00189622	174.495	7.37829e-06	4.73308
0.00191098	167.14	7.37829e-06	5.32554
0.00192573	152.216	7.37829e-06	4.33252
0.00194049	160.808	7.37829e-06	6.93652
0.00195525	130.825	7.37829e-06	4.12569
0.00197	124.021	7.37829e-06	4.37162
0.00198476	121.233	7.37829e-06	4.23455
0.00199952	114.054	7.37829e-06	4.06931
0.00201427	101.857	7.37829e-06	3.48025
0.00202903	101.7	7.37829e-06	4.3336
0.00204379	97.325	7.37829e-06	3.41197
0.00205854	80.8687	7.37829e-06	3.02129
0.0020733	78.1034	7.37829e-06	3.07963
0.00208806	75.5476	7.37829e-06	3.17253
0.00210281	67.6241	7.37829e-06	3.0401
0.00211757	69.2716	7.37829e-06	3.68446
0.00213233	65.3225	7.37829e-06	3.68627
0.00214708	60.886	7.37829e-06	3.37202
0.00216184	51.9544	7.37829e-06	2.25938
0.00217659	51.0305	7.37829e-06	2.61973
0.00219135	38.6432	7.37829e-06	1.94432
0.00220611	41.9605	7.37829e-06	2.2757
0.00222086	38.4611	7.37829e-06	2.17234
0.00223562	38.3434	7.37829e-06	2.156
0.00225038	35.3857	7.37829e-06	2.45985
0.00226513	27.9293	7.37829e-06	2.20062
0.00227989	30.9785	7.37829e-06	2.52943
0.00229465	24.5908	7.37829e-06	1.67297
0.0023094	22.2969	7.37829e-06	1.63669
0.00232416	21.4239	7.37829e-06	2.1639
0.00233892	18.026	7.37829e-06	1.44538
0.00235367	17.0914	7.37829e-06	1.93755
0.00236843	16.196	7.37829e-06	1.70517
0.00238319	14.1391	7.37829e-06	1.54584
0.00239794	9.84541	7.37829e-06	0.873421
0.0024127	12.3116	7.37829e-06	1.61826
0.00242746	8.12789	7.37829e-06	0.95241
0.00244221	7.99459	7.37829e-06	1.11668
0.00245697	8.51232	7.37829e-06	0.987059
0.00247173	6.02572	7.37829e-06	0.73603
0.00248648	5.32824	7.37829e-06	0.674381
0.00250124	4.40141	7.37829e-06	0.626692
0.002516	3.44679	7.37829e-06	0.540529
0.00253075	1.97436	7.37829e-06	0.415853
0.00254551	1.46279	7.37829e-06	0.356741
0.00256027	0.80136	7.37829e-06	0.234832
0.00257502	0.290201	7.37829e-06	0.14627
