7.37093e-06	0.166205	7.37093e-06	0.104733
2.21128e-05	1.06781	7.37093e-06	0.297815
3.68546e-05	1.88363	7.37093e-06	0.307837
5.15965e-05	4.15879	7.37093e-06	0.598909
6.63383e-05	7.39832	7.37093e-06	0.724199
8.10802e-05	12.4299	7.37093e-06	0.999847
9.5822e-05	14.341	7.37093e-06	1.12204
0.000110564	21.3423	7.37093e-06	1.44691
0.000125306	26.4424	7.37093e-06	1.4516
0.000140048	39.9774	7.37093e-06	2.50318
0.000154789	46.0916	7.37093e-06	2.17194
0.000169531	57.6699	7.37093e-06	3.97562
0.000184273	64.33	7.37093e-06	3.2603
0.000199015	77.5774	7.37093e-06	3.03268
0.000213757	79.7762	7.37093e-06	2.88066
0.000228499	94.9712	7.37093e-06	3.09534
0.000243241	107.395	7.37093e-06	3.31948
0.000257982	119.598	7.37093e-06	4.42942
0.000272724	139.188	7.37093e-06	4.93787
0.000287466	163.437	7.37093e-06	6.85201
0.000302208	160.961	7.37093e-06	4.14018
0.00031695	177.332	7.37093e-06	5.00509
0.000331692	199.045	7.37093e-06	4.95598
0.000346434	203.152	7.37093e-06	4.4722
0.000361175	247.395	7.37093e-06	6.80405
0.000375917	237.727	7.37093e-06	5.35114
0.000390659	287.227	7.37093e-06	10.6168
0.000405401	289.61	7.37093e-06	5.86397
0.000420143	302.586	7.37093e-06	5.86061
0.000434885	371.698	7.37093e-06	20.8669
0.000449626	337.897	7.37093e-06	6.31393
0.000464368	350.105	7.37093e-06	6.64277
0.00047911	387.922	7.37093e-06	8.54146
0.000493852	405.897	7.37093e-06	8.29086
0.000508594	432.075	7.37093e-06	7.30707
0.000523336	457.371	7.37093e-06	9.38578
0.000538078	485.892	7.37093e-06	12.312
0.000552819	521.906	7.37093e-06	16.2264
0.000567561	517.789	7.37093e-06	9.41297
0.000582303	528.574	7.37093e-06	8.75842
0.000597045	551.793	7.37093e-06	9.39577
0.000611787	564.911	7.37093e-06	8.67794
0.000626529	591.378	7.37093e-06	10.4697
0.000641271	649.108	7.37093e-06	37.9216
0.000656012	603.841	7.37093e-06	8.87428
0.000670754	636.536	7.37093e-06	10.5615
0.000685496	660.065	7.37093e-06	10.2617
0.000700238	665.668	7.37093e-06	10.0444
0.00071498	708.019	7.37093e-06	10.6352
0.000729722	699.94	7.37093e-06	9.36397
0.000744464	725.363	7.37093e-06	10.6852
0.000759205	743.492	7.37093e-06	11.2612
0.000773947	769.762	7.37093e-06	12.4984
0.000788689	768.334	7.37093e-06	10.6415
0.000803431	783.785	7.37093e-06	13.8805
0.000818173	784.08	7.37093e-06	11.9422
0.000832915	803.786	7.37093e-06	11.2413
0.000847656	870.426	7.37093e-06	18.6089
0.000862398	839.494	7.37093e-06	12.918
0.00087714	865.968	7.37093e-06	12.4373
0.000891882	889.435	7.37093e-06	14.1623
0.000906624	858.681	7.37093e-06	11.0932
0.000921366	870.609	7.37093e-06	11.8442
0.000936108	867.478	7.37093e-06	11.9684
0.000950849	949.278	7.37093e-06	43.4361
0.000965591	898.906	7.37093e-06	13.3218
0.000980333	894.226	7.37093e-06	12.4827
0.000995075	883.965	7.37093e-06	11.5256
0.00100982	900.665	7.37093e-06	13.873
0.00102456	906.596	7.37093e-06	12.6678
0.0010393	899.978	7.37093e-06	13.7797
0.00105404	914.428	7.37093e-06	12.4114
0.00106878	919.405	7.37093e-06	20.2576
0.00108353	906.962	7.37093e-06	12.4077
0.00109827	913.417	7.37093e-06	12.7216
0.00111301	870.363	7.37093e-06	12.1762
0.00112775	875.16	7.37093e-06	12.5648
0.00114249	873.658	7.37093e-06	11.9107
0.00115724	876.244	7.37093e-06	13.0213
0.00117198	879.79	7.37093e-06	14.0948
0.00118672	873.902	7.37093e-06	14.309
0.00120146	841.975	7.37093e-06	15.9953
0.0012162	831.138	7.37093e-06	11.6246
0.00123094	839.064	7.37093e-06	16.3459
0.00124569	835.067	7.37093e-06	12.5966
0.00126043	815.711	7.37093e-06	14.5409
0.00127517	805.649	7.37093e-06	14.2793
0.00128991	800.046	7.37093e-06	12.8669
0.00130465	770.256	7.37093e-06	13.2191
0.0013194	738.979	7.37093e-06	11.5497
0.00133414	719.831	7.37093e-06	11.0694
0.00134888	729.099	7.37093e-06	13.3938
0.00136362	698.587	7.37093e-06	11.3789
0.00137836	699.943	7.37093e-06	14.1254
0.0013931	687.448	7.37093e-06	14.062
0.00140785	653.66	7.37093e-06	11.5119
0.00142259	654.18	7.37093e-06	13.6166
0.00143733	688.502	7.37093e-06	37.1208
0.00145207	594.976	7.37093e-06	9.64601
0.00146681	636.851	7.37093e-06	23.595
0.00148156	569.342	7.37093e-06	11.4498
0.0014963	556.287	7.37093e-06	10.4943
0.00151104	531.576	7.37093e-06	10.2166
0.00152578	517.613	7.37093e-06	9.66607
0.00154052	545.282	7.37093e-06	17.2601
0.00155527	487.155	7.37093e-06	10.3271
0.00157001	469.866	7.37093e-06	11.1331
0.00158475	458.329	7.37093e-06	9.19532
0.00159949	460.17	7.37093e-06	11.0996
0.00161423	422.292	7.37093e-06	9.92106
0.00162897	397.783	7.37093e-06	8.21507
0.00164372	397.341	7.37093e-06	8.77287
0.00165846	394.488	7.37093e-06	12.4506
0.0016732	358.306	7.37093e-06	8.38064
0.00168794	337.744	7.37093e-06	7.81721
0.00170268	337.808	7.37093e-06	9.58251
0.00171743	315.769	7.37093e-06	7.92703
0.00173217	301.021	7.37093e-06	7.85059
0.00174691	292.669	7.37093e-06	9.23289
0.00176165	280.672	7.37093e-06	8.78251
0.00177639	259.077	7.37093e-06	7.20303
0.00179113	266.946	7.37093e-06	11.6008
0.00180588	224.933	7.37093e-06	7.1856
0.00182062	247.525	7.37093e-06	13.5113
0.00183536	233.772	7.37093e-06	19.0803
0.0018501	201.338	7.37093e-06	6.93899
0.00186484	194.488	7.37093e-06	6.67479
0.00187959	192.172	7.37093e-06	6.69901
0.00189433	160.534	7.37093e-06	5.11966
0.00190907	170.919	7.37093e-06	6.09596
0.00192381	155.464	7.37093e-06	5.23214
0.00193855	145.141	7.37093e-06	5.10503
0.0019533	141.543	7.37093e-06	6.83739
0.00196804	123.957	7.37093e-06	5.58086
0.00198278	125.362	7.37093e-06	5.69303
0.00199752	128.395	7.37093e-06	6.1695
0.00201226	110.744	7.37093e-06	4.76701
0.002027	107.698	7.37093e-06	5.12907
0.00204175	91.6011	7.37093e-06	3.84248
0.00205649	96.9072	7.37093e-06	5.85084
0.00207123	81.8348	7.37093e-06	4.54435
0.00208597	80.9145	7.37093e-06	4.67275
0.00210071	75.5969	7.37093e-06	4.0791
0.00211546	72.2022	7.37093e-06	4.26517
0.0021302	61.6598	7.37093e-06	3.72534
0.00214494	58.4519	7.37093e-06	3.29865
0.00215968	55.8064	7.37093e-06	4.36245
0.00217442	52.2427	7.37093e-06	6.32084
0.00218916	46.2485	7.37093e-06	2.78013
0.00220391	37.1693	7.37093e-06	2.21637
0.00221865	36.9198	7.37093e-06	2.56613
0.00223339	39.1163	7.37093e-06	2.83602
0.00224813	34.358	7.37093e-06	2.50322
0.00226287	27.1649	7.37093e-06	2.06922
0.00227762	24.9954	7.37093e-06	2.18055
0.00229236	27.9664	7.37093e-06	2.41612
0.0023071	22.3944	7.37093e-06	1.78715
0.00232184	19.0148	7.37093e-06	1.71725
0.00233658	22.8209	7.37093e-06	3.75458
0.00235133	25.6049	7.37093e-06	5.82869
0.00236607	13.309	7.37093e-06	1.35623
0.00238081	13.9542	7.37093e-06	1.88039
0.00239555	11.1632	7.37093e-06	1.47561
0.00241029	11.5409	7.37093e-06	1.61182
0.00242503	6.19414	7.37093e-06	1.03482
0.00243978	6.11987	7.37093e-06	1.21857
0.00245452	5.21501	7.37093e-06	0.992949
0.00246926	5.71081	7.37093e-06	0.968583
0.002484	3.96475	7.37093e-06	0.88327
0.00249874	5.46671	7.37093e-06	1.24533
0.00251349	4.43032	7.37093e-06	1.03401
0.00252823	0.937901	7.37093e-06	0.375598
0.00254297	1.31412	7.37093e-06	0.452557
0.00255771	0.694507	7.37093e-06	0.378213
0.00257245	0.292662	7.37093e-06	0.207342
