7.37421e-06	0.0852564	7.37421e-06	0.0602961
2.21226e-05	0.878034	7.37421e-06	0.288604
3.6871e-05	2.39161	7.37421e-06	0.417214
5.16195e-05	4.74362	7.37421e-06	0.74243
6.63679e-05	7.21815	7.37421e-06	0.78423
8.11163e-05	13.9795	7.37421e-06	1.2933
9.58647e-05	19.2413	7.37421e-06	1.67619
0.000110613	22.4036	7.37421e-06	1.34368
0.000125362	42.4853	7.37421e-06	7.33498
0.00014011	37.1977	7.37421e-06	1.95523
0.000154858	46.5656	7.37421e-06	2.65816
0.000169607	52.7327	7.37421e-06	2.30814
0.000184355	64.6505	7.37421e-06	2.89102
0.000199104	80.7121	7.37421e-06	4.53698
0.000213852	85.035	7.37421e-06	3.2761
0.0002286	92.3822	7.37421e-06	3.0172
0.000243349	111.018	7.37421e-06	4.90106
0.000258097	128.055	7.37421e-06	4.75631
0.000272846	137.093	7.37421e-06	4.43974
0.000287594	147.152	7.37421e-06	4.12078
0.000302342	190.638	7.37421e-06	11.6492
0.000317091	184.479	7.37421e-06	4.86618
0.000331839	216.135	7.37421e-06	11.9277
0.000346588	220.224	7.37421e-06	11.0675
0.000361336	225.364	7.37421e-06	5.04852
0.000376085	251.28	7.37421e-06	8.45512
0.000390833	275.1	7.37421e-06	7.43598
0.000405581	311.36	7.37421e-06	21.8816
0.00042033	321.503	7.37421e-06	8.18833
0.000435078	329.553	7.37421e-06	7.35366
0.000449827	340.116	7.37421e-06	6.871
0.000464575	371.269	7.37421e-06	8.0127
0.000479323	386.282	7.37421e-06	7.68562
0.000494072	406.955	7.37421e-06	7.9316
0.00050882	410.946	7.37421e-06	7.58707
0.000523569	442.703	7.37421e-06	10.6697
0.000538317	462.268	7.37421e-06	10.1464
0.000553066	477.518	7.37421e-06	8.18468
0.000567814	520.287	7.37421e-06	11.6471
0.000582562	516.663	7.37421e-06	8.549
0.000597311	561.951	7.37421e-06	10.6709
0.000612059	558.122	7.37421e-06	8.79823
0.000626808	577.295	7.37421e-06	9.86561
0.000641556	617.2	7.37421e-06	10.0113
0.000656304	617.863	7.37421e-06	10.6945
0.000671053	643.822	7.37421e-06	10.3931
0.000685801	665.319	7.37421e-06	9.39259
0.00070055	683.446	7.37421e-06	10.805
0.000715298	693.682	7.37421e-06	11.0824
0.000730047	719.481	7.37421e-06	10.6516
0.000744795	752.144	7.37421e-06	12.3555
0.000759543	761.337	7.37421e-06	15.6274
0.000774292	780.743	7.37421e-06	18.0569
0.00078904	798.764	7.37421e-06	12.4411
0.000803789	796.658	7.37421e-06	12.0922
0.000818537	796.122	7.37421e-06	11.0346
0.000833285	807.789	7.37421e-06	10.3125
0.000848034	843.317	7.37421e-06	16.3631
0.000862782	876.469	7.37421e-06	18.7018
0.000877531	861.84	7.37421e-06	12.1312
0.000892279	898.656	7.37421e-06	42.3479
0.000907027	866.301	7.37421e-06	12.3553
0.000921776	896.555	7.37421e-06	12.345
0.000936524	887.779	7.37421e-06	14.6701
0.000951273	891.92	7.37421e-06	16.3711
0.000966021	893.823	7.37421e-06	12.1565
0.00098077	912.394	7.37421e-06	12.7669
0.000995518	913.071	7.37421e-06	12.8011
0.00101027	894.034	7.37421e-06	12.2526
0.00102501	902.852	7.37421e-06	11.7314
0.00103976	895.534	7.37421e-06	12.3535
0.00105451	893.007	7.37421e-06	11.4979
0.00106926	879.382	7.37421e-06	11.9659
0.00108401	899.494	7.37421e-06	12.4746
0.00109876	939.531	7.37421e-06	14.8451
0.00111351	899.222	7.37421e-06	12.7356
0.00112825	871.982	7.37421e-06	13.1739
0.001143	887.338	7.37421e-06	14.7541
0.00115775	881.665	7.37421e-06	12.3224
0.0011725	877.251	7.37421e-06	13.0487
0.00118725	880.546	7.37421e-06	13.718
0.001202	837.262	7.37421e-06	12.7463
0.00121674	863.776	7.37421e-06	14.2151
0.00123149	823.071	7.37421e-06	11.9703
0.00124624	803.586	7.37421e-06	10.6025
0.00126099	792.392	7.37421e-06	12.0442
0.00127574	794.19	7.37421e-06	14.4779
0.00129049	778.706	7.37421e-06	11.7279
0.00130523	777.422	7.37421e-06	10.9939
0.00131998	741.111	7.37421e-06	12.2836
0.00133473	732.891	7.37421e-06	11.7391
0.00134948	732.864	7.37421e-06	13.385
0.00136423	701.737	7.37421e-06	10.6631
0.00137898	690.58	7.37421e-06	13.1126
0.00139373	668.62	7.37421e-06	10.9578
0.00140847	675.189	7.37421e-06	16.9934
0.00142322	637.722	7.37421e-06	11.6083
0.00143797	632.844	7.37421e-06	10.0266
0.00145272	593.317	7.37421e-06	9.15758
0.00146747	588.904	7.37421e-06	9.03369
0.00148222	559.458	7.37421e-06	14.8585
0.00149696	581.137	7.37421e-06	12.5426
0.00151171	571.304	7.37421e-06	11.4763
0.00152646	525.509	7.37421e-06	10.3207
0.00154121	514.325	7.37421e-06	10.7805
0.00155596	472.669	7.37421e-06	8.12083
0.00157071	478.002	7.37421e-06	10.0184
0.00158545	459.082	7.37421e-06	10.0548
0.0016002	431.504	7.37421e-06	8.2874
0.00161495	433.086	7.37421e-06	9.29321
0.0016297	419.16	7.37421e-06	9.54921
0.00164445	404.356	7.37421e-06	10.4105
0.0016592	371.676	7.37421e-06	7.23302
0.00167395	370.198	7.37421e-06	8.561
0.00168869	358.764	7.37421e-06	10.6012
0.00170344	330.976	7.37421e-06	7.57655
0.00171819	331.687	7.37421e-06	10.717
0.00173294	301.703	7.37421e-06	6.8654
0.00174769	290.352	7.37421e-06	7.90622
0.00176244	285.004	7.37421e-06	7.63899
0.00177718	250.81	7.37421e-06	5.27577
0.00179193	245.966	7.37421e-06	6.69395
0.00180668	232.929	7.37421e-06	5.33216
0.00182143	249.339	7.37421e-06	11.3877
0.00183618	212.687	7.37421e-06	5.24287
0.00185093	210.64	7.37421e-06	7.30491
0.00186567	194.57	7.37421e-06	5.70894
0.00188042	181.743	7.37421e-06	5.03651
0.00189517	174.98	7.37421e-06	5.71995
0.00190992	175.837	7.37421e-06	8.82676
0.00192467	158.048	7.37421e-06	4.95981
0.00193942	151.108	7.37421e-06	4.97201
0.00195416	129.827	7.37421e-06	4.01991
0.00196891	129.903	7.37421e-06	4.178
0.00198366	120.341	7.37421e-06	4.08113
0.00199841	128.319	7.37421e-06	9.58976
0.00201316	113.398	7.37421e-06	5.19694
0.00202791	94.4457	7.37421e-06	3.7185
0.00204266	91.5902	7.37421e-06	3.65067
0.0020574	88.6406	7.37421e-06	4.02086
0.00207215	85.4287	7.37421e-06	3.59834
0.0020869	79.544	7.37421e-06	3.84489
0.00210165	68.7827	7.37421e-06	2.94767
0.0021164	66.2646	7.37421e-06	3.69191
0.00213115	66.583	7.37421e-06	3.17999
0.00214589	61.3281	7.37421e-06	3.92749
0.00216064	51.3419	7.37421e-06	2.72364
0.00217539	49.4275	7.37421e-06	2.52673
0.00219014	45.4285	7.37421e-06	2.55267
0.00220489	40.8804	7.37421e-06	2.08283
0.00221964	43.3906	7.37421e-06	3.09074
0.00223438	37.4719	7.37421e-06	2.09781
0.00224913	34.6789	7.37421e-06	1.98268
0.00226388	27.8501	7.37421e-06	1.7255
0.00227863	25.2846	7.37421e-06	1.72867
0.00229338	27.1612	7.37421e-06	2.71109
0.00230813	24.1556	7.37421e-06	1.61675
0.00232288	17.5912	7.37421e-06	1.23617
0.00233762	15.8411	7.37421e-06	1.2748
0.00235237	14.8478	7.37421e-06	1.23323
0.00236712	16.0489	7.37421e-06	1.50683
0.00238187	12.5345	7.37421e-06	1.24591
0.00239662	10.9981	7.37421e-06	1.18251
0.00241137	8.48335	7.37421e-06	0.831283
0.00242611	9.59071	7.37421e-06	0.947096
0.00244086	7.85151	7.37421e-06	0.826246
0.00245561	7.00088	7.37421e-06	0.758851
0.00247036	6.00674	7.37421e-06	0.722424
0.00248511	5.38653	7.37421e-06	0.652313
0.00249986	3.55884	7.37421e-06	0.56448
0.0025146	3.11995	7.37421e-06	0.50494
0.00252935	2.51261	7.37421e-06	0.449432
0.0025441	2.03469	7.37421e-06	0.413986
0.00255885	1.13897	7.37421e-06	0.291902
0.0025736	0.728055	7.37421e-06	0.220154
