0	1107.72	7.33903e-06	3.63404
1.46781e-05	1107.46	7.33903e-06	3.59176
2.93561e-05	1106.98	7.33903e-06	3.57345
4.40342e-05	1105.9	7.33903e-06	3.54168
5.87122e-05	1104.77	7.33903e-06	3.52267
7.33903e-05	1102.66	7.33903e-06	3.4746
8.80684e-05	1100.69	7.33903e-06	3.45072
0.000102746	1098.31	7.33903e-06	3.42357
0.000117424	1095.3	7.33903e-06	3.39125
0.000132103	1092.05	7.33903e-06	3.35938
0.000146781	1088.57	7.33903e-06	3.3333
0.000161459	1084.64	7.33903e-06	3.3052
0.000176137	1080.4	7.33903e-06	3.27872
0.000190815	1075.54	7.33903e-06	3.24644
0.000205493	1070.64	7.33903e-06	3.21536
0.000220171	1065.28	7.33903e-06	3.18685
0.000234849	1059.7	7.33903e-06	3.16035
0.000249527	1053.78	7.33903e-06	3.13307
0.000264205	1047	7.33903e-06	3.0975
0.000278883	1040.08	7.33903e-06	3.06212
0.000293561	1032.64	7.33903e-06	3.02797
0.000308239	1024.93	7.33903e-06	2.99043
0.000322917	1016.96	7.33903e-06	2.95942
0.000337595	1008.73	7.33903e-06	2.92845
0.000352273	1000.48	7.33903e-06	2.90047
0.000366952	991.749	7.33903e-06	2.86913
0.00038163	982.048	7.33903e-06	2.81552
0.000396308	972.454	7.33903e-06	2.78295
0.000410986	963.439	7.33903e-06	2.75709
0.000425664	952.801	7.33903e-06	2.71274
0.000440342	942.845	7.33903e-06	2.68352
0.00045502	932.222	7.33903e-06	2.64558
0.000469698	921.321	7.33903e-06	2.61475
0.000484376	910.475	7.33903e-06	2.58446
0.000499054	899.42	7.33903e-06	2.55424
0.000513732	887.599	7.33903e-06	2.50641
0.00052841	875.647	7.33903e-06	2.47331
0.000543088	863.441	7.33903e-06	2.44092
0.000557766	850.989	7.33903e-06	2.40584
0.000572444	838.761	7.33903e-06	2.37671
0.000587122	825.887	7.33903e-06	2.32001
0.0006018	813.023	7.33903e-06	2.28618
0.000616479	799.438	7.33903e-06	2.22976
0.000631157	786.034	7.33903e-06	2.19551
0.000645835	773.181	7.33903e-06	2.16618
0.000660513	759.335	7.33903e-06	2.12634
0.000675191	745.73	7.33903e-06	2.09439
0.000689869	731.827	7.33903e-06	2.05988
0.000704547	717.459	7.33903e-06	2.02422
0.000719225	703.556	7.33903e-06	1.99305
0.000733903	689.349	7.33903e-06	1.95186
0.000748581	675.043	7.33903e-06	1.89843
0.000763259	660.884	7.33903e-06	1.86581
0.000777937	646.755	7.33903e-06	1.83419
0.000792615	632.402	7.33903e-06	1.80097
0.000807293	617.864	7.33903e-06	1.76789
0.000821971	603.637	7.33903e-06	1.73842
0.000836649	589.491	7.33903e-06	1.70711
0.000851328	574.849	7.33903e-06	1.67025
0.000866006	560.732	7.33903e-06	1.64006
0.000880684	546.179	7.33903e-06	1.61045
0.000895362	532.301	7.33903e-06	1.58297
0.00091004	518.132	7.33903e-06	1.5502
0.000924718	503.632	7.33903e-06	1.5186
0.000939396	489.779	7.33903e-06	1.49104
0.000954074	476.024	7.33903e-06	1.46083
0.000968752	462.118	7.33903e-06	1.43251
0.00098343	448.698	7.33903e-06	1.40752
0.000998108	435.176	7.33903e-06	1.38042
0.00101279	422.087	7.33903e-06	1.35597
0.00102746	408.713	7.33903e-06	1.32582
0.00104214	396.075	7.33903e-06	1.30336
0.00105682	383.467	7.33903e-06	1.28082
0.0010715	370.65	7.33903e-06	1.24837
0.00108618	358.344	7.33903e-06	1.22473
0.00110085	346.183	7.33903e-06	1.20267
0.00111553	334.228	7.33903e-06	1.17636
0.00113021	322.625	7.33903e-06	1.156
0.00114489	310.971	7.33903e-06	1.13047
0.00115957	299.598	7.33903e-06	1.09813
0.00117424	288.556	7.33903e-06	1.04007
0.00118892	277.37	7.33903e-06	1.00215
0.0012036	266.078	7.33903e-06	0.927469
0.00121828	255.584	7.33903e-06	0.906736
0.00123296	245.199	7.33903e-06	0.876976
0.00124764	235.452	7.33903e-06	0.8579
0.00126231	226.029	7.33903e-06	0.840721
0.00127699	216.553	7.33903e-06	0.8217
0.00129167	207.121	7.33903e-06	0.800118
0.00130635	198.297	7.33903e-06	0.783593
0.00132103	189.71	7.33903e-06	0.768205
0.0013357	181.077	7.33903e-06	0.748825
0.00135038	173.214	7.33903e-06	0.733064
0.00136506	165.15	7.33903e-06	0.707141
0.00137974	157.178	7.33903e-06	0.653496
0.00139442	150.11	7.33903e-06	0.632414
0.00140909	143.046	7.33903e-06	0.617362
0.00142377	136.255	7.33903e-06	0.603927
0.00143845	129.519	7.33903e-06	0.588955
0.00145313	123.13	7.33903e-06	0.575113
0.00146781	117.086	7.33903e-06	0.562995
0.00148248	111.018	7.33903e-06	0.547802
0.00149716	105.196	7.33903e-06	0.535321
0.00151184	99.8374	7.33903e-06	0.524724
0.00152652	94.4968	7.33903e-06	0.512673
0.0015412	89.2731	7.33903e-06	0.49364
0.00155587	84.5836	7.33903e-06	0.483384
0.00157055	80.0244	7.33903e-06	0.473786
0.00158523	75.6544	7.33903e-06	0.465568
0.00159991	71.2875	7.33903e-06	0.452655
0.00161459	66.743	7.33903e-06	0.365774
0.00162926	62.6425	7.33903e-06	0.340357
0.00164394	59.0815	7.33903e-06	0.330958
0.00165862	55.6544	7.33903e-06	0.323105
0.0016733	52.3393	7.33903e-06	0.314257
0.00168798	49.0848	7.33903e-06	0.300974
0.00170266	45.9443	7.33903e-06	0.286067
0.00171733	43.0663	7.33903e-06	0.277841
0.00173201	40.437	7.33903e-06	0.264099
0.00174669	37.8637	7.33903e-06	0.256846
0.00176137	35.2294	7.33903e-06	0.237227
0.00177605	32.9056	7.33903e-06	0.228794
0.00179072	30.6867	7.33903e-06	0.220357
0.0018054	28.4763	7.33903e-06	0.210646
0.00182008	26.5612	7.33903e-06	0.204526
0.00183476	24.6171	7.33903e-06	0.197142
0.00184944	22.941	7.33903e-06	0.18996
0.00186411	21.2313	7.33903e-06	0.173561
0.00187879	19.7361	7.33903e-06	0.164997
0.00189347	18.256	7.33903e-06	0.158605
0.00190815	16.917	7.33903e-06	0.153185
0.00192283	15.6023	7.33903e-06	0.146013
0.0019375	14.4045	7.33903e-06	0.140796
0.00195218	13.3089	7.33903e-06	0.135697
0.00196686	12.1721	7.33903e-06	0.126472
0.00198154	11.215	7.33903e-06	0.122164
0.00199622	10.2705	7.33903e-06	0.115438
0.00201089	9.45087	7.33903e-06	0.109363
0.00202557	8.65077	7.33903e-06	0.10482
0.00204025	7.91113	7.33903e-06	0.100283
0.00205493	7.24759	7.33903e-06	0.0960906
0.00206961	6.60739	7.33903e-06	0.0905667
0.00208428	6.04685	7.33903e-06	0.0874774
0.00209896	5.45667	7.33903e-06	0.080279
0.00211364	4.99308	7.33903e-06	0.0776301
0.00212832	4.48325	7.33903e-06	0.0727183
0.002143	4.00244	7.33903e-06	0.0680655
0.00215767	3.59747	7.33903e-06	0.0632185
0.00217235	3.27616	7.33903e-06	0.0603844
0.00218703	2.97817	7.33903e-06	0.0579437
0.00220171	2.68216	7.33903e-06	0.0549984
0.00221639	2.40121	7.33903e-06	0.0528753
0.00223107	2.12333	7.33903e-06	0.0487755
0.00224574	1.83672	7.33903e-06	0.0447342
0.00226042	1.61319	7.33903e-06	0.0421534
0.0022751	1.44456	7.33903e-06	0.0405641
0.00228978	1.24168	7.33903e-06	0.0359561
0.00230446	1.09079	7.33903e-06	0.0341291
0.00231913	0.926056	7.33903e-06	0.0307926
0.00233381	0.80964	7.33903e-06	0.0293184
0.00234849	0.694771	7.33903e-06	0.0274091
0.00236317	0.590886	7.33903e-06	0.0252947
0.00237785	0.497713	7.33903e-06	0.0235684
0.00239252	0.412495	7.33903e-06	0.0214264
0.0024072	0.337251	7.33903e-06	0.0194989
0.00242188	0.279514	7.33903e-06	0.018044
0.00243656	0.222829	7.33903e-06	0.0163043
0.00245124	0.15591	7.33903e-06	0.0110503
0.00246591	0.121191	7.33903e-06	0.00974705
0.00248059	0.0812509	7.33903e-06	0.00792043
0.00249527	0.0594789	7.33903e-06	0.00710847
0.00250995	0.0429575	7.33903e-06	0.00621534
0.00252463	0.0257828	7.33903e-06	0.00399866
0.0025393	0.0153909	7.33903e-06	0.00314138
0.00255398	0.0048238	7.33903e-06	0.00170803
0.00256866	0.00161822	7.33903e-06	0.00101182
