0	1177.94	7.37795e-06	4.5238
1.47559e-05	1177.45	7.37795e-06	4.40621
2.95118e-05	1176.63	7.37795e-06	4.36577
4.42677e-05	1175.32	7.37795e-06	4.32983
5.90236e-05	1174	7.37795e-06	4.31028
7.37795e-05	1171.35	7.37795e-06	4.24791
8.85354e-05	1168.75	7.37795e-06	4.21637
0.000103291	1164.6	7.37795e-06	4.1046
0.000118047	1160.55	7.37795e-06	4.06274
0.000132803	1156.29	7.37795e-06	4.02515
0.000147559	1151.15	7.37795e-06	3.98081
0.000162315	1145.89	7.37795e-06	3.94259
0.000177071	1140	7.37795e-06	3.89982
0.000191827	1133.95	7.37795e-06	3.86241
0.000206582	1127.24	7.37795e-06	3.8232
0.000221338	1119.95	7.37795e-06	3.78096
0.000236094	1112.44	7.37795e-06	3.73734
0.00025085	1101.96	7.37795e-06	3.43676
0.000265606	1093.33	7.37795e-06	3.39126
0.000280362	1084.13	7.37795e-06	3.33646
0.000295118	1074.26	7.37795e-06	3.28511
0.000309874	1064.17	7.37795e-06	3.23719
0.00032463	1053.97	7.37795e-06	3.19234
0.000339386	1042.63	7.37795e-06	3.1298
0.000354141	1031.66	7.37795e-06	3.0832
0.000368897	1019.89	7.37795e-06	3.02932
0.000383653	1008.03	7.37795e-06	2.98236
0.000398409	995.827	7.37795e-06	2.93347
0.000413165	983.447	7.37795e-06	2.88307
0.000427921	970.792	7.37795e-06	2.81869
0.000442677	958.064	7.37795e-06	2.77643
0.000457433	944.734	7.37795e-06	2.72555
0.000472189	931.413	7.37795e-06	2.67835
0.000486944	918.285	7.37795e-06	2.63722
0.0005017	903.768	7.37795e-06	2.56707
0.000516456	890.267	7.37795e-06	2.52553
0.000531212	875.919	7.37795e-06	2.47527
0.000545968	861.191	7.37795e-06	2.42878
0.000560724	846.689	7.37795e-06	2.38587
0.00057548	832.203	7.37795e-06	2.34332
0.000590236	818.096	7.37795e-06	2.30615
0.000604992	803.262	7.37795e-06	2.26354
0.000619747	788.739	7.37795e-06	2.22587
0.000634503	773.639	7.37795e-06	2.18543
0.000649259	757.942	7.37795e-06	2.13902
0.000664015	742.514	7.37795e-06	2.09853
0.000678771	727.208	7.37795e-06	2.05812
0.000693527	711.516	7.37795e-06	2.00926
0.000708283	695.959	7.37795e-06	1.96707
0.000723039	680.622	7.37795e-06	1.92911
0.000737795	665.199	7.37795e-06	1.8899
0.000752551	649.893	7.37795e-06	1.84726
0.000767306	634.729	7.37795e-06	1.81002
0.000782062	619.088	7.37795e-06	1.76839
0.000796818	603.807	7.37795e-06	1.73107
0.000811574	589.133	7.37795e-06	1.69646
0.00082633	573.303	7.37795e-06	1.62203
0.000841086	557.761	7.37795e-06	1.57785
0.000855842	542.532	7.37795e-06	1.53839
0.000870598	527.971	7.37795e-06	1.50661
0.000885354	513.792	7.37795e-06	1.4775
0.000900109	499.314	7.37795e-06	1.44582
0.000914865	484.883	7.37795e-06	1.41242
0.000929621	470.507	7.37795e-06	1.37628
0.000944377	456.147	7.37795e-06	1.34472
0.000959133	442.394	7.37795e-06	1.31771
0.000973889	428.538	7.37795e-06	1.28671
0.000988645	414.953	7.37795e-06	1.2534
0.0010034	401.655	7.37795e-06	1.22465
0.00101816	388.573	7.37795e-06	1.19678
0.00103291	375.777	7.37795e-06	1.17003
0.00104767	362.966	7.37795e-06	1.13041
0.00106242	350.315	7.37795e-06	1.10141
0.00107718	337.859	7.37795e-06	1.06619
0.00109194	325.551	7.37795e-06	1.03842
0.00110669	313.951	7.37795e-06	1.01613
0.00112145	302.55	7.37795e-06	0.993838
0.0011362	291.128	7.37795e-06	0.961254
0.00115096	279.489	7.37795e-06	0.919754
0.00116572	268.834	7.37795e-06	0.900149
0.00118047	258.532	7.37795e-06	0.880432
0.00119523	248.135	7.37795e-06	0.855885
0.00120998	237.983	7.37795e-06	0.83337
0.00122474	227.96	7.37795e-06	0.809599
0.00123949	218.511	7.37795e-06	0.787037
0.00125425	209.303	7.37795e-06	0.768652
0.00126901	199.886	7.37795e-06	0.690301
0.00128376	191.189	7.37795e-06	0.670739
0.00129852	182.884	7.37795e-06	0.654665
0.00131327	174.783	7.37795e-06	0.63533
0.00132803	166.658	7.37795e-06	0.60984
0.00134279	159.057	7.37795e-06	0.594072
0.00135754	151.48	7.37795e-06	0.575244
0.0013723	144.266	7.37795e-06	0.556957
0.00138705	137.356	7.37795e-06	0.536144
0.00140181	130.624	7.37795e-06	0.516934
0.00141657	124.033	7.37795e-06	0.500545
0.00143132	117.681	7.37795e-06	0.475263
0.00144608	111.737	7.37795e-06	0.462109
0.00146083	105.798	7.37795e-06	0.438199
0.00147559	100.346	7.37795e-06	0.42623
0.00149035	94.9917	7.37795e-06	0.412627
0.0015051	89.6953	7.37795e-06	0.392997
0.00151986	84.8022	7.37795e-06	0.379121
0.00153461	79.9486	7.37795e-06	0.360909
0.00154937	75.4904	7.37795e-06	0.350801
0.00156412	71.3341	7.37795e-06	0.341284
0.00157888	67.2264	7.37795e-06	0.331896
0.00159364	63.2422	7.37795e-06	0.319416
0.00160839	59.2568	7.37795e-06	0.286968
0.00162315	55.7072	7.37795e-06	0.273941
0.0016379	52.3826	7.37795e-06	0.26509
0.00165266	49.2019	7.37795e-06	0.256624
0.00166742	46.1208	7.37795e-06	0.245871
0.00168217	43.1835	7.37795e-06	0.234519
0.00169693	40.4069	7.37795e-06	0.226326
0.00171168	37.8226	7.37795e-06	0.219437
0.00172644	35.3271	7.37795e-06	0.203189
0.0017412	32.9942	7.37795e-06	0.195594
0.00175595	30.8339	7.37795e-06	0.18934
0.00177071	28.8056	7.37795e-06	0.183565
0.00178546	26.8016	7.37795e-06	0.175208
0.00180022	25.0405	7.37795e-06	0.169686
0.00181497	23.3091	7.37795e-06	0.164264
0.00182973	21.6642	7.37795e-06	0.1591
0.00184449	20.052	7.37795e-06	0.146398
0.00185924	18.5766	7.37795e-06	0.141592
0.001874	17.1648	7.37795e-06	0.134553
0.00188875	15.9264	7.37795e-06	0.129664
0.00190351	14.7146	7.37795e-06	0.125216
0.00191827	13.577	7.37795e-06	0.119871
0.00193302	12.4842	7.37795e-06	0.115317
0.00194778	11.4651	7.37795e-06	0.110424
0.00196253	10.5107	7.37795e-06	0.0955404
0.00197729	9.64216	7.37795e-06	0.0909439
0.00199205	8.84052	7.37795e-06	0.0855734
0.0020068	8.08529	7.37795e-06	0.0804721
0.00202156	7.38142	7.37795e-06	0.0770505
0.00203631	6.70584	7.37795e-06	0.0713242
0.00205107	6.11103	7.37795e-06	0.067033
0.00206582	5.61157	7.37795e-06	0.0646903
0.00208058	5.09536	7.37795e-06	0.0609657
0.00209534	4.64639	7.37795e-06	0.0582427
0.00211009	4.19001	7.37795e-06	0.055382
0.00212485	3.76515	7.37795e-06	0.0468914
0.0021396	3.42559	7.37795e-06	0.0449435
0.00215436	3.06817	7.37795e-06	0.042324
0.00216912	2.74196	7.37795e-06	0.0399965
0.00218387	2.4555	7.37795e-06	0.0375779
0.00219863	2.19654	7.37795e-06	0.0354595
0.00221338	1.97411	7.37795e-06	0.0326926
0.00222814	1.75012	7.37795e-06	0.0305246
0.0022429	1.55557	7.37795e-06	0.0287244
0.00225765	1.37164	7.37795e-06	0.0270771
0.00227241	1.20496	7.37795e-06	0.0248794
0.00228716	1.05222	7.37795e-06	0.0230504
0.00230192	0.908533	7.37795e-06	0.0203923
0.00231668	0.769404	7.37795e-06	0.0179686
0.00233143	0.65063	7.37795e-06	0.0162954
0.00234619	0.555661	7.37795e-06	0.014876
0.00236094	0.461162	7.37795e-06	0.01328
0.0023757	0.390738	7.37795e-06	0.0122441
0.00239045	0.327368	7.37795e-06	0.0112135
0.00240521	0.262613	7.37795e-06	0.00966254
0.00241997	0.210195	7.37795e-06	0.00854425
0.00243472	0.164131	7.37795e-06	0.0074519
0.00244948	0.126233	7.37795e-06	0.00654779
0.00246423	0.0998412	7.37795e-06	0.00579513
0.00247899	0.0701944	7.37795e-06	0.00476129
0.00249375	0.0517263	7.37795e-06	0.00410905
0.0025085	0.0352675	7.37795e-06	0.00346042
0.00252326	0.0230075	7.37795e-06	0.0028474
0.00253801	0.00894256	7.37795e-06	0.00155444
0.00255277	0.00333627	7.37795e-06	0.000933611
0.00256753	0.00125671	7.37795e-06	0.000567432
