0	1106.13	7.34059e-06	3.92247
1.46812e-05	1105.9	7.34059e-06	3.89209
2.93624e-05	1105.38	7.34059e-06	3.8731
4.40436e-05	1104.34	7.34059e-06	3.84508
5.87247e-05	1103.05	7.34059e-06	3.82279
7.34059e-05	1101.41	7.34059e-06	3.80138
8.80871e-05	1097.99	7.34059e-06	3.59767
0.000102768	1095.66	7.34059e-06	3.57455
0.000117449	1092.35	7.34059e-06	3.50767
0.000132131	1089.32	7.34059e-06	3.48216
0.000146812	1086.29	7.34059e-06	3.46313
0.000161493	1082.1	7.34059e-06	3.41804
0.000176174	1077.46	7.34059e-06	3.38141
0.000190855	1073.25	7.34059e-06	3.35962
0.000205537	1068.54	7.34059e-06	3.33506
0.000220218	1063.61	7.34059e-06	3.31223
0.000234899	1058.22	7.34059e-06	3.28768
0.00024958	1052.17	7.34059e-06	3.25767
0.000264261	1045.61	7.34059e-06	3.20571
0.000278943	1039.51	7.34059e-06	3.18294
0.000293624	1032.67	7.34059e-06	3.15405
0.000308305	1024.97	7.34059e-06	3.12109
0.000322986	1017.87	7.34059e-06	3.09708
0.000337667	1010.15	7.34059e-06	3.06784
0.000352348	1001.74	7.34059e-06	3.03754
0.00036703	993.11	7.34059e-06	3.00849
0.000381711	984.189	7.34059e-06	2.98075
0.000396392	974.953	7.34059e-06	2.95225
0.000411073	965.688	7.34059e-06	2.92535
0.000425754	955.358	7.34059e-06	2.8913
0.000440436	945.167	7.34059e-06	2.86251
0.000455117	934.611	7.34059e-06	2.83061
0.000469798	923.196	7.34059e-06	2.76576
0.000484479	911.702	7.34059e-06	2.72394
0.00049916	900.429	7.34059e-06	2.69274
0.000513841	887.847	7.34059e-06	2.61325
0.000528523	876.068	7.34059e-06	2.58317
0.000543204	863.962	7.34059e-06	2.55064
0.000557885	851.978	7.34059e-06	2.52063
0.000572566	839.455	7.34059e-06	2.49095
0.000587247	826.898	7.34059e-06	2.4627
0.000601929	814.202	7.34059e-06	2.43284
0.00061661	800.607	7.34059e-06	2.38601
0.000631291	787.605	7.34059e-06	2.35832
0.000645972	774.059	7.34059e-06	2.3271
0.000660653	760.674	7.34059e-06	2.29846
0.000675334	746.917	7.34059e-06	2.26865
0.000690016	733.242	7.34059e-06	2.2397
0.000704697	719.332	7.34059e-06	2.21082
0.000719378	704.8	7.34059e-06	2.15828
0.000734059	690.867	7.34059e-06	2.12635
0.00074874	676.887	7.34059e-06	2.09913
0.000763422	661.859	7.34059e-06	2.03217
0.000778103	647.322	7.34059e-06	2.00167
0.000792784	632.431	7.34059e-06	1.95061
0.000807465	617.861	7.34059e-06	1.92178
0.000822146	602.944	7.34059e-06	1.84612
0.000836828	588.51	7.34059e-06	1.76973
0.000851509	573.97	7.34059e-06	1.73716
0.00086619	559.531	7.34059e-06	1.70708
0.000880871	545.791	7.34059e-06	1.6823
0.000895552	531.694	7.34059e-06	1.6554
0.000910233	517.361	7.34059e-06	1.61486
0.000924915	502.587	7.34059e-06	1.5576
0.000939596	489.144	7.34059e-06	1.53429
0.000954277	475.29	7.34059e-06	1.50872
0.000968958	460.772	7.34059e-06	1.2815
0.000983639	447.368	7.34059e-06	1.25482
0.000998321	433.765	7.34059e-06	1.22007
0.001013	420.395	7.34059e-06	1.19217
0.00102768	407.534	7.34059e-06	1.16563
0.00104236	394.604	7.34059e-06	1.13946
0.00105705	381.957	7.34059e-06	1.11456
0.00107173	369.529	7.34059e-06	1.08799
0.00108641	357.386	7.34059e-06	1.06281
0.00110109	345.159	7.34059e-06	1.03862
0.00111577	333.21	7.34059e-06	1.01405
0.00113045	321.542	7.34059e-06	0.991621
0.00114513	309.802	7.34059e-06	0.968017
0.00115981	298.572	7.34059e-06	0.944013
0.00117449	287.481	7.34059e-06	0.919092
0.00118918	276.649	7.34059e-06	0.870428
0.00120386	265.677	7.34059e-06	0.826472
0.00121854	255.569	7.34059e-06	0.80695
0.00123322	245.31	7.34059e-06	0.783905
0.0012479	235.263	7.34059e-06	0.761417
0.00126258	225.661	7.34059e-06	0.743852
0.00127726	216.329	7.34059e-06	0.721827
0.00129194	207.046	7.34059e-06	0.701978
0.00130663	198.208	7.34059e-06	0.678697
0.00132131	189.633	7.34059e-06	0.659624
0.00133599	181.427	7.34059e-06	0.643684
0.00135067	173.227	7.34059e-06	0.625744
0.00136535	165.49	7.34059e-06	0.611688
0.00138003	157.795	7.34059e-06	0.59377
0.00139471	150.131	7.34059e-06	0.559164
0.00140939	143.224	7.34059e-06	0.545055
0.00142407	136.124	7.34059e-06	0.526962
0.00143876	129.631	7.34059e-06	0.513414
0.00145344	123.266	7.34059e-06	0.492923
0.00146812	117.176	7.34059e-06	0.480143
0.0014828	111.307	7.34059e-06	0.468123
0.00149748	105.631	7.34059e-06	0.45591
0.00151216	100.137	7.34059e-06	0.442039
0.00152684	94.7914	7.34059e-06	0.43083
0.00154152	89.6418	7.34059e-06	0.417514
0.00155621	84.497	7.34059e-06	0.391945
0.00157089	79.806	7.34059e-06	0.381901
0.00158557	75.4535	7.34059e-06	0.37344
0.00160025	71.0744	7.34059e-06	0.347093
0.00161493	67.0028	7.34059e-06	0.337989
0.00162961	63.078	7.34059e-06	0.328471
0.00164429	59.3842	7.34059e-06	0.318896
0.00165897	55.763	7.34059e-06	0.308904
0.00167366	52.2499	7.34059e-06	0.299703
0.00168834	48.9368	7.34059e-06	0.291116
0.00170302	45.8388	7.34059e-06	0.283522
0.0017177	43.0655	7.34059e-06	0.276834
0.00173238	40.2925	7.34059e-06	0.267852
0.00174706	37.7855	7.34059e-06	0.262013
0.00176174	35.3816	7.34059e-06	0.255252
0.00177642	32.6901	7.34059e-06	0.209134
0.0017911	30.5014	7.34059e-06	0.202918
0.00180579	28.4364	7.34059e-06	0.197197
0.00182047	26.3902	7.34059e-06	0.184529
0.00183515	24.5977	7.34059e-06	0.17876
0.00184983	22.9236	7.34059e-06	0.174108
0.00186451	21.3227	7.34059e-06	0.169741
0.00187919	19.8213	7.34059e-06	0.165334
0.00189387	18.3935	7.34059e-06	0.161056
0.00190855	17.0482	7.34059e-06	0.156084
0.00192324	15.8317	7.34059e-06	0.152491
0.00193792	14.6645	7.34059e-06	0.149023
0.0019526	13.4901	7.34059e-06	0.133414
0.00196728	12.4569	7.34059e-06	0.129731
0.00198196	11.4471	7.34059e-06	0.12564
0.00199664	10.5226	7.34059e-06	0.121297
0.00201132	9.70453	7.34059e-06	0.118722
0.002026	8.95627	7.34059e-06	0.116336
0.00204068	8.19525	7.34059e-06	0.112765
0.00205537	7.56099	7.34059e-06	0.110579
0.00207005	6.90144	7.34059e-06	0.107819
0.00208473	6.32883	7.34059e-06	0.105461
0.00209941	5.78314	7.34059e-06	0.103076
0.00211409	5.14193	7.34059e-06	0.066355
0.00212877	4.63952	7.34059e-06	0.0632131
0.00214345	4.16902	7.34059e-06	0.0595427
0.00215813	3.76425	7.34059e-06	0.0565442
0.00217282	3.39171	7.34059e-06	0.0538974
0.0021875	3.0479	7.34059e-06	0.0513169
0.00220218	2.73087	7.34059e-06	0.0479092
0.00221686	2.45534	7.34059e-06	0.0457756
0.00223154	2.18086	7.34059e-06	0.0417417
0.00224622	1.91856	7.34059e-06	0.0383568
0.0022609	1.69543	7.34059e-06	0.0343224
0.00227558	1.50326	7.34059e-06	0.0322585
0.00229026	1.30775	7.34059e-06	0.0293927
0.00230495	1.13694	7.34059e-06	0.0266284
0.00231963	0.995407	7.34059e-06	0.0246833
0.00233431	0.850268	7.34059e-06	0.023025
0.00234899	0.721661	7.34059e-06	0.0214834
0.00236367	0.617912	7.34059e-06	0.0200052
0.00237835	0.528074	7.34059e-06	0.018817
0.00239303	0.437728	7.34059e-06	0.0171317
0.00240771	0.364654	7.34059e-06	0.0158831
0.0024224	0.279265	7.34059e-06	0.011279
0.00243708	0.219846	7.34059e-06	0.00979628
0.00245176	0.16959	7.34059e-06	0.00850332
0.00246644	0.129213	7.34059e-06	0.00741026
0.00248112	0.0909809	7.34059e-06	0.00607797
0.0024958	0.0676828	7.34059e-06	0.00529723
0.00251048	0.050206	7.34059e-06	0.00447507
0.00252516	0.0309786	7.34059e-06	0.00351994
0.00253984	0.0174608	7.34059e-06	0.00261822
0.00255453	0.0073254	7.34059e-06	0.00175378
0.00256921	0.00220138	7.34059e-06	0.000899015
