0	1268	7.18252e-06	5.21626
1.4365e-05	1267.68	7.18252e-06	5.1746
2.87301e-05	1266.45	7.18252e-06	5.10115
4.30951e-05	1264.88	7.18252e-06	5.05698
5.74602e-05	1261.85	7.18252e-06	4.97165
7.18252e-05	1259.08	7.18252e-06	4.92616
8.61903e-05	1255.89	7.18252e-06	4.88447
0.000100555	1250.74	7.18252e-06	4.79414
0.00011492	1245.48	7.18252e-06	4.7303
0.000129285	1239.33	7.18252e-06	4.66032
0.00014365	1232.06	7.18252e-06	4.56957
0.000158016	1226.07	7.18252e-06	4.52622
0.000172381	1218.32	7.18252e-06	4.46105
0.000186746	1210.42	7.18252e-06	4.40524
0.000201111	1202.04	7.18252e-06	4.35248
0.000215476	1192.13	7.18252e-06	4.28284
0.000229841	1182.23	7.18252e-06	4.22215
0.000244206	1172.47	7.18252e-06	4.16497
0.000258571	1162.03	7.18252e-06	4.11161
0.000272936	1151.29	7.18252e-06	4.06015
0.000287301	1139.02	7.18252e-06	3.94533
0.000301666	1126.51	7.18252e-06	3.88501
0.000316031	1113.56	7.18252e-06	3.82077
0.000330396	1100.66	7.18252e-06	3.76641
0.000344761	1085.53	7.18252e-06	3.35276
0.000359126	1072.2	7.18252e-06	3.29559
0.000373491	1058.1	7.18252e-06	3.23097
0.000387856	1043.99	7.18252e-06	3.17396
0.000402221	1029.54	7.18252e-06	3.11546
0.000416586	1014.37	7.18252e-06	3.0493
0.000430951	999.712	7.18252e-06	2.99554
0.000445317	983.923	7.18252e-06	2.92702
0.000459682	968.442	7.18252e-06	2.86973
0.000474047	953.08	7.18252e-06	2.8185
0.000488412	937.323	7.18252e-06	2.76552
0.000502777	920.622	7.18252e-06	2.70188
0.000517142	903.895	7.18252e-06	2.63901
0.000531507	886.474	7.18252e-06	2.54934
0.000545872	869.669	7.18252e-06	2.49564
0.000560237	853.637	7.18252e-06	2.44792
0.000574602	835.959	7.18252e-06	2.38242
0.000588967	818.737	7.18252e-06	2.32364
0.000603332	801.739	7.18252e-06	2.26622
0.000617697	785.237	7.18252e-06	2.21833
0.000632062	768.101	7.18252e-06	2.16737
0.000646427	750.602	7.18252e-06	2.10321
0.000660792	733.669	7.18252e-06	2.04836
0.000675157	716.782	7.18252e-06	2.0016
0.000689522	700.238	7.18252e-06	1.95917
0.000703887	683.166	7.18252e-06	1.90115
0.000718252	666.66	7.18252e-06	1.85828
0.000732618	650.485	7.18252e-06	1.81733
0.000746983	633.44	7.18252e-06	1.756
0.000761348	616.739	7.18252e-06	1.70209
0.000775713	599.989	7.18252e-06	1.64608
0.000790078	583.48	7.18252e-06	1.6034
0.000804443	567.435	7.18252e-06	1.55389
0.000818808	551.649	7.18252e-06	1.51545
0.000833173	535.646	7.18252e-06	1.45933
0.000847538	520.131	7.18252e-06	1.42179
0.000861903	504.613	7.18252e-06	1.38249
0.000876268	489.034	7.18252e-06	1.33503
0.000890633	473.635	7.18252e-06	1.28728
0.000904998	458.733	7.18252e-06	1.25211
0.000919363	444.147	7.18252e-06	1.2181
0.000933728	429.145	7.18252e-06	1.14689
0.000948093	415.05	7.18252e-06	1.11363
0.000962458	401	7.18252e-06	1.07717
0.000976823	387.013	7.18252e-06	1.04269
0.000991188	373.406	7.18252e-06	1.00786
0.00100555	360.19	7.18252e-06	0.974963
0.00101992	347.265	7.18252e-06	0.93784
0.00103428	334.756	7.18252e-06	0.910063
0.00104865	322.176	7.18252e-06	0.876892
0.00106301	310.222	7.18252e-06	0.850408
0.00107738	298.745	7.18252e-06	0.823565
0.00109174	287.454	7.18252e-06	0.798925
0.00110611	276.068	7.18252e-06	0.770698
0.00112047	265.166	7.18252e-06	0.745801
0.00113484	254.558	7.18252e-06	0.722882
0.0011492	244.19	7.18252e-06	0.698967
0.00116357	233.812	7.18252e-06	0.66989
0.00117793	223.97	7.18252e-06	0.647888
0.0011923	214.407	7.18252e-06	0.625242
0.00120666	205.22	7.18252e-06	0.603844
0.00122103	196.368	7.18252e-06	0.584811
0.00123539	187.559	7.18252e-06	0.563988
0.00124976	179.053	7.18252e-06	0.540994
0.00126412	170.864	7.18252e-06	0.521306
0.00127849	162.961	7.18252e-06	0.504984
0.00129285	155.31	7.18252e-06	0.486799
0.00130722	147.914	7.18252e-06	0.470995
0.00132158	140.731	7.18252e-06	0.453737
0.00133595	133.975	7.18252e-06	0.437429
0.00135031	127.38	7.18252e-06	0.42259
0.00136468	120.835	7.18252e-06	0.400294
0.00137904	114.776	7.18252e-06	0.385992
0.00139341	108.805	7.18252e-06	0.367872
0.00140777	103.239	7.18252e-06	0.355787
0.00142214	97.8045	7.18252e-06	0.343971
0.0014365	92.4944	7.18252e-06	0.330996
0.00145087	87.4665	7.18252e-06	0.315653
0.00146524	82.6625	7.18252e-06	0.299437
0.0014796	78.0248	7.18252e-06	0.288133
0.00149397	73.5873	7.18252e-06	0.274616
0.00150833	69.3674	7.18252e-06	0.263177
0.0015227	65.4029	7.18252e-06	0.254125
0.00153706	61.6494	7.18252e-06	0.246058
0.00155143	58.0077	7.18252e-06	0.236446
0.00156579	54.6276	7.18252e-06	0.229056
0.00158016	51.3454	7.18252e-06	0.22069
0.00159452	48.2413	7.18252e-06	0.213068
0.00160889	45.1655	7.18252e-06	0.205761
0.00162325	42.4227	7.18252e-06	0.199647
0.00163762	39.7309	7.18252e-06	0.193584
0.00165198	37.0811	7.18252e-06	0.166481
0.00166635	34.6215	7.18252e-06	0.157149
0.00168071	32.3716	7.18252e-06	0.151323
0.00169508	30.2548	7.18252e-06	0.145673
0.00170944	28.2813	7.18252e-06	0.140606
0.00172381	26.3324	7.18252e-06	0.13521
0.00173817	24.446	7.18252e-06	0.120758
0.00175254	22.695	7.18252e-06	0.115513
0.0017669	21.0461	7.18252e-06	0.10837
0.00178127	19.5042	7.18252e-06	0.103276
0.00179563	18.0463	7.18252e-06	0.0984373
0.00181	16.7136	7.18252e-06	0.0934566
0.00182436	15.4928	7.18252e-06	0.0893918
0.00183873	14.308	7.18252e-06	0.0851595
0.00185309	13.1989	7.18252e-06	0.0810064
0.00186746	12.1894	7.18252e-06	0.0774128
0.00188182	11.2501	7.18252e-06	0.0720572
0.00189619	10.3156	7.18252e-06	0.0683422
0.00191055	9.51751	7.18252e-06	0.0651856
0.00192492	8.70504	7.18252e-06	0.0618793
0.00193928	7.99039	7.18252e-06	0.0589759
0.00195365	7.33604	7.18252e-06	0.0561816
0.00196801	6.71188	7.18252e-06	0.0534362
0.00198238	6.13329	7.18252e-06	0.0508131
0.00199674	5.58394	7.18252e-06	0.0482288
0.00201111	5.09727	7.18252e-06	0.0458638
0.00202547	4.64	7.18252e-06	0.0436194
0.00203984	4.20706	7.18252e-06	0.0414226
0.0020542	3.80632	7.18252e-06	0.0392411
0.00206857	3.44418	7.18252e-06	0.037285
0.00208293	3.09475	7.18252e-06	0.0353059
0.0020973	2.78038	7.18252e-06	0.0334479
0.00211166	2.48822	7.18252e-06	0.0316054
0.00212603	2.22686	7.18252e-06	0.0299486
0.00214039	1.96448	7.18252e-06	0.0281703
0.00215476	1.7588	7.18252e-06	0.026765
0.00216912	1.56798	7.18252e-06	0.0254065
0.00218349	1.38064	7.18252e-06	0.0238904
0.00219785	1.21989	7.18252e-06	0.0224076
0.00221222	1.08014	7.18252e-06	0.0212513
0.00222658	0.945269	7.18252e-06	0.0201099
0.00224095	0.83118	7.18252e-06	0.0183816
0.00225531	0.718248	7.18252e-06	0.0172048
0.00226968	0.630338	7.18252e-06	0.0163167
0.00228404	0.553152	7.18252e-06	0.0155215
0.00229841	0.472793	7.18252e-06	0.0144486
0.00231277	0.401679	7.18252e-06	0.0136075
0.00232714	0.332714	7.18252e-06	0.012792
0.0023415	0.278877	7.18252e-06	0.0121016
0.00235587	0.231305	7.18252e-06	0.0114692
0.00237023	0.19527	7.18252e-06	0.0109886
0.0023846	0.159111	7.18252e-06	0.0104767
0.00239896	0.121931	7.18252e-06	0.00981049
0.00241333	0.0974573	7.18252e-06	0.00945446
0.00242769	0.0705992	7.18252e-06	0.00462636
0.00244206	0.0518147	7.18252e-06	0.0039275
0.00245642	0.0359913	7.18252e-06	0.00329813
0.00247079	0.0241332	7.18252e-06	0.00271884
0.00248515	0.0148625	7.18252e-06	0.00210125
0.00249952	0.0125407	7.18252e-06	0.00195147
0.00251388	0.00589897	7.18252e-06	0.0011838
0.00252825	0.00381028	7.18252e-06	0.000957129
0.00254261	0.00179834	7.18252e-06	0.000636015
0.00255698	0.000896895	7.18252e-06	0.000448615
0.00257134	0.000221064	7.18252e-06	0.000221067
