0	1127.86	7.3871e-06	3.85488
1.47742e-05	1127.52	7.3871e-06	3.7888
2.95484e-05	1126.89	7.3871e-06	3.76265
4.43226e-05	1125.81	7.3871e-06	3.73356
5.90968e-05	1124.72	7.3871e-06	3.7181
7.3871e-05	1122.88	7.3871e-06	3.68976
8.86452e-05	1120.36	7.3871e-06	3.65384
0.000103419	1117.67	7.3871e-06	3.62595
0.000118194	1114.63	7.3871e-06	3.59655
0.000132968	1111.11	7.3871e-06	3.56633
0.000147742	1106.84	7.3871e-06	3.53021
0.000162516	1102.34	7.3871e-06	3.49776
0.00017729	1097.42	7.3871e-06	3.46558
0.000192065	1092.03	7.3871e-06	3.43132
0.000206839	1086.38	7.3871e-06	3.39706
0.000221613	1080.01	7.3871e-06	3.36181
0.000236387	1073.64	7.3871e-06	3.32876
0.000251161	1066.99	7.3871e-06	3.29709
0.000265936	1059.54	7.3871e-06	3.25943
0.00028071	1051.62	7.3871e-06	3.22002
0.000295484	1043.94	7.3871e-06	3.18958
0.000310258	1035.7	7.3871e-06	3.15596
0.000325032	1027.06	7.3871e-06	3.12111
0.000339806	1018.27	7.3871e-06	3.08945
0.000354581	1008.69	7.3871e-06	3.05246
0.000369355	998.95	7.3871e-06	3.00769
0.000384129	989.34	7.3871e-06	2.97607
0.000398903	978.866	7.3871e-06	2.94004
0.000413677	968.486	7.3871e-06	2.90784
0.000428452	957.084	7.3871e-06	2.86788
0.000443226	945.692	7.3871e-06	2.83234
0.000458	934.192	7.3871e-06	2.79718
0.000472774	922.193	7.3871e-06	2.76032
0.000487548	910.368	7.3871e-06	2.72813
0.000502323	897.857	7.3871e-06	2.69029
0.000517097	885.734	7.3871e-06	2.65788
0.000531871	873.267	7.3871e-06	2.62551
0.000546645	860.881	7.3871e-06	2.59385
0.000561419	847.647	7.3871e-06	2.55868
0.000576194	834.401	7.3871e-06	2.5241
0.000590968	820.874	7.3871e-06	2.48821
0.000605742	807.165	7.3871e-06	2.45508
0.000620516	793.042	7.3871e-06	2.41436
0.00063529	778.737	7.3871e-06	2.37659
0.000650065	764.463	7.3871e-06	2.34097
0.000664839	750.509	7.3871e-06	2.30777
0.000679613	736.136	7.3871e-06	2.26808
0.000694387	721.973	7.3871e-06	2.23739
0.000709161	706.672	7.3871e-06	2.18397
0.000723936	692.277	7.3871e-06	2.15028
0.00073871	677.624	7.3871e-06	2.11818
0.000753484	661.89	7.3871e-06	2.00024
0.000768258	646.966	7.3871e-06	1.96007
0.000783032	632.375	7.3871e-06	1.93009
0.000797807	617.829	7.3871e-06	1.89942
0.000812581	603.629	7.3871e-06	1.86862
0.000827355	588.498	7.3871e-06	1.76954
0.000842129	574.32	7.3871e-06	1.74113
0.000856903	559.402	7.3871e-06	1.6956
0.000871677	544.981	7.3871e-06	1.66685
0.000886452	531.165	7.3871e-06	1.64138
0.000901226	516.477	7.3871e-06	1.60911
0.000916	502.615	7.3871e-06	1.57754
0.000930774	488.588	7.3871e-06	1.54918
0.000945548	474.668	7.3871e-06	1.52077
0.000960323	460.474	7.3871e-06	1.45449
0.000975097	446.947	7.3871e-06	1.42844
0.000989871	433.39	7.3871e-06	1.39863
0.00100465	419.787	7.3871e-06	1.36611
0.00101942	406.884	7.3871e-06	1.34171
0.00103419	393.928	7.3871e-06	1.31701
0.00104897	381.182	7.3871e-06	1.2902
0.00106374	368.302	7.3871e-06	1.26036
0.00107852	356.322	7.3871e-06	1.23754
0.00109329	344.047	7.3871e-06	1.21332
0.00110806	331.987	7.3871e-06	1.1789
0.00112284	319.923	7.3871e-06	1.13973
0.00113761	308.403	7.3871e-06	1.11585
0.00115239	297.452	7.3871e-06	1.0962
0.00116716	286.094	7.3871e-06	1.06549
0.00118194	275.297	7.3871e-06	1.04404
0.00119671	264.854	7.3871e-06	1.02464
0.00121148	254.388	7.3871e-06	0.998836
0.00122626	244.497	7.3871e-06	0.979209
0.00124103	234.72	7.3871e-06	0.958679
0.00125581	225.224	7.3871e-06	0.939802
0.00127058	215.954	7.3871e-06	0.921635
0.00128535	206.755	7.3871e-06	0.903594
0.00130013	197.723	7.3871e-06	0.886472
0.0013149	189.084	7.3871e-06	0.869742
0.00132968	180.676	7.3871e-06	0.851712
0.00134445	172.642	7.3871e-06	0.836495
0.00135923	164.727	7.3871e-06	0.818864
0.001374	156.957	7.3871e-06	0.802406
0.00138877	149.476	7.3871e-06	0.775674
0.00140355	141.845	7.3871e-06	0.677668
0.00141832	135.229	7.3871e-06	0.663943
0.0014331	128.542	7.3871e-06	0.641324
0.00144787	121.732	7.3871e-06	0.591023
0.00146265	115.534	7.3871e-06	0.576654
0.00147742	109.666	7.3871e-06	0.564332
0.00149219	104.044	7.3871e-06	0.552095
0.00150697	98.4549	7.3871e-06	0.537278
0.00152174	93.0719	7.3871e-06	0.511993
0.00153652	88.0564	7.3871e-06	0.501102
0.00155129	83.1798	7.3871e-06	0.469806
0.00156606	78.6028	7.3871e-06	0.457117
0.00158084	73.9782	7.3871e-06	0.407984
0.00159561	69.761	7.3871e-06	0.39646
0.00161039	65.689	7.3871e-06	0.384387
0.00162516	61.8566	7.3871e-06	0.374645
0.00163994	58.1821	7.3871e-06	0.363042
0.00165471	54.7458	7.3871e-06	0.352799
0.00166948	51.5651	7.3871e-06	0.346143
0.00168426	48.3909	7.3871e-06	0.33547
0.00169903	45.4414	7.3871e-06	0.32035
0.00171381	42.602	7.3871e-06	0.308239
0.00172858	39.9142	7.3871e-06	0.301303
0.00174335	37.3847	7.3871e-06	0.29144
0.00175813	35.0408	7.3871e-06	0.281618
0.0017729	32.6575	7.3871e-06	0.26606
0.00178768	30.4229	7.3871e-06	0.256764
0.00180245	28.5169	7.3871e-06	0.251959
0.00181723	26.6864	7.3871e-06	0.246841
0.001832	24.5105	7.3871e-06	0.207241
0.00184677	22.828	7.3871e-06	0.200515
0.00186155	21.1269	7.3871e-06	0.191961
0.00187632	19.6391	7.3871e-06	0.186635
0.0018911	18.2138	7.3871e-06	0.180157
0.00190587	16.8883	7.3871e-06	0.17533
0.00192065	15.5681	7.3871e-06	0.167119
0.00193542	14.4024	7.3871e-06	0.162077
0.00195019	13.1775	7.3871e-06	0.148917
0.00196497	12.124	7.3871e-06	0.142696
0.00197974	11.1954	7.3871e-06	0.138825
0.00199452	10.2949	7.3871e-06	0.134038
0.00200929	9.46956	7.3871e-06	0.129356
0.00202406	8.57151	7.3871e-06	0.111968
0.00203884	7.82953	7.3871e-06	0.10563
0.00205361	7.21288	7.3871e-06	0.10273
0.00206839	6.61683	7.3871e-06	0.0993254
0.00208316	5.99397	7.3871e-06	0.0952351
0.00209794	5.45738	7.3871e-06	0.0923004
0.00211271	4.93628	7.3871e-06	0.0890032
0.00212748	4.47431	7.3871e-06	0.0858917
0.00214226	4.04147	7.3871e-06	0.0830444
0.00215703	3.60682	7.3871e-06	0.0761749
0.00217181	3.20999	7.3871e-06	0.0670357
0.00218658	2.84302	7.3871e-06	0.0617709
0.00220136	2.5171	7.3871e-06	0.0580155
0.00221613	2.25048	7.3871e-06	0.0557443
0.0022309	2.01389	7.3871e-06	0.0538791
0.00224568	1.79495	7.3871e-06	0.0511623
0.00226045	1.58998	7.3871e-06	0.048955
0.00227523	1.37141	7.3871e-06	0.0429765
0.00229	1.21022	7.3871e-06	0.0406499
0.00230477	1.07336	7.3871e-06	0.0394072
0.00231955	0.910282	7.3871e-06	0.0363911
0.00233432	0.756517	7.3871e-06	0.0340035
0.0023491	0.640148	7.3871e-06	0.0309566
0.00236387	0.513877	7.3871e-06	0.022763
0.00237865	0.43343	7.3871e-06	0.0207496
0.00239342	0.352732	7.3871e-06	0.016643
0.00240819	0.29145	7.3871e-06	0.0155566
0.00242297	0.238991	7.3871e-06	0.0141283
0.00243774	0.193326	7.3871e-06	0.0130861
0.00245252	0.149514	7.3871e-06	0.0116421
0.00246729	0.114321	7.3871e-06	0.0100102
0.00248206	0.0873491	7.3871e-06	0.00900224
0.00249684	0.0638584	7.3871e-06	0.00772284
0.00251161	0.0417712	7.3871e-06	0.0063621
0.00252639	0.0196067	7.3871e-06	0.00338775
0.00254116	0.00844051	7.3871e-06	0.00194695
0.00255594	0.00352739	7.3871e-06	0.00131584
