0	1125.4	7.3718e-06	3.8618
1.47436e-05	1125.4	7.3718e-06	3.8618
2.94872e-05	1124.81	7.3718e-06	3.83637
4.42308e-05	1123.55	7.3718e-06	3.79619
5.89744e-05	1122.11	7.3718e-06	3.76967
7.3718e-05	1120.43	7.3718e-06	3.74662
8.84617e-05	1117.76	7.3718e-06	3.70764
0.000103205	1114.6	7.3718e-06	3.66312
0.000117949	1111.56	7.3718e-06	3.63403
0.000132692	1107.94	7.3718e-06	3.60283
0.000147436	1104.17	7.3718e-06	3.57482
0.00016218	1099.57	7.3718e-06	3.54059
0.000176923	1095.12	7.3718e-06	3.51283
0.000191667	1090.26	7.3718e-06	3.48589
0.000206411	1084.99	7.3718e-06	3.45342
0.000221154	1078.47	7.3718e-06	3.4062
0.000235898	1071.61	7.3718e-06	3.3572
0.000250641	1064.3	7.3718e-06	3.31491
0.000265385	1057.33	7.3718e-06	3.28408
0.000280129	1050.17	7.3718e-06	3.25468
0.000294872	1042.65	7.3718e-06	3.22573
0.000309616	1034.78	7.3718e-06	3.19647
0.000324359	1026.35	7.3718e-06	3.16415
0.000339103	1017.73	7.3718e-06	3.13312
0.000353847	1008.25	7.3718e-06	3.09755
0.00036859	998.816	7.3718e-06	3.06198
0.000383334	989.152	7.3718e-06	3.02961
0.000398077	978.751	7.3718e-06	2.9854
0.000412821	968.502	7.3718e-06	2.94836
0.000427565	957.559	7.3718e-06	2.91291
0.000442308	946.244	7.3718e-06	2.8753
0.000457052	934.882	7.3718e-06	2.84203
0.000471796	923.695	7.3718e-06	2.81011
0.000486539	912.142	7.3718e-06	2.77918
0.000501283	899.998	7.3718e-06	2.74635
0.000516026	887.748	7.3718e-06	2.71224
0.00053077	875.065	7.3718e-06	2.67247
0.000545514	862.563	7.3718e-06	2.64117
0.000560257	848.655	7.3718e-06	2.58037
0.000575001	835.492	7.3718e-06	2.54799
0.000589744	821.38	7.3718e-06	2.50396
0.000604488	808.08	7.3718e-06	2.47237
0.000619232	794.472	7.3718e-06	2.43752
0.000633975	780.82	7.3718e-06	2.40776
0.000648719	766.965	7.3718e-06	2.37305
0.000663462	752.942	7.3718e-06	2.34173
0.000678206	738.959	7.3718e-06	2.31149
0.00069295	724.708	7.3718e-06	2.27636
0.000707693	710.342	7.3718e-06	2.2407
0.000722437	696.237	7.3718e-06	2.21361
0.00073718	681.646	7.3718e-06	2.15863
0.000751924	666.708	7.3718e-06	2.11934
0.000766668	652.436	7.3718e-06	2.09177
0.000781411	637.808	7.3718e-06	2.0637
0.000796155	622.906	7.3718e-06	2.03002
0.000810899	608.663	7.3718e-06	2.00314
0.000825642	593.685	7.3718e-06	1.96795
0.000840386	579.208	7.3718e-06	1.9366
0.000855129	564.084	7.3718e-06	1.87744
0.000869873	549.476	7.3718e-06	1.84457
0.000884617	535.818	7.3718e-06	1.82112
0.00089936	521.266	7.3718e-06	1.79389
0.000914104	506.666	7.3718e-06	1.76565
0.000928847	492.538	7.3718e-06	1.73914
0.000943591	478.264	7.3718e-06	1.71213
0.000958335	464.312	7.3718e-06	1.67984
0.000973078	450.445	7.3718e-06	1.65379
0.000987822	436.828	7.3718e-06	1.6295
0.00100257	423.224	7.3718e-06	1.60452
0.00101731	409.984	7.3718e-06	1.58246
0.00103205	396.973	7.3718e-06	1.55949
0.0010468	384.282	7.3718e-06	1.53827
0.00106154	371.108	7.3718e-06	1.51148
0.00107628	357.528	7.3718e-06	1.18285
0.00109103	345.107	7.3718e-06	1.1438
0.00110577	333.038	7.3718e-06	1.10841
0.00112051	321.168	7.3718e-06	1.08408
0.00113526	310.178	7.3718e-06	1.06417
0.00115	298.879	7.3718e-06	1.04179
0.00116475	287.576	7.3718e-06	1.00752
0.00117949	276.913	7.3718e-06	0.987254
0.00119423	266.207	7.3718e-06	0.966765
0.00120898	255.8	7.3718e-06	0.943212
0.00122372	245.722	7.3718e-06	0.922571
0.00123846	235.833	7.3718e-06	0.899874
0.00125321	226.24	7.3718e-06	0.881161
0.00126795	216.991	7.3718e-06	0.864259
0.00128269	207.474	7.3718e-06	0.791957
0.00129744	198.284	7.3718e-06	0.766184
0.00131218	189.361	7.3718e-06	0.729745
0.00132692	180.86	7.3718e-06	0.700603
0.00134167	173.045	7.3718e-06	0.68577
0.00135641	165.223	7.3718e-06	0.663881
0.00137116	157.349	7.3718e-06	0.644088
0.0013859	149.769	7.3718e-06	0.610559
0.00140064	142.561	7.3718e-06	0.586673
0.00141539	135.627	7.3718e-06	0.568335
0.00143013	129.018	7.3718e-06	0.549147
0.00144487	122.74	7.3718e-06	0.535719
0.00145962	116.637	7.3718e-06	0.522837
0.00147436	110.61	7.3718e-06	0.508891
0.0014891	105.216	7.3718e-06	0.497524
0.00150385	99.814	7.3718e-06	0.485443
0.00151859	94.4195	7.3718e-06	0.465251
0.00153334	89.4676	7.3718e-06	0.455003
0.00154808	84.3737	7.3718e-06	0.417539
0.00156282	79.8603	7.3718e-06	0.40786
0.00157757	75.3297	7.3718e-06	0.393805
0.00159231	70.9595	7.3718e-06	0.378513
0.00160705	66.6755	7.3718e-06	0.363592
0.0016218	62.8466	7.3718e-06	0.353678
0.00163654	59.2181	7.3718e-06	0.343974
0.00165128	55.7816	7.3718e-06	0.331884
0.00166603	52.4031	7.3718e-06	0.322866
0.00168077	49.1986	7.3718e-06	0.313765
0.00169552	46.2857	7.3718e-06	0.306771
0.00171026	43.3487	7.3718e-06	0.296544
0.001725	40.6145	7.3718e-06	0.288689
0.00173975	38.0347	7.3718e-06	0.280223
0.00175449	35.5768	7.3718e-06	0.270974
0.00176923	33.2396	7.3718e-06	0.259442
0.00178398	31.068	7.3718e-06	0.253331
0.00179872	28.9197	7.3718e-06	0.242372
0.00181346	26.855	7.3718e-06	0.235575
0.00182821	25.1102	7.3718e-06	0.230576
0.00184295	23.3285	7.3718e-06	0.223516
0.00185769	21.5769	7.3718e-06	0.213961
0.00187244	20.016	7.3718e-06	0.208121
0.00188718	18.5253	7.3718e-06	0.201929
0.00190193	17.2266	7.3718e-06	0.197955
0.00191667	15.9118	7.3718e-06	0.192661
0.00193141	14.7525	7.3718e-06	0.188116
0.00194616	13.5645	7.3718e-06	0.181762
0.0019609	12.5061	7.3718e-06	0.176258
0.00197564	11.5541	7.3718e-06	0.171564
0.00199039	10.4926	7.3718e-06	0.127979
0.00200513	9.62391	7.3718e-06	0.123313
0.00201987	8.86171	7.3718e-06	0.117989
0.00203462	8.13118	7.3718e-06	0.114484
0.00204936	7.35528	7.3718e-06	0.105926
0.00206411	6.70842	7.3718e-06	0.101826
0.00207885	6.10857	7.3718e-06	0.0965277
0.00209359	5.59499	7.3718e-06	0.0935765
0.00210834	5.05588	7.3718e-06	0.0898478
0.00212308	4.53234	7.3718e-06	0.0794688
0.00213782	4.07425	7.3718e-06	0.075982
0.00215257	3.71333	7.3718e-06	0.0735071
0.00216731	3.36486	7.3718e-06	0.0710198
0.00218205	3.03579	7.3718e-06	0.0677801
0.0021968	2.74013	7.3718e-06	0.0657023
0.00221154	2.44533	7.3718e-06	0.0629868
0.00222629	2.15132	7.3718e-06	0.0587314
0.00224103	1.91918	7.3718e-06	0.0559999
0.00225577	1.71836	7.3718e-06	0.0541994
0.00227052	1.52317	7.3718e-06	0.0519899
0.00228526	1.3511	7.3718e-06	0.0503036
0.0023	1.18951	7.3718e-06	0.0482952
0.00231475	1.02598	7.3718e-06	0.0458896
0.00232949	0.892668	7.3718e-06	0.0444298
0.00234423	0.765216	7.3718e-06	0.0430482
0.00235898	0.659517	7.3718e-06	0.0415878
0.00237372	0.573734	7.3718e-06	0.0404302
0.00238846	0.476015	7.3718e-06	0.0379421
0.00240321	0.371553	7.3718e-06	0.0230405
0.00241795	0.287147	7.3718e-06	0.0190411
0.0024327	0.216955	7.3718e-06	0.0147112
0.00244744	0.176659	7.3718e-06	0.0134736
0.00246218	0.137862	7.3718e-06	0.0118251
0.00247693	0.112107	7.3718e-06	0.0106136
0.00249167	0.0841983	7.3718e-06	0.00908368
0.00250641	0.0575755	7.3718e-06	0.00769599
0.00252116	0.0307324	7.3718e-06	0.00531219
0.0025359	0.0148672	7.3718e-06	0.00350961
0.00255064	0.00957952	7.3718e-06	0.00299089
0.00256539	0.00537869	7.3718e-06	0.00245698
