0	1105.1	7.33387e-06	3.82048
1.46677e-05	1104.73	7.33387e-06	3.74262
2.93355e-05	1104.06	7.33387e-06	3.71146
4.40032e-05	1103.31	7.33387e-06	3.69436
5.86709e-05	1102.27	7.33387e-06	3.67944
7.33387e-05	1100.79	7.33387e-06	3.65737
8.80064e-05	1098.75	7.33387e-06	3.63262
0.000102674	1096.82	7.33387e-06	3.61707
0.000117342	1094.27	7.33387e-06	3.59672
0.00013201	1091.14	7.33387e-06	3.56979
0.000146677	1087.51	7.33387e-06	3.53715
0.000161345	1083.77	7.33387e-06	3.5131
0.000176013	1079.45	7.33387e-06	3.48519
0.000190681	1074.93	7.33387e-06	3.45452
0.000205348	1070.11	7.33387e-06	3.42836
0.000220016	1064.07	7.33387e-06	3.38651
0.000234684	1058.84	7.33387e-06	3.36416
0.000249351	1052.22	7.33387e-06	3.28875
0.000264019	1045.75	7.33387e-06	3.26044
0.000278687	1039.1	7.33387e-06	3.23212
0.000293355	1032.27	7.33387e-06	3.20651
0.000308022	1024.57	7.33387e-06	3.17225
0.00032269	1017.12	7.33387e-06	3.1443
0.000337358	1008.88	7.33387e-06	3.10258
0.000352026	1000.4	7.33387e-06	3.05904
0.000366693	991.866	7.33387e-06	3.03066
0.000381361	983.069	7.33387e-06	3.00405
0.000396029	973.62	7.33387e-06	2.97208
0.000410697	964.043	7.33387e-06	2.94025
0.000425364	954.406	7.33387e-06	2.9139
0.000440032	944.063	7.33387e-06	2.86819
0.0004547	933.655	7.33387e-06	2.83064
0.000469367	922.852	7.33387e-06	2.79837
0.000484035	912.345	7.33387e-06	2.77187
0.000498703	900.728	7.33387e-06	2.74106
0.000513371	889.139	7.33387e-06	2.71085
0.000528038	876.614	7.33387e-06	2.67445
0.000542706	864.613	7.33387e-06	2.64206
0.000557374	852.554	7.33387e-06	2.61328
0.000572042	840.067	7.33387e-06	2.58411
0.000586709	827.557	7.33387e-06	2.55526
0.000601377	814.468	7.33387e-06	2.50242
0.000616045	801.386	7.33387e-06	2.47196
0.000630713	787.168	7.33387e-06	2.42244
0.00064538	773.879	7.33387e-06	2.38746
0.000660048	760.622	7.33387e-06	2.35876
0.000674716	746.598	7.33387e-06	2.32696
0.000689383	733.077	7.33387e-06	2.29382
0.000704051	719.413	7.33387e-06	2.26753
0.000718719	705.318	7.33387e-06	2.23925
0.000733387	691.298	7.33387e-06	2.21103
0.000748054	677.104	7.33387e-06	2.1828
0.000762722	662.35	7.33387e-06	2.13918
0.00077739	648.026	7.33387e-06	2.11154
0.000792058	633.871	7.33387e-06	2.08552
0.000806725	619.738	7.33387e-06	2.06064
0.000821393	605.208	7.33387e-06	2.03007
0.000836061	591.127	7.33387e-06	2.00591
0.000850729	577.108	7.33387e-06	1.98087
0.000865396	562.429	7.33387e-06	1.94452
0.000880064	548.463	7.33387e-06	1.92072
0.000894732	532.612	7.33387e-06	1.54084
0.000909399	518.437	7.33387e-06	1.50136
0.000924067	504.231	7.33387e-06	1.46014
0.000938735	490.347	7.33387e-06	1.43166
0.000953403	476.342	7.33387e-06	1.39929
0.00096807	462.656	7.33387e-06	1.36928
0.000982738	449.331	7.33387e-06	1.34431
0.000997406	436.045	7.33387e-06	1.30784
0.00101207	422.722	7.33387e-06	1.27354
0.00102674	409.437	7.33387e-06	1.238
0.00104141	396.765	7.33387e-06	1.21377
0.00105608	384.106	7.33387e-06	1.1877
0.00107074	371.525	7.33387e-06	1.16191
0.00108541	359.226	7.33387e-06	1.13353
0.00110008	346.538	7.33387e-06	1.05467
0.00111475	334.483	7.33387e-06	1.02968
0.00112942	322.141	7.33387e-06	0.989698
0.00114408	310.6	7.33387e-06	0.964243
0.00115875	299.107	7.33387e-06	0.940507
0.00117342	288.079	7.33387e-06	0.916657
0.00118809	277.391	7.33387e-06	0.896637
0.00120275	266.486	7.33387e-06	0.871128
0.00121742	256.045	7.33387e-06	0.84947
0.00123209	245.86	7.33387e-06	0.827356
0.00124676	235.773	7.33387e-06	0.795248
0.00126143	225.988	7.33387e-06	0.772157
0.00127609	216.623	7.33387e-06	0.753341
0.00129076	207.347	7.33387e-06	0.735623
0.00130543	198.583	7.33387e-06	0.718637
0.0013201	189.898	7.33387e-06	0.694124
0.00133476	181.502	7.33387e-06	0.677511
0.00134943	173.407	7.33387e-06	0.659805
0.0013641	165.281	7.33387e-06	0.629305
0.00137877	157.722	7.33387e-06	0.613339
0.00139343	150.298	7.33387e-06	0.598974
0.0014081	143.342	7.33387e-06	0.586601
0.00142277	136.377	7.33387e-06	0.572554
0.00143744	129.324	7.33387e-06	0.528177
0.00145211	123.059	7.33387e-06	0.51537
0.00146677	116.811	7.33387e-06	0.499594
0.00148144	110.98	7.33387e-06	0.487528
0.00149611	105.27	7.33387e-06	0.451437
0.00151078	99.7818	7.33387e-06	0.439196
0.00152544	94.41	7.33387e-06	0.427684
0.00154011	89.5007	7.33387e-06	0.418053
0.00155478	84.7867	7.33387e-06	0.408728
0.00156945	80.0547	7.33387e-06	0.397188
0.00158412	75.6457	7.33387e-06	0.38722
0.00159878	71.3281	7.33387e-06	0.377092
0.00161345	67.2708	7.33387e-06	0.367349
0.00162812	63.382	7.33387e-06	0.349333
0.00164279	59.6705	7.33387e-06	0.338703
0.00165745	56.1357	7.33387e-06	0.32796
0.00167212	52.745	7.33387e-06	0.319648
0.00168679	49.434	7.33387e-06	0.305391
0.00170146	46.3218	7.33387e-06	0.296962
0.00171612	43.5522	7.33387e-06	0.290931
0.00173079	40.7837	7.33387e-06	0.272693
0.00174546	38.2258	7.33387e-06	0.266877
0.00176013	35.6518	7.33387e-06	0.222833
0.0017748	33.2632	7.33387e-06	0.215229
0.00178946	31.0015	7.33387e-06	0.205476
0.00180413	28.8991	7.33387e-06	0.198908
0.0018188	26.93	7.33387e-06	0.193127
0.00183347	25.0709	7.33387e-06	0.186657
0.00184813	23.2985	7.33387e-06	0.180121
0.0018628	21.6366	7.33387e-06	0.173053
0.00187747	20.1942	7.33387e-06	0.169219
0.00189214	18.702	7.33387e-06	0.163747
0.00190681	17.3046	7.33387e-06	0.151757
0.00192147	15.9998	7.33387e-06	0.146133
0.00193614	14.8079	7.33387e-06	0.141777
0.00195081	13.6609	7.33387e-06	0.137035
0.00196548	12.5686	7.33387e-06	0.130921
0.00198014	11.5639	7.33387e-06	0.127103
0.00199481	10.549	7.33387e-06	0.120061
0.00200948	9.72902	7.33387e-06	0.117087
0.00202415	8.94947	7.33387e-06	0.11385
0.00203881	8.25874	7.33387e-06	0.110813
0.00205348	7.55032	7.33387e-06	0.107445
0.00206815	6.83721	7.33387e-06	0.0930433
0.00208282	6.22698	7.33387e-06	0.089966
0.00209749	5.69201	7.33387e-06	0.0871237
0.00211215	5.15596	7.33387e-06	0.0840665
0.00212682	4.67684	7.33387e-06	0.0812389
0.00214149	4.15727	7.33387e-06	0.0610995
0.00215616	3.73001	7.33387e-06	0.0579515
0.00217082	3.38171	7.33387e-06	0.0556076
0.00218549	3.0227	7.33387e-06	0.05299
0.00220016	2.71309	7.33387e-06	0.0508917
0.00221483	2.4167	7.33387e-06	0.0478464
0.0022295	2.11621	7.33387e-06	0.0430148
0.00224416	1.85023	7.33387e-06	0.0393301
0.00225883	1.62328	7.33387e-06	0.0350504
0.0022735	1.43353	7.33387e-06	0.0330034
0.00228817	1.24309	7.33387e-06	0.0297793
0.00230283	1.07057	7.33387e-06	0.027559
0.0023175	0.919956	7.33387e-06	0.0251836
0.00233217	0.800633	7.33387e-06	0.0236428
0.00234684	0.694003	7.33387e-06	0.0222348
0.00236151	0.588702	7.33387e-06	0.0206383
0.00237617	0.49738	7.33387e-06	0.01908
0.00239084	0.408817	7.33387e-06	0.0171755
0.00240551	0.335786	7.33387e-06	0.0153078
0.00242018	0.265504	7.33387e-06	0.0111973
0.00243484	0.212736	7.33387e-06	0.00995071
0.00244951	0.169445	7.33387e-06	0.00885947
0.00246418	0.131225	7.33387e-06	0.00779459
0.00247885	0.0963126	7.33387e-06	0.00661048
0.00249351	0.0651899	7.33387e-06	0.00535912
0.00250818	0.0426613	7.33387e-06	0.00432893
0.00252285	0.0297114	7.33387e-06	0.00361634
0.00253752	0.016362	7.33387e-06	0.00272993
0.00255219	0.00618675	7.33387e-06	0.00162396
0.00256685	0.00274877	7.33387e-06	0.00112804
