7.3871e-06	0.171821	7.3871e-06	0.090491
2.21613e-05	0.936674	7.3871e-06	0.233262
3.69355e-05	2.71781	7.3871e-06	0.425204
5.17097e-05	3.79611	7.3871e-06	0.48463
6.64839e-05	8.31538	7.3871e-06	0.914471
8.12581e-05	13.8393	7.3871e-06	1.28447
9.60323e-05	17.5062	7.3871e-06	1.15055
0.000110806	22.7605	7.3871e-06	1.65302
0.000125581	29.8974	7.3871e-06	1.8083
0.000140355	40.6024	7.3871e-06	2.20654
0.000155129	47.2999	7.3871e-06	2.20179
0.000169903	56.5106	7.3871e-06	2.34288
0.000184677	67.4116	7.3871e-06	2.79809
0.000199452	76.283	7.3871e-06	3.27323
0.000214226	92.3137	7.3871e-06	3.09056
0.000229	98.6845	7.3871e-06	3.55001
0.000243774	109.815	7.3871e-06	3.58188
0.000258548	130.371	7.3871e-06	4.48613
0.000273323	146.557	7.3871e-06	4.9624
0.000288097	149.631	7.3871e-06	3.91168
0.000302871	169.051	7.3871e-06	4.65508
0.000317645	185.738	7.3871e-06	5.14497
0.000332419	197.76	7.3871e-06	4.72189
0.000347194	225.035	7.3871e-06	5.81027
0.000361968	238.7	7.3871e-06	8.24309
0.000376742	245.049	7.3871e-06	5.53979
0.000391516	277.575	7.3871e-06	6.32119
0.00040629	285.435	7.3871e-06	5.89009
0.000421065	324.968	7.3871e-06	7.57827
0.000435839	336.054	7.3871e-06	6.82293
0.000450613	350.755	7.3871e-06	7.20045
0.000465387	377.988	7.3871e-06	7.70072
0.000480161	384.295	7.3871e-06	6.83968
0.000494936	419.112	7.3871e-06	8.57608
0.00050971	418.246	7.3871e-06	7.70608
0.000524484	442.579	7.3871e-06	7.7526
0.000539258	452.09	7.3871e-06	8.16854
0.000554032	496.298	7.3871e-06	8.92434
0.000568807	509.971	7.3871e-06	9.22441
0.000583581	534.297	7.3871e-06	9.88348
0.000598355	555.227	7.3871e-06	8.98438
0.000613129	586.105	7.3871e-06	11.9186
0.000627903	607.955	7.3871e-06	11.0541
0.000642677	620.896	7.3871e-06	10.6881
0.000657452	620.977	7.3871e-06	10.5324
0.000672226	653.966	7.3871e-06	13.0138
0.000687	658.578	7.3871e-06	9.91929
0.000701774	726.815	7.3871e-06	17.2853
0.000716548	698.125	7.3871e-06	11.6759
0.000731323	725.344	7.3871e-06	10.9995
0.000746097	794.574	7.3871e-06	31.4824
0.000760871	768.557	7.3871e-06	14.1124
0.000775645	766.031	7.3871e-06	10.4229
0.000790419	778.223	7.3871e-06	11.1576
0.000805194	773.917	7.3871e-06	11.9614
0.000819968	839.746	7.3871e-06	29.6885
0.000834742	801.079	7.3871e-06	10.8331
0.000849516	857.793	7.3871e-06	17.1709
0.00086429	843.636	7.3871e-06	11.084
0.000879065	822.023	7.3871e-06	10.3644
0.000893839	888.599	7.3871e-06	12.9714
0.000908613	852.519	7.3871e-06	13.7232
0.000923387	876.685	7.3871e-06	12.2335
0.000938161	883.975	7.3871e-06	12.5627
0.000952936	915.455	7.3871e-06	24.8802
0.00096771	886.055	7.3871e-06	11.7989
0.000982484	901.523	7.3871e-06	13.7422
0.000997258	918.186	7.3871e-06	14.9883
0.00101203	883.905	7.3871e-06	11.9793
0.00102681	900.44	7.3871e-06	12.2185
0.00104158	898.602	7.3871e-06	13.6003
0.00105635	920.857	7.3871e-06	14.9408
0.00107113	868.574	7.3871e-06	12.4942
0.0010859	902.215	7.3871e-06	13.0413
0.00110068	898.493	7.3871e-06	17.6501
0.00111545	910.802	7.3871e-06	19.2903
0.00113023	881.278	7.3871e-06	13.5085
0.001145	848.741	7.3871e-06	11.8852
0.00115977	891.587	7.3871e-06	16.7323
0.00117455	858.317	7.3871e-06	13.0206
0.00118932	840.699	7.3871e-06	12.2855
0.0012041	853.011	7.3871e-06	15.4039
0.00121887	816.001	7.3871e-06	12.8999
0.00123365	816.386	7.3871e-06	13.4832
0.00124842	802.381	7.3871e-06	12.8733
0.00126319	792.618	7.3871e-06	12.699
0.00127797	795.64	7.3871e-06	12.7195
0.00129274	790.355	7.3871e-06	12.372
0.00130752	764.516	7.3871e-06	12.4696
0.00132229	752.53	7.3871e-06	13.339
0.00133706	727.113	7.3871e-06	12.0768
0.00135184	724.182	7.3871e-06	13.4803
0.00136661	718.77	7.3871e-06	12.9586
0.00138139	699.43	7.3871e-06	17.6871
0.00139616	721.182	7.3871e-06	34.8389
0.00141094	631.766	7.3871e-06	11.1432
0.00142571	645.281	7.3871e-06	15.1728
0.00144048	663.968	7.3871e-06	23.3005
0.00145526	610.539	7.3871e-06	11.152
0.00147003	583.911	7.3871e-06	10.2349
0.00148481	564.932	7.3871e-06	10.314
0.00149958	567.33	7.3871e-06	11.6214
0.00151435	551.761	7.3871e-06	15.8036
0.00152913	519.105	7.3871e-06	9.6458
0.0015439	509.601	7.3871e-06	17.551
0.00155868	482.877	7.3871e-06	10.4864
0.00157345	492.522	7.3871e-06	21.4642
0.00158823	453.346	7.3871e-06	9.45261
0.001603	441.812	7.3871e-06	9.71565
0.00161777	419.648	7.3871e-06	8.6007
0.00163255	406.033	7.3871e-06	9.54007
0.00164732	383.152	7.3871e-06	8.90784
0.0016621	357.828	7.3871e-06	6.98263
0.00167687	360.271	7.3871e-06	9.14566
0.00169165	337.711	7.3871e-06	11.0137
0.00170642	327.951	7.3871e-06	9.66952
0.00172119	313.135	7.3871e-06	7.08178
0.00173597	297.207	7.3871e-06	8.62062
0.00175074	277.763	7.3871e-06	8.57574
0.00176552	284.797	7.3871e-06	10.7702
0.00178029	269.277	7.3871e-06	8.09836
0.00179506	231.568	7.3871e-06	5.6966
0.00180984	224.246	7.3871e-06	5.91266
0.00182461	268.718	7.3871e-06	16.4172
0.00183939	209.467	7.3871e-06	6.29909
0.00185416	213.494	7.3871e-06	7.06978
0.00186894	188.204	7.3871e-06	5.48243
0.00188371	181.733	7.3871e-06	6.04919
0.00189848	170.324	7.3871e-06	5.15521
0.00191326	170.962	7.3871e-06	6.73886
0.00192803	152.122	7.3871e-06	5.18762
0.00194281	161.071	7.3871e-06	8.32297
0.00195758	139.594	7.3871e-06	5.54421
0.00197236	123.971	7.3871e-06	4.30818
0.00198713	121.113	7.3871e-06	4.77658
0.0020019	111.837	7.3871e-06	4.68633
0.00201668	122.584	7.3871e-06	8.79647
0.00203145	102.022	7.3871e-06	5.05205
0.00204623	85.4056	7.3871e-06	3.3481
0.002061	83.1491	7.3871e-06	3.61004
0.00207577	87.5115	7.3871e-06	3.91427
0.00209055	75.9282	7.3871e-06	3.2759
0.00210532	74.2569	7.3871e-06	3.44489
0.0021201	66.2928	7.3871e-06	3.31552
0.00213487	62.5456	7.3871e-06	3.13949
0.00214965	63.2415	7.3871e-06	4.7923
0.00216442	58.1355	7.3871e-06	5.28518
0.00217919	54.1276	7.3871e-06	3.82349
0.00219397	48.3997	7.3871e-06	3.1327
0.00220874	39.8593	7.3871e-06	2.38822
0.00222352	35.606	7.3871e-06	2.139
0.00223829	33.1698	7.3871e-06	2.54989
0.00225306	31.2579	7.3871e-06	2.25775
0.00226784	33.5502	7.3871e-06	3.59199
0.00228261	24.9048	7.3871e-06	2.14901
0.00229739	21.2808	7.3871e-06	1.54498
0.00231216	25.5222	7.3871e-06	2.36063
0.00232694	24.2181	7.3871e-06	2.03609
0.00234171	18.4444	7.3871e-06	2.22686
0.00235648	20.1403	7.3871e-06	3.3439
0.00237126	12.9116	7.3871e-06	1.50013
0.00238603	13.0327	7.3871e-06	1.99965
0.00240081	9.95829	7.3871e-06	0.959162
0.00241558	8.57712	7.3871e-06	1.06331
0.00243036	7.51191	7.3871e-06	0.874895
0.00244513	7.25083	7.3871e-06	0.987969
0.0024599	5.8597	7.3871e-06	0.989105
0.00247468	4.51777	7.3871e-06	0.732755
0.00248945	3.95818	7.3871e-06	0.779094
0.00250423	3.74378	7.3871e-06	0.741724
0.002519	3.77905	7.3871e-06	0.917895
0.00253377	1.915	7.3871e-06	0.475338
0.00254855	0.847513	7.3871e-06	0.247486
0.00256332	0.612002	7.3871e-06	0.22827
