7.23082e-06	0.653625	7.23082e-06	0.300036
2.16924e-05	1.60195	7.23082e-06	0.363014
3.61541e-05	3.82301	7.23082e-06	0.716919
5.06157e-05	8.11592	7.23082e-06	1.02527
6.50773e-05	12.0419	7.23082e-06	1.11881
7.9539e-05	17.5387	7.23082e-06	1.39424
9.40006e-05	31.7582	7.23082e-06	2.22343
0.000108462	36.0996	7.23082e-06	2.20053
0.000122924	51.125	7.23082e-06	3.87818
0.000137386	61.3178	7.23082e-06	3.54608
0.000151847	70.0183	7.23082e-06	3.36757
0.000166309	80.7595	7.23082e-06	3.26082
0.00018077	99.2507	7.23082e-06	5.00508
0.000195232	111.15	7.23082e-06	4.24064
0.000209694	145.168	7.23082e-06	20.5398
0.000224155	141.542	7.23082e-06	4.77586
0.000238617	158.991	7.23082e-06	4.58602
0.000253079	171.934	7.23082e-06	4.82349
0.00026754	198.652	7.23082e-06	6.29217
0.000282002	221.719	7.23082e-06	6.17151
0.000296463	236.099	7.23082e-06	9.82945
0.000310925	257.658	7.23082e-06	6.45523
0.000325387	271.098	7.23082e-06	6.23927
0.000339848	301.82	7.23082e-06	7.57506
0.00035431	317.415	7.23082e-06	8.03302
0.000368772	350.661	7.23082e-06	9.27253
0.000383233	367.064	7.23082e-06	9.05022
0.000397695	390.362	7.23082e-06	9.30493
0.000412157	414.129	7.23082e-06	10.6666
0.000426618	431.158	7.23082e-06	10.2119
0.00044108	444.523	7.23082e-06	12.5546
0.000455541	490.25	7.23082e-06	10.0739
0.000470003	490.305	7.23082e-06	10.0801
0.000484465	515.99	7.23082e-06	10.4538
0.000498926	525.279	7.23082e-06	8.68628
0.000513388	610.508	7.23082e-06	42.0464
0.00052785	568.619	7.23082e-06	10.0786
0.000542311	599.517	7.23082e-06	9.90688
0.000556773	631.97	7.23082e-06	10.7147
0.000571234	650.308	7.23082e-06	10.6219
0.000585696	663.168	7.23082e-06	11.0859
0.000600158	687.531	7.23082e-06	12.1316
0.000614619	695.853	7.23082e-06	11.6421
0.000629081	744.464	7.23082e-06	14.2874
0.000643543	728.583	7.23082e-06	10.9405
0.000658004	773.495	7.23082e-06	14.9819
0.000672466	782.593	7.23082e-06	14.2804
0.000686928	790.699	7.23082e-06	12.3787
0.000701389	781.205	7.23082e-06	11.2547
0.000715851	807.705	7.23082e-06	11.8072
0.000730312	863.864	7.23082e-06	14.1571
0.000744774	832.322	7.23082e-06	11.6309
0.000759236	881.534	7.23082e-06	17.6544
0.000773697	869.309	7.23082e-06	18.3589
0.000788159	852.301	7.23082e-06	11.3223
0.000802621	891.099	7.23082e-06	13.9801
0.000817082	888.676	7.23082e-06	13.2146
0.000831544	919.529	7.23082e-06	14.6329
0.000846005	917.199	7.23082e-06	13.9782
0.000860467	881.132	7.23082e-06	11.2111
0.000874929	951.311	7.23082e-06	29.5433
0.00088939	902.482	7.23082e-06	11.4499
0.000903852	907.572	7.23082e-06	11.1988
0.000918314	903.268	7.23082e-06	10.5253
0.000932775	909.339	7.23082e-06	12.0883
0.000947237	913.648	7.23082e-06	11.2016
0.000961699	920.043	7.23082e-06	11.632
0.00097616	914.122	7.23082e-06	11.0596
0.000990622	928.264	7.23082e-06	13.9001
0.00100508	888.324	7.23082e-06	10.6156
0.00101955	929.147	7.23082e-06	23.2188
0.00103401	891.632	7.23082e-06	11.3962
0.00104847	938.718	7.23082e-06	23.334
0.00106293	934.675	7.23082e-06	35.6421
0.00107739	872.674	7.23082e-06	10.553
0.00109185	884.71	7.23082e-06	17.6882
0.00110631	862.188	7.23082e-06	10.5965
0.00112078	850.803	7.23082e-06	12.8801
0.00113524	828.188	7.23082e-06	11.6327
0.0011497	849.445	7.23082e-06	10.8082
0.00116416	816.673	7.23082e-06	12.2374
0.00117862	800.247	7.23082e-06	9.47909
0.00119308	812.387	7.23082e-06	11.4987
0.00120755	799.807	7.23082e-06	11.6834
0.00122201	884.303	7.23082e-06	72.5499
0.00123647	738.407	7.23082e-06	9.51136
0.00125093	724.407	7.23082e-06	9.68614
0.00126539	698.794	7.23082e-06	9.29132
0.00127985	701.845	7.23082e-06	9.35974
0.00129432	686.224	7.23082e-06	9.83003
0.00130878	665.65	7.23082e-06	9.92589
0.00132324	643.135	7.23082e-06	8.50424
0.0013377	654.818	7.23082e-06	13.4665
0.00135216	632.971	7.23082e-06	10.0401
0.00136662	593.333	7.23082e-06	8.03649
0.00138109	565.308	7.23082e-06	8.01749
0.00139555	557.834	7.23082e-06	7.65782
0.00141001	554.073	7.23082e-06	8.81303
0.00142447	533.924	7.23082e-06	8.07075
0.00143893	528.768	7.23082e-06	7.53163
0.00145339	517.9	7.23082e-06	9.1307
0.00146786	512.427	7.23082e-06	11.8411
0.00148232	462.22	7.23082e-06	6.84248
0.00149678	478.058	7.23082e-06	8.03401
0.00151124	447.44	7.23082e-06	8.95614
0.0015257	433.972	7.23082e-06	8.74144
0.00154016	414.352	7.23082e-06	6.57126
0.00155463	383.105	7.23082e-06	5.86445
0.00156909	383.443	7.23082e-06	6.48788
0.00158355	366.094	7.23082e-06	5.92371
0.00159801	350.505	7.23082e-06	5.30018
0.00161247	331.55	7.23082e-06	5.2271
0.00162693	322.419	7.23082e-06	5.45452
0.0016414	307.934	7.23082e-06	5.38866
0.00165586	291.332	7.23082e-06	5.08185
0.00167032	281.397	7.23082e-06	5.19206
0.00168478	270.392	7.23082e-06	4.63815
0.00169924	245.188	7.23082e-06	5.12128
0.0017137	249.092	7.23082e-06	5.70302
0.00172816	239.649	7.23082e-06	4.58135
0.00174263	223.274	7.23082e-06	4.32882
0.00175709	214.584	7.23082e-06	5.00942
0.00177155	197.12	7.23082e-06	5.64086
0.00178601	188.492	7.23082e-06	3.88702
0.00180047	177.321	7.23082e-06	3.73115
0.00181493	175.272	7.23082e-06	4.1506
0.0018294	156.277	7.23082e-06	3.64385
0.00184386	152.953	7.23082e-06	3.40862
0.00185832	146.902	7.23082e-06	3.42003
0.00187278	142.729	7.23082e-06	3.48923
0.00188724	130.817	7.23082e-06	3.18859
0.0019017	134.392	7.23082e-06	5.51206
0.00191617	113.03	7.23082e-06	2.77438
0.00193063	111.432	7.23082e-06	2.98371
0.00194509	101.754	7.23082e-06	2.6463
0.00195955	86.4966	7.23082e-06	2.5392
0.00197401	86.181	7.23082e-06	2.37027
0.00198847	80.8553	7.23082e-06	2.28577
0.00200294	76.9267	7.23082e-06	2.23871
0.0020174	71.0726	7.23082e-06	2.11394
0.00203186	64.8673	7.23082e-06	2.06259
0.00204632	58.1381	7.23082e-06	1.9057
0.00206078	58.5092	7.23082e-06	1.92788
0.00207524	56.5346	7.23082e-06	1.92829
0.00208971	50.5826	7.23082e-06	1.78079
0.00210417	46.3506	7.23082e-06	1.6875
0.00211863	44.2564	7.23082e-06	1.61707
0.00213309	36.6567	7.23082e-06	1.47845
0.00214755	35.3389	7.23082e-06	1.45608
0.00216201	32.2424	7.23082e-06	1.37018
0.00217648	32.0111	7.23082e-06	1.35077
0.00219094	29.1131	7.23082e-06	1.31683
0.0022054	25.035	7.23082e-06	1.17239
0.00221986	23.7442	7.23082e-06	1.15856
0.00223432	22.0357	7.23082e-06	1.09451
0.00224878	20.127	7.23082e-06	1.05436
0.00226325	19.27	7.23082e-06	1.02964
0.00227771	15.9876	7.23082e-06	0.930308
0.00229217	13.934	7.23082e-06	0.857131
0.00230663	13.6054	7.23082e-06	0.862832
0.00232109	11.5515	7.23082e-06	0.788573
0.00233555	10.1845	7.23082e-06	0.73417
0.00235002	9.66638	7.23082e-06	0.706527
0.00236448	7.97206	7.23082e-06	0.646027
0.00237894	6.83505	7.23082e-06	0.584863
0.0023934	6.14079	7.23082e-06	0.57338
0.00240786	5.80195	7.23082e-06	0.549506
0.00242232	5.19287	7.23082e-06	0.509086
0.00243678	3.70325	7.23082e-06	0.436135
0.00245125	3.15679	7.23082e-06	0.393263
0.00246571	2.62763	7.23082e-06	0.363314
0.00248017	2.40436	7.23082e-06	0.350921
0.00249463	1.65962	7.23082e-06	0.31223
0.00250909	1.21154	7.23082e-06	0.253719
0.00252355	0.904734	7.23082e-06	0.296887
0.00253802	0.546406	7.23082e-06	0.161168
0.00255248	0.306486	7.23082e-06	0.145316
0.00256694	0.22268	7.23082e-06	0.121963
