7.38228e-06	0.150421	7.38228e-06	0.0807465
2.21468e-05	1.11592	7.38228e-06	0.344985
3.69114e-05	3.18554	7.38228e-06	0.578224
5.1676e-05	4.95889	7.38228e-06	0.717102
6.64405e-05	6.807	7.38228e-06	0.764503
8.12051e-05	10.9556	7.38228e-06	1.13573
9.59697e-05	17.0152	7.38228e-06	1.21629
0.000110734	22.1818	7.38228e-06	1.353
0.000125499	32.807	7.38228e-06	3.70188
0.000140263	39.5348	7.38228e-06	2.95655
0.000155028	41.4948	7.38228e-06	2.44361
0.000169793	49.4258	7.38228e-06	2.15292
0.000184557	62.3232	7.38228e-06	2.47514
0.000199322	70.0429	7.38228e-06	2.7402
0.000214086	84.6476	7.38228e-06	3.20067
0.000228851	91.098	7.38228e-06	3.94148
0.000243615	131.555	7.38228e-06	18.1948
0.00025838	129.942	7.38228e-06	4.9947
0.000273144	135.308	7.38228e-06	4.42231
0.000287909	163.982	7.38228e-06	11.5784
0.000302674	152.444	7.38228e-06	3.99542
0.000317438	179.504	7.38228e-06	4.85059
0.000332203	201.111	7.38228e-06	10.3921
0.000346967	201.104	7.38228e-06	4.81268
0.000361732	221.986	7.38228e-06	5.4814
0.000376496	244.522	7.38228e-06	6.13044
0.000391261	261.259	7.38228e-06	6.42897
0.000406026	273.929	7.38228e-06	6.82111
0.00042079	309.427	7.38228e-06	8.68903
0.000435555	318.268	7.38228e-06	6.53694
0.000450319	336.409	7.38228e-06	7.35953
0.000465084	353.348	7.38228e-06	7.38863
0.000479848	383.454	7.38228e-06	19.3859
0.000494613	387.16	7.38228e-06	7.15017
0.000509378	393.589	7.38228e-06	7.26871
0.000524142	438.175	7.38228e-06	8.42912
0.000538907	447.229	7.38228e-06	8.09149
0.000553671	449.569	7.38228e-06	7.46505
0.000568436	502.892	7.38228e-06	9.48148
0.0005832	507.49	7.38228e-06	8.21829
0.000597965	555.187	7.38228e-06	9.61549
0.00061273	554.816	7.38228e-06	12.8637
0.000627494	581.145	7.38228e-06	8.95744
0.000642259	586.254	7.38228e-06	10.4026
0.000657023	639.243	7.38228e-06	11.8444
0.000671788	671.036	7.38228e-06	21.6357
0.000686552	657.864	7.38228e-06	14.1986
0.000701317	675.807	7.38228e-06	10.754
0.000716081	737.207	7.38228e-06	25.1299
0.000730846	727.307	7.38228e-06	15.1224
0.000745611	716.239	7.38228e-06	10.837
0.000760375	740.308	7.38228e-06	11.4661
0.00077514	763.52	7.38228e-06	13.0426
0.000789904	774.095	7.38228e-06	14.6576
0.000804669	785.932	7.38228e-06	11.0184
0.000819433	804.91	7.38228e-06	13.4077
0.000834198	816.475	7.38228e-06	14.1662
0.000848963	833.725	7.38228e-06	12.4748
0.000863727	836.502	7.38228e-06	13.3105
0.000878492	842.393	7.38228e-06	11.2342
0.000893256	893.532	7.38228e-06	25.2669
0.000908021	870.819	7.38228e-06	14.5134
0.000922785	889.085	7.38228e-06	18.0533
0.00093755	890.995	7.38228e-06	13.0987
0.000952315	872.116	7.38228e-06	11.9155
0.000967079	871.105	7.38228e-06	11.8813
0.000981844	897.75	7.38228e-06	12.763
0.000996608	886.475	7.38228e-06	12.6196
0.00101137	920.156	7.38228e-06	19.2478
0.00102614	897.4	7.38228e-06	13.0331
0.0010409	900.127	7.38228e-06	13.8335
0.00105567	908.828	7.38228e-06	13.9386
0.00107043	876.576	7.38228e-06	11.3268
0.0010852	919.336	7.38228e-06	15.8599
0.00109996	905.391	7.38228e-06	14.238
0.00111472	872.354	7.38228e-06	11.4609
0.00112949	866.931	7.38228e-06	12.1
0.00114425	989.834	7.38228e-06	66.3654
0.00115902	880.404	7.38228e-06	16.3825
0.00117378	866.795	7.38228e-06	13.9451
0.00118855	844.398	7.38228e-06	11.7842
0.00120331	850.992	7.38228e-06	13.4668
0.00121808	842.974	7.38228e-06	14.9142
0.00123284	799.734	7.38228e-06	11.9812
0.00124761	816.846	7.38228e-06	17.5032
0.00126237	826.829	7.38228e-06	30.0209
0.00127714	791.282	7.38228e-06	12.6379
0.0012919	761.56	7.38228e-06	10.9491
0.00130666	771.079	7.38228e-06	14.0462
0.00132143	765.3	7.38228e-06	13.6253
0.00133619	723.59	7.38228e-06	11.2887
0.00135096	713.268	7.38228e-06	12.2726
0.00136572	764.435	7.38228e-06	23.0022
0.00138049	702.708	7.38228e-06	13.2815
0.00139525	695.765	7.38228e-06	17.8411
0.00141002	778.083	7.38228e-06	96.8085
0.00142478	631.761	7.38228e-06	10.6543
0.00143955	625.697	7.38228e-06	14.2976
0.00145431	645.705	7.38228e-06	13.0213
0.00146907	583.882	7.38228e-06	10.1794
0.00148384	616.403	7.38228e-06	21.2459
0.0014986	549.875	7.38228e-06	9.06798
0.00151337	539.461	7.38228e-06	9.82612
0.00152813	525.485	7.38228e-06	10.1203
0.0015429	513.161	7.38228e-06	11.1334
0.00155766	500.864	7.38228e-06	10.5744
0.00157243	485.269	7.38228e-06	11.1187
0.00158719	467.679	7.38228e-06	12.141
0.00160196	450.649	7.38228e-06	9.84838
0.00161672	431.682	7.38228e-06	8.05404
0.00163148	414.842	7.38228e-06	11.6549
0.00164625	386.962	7.38228e-06	9.22352
0.00166101	383.218	7.38228e-06	8.07918
0.00167578	374.585	7.38228e-06	8.44955
0.00169054	357.059	7.38228e-06	8.72436
0.00170531	329.22	7.38228e-06	8.83744
0.00172007	316.732	7.38228e-06	7.52128
0.00173484	296.811	7.38228e-06	7.4234
0.0017496	294.806	7.38228e-06	8.27769
0.00176437	269.513	7.38228e-06	6.66036
0.00177913	287.892	7.38228e-06	15.1661
0.00179389	247.424	7.38228e-06	6.84144
0.00180866	251.173	7.38228e-06	7.15047
0.00182342	227.294	7.38228e-06	6.26542
0.00183819	223.307	7.38228e-06	8.33448
0.00185295	224.649	7.38228e-06	7.63564
0.00186772	195.776	7.38228e-06	5.63186
0.00188248	184.583	7.38228e-06	5.85341
0.00189725	188.255	7.38228e-06	7.84785
0.00191201	168.515	7.38228e-06	6.01662
0.00192678	159.682	7.38228e-06	5.99525
0.00194154	143.54	7.38228e-06	4.40198
0.00195631	143.251	7.38228e-06	6.11343
0.00197107	134.507	7.38228e-06	6.29765
0.00198583	120.275	7.38228e-06	4.16145
0.0020006	106.94	7.38228e-06	4.20053
0.00201536	118.774	7.38228e-06	5.94616
0.00203013	103.103	7.38228e-06	4.53606
0.00204489	91.9386	7.38228e-06	4.0171
0.00205966	84.7289	7.38228e-06	3.78388
0.00207442	88.4782	7.38228e-06	4.85726
0.00208919	88.3419	7.38228e-06	5.57243
0.00210395	83.1324	7.38228e-06	4.57823
0.00211872	72.9053	7.38228e-06	4.56302
0.00213348	72.3417	7.38228e-06	5.89264
0.00214824	59.3268	7.38228e-06	2.93801
0.00216301	49.5004	7.38228e-06	2.67788
0.00217777	52.2766	7.38228e-06	2.83016
0.00219254	46.8392	7.38228e-06	2.77193
0.0022073	53.062	7.38228e-06	8.89098
0.00222207	42.2228	7.38228e-06	2.96512
0.00223683	40.2276	7.38228e-06	2.85844
0.0022516	29.9224	7.38228e-06	2.07308
0.00226636	28.9947	7.38228e-06	1.97989
0.00228113	28.6484	7.38228e-06	2.25603
0.00229589	24.9271	7.38228e-06	2.04543
0.00231065	23.4972	7.38228e-06	2.11066
0.00232542	21.7305	7.38228e-06	1.79275
0.00234018	17.5166	7.38228e-06	1.6472
0.00235495	15.7467	7.38228e-06	1.66167
0.00236971	16.3412	7.38228e-06	2.13781
0.00238448	17.2758	7.38228e-06	1.98654
0.00239924	12.6901	7.38228e-06	2.0014
0.00241401	9.99519	7.38228e-06	1.412
0.00242877	10.5928	7.38228e-06	2.9338
0.00244354	9.60542	7.38228e-06	1.65859
0.0024583	8.39758	7.38228e-06	1.58362
0.00247306	5.83795	7.38228e-06	1.00253
0.00248783	3.5452	7.38228e-06	0.657494
0.00250259	3.79111	7.38228e-06	0.905971
0.00251736	3.55858	7.38228e-06	0.932107
0.00253212	2.98269	7.38228e-06	1.01705
0.00254689	0.520861	7.38228e-06	0.257388
0.00256165	1.33244	7.38228e-06	0.841374
0.00257642	0.469969	7.38228e-06	0.469969
