7.32932e-06	0.425206	7.32932e-06	0.266404
2.1988e-05	1.61488	7.32932e-06	0.360682
3.66466e-05	3.26536	7.32932e-06	0.479843
5.13053e-05	8.60311	7.32932e-06	1.10731
6.59639e-05	11.3733	7.32932e-06	1.43023
8.06226e-05	18.139	7.32932e-06	1.29556
9.52812e-05	24.5065	7.32932e-06	1.67216
0.00010994	30.4941	7.32932e-06	1.5924
0.000124599	36.2357	7.32932e-06	1.95494
0.000139257	54.9675	7.32932e-06	2.699
0.000153916	69.5922	7.32932e-06	3.20435
0.000168574	71.8899	7.32932e-06	3.06462
0.000183233	91.6673	7.32932e-06	4.15218
0.000197892	98.6821	7.32932e-06	4.12868
0.00021255	121.289	7.32932e-06	5.00553
0.000227209	154.079	7.32932e-06	17.7977
0.000241868	138.239	7.32932e-06	4.54842
0.000256526	168.932	7.32932e-06	6.44564
0.000271185	176.642	7.32932e-06	5.08554
0.000285844	200.363	7.32932e-06	7.09798
0.000300502	213.491	7.32932e-06	5.3414
0.000315161	236.876	7.32932e-06	6.17672
0.00032982	251.821	7.32932e-06	6.352
0.000344478	295.669	7.32932e-06	9.20667
0.000359137	292.432	7.32932e-06	8.37334
0.000373796	310.138	7.32932e-06	7.58376
0.000388454	320.138	7.32932e-06	6.47481
0.000403113	361.161	7.32932e-06	9.58247
0.000417771	393.682	7.32932e-06	10.3953
0.00043243	390.323	7.32932e-06	8.02967
0.000447089	440.425	7.32932e-06	11.1449
0.000461747	433.766	7.32932e-06	8.34713
0.000476406	447.896	7.32932e-06	8.40587
0.000491065	496.802	7.32932e-06	9.79359
0.000505723	507.251	7.32932e-06	9.28895
0.000520382	530.514	7.32932e-06	9.56475
0.000535041	545.903	7.32932e-06	10.0857
0.000549699	562.666	7.32932e-06	10.0003
0.000564358	586.221	7.32932e-06	9.27343
0.000579017	609.716	7.32932e-06	10.7507
0.000593675	675.035	7.32932e-06	26.4309
0.000608334	690.17	7.32932e-06	29.6721
0.000622993	682.623	7.32932e-06	11.329
0.000637651	682.936	7.32932e-06	9.8914
0.00065231	701.971	7.32932e-06	10.4496
0.000666968	735.943	7.32932e-06	10.8286
0.000681627	722.112	7.32932e-06	10.4695
0.000696286	781.142	7.32932e-06	17.4707
0.000710944	755.059	7.32932e-06	11.1308
0.000725603	778.447	7.32932e-06	11.2315
0.000740262	801.534	7.32932e-06	13.6285
0.00075492	791.968	7.32932e-06	10.9057
0.000769579	827.509	7.32932e-06	13.6495
0.000784238	825.936	7.32932e-06	10.5007
0.000798896	833.787	7.32932e-06	11.4238
0.000813555	858.426	7.32932e-06	12.1123
0.000828214	847.137	7.32932e-06	12.5446
0.000842872	862.054	7.32932e-06	11.3021
0.000857531	959.486	7.32932e-06	39.5932
0.00087219	880.018	7.32932e-06	10.9175
0.000886848	924.286	7.32932e-06	13.7046
0.000901507	902.393	7.32932e-06	12.0876
0.000916166	881.999	7.32932e-06	12.0511
0.000930824	910.529	7.32932e-06	12.5462
0.000945483	925.474	7.32932e-06	11.8256
0.000960141	921.437	7.32932e-06	12.2663
0.0009748	902.047	7.32932e-06	12.6578
0.000989459	897.045	7.32932e-06	11.7915
0.00100412	907.458	7.32932e-06	12.1067
0.00101878	913.356	7.32932e-06	13.0782
0.00103343	932.655	7.32932e-06	13.6327
0.00104809	928.556	7.32932e-06	32.9392
0.00106275	878.73	7.32932e-06	11.2235
0.00107741	890.015	7.32932e-06	11.6057
0.00109207	877.767	7.32932e-06	12.572
0.00110673	872.528	7.32932e-06	11.2152
0.00112139	864.496	7.32932e-06	13.6775
0.00113605	858.804	7.32932e-06	11.3873
0.0011507	841.208	7.32932e-06	10.5937
0.00116536	855.644	7.32932e-06	12.9899
0.00118002	837.974	7.32932e-06	12.4428
0.00119468	821.828	7.32932e-06	11.0986
0.00120934	805.67	7.32932e-06	13.6113
0.001224	786.776	7.32932e-06	9.94719
0.00123866	764.744	7.32932e-06	10.7946
0.00125331	786.709	7.32932e-06	13.9069
0.00126797	718.377	7.32932e-06	9.37874
0.00128263	734.01	7.32932e-06	12.4412
0.00129729	709.48	7.32932e-06	10.3238
0.00131195	704.642	7.32932e-06	10.0265
0.00132661	699.409	7.32932e-06	10.7871
0.00134127	665.642	7.32932e-06	10.4545
0.00135592	658.91	7.32932e-06	10.2804
0.00137058	644.458	7.32932e-06	9.59037
0.00138524	611.987	7.32932e-06	8.92981
0.0013999	636.916	7.32932e-06	12.7954
0.00141456	570.641	7.32932e-06	7.74989
0.00142922	554.183	7.32932e-06	8.02186
0.00144388	549.411	7.32932e-06	7.88077
0.00145854	524.567	7.32932e-06	7.78954
0.00147319	509.693	7.32932e-06	7.84856
0.00148785	499.468	7.32932e-06	7.9671
0.00150251	478.024	7.32932e-06	7.47844
0.00151717	465.024	7.32932e-06	7.03693
0.00153183	458.913	7.32932e-06	9.00012
0.00154649	438.784	7.32932e-06	7.85836
0.00156115	439.732	7.32932e-06	12.128
0.0015758	401.308	7.32932e-06	6.71718
0.00159046	414.049	7.32932e-06	14.6718
0.00160512	380.822	7.32932e-06	7.71853
0.00161978	355.257	7.32932e-06	5.78383
0.00163444	333.285	7.32932e-06	5.96832
0.0016491	326.771	7.32932e-06	5.75658
0.00166376	318.49	7.32932e-06	5.66238
0.00167842	296.607	7.32932e-06	6.12373
0.00169307	294.73	7.32932e-06	7.02627
0.00170773	284.412	7.32932e-06	9.89354
0.00172239	262.216	7.32932e-06	5.54847
0.00173705	265.199	7.32932e-06	5.66936
0.00175171	246.731	7.32932e-06	6.07594
0.00176637	226.101	7.32932e-06	4.97028
0.00178103	213.198	7.32932e-06	5.44152
0.00179568	204.959	7.32932e-06	4.70814
0.00181034	185.502	7.32932e-06	4.4683
0.001825	192.153	7.32932e-06	4.77082
0.00183966	183.838	7.32932e-06	4.64601
0.00185432	165.659	7.32932e-06	3.94403
0.00186898	159.771	7.32932e-06	4.032
0.00188364	153.069	7.32932e-06	3.74755
0.00189829	135.939	7.32932e-06	3.56706
0.00191295	132.603	7.32932e-06	3.38237
0.00192761	124.803	7.32932e-06	3.44852
0.00194227	118.877	7.32932e-06	3.35252
0.00195693	111.925	7.32932e-06	3.42409
0.00197159	98.7175	7.32932e-06	3.04783
0.00198625	112.612	7.32932e-06	10.466
0.00200091	92.4974	7.32932e-06	3.81235
0.00201556	88.931	7.32932e-06	3.023
0.00203022	80.1677	7.32932e-06	2.62783
0.00204488	76.339	7.32932e-06	2.64934
0.00205954	71.7134	7.32932e-06	2.96636
0.0020742	64.5311	7.32932e-06	2.37754
0.00208886	61.2785	7.32932e-06	2.80081
0.00210352	56.5367	7.32932e-06	2.11767
0.00211817	55.2046	7.32932e-06	3.12596
0.00213283	47.6559	7.32932e-06	1.95906
0.00214749	45.2804	7.32932e-06	1.86586
0.00216215	44.1876	7.32932e-06	1.83681
0.00217681	38.8681	7.32932e-06	1.6694
0.00219147	33.3336	7.32932e-06	1.5107
0.00220613	34.26	7.32932e-06	1.52957
0.00222079	30.6916	7.32932e-06	1.60003
0.00223544	27.0633	7.32932e-06	1.314
0.0022501	22.8634	7.32932e-06	1.22733
0.00226476	22.9329	7.32932e-06	1.24152
0.00227942	18.3766	7.32932e-06	1.05941
0.00229408	18.1858	7.32932e-06	1.09271
0.00230874	16.9195	7.32932e-06	1.01945
0.0023234	16.6674	7.32932e-06	1.05654
0.00233805	14.3596	7.32932e-06	0.894734
0.00235271	11.9368	7.32932e-06	0.819444
0.00236737	10.7554	7.32932e-06	0.793914
0.00238203	9.71721	7.32932e-06	0.754356
0.00239669	7.12263	7.32932e-06	0.608334
0.00241135	7.75206	7.32932e-06	0.650152
0.00242601	8.01412	7.32932e-06	0.659457
0.00244066	4.73227	7.32932e-06	0.496335
0.00245532	4.19278	7.32932e-06	0.463672
0.00246998	3.71896	7.32932e-06	0.430582
0.00248464	2.59646	7.32932e-06	0.356201
0.0024993	1.96399	7.32932e-06	0.318747
0.00251396	2.13593	7.32932e-06	0.350928
0.00252862	1.20052	7.32932e-06	0.232881
0.00254328	0.490921	7.32932e-06	0.149264
0.00255793	0.575527	7.32932e-06	0.160285
0.00257259	0.134121	7.32932e-06	0.0777215
0.00258725	0.0415318	7.32932e-06	0.0415318
