0	1104.11	7.35073e-06	4.3584
1.47015e-05	1104.11	7.35073e-06	4.3584
2.94029e-05	1103.68	7.35073e-06	4.34719
4.41044e-05	1102.89	7.35073e-06	4.3295
5.88059e-05	1101.71	7.35073e-06	4.31297
7.35073e-05	1100.17	7.35073e-06	4.29565
8.82088e-05	1098.23	7.35073e-06	4.27774
0.00010291	1095.59	7.35073e-06	4.22805
0.000117612	1092.64	7.35073e-06	4.19101
0.000132313	1089.14	7.35073e-06	4.1614
0.000147015	1085.7	7.35073e-06	4.14065
0.000161716	1082.16	7.35073e-06	4.12235
0.000176418	1077.94	7.35073e-06	4.09319
0.000191119	1073.79	7.35073e-06	4.07469
0.00020582	1068.97	7.35073e-06	4.05353
0.000220522	1063.83	7.35073e-06	4.03341
0.000235223	1056.56	7.35073e-06	3.91319
0.000249925	1050.69	7.35073e-06	3.89137
0.000264626	1044.55	7.35073e-06	3.87091
0.000279328	1038.13	7.35073e-06	3.85025
0.000294029	1030.91	7.35073e-06	3.82679
0.000308731	1023.23	7.35073e-06	3.80161
0.000323432	1015.61	7.35073e-06	3.77703
0.000338134	1007.77	7.35073e-06	3.75375
0.000352835	999.76	7.35073e-06	3.73361
0.000367537	991.065	7.35073e-06	3.70561
0.000382238	982.161	7.35073e-06	3.68395
0.00039694	972.576	7.35073e-06	3.653
0.000411641	962.49	7.35073e-06	3.62585
0.000426342	952.203	7.35073e-06	3.5982
0.000441044	941.63	7.35073e-06	3.54857
0.000455745	930.974	7.35073e-06	3.52481
0.000470447	920.308	7.35073e-06	3.5009
0.000485148	909.393	7.35073e-06	3.47791
0.00049985	897.921	7.35073e-06	3.45369
0.000514551	886.729	7.35073e-06	3.43307
0.000529253	874.324	7.35073e-06	3.40018
0.000543954	862.178	7.35073e-06	3.37667
0.000558656	849.532	7.35073e-06	3.34837
0.000573357	837.112	7.35073e-06	3.32705
0.000588059	824.503	7.35073e-06	3.30529
0.00060276	811.47	7.35073e-06	3.2756
0.000617461	798.477	7.35073e-06	3.25316
0.000632163	785.226	7.35073e-06	3.23209
0.000646864	771.993	7.35073e-06	3.2095
0.000661566	758.359	7.35073e-06	3.18734
0.000676267	744.217	7.35073e-06	3.16196
0.000690969	730.408	7.35073e-06	3.14029
0.00070567	716.652	7.35073e-06	3.12019
0.000720372	703.109	7.35073e-06	3.10205
0.000735073	689.19	7.35073e-06	3.08355
0.000749775	675.158	7.35073e-06	3.06238
0.000764476	660.957	7.35073e-06	3.04269
0.000779178	646.727	7.35073e-06	3.02398
0.000793879	632.588	7.35073e-06	3.00585
0.00080858	618.028	7.35073e-06	2.98603
0.000823282	603.838	7.35073e-06	2.96876
0.000837983	589.423	7.35073e-06	2.95027
0.000852685	574.477	7.35073e-06	2.8946
0.000867386	560.169	7.35073e-06	2.87516
0.000882088	545.702	7.35073e-06	2.85639
0.000896789	531.689	7.35073e-06	2.84075
0.000911491	517.051	7.35073e-06	2.81051
0.000926192	502.776	7.35073e-06	2.79241
0.000940894	489.174	7.35073e-06	2.77931
0.000955595	475.542	7.35073e-06	2.76485
0.000970297	461.934	7.35073e-06	2.75032
0.000984998	448.442	7.35073e-06	2.73652
0.000999699	435.209	7.35073e-06	2.72378
0.0010144	421.777	7.35073e-06	2.70685
0.0010291	408.714	7.35073e-06	2.69445
0.0010438	395.976	7.35073e-06	2.68383
0.00105851	383.281	7.35073e-06	2.67248
0.00107321	367.536	7.35073e-06	1.34428
0.00108791	355.328	7.35073e-06	1.32483
0.00110261	343.408	7.35073e-06	1.30346
0.00111731	331.826	7.35073e-06	1.28507
0.00113201	320.106	7.35073e-06	1.26381
0.00114671	308.803	7.35073e-06	1.24547
0.00116142	297.417	7.35073e-06	1.22434
0.00117612	286.208	7.35073e-06	1.20348
0.00119082	275.376	7.35073e-06	1.18406
0.00120552	265.004	7.35073e-06	1.16747
0.00122022	254.712	7.35073e-06	1.1511
0.00123492	244.626	7.35073e-06	1.13145
0.00124962	234.955	7.35073e-06	1.11592
0.00126433	225.211	7.35073e-06	1.10116
0.00127903	215.914	7.35073e-06	1.08489
0.00129373	206.873	7.35073e-06	1.07222
0.00130843	198.168	7.35073e-06	1.05741
0.00132313	189.624	7.35073e-06	1.04318
0.00133783	181.168	7.35073e-06	1.03023
0.00135253	172.949	7.35073e-06	1.01315
0.00136724	165.228	7.35073e-06	1.00279
0.00138194	157.609	7.35073e-06	0.991382
0.00139664	150.423	7.35073e-06	0.981625
0.00141134	143.184	7.35073e-06	0.971869
0.00142604	136.132	7.35073e-06	0.958557
0.00144074	129.227	7.35073e-06	0.927507
0.00145544	123.043	7.35073e-06	0.920377
0.00147015	116.978	7.35073e-06	0.908889
0.00148485	111.061	7.35073e-06	0.896805
0.00149955	105.512	7.35073e-06	0.88806
0.00151425	100.219	7.35073e-06	0.882634
0.00152895	94.9699	7.35073e-06	0.876078
0.00154365	90.0427	7.35073e-06	0.869969
0.00155836	84.902	7.35073e-06	0.824868
0.00157306	80.1589	7.35073e-06	0.814938
0.00158776	75.5432	7.35073e-06	0.80639
0.00160246	71.1954	7.35073e-06	0.797216
0.00161716	67.1655	7.35073e-06	0.792165
0.00163186	63.4479	7.35073e-06	0.788451
0.00164656	59.6968	7.35073e-06	0.780112
0.00166127	56.175	7.35073e-06	0.774865
0.00167597	52.8174	7.35073e-06	0.770415
0.00169067	49.7445	7.35073e-06	0.767391
0.00170537	46.7369	7.35073e-06	0.764001
0.00172007	43.7943	7.35073e-06	0.758262
0.00173477	41.153	7.35073e-06	0.75478
0.00174947	38.6677	7.35073e-06	0.752438
0.00176418	35.177	7.35073e-06	0.277821
0.00177888	32.8257	7.35073e-06	0.267511
0.00179358	30.6509	7.35073e-06	0.259761
0.00180828	28.4336	7.35073e-06	0.235384
0.00182298	26.5289	7.35073e-06	0.229825
0.00183768	24.6651	7.35073e-06	0.223471
0.00185238	22.8547	7.35073e-06	0.210323
0.00186709	21.2669	7.35073e-06	0.205357
0.00188179	19.7411	7.35073e-06	0.198882
0.00189649	18.2551	7.35073e-06	0.19219
0.00191119	16.9264	7.35073e-06	0.186343
0.00192589	15.6791	7.35073e-06	0.182538
0.00194059	14.5044	7.35073e-06	0.177888
0.00195529	13.283	7.35073e-06	0.163185
0.00197	12.16	7.35073e-06	0.154747
0.0019847	11.166	7.35073e-06	0.148938
0.0019994	10.2692	7.35073e-06	0.144668
0.0020141	9.43182	7.35073e-06	0.136892
0.0020288	8.65217	7.35073e-06	0.132898
0.0020435	7.91113	7.35073e-06	0.128073
0.0020582	7.07182	7.35073e-06	0.0953975
0.00207291	6.43986	7.35073e-06	0.0903379
0.00208761	5.86628	7.35073e-06	0.0863569
0.00210231	5.3161	7.35073e-06	0.0782419
0.00211701	4.84022	7.35073e-06	0.0756027
0.00213171	4.38532	7.35073e-06	0.0722187
0.00214641	3.95168	7.35073e-06	0.068129
0.00216112	3.59887	7.35073e-06	0.0651499
0.00217582	3.22467	7.35073e-06	0.0587057
0.00219052	2.92178	7.35073e-06	0.056165
0.00220522	2.63989	7.35073e-06	0.0539171
0.00221992	2.36001	7.35073e-06	0.0511206
0.00223462	2.06782	7.35073e-06	0.0476274
0.00224932	1.85438	7.35073e-06	0.0455402
0.00226403	1.64353	7.35073e-06	0.04193
0.00227873	1.43322	7.35073e-06	0.0392179
0.00229343	1.24488	7.35073e-06	0.0351685
0.00230813	1.09015	7.35073e-06	0.0330074
0.00232283	0.951023	7.35073e-06	0.0315938
0.00233753	0.830096	7.35073e-06	0.029807
0.00235223	0.700193	7.35073e-06	0.0264775
0.00236694	0.595149	7.35073e-06	0.0245949
0.00238164	0.503976	7.35073e-06	0.0224048
0.00239634	0.424064	7.35073e-06	0.0205448
0.00241104	0.344949	7.35073e-06	0.0185194
0.00242574	0.275052	7.35073e-06	0.0164663
0.00244044	0.22119	7.35073e-06	0.0139542
0.00245514	0.176465	7.35073e-06	0.0125766
0.00246985	0.127186	7.35073e-06	0.0106149
0.00248455	0.090704	7.35073e-06	0.0082828
0.00249925	0.0607027	7.35073e-06	0.00666699
0.00251395	0.0423212	7.35073e-06	0.0057598
0.00252865	0.0246891	7.35073e-06	0.00449258
0.00254335	0.0127848	7.35073e-06	0.00330754
0.00255805	0.00710588	7.35073e-06	0.00275746
