0	1086.92	7.28603e-06	3.45346
1.45721e-05	1086.79	7.28603e-06	3.4419
2.91441e-05	1086.29	7.28603e-06	3.41864
4.37162e-05	1085.12	7.28603e-06	3.35445
5.82882e-05	1083.93	7.28603e-06	3.32918
7.28603e-05	1082.57	7.28603e-06	3.31104
8.74324e-05	1081.19	7.28603e-06	3.2981
0.000102004	1079.39	7.28603e-06	3.28079
0.000116576	1077.32	7.28603e-06	3.26542
0.000131149	1074.54	7.28603e-06	3.24034
0.000145721	1071	7.28603e-06	3.16897
0.000160293	1067.58	7.28603e-06	3.14405
0.000174865	1064.11	7.28603e-06	3.12253
0.000189437	1060.63	7.28603e-06	3.10585
0.000204009	1056.82	7.28603e-06	3.08874
0.000218581	1052.05	7.28603e-06	3.05623
0.000233153	1047.02	7.28603e-06	3.03265
0.000247725	1041.75	7.28603e-06	3.0075
0.000262297	1036.23	7.28603e-06	2.98043
0.000276869	1030.17	7.28603e-06	2.95068
0.000291441	1024.21	7.28603e-06	2.92791
0.000306013	1017.73	7.28603e-06	2.90199
0.000320585	1009.48	7.28603e-06	2.81964
0.000335157	1002.4	7.28603e-06	2.79492
0.000349729	994.72	7.28603e-06	2.7593
0.000364301	987.054	7.28603e-06	2.73509
0.000378874	979.426	7.28603e-06	2.71181
0.000393446	970.786	7.28603e-06	2.68323
0.000408018	961.941	7.28603e-06	2.65633
0.00042259	952.992	7.28603e-06	2.63
0.000437162	943.346	7.28603e-06	2.59993
0.000451734	933.359	7.28603e-06	2.56237
0.000466306	923.462	7.28603e-06	2.5327
0.000480878	913.202	7.28603e-06	2.5017
0.00049545	902.868	7.28603e-06	2.47419
0.000510022	892.22	7.28603e-06	2.44792
0.000524594	881.132	7.28603e-06	2.41896
0.000539166	870.092	7.28603e-06	2.39239
0.000553738	858.879	7.28603e-06	2.36639
0.00056831	846.619	7.28603e-06	2.32877
0.000582882	834.461	7.28603e-06	2.29776
0.000597454	821.889	7.28603e-06	2.25363
0.000612027	809.445	7.28603e-06	2.22567
0.000626599	796.616	7.28603e-06	2.19352
0.000641171	783.698	7.28603e-06	2.16242
0.000655743	770.626	7.28603e-06	2.1336
0.000670315	756.412	7.28603e-06	2.07912
0.000684887	742.949	7.28603e-06	2.04871
0.000699459	729.875	7.28603e-06	2.01987
0.000714031	716.468	7.28603e-06	1.98559
0.000728603	703.212	7.28603e-06	1.95954
0.000743175	688.926	7.28603e-06	1.92219
0.000757747	674.747	7.28603e-06	1.88874
0.000772319	660.699	7.28603e-06	1.85853
0.000786891	646.928	7.28603e-06	1.83247
0.000801463	632.946	7.28603e-06	1.80509
0.000816035	617.962	7.28603e-06	1.72451
0.000830607	603.173	7.28603e-06	1.67738
0.000845179	588.859	7.28603e-06	1.64806
0.000859752	574.442	7.28603e-06	1.61499
0.000874324	559.946	7.28603e-06	1.57487
0.000888896	545.718	7.28603e-06	1.54348
0.000903468	531.332	7.28603e-06	1.5099
0.00091804	517.052	7.28603e-06	1.47304
0.000932612	502.191	7.28603e-06	1.30619
0.000947184	488.205	7.28603e-06	1.27331
0.000961756	474.262	7.28603e-06	1.23291
0.000976328	460.426	7.28603e-06	1.19324
0.0009909	447.192	7.28603e-06	1.16533
0.00100547	433.743	7.28603e-06	1.13297
0.00102004	420.51	7.28603e-06	1.10647
0.00103462	407.57	7.28603e-06	1.08092
0.00104919	394.633	7.28603e-06	1.05268
0.00106376	382.011	7.28603e-06	1.023
0.00107833	369.664	7.28603e-06	0.998616
0.0010929	357.575	7.28603e-06	0.974838
0.00110748	345.605	7.28603e-06	0.951875
0.00112205	333.759	7.28603e-06	0.928455
0.00113662	322.056	7.28603e-06	0.902509
0.00115119	310.489	7.28603e-06	0.878195
0.00116576	299.341	7.28603e-06	0.856002
0.00118034	288.277	7.28603e-06	0.834669
0.00119491	277.287	7.28603e-06	0.807881
0.00120948	266.619	7.28603e-06	0.786811
0.00122405	256.029	7.28603e-06	0.764951
0.00123863	245.947	7.28603e-06	0.742029
0.0012532	235.951	7.28603e-06	0.721464
0.00126777	226.229	7.28603e-06	0.700887
0.00128234	216.679	7.28603e-06	0.679046
0.00129691	207.722	7.28603e-06	0.661727
0.00131149	198.721	7.28603e-06	0.640971
0.00132606	190.156	7.28603e-06	0.622344
0.00134063	181.788	7.28603e-06	0.606523
0.0013552	173.75	7.28603e-06	0.59127
0.00136977	166.168	7.28603e-06	0.57727
0.00138435	158.49	7.28603e-06	0.561211
0.00139892	151.207	7.28603e-06	0.546094
0.00141349	144.038	7.28603e-06	0.528237
0.00142806	137.128	7.28603e-06	0.505329
0.00144263	130.335	7.28603e-06	0.490915
0.00145721	123.828	7.28603e-06	0.469429
0.00147178	117.599	7.28603e-06	0.456828
0.00148635	111.665	7.28603e-06	0.443627
0.00150092	105.52	7.28603e-06	0.389528
0.00151549	100.033	7.28603e-06	0.376447
0.00153007	94.7812	7.28603e-06	0.363532
0.00154464	89.6161	7.28603e-06	0.351502
0.00155921	84.7031	7.28603e-06	0.339274
0.00157378	80.1205	7.28603e-06	0.327923
0.00158835	75.8036	7.28603e-06	0.316538
0.00160293	71.5313	7.28603e-06	0.304791
0.0016175	67.4892	7.28603e-06	0.295721
0.00163207	63.6229	7.28603e-06	0.285096
0.00164664	59.8977	7.28603e-06	0.273577
0.00166121	56.3609	7.28603e-06	0.263943
0.00167579	52.9049	7.28603e-06	0.255111
0.00169036	49.6985	7.28603e-06	0.245346
0.00170493	46.6876	7.28603e-06	0.237999
0.0017195	43.8071	7.28603e-06	0.229097
0.00173408	40.9897	7.28603e-06	0.220324
0.00174865	38.4054	7.28603e-06	0.213394
0.00176322	35.9447	7.28603e-06	0.205806
0.00177779	33.6203	7.28603e-06	0.198389
0.00179236	31.4862	7.28603e-06	0.19279
0.00180694	29.3105	7.28603e-06	0.183295
0.00182151	27.2351	7.28603e-06	0.16946
0.00183608	25.4	7.28603e-06	0.163359
0.00185065	23.5545	7.28603e-06	0.155889
0.00186522	21.8489	7.28603e-06	0.148315
0.0018798	20.3209	7.28603e-06	0.143232
0.00189437	18.8703	7.28603e-06	0.137867
0.00190894	17.4967	7.28603e-06	0.133046
0.00192351	16.2364	7.28603e-06	0.128244
0.00193808	15.0652	7.28603e-06	0.124121
0.00195266	13.9684	7.28603e-06	0.119378
0.00196723	12.9065	7.28603e-06	0.115137
0.0019818	11.874	7.28603e-06	0.109153
0.00199637	10.9078	7.28603e-06	0.10442
0.00201094	10.0213	7.28603e-06	0.0998694
0.00202552	9.14342	7.28603e-06	0.0946787
0.00204009	8.30123	7.28603e-06	0.0852325
0.00205466	7.60608	7.28603e-06	0.0819495
0.00206923	6.93031	7.28603e-06	0.0764854
0.0020838	6.31902	7.28603e-06	0.0733066
0.00209838	5.7279	7.28603e-06	0.0687525
0.00211295	5.19846	7.28603e-06	0.0643442
0.00212752	4.73716	7.28603e-06	0.0618155
0.00214209	4.27264	7.28603e-06	0.0587735
0.00215666	3.85885	7.28603e-06	0.0558236
0.00217124	3.47489	7.28603e-06	0.053242
0.00218581	3.10576	7.28603e-06	0.0508018
0.00220038	2.78541	7.28603e-06	0.0486167
0.00221495	2.46597	7.28603e-06	0.0455358
0.00222953	2.19301	7.28603e-06	0.0433848
0.0022441	1.94207	7.28603e-06	0.040718
0.00225867	1.71764	7.28603e-06	0.0387894
0.00227324	1.52582	7.28603e-06	0.037301
0.00228781	1.34102	7.28603e-06	0.0358238
0.00230239	1.15647	7.28603e-06	0.0295157
0.00231696	1.01091	7.28603e-06	0.0278181
0.00233153	0.860946	7.28603e-06	0.0262617
0.0023461	0.72272	7.28603e-06	0.0245746
0.00236067	0.599649	7.28603e-06	0.0229332
0.00237525	0.513834	7.28603e-06	0.0214546
0.00238982	0.437908	7.28603e-06	0.0200092
0.00240439	0.349213	7.28603e-06	0.0161473
0.00241896	0.272782	7.28603e-06	0.0115097
0.00243353	0.21916	7.28603e-06	0.0102343
0.00244811	0.171242	7.28603e-06	0.00897441
0.00246268	0.128277	7.28603e-06	0.00783439
0.00247725	0.0965004	7.28603e-06	0.00679319
0.00249182	0.0657378	7.28603e-06	0.00556316
0.00250639	0.0422816	7.28603e-06	0.00430164
0.00252097	0.0257961	7.28603e-06	0.00335429
0.00253554	0.0162074	7.28603e-06	0.00269323
0.00255011	0.00762527	7.28603e-06	0.00186848
0.00256468	0.00341048	7.28603e-06	0.00138925
