0	1156.44	7.33482e-06	4.6847
1.46696e-05	1156.38	7.33482e-06	4.68283
2.93393e-05	1155.73	7.33482e-06	4.65954
4.40089e-05	1154.51	7.33482e-06	4.62913
5.86786e-05	1153.14	7.33482e-06	4.60882
7.33482e-05	1150.67	7.33482e-06	4.56821
8.80179e-05	1148.08	7.33482e-06	4.53996
0.000102688	1144.96	7.33482e-06	4.50196
0.000117357	1141.41	7.33482e-06	4.4713
0.000132027	1137.4	7.33482e-06	4.44174
0.000146696	1132.77	7.33482e-06	4.4093
0.000161366	1128.11	7.33482e-06	4.38124
0.000176036	1122.67	7.33482e-06	4.34939
0.000190705	1117.23	7.33482e-06	4.32094
0.000205375	1110.92	7.33482e-06	4.28872
0.000220045	1104.43	7.33482e-06	4.25688
0.000234714	1097.35	7.33482e-06	4.2263
0.000249384	1090.13	7.33482e-06	4.19797
0.000264054	1079.25	7.33482e-06	3.55237
0.000278723	1071.15	7.33482e-06	3.51547
0.000293393	1062.63	7.33482e-06	3.48141
0.000308063	1053.7	7.33482e-06	3.44554
0.000322732	1044.19	7.33482e-06	3.40811
0.000337402	1034.55	7.33482e-06	3.37088
0.000352072	1024.67	7.33482e-06	3.33732
0.000366741	1014.14	7.33482e-06	3.29535
0.000381411	1003.82	7.33482e-06	3.26364
0.00039608	993.055	7.33482e-06	3.22945
0.00041075	981.742	7.33482e-06	3.19269
0.00042542	970.069	7.33482e-06	3.15392
0.000440089	958.577	7.33482e-06	3.12139
0.000454759	946.725	7.33482e-06	3.08897
0.000469429	934.53	7.33482e-06	3.05535
0.000484098	921.9	7.33482e-06	3.02191
0.000498768	908.883	7.33482e-06	2.98548
0.000513438	895.555	7.33482e-06	2.94529
0.000528107	881.884	7.33482e-06	2.90668
0.000542777	867.753	7.33482e-06	2.86414
0.000557447	854.184	7.33482e-06	2.83328
0.000572116	839.889	7.33482e-06	2.7906
0.000586786	825.538	7.33482e-06	2.75432
0.000601455	811.41	7.33482e-06	2.7228
0.000616125	797.031	7.33482e-06	2.68697
0.000630795	782.887	7.33482e-06	2.65836
0.000645464	767.879	7.33482e-06	2.62372
0.000660134	753.627	7.33482e-06	2.59669
0.000674804	739.067	7.33482e-06	2.56842
0.000689473	723.904	7.33482e-06	2.53687
0.000704143	708.94	7.33482e-06	2.50586
0.000718813	693.853	7.33482e-06	2.47415
0.000733482	678.474	7.33482e-06	2.441
0.000748152	663.407	7.33482e-06	2.4101
0.000762822	648.163	7.33482e-06	2.37914
0.000777491	632.917	7.33482e-06	2.32459
0.000792161	617.189	7.33482e-06	2.28562
0.000806831	602.419	7.33482e-06	2.25914
0.0008215	587.817	7.33482e-06	2.2353
0.00083617	573.254	7.33482e-06	2.21069
0.000850839	558.183	7.33482e-06	2.17902
0.000865509	543.389	7.33482e-06	2.15165
0.000880179	527.06	7.33482e-06	1.67773
0.000894848	512.191	7.33482e-06	1.63232
0.000909518	497.81	7.33482e-06	1.59717
0.000924188	483.572	7.33482e-06	1.5685
0.000938857	469.39	7.33482e-06	1.53963
0.000953527	455.775	7.33482e-06	1.51352
0.000968197	441.237	7.33482e-06	1.47048
0.000982866	427.438	7.33482e-06	1.44001
0.000997536	414.047	7.33482e-06	1.40028
0.00101221	400.845	7.33482e-06	1.37287
0.00102688	387.724	7.33482e-06	1.34628
0.00104154	375.014	7.33482e-06	1.32258
0.00105621	362.447	7.33482e-06	1.2997
0.00107088	350.29	7.33482e-06	1.2736
0.00108555	337.986	7.33482e-06	1.2373
0.00110022	325.765	7.33482e-06	1.21413
0.00111489	314.179	7.33482e-06	1.19311
0.00112956	302.029	7.33482e-06	1.13298
0.00114423	290.498	7.33482e-06	1.09776
0.0011589	279.252	7.33482e-06	1.07455
0.00117357	268.188	7.33482e-06	1.04362
0.00118824	257.541	7.33482e-06	1.01609
0.00120291	247.237	7.33482e-06	0.996772
0.00121758	237.653	7.33482e-06	0.973129
0.00123225	227.53	7.33482e-06	0.936125
0.00124692	217.802	7.33482e-06	0.906732
0.00126159	208.613	7.33482e-06	0.882744
0.00127626	199.731	7.33482e-06	0.865098
0.00129093	190.871	7.33482e-06	0.843349
0.0013056	182.285	7.33482e-06	0.807492
0.00132027	174.21	7.33482e-06	0.791575
0.00133494	166.073	7.33482e-06	0.761821
0.00134961	158.44	7.33482e-06	0.745867
0.00136428	150.874	7.33482e-06	0.723151
0.00137895	143.649	7.33482e-06	0.703717
0.00139362	136.778	7.33482e-06	0.689177
0.00140829	129.803	7.33482e-06	0.672262
0.00142296	123.358	7.33482e-06	0.658692
0.00143763	117.26	7.33482e-06	0.644665
0.00145229	111.307	7.33482e-06	0.631196
0.00146696	105.61	7.33482e-06	0.617993
0.00148163	99.9485	7.33482e-06	0.604223
0.0014963	94.4757	7.33482e-06	0.574123
0.00151097	89.1815	7.33482e-06	0.559621
0.00152564	84.6676	7.33482e-06	0.551678
0.00154031	79.9092	7.33482e-06	0.541055
0.00155498	75.4653	7.33482e-06	0.531382
0.00156965	71.286	7.33482e-06	0.523001
0.00158432	67.3475	7.33482e-06	0.515639
0.00159899	63.539	7.33482e-06	0.50425
0.00161366	59.8327	7.33482e-06	0.493417
0.00162833	56.412	7.33482e-06	0.486697
0.001643	53.1697	7.33482e-06	0.480092
0.00165767	50.0479	7.33482e-06	0.472818
0.00167234	47	7.33482e-06	0.463358
0.00168701	44.2095	7.33482e-06	0.457316
0.00170168	41.3932	7.33482e-06	0.450545
0.00171635	38.7262	7.33482e-06	0.442893
0.00173102	36.2348	7.33482e-06	0.43452
0.00174569	33.8878	7.33482e-06	0.426974
0.00176036	31.6737	7.33482e-06	0.419233
0.00177503	29.5673	7.33482e-06	0.414913
0.0017897	27.3576	7.33482e-06	0.379518
0.00180437	25.3838	7.33482e-06	0.372678
0.00181904	23.6767	7.33482e-06	0.36838
0.00183371	22.077	7.33482e-06	0.364861
0.00184838	20.5268	7.33482e-06	0.360114
0.00186305	18.9993	7.33482e-06	0.35124
0.00187771	17.6712	7.33482e-06	0.34769
0.00189238	15.9406	7.33482e-06	0.206954
0.00190705	14.7137	7.33482e-06	0.200533
0.00192172	13.6572	7.33482e-06	0.196835
0.00193639	12.6478	7.33482e-06	0.193061
0.00195106	11.6351	7.33482e-06	0.185732
0.00196573	10.6877	7.33482e-06	0.178745
0.0019804	9.81334	7.33482e-06	0.169245
0.00199507	9.04564	7.33482e-06	0.164914
0.00200974	8.25858	7.33482e-06	0.157644
0.00202441	7.57427	7.33482e-06	0.148954
0.00203908	6.90005	7.33482e-06	0.142597
0.00205375	6.211	7.33482e-06	0.116058
0.00206842	5.64809	7.33482e-06	0.111359
0.00208309	5.14062	7.33482e-06	0.102302
0.00209776	4.65523	7.33482e-06	0.0973172
0.00211243	4.18568	7.33482e-06	0.0938859
0.0021271	3.79886	7.33482e-06	0.0910936
0.00214177	3.42411	7.33482e-06	0.0882627
0.00215644	3.08096	7.33482e-06	0.0857068
0.00217111	2.75992	7.33482e-06	0.0830156
0.00218578	2.46027	7.33482e-06	0.0796118
0.00220045	2.17001	7.33482e-06	0.0758243
0.00221512	1.96426	7.33482e-06	0.0741417
0.00222979	1.78249	7.33482e-06	0.0727893
0.00224446	1.54757	7.33482e-06	0.0647809
0.00225913	1.378	7.33482e-06	0.0632563
0.0022738	1.19938	7.33482e-06	0.0613427
0.00228846	1.00882	7.33482e-06	0.0413594
0.00230313	0.905042	7.33482e-06	0.0402922
0.0023178	0.781737	7.33482e-06	0.0373863
0.00233247	0.640314	7.33482e-06	0.0311277
0.00234714	0.566219	7.33482e-06	0.0296422
0.00236181	0.486534	7.33482e-06	0.0277597
0.00237648	0.416787	7.33482e-06	0.0260282
0.00239115	0.350456	7.33482e-06	0.0234835
0.00240582	0.299082	7.33482e-06	0.022001
0.00242049	0.236776	7.33482e-06	0.0193491
0.00243516	0.188481	7.33482e-06	0.0177088
0.00244983	0.145588	7.33482e-06	0.0163073
0.0024645	0.115027	7.33482e-06	0.0148765
0.00247917	0.0908487	7.33482e-06	0.0140163
0.00249384	0.0581338	7.33482e-06	0.0103199
0.00250851	0.0445174	7.33482e-06	0.00952602
0.00252318	0.0198221	7.33482e-06	0.00732422
0.00253785	0.00714386	7.33482e-06	0.00322322
0.00255252	0.00107659	7.33482e-06	0.00107661
0.00256719	0.00107659	7.33482e-06	0.00107661
