6.95202e-06	0.271452	6.95202e-06	0.104456
2.08561e-05	2.25188	6.95202e-06	0.422656
3.47601e-05	6.17816	6.95202e-06	0.672834
4.86641e-05	10.7969	6.95202e-06	0.931571
6.25682e-05	17.6124	6.95202e-06	1.24127
7.64722e-05	28.1292	6.95202e-06	1.96875
9.03763e-05	38.3813	6.95202e-06	2.07746
0.00010428	49.462	6.95202e-06	2.33577
0.000118184	60.9626	6.95202e-06	2.6226
0.000132088	71.3129	6.95202e-06	2.84902
0.000145992	103.139	6.95202e-06	5.3474
0.000159896	104.286	6.95202e-06	3.59927
0.000173801	118.366	6.95202e-06	3.40134
0.000187705	143.234	6.95202e-06	4.34953
0.000201609	162.908	6.95202e-06	4.3824
0.000215513	185.021	6.95202e-06	6.34035
0.000229417	214.388	6.95202e-06	7.08591
0.000243321	223.286	6.95202e-06	5.96836
0.000257225	245.741	6.95202e-06	5.65049
0.000271129	274.692	6.95202e-06	6.57184
0.000285033	296.254	6.95202e-06	7.15096
0.000298937	319.209	6.95202e-06	7.09358
0.000312841	330.665	6.95202e-06	7.01788
0.000326745	357.019	6.95202e-06	6.53634
0.000340649	377.85	6.95202e-06	7.50975
0.000354553	435.519	6.95202e-06	14.6659
0.000368457	463.02	6.95202e-06	9.40547
0.000382361	479.326	6.95202e-06	11.0714
0.000396265	508.316	6.95202e-06	10.8572
0.000410169	509.492	6.95202e-06	9.4275
0.000424073	537.37	6.95202e-06	9.04706
0.000437977	582.779	6.95202e-06	16.6856
0.000451881	622.819	6.95202e-06	23.5906
0.000465785	610.319	6.95202e-06	10.3254
0.000479689	632.108	6.95202e-06	12.4723
0.000493593	639.1	6.95202e-06	10.2863
0.000507497	694.614	6.95202e-06	12.5104
0.000521402	696.412	6.95202e-06	12.5276
0.000535306	703.609	6.95202e-06	11.6119
0.00054921	716.916	6.95202e-06	11.1052
0.000563114	746.571	6.95202e-06	10.8581
0.000577018	756.895	6.95202e-06	10.4627
0.000590922	800.367	6.95202e-06	13.2314
0.000604826	792.865	6.95202e-06	14.0399
0.00061873	836.286	6.95202e-06	13.9026
0.000632634	830.38	6.95202e-06	12.7337
0.000646538	859.492	6.95202e-06	13.262
0.000660442	871.631	6.95202e-06	12.6243
0.000674346	870.145	6.95202e-06	13.0449
0.00068825	951.51	6.95202e-06	26.2181
0.000702154	897.611	6.95202e-06	16.5576
0.000716058	922.064	6.95202e-06	15.8028
0.000729962	911.801	6.95202e-06	14.6312
0.000743866	900.616	6.95202e-06	13.5323
0.00075777	939.937	6.95202e-06	14.2339
0.000771674	944.574	6.95202e-06	15.3364
0.000785578	918.557	6.95202e-06	13.6274
0.000799482	963.944	6.95202e-06	15.3016
0.000813386	936.392	6.95202e-06	13.2464
0.00082729	971.811	6.95202e-06	14.2235
0.000841194	998.914	6.95202e-06	18.5078
0.000855099	1191.96	6.95202e-06	149.901
0.000869003	964.933	6.95202e-06	19.9124
0.000882907	954.948	6.95202e-06	15.5633
0.000896811	963.129	6.95202e-06	19.8509
0.000910715	917.582	6.95202e-06	14.2072
0.000924619	962.347	6.95202e-06	15.8036
0.000938523	951.782	6.95202e-06	13.6765
0.000952427	958.918	6.95202e-06	19.1689
0.000966331	898.961	6.95202e-06	12.6744
0.000980235	932.821	6.95202e-06	16.3122
0.000994139	921.335	6.95202e-06	16.8245
0.00100804	910.166	6.95202e-06	18.4484
0.00102195	893.761	6.95202e-06	15.7363
0.00103585	857.962	6.95202e-06	13.923
0.00104976	1059.41	6.95202e-06	115.014
0.00106366	855.042	6.95202e-06	17.1171
0.00107756	846.075	6.95202e-06	17.09
0.00109147	816.109	6.95202e-06	15.0892
0.00110537	828.045	6.95202e-06	16.2661
0.00111928	787.27	6.95202e-06	13.7568
0.00113318	772.014	6.95202e-06	14.7922
0.00114708	774.419	6.95202e-06	13.8806
0.00116099	755.261	6.95202e-06	13.4012
0.00117489	710.787	6.95202e-06	13.1507
0.0011888	717.118	6.95202e-06	14.5887
0.0012027	734.721	6.95202e-06	17.2873
0.0012166	690.132	6.95202e-06	12.9119
0.00123051	681.899	6.95202e-06	19.2604
0.00124441	705.77	6.95202e-06	19.9459
0.00125832	664.875	6.95202e-06	19.1036
0.00127222	598.059	6.95202e-06	10.6443
0.00128612	604.196	6.95202e-06	13.9815
0.00130003	569.77	6.95202e-06	11.2302
0.00131393	578.655	6.95202e-06	11.5899
0.00132784	533.659	6.95202e-06	10.1211
0.00134174	553.202	6.95202e-06	17.2901
0.00135564	534.703	6.95202e-06	15.619
0.00136955	493.618	6.95202e-06	10.5369
0.00138345	489.535	6.95202e-06	12.192
0.00139736	476.934	6.95202e-06	16.057
0.00141126	463.078	6.95202e-06	11.4873
0.00142516	440.642	6.95202e-06	12.154
0.00143907	443.601	6.95202e-06	12.6379
0.00145297	412.818	6.95202e-06	11.5049
0.00146688	409.794	6.95202e-06	21.0455
0.00148078	406.451	6.95202e-06	20.286
0.00149468	368.105	6.95202e-06	9.77984
0.00150859	358.087	6.95202e-06	9.70028
0.00152249	330.443	6.95202e-06	9.304
0.0015364	313.855	6.95202e-06	8.25863
0.0015503	285.717	6.95202e-06	7.50968
0.0015642	303.732	6.95202e-06	8.427
0.00157811	279.448	6.95202e-06	8.97044
0.00159201	269.345	6.95202e-06	7.54438
0.00160592	295.116	6.95202e-06	13.4139
0.00161982	246.378	6.95202e-06	6.9865
0.00163372	229.237	6.95202e-06	7.12961
0.00164763	229.58	6.95202e-06	8.02692
0.00166153	226.926	6.95202e-06	10.5898
0.00167544	207.879	6.95202e-06	8.12637
0.00168934	207.371	6.95202e-06	7.09568
0.00170325	172.698	6.95202e-06	6.47128
0.00171715	182.471	6.95202e-06	7.32531
0.00173105	164.688	6.95202e-06	6.53201
0.00174496	161.446	6.95202e-06	6.96536
0.00175886	169.561	6.95202e-06	13.4106
0.00177277	130.31	6.95202e-06	4.89209
0.00178667	134.623	6.95202e-06	5.912
0.00180057	127.313	6.95202e-06	9.33006
0.00181448	119.205	6.95202e-06	5.22551
0.00182838	129.625	6.95202e-06	6.26273
0.00184229	101.24	6.95202e-06	4.87636
0.00185619	95.9364	6.95202e-06	4.52234
0.00187009	89.2241	6.95202e-06	4.48506
0.001884	78.6742	6.95202e-06	3.64236
0.0018979	84.0287	6.95202e-06	4.68688
0.00191181	78.4416	6.95202e-06	4.80562
0.00192571	76.0793	6.95202e-06	6.14683
0.00193961	66.4197	6.95202e-06	4.29586
0.00195352	58.5521	6.95202e-06	3.80075
0.00196742	53.771	6.95202e-06	3.23063
0.00198133	59.2275	6.95202e-06	3.86507
0.00199523	54.2068	6.95202e-06	5.27034
0.00200913	51.5791	6.95202e-06	6.82641
0.00202304	47.7843	6.95202e-06	5.05809
0.00203694	38.7734	6.95202e-06	2.8575
0.00205085	40.0835	6.95202e-06	4.09074
0.00206475	33.7204	6.95202e-06	2.90125
0.00207865	35.1109	6.95202e-06	3.20736
0.00209256	25.2435	6.95202e-06	2.29933
0.00210646	23.3756	6.95202e-06	2.01661
0.00212037	26.7067	6.95202e-06	5.21394
0.00213427	27.1109	6.95202e-06	3.57726
0.00214817	21.8599	6.95202e-06	3.47105
0.00216208	16.8151	6.95202e-06	1.65806
0.00217598	12.0339	6.95202e-06	1.51149
0.00218989	13.7472	6.95202e-06	1.58434
0.00220379	13.1767	6.95202e-06	1.7503
0.00221769	10.3161	6.95202e-06	1.24069
0.0022316	10.5466	6.95202e-06	1.32427
0.0022455	8.11949	6.95202e-06	1.08586
0.00225941	6.99778	6.95202e-06	0.93412
0.00227331	5.10135	6.95202e-06	0.729419
0.00228721	5.38938	6.95202e-06	0.757581
0.00230112	3.41234	6.95202e-06	0.489456
0.00231502	3.75354	6.95202e-06	0.605357
0.00232893	2.99567	6.95202e-06	0.551859
0.00234283	2.47627	6.95202e-06	0.461389
0.00235673	2.18282	6.95202e-06	0.471215
0.00237064	1.64614	6.95202e-06	0.336955
0.00238454	2.1644	6.95202e-06	0.415738
0.00239845	1.32787	6.95202e-06	0.344493
0.00241235	2.08353	6.95202e-06	0.476218
0.00242626	0.850277	6.95202e-06	0.240849
0.00244016	0.314768	6.95202e-06	0.136247
0.00245406	0.262648	6.95202e-06	0.142882
0.00246797	0.646386	6.95202e-06	0.278811
0.00248187	0.385266	6.95202e-06	0.150663
0.00249578	0.1697	6.95202e-06	0.10215
0.00250968	0.512063	6.95202e-06	0.226022
0.00252358	0.0432456	6.95202e-06	0.0432456
