7.129e-06	0.68079	7.129e-06	0.249774
2.1387e-05	1.67513	7.129e-06	0.323436
3.5645e-05	7.71255	7.129e-06	0.954869
4.9903e-05	9.36458	7.129e-06	0.832418
6.4161e-05	14.6667	7.129e-06	1.03668
7.8419e-05	20.4421	7.129e-06	1.37439
9.2677e-05	31.1081	7.129e-06	1.93603
0.000106935	38.8217	7.129e-06	2.17975
0.000121193	46.9034	7.129e-06	2.14575
0.000135451	66.6492	7.129e-06	2.83824
0.000149709	72.9088	7.129e-06	3.03554
0.000163967	95.982	7.129e-06	4.02732
0.000178225	104.025	7.129e-06	3.58984
0.000192483	122.805	7.129e-06	3.82965
0.000206741	137.96	7.129e-06	3.95759
0.000220999	154.358	7.129e-06	4.3913
0.000235257	175.338	7.129e-06	4.91138
0.000249515	182.908	7.129e-06	4.31076
0.000263773	224.631	7.129e-06	5.5996
0.000278031	233.779	7.129e-06	5.09351
0.000292289	266.996	7.129e-06	7.03793
0.000306547	279.769	7.129e-06	6.90447
0.000320805	301.351	7.129e-06	6.90585
0.000335063	325.054	7.129e-06	6.83347
0.000349321	341.679	7.129e-06	7.31038
0.000363579	370.824	7.129e-06	9.46604
0.000377837	389.397	7.129e-06	8.37723
0.000392095	409.138	7.129e-06	7.93289
0.000406353	408.924	7.129e-06	8.01863
0.000420611	461.922	7.129e-06	8.58534
0.000434869	489.775	7.129e-06	14.1562
0.000449127	493.674	7.129e-06	8.23534
0.000463385	547.836	7.129e-06	14.044
0.000477643	513.681	7.129e-06	7.80997
0.000491901	605.126	7.129e-06	14.1798
0.000506159	613.252	7.129e-06	16.7904
0.000520417	624.612	7.129e-06	12.295
0.000534675	671.659	7.129e-06	25.1305
0.000548933	643.701	7.129e-06	10.2995
0.000563191	703.363	7.129e-06	19.4647
0.000577449	697.378	7.129e-06	12.2062
0.000591707	734.106	7.129e-06	11.8093
0.000605965	734.082	7.129e-06	13.4702
0.000620223	764.809	7.129e-06	13.8548
0.000634481	744.336	7.129e-06	12.4535
0.000648739	783.697	7.129e-06	17.6163
0.000662997	802.408	7.129e-06	19.2741
0.000677255	790.877	7.129e-06	12.9269
0.000691513	825.176	7.129e-06	12.7182
0.000705771	836.053	7.129e-06	13.6126
0.000720029	842.164	7.129e-06	11.7018
0.000734287	879.694	7.129e-06	15.1326
0.000748545	848.527	7.129e-06	11.6348
0.000762803	915.762	7.129e-06	17.5992
0.000777061	912.209	7.129e-06	12.9989
0.000791319	904.005	7.129e-06	13.6624
0.000805577	900.911	7.129e-06	13.5624
0.000819835	898.351	7.129e-06	13.2141
0.000834093	918.279	7.129e-06	13.3493
0.000848351	921.451	7.129e-06	13.5421
0.000862609	924.114	7.129e-06	12.8281
0.000876867	951.205	7.129e-06	40.5524
0.000891125	922.417	7.129e-06	13.1702
0.000905383	949.625	7.129e-06	15.7266
0.000919641	925.572	7.129e-06	13.5613
0.000933899	949.213	7.129e-06	16.8522
0.000948157	938.885	7.129e-06	19.4437
0.000962415	986.416	7.129e-06	27.1592
0.000976673	940.37	7.129e-06	15.6781
0.000990931	919.709	7.129e-06	18.1666
0.00100519	945.609	7.129e-06	17.2806
0.00101945	890.183	7.129e-06	14.1297
0.00103371	919.674	7.129e-06	15.2566
0.00104796	922.371	7.129e-06	23.3549
0.00106222	869.476	7.129e-06	12.3144
0.00107648	872.473	7.129e-06	14.3228
0.00109074	866.252	7.129e-06	14.2925
0.001105	847.171	7.129e-06	15.4447
0.00111925	819.711	7.129e-06	13.0415
0.00113351	812.784	7.129e-06	13.3641
0.00114777	854.813	7.129e-06	21.1488
0.00116203	804.398	7.129e-06	14.5541
0.00117629	810.527	7.129e-06	17.1215
0.00119054	754.729	7.129e-06	12.8198
0.0012048	744.358	7.129e-06	12.3618
0.00121906	774.334	7.129e-06	26.4257
0.00123332	724.621	7.129e-06	13.123
0.00124758	727.816	7.129e-06	16.9783
0.00126183	702.726	7.129e-06	13.4403
0.00127609	706.284	7.129e-06	16.8973
0.00129035	670.532	7.129e-06	13.8862
0.00130461	625.25	7.129e-06	10.5103
0.00131887	645.052	7.129e-06	15.57
0.00133312	626.392	7.129e-06	19.0349
0.00134738	568.46	7.129e-06	11.6114
0.00136164	569.72	7.129e-06	11.7351
0.0013759	565.758	7.129e-06	12.2413
0.00139016	536.349	7.129e-06	11.0257
0.00140441	539.936	7.129e-06	12.7953
0.00141867	517.084	7.129e-06	11.4181
0.00143293	528.657	7.129e-06	17.5621
0.00144719	481.011	7.129e-06	11.7821
0.00146145	468.677	7.129e-06	11.1255
0.0014757	460.385	7.129e-06	15.6545
0.00148996	450.73	7.129e-06	13.3263
0.00150422	424.665	7.129e-06	11.0403
0.00151848	381.126	7.129e-06	8.53807
0.00153274	417.698	7.129e-06	20.7155
0.00154699	373.416	7.129e-06	9.52307
0.00156125	346.497	7.129e-06	8.66132
0.00157551	329.698	7.129e-06	8.63594
0.00158977	327.773	7.129e-06	9.868
0.00160403	315.672	7.129e-06	11.6543
0.00161828	314.397	7.129e-06	11.1906
0.00163254	283.684	7.129e-06	8.90457
0.0016468	281.283	7.129e-06	13.0517
0.00166106	261.08	7.129e-06	8.35825
0.00167532	250.913	7.129e-06	8.68305
0.00168957	238.638	7.129e-06	9.31014
0.00170383	222.273	7.129e-06	7.68624
0.00171809	215.136	7.129e-06	6.49729
0.00173235	205.136	7.129e-06	7.60322
0.00174661	195.325	7.129e-06	6.79469
0.00176086	184.167	7.129e-06	7.21977
0.00177512	195.217	7.129e-06	11.0576
0.00178938	178.968	7.129e-06	8.31322
0.00180364	166.386	7.129e-06	7.86922
0.0018179	150.593	7.129e-06	6.47877
0.00183215	126.139	7.129e-06	5.10945
0.00184641	144.847	7.129e-06	8.81481
0.00186067	128.267	7.129e-06	7.18145
0.00187493	118.869	7.129e-06	5.15451
0.00188919	107.783	7.129e-06	5.19465
0.00190344	107.208	7.129e-06	5.59195
0.0019177	91.7833	7.129e-06	4.55382
0.00193196	93.4933	7.129e-06	4.74769
0.00194622	83.846	7.129e-06	5.50699
0.00196048	70.7949	7.129e-06	4.37728
0.00197473	82.5193	7.129e-06	5.2606
0.00198899	80.6311	7.129e-06	8.5752
0.00200325	81.9084	7.129e-06	11.4017
0.00201751	51.6764	7.129e-06	2.86753
0.00203177	62.4193	7.129e-06	6.19551
0.00204602	46.8895	7.129e-06	3.29195
0.00206028	47.4024	7.129e-06	4.28005
0.00207454	43.6158	7.129e-06	3.59823
0.0020888	45.9451	7.129e-06	4.09949
0.00210306	42.8817	7.129e-06	6.38895
0.00211731	35.1227	7.129e-06	3.00342
0.00213157	26.7797	7.129e-06	1.90376
0.00214583	30.1719	7.129e-06	2.74526
0.00216009	26.6561	7.129e-06	2.31409
0.00217435	24.7695	7.129e-06	2.86714
0.0021886	27.5977	7.129e-06	3.43931
0.00220286	18.191	7.129e-06	2.02646
0.00221712	24.5349	7.129e-06	3.34492
0.00223138	13.7363	7.129e-06	2.03832
0.00224564	17.668	7.129e-06	3.07297
0.00225989	10.7599	7.129e-06	1.32602
0.00227415	12.2228	7.129e-06	1.50061
0.00228841	7.73098	7.129e-06	1.47778
0.00230267	9.52501	7.129e-06	2.19246
0.00231693	5.95143	7.129e-06	1.04997
0.00233118	5.89604	7.129e-06	0.890064
0.00234544	4.79864	7.129e-06	1.47756
0.0023597	6.55715	7.129e-06	1.85187
0.00237396	3.13121	7.129e-06	0.660883
0.00238822	2.70444	7.129e-06	0.71165
0.00240247	2.81668	7.129e-06	0.70894
0.00241673	1.48837	7.129e-06	0.356362
0.00243099	2.22417	7.129e-06	0.678946
0.00244525	1.6721	7.129e-06	0.430123
0.00245951	1.11773	7.129e-06	0.298182
0.00247376	0.922671	7.129e-06	0.28038
0.00248802	0.9402	7.129e-06	0.313639
0.00250228	0.560387	7.129e-06	0.205393
0.00251654	0.402495	7.129e-06	0.1802
0.0025308	0.142417	7.129e-06	0.104536
0.00254505	0.0393689	7.129e-06	0.0393689
