6.77013e-06	0.0866863	6.77013e-06	0.0618282
2.03104e-05	1.97859	6.77013e-06	0.355469
3.38507e-05	8.14907	6.77013e-06	0.981163
4.73909e-05	11.9154	6.77013e-06	1.05281
6.09312e-05	20.6348	6.77013e-06	1.334
7.44714e-05	34.0827	6.77013e-06	2.02998
8.80117e-05	42.3334	6.77013e-06	2.14514
0.000101552	55.4438	6.77013e-06	2.43435
0.000115092	69.5151	6.77013e-06	3.0666
0.000128632	87.6093	6.77013e-06	3.16504
0.000142173	106.929	6.77013e-06	4.46511
0.000155713	128.453	6.77013e-06	7.43717
0.000169253	154.081	6.77013e-06	4.15842
0.000182794	172.07	6.77013e-06	4.96238
0.000196334	183.526	6.77013e-06	4.88664
0.000209874	211.173	6.77013e-06	5.10647
0.000223414	243.092	6.77013e-06	5.74631
0.000236955	266.761	6.77013e-06	5.98188
0.000250495	295.323	6.77013e-06	7.45837
0.000264035	310.253	6.77013e-06	7.14427
0.000277575	328.294	6.77013e-06	7.07725
0.000291116	376.985	6.77013e-06	8.3368
0.000304656	386.238	6.77013e-06	7.35861
0.000318196	407.082	6.77013e-06	7.36334
0.000331736	456.231	6.77013e-06	11.6819
0.000345277	470.611	6.77013e-06	9.50762
0.000358817	505.055	6.77013e-06	8.71118
0.000372357	527.486	6.77013e-06	9.70139
0.000385897	584.586	6.77013e-06	17.5296
0.000399438	575.875	6.77013e-06	9.7469
0.000412978	623.056	6.77013e-06	13.4377
0.000426518	629.147	6.77013e-06	11.3037
0.000440059	646.358	6.77013e-06	9.63537
0.000453599	656.584	6.77013e-06	11.1961
0.000467139	697.107	6.77013e-06	11.4835
0.000480679	723.022	6.77013e-06	11.1468
0.00049422	761.07	6.77013e-06	12.9358
0.00050776	781.031	6.77013e-06	14.2533
0.0005213	809.585	6.77013e-06	14.8179
0.00053484	855.386	6.77013e-06	24.9003
0.000548381	844.178	6.77013e-06	13.6074
0.000561921	848.471	6.77013e-06	25.688
0.000575461	858.993	6.77013e-06	12.048
0.000589001	930.093	6.77013e-06	17.0362
0.000602542	906.747	6.77013e-06	17.9608
0.000616082	883.082	6.77013e-06	12.6898
0.000629622	900.937	6.77013e-06	12.2281
0.000643162	958.17	6.77013e-06	16.3619
0.000656703	951.45	6.77013e-06	15.9052
0.000670243	966.708	6.77013e-06	17.9828
0.000683783	967.281	6.77013e-06	17.5958
0.000697323	998.796	6.77013e-06	14.7525
0.000710864	963.931	6.77013e-06	14.7251
0.000724404	978.184	6.77013e-06	15.1819
0.000737944	1011.87	6.77013e-06	18.8952
0.000751485	1026.88	6.77013e-06	18.4266
0.000765025	991.519	6.77013e-06	15.0387
0.000778565	1011.64	6.77013e-06	16.0984
0.000792105	943.487	6.77013e-06	13.7183
0.000805646	1079.97	6.77013e-06	72.9624
0.000819186	996.991	6.77013e-06	15.6092
0.000832726	982.025	6.77013e-06	15.625
0.000846266	977.107	6.77013e-06	15.5677
0.000859807	955.957	6.77013e-06	13.7925
0.000873347	948.422	6.77013e-06	14.3395
0.000886887	1016.01	6.77013e-06	19.4951
0.000900427	944.429	6.77013e-06	16.8187
0.000913968	957.688	6.77013e-06	16.3222
0.000927508	953.612	6.77013e-06	18.7367
0.000941048	970.483	6.77013e-06	21.5984
0.000954588	879.671	6.77013e-06	11.9856
0.000968129	895.974	6.77013e-06	13.5431
0.000981669	877.252	6.77013e-06	13.229
0.000995209	931.29	6.77013e-06	25.4033
0.00100875	882.915	6.77013e-06	14.1573
0.00102229	860.919	6.77013e-06	13.6633
0.00103583	855.311	6.77013e-06	14.8634
0.00104937	838.025	6.77013e-06	13.6719
0.00106291	799.37	6.77013e-06	12.5306
0.00107645	797.517	6.77013e-06	15.3847
0.00108999	768.967	6.77013e-06	13.8164
0.00110353	768.199	6.77013e-06	13.9893
0.00111707	739.908	6.77013e-06	13.1924
0.00113061	745.973	6.77013e-06	14.3516
0.00114415	715.692	6.77013e-06	12.5117
0.00115769	673.31	6.77013e-06	11.229
0.00117123	683.469	6.77013e-06	12.3896
0.00118477	692.01	6.77013e-06	15.0925
0.00119831	670.463	6.77013e-06	15.9778
0.00121185	643.103	6.77013e-06	14.7515
0.00122539	644.726	6.77013e-06	13.3419
0.00123893	577.523	6.77013e-06	12.5442
0.00125247	588.588	6.77013e-06	11.3682
0.00126601	580.292	6.77013e-06	12.896
0.00127955	634.797	6.77013e-06	32.4863
0.0012931	554.657	6.77013e-06	16.6872
0.00130664	548.183	6.77013e-06	14.3648
0.00132018	508.489	6.77013e-06	11.9529
0.00133372	487.042	6.77013e-06	11.6629
0.00134726	454.315	6.77013e-06	10.0412
0.0013608	465.638	6.77013e-06	13.2561
0.00137434	457.758	6.77013e-06	15.1242
0.00138788	440.181	6.77013e-06	13.0719
0.00140142	385.96	6.77013e-06	8.31996
0.00141496	436.662	6.77013e-06	30.7989
0.0014285	390.589	6.77013e-06	11.5041
0.00144204	378.416	6.77013e-06	13.7663
0.00145558	348.329	6.77013e-06	8.5832
0.00146912	329.045	6.77013e-06	8.93713
0.00148266	319.296	6.77013e-06	9.552
0.0014962	311.888	6.77013e-06	8.77537
0.00150974	303.718	6.77013e-06	11.681
0.00152328	283.983	6.77013e-06	14.3556
0.00153682	296.017	6.77013e-06	14.8201
0.00155036	262.649	6.77013e-06	9.43121
0.0015639	246.594	6.77013e-06	8.1101
0.00157744	220.167	6.77013e-06	6.60632
0.00159098	216.632	6.77013e-06	7.70683
0.00160452	213.975	6.77013e-06	6.47216
0.00161806	232.28	6.77013e-06	15.0658
0.0016316	185.43	6.77013e-06	8.11319
0.00164514	184.956	6.77013e-06	6.47357
0.00165868	172.194	6.77013e-06	5.84661
0.00167222	168.329	6.77013e-06	6.75164
0.00168576	151.786	6.77013e-06	6.0182
0.0016993	156.481	6.77013e-06	6.39475
0.00171284	143.104	6.77013e-06	5.78601
0.00172638	140.212	6.77013e-06	7.00428
0.00173992	123.843	6.77013e-06	5.35612
0.00175346	126.531	6.77013e-06	9.36984
0.001767	119.22	6.77013e-06	5.98284
0.00178054	101.269	6.77013e-06	5.17854
0.00179408	99.1769	6.77013e-06	4.84254
0.00180762	95.5541	6.77013e-06	5.37691
0.00182117	86.8658	6.77013e-06	5.2161
0.00183471	94.7112	6.77013e-06	7.17024
0.00184825	79.1735	6.77013e-06	4.46556
0.00186179	68.5366	6.77013e-06	3.953
0.00187533	65.7032	6.77013e-06	4.35818
0.00188887	63.2777	6.77013e-06	4.41862
0.00190241	56.812	6.77013e-06	6.62057
0.00191595	48.4032	6.77013e-06	2.86446
0.00192949	60.3256	6.77013e-06	8.66951
0.00194303	43.3739	6.77013e-06	2.80828
0.00195657	41.3442	6.77013e-06	2.8533
0.00197011	34.5565	6.77013e-06	2.42343
0.00198365	35.3603	6.77013e-06	2.90011
0.00199719	29.5414	6.77013e-06	2.44904
0.00201073	28.3439	6.77013e-06	2.42977
0.00202427	25.9616	6.77013e-06	2.60233
0.00203781	27.3544	6.77013e-06	2.6552
0.00205135	23.6801	6.77013e-06	2.30597
0.00206489	21.9677	6.77013e-06	2.2
0.00207843	26.2883	6.77013e-06	3.73341
0.00209197	16.7386	6.77013e-06	1.67233
0.00210551	18.9557	6.77013e-06	2.99371
0.00211905	22.2299	6.77013e-06	4.88988
0.00213259	14.2161	6.77013e-06	1.54054
0.00214613	12.289	6.77013e-06	1.58661
0.00215967	8.74684	6.77013e-06	0.913118
0.00217321	6.94208	6.77013e-06	0.833757
0.00218675	8.68775	6.77013e-06	1.13318
0.00220029	5.81229	6.77013e-06	0.793821
0.00221383	6.31148	6.77013e-06	0.76383
0.00222737	5.78447	6.77013e-06	0.705126
0.00224091	4.92501	6.77013e-06	0.638816
0.00225445	4.01538	6.77013e-06	0.606454
0.00226799	3.35447	6.77013e-06	0.5431
0.00228153	3.00976	6.77013e-06	0.507909
0.00229507	2.33083	6.77013e-06	0.454539
0.00230861	2.52697	6.77013e-06	0.462112
0.00232215	2.56254	6.77013e-06	0.441825
0.0023357	1.45126	6.77013e-06	0.324438
0.00234924	1.1019	6.77013e-06	0.266208
0.00236278	1.27658	6.77013e-06	0.302425
0.00237632	1.25176	6.77013e-06	0.313764
0.00238986	0.341034	6.77013e-06	0.123251
0.0024034	0.744122	6.77013e-06	0.204359
0.00241694	0.487744	6.77013e-06	0.197391
0.00243048	0.323766	6.77013e-06	0.142567
0.00244402	0.20534	6.77013e-06	0.107683
0.00245756	0.273863	6.77013e-06	0.13783
0.0024711	0.049946	6.77013e-06	0.049946
0.00248464	0.1261	6.77013e-06	0.0895429
0.00249818	0.0372006	6.77013e-06	0.0372006
