0	18006.5	1.06033e-05	28574.4
2.12066e-05	3723.43	1.06033e-05	681.64
4.24132e-05	2749.38	1.06033e-05	206.621
6.36198e-05	2301.63	1.06033e-05	102.033
8.48264e-05	2020.59	1.06033e-05	62.7093
0.000106033	1818.32	1.06033e-05	43.552
0.00012724	1658.81	1.06033e-05	32.3378
0.000148446	1533.75	1.06033e-05	25.865
0.000169653	1426.97	1.06033e-05	21.4618
0.000190859	1331.51	1.06033e-05	18.1687
0.000212066	1245.23	1.06033e-05	15.5748
0.000233273	1164.95	1.06033e-05	13.4421
0.000254479	1094.62	1.06033e-05	11.8776
0.000275686	1031.03	1.06033e-05	10.6533
0.000296892	971.405	1.06033e-05	9.61024
0.000318099	915.948	1.06033e-05	8.73668
0.000339306	863.926	1.06033e-05	7.98072
0.000360512	814.6	1.06033e-05	7.30542
0.000381719	770.21	1.06033e-05	6.78289
0.000402925	726.807	1.06033e-05	6.29094
0.000424132	683.43	1.06033e-05	5.79297
0.000445339	642.465	1.06033e-05	5.37298
0.000466545	603.65	1.06033e-05	4.98768
0.000487752	568.651	1.06033e-05	4.67551
0.000508959	534.443	1.06033e-05	4.37286
0.000530165	501.582	1.06033e-05	4.09821
0.000551372	470.047	1.06033e-05	3.79083
0.000572578	441.629	1.06033e-05	3.579
0.000593785	411.832	1.06033e-05	3.15893
0.000614992	386.854	1.06033e-05	2.99458
0.000636198	361.785	1.06033e-05	2.80601
0.000657405	338.618	1.06033e-05	2.64983
0.000678611	316.566	1.06033e-05	2.4856
0.000699818	296.013	1.06033e-05	2.35394
0.000721025	276.404	1.06033e-05	2.23193
0.000742231	256.621	1.06033e-05	1.98441
0.000763438	239.077	1.06033e-05	1.88329
0.000784644	222.099	1.06033e-05	1.77555
0.000805851	205.665	1.06033e-05	1.63625
0.000827058	191.018	1.06033e-05	1.53873
0.000848264	177.097	1.06033e-05	1.44759
0.000869471	163.894	1.06033e-05	1.37326
0.000890677	151.415	1.06033e-05	1.28174
0.000911884	139.734	1.06033e-05	1.20269
0.000933091	128.489	1.06033e-05	1.13667
0.000954297	118.334	1.06033e-05	1.07277
0.000975504	108.446	1.06033e-05	1.01947
0.00099671	99.7226	1.06033e-05	0.970733
0.00101792	91.0708	1.06033e-05	0.916592
0.00103912	83.1695	1.06033e-05	0.866679
0.00106033	75.5	1.06033e-05	0.805975
0.00108154	69.2448	1.06033e-05	0.770672
0.00110274	63.3232	1.06033e-05	0.731381
0.00112395	57.604	1.06033e-05	0.677235
0.00114516	52.3418	1.06033e-05	0.644857
0.00116636	47.778	1.06033e-05	0.608943
0.00118757	43.6188	1.06033e-05	0.589039
0.00120878	39.7295	1.06033e-05	0.564728
0.00122998	35.9723	1.06033e-05	0.541227
0.00125119	32.3814	1.06033e-05	0.490621
0.0012724	29.4622	1.06033e-05	0.474522
0.0012936	26.281	1.06033e-05	0.443758
0.00131481	23.6909	1.06033e-05	0.425415
0.00133602	21.4212	1.06033e-05	0.408447
0.00135722	18.9014	1.06033e-05	0.328048
0.00137843	17.0501	1.06033e-05	0.316674
0.00139964	15.2425	1.06033e-05	0.304781
0.00142084	13.6863	1.06033e-05	0.294444
0.00144205	11.9831	1.06033e-05	0.241739
0.00146326	10.5788	1.06033e-05	0.228078
0.00148446	9.36251	1.06033e-05	0.215205
0.00150567	8.28668	1.06033e-05	0.204243
0.00152688	7.28335	1.06033e-05	0.191874
0.00154808	6.47675	1.06033e-05	0.182909
0.00156929	5.59353	1.06033e-05	0.166806
0.0015905	4.9131	1.06033e-05	0.156568
0.0016117	4.2184	1.06033e-05	0.12151
0.00163291	3.71279	1.06033e-05	0.11138
0.00165412	3.24707	1.06033e-05	0.106454
0.00167532	2.82953	1.06033e-05	0.100798
0.00169653	2.47998	1.06033e-05	0.0954983
0.00171774	2.1464	1.06033e-05	0.0875085
0.00173894	1.84332	1.06033e-05	0.0822201
0.00176015	1.64628	1.06033e-05	0.0797015
0.00178135	1.42116	1.06033e-05	0.0751348
0.00180256	1.26699	1.06033e-05	0.0731085
0.00182377	1.08272	1.06033e-05	0.0683079
0.00184497	0.907946	1.06033e-05	0.0513669
0.00186618	0.783551	1.06033e-05	0.0488485
0.00188739	0.652467	1.06033e-05	0.045232
0.00190859	0.546352	1.06033e-05	0.040874
0.0019298	0.462073	1.06033e-05	0.0390005
0.00195101	0.380581	1.06033e-05	0.036584
0.00197221	0.312572	1.06033e-05	0.0329349
0.00199342	0.261337	1.06033e-05	0.0310219
0.00201463	0.229764	1.06033e-05	0.0303143
0.00203583	0.185288	1.06033e-05	0.0277143
0.00205704	0.139051	1.06033e-05	0.0251051
0.00207825	0.107736	1.06033e-05	0.0228105
0.00209945	0.0870322	1.06033e-05	0.0219465
0.00212066	0.0710828	1.06033e-05	0.0213952
0.00214187	0.0586185	1.06033e-05	0.0209809
0.00216307	0.051384	1.06033e-05	0.0207522
0.00218428	0.0424139	1.06033e-05	0.020391
0.00220549	0.0361042	1.06033e-05	0.0200811
0.00222669	0.0125808	1.06033e-05	0.00536741
0.0022479	0.00697014	1.06033e-05	0.00249176
0.00226911	0.0051429	1.06033e-05	0.00212342
0.00229031	0.00315168	1.06033e-05	0.00158016
0.00231152	0.00237883	1.06033e-05	0.00137824
0.00233273	0.000724627	1.06033e-05	0.000724657
