0	17401.1	1.07649e-05	27524.1
2.15298e-05	3643.19	1.07649e-05	663.595
4.30597e-05	2695.52	1.07649e-05	201.602
6.45895e-05	2261.72	1.07649e-05	102.306
8.61194e-05	1972.97	1.07649e-05	60.127
0.000107649	1778.28	1.07649e-05	41.5858
0.000129179	1628.24	1.07649e-05	31.1739
0.000150709	1510.78	1.07649e-05	25.2664
0.000172239	1405.28	1.07649e-05	20.8584
0.000193769	1312.95	1.07649e-05	17.662
0.000215298	1233.72	1.07649e-05	15.4717
0.000236828	1155.72	1.07649e-05	13.4379
0.000258358	1089.52	1.07649e-05	12.0526
0.000279888	1025.36	1.07649e-05	10.5518
0.000301418	965.901	1.07649e-05	9.51153
0.000322948	913.93	1.07649e-05	8.74668
0.000344478	860.628	1.07649e-05	7.89768
0.000366007	811.683	1.07649e-05	7.24056
0.000387537	765.651	1.07649e-05	6.67723
0.000409067	720.646	1.07649e-05	6.11591
0.000430597	679.415	1.07649e-05	5.66831
0.000452127	639.887	1.07649e-05	5.24156
0.000473657	603.612	1.07649e-05	4.90796
0.000495187	567.959	1.07649e-05	4.54175
0.000516716	533.722	1.07649e-05	4.2326
0.000538246	501.698	1.07649e-05	3.972
0.000559776	470.723	1.07649e-05	3.69755
0.000581306	441.152	1.07649e-05	3.45943
0.000602836	413.067	1.07649e-05	3.20642
0.000624366	387.002	1.07649e-05	3.01032
0.000645895	362.672	1.07649e-05	2.84959
0.000667425	339.527	1.07649e-05	2.70439
0.000688955	317.36	1.07649e-05	2.56191
0.000710485	296.379	1.07649e-05	2.39081
0.000732015	277.202	1.07649e-05	2.27853
0.000753545	257.648	1.07649e-05	2.14878
0.000775075	239.495	1.07649e-05	2.00251
0.000796604	222.708	1.07649e-05	1.90925
0.000818134	207.024	1.07649e-05	1.82457
0.000839664	191.764	1.07649e-05	1.71483
0.000861194	177.523	1.07649e-05	1.63992
0.000882724	164.371	1.07649e-05	1.56072
0.000904254	152.28	1.07649e-05	1.50033
0.000925783	140.529	1.07649e-05	1.42493
0.000947313	129.733	1.07649e-05	1.35781
0.000968843	119.281	1.07649e-05	1.29975
0.000990373	109.622	1.07649e-05	1.23816
0.0010119	100.449	1.07649e-05	1.14543
0.00103343	92.0537	1.07649e-05	1.10309
0.00105496	84.561	1.07649e-05	1.06757
0.00107649	76.5844	1.07649e-05	0.850434
0.00109802	69.6657	1.07649e-05	0.798325
0.00111955	63.4343	1.07649e-05	0.748096
0.00114108	57.9961	1.07649e-05	0.723172
0.00116261	52.8659	1.07649e-05	0.700071
0.00118414	48.0192	1.07649e-05	0.672121
0.00120567	43.4719	1.07649e-05	0.644196
0.0012272	39.529	1.07649e-05	0.621187
0.00124873	35.7182	1.07649e-05	0.59446
0.00127026	32.403	1.07649e-05	0.576123
0.00129179	29.284	1.07649e-05	0.548762
0.00131332	26.3773	1.07649e-05	0.531408
0.00133485	23.6215	1.07649e-05	0.515869
0.00135638	20.8818	1.07649e-05	0.455674
0.00137791	18.6418	1.07649e-05	0.441448
0.00139944	16.3634	1.07649e-05	0.361973
0.00142097	14.6929	1.07649e-05	0.35066
0.0014425	13.1601	1.07649e-05	0.339476
0.00146403	11.7614	1.07649e-05	0.328812
0.00148556	10.5108	1.07649e-05	0.321621
0.00150709	9.1551	1.07649e-05	0.289108
0.00152862	8.21018	1.07649e-05	0.280998
0.00155015	7.08938	1.07649e-05	0.203051
0.00157168	6.19259	1.07649e-05	0.172619
0.00159321	5.47976	1.07649e-05	0.160551
0.00161474	4.83185	1.07649e-05	0.152384
0.00163627	4.26474	1.07649e-05	0.143964
0.0016578	3.74991	1.07649e-05	0.137725
0.00167933	3.20147	1.07649e-05	0.125484
0.00170086	2.85302	1.07649e-05	0.121985
0.00172239	2.42308	1.07649e-05	0.105894
0.00174392	2.08914	1.07649e-05	0.0941912
0.00176545	1.73202	1.07649e-05	0.0748681
0.00178698	1.4471	1.07649e-05	0.0636018
0.00180851	1.18577	1.07649e-05	0.0549681
0.00183004	0.981282	1.07649e-05	0.0485923
0.00185157	0.837462	1.07649e-05	0.045821
0.0018731	0.720898	1.07649e-05	0.043214
0.00189463	0.595941	1.07649e-05	0.0398439
0.00191616	0.507092	1.07649e-05	0.0378775
0.00193769	0.409285	1.07649e-05	0.0318496
0.00195922	0.3514	1.07649e-05	0.0303933
0.00198075	0.266759	1.07649e-05	0.0238444
0.00200228	0.222679	1.07649e-05	0.0219113
0.00202381	0.158417	1.07649e-05	0.0161234
0.00204534	0.128087	1.07649e-05	0.0142503
0.00206687	0.0991742	1.07649e-05	0.0123755
0.0020884	0.0793369	1.07649e-05	0.0113051
0.00210993	0.0590591	1.07649e-05	0.0101524
0.00213146	0.0511968	1.07649e-05	0.00958177
0.00215298	0.0328113	1.07649e-05	0.00773369
0.00217451	0.0282643	1.07649e-05	0.00745972
0.00219604	0.0199936	1.07649e-05	0.00641318
0.00221757	0.0144669	1.07649e-05	0.00600016
0.0022391	0.0129116	1.07649e-05	0.0058984
0.00226063	0.00353859	1.07649e-05	0.00179084
0.00228216	0.00277626	1.07649e-05	0.00162046
0.00230369	0.00277626	1.07649e-05	0.00162046
0.00232522	0.00179192	1.07649e-05	0.0012872
0.00234675	0.00179192	1.07649e-05	0.0012872
0.00236828	0.00105607	1.07649e-05	0.00105611
0.00238981	0.00105607	1.07649e-05	0.00105611
