0	26224	7.43495e-06	41295.9
1.48699e-05	5582.52	7.43495e-06	1024.47
2.97398e-05	4123.37	7.43495e-06	320.302
4.46097e-05	3433.5	7.43495e-06	161.874
5.94796e-05	2978.54	7.43495e-06	95.8654
7.43495e-05	2670.95	7.43495e-06	66.8659
8.92194e-05	2431.35	7.43495e-06	50.3943
0.000104089	2240.61	7.43495e-06	40.831
0.000118959	2067.17	7.43495e-06	33.325
0.000133829	1916.97	7.43495e-06	28.1101
0.000148699	1781.21	7.43495e-06	23.7273
0.000163569	1667.06	7.43495e-06	20.9399
0.000178439	1556.05	7.43495e-06	18.1411
0.000193309	1453.31	7.43495e-06	16.0384
0.000208179	1358.36	7.43495e-06	14.1509
0.000223049	1271.67	7.43495e-06	12.6544
0.000237918	1194.65	7.43495e-06	11.5295
0.000252788	1122.95	7.43495e-06	10.5434
0.000267658	1048.75	7.43495e-06	9.48041
0.000282528	982.073	7.43495e-06	8.60297
0.000297398	919.287	7.43495e-06	7.82679
0.000312268	862.324	7.43495e-06	7.233
0.000327138	806.256	7.43495e-06	6.62702
0.000342008	754.974	7.43495e-06	6.13242
0.000356878	709.323	7.43495e-06	5.75191
0.000371748	663.533	7.43495e-06	5.24627
0.000386617	621.481	7.43495e-06	4.90473
0.000401487	581.489	7.43495e-06	4.58176
0.000416357	544.707	7.43495e-06	4.3211
0.000431227	506.839	7.43495e-06	3.98886
0.000446097	472.889	7.43495e-06	3.74154
0.000460967	439.801	7.43495e-06	3.48979
0.000475837	409.907	7.43495e-06	3.28456
0.000490707	382.668	7.43495e-06	3.11263
0.000505577	357.382	7.43495e-06	2.96578
0.000520447	332.496	7.43495e-06	2.80935
0.000535317	309.113	7.43495e-06	2.66604
0.000550186	286.682	7.43495e-06	2.53034
0.000565056	266.484	7.43495e-06	2.39295
0.000579926	247.318	7.43495e-06	2.25588
0.000594796	229.324	7.43495e-06	2.08729
0.000609666	213.118	7.43495e-06	1.98949
0.000624536	197.876	7.43495e-06	1.90929
0.000639406	183.07	7.43495e-06	1.81854
0.000654276	169.748	7.43495e-06	1.73485
0.000669146	156.622	7.43495e-06	1.66087
0.000684016	145.389	7.43495e-06	1.61613
0.000698885	133.726	7.43495e-06	1.55298
0.000713755	122.892	7.43495e-06	1.44425
0.000728625	113.031	7.43495e-06	1.39331
0.000743495	103.479	7.43495e-06	1.14652
0.000758365	94.5853	7.43495e-06	1.0803
0.000773235	86.3972	7.43495e-06	1.02743
0.000788105	78.8686	7.43495e-06	0.944576
0.000802975	72.1115	7.43495e-06	0.89937
0.000817845	65.3063	7.43495e-06	0.812388
0.000832715	59.8104	7.43495e-06	0.78524
0.000847585	54.2413	7.43495e-06	0.722093
0.000862454	49.6895	7.43495e-06	0.698626
0.000877324	44.9954	7.43495e-06	0.661541
0.000892194	40.5829	7.43495e-06	0.570855
0.000907064	36.8469	7.43495e-06	0.548805
0.000921934	33.3319	7.43495e-06	0.513545
0.000936804	30.3636	7.43495e-06	0.485843
0.000951674	27.6311	7.43495e-06	0.463997
0.000966544	25.1376	7.43495e-06	0.446426
0.000981414	22.7758	7.43495e-06	0.426784
0.000996284	20.6023	7.43495e-06	0.413737
0.00101115	18.6834	7.43495e-06	0.401727
0.00102602	16.6761	7.43495e-06	0.371433
0.00104089	15.0363	7.43495e-06	0.358784
0.00105576	13.5804	7.43495e-06	0.346597
0.00107063	11.9514	7.43495e-06	0.326571
0.0010855	10.7346	7.43495e-06	0.314183
0.00110037	9.55418	7.43495e-06	0.302911
0.00111524	8.6809	7.43495e-06	0.297143
0.00113011	7.77718	7.43495e-06	0.291208
0.00114498	7.012	7.43495e-06	0.283877
0.00115985	6.30565	7.43495e-06	0.275867
0.00117472	5.66258	7.43495e-06	0.270347
0.00118959	4.95188	7.43495e-06	0.212502
0.00120446	4.42283	7.43495e-06	0.205369
0.00121933	3.88638	7.43495e-06	0.196686
0.0012342	3.3038	7.43495e-06	0.18159
0.00124907	2.84729	7.43495e-06	0.173673
0.00126394	2.51481	7.43495e-06	0.169517
0.00127881	2.19912	7.43495e-06	0.162803
0.00129368	1.94692	7.43495e-06	0.160272
0.00130855	1.7216	7.43495e-06	0.156466
0.00132342	1.54595	7.43495e-06	0.15472
0.00133829	1.37103	7.43495e-06	0.151942
0.00135316	1.23166	7.43495e-06	0.150755
0.00136803	1.09512	7.43495e-06	0.149322
0.0013829	0.955995	7.43495e-06	0.147107
0.00139777	0.826819	7.43495e-06	0.143695
0.00141264	0.563056	7.43495e-06	0.0434434
0.00142751	0.498188	7.43495e-06	0.0416993
0.00144238	0.432924	7.43495e-06	0.0388189
0.00145725	0.348163	7.43495e-06	0.0341196
0.00147212	0.308422	7.43495e-06	0.0317037
0.00148699	0.281692	7.43495e-06	0.0307477
0.00150186	0.240777	7.43495e-06	0.0286272
0.00151673	0.208839	7.43495e-06	0.0275089
0.0015316	0.192263	7.43495e-06	0.027024
0.00154647	0.172877	7.43495e-06	0.0262594
0.00156134	0.135915	7.43495e-06	0.0232149
0.00157621	0.115159	7.43495e-06	0.0221733
0.00159108	0.109806	7.43495e-06	0.0220095
0.00160595	0.078948	7.43495e-06	0.015833
0.00162082	0.0605907	7.43495e-06	0.0144412
0.00163569	0.0443836	7.43495e-06	0.0102636
0.00165056	0.0360129	7.43495e-06	0.00965117
0.00166543	0.0222315	7.43495e-06	0.00672041
0.0016803	0.0174938	7.43495e-06	0.00628831
0.00169517	0.0113137	7.43495e-06	0.00499473
0.00171004	0.00715331	7.43495e-06	0.00437745
0.00172491	0.00715331	7.43495e-06	0.00437745
0.00173978	0.00715331	7.43495e-06	0.00437745
0.00175465	0.00385861	7.43495e-06	0.00288206
0.00176952	0.00385861	7.43495e-06	0.00288206
0.00178439	0.00127307	7.43495e-06	0.00127312
