0	24609.5	7.95471e-06	38840.3
1.59094e-05	5195.5	7.95471e-06	969.004
3.18188e-05	3811.1	7.95471e-06	294.451
4.77282e-05	3173.26	7.95471e-06	146.471
6.36377e-05	2770.74	7.95471e-06	90.2778
7.95471e-05	2471.79	7.95471e-06	60.7721
9.54565e-05	2263.42	7.95471e-06	47.3072
0.000111366	2077.72	7.95471e-06	37.5183
0.000127275	1917.52	7.95471e-06	30.6474
0.000143185	1773.6	7.95471e-06	24.8025
0.000159094	1655.31	7.95471e-06	21.3275
0.000175004	1550.22	7.95471e-06	18.7232
0.000190913	1455.4	7.95471e-06	16.7001
0.000206822	1365.84	7.95471e-06	14.9859
0.000222732	1280.73	7.95471e-06	13.493
0.000238641	1202.22	7.95471e-06	12.2462
0.000254551	1124.84	7.95471e-06	11.0232
0.00027046	1054.01	7.95471e-06	9.98497
0.000286369	987.124	7.95471e-06	9.10541
0.000302279	924.855	7.95471e-06	8.35824
0.000318188	865.628	7.95471e-06	7.54342
0.000334098	812.673	7.95471e-06	7.0094
0.000350007	762.386	7.95471e-06	6.50571
0.000365917	715.354	7.95471e-06	6.0777
0.000381826	669.804	7.95471e-06	5.67171
0.000397735	626.191	7.95471e-06	5.31528
0.000413645	585.467	7.95471e-06	4.93165
0.000429554	547.709	7.95471e-06	4.64568
0.000445464	512.47	7.95471e-06	4.38504
0.000461373	479.348	7.95471e-06	4.13917
0.000477282	446.959	7.95471e-06	3.92198
0.000493192	416.381	7.95471e-06	3.72517
0.000509101	388.492	7.95471e-06	3.55097
0.000525011	360.232	7.95471e-06	3.34535
0.00054092	335.761	7.95471e-06	3.20944
0.000556829	312.979	7.95471e-06	3.08947
0.000572739	291.135	7.95471e-06	2.97971
0.000588648	271.09	7.95471e-06	2.88962
0.000604558	252.5	7.95471e-06	2.81178
0.000620467	234.616	7.95471e-06	2.74034
0.000636377	217.466	7.95471e-06	2.66008
0.000652286	200.966	7.95471e-06	2.58665
0.000668195	186.027	7.95471e-06	2.53441
0.000684105	170.785	7.95471e-06	2.45243
0.000700014	156.993	7.95471e-06	2.38769
0.000715924	145.491	7.95471e-06	2.34342
0.000731833	134.593	7.95471e-06	2.30788
0.000747742	123.76	7.95471e-06	2.26091
0.000763652	113.591	7.95471e-06	2.19274
0.000779561	105.017	7.95471e-06	2.16081
0.000795471	97.0854	7.95471e-06	2.13928
0.00081138	89.1012	7.95471e-06	2.09888
0.00082729	81.2956	7.95471e-06	1.97289
0.000843199	74.6217	7.95471e-06	1.95731
0.000859108	68.3981	7.95471e-06	1.94089
0.000875018	62.2978	7.95471e-06	1.82688
0.000890927	57.142	7.95471e-06	1.8156
0.000906837	52.5346	7.95471e-06	1.80639
0.000922746	48.2359	7.95471e-06	1.79673
0.000938655	43.806	7.95471e-06	1.78625
0.000954565	39.9337	7.95471e-06	1.77765
0.000970474	36.2164	7.95471e-06	1.76628
0.000986384	32.8305	7.95471e-06	1.75684
0.00100229	29.9617	7.95471e-06	1.75115
0.0010182	27.4089	7.95471e-06	1.74667
0.00103411	24.8671	7.95471e-06	1.74076
0.00105002	20.8891	7.95471e-06	0.391941
0.00106593	18.6378	7.95471e-06	0.337127
0.00108184	16.7213	7.95471e-06	0.31582
0.00109775	15.0409	7.95471e-06	0.302891
0.00111366	13.4596	7.95471e-06	0.265159
0.00112957	11.9829	7.95471e-06	0.240316
0.00114548	10.6162	7.95471e-06	0.226637
0.00116139	9.57119	7.95471e-06	0.217377
0.0011773	8.50166	7.95471e-06	0.198728
0.00119321	7.53194	7.95471e-06	0.185167
0.00120912	6.73217	7.95471e-06	0.17416
0.00122502	6.01412	7.95471e-06	0.163004
0.00124093	5.2764	7.95471e-06	0.149036
0.00125684	4.70794	7.95471e-06	0.142019
0.00127275	4.18879	7.95471e-06	0.135067
0.00128866	3.68095	7.95471e-06	0.126097
0.00130457	3.22909	7.95471e-06	0.108205
0.00132048	2.83608	7.95471e-06	0.0984015
0.00133639	2.53612	7.95471e-06	0.0938861
0.0013523	2.24572	7.95471e-06	0.0875222
0.00136821	1.97955	7.95471e-06	0.0828356
0.00138412	1.76016	7.95471e-06	0.0796052
0.00140003	1.53269	7.95471e-06	0.0734495
0.00141594	1.36534	7.95471e-06	0.0709141
0.00143185	1.19367	7.95471e-06	0.0627791
0.00144776	1.01826	7.95471e-06	0.0590971
0.00146367	0.851755	7.95471e-06	0.0490332
0.00147958	0.743487	7.95471e-06	0.0462549
0.00149548	0.596725	7.95471e-06	0.038403
0.00151139	0.505963	7.95471e-06	0.0358526
0.0015273	0.436523	7.95471e-06	0.0329697
0.00154321	0.375908	7.95471e-06	0.0309244
0.00155912	0.315454	7.95471e-06	0.0286788
0.00157503	0.254016	7.95471e-06	0.0258986
0.00159094	0.205985	7.95471e-06	0.0241353
0.00160685	0.160447	7.95471e-06	0.0185082
0.00162276	0.133387	7.95471e-06	0.0170539
0.00163867	0.106239	7.95471e-06	0.0155435
0.00165458	0.0881572	7.95471e-06	0.0146228
0.00167049	0.0661056	7.95471e-06	0.0131877
0.0016864	0.0565831	7.95471e-06	0.0126565
0.00170231	0.0418239	7.95471e-06	0.0111622
0.00171822	0.0338776	7.95471e-06	0.0106726
0.00173413	0.0217992	7.95471e-06	0.00580203
0.00175004	0.0179461	7.95471e-06	0.00534325
0.00176594	0.0144231	7.95471e-06	0.00493609
0.00178185	0.0144231	7.95471e-06	0.00493609
0.00179776	0.0133297	7.95471e-06	0.00481346
0.00181367	0.00484388	7.95471e-06	0.00245905
0.00182958	0.00332311	7.95471e-06	0.00193235
0.00184549	0.00203586	7.95471e-06	0.00144113
0.0018614	0.00203586	7.95471e-06	0.00144113
0.00187731	0.000971345	7.95471e-06	0.000971379
0.00189322	0.000971345	7.95471e-06	0.000971379
0.00190913	0.000971345	7.95471e-06	0.000971379
