0	22128.5	8.81021e-06	34962.3
1.76204e-05	4653.04	8.81021e-06	882.21
3.52409e-05	3385.77	8.81021e-06	252.341
5.28613e-05	2843.58	8.81021e-06	128.544
7.04817e-05	2494.28	8.81021e-06	80.6978
8.81021e-05	2244.01	8.81021e-06	58.256
0.000105723	2030	8.81021e-06	43.103
0.000123343	1859.23	8.81021e-06	32.7016
0.000140963	1720.59	8.81021e-06	26.7615
0.000158584	1600.4	8.81021e-06	22.5764
0.000176204	1491.94	8.81021e-06	19.3457
0.000193825	1395.6	8.81021e-06	16.8676
0.000211445	1308.24	8.81021e-06	14.9502
0.000229066	1226.66	8.81021e-06	13.3037
0.000246686	1148.57	8.81021e-06	11.7996
0.000264306	1080.17	8.81021e-06	10.722
0.000281927	1015.5	8.81021e-06	9.79073
0.000299547	954.963	8.81021e-06	8.99952
0.000317168	898.012	8.81021e-06	8.30055
0.000334788	844.583	8.81021e-06	7.67793
0.000352409	795.016	8.81021e-06	7.1313
0.000370029	745.483	8.81021e-06	6.61287
0.000387649	699.771	8.81021e-06	6.20056
0.00040527	655.941	8.81021e-06	5.80952
0.00042289	615.135	8.81021e-06	5.46545
0.000440511	573.224	8.81021e-06	4.45152
0.000458131	538.496	8.81021e-06	4.17343
0.000475752	505.483	8.81021e-06	3.89271
0.000493372	473.542	8.81021e-06	3.65103
0.000510992	443.818	8.81021e-06	3.42056
0.000528613	415.136	8.81021e-06	3.22088
0.000546233	386.557	8.81021e-06	3.00721
0.000563854	360.375	8.81021e-06	2.78654
0.000581474	335.365	8.81021e-06	2.61065
0.000599095	312.707	8.81021e-06	2.46531
0.000616715	290.373	8.81021e-06	2.31812
0.000634335	270.501	8.81021e-06	2.20654
0.000651956	251.565	8.81021e-06	2.08671
0.000669576	232.949	8.81021e-06	1.89595
0.000687197	216.236	8.81021e-06	1.76625
0.000704817	200.604	8.81021e-06	1.67353
0.000722438	185.9	8.81021e-06	1.58691
0.000740058	171.779	8.81021e-06	1.50671
0.000757678	158.829	8.81021e-06	1.41681
0.000775299	146.355	8.81021e-06	1.33752
0.000792919	134.871	8.81021e-06	1.20641
0.00081054	124.061	8.81021e-06	1.13231
0.00082816	114.405	8.81021e-06	1.078
0.000845781	105.334	8.81021e-06	1.01856
0.000863401	96.4551	8.81021e-06	0.967538
0.000881021	87.9657	8.81021e-06	0.89366
0.000898642	80.7321	8.81021e-06	0.857173
0.000916262	73.7801	8.81021e-06	0.819932
0.000933883	67.4745	8.81021e-06	0.786181
0.000951503	61.3252	8.81021e-06	0.731354
0.000969124	55.8563	8.81021e-06	0.693205
0.000986744	51.0546	8.81021e-06	0.662451
0.00100436	46.4434	8.81021e-06	0.628167
0.00102198	42.1469	8.81021e-06	0.591693
0.00103961	38.2864	8.81021e-06	0.564285
0.00105723	34.4841	8.81021e-06	0.532087
0.00107485	31.2709	8.81021e-06	0.509699
0.00109247	28.4173	8.81021e-06	0.488837
0.00111009	25.7651	8.81021e-06	0.471662
0.00112771	23.4528	8.81021e-06	0.459166
0.00114533	20.9637	8.81021e-06	0.436765
0.00116295	18.9783	8.81021e-06	0.422098
0.00118057	16.981	8.81021e-06	0.38773
0.00119819	14.9974	8.81021e-06	0.335321
0.00121581	13.4588	8.81021e-06	0.323953
0.00123343	12.0798	8.81021e-06	0.313116
0.00125105	10.8189	8.81021e-06	0.297168
0.00126867	9.68378	8.81021e-06	0.287565
0.00128629	8.67648	8.81021e-06	0.253456
0.00130391	7.77418	8.81021e-06	0.243117
0.00132153	7.00508	8.81021e-06	0.238334
0.00133915	6.30699	8.81021e-06	0.233222
0.00135677	5.5118	8.81021e-06	0.196741
0.00137439	4.84336	8.81021e-06	0.183306
0.00139201	4.16314	8.81021e-06	0.146558
0.00140963	3.70969	8.81021e-06	0.141804
0.00142725	3.20494	8.81021e-06	0.131164
0.00144488	2.73116	8.81021e-06	0.125068
0.0014625	2.30097	8.81021e-06	0.114364
0.00148012	1.94477	8.81021e-06	0.108061
0.00149774	1.7151	8.81021e-06	0.10558
0.00151536	1.50533	8.81021e-06	0.0989535
0.00153298	1.32197	8.81021e-06	0.0911899
0.0015506	1.14363	8.81021e-06	0.0884824
0.00156822	1.02264	8.81021e-06	0.0865003
0.00158584	0.879358	8.81021e-06	0.0824466
0.00160346	0.778257	8.81021e-06	0.0809993
0.00162108	0.692719	8.81021e-06	0.0797783
0.0016387	0.584481	8.81021e-06	0.0778946
0.00165632	0.476123	8.81021e-06	0.0752715
0.00167394	0.359852	8.81021e-06	0.030559
0.00169156	0.304995	8.81021e-06	0.0284974
0.00170918	0.251424	8.81021e-06	0.0251182
0.0017268	0.204773	8.81021e-06	0.0231562
0.00174442	0.176602	8.81021e-06	0.0220016
0.00176204	0.124358	8.81021e-06	0.0170395
0.00177966	0.107167	8.81021e-06	0.0161162
0.00179728	0.0823696	8.81021e-06	0.0146816
0.0018149	0.0639022	8.81021e-06	0.0132476
0.00183252	0.0448007	8.81021e-06	0.0100507
0.00185015	0.0367682	8.81021e-06	0.00957519
0.00186777	0.0333779	8.81021e-06	0.00936937
0.00188539	0.031186	8.81021e-06	0.00923815
0.00190301	0.028402	8.81021e-06	0.00900911
0.00192063	0.0261595	8.81021e-06	0.00886222
0.00193825	0.017789	8.81021e-06	0.00678518
0.00195587	0.0168725	8.81021e-06	0.006723
0.00197349	0.01416	8.81021e-06	0.00643671
0.00199111	0.00478818	8.81021e-06	0.00256841
0.00200873	0.00278914	8.81021e-06	0.00161253
0.00202635	0.00278914	8.81021e-06	0.00161253
