0	25374.3	7.71942e-06	40212.3
1.54388e-05	5273.97	7.71942e-06	953.12
3.08777e-05	3917.75	7.71942e-06	300.732
4.63165e-05	3262.86	7.71942e-06	146.683
6.17554e-05	2863.5	7.71942e-06	91.7277
7.71942e-05	2572.62	7.71942e-06	64.8624
9.26331e-05	2335.21	7.71942e-06	48.2021
0.000108072	2145.32	7.71942e-06	38.1537
0.000123511	1983.8	7.71942e-06	31.3171
0.00013895	1839.29	7.71942e-06	26.1121
0.000154388	1714.67	7.71942e-06	22.429
0.000169827	1600.87	7.71942e-06	19.4921
0.000185266	1501.37	7.71942e-06	17.3565
0.000200705	1405.85	7.71942e-06	15.4568
0.000216144	1314.14	7.71942e-06	13.7319
0.000231583	1232.26	7.71942e-06	12.4152
0.000247022	1158.15	7.71942e-06	11.3701
0.00026246	1084.12	7.71942e-06	10.3227
0.000277899	1016.17	7.71942e-06	9.4116
0.000293338	952.67	7.71942e-06	8.65605
0.000308777	895.718	7.71942e-06	8.05812
0.000324216	840.366	7.71942e-06	7.50615
0.000339655	787.251	7.71942e-06	7.00023
0.000355093	737.439	7.71942e-06	6.52836
0.000370532	691.681	7.71942e-06	6.11841
0.000385971	648.02	7.71942e-06	5.75023
0.00040141	605.781	7.71942e-06	5.3841
0.000416849	567.185	7.71942e-06	5.12014
0.000432288	530.209	7.71942e-06	4.86397
0.000447727	496.037	7.71942e-06	4.64341
0.000463165	463.633	7.71942e-06	4.44011
0.000478604	431.46	7.71942e-06	4.06045
0.000494043	401.968	7.71942e-06	3.87106
0.000509482	374.726	7.71942e-06	3.72053
0.000524921	348.411	7.71942e-06	3.56261
0.00054036	324.801	7.71942e-06	3.44687
0.000555798	300.785	7.71942e-06	3.25296
0.000571237	279.749	7.71942e-06	3.15342
0.000586676	260.65	7.71942e-06	3.07482
0.000602115	242.028	7.71942e-06	2.99625
0.000617554	224.866	7.71942e-06	2.92484
0.000632993	206.81	7.71942e-06	1.95297
0.000648432	190.752	7.71942e-06	1.86645
0.00066387	176.626	7.71942e-06	1.76667
0.000679309	163.424	7.71942e-06	1.70177
0.000694748	150.232	7.71942e-06	1.63239
0.000710187	139.133	7.71942e-06	1.54587
0.000725626	128.097	7.71942e-06	1.48831
0.000741065	118.56	7.71942e-06	1.44042
0.000756503	109.032	7.71942e-06	1.39084
0.000771942	100.099	7.71942e-06	1.35305
0.000787381	90.584	7.71942e-06	1.04605
0.00080282	82.7701	7.71942e-06	0.999308
0.000818259	76.0256	7.71942e-06	0.96703
0.000833698	69.9096	7.71942e-06	0.94004
0.000849136	62.941	7.71942e-06	0.793102
0.000864575	57.7084	7.71942e-06	0.760565
0.000880014	52.7205	7.71942e-06	0.728459
0.000895453	48.1195	7.71942e-06	0.704427
0.000910892	43.7281	7.71942e-06	0.650552
0.000926331	40.0621	7.71942e-06	0.630638
0.00094177	36.2674	7.71942e-06	0.580516
0.000957208	32.6678	7.71942e-06	0.541819
0.000972647	29.3967	7.71942e-06	0.497325
0.000988086	26.254	7.71942e-06	0.463623
0.00100352	23.8458	7.71942e-06	0.4467
0.00101896	21.6069	7.71942e-06	0.433608
0.0010344	19.4999	7.71942e-06	0.416369
0.00104984	17.4429	7.71942e-06	0.33507
0.00106528	15.7322	7.71942e-06	0.318959
0.00108072	14.3483	7.71942e-06	0.3092
0.00109616	12.8585	7.71942e-06	0.294449
0.0011116	11.432	7.71942e-06	0.279825
0.00112704	10.1266	7.71942e-06	0.255414
0.00114247	8.99335	7.71942e-06	0.2367
0.00115791	8.00569	7.71942e-06	0.217192
0.00117335	7.20571	7.71942e-06	0.206265
0.00118879	6.4258	7.71942e-06	0.192567
0.00120423	5.69855	7.71942e-06	0.180342
0.00121967	5.1306	7.71942e-06	0.16886
0.00123511	4.55715	7.71942e-06	0.158137
0.00125055	4.00413	7.71942e-06	0.144658
0.00126599	3.51844	7.71942e-06	0.137292
0.00128142	3.20076	7.71942e-06	0.133691
0.00129686	2.82999	7.71942e-06	0.124846
0.0013123	2.55935	7.71942e-06	0.120854
0.00132774	2.23071	7.71942e-06	0.114617
0.00134318	1.96937	7.71942e-06	0.109666
0.00135862	1.6415	7.71942e-06	0.102238
0.00137406	1.45932	7.71942e-06	0.0996583
0.0013895	1.28105	7.71942e-06	0.0934974
0.00140493	1.13418	7.71942e-06	0.0909619
0.00142037	1.00693	7.71942e-06	0.0889473
0.00143581	0.883721	7.71942e-06	0.0871429
0.00145125	0.790085	7.71942e-06	0.0856051
0.00146669	0.654864	7.71942e-06	0.0611093
0.00148213	0.559949	7.71942e-06	0.057487
0.00149757	0.475342	7.71942e-06	0.0511273
0.00151301	0.383004	7.71942e-06	0.0472551
0.00152845	0.314163	7.71942e-06	0.0447316
0.00154388	0.28684	7.71942e-06	0.0442747
0.00155932	0.230011	7.71942e-06	0.0411716
0.00157476	0.15662	7.71942e-06	0.021165
0.0015902	0.136058	7.71942e-06	0.0195371
0.00160564	0.125613	7.71942e-06	0.0190928
0.00162108	0.107995	7.71942e-06	0.0184268
0.00163652	0.0792645	7.71942e-06	0.0162108
0.00165196	0.0693591	7.71942e-06	0.0155299
0.0016674	0.043996	7.71942e-06	0.00926446
0.00168283	0.0339105	7.71942e-06	0.00781942
0.00169827	0.0305326	7.71942e-06	0.00756617
0.00171371	0.0238731	7.71942e-06	0.00656627
0.00172915	0.0189365	7.71942e-06	0.00607832
0.00174459	0.0159965	7.71942e-06	0.00570194
0.00176003	0.0147218	7.71942e-06	0.00555762
0.00177547	0.0147218	7.71942e-06	0.00555762
0.00179091	0.0147218	7.71942e-06	0.00555762
0.00180634	0.0105664	7.71942e-06	0.00461091
0.00182178	0.00711236	7.71942e-06	0.00379768
0.00183722	0.00578003	7.71942e-06	0.00355628
0.00185266	0.00578003	7.71942e-06	0.00355628
0.0018681	0.00578003	7.71942e-06	0.00355628
0.00188354	0.00336396	7.71942e-06	0.00260947
0.00189898	0.000923442	7.71942e-06	0.000923471
0.00191442	0.000923442	7.71942e-06	0.000923471
0.00192986	0.000923442	7.71942e-06	0.000923471
0.00194529	0.000923442	7.71942e-06	0.000923471
