9.3734e-06	8127.27	9.3734e-06	68.9657
2.81202e-05	1707.62	9.3734e-06	24.2161
4.6867e-05	1264.89	9.3734e-06	25.1408
6.56138e-05	1116.14	9.3734e-06	24.282
8.43606e-05	1063.18	9.3734e-06	34.8225
0.000103107	999.131	9.3734e-06	39.4969
0.000121854	976.334	9.3734e-06	21.7437
0.000140601	955.611	9.3734e-06	18.778
0.000159348	966.225	9.3734e-06	26.1843
0.000178095	915.82	9.3734e-06	19.223
0.000196841	1004.83	9.3734e-06	23.2243
0.000215588	946.823	9.3734e-06	20.8335
0.000234335	984.974	9.3734e-06	23.6924
0.000253082	946.6	9.3734e-06	17.7729
0.000271829	954.975	9.3734e-06	21.2331
0.000290575	950.707	9.3734e-06	23.1316
0.000309322	961.15	9.3734e-06	21.5455
0.000328069	987.236	9.3734e-06	37.1521
0.000346816	950.035	9.3734e-06	18.3914
0.000365562	967.148	9.3734e-06	20.1527
0.000384309	915.437	9.3734e-06	21.4364
0.000403056	926.332	9.3734e-06	23.5803
0.000421803	898.966	9.3734e-06	18.1888
0.00044055	877.322	9.3734e-06	19.0501
0.000459296	894.209	9.3734e-06	23.3819
0.000478043	950.453	9.3734e-06	48.6003
0.00049679	829.776	9.3734e-06	17.7841
0.000515537	804.932	9.3734e-06	20.6482
0.000534284	813.438	9.3734e-06	17.2612
0.00055303	773.939	9.3734e-06	15.7093
0.000571777	798.697	9.3734e-06	17.69
0.000590524	768.338	9.3734e-06	24.008
0.000609271	758.703	9.3734e-06	18.0946
0.000628018	748.051	9.3734e-06	18.043
0.000646764	740.115	9.3734e-06	19.4752
0.000665511	723.466	9.3734e-06	18.1986
0.000684258	681.328	9.3734e-06	17.3845
0.000703005	639.965	9.3734e-06	15.2401
0.000721752	636.322	9.3734e-06	36.2969
0.000740498	569.576	9.3734e-06	17.0416
0.000759245	591.747	9.3734e-06	21.8853
0.000777992	575.087	9.3734e-06	27.9685
0.000796739	559.035	9.3734e-06	18.8348
0.000815486	501.963	9.3734e-06	17.1345
0.000834232	487.171	9.3734e-06	19.9236
0.000852979	468.279	9.3734e-06	13.5595
0.000871726	431.898	9.3734e-06	11.5023
0.000890473	422.84	9.3734e-06	19.5967
0.00090922	408.019	9.3734e-06	15.233
0.000927966	370.981	9.3734e-06	10.4474
0.000946713	346.032	9.3734e-06	10.6092
0.00096546	364.745	9.3734e-06	13.1483
0.000984207	317.223	9.3734e-06	11.4323
0.00100295	280.267	9.3734e-06	10.2709
0.0010217	286.131	9.3734e-06	12.3651
0.00104045	276.863	9.3734e-06	27.6822
0.00105919	259.401	9.3734e-06	15.113
0.00107794	228.264	9.3734e-06	8.18896
0.00109669	200.773	9.3734e-06	8.26214
0.00111543	202.601	9.3734e-06	9.57448
0.00113418	190.202	9.3734e-06	8.03712
0.00115293	167.3	9.3734e-06	6.84462
0.00117167	166.667	9.3734e-06	7.86902
0.00119042	136.259	9.3734e-06	7.73204
0.00120917	133.199	9.3734e-06	6.40557
0.00122792	134.399	9.3734e-06	7.28388
0.00124666	121.828	9.3734e-06	7.48576
0.00126541	105.835	9.3734e-06	5.73298
0.00128416	101.052	9.3734e-06	8.18261
0.0013029	93.7776	9.3734e-06	5.36393
0.00132165	80.7553	9.3734e-06	4.97693
0.0013404	85.4477	9.3734e-06	6.22201
0.00135914	83.9826	9.3734e-06	6.00162
0.00137789	72.9921	9.3734e-06	7.78539
0.00139664	62.1391	9.3734e-06	3.85984
0.00141538	52.6642	9.3734e-06	5.78203
0.00143413	48.6788	9.3734e-06	4.12053
0.00145288	51.5006	9.3734e-06	5.94289
0.00147162	43.2964	9.3734e-06	3.30929
0.00149037	43.8724	9.3734e-06	4.1014
0.00150912	31.2811	9.3734e-06	2.95989
0.00152786	29.944	9.3734e-06	2.85291
0.00154661	27.7057	9.3734e-06	3.23233
0.00156536	31.0976	9.3734e-06	4.94151
0.0015841	26.6571	9.3734e-06	3.21036
0.00160285	22.017	9.3734e-06	2.25363
0.0016216	15.0686	9.3734e-06	1.77072
0.00164034	18.825	9.3734e-06	3.28018
0.00165909	10.1948	9.3734e-06	1.35941
0.00167784	10.4532	9.3734e-06	1.5408
0.00169658	11.4307	9.3734e-06	1.72003
0.00171533	7.6233	9.3734e-06	1.08916
0.00173408	5.78635	9.3734e-06	0.962763
0.00175283	7.01294	9.3734e-06	1.40078
0.00177157	5.01538	9.3734e-06	0.92382
0.00179032	3.8171	9.3734e-06	0.92689
0.00180907	4.68824	9.3734e-06	1.76972
0.00182781	4.12744	9.3734e-06	1.10269
0.00184656	3.04531	9.3734e-06	1.01034
0.00186531	3.27988	9.3734e-06	1.31687
0.00188405	2.00533	9.3734e-06	0.623376
0.0019028	1.62035	9.3734e-06	0.50473
0.00192155	1.13067	9.3734e-06	0.476483
0.00194029	1.83167	9.3734e-06	0.495343
0.00195904	1.40614	9.3734e-06	0.509309
0.00197779	0.777118	9.3734e-06	0.32667
0.00199653	0.0977346	9.3734e-06	0.0977346
0.00201528	0.813972	9.3734e-06	0.372542
0.00203403	0.677558	9.3734e-06	0.317257
0.00205277	0.278571	9.3734e-06	0.203008
0.00207152	0.236892	9.3734e-06	0.171921
0.00209027	0	9.3734e-06	0
0.00210901	0.422352	9.3734e-06	0.258772
0.00212776	0.0906213	9.3734e-06	0.0906213
0.00214651	0.545553	9.3734e-06	0.339443
0.00216525	0.109719	9.3734e-06	0.109719
0.002184	0	9.3734e-06	0
0.00220275	0	9.3734e-06	0
0.0022215	0	9.3734e-06	0
0.00224024	0	9.3734e-06	0
0.00225899	0	9.3734e-06	0
0.00227774	0	9.3734e-06	0
0.00229648	0	9.3734e-06	0
0.00231523	0.101764	9.3734e-06	0.101764
