6.71881e-06	11540.6	6.71881e-06	111.894
2.01564e-05	2301.87	6.71881e-06	38.4151
3.3594e-05	1931.96	6.71881e-06	47.7567
4.70317e-05	1599.14	6.71881e-06	36.0738
6.04693e-05	1537.76	6.71881e-06	30.8857
7.39069e-05	1436.68	6.71881e-06	31.1107
8.73445e-05	1526.53	6.71881e-06	46.5977
0.000100782	1344.5	6.71881e-06	26.7397
0.00011422	1341.73	6.71881e-06	26.3449
0.000127657	1414.89	6.71881e-06	28.6046
0.000141095	1345.72	6.71881e-06	27.9446
0.000154533	1412.7	6.71881e-06	32.9073
0.00016797	1380.46	6.71881e-06	29.3916
0.000181408	1422.58	6.71881e-06	42.147
0.000194845	1431.64	6.71881e-06	37.3288
0.000208283	1399.4	6.71881e-06	28.4404
0.000221721	1354.28	6.71881e-06	27.6269
0.000235158	1331.72	6.71881e-06	32.8514
0.000248596	1332	6.71881e-06	32.8736
0.000262034	1306.82	6.71881e-06	30.9427
0.000275471	1308.73	6.71881e-06	34.8419
0.000288909	1289.89	6.71881e-06	30.8321
0.000302346	1273.54	6.71881e-06	30.0147
0.000315784	1199.2	6.71881e-06	25.0406
0.000329222	1217.75	6.71881e-06	26.403
0.000342659	1170.36	6.71881e-06	24.9805
0.000356097	1181.08	6.71881e-06	24.0124
0.000369534	1102.11	6.71881e-06	22.6426
0.000382972	1110.42	6.71881e-06	22.0739
0.00039641	1075.11	6.71881e-06	23.2272
0.000409847	1089.45	6.71881e-06	30.5575
0.000423285	1048.56	6.71881e-06	28.3912
0.000436723	985.053	6.71881e-06	22.8992
0.00045016	995.751	6.71881e-06	24.2285
0.000463598	942.632	6.71881e-06	21.8013
0.000477035	925.294	6.71881e-06	30.0102
0.000490473	911.778	6.71881e-06	34.0443
0.000503911	854.944	6.71881e-06	26.9892
0.000517348	856.725	6.71881e-06	23.4508
0.000530786	737.7	6.71881e-06	17.5685
0.000544223	795.135	6.71881e-06	19.9905
0.000557661	729.256	6.71881e-06	22.229
0.000571099	647.537	6.71881e-06	16.8235
0.000584536	683.885	6.71881e-06	22.9309
0.000597974	682.34	6.71881e-06	79.7961
0.000611412	620.573	6.71881e-06	20.9099
0.000624849	615.751	6.71881e-06	22.828
0.000638287	530.354	6.71881e-06	14.5485
0.000651724	551.031	6.71881e-06	21.2585
0.000665162	482.751	6.71881e-06	16.9955
0.0006786	507.768	6.71881e-06	18.3764
0.000692037	472.45	6.71881e-06	20.2326
0.000705475	436.012	6.71881e-06	15.1058
0.000718912	448.981	6.71881e-06	36.5489
0.00073235	388.562	6.71881e-06	13.3841
0.000745788	363.795	6.71881e-06	12.4312
0.000759225	351.662	6.71881e-06	16.0839
0.000772663	338.38	6.71881e-06	12.1956
0.000786101	303.192	6.71881e-06	14.541
0.000799538	281.867	6.71881e-06	11.1664
0.000812976	259.349	6.71881e-06	10.8001
0.000826413	229.958	6.71881e-06	9.53266
0.000839851	230.983	6.71881e-06	10.3567
0.000853289	216.168	6.71881e-06	13.5573
0.000866726	198.097	6.71881e-06	11.3042
0.000880164	196.37	6.71881e-06	9.42556
0.000893601	174.681	6.71881e-06	12.532
0.000907039	151.747	6.71881e-06	7.50995
0.000920477	167.38	6.71881e-06	12.0134
0.000933914	140.586	6.71881e-06	8.58662
0.000947352	129.729	6.71881e-06	7.65782
0.00096079	117.618	6.71881e-06	7.32712
0.000974227	124.337	6.71881e-06	18.0602
0.000987665	99.1332	6.71881e-06	7.75213
0.0010011	81.2195	6.71881e-06	5.07549
0.00101454	75.4934	6.71881e-06	5.88486
0.00102798	98.6225	6.71881e-06	24.3064
0.00104142	63.0332	6.71881e-06	7.49488
0.00105485	50.5503	6.71881e-06	4.51102
0.00106829	52.3846	6.71881e-06	8.56977
0.00108173	46.0877	6.71881e-06	4.2445
0.00109517	39.1493	6.71881e-06	3.3308
0.0011086	27.2695	6.71881e-06	2.71136
0.00112204	34.6375	6.71881e-06	3.6524
0.00113548	28.7704	6.71881e-06	3.37085
0.00114892	24.912	6.71881e-06	2.67761
0.00116235	24.3484	6.71881e-06	2.92188
0.00117579	23.7447	6.71881e-06	6.49466
0.00118923	16.8825	6.71881e-06	2.74313
0.00120267	13.8543	6.71881e-06	2.28592
0.0012161	15.4095	6.71881e-06	2.56687
0.00122954	11.6507	6.71881e-06	1.88351
0.00124298	10.5239	6.71881e-06	2.01253
0.00125642	8.79078	6.71881e-06	3.64772
0.00126985	7.93004	6.71881e-06	1.65573
0.00128329	3.30759	6.71881e-06	0.977629
0.00129673	3.27396	6.71881e-06	0.878977
0.00131017	5.15095	6.71881e-06	1.75738
0.00132361	3.00364	6.71881e-06	0.805581
0.00133704	2.76817	6.71881e-06	0.979025
0.00135048	2.96859	6.71881e-06	0.948639
0.00136392	1.17292	6.71881e-06	0.542974
0.00137736	1.05422	6.71881e-06	0.400888
0.00139079	0.772795	6.71881e-06	0.405387
0.00140423	0.253593	6.71881e-06	0.179321
0.00141767	0.567862	6.71881e-06	0.331133
0.00143111	0.620071	6.71881e-06	0.319963
0.00144454	0.552084	6.71881e-06	0.331002
0.00145798	0.423458	6.71881e-06	0.314751
0.00147142	0.160702	6.71881e-06	0.160702
0.00148486	0.143705	6.71881e-06	0.143705
