9.67741e-06	7936.74	9.67741e-06	106.881
2.90322e-05	1660.27	9.67741e-06	25.5185
4.83871e-05	1251.69	9.67741e-06	21.8149
6.77419e-05	1085.51	9.67741e-06	20.3252
8.70967e-05	1060.36	9.67741e-06	23.5519
0.000106452	990.759	9.67741e-06	27.1159
0.000125806	899.064	9.67741e-06	21.4175
0.000145161	952.796	9.67741e-06	23.0276
0.000164516	924.029	9.67741e-06	21.3234
0.000183871	966.967	9.67741e-06	51.9857
0.000203226	981.377	9.67741e-06	45.5047
0.000222581	931.639	9.67741e-06	18.6588
0.000241935	899.664	9.67741e-06	19.2606
0.00026129	903.207	9.67741e-06	22.1217
0.000280645	937.437	9.67741e-06	24.3
0.0003	953.417	9.67741e-06	32.4208
0.000319355	931.546	9.67741e-06	18.7765
0.00033871	966.078	9.67741e-06	28.0968
0.000358064	972.588	9.67741e-06	58.2903
0.000377419	922.001	9.67741e-06	25.1587
0.000396774	888.065	9.67741e-06	19.958
0.000416129	895.32	9.67741e-06	20.0354
0.000435484	873.955	9.67741e-06	19.9457
0.000454838	897.223	9.67741e-06	26.8671
0.000474193	865.613	9.67741e-06	21.3831
0.000493548	842.327	9.67741e-06	18.7085
0.000512903	869.735	9.67741e-06	22.83
0.000532258	835.475	9.67741e-06	18.5097
0.000551613	800.172	9.67741e-06	23.7697
0.000570967	774.393	9.67741e-06	18.3382
0.000590322	746.604	9.67741e-06	19.4762
0.000609677	721.395	9.67741e-06	17.2767
0.000629032	708.166	9.67741e-06	15.3859
0.000648387	683.782	9.67741e-06	15.0345
0.000667742	685.102	9.67741e-06	14.5357
0.000687096	640.987	9.67741e-06	17.2391
0.000706451	631.168	9.67741e-06	18.8496
0.000725806	655.4	9.67741e-06	40.2548
0.000745161	592.478	9.67741e-06	18.2772
0.000764516	561.922	9.67741e-06	12.8228
0.000783871	587.749	9.67741e-06	25.9225
0.000803225	514.192	9.67741e-06	17.9032
0.00082258	500.478	9.67741e-06	14.7197
0.000841935	476.833	9.67741e-06	12.8096
0.00086129	470.55	9.67741e-06	15.1049
0.000880645	428.405	9.67741e-06	14.3776
0.0009	404.375	9.67741e-06	12.5839
0.000919354	397.043	9.67741e-06	12.1831
0.000938709	356.244	9.67741e-06	10.7792
0.000958064	355.677	9.67741e-06	12.7741
0.000977419	349.39	9.67741e-06	17.6044
0.000996774	318.573	9.67741e-06	12.0492
0.00101613	324.291	9.67741e-06	16.0156
0.00103548	285.745	9.67741e-06	13.4082
0.00105484	253.376	9.67741e-06	8.98256
0.00107419	241.936	9.67741e-06	9.01152
0.00109355	245.012	9.67741e-06	10.8589
0.0011129	218.163	9.67741e-06	8.34525
0.00113226	211.027	9.67741e-06	8.51448
0.00115161	201.405	9.67741e-06	8.05953
0.00117097	169.995	9.67741e-06	8.09303
0.00119032	170.807	9.67741e-06	7.72013
0.00120968	174.391	9.67741e-06	10.7217
0.00122903	141.946	9.67741e-06	5.94717
0.00124839	138.541	9.67741e-06	6.76898
0.00126774	124.169	9.67741e-06	5.6575
0.0012871	114.278	9.67741e-06	7.22019
0.00130645	100.802	9.67741e-06	5.05509
0.00132581	110.898	9.67741e-06	15.1703
0.00134516	89.381	9.67741e-06	5.4984
0.00136452	77.4493	9.67741e-06	4.63564
0.00138387	78.4815	9.67741e-06	4.74367
0.00140323	74.2477	9.67741e-06	6.11456
0.00142258	70.3857	9.67741e-06	5.37731
0.00144193	67.4477	9.67741e-06	5.69466
0.00146129	47.1285	9.67741e-06	4.08588
0.00148064	46.472	9.67741e-06	3.39555
0.0015	37.2499	9.67741e-06	2.99379
0.00151935	46.1474	9.67741e-06	4.0897
0.00153871	33.4517	9.67741e-06	3.32129
0.00155806	79.06	9.67741e-06	41.3218
0.00157742	29.8757	9.67741e-06	3.66122
0.00159677	29.1963	9.67741e-06	3.35108
0.00161613	18.5271	9.67741e-06	1.9615
0.00163548	19.2353	9.67741e-06	2.06712
0.00165484	29.7019	9.67741e-06	14.3571
0.00167419	14.9899	9.67741e-06	1.81776
0.00169355	10.7786	9.67741e-06	1.39988
0.0017129	9.53251	9.67741e-06	1.36795
0.00173226	7.80201	9.67741e-06	1.11743
0.00175161	10.3443	9.67741e-06	1.51286
0.00177097	10.8689	9.67741e-06	5.27343
0.00179032	4.81979	9.67741e-06	1.08403
0.00180968	6.80487	9.67741e-06	1.63282
0.00182903	3.45126	9.67741e-06	0.901342
0.00184839	5.22338	9.67741e-06	1.64677
0.00186774	2.98636	9.67741e-06	0.894875
0.0018871	5.50305	9.67741e-06	1.48802
0.00190645	1.6798	9.67741e-06	0.586657
0.00192581	1.21207	9.67741e-06	0.391016
0.00194516	1.79745	9.67741e-06	0.558185
0.00196452	2.46675	9.67741e-06	0.869529
0.00198387	1.60619	9.67741e-06	0.519362
0.00200322	2.45003	9.67741e-06	0.874289
0.00202258	0.600507	9.67741e-06	0.246492
0.00204193	3.0168	9.67741e-06	2.32733
0.00206129	0.713799	9.67741e-06	0.341244
0.00208064	0.18878	9.67741e-06	0.133567
0.0021	0.713237	9.67741e-06	0.392652
0.00211935	0.199995	9.67741e-06	0.141438
0.00213871	0	9.67741e-06	0
0.00215806	0.0902263	9.67741e-06	0.0902263
0.00217742	0	9.67741e-06	0
0.00219677	0	9.67741e-06	0
0.00221613	0.286688	9.67741e-06	0.213324
0.00223548	0.104265	9.67741e-06	0.104265
0.00225484	0.122648	9.67741e-06	0.122648
0.00227419	0	9.67741e-06	0
0.00229355	0	9.67741e-06	0
0.0023129	0.0978449	9.67741e-06	0.0978449
0.00233226	0.0916818	9.67741e-06	0.0916818
