1.04113e-05	7259.09	1.04113e-05	54.8478
3.1234e-05	1510.76	1.04113e-05	32.0152
5.20567e-05	1174.97	1.04113e-05	19.4335
7.28794e-05	1008.65	1.04113e-05	18.3033
9.37021e-05	965.625	1.04113e-05	24.5269
0.000114525	903.992	1.04113e-05	20.4786
0.000135348	896.671	1.04113e-05	31.0601
0.00015617	831.43	1.04113e-05	17.6288
0.000176993	824.18	1.04113e-05	18.3593
0.000197816	877.089	1.04113e-05	43.7809
0.000218638	829.292	1.04113e-05	25.8541
0.000239461	832.342	1.04113e-05	16.9089
0.000260284	808.308	1.04113e-05	17.6013
0.000281106	864.158	1.04113e-05	21.8758
0.000301929	808.319	1.04113e-05	16.0072
0.000322752	796.529	1.04113e-05	14.7939
0.000343575	825.953	1.04113e-05	17.7494
0.000364397	825.102	1.04113e-05	16.2744
0.00038522	831.534	1.04113e-05	16.8604
0.000406043	831.736	1.04113e-05	18.9135
0.000426865	845.971	1.04113e-05	18.7559
0.000447688	809.573	1.04113e-05	17.1206
0.000468511	815.93	1.04113e-05	19.5859
0.000489333	789.389	1.04113e-05	16.1689
0.000510156	816.622	1.04113e-05	20.646
0.000530979	841.41	1.04113e-05	30.2134
0.000551802	808.76	1.04113e-05	21.1334
0.000572624	815.681	1.04113e-05	23.2338
0.000593447	724.89	1.04113e-05	15.0298
0.00061427	721.556	1.04113e-05	17.1757
0.000635092	686.04	1.04113e-05	14.1067
0.000655915	712.917	1.04113e-05	19.5178
0.000676738	713.428	1.04113e-05	18.1352
0.00069756	671.088	1.04113e-05	18.0432
0.000718383	647.926	1.04113e-05	15.3007
0.000739206	626.665	1.04113e-05	13.1507
0.000760028	626.1	1.04113e-05	14.3855
0.000780851	593.106	1.04113e-05	18.6591
0.000801674	581.902	1.04113e-05	17.307
0.000822497	540.443	1.04113e-05	14.2099
0.000843319	545.194	1.04113e-05	20.1804
0.000864142	509.672	1.04113e-05	13.3536
0.000884965	505.645	1.04113e-05	13.2493
0.000905787	469.48	1.04113e-05	12.8052
0.00092661	465.641	1.04113e-05	16.4318
0.000947433	435.041	1.04113e-05	13.5999
0.000968255	451.783	1.04113e-05	14.7155
0.000989078	388.239	1.04113e-05	11.2365
0.0010099	366.017	1.04113e-05	12.0222
0.00103072	354.712	1.04113e-05	11.0252
0.00105155	336.875	1.04113e-05	11.9117
0.00107237	312.945	1.04113e-05	8.92793
0.00109319	298.545	1.04113e-05	9.62786
0.00111401	273.005	1.04113e-05	9.1875
0.00113484	284.734	1.04113e-05	9.44219
0.00115566	272.702	1.04113e-05	10.4111
0.00117648	216.976	1.04113e-05	7.78286
0.00119731	237.432	1.04113e-05	12.7599
0.00121813	205.175	1.04113e-05	9.71581
0.00123895	194.273	1.04113e-05	13.5299
0.00125977	175.201	1.04113e-05	8.26543
0.0012806	158.23	1.04113e-05	8.61468
0.00130142	160.223	1.04113e-05	7.54777
0.00132224	139.007	1.04113e-05	6.16434
0.00134306	134.233	1.04113e-05	7.59356
0.00136389	107.86	1.04113e-05	4.95042
0.00138471	113.898	1.04113e-05	5.61117
0.00140553	107.698	1.04113e-05	6.36509
0.00142635	88.7804	1.04113e-05	4.95652
0.00144718	82.4159	1.04113e-05	5.36877
0.001468	79.7405	1.04113e-05	5.47861
0.00148882	68.38	1.04113e-05	4.51353
0.00150965	68.1814	1.04113e-05	5.30305
0.00153047	51.4105	1.04113e-05	3.57016
0.00155129	54.4186	1.04113e-05	5.04393
0.00157211	42.8367	1.04113e-05	3.10418
0.00159294	39.4545	1.04113e-05	2.71028
0.00161376	36.0933	1.04113e-05	2.83716
0.00163458	32.7843	1.04113e-05	2.54141
0.0016554	32.1557	1.04113e-05	2.95365
0.00167623	26.9792	1.04113e-05	2.52058
0.00169705	22.1827	1.04113e-05	2.09067
0.00171787	21.6405	1.04113e-05	2.08832
0.0017387	27.5752	1.04113e-05	7.25089
0.00175952	22.2167	1.04113e-05	3.4802
0.00178034	13.5356	1.04113e-05	1.56373
0.00180116	16.5594	1.04113e-05	4.05359
0.00182199	12.8791	1.04113e-05	1.71907
0.00184281	11.5649	1.04113e-05	1.95066
0.00186363	7.71351	1.04113e-05	1.56282
0.00188445	7.19525	1.04113e-05	1.18721
0.00190528	10.4097	1.04113e-05	2.11652
0.0019261	6.78025	1.04113e-05	1.13241
0.00194692	4.5946	1.04113e-05	0.871722
0.00196774	3.89684	1.04113e-05	0.855819
0.00198857	1.89632	1.04113e-05	0.460787
0.00200939	2.08934	1.04113e-05	0.697811
0.00203021	1.89412	1.04113e-05	0.520954
0.00205104	2.51764	1.04113e-05	0.875768
0.00207186	1.61186	1.04113e-05	0.609266
0.00209268	1.10627	1.04113e-05	0.43967
0.0021135	1.46513	1.04113e-05	0.528284
0.00213433	1.46734	1.04113e-05	0.509256
0.00215515	0.649818	1.04113e-05	0.250338
0.00217597	0.604341	1.04113e-05	0.278192
0.00219679	0.388498	1.04113e-05	0.236216
0.00221762	0.0968285	1.04113e-05	0.0968285
0.00223844	0	1.04113e-05	0
0.00225926	0.0998989	1.04113e-05	0.0998989
0.00228009	0.137104	1.04113e-05	0.137104
0.00230091	0	1.04113e-05	0
0.00232173	0	1.04113e-05	0
0.00234255	0	1.04113e-05	0
0.00236338	0.0834554	1.04113e-05	0.0834554
0.0023842	0.467033	1.04113e-05	0.467033
