6.72025e-06	11171.1	6.72025e-06	98.228
2.01607e-05	2351.7	6.72025e-06	38.7232
3.36012e-05	1882.15	6.72025e-06	31.4188
4.70417e-05	1601.33	6.72025e-06	29.5152
6.04822e-05	1459.48	6.72025e-06	26.2861
7.39227e-05	1356.1	6.72025e-06	27.9428
8.73632e-05	1432.12	6.72025e-06	37.2931
0.000100804	1377.86	6.72025e-06	31.0623
0.000114244	1450.39	6.72025e-06	71.7538
0.000127685	1408.65	6.72025e-06	50.1735
0.000141125	1396.02	6.72025e-06	34.0383
0.000154566	1380.81	6.72025e-06	29.7927
0.000168006	1343.92	6.72025e-06	27.4978
0.000181447	1346.43	6.72025e-06	26.6795
0.000194887	1356.04	6.72025e-06	29.8055
0.000208328	1385.77	6.72025e-06	43.8049
0.000221768	1302.04	6.72025e-06	28.1287
0.000235209	1785.16	6.72025e-06	479.659
0.000248649	1306.23	6.72025e-06	26.7719
0.00026209	1330.32	6.72025e-06	35.7493
0.00027553	1273.02	6.72025e-06	26.3929
0.000288971	1227.52	6.72025e-06	25.3641
0.000302411	1255.4	6.72025e-06	36.3115
0.000315852	1238.69	6.72025e-06	29.7497
0.000329292	1207.59	6.72025e-06	26.0202
0.000342733	1232.99	6.72025e-06	33.2107
0.000356173	1252.33	6.72025e-06	71.8949
0.000369614	1139.38	6.72025e-06	27.8443
0.000383054	1112.49	6.72025e-06	23.8536
0.000396495	1139.66	6.72025e-06	30.3718
0.000409935	1125.51	6.72025e-06	32.1989
0.000423376	1032.04	6.72025e-06	30.2507
0.000436816	954.423	6.72025e-06	23.1681
0.000450257	978.48	6.72025e-06	22.4021
0.000463697	972.902	6.72025e-06	24.5252
0.000477137	866.921	6.72025e-06	19.9038
0.000490578	946.78	6.72025e-06	54.4862
0.000504018	861.295	6.72025e-06	21.5759
0.000517459	820.139	6.72025e-06	20.1083
0.000530899	789.187	6.72025e-06	21.7037
0.00054434	778.955	6.72025e-06	19.5879
0.00055778	788.851	6.72025e-06	65.3009
0.000571221	677.652	6.72025e-06	18.951
0.000584661	723.739	6.72025e-06	42.1315
0.000598102	654.442	6.72025e-06	19.8597
0.000611542	634.242	6.72025e-06	18.6562
0.000624983	585.799	6.72025e-06	18.9477
0.000638423	566.396	6.72025e-06	17.479
0.000651864	540.096	6.72025e-06	17.2281
0.000665304	508.135	6.72025e-06	18.9989
0.000678745	503.676	6.72025e-06	17.5131
0.000692185	447.96	6.72025e-06	13.1023
0.000705626	431.403	6.72025e-06	17.5144
0.000719066	384.721	6.72025e-06	15.8122
0.000732507	378.43	6.72025e-06	17.2886
0.000745947	367.529	6.72025e-06	17.6213
0.000759388	375.197	6.72025e-06	18.407
0.000772828	342.28	6.72025e-06	15.67
0.000786269	323.118	6.72025e-06	15.8488
0.000799709	297.733	6.72025e-06	13.1075
0.00081315	250.997	6.72025e-06	11.1167
0.00082659	242.877	6.72025e-06	11.7351
0.000840031	234.355	6.72025e-06	11.0089
0.000853471	205.026	6.72025e-06	10.8057
0.000866912	200.944	6.72025e-06	8.56111
0.000880352	193.165	6.72025e-06	11.7767
0.000893793	174.102	6.72025e-06	9.47097
0.000907233	163.039	6.72025e-06	8.74401
0.000920674	148.107	6.72025e-06	7.78642
0.000934114	145.062	6.72025e-06	7.86284
0.000947555	132.513	6.72025e-06	8.12373
0.000960995	111.235	6.72025e-06	6.21773
0.000974436	108.207	6.72025e-06	6.40806
0.000987876	94.4858	6.72025e-06	6.76728
0.00100132	91.8	6.72025e-06	7.47332
0.00101476	80.698	6.72025e-06	7.49275
0.0010282	80.2411	6.72025e-06	7.83022
0.00104164	76.0278	6.72025e-06	12.8092
0.00105508	62.5261	6.72025e-06	10.6223
0.00106852	45.592	6.72025e-06	3.95285
0.00108196	47.6851	6.72025e-06	4.88322
0.0010954	42.2625	6.72025e-06	4.44647
0.00110884	35.9642	6.72025e-06	3.62207
0.00112228	44.1174	6.72025e-06	6.80139
0.00113572	27.047	6.72025e-06	4.39487
0.00114916	34.7541	6.72025e-06	4.52933
0.0011626	22.6814	6.72025e-06	2.77365
0.00117604	17.4701	6.72025e-06	2.4578
0.00118948	14.5816	6.72025e-06	2.28614
0.00120292	10.5832	6.72025e-06	1.50738
0.00121636	14.7748	6.72025e-06	2.53887
0.00122981	15.2672	6.72025e-06	2.55836
0.00124325	8.92365	6.72025e-06	1.85758
0.00125669	8.50795	6.72025e-06	1.74188
0.00127013	14.0547	6.72025e-06	3.9581
0.00128357	4.61046	6.72025e-06	1.01157
0.00129701	6.84721	6.72025e-06	1.85074
0.00131045	6.8145	6.72025e-06	1.77514
0.00132389	3.98421	6.72025e-06	1.00079
0.00133733	3.36844	6.72025e-06	0.968982
0.00135077	3.9149	6.72025e-06	1.07595
0.00136421	1.47492	6.72025e-06	0.729827
0.00137765	3.19788	6.72025e-06	0.880318
0.00139109	2.44188	6.72025e-06	0.815769
0.00140453	0.815318	6.72025e-06	0.435812
0.00141797	1.54961	6.72025e-06	0.752032
0.00143141	0.628788	6.72025e-06	0.31784
0.00144485	0.694365	6.72025e-06	0.311821
0.00145829	0.416305	6.72025e-06	0.2412
0.00147173	0.591203	6.72025e-06	0.296333
0.00148517	0.154946	6.72025e-06	0.154946
0.00149861	0	6.72025e-06	0
0.00151206	0	6.72025e-06	0
0.0015255	0.170708	6.72025e-06	0.170708
