0	1726.07	7.26148e-06	374.41
1.4523e-05	1539.75	7.26148e-06	35.9704
2.90459e-05	1491.61	7.26148e-06	16.1981
4.35689e-05	1461.59	7.26148e-06	10.8324
5.80919e-05	1439.59	7.26148e-06	8.79602
7.26148e-05	1420.65	7.26148e-06	7.67652
8.71378e-05	1404.85	7.26148e-06	7.10539
0.000101661	1389.15	7.26148e-06	6.66558
0.000116184	1373.88	7.26148e-06	6.33341
0.000130707	1359.38	7.26148e-06	6.08642
0.00014523	1344.13	7.26148e-06	5.8567
0.000159753	1328.71	7.26148e-06	5.64786
0.000174276	1313.28	7.26148e-06	5.47217
0.000188799	1298.25	7.26148e-06	5.32707
0.000203322	1282.92	7.26148e-06	5.19456
0.000217844	1267.24	7.26148e-06	5.06876
0.000232367	1251.14	7.26148e-06	4.95247
0.00024689	1234.87	7.26148e-06	4.84116
0.000261413	1218.58	7.26148e-06	4.74176
0.000275936	1199.75	7.26148e-06	4.54246
0.000290459	1182.6	7.26148e-06	4.44208
0.000304982	1164.05	7.26148e-06	4.2113
0.000319505	1145.67	7.26148e-06	4.1104
0.000334028	1128.12	7.26148e-06	4.02408
0.000348551	1109.63	7.26148e-06	3.9332
0.000363074	1090.9	7.26148e-06	3.84217
0.000377597	1072.06	7.26148e-06	3.75062
0.00039212	1052.78	7.26148e-06	3.66709
0.000406643	1033.99	7.26148e-06	3.59083
0.000421166	1014.69	7.26148e-06	3.51164
0.000435689	995.439	7.26148e-06	3.43709
0.000450212	976.629	7.26148e-06	3.37095
0.000464735	957.449	7.26148e-06	3.30305
0.000479258	938.183	7.26148e-06	3.23469
0.000493781	917.968	7.26148e-06	3.14956
0.000508304	898.517	7.26148e-06	3.08631
0.000522827	878.883	7.26148e-06	3.02166
0.00053735	859.187	7.26148e-06	2.95545
0.000551873	839.693	7.26148e-06	2.89537
0.000566396	820.089	7.26148e-06	2.83369
0.000580919	799.937	7.26148e-06	2.75086
0.000595442	779.704	7.26148e-06	2.65887
0.000609965	759.745	7.26148e-06	2.59934
0.000624488	740.313	7.26148e-06	2.53518
0.00063901	721.886	7.26148e-06	2.48683
0.000653533	702.5	7.26148e-06	2.42443
0.000668056	683.479	7.26148e-06	2.3605
0.000682579	664.642	7.26148e-06	2.30219
0.000697102	646.111	7.26148e-06	2.25122
0.000711625	628.042	7.26148e-06	2.20269
0.000726148	610.444	7.26148e-06	2.15943
0.000740671	592.424	7.26148e-06	2.11224
0.000755194	575.081	7.26148e-06	2.06988
0.000769717	557.542	7.26148e-06	2.02336
0.00078424	540.704	7.26148e-06	1.98175
0.000798763	523.118	7.26148e-06	1.90018
0.000813286	506.729	7.26148e-06	1.86382
0.000827809	490.094	7.26148e-06	1.82202
0.000842332	474.112	7.26148e-06	1.78366
0.000856855	458.585	7.26148e-06	1.74974
0.000871378	442.823	7.26148e-06	1.70739
0.000885901	427.488	7.26148e-06	1.66535
0.000900424	412.832	7.26148e-06	1.63163
0.000914947	397.844	7.26148e-06	1.55596
0.00092947	383.307	7.26148e-06	1.50927
0.000943993	369.472	7.26148e-06	1.47408
0.000958516	355.906	7.26148e-06	1.44344
0.000973039	342.085	7.26148e-06	1.39096
0.000987562	328.424	7.26148e-06	1.31109
0.00100208	315.92	7.26148e-06	1.28558
0.00101661	303.328	7.26148e-06	1.2553
0.00103113	291.32	7.26148e-06	1.22575
0.00104565	279.559	7.26148e-06	1.20001
0.00106018	268.086	7.26148e-06	1.17085
0.0010747	256.762	7.26148e-06	1.14251
0.00108922	246.163	7.26148e-06	1.11682
0.00110375	235.653	7.26148e-06	1.09534
0.00111827	224.909	7.26148e-06	0.973747
0.00113279	215.151	7.26148e-06	0.949656
0.00114731	205.475	7.26148e-06	0.926649
0.00116184	195.761	7.26148e-06	0.899427
0.00117636	186.806	7.26148e-06	0.872369
0.00119088	177.95	7.26148e-06	0.846608
0.00120541	170.02	7.26148e-06	0.829704
0.00121993	162.147	7.26148e-06	0.811348
0.00123445	154.17	7.26148e-06	0.782067
0.00124898	146.482	7.26148e-06	0.753471
0.0012635	139.446	7.26148e-06	0.736916
0.00127802	132.404	7.26148e-06	0.716021
0.00129254	126.034	7.26148e-06	0.701509
0.00130707	119.629	7.26148e-06	0.682986
0.00132159	113.173	7.26148e-06	0.665752
0.00133611	107.283	7.26148e-06	0.649405
0.00135064	101.455	7.26148e-06	0.628995
0.00136516	96.2515	7.26148e-06	0.614949
0.00137968	91.0743	7.26148e-06	0.598613
0.0013942	86.051	7.26148e-06	0.580715
0.00140873	81.417	7.26148e-06	0.569974
0.00142325	76.8999	7.26148e-06	0.542657
0.00143777	72.5977	7.26148e-06	0.529117
0.0014523	68.537	7.26148e-06	0.518107
0.00146682	64.4816	7.26148e-06	0.484426
0.00148134	60.7131	7.26148e-06	0.469133
0.00149587	57.1235	7.26148e-06	0.4524
0.00151039	53.6645	7.26148e-06	0.440917
0.00152491	50.3427	7.26148e-06	0.428073
0.00153943	47.2427	7.26148e-06	0.415197
0.00155396	44.5231	7.26148e-06	0.407121
0.00156848	41.645	7.26148e-06	0.392903
0.001583	39.0429	7.26148e-06	0.384973
0.00159753	36.3713	7.26148e-06	0.371677
0.00161205	33.9856	7.26148e-06	0.359126
0.00162657	31.5735	7.26148e-06	0.32481
0.0016411	29.4981	7.26148e-06	0.316658
0.00165562	27.5268	7.26148e-06	0.300664
0.00167014	25.6538	7.26148e-06	0.291744
0.00168466	23.8223	7.26148e-06	0.277782
0.00169919	22.063	7.26148e-06	0.262128
0.00171371	20.5394	7.26148e-06	0.255307
0.00172823	19.1397	7.26148e-06	0.249207
0.00174276	17.7357	7.26148e-06	0.239303
0.00175728	16.3174	7.26148e-06	0.222331
0.0017718	15.1141	7.26148e-06	0.216017
0.00178632	14.0417	7.26148e-06	0.210017
0.00180085	12.9532	7.26148e-06	0.200323
0.00181537	11.9779	7.26148e-06	0.193812
0.00182989	11.094	7.26148e-06	0.188671
0.00184442	10.1873	7.26148e-06	0.182023
0.00185894	9.34676	7.26148e-06	0.172295
0.00187346	8.65593	7.26148e-06	0.169023
0.00188799	7.85742	7.26148e-06	0.159246
0.00190251	7.16115	7.26148e-06	0.153912
0.00191703	6.47913	7.26148e-06	0.147722
0.00193155	5.98542	7.26148e-06	0.144141
0.00194608	5.47617	7.26148e-06	0.138669
0.0019606	4.95359	7.26148e-06	0.1348
0.00197512	4.46726	7.26148e-06	0.125213
0.00198965	4.04973	7.26148e-06	0.121142
0.00200417	3.70044	7.26148e-06	0.118073
0.00201869	3.33976	7.26148e-06	0.114282
0.00203322	2.90856	7.26148e-06	0.105781
0.00204774	2.58393	7.26148e-06	0.102008
0.00206226	2.31108	7.26148e-06	0.094401
0.00207678	2.05419	7.26148e-06	0.0920847
0.00209131	1.81414	7.26148e-06	0.088992
0.00210583	1.63283	7.26148e-06	0.0870451
0.00212035	1.50173	7.26148e-06	0.0860989
0.00213488	1.35172	7.26148e-06	0.0845496
0.0021494	1.18716	7.26148e-06	0.0822821
0.00216392	1.051	7.26148e-06	0.0808653
0.00217844	0.949456	7.26148e-06	0.0796581
0.00219297	0.861085	7.26148e-06	0.0786373
0.00220749	0.779821	7.26148e-06	0.0776996
0.00222201	0.62317	7.26148e-06	0.0604643
0.00223654	0.560166	7.26148e-06	0.0591276
0.00225106	0.438305	7.26148e-06	0.0465854
0.00226558	0.377667	7.26148e-06	0.0443896
0.00228011	0.314197	7.26148e-06	0.0427273
0.00229463	0.270159	7.26148e-06	0.0417394
0.00230915	0.241369	7.26148e-06	0.0413177
0.00232367	0.220488	7.26148e-06	0.0407335
0.0023382	0.108735	7.26148e-06	0.0191407
0.00235272	0.0844753	7.26148e-06	0.0178822
0.00236724	0.0630455	7.26148e-06	0.0164493
0.00238177	0.0419849	7.26148e-06	0.0111122
0.00239629	0.0367575	7.26148e-06	0.0108164
0.00241081	0.019937	7.26148e-06	0.00373055
0.00242534	0.0144415	7.26148e-06	0.00319313
0.00243986	0.0109103	7.26148e-06	0.00289536
0.00245438	0.00671302	7.26148e-06	0.00224969
0.0024689	0.00364432	7.26148e-06	0.00154075
0.00248343	0.00182262	7.26148e-06	0.00108607
0.00249795	0.000898159	7.26148e-06	0.000569982
0.00251247	0.000492525	7.26148e-06	0.000492533
0.002527	0.000492525	7.26148e-06	0.000492533
0.00254152	0.000492525	7.26148e-06	0.000492533
