0	1242.23	7.39916e-06	112.111
1.47983e-05	1186.49	7.39916e-06	11.5139
2.95966e-05	1171.81	7.39916e-06	6.01487
4.43949e-05	1162.96	7.39916e-06	4.83569
5.91932e-05	1155.56	7.39916e-06	4.32681
7.39916e-05	1149.83	7.39916e-06	4.12312
8.87899e-05	1143.64	7.39916e-06	3.95008
0.000103588	1138	7.39916e-06	3.84292
0.000118386	1132.32	7.39916e-06	3.75596
0.000133185	1126.56	7.39916e-06	3.68498
0.000147983	1119.52	7.39916e-06	3.56413
0.000162781	1113.69	7.39916e-06	3.51235
0.00017758	1107.57	7.39916e-06	3.4631
0.000192378	1100.78	7.39916e-06	3.40829
0.000207176	1094.23	7.39916e-06	3.36354
0.000221975	1087.25	7.39916e-06	3.31746
0.000236773	1080.01	7.39916e-06	3.27621
0.000251571	1072.05	7.39916e-06	3.23106
0.00026637	1064.03	7.39916e-06	3.17646
0.000281168	1056.01	7.39916e-06	3.13858
0.000295966	1047.5	7.39916e-06	3.1006
0.000310765	1038.69	7.39916e-06	3.06167
0.000325563	1029.47	7.39916e-06	3.02075
0.000340361	1019.89	7.39916e-06	2.97994
0.000355159	1010.34	7.39916e-06	2.94314
0.000369958	1000.51	7.39916e-06	2.90862
0.000384756	990.2	7.39916e-06	2.87126
0.000399554	979.585	7.39916e-06	2.83493
0.000414353	968.558	7.39916e-06	2.79025
0.000429151	957.389	7.39916e-06	2.75247
0.000443949	945.808	7.39916e-06	2.71413
0.000458748	933.949	7.39916e-06	2.67673
0.000473546	921.906	7.39916e-06	2.63716
0.000488344	909.851	7.39916e-06	2.60229
0.000503143	897.401	7.39916e-06	2.56632
0.000517941	884.601	7.39916e-06	2.52866
0.000532739	871.492	7.39916e-06	2.48879
0.000547538	858.105	7.39916e-06	2.45278
0.000562336	845.162	7.39916e-06	2.42041
0.000577134	831.993	7.39916e-06	2.38661
0.000591932	818.164	7.39916e-06	2.35202
0.000606731	804.432	7.39916e-06	2.31861
0.000621529	789.931	7.39916e-06	2.2775
0.000636327	775.823	7.39916e-06	2.24268
0.000651126	761.446	7.39916e-06	2.20554
0.000665924	746.862	7.39916e-06	2.16978
0.000680722	732.156	7.39916e-06	2.1364
0.000695521	717.43	7.39916e-06	2.10313
0.000710319	702.289	7.39916e-06	2.06357
0.000725117	687.414	7.39916e-06	2.02996
0.000739916	672.616	7.39916e-06	1.99651
0.000754714	657.583	7.39916e-06	1.96017
0.000769512	642.742	7.39916e-06	1.92913
0.000784311	628.084	7.39916e-06	1.89749
0.000799109	612.973	7.39916e-06	1.86399
0.000813907	597.519	7.39916e-06	1.8227
0.000828705	582.814	7.39916e-06	1.79472
0.000843504	568.295	7.39916e-06	1.76779
0.000858302	553.411	7.39916e-06	1.73318
0.0008731	538.807	7.39916e-06	1.70465
0.000887899	524.155	7.39916e-06	1.67402
0.000902697	509.599	7.39916e-06	1.6473
0.000917495	495.397	7.39916e-06	1.6225
0.000932294	481.086	7.39916e-06	1.59556
0.000947092	466.828	7.39916e-06	1.57113
0.00096189	453.008	7.39916e-06	1.5476
0.000976689	439.064	7.39916e-06	1.52283
0.000991487	425.084	7.39916e-06	1.48972
0.00100629	411.856	7.39916e-06	1.46533
0.00102108	398.805	7.39916e-06	1.44511
0.00103588	385.905	7.39916e-06	1.42514
0.00105068	372.945	7.39916e-06	1.40478
0.00106548	360.312	7.39916e-06	1.3853
0.00108028	348.009	7.39916e-06	1.36689
0.00109508	335.811	7.39916e-06	1.34902
0.00110987	324.081	7.39916e-06	1.33252
0.00112467	312.014	7.39916e-06	1.30793
0.00113947	300.361	7.39916e-06	1.29114
0.00115427	289.074	7.39916e-06	1.27192
0.00116907	278.11	7.39916e-06	1.2571
0.00118386	267.243	7.39916e-06	1.24284
0.00119866	256.474	7.39916e-06	1.22509
0.00121346	245.243	7.39916e-06	1.01992
0.00122826	235.244	7.39916e-06	0.997242
0.00124306	225.482	7.39916e-06	0.981635
0.00125786	215.896	7.39916e-06	0.967387
0.00127265	206.694	7.39916e-06	0.954478
0.00128745	197.601	7.39916e-06	0.940544
0.00130225	188.92	7.39916e-06	0.927215
0.00131705	180.387	7.39916e-06	0.914004
0.00133185	172.186	7.39916e-06	0.902462
0.00134665	164.351	7.39916e-06	0.890968
0.00136144	156.775	7.39916e-06	0.881855
0.00137624	149.115	7.39916e-06	0.849099
0.00139104	141.97	7.39916e-06	0.839867
0.00140584	134.99	7.39916e-06	0.831133
0.00142064	128.462	7.39916e-06	0.823325
0.00143544	122.121	7.39916e-06	0.815841
0.00145023	115.883	7.39916e-06	0.80758
0.00146503	109.806	7.39916e-06	0.796595
0.00147983	104.156	7.39916e-06	0.78913
0.00149463	98.8471	7.39916e-06	0.783474
0.00150943	93.4106	7.39916e-06	0.77599
0.00152423	88.3986	7.39916e-06	0.770873
0.00153902	83.6955	7.39916e-06	0.766287
0.00155382	79.0897	7.39916e-06	0.759957
0.00156862	74.7322	7.39916e-06	0.75552
0.00158342	70.4713	7.39916e-06	0.750434
0.00159822	66.4031	7.39916e-06	0.745115
0.00161302	62.4822	7.39916e-06	0.740674
0.00162781	58.9213	7.39916e-06	0.736984
0.00164261	55.54	7.39916e-06	0.733917
0.00165741	52.1522	7.39916e-06	0.730336
0.00167221	48.1845	7.39916e-06	0.427438
0.00168701	45.3184	7.39916e-06	0.423871
0.00170181	41.811	7.39916e-06	0.230566
0.0017166	39.0243	7.39916e-06	0.221227
0.0017314	36.4838	7.39916e-06	0.209431
0.0017462	34.088	7.39916e-06	0.200892
0.001761	31.8625	7.39916e-06	0.19535
0.0017758	29.7346	7.39916e-06	0.18967
0.0017906	27.6581	7.39916e-06	0.182762
0.00180539	25.7892	7.39916e-06	0.177563
0.00182019	24.0093	7.39916e-06	0.170462
0.00183499	22.3067	7.39916e-06	0.165146
0.00184979	20.7244	7.39916e-06	0.16
0.00186459	19.1274	7.39916e-06	0.154785
0.00187939	17.7105	7.39916e-06	0.150278
0.00189418	16.3729	7.39916e-06	0.14555
0.00190898	15.1362	7.39916e-06	0.14064
0.00192378	13.9391	7.39916e-06	0.134759
0.00193858	12.8599	7.39916e-06	0.131021
0.00195338	11.8369	7.39916e-06	0.123072
0.00196818	10.8387	7.39916e-06	0.107838
0.00198297	9.9403	7.39916e-06	0.104402
0.00199777	9.15475	7.39916e-06	0.101455
0.00201257	8.38594	7.39916e-06	0.0983416
0.00202737	7.68867	7.39916e-06	0.0954339
0.00204217	6.89677	7.39916e-06	0.0784883
0.00205697	6.28969	7.39916e-06	0.0738717
0.00207176	5.72129	7.39916e-06	0.0694784
0.00208656	5.18545	7.39916e-06	0.0661462
0.00210136	4.65513	7.39916e-06	0.0626899
0.00211616	4.21253	7.39916e-06	0.0593501
0.00213096	3.78366	7.39916e-06	0.0523745
0.00214576	3.41177	7.39916e-06	0.0500652
0.00216055	3.0562	7.39916e-06	0.0474233
0.00217535	2.73341	7.39916e-06	0.0446574
0.00219015	2.4282	7.39916e-06	0.0416769
0.00220495	2.17659	7.39916e-06	0.0398028
0.00221975	1.93522	7.39916e-06	0.0375832
0.00223455	1.70867	7.39916e-06	0.0355199
0.00224934	1.51379	7.39916e-06	0.0336961
0.00226414	1.33568	7.39916e-06	0.0317614
0.00227894	1.16509	7.39916e-06	0.0289856
0.00229374	0.997694	7.39916e-06	0.0268364
0.00230854	0.850048	7.39916e-06	0.0217646
0.00232333	0.740311	7.39916e-06	0.0200464
0.00233813	0.635588	7.39916e-06	0.0183058
0.00235293	0.526484	7.39916e-06	0.0162845
0.00236773	0.444614	7.39916e-06	0.0148844
0.00238253	0.367042	7.39916e-06	0.0132936
0.00239733	0.309176	7.39916e-06	0.0119411
0.00241212	0.245907	7.39916e-06	0.0105725
0.00242692	0.194915	7.39916e-06	0.00921438
0.00244172	0.152967	7.39916e-06	0.00797619
0.00245652	0.112318	7.39916e-06	0.00675803
0.00247132	0.0815887	7.39916e-06	0.00559896
0.00248612	0.0616079	7.39916e-06	0.00486252
0.00250091	0.0442645	7.39916e-06	0.00412908
0.00251571	0.0272656	7.39916e-06	0.00310517
0.00253051	0.0171337	7.39916e-06	0.00248101
0.00254531	0.00912299	7.39916e-06	0.00180754
0.00256011	0.00314762	7.39916e-06	0.00105724
0.00257491	0.00033444	7.39916e-06	0.000334446
