0	1318	7.48402e-06	150.604
1.4968e-05	1243.19	7.48402e-06	16.8638
2.99361e-05	1220.83	7.48402e-06	7.82119
4.49041e-05	1208.39	7.48402e-06	6.00839
5.98721e-05	1198.99	7.48402e-06	5.35877
7.48402e-05	1190.13	7.48402e-06	4.96581
8.98082e-05	1182.54	7.48402e-06	4.75938
0.000104776	1175.09	7.48402e-06	4.61069
0.000119744	1167.79	7.48402e-06	4.4971
0.000134712	1160.44	7.48402e-06	4.40498
0.00014968	1153.33	7.48402e-06	4.33384
0.000164648	1145.55	7.48402e-06	4.26112
0.000179616	1136.85	7.48402e-06	4.16547
0.000194584	1128.59	7.48402e-06	4.1029
0.000209552	1120.18	7.48402e-06	4.04868
0.000224521	1111.38	7.48402e-06	3.99435
0.000239489	1102.62	7.48402e-06	3.94695
0.000254457	1093.44	7.48402e-06	3.89907
0.000269425	1084.29	7.48402e-06	3.85712
0.000284393	1074.12	7.48402e-06	3.79754
0.000299361	1064.34	7.48402e-06	3.75714
0.000314329	1053.87	7.48402e-06	3.71273
0.000329297	1041.94	7.48402e-06	3.6142
0.000344265	1030.52	7.48402e-06	3.57001
0.000359233	1019.34	7.48402e-06	3.53115
0.000374201	1007.53	7.48402e-06	3.48943
0.000389169	995.59	7.48402e-06	3.45048
0.000404137	983.282	7.48402e-06	3.41101
0.000419105	970.894	7.48402e-06	3.37276
0.000434073	958.316	7.48402e-06	3.33539
0.000449041	945.092	7.48402e-06	3.29482
0.000464009	932.4	7.48402e-06	3.26066
0.000478977	918.799	7.48402e-06	3.22413
0.000493945	905.555	7.48402e-06	3.19091
0.000508913	891.575	7.48402e-06	3.15131
0.000523881	877.472	7.48402e-06	3.11629
0.000538849	863.756	7.48402e-06	3.08535
0.000553817	848.867	7.48402e-06	3.03632
0.000568785	833.746	7.48402e-06	2.99611
0.000583753	819.083	7.48402e-06	2.96266
0.000598721	803.585	7.48402e-06	2.91928
0.000613689	788.516	7.48402e-06	2.88608
0.000628657	773.944	7.48402e-06	2.85736
0.000643625	758.739	7.48402e-06	2.82084
0.000658593	743.103	7.48402e-06	2.78587
0.000673562	727.428	7.48402e-06	2.74661
0.00068853	712.03	7.48402e-06	2.71127
0.000703498	696.852	7.48402e-06	2.68366
0.000718466	681.357	7.48402e-06	2.65479
0.000733434	665.916	7.48402e-06	2.62642
0.000748402	650.321	7.48402e-06	2.59398
0.00076337	634.942	7.48402e-06	2.56709
0.000778338	619.424	7.48402e-06	2.53958
0.000793306	603.926	7.48402e-06	2.50912
0.000808274	588.754	7.48402e-06	2.48318
0.000823242	573.007	7.48402e-06	2.44239
0.00083821	558.035	7.48402e-06	2.42011
0.000853178	543.112	7.48402e-06	2.39445
0.000868146	528.571	7.48402e-06	2.37336
0.000883114	513.464	7.48402e-06	2.33758
0.000898082	498.582	7.48402e-06	2.31375
0.00091305	483.986	7.48402e-06	2.29143
0.000928018	469.393	7.48402e-06	2.26032
0.000942986	455.407	7.48402e-06	2.23869
0.000957954	441.195	7.48402e-06	2.21258
0.000972922	427.659	7.48402e-06	2.19579
0.00098789	413.836	7.48402e-06	2.1763
0.00100286	400.093	7.48402e-06	2.15385
0.00101783	386.496	7.48402e-06	2.13221
0.00103279	373.89	7.48402e-06	2.1179
0.00104776	360.965	7.48402e-06	2.09999
0.00106273	348.475	7.48402e-06	2.08465
0.0010777	336.339	7.48402e-06	2.06769
0.00109267	324.272	7.48402e-06	2.05432
0.00110763	312.49	7.48402e-06	2.04174
0.0011226	300.769	7.48402e-06	2.02727
0.00113757	289.536	7.48402e-06	2.01559
0.00115254	278.549	7.48402e-06	2.00409
0.00116751	268.081	7.48402e-06	1.99363
0.00118247	257.761	7.48402e-06	1.98402
0.00119744	247.624	7.48402e-06	1.97361
0.00121241	235.007	7.48402e-06	0.955616
0.00122738	224.941	7.48402e-06	0.930165
0.00124235	215.521	7.48402e-06	0.909732
0.00125731	206.193	7.48402e-06	0.890733
0.00127228	197.157	7.48402e-06	0.872361
0.00128725	188.34	7.48402e-06	0.852892
0.00130222	179.943	7.48402e-06	0.837458
0.00131719	171.685	7.48402e-06	0.815477
0.00133215	163.795	7.48402e-06	0.793792
0.00134712	155.754	7.48402e-06	0.738139
0.00136209	148.48	7.48402e-06	0.72429
0.00137706	141.445	7.48402e-06	0.711037
0.00139203	134.517	7.48402e-06	0.694305
0.001407	127.648	7.48402e-06	0.672815
0.00142196	121.071	7.48402e-06	0.657444
0.00143693	114.785	7.48402e-06	0.643107
0.0014519	108.869	7.48402e-06	0.630913
0.00146687	103.089	7.48402e-06	0.604536
0.00148184	97.7611	7.48402e-06	0.593367
0.0014968	92.4463	7.48402e-06	0.579101
0.00151177	87.4235	7.48402e-06	0.563041
0.00152674	82.6217	7.48402e-06	0.551378
0.00154171	78.0944	7.48402e-06	0.540173
0.00155668	73.5373	7.48402e-06	0.527611
0.00157164	69.3656	7.48402e-06	0.519284
0.00158661	64.9707	7.48402e-06	0.403216
0.00160158	61.0738	7.48402e-06	0.389771
0.00161655	57.6082	7.48402e-06	0.38121
0.00163152	54.2727	7.48402e-06	0.373861
0.00164648	50.8263	7.48402e-06	0.361198
0.00166145	47.5205	7.48402e-06	0.347442
0.00167642	44.3928	7.48402e-06	0.333491
0.00169139	41.4829	7.48402e-06	0.325005
0.00170636	38.9745	7.48402e-06	0.319382
0.00172132	36.4566	7.48402e-06	0.312977
0.00173629	33.9659	7.48402e-06	0.300573
0.00175126	31.7132	7.48402e-06	0.29383
0.00176623	29.692	7.48402e-06	0.288665
0.0017812	27.6691	7.48402e-06	0.28238
0.00179616	25.6583	7.48402e-06	0.266219
0.00181113	23.813	7.48402e-06	0.256933
0.0018261	22.0976	7.48402e-06	0.251586
0.00184107	20.4709	7.48402e-06	0.244571
0.00185604	19.0184	7.48402e-06	0.23695
0.001871	17.698	7.48402e-06	0.232996
0.00188597	16.4136	7.48402e-06	0.229234
0.00190094	15.1129	7.48402e-06	0.224231
0.00191591	13.9706	7.48402e-06	0.219288
0.00193088	12.9064	7.48402e-06	0.21599
0.00194584	11.7085	7.48402e-06	0.155763
0.00196081	10.7343	7.48402e-06	0.14914
0.00197578	9.88281	7.48402e-06	0.144991
0.00199075	9.06769	7.48402e-06	0.140537
0.00200572	8.31669	7.48402e-06	0.136848
0.00202068	7.69418	7.48402e-06	0.134689
0.00203565	6.97169	7.48402e-06	0.123865
0.00205062	6.39427	7.48402e-06	0.120152
0.00206559	5.76758	7.48402e-06	0.104834
0.00208056	5.2161	7.48402e-06	0.10085
0.00209552	4.67635	7.48402e-06	0.0861698
0.00211049	4.26712	7.48402e-06	0.0832799
0.00212546	3.83543	7.48402e-06	0.0768927
0.00214043	3.45478	7.48402e-06	0.0733144
0.0021554	3.09898	7.48402e-06	0.0700084
0.00217036	2.80643	7.48402e-06	0.0663981
0.00218533	2.50851	7.48402e-06	0.0640241
0.0022003	2.2302	7.48402e-06	0.0613355
0.00221527	1.97681	7.48402e-06	0.0574361
0.00223024	1.74889	7.48402e-06	0.0546447
0.00224521	1.56181	7.48402e-06	0.0530065
0.00226017	1.38249	7.48402e-06	0.0506022
0.00227514	1.16665	7.48402e-06	0.0463196
0.00229011	1.04632	7.48402e-06	0.0453652
0.00230508	0.91467	7.48402e-06	0.0434505
0.00232005	0.778559	7.48402e-06	0.0401056
0.00233501	0.669312	7.48402e-06	0.038368
0.00234998	0.558623	7.48402e-06	0.0315188
0.00236495	0.470253	7.48402e-06	0.0298361
0.00237992	0.367614	7.48402e-06	0.0255148
0.00239489	0.298317	7.48402e-06	0.0233755
0.00240985	0.242862	7.48402e-06	0.0217771
0.00242482	0.205906	7.48402e-06	0.0211022
0.00243979	0.16922	7.48402e-06	0.0200871
0.00245476	0.129601	7.48402e-06	0.0191752
0.00246973	0.103056	7.48402e-06	0.0182387
0.00248469	0.076861	7.48402e-06	0.0157924
0.00249966	0.0537959	7.48402e-06	0.0122731
0.00251463	0.0393555	7.48402e-06	0.0117849
0.0025296	0.0274179	7.48402e-06	0.0105435
0.00254457	0.0121717	7.48402e-06	0.00747407
0.00255953	0.00920775	7.48402e-06	0.0073213
