0	1454.75	7.45693e-06	224.479
1.49139e-05	1343.16	7.45693e-06	23.8639
2.98277e-05	1310.77	7.45693e-06	10.0901
4.47416e-05	1293.34	7.45693e-06	7.26747
5.96555e-05	1280.22	7.45693e-06	6.20871
7.45693e-05	1269.13	7.45693e-06	5.68527
8.94832e-05	1258.41	7.45693e-06	5.32809
0.000104397	1248.43	7.45693e-06	5.08922
0.000119311	1238.29	7.45693e-06	4.89694
0.000134225	1228.7	7.45693e-06	4.75627
0.000149139	1218.89	7.45693e-06	4.62935
0.000164053	1207.82	7.45693e-06	4.46028
0.000178966	1197.64	7.45693e-06	4.36238
0.00019388	1186.87	7.45693e-06	4.26753
0.000208794	1175.43	7.45693e-06	4.17083
0.000223708	1164.58	7.45693e-06	4.0955
0.000238622	1153.3	7.45693e-06	4.01922
0.000253536	1140.96	7.45693e-06	3.93867
0.00026845	1129.2	7.45693e-06	3.87297
0.000283364	1116.98	7.45693e-06	3.80743
0.000298277	1103.24	7.45693e-06	3.66128
0.000313191	1089.8	7.45693e-06	3.58826
0.000328105	1075.68	7.45693e-06	3.51039
0.000343019	1061.89	7.45693e-06	3.44369
0.000357933	1048.28	7.45693e-06	3.38622
0.000372847	1034.45	7.45693e-06	3.32923
0.000387761	1020.16	7.45693e-06	3.27125
0.000402674	1005.28	7.45693e-06	3.21111
0.000417588	990.546	7.45693e-06	3.1563
0.000432502	975.432	7.45693e-06	3.09994
0.000447416	959.753	7.45693e-06	3.03802
0.00046233	944.338	7.45693e-06	2.98527
0.000477244	928.861	7.45693e-06	2.93517
0.000492158	913.197	7.45693e-06	2.88354
0.000507072	896.574	7.45693e-06	2.81695
0.000521985	880.588	7.45693e-06	2.76716
0.000536899	864.163	7.45693e-06	2.71174
0.000551813	847.839	7.45693e-06	2.66259
0.000566727	831.058	7.45693e-06	2.60534
0.000581641	814.517	7.45693e-06	2.55801
0.000596555	797.864	7.45693e-06	2.5089
0.000611469	781.175	7.45693e-06	2.46203
0.000626382	763.968	7.45693e-06	2.41509
0.000641296	746.97	7.45693e-06	2.36852
0.00065621	729.757	7.45693e-06	2.3126
0.000671124	713.405	7.45693e-06	2.27198
0.000686038	696.877	7.45693e-06	2.22822
0.000700952	680.182	7.45693e-06	2.18079
0.000715866	664.136	7.45693e-06	2.14262
0.00073078	647.901	7.45693e-06	2.10446
0.000745693	631.464	7.45693e-06	2.06288
0.000760607	614.968	7.45693e-06	2.02083
0.000775521	598.45	7.45693e-06	1.97189
0.000790435	582.144	7.45693e-06	1.9353
0.000805349	566.204	7.45693e-06	1.89496
0.000820263	550.752	7.45693e-06	1.85996
0.000835177	535.159	7.45693e-06	1.82227
0.000850091	520.14	7.45693e-06	1.79175
0.000865004	504.973	7.45693e-06	1.75786
0.000879918	488.946	7.45693e-06	1.71755
0.000894832	473.901	7.45693e-06	1.67875
0.000909746	458.811	7.45693e-06	1.61817
0.00092466	444.426	7.45693e-06	1.58639
0.000939574	430.383	7.45693e-06	1.55855
0.000954488	416.167	7.45693e-06	1.52738
0.000969401	401.893	7.45693e-06	1.49525
0.000984315	387.904	7.45693e-06	1.45457
0.000999229	373.569	7.45693e-06	1.38663
0.00101414	359.731	7.45693e-06	1.35189
0.00102906	347.267	7.45693e-06	1.32728
0.00104397	334.689	7.45693e-06	1.30076
0.00105888	321.749	7.45693e-06	1.23067
0.0010738	309.986	7.45693e-06	1.20671
0.00108871	298.157	7.45693e-06	1.18412
0.00110363	286.465	7.45693e-06	1.1555
0.00111854	275.063	7.45693e-06	1.12531
0.00113345	264.18	7.45693e-06	1.10133
0.00114837	253.248	7.45693e-06	1.05357
0.00116328	242.916	7.45693e-06	1.03188
0.0011782	232.25	7.45693e-06	0.990817
0.00119311	222.531	7.45693e-06	0.967229
0.00120802	213.043	7.45693e-06	0.946598
0.00122294	203.666	7.45693e-06	0.923842
0.00123785	194.894	7.45693e-06	0.906338
0.00125276	185.878	7.45693e-06	0.879695
0.00126768	177.33	7.45693e-06	0.860928
0.00128259	168.928	7.45693e-06	0.835525
0.00129751	160.871	7.45693e-06	0.816567
0.00131242	153.408	7.45693e-06	0.80105
0.00132733	145.985	7.45693e-06	0.781715
0.00134225	138.747	7.45693e-06	0.76036
0.00135716	131.634	7.45693e-06	0.73694
0.00137208	124.95	7.45693e-06	0.714952
0.00138699	118.749	7.45693e-06	0.701905
0.0014019	112.496	7.45693e-06	0.683865
0.00141682	106.842	7.45693e-06	0.672904
0.00143173	101.538	7.45693e-06	0.663109
0.00144665	96.2392	7.45693e-06	0.652287
0.00146156	91.2232	7.45693e-06	0.634723
0.00147647	85.9885	7.45693e-06	0.606567
0.00149139	81.2107	7.45693e-06	0.591796
0.0015063	76.6562	7.45693e-06	0.576242
0.00152121	72.3154	7.45693e-06	0.563605
0.00153613	67.9787	7.45693e-06	0.544048
0.00155104	64.138	7.45693e-06	0.536212
0.00156596	60.2826	7.45693e-06	0.522818
0.00158087	56.8985	7.45693e-06	0.515717
0.00159578	53.545	7.45693e-06	0.505288
0.0016107	50.3695	7.45693e-06	0.495651
0.00162561	47.2002	7.45693e-06	0.487875
0.00164053	44.1458	7.45693e-06	0.479311
0.00165544	40.9106	7.45693e-06	0.362407
0.00167035	38.334	7.45693e-06	0.355315
0.00168527	35.9198	7.45693e-06	0.346369
0.00170018	33.4782	7.45693e-06	0.33408
0.00171509	31.2066	7.45693e-06	0.326607
0.00173001	29.0253	7.45693e-06	0.317806
0.00174492	26.9834	7.45693e-06	0.309622
0.00175984	25.2441	7.45693e-06	0.304389
0.00177475	23.5312	7.45693e-06	0.29275
0.00178966	21.7991	7.45693e-06	0.282306
0.00180458	20.247	7.45693e-06	0.271978
0.00181949	18.8314	7.45693e-06	0.267645
0.00183441	17.3575	7.45693e-06	0.259633
0.00184932	16.082	7.45693e-06	0.24855
0.00186423	14.841	7.45693e-06	0.242441
0.00187915	13.6204	7.45693e-06	0.232633
0.00189406	12.5996	7.45693e-06	0.228931
0.00190898	11.4625	7.45693e-06	0.174351
0.00192389	10.5719	7.45693e-06	0.169337
0.0019388	9.60777	7.45693e-06	0.157045
0.00195372	8.78834	7.45693e-06	0.143182
0.00196863	8.0416	7.45693e-06	0.137779
0.00198354	7.28895	7.45693e-06	0.127159
0.00199846	6.65833	7.45693e-06	0.120111
0.00201337	6.06953	7.45693e-06	0.112242
0.00202829	5.46216	7.45693e-06	0.103834
0.0020432	4.98028	7.45693e-06	0.100789
0.00205811	4.52548	7.45693e-06	0.0965595
0.00207303	4.09452	7.45693e-06	0.0930887
0.00208794	3.68622	7.45693e-06	0.0891454
0.00210286	3.36107	7.45693e-06	0.0859009
0.00211777	3.07211	7.45693e-06	0.0836125
0.00213268	2.786	7.45693e-06	0.0810984
0.0021476	2.41706	7.45693e-06	0.070299
0.00216251	2.12728	7.45693e-06	0.0656914
0.00217742	1.91696	7.45693e-06	0.0622682
0.00219234	1.70843	7.45693e-06	0.0601025
0.00220725	1.52948	7.45693e-06	0.057892
0.00222217	1.34659	7.45693e-06	0.0553737
0.00223708	1.14155	7.45693e-06	0.0455439
0.00225199	0.993275	7.45693e-06	0.042152
0.00226691	0.864526	7.45693e-06	0.0397211
0.00228182	0.740631	7.45693e-06	0.0366835
0.00229674	0.636202	7.45693e-06	0.0347685
0.00231165	0.555315	7.45693e-06	0.0331206
0.00232656	0.469861	7.45693e-06	0.0312013
0.00234148	0.394593	7.45693e-06	0.0285515
0.00235639	0.313666	7.45693e-06	0.025413
0.00237131	0.26026	7.45693e-06	0.0240093
0.00238622	0.219601	7.45693e-06	0.021756
0.00240113	0.155643	7.45693e-06	0.0174546
0.00241605	0.128864	7.45693e-06	0.0165021
0.00243096	0.105072	7.45693e-06	0.0154079
0.00244587	0.0613976	7.45693e-06	0.00998848
0.00246079	0.0442487	7.45693e-06	0.00839293
0.0024757	0.0272561	7.45693e-06	0.00694017
0.00249062	0.0201942	7.45693e-06	0.00606909
0.00250553	0.0162522	7.45693e-06	0.0056019
0.00252044	0.00554565	7.45693e-06	0.00410203
0.00253536	0.00554565	7.45693e-06	0.00410203
0.00255027	0.00112325	7.45693e-06	0.000819054
0.00256519	0.000703011	7.45693e-06	0.000703023
