0	2717.76	5.92316e-06	970.593
1.18463e-05	2234.8	5.92316e-06	94.6
2.36926e-05	2103.86	5.92316e-06	36.2507
3.55389e-05	2033.19	5.92316e-06	22.6483
4.73852e-05	1979.6	5.92316e-06	16.6423
5.92316e-05	1938.39	5.92316e-06	13.8673
7.10779e-05	1901.96	5.92316e-06	12.1567
8.29242e-05	1868.19	5.92316e-06	10.9586
9.47705e-05	1838.84	5.92316e-06	10.2187
0.000106617	1807.66	5.92316e-06	9.37418
0.000118463	1779.43	5.92316e-06	8.86918
0.000130309	1750.39	5.92316e-06	8.38816
0.000142156	1723.07	5.92316e-06	8.02545
0.000154002	1695.06	5.92316e-06	7.6824
0.000165848	1667.59	5.92316e-06	7.38968
0.000177695	1639.77	5.92316e-06	7.11419
0.000189541	1611.59	5.92316e-06	6.85149
0.000201387	1583.61	5.92316e-06	6.61361
0.000213234	1555	5.92316e-06	6.37691
0.00022508	1527.51	5.92316e-06	6.18698
0.000236926	1498.9	5.92316e-06	5.99048
0.000248773	1470.16	5.92316e-06	5.80534
0.000260619	1440.76	5.92316e-06	5.62314
0.000272465	1412.57	5.92316e-06	5.46182
0.000284311	1383.95	5.92316e-06	5.30474
0.000296158	1355.32	5.92316e-06	5.15286
0.000308004	1327.46	5.92316e-06	5.01997
0.00031985	1298.73	5.92316e-06	4.88078
0.000331697	1269.37	5.92316e-06	4.73485
0.000343543	1240.89	5.92316e-06	4.60604
0.000355389	1212.21	5.92316e-06	4.48431
0.000367236	1183.82	5.92316e-06	4.35866
0.000379082	1155.3	5.92316e-06	4.23531
0.000390928	1126.54	5.92316e-06	4.11599
0.000402775	1097.81	5.92316e-06	3.98798
0.000414621	1070.66	5.92316e-06	3.89286
0.000426467	1043.05	5.92316e-06	3.79666
0.000438314	1016.24	5.92316e-06	3.70482
0.00045016	989.747	5.92316e-06	3.61626
0.000462006	962.9	5.92316e-06	3.52964
0.000473852	936.28	5.92316e-06	3.43936
0.000485699	910.294	5.92316e-06	3.35898
0.000497545	884.93	5.92316e-06	3.28584
0.000509391	858.387	5.92316e-06	3.19052
0.000521238	832.163	5.92316e-06	3.10492
0.000533084	806.533	5.92316e-06	3.02779
0.00054493	783.013	5.92316e-06	2.96824
0.000556777	758.763	5.92316e-06	2.89899
0.000568623	734.123	5.92316e-06	2.8138
0.000580469	710.695	5.92316e-06	2.75005
0.000592316	688.223	5.92316e-06	2.69349
0.000604162	665.675	5.92316e-06	2.63767
0.000616008	643.509	5.92316e-06	2.58022
0.000627855	620.852	5.92316e-06	2.50029
0.000639701	599.108	5.92316e-06	2.43472
0.000651547	577.93	5.92316e-06	2.36189
0.000663393	557.062	5.92316e-06	2.30706
0.00067524	537.236	5.92316e-06	2.26122
0.000687086	518.069	5.92316e-06	2.21854
0.000698932	498.516	5.92316e-06	2.16528
0.000710779	479.088	5.92316e-06	2.04868
0.000722625	461.552	5.92316e-06	2.01007
0.000734471	443.135	5.92316e-06	1.9526
0.000746318	425.558	5.92316e-06	1.89422
0.000758164	408.741	5.92316e-06	1.85499
0.00077001	392.064	5.92316e-06	1.80878
0.000781857	376.773	5.92316e-06	1.77614
0.000793703	362.285	5.92316e-06	1.74952
0.000805549	347.674	5.92316e-06	1.71573
0.000817396	333.502	5.92316e-06	1.68468
0.000829242	319.803	5.92316e-06	1.63178
0.000841088	305.96	5.92316e-06	1.59062
0.000852934	292.78	5.92316e-06	1.5629
0.000864781	280.212	5.92316e-06	1.53746
0.000876627	267.807	5.92316e-06	1.47107
0.000888473	255.282	5.92316e-06	1.43238
0.00090032	243.945	5.92316e-06	1.40574
0.000912166	232.365	5.92316e-06	1.27258
0.000924012	220.907	5.92316e-06	1.23566
0.000935859	210.831	5.92316e-06	1.21082
0.000947705	200.968	5.92316e-06	1.18593
0.000959551	191.223	5.92316e-06	1.15806
0.000971398	181.962	5.92316e-06	1.13834
0.000983244	173.163	5.92316e-06	1.11554
0.00099509	164.718	5.92316e-06	1.09849
0.00100694	155.84	5.92316e-06	1.05227
0.00101878	147.733	5.92316e-06	1.03131
0.00103063	140.306	5.92316e-06	1.01556
0.00104248	132.287	5.92316e-06	0.948227
0.00105432	124.944	5.92316e-06	0.903026
0.00106617	117.755	5.92316e-06	0.783385
0.00107801	111.848	5.92316e-06	0.770648
0.00108986	106.076	5.92316e-06	0.756557
0.00110171	100.346	5.92316e-06	0.72372
0.00111355	95.0993	5.92316e-06	0.711992
0.0011254	89.3064	5.92316e-06	0.683216
0.00113725	83.9867	5.92316e-06	0.616283
0.00114909	79.4653	5.92316e-06	0.599608
0.00116094	74.9661	5.92316e-06	0.585501
0.00117278	70.6198	5.92316e-06	0.570474
0.00118463	66.478	5.92316e-06	0.55632
0.00119648	62.3566	5.92316e-06	0.526995
0.00120832	58.3548	5.92316e-06	0.507961
0.00122017	54.7437	5.92316e-06	0.491789
0.00123202	51.1857	5.92316e-06	0.471594
0.00124386	48.068	5.92316e-06	0.459282
0.00125571	45.0836	5.92316e-06	0.442954
0.00126756	42.2311	5.92316e-06	0.432163
0.0012794	39.3746	5.92316e-06	0.412833
0.00129125	36.6525	5.92316e-06	0.390539
0.00130309	34.0802	5.92316e-06	0.378273
0.00131494	31.817	5.92316e-06	0.368844
0.00132679	29.5721	5.92316e-06	0.349721
0.00133863	27.4584	5.92316e-06	0.338505
0.00135048	25.6091	5.92316e-06	0.329933
0.00136233	23.7202	5.92316e-06	0.318826
0.00137417	22.0451	5.92316e-06	0.305862
0.00138602	20.3459	5.92316e-06	0.293585
0.00139786	18.8768	5.92316e-06	0.285699
0.00140971	17.4636	5.92316e-06	0.276552
0.00142156	16.0803	5.92316e-06	0.267123
0.0014334	14.9417	5.92316e-06	0.260401
0.00144525	13.7443	5.92316e-06	0.251973
0.0014571	12.6334	5.92316e-06	0.244484
0.00146894	11.5826	5.92316e-06	0.237005
0.00148079	10.588	5.92316e-06	0.230789
0.00149264	9.6372	5.92316e-06	0.223986
0.00150448	8.87276	5.92316e-06	0.219313
0.00151633	8.14756	5.92316e-06	0.214356
0.00152817	7.5394	5.92316e-06	0.208993
0.00154002	6.88048	5.92316e-06	0.203283
0.00155187	6.28716	5.92316e-06	0.196421
0.00156371	5.77646	5.92316e-06	0.192995
0.00157556	5.26172	5.92316e-06	0.182264
0.00158741	4.78056	5.92316e-06	0.176636
0.00159925	4.16441	5.92316e-06	0.143935
0.0016111	3.78634	5.92316e-06	0.139111
0.00162294	3.47657	5.92316e-06	0.137243
0.00163479	3.14582	5.92316e-06	0.132886
0.00164664	2.81311	5.92316e-06	0.128672
0.00165848	2.43513	5.92316e-06	0.115631
0.00167033	2.17087	5.92316e-06	0.110592
0.00168218	1.90475	5.92316e-06	0.106037
0.00169402	1.61296	5.92316e-06	0.0617122
0.00170587	1.43809	5.92316e-06	0.0572964
0.00171772	1.27827	5.92316e-06	0.0539267
0.00172956	1.13888	5.92316e-06	0.0505557
0.00174141	1.00723	5.92316e-06	0.0437454
0.00175325	0.911461	5.92316e-06	0.0418583
0.0017651	0.801846	5.92316e-06	0.0379518
0.00177695	0.709006	5.92316e-06	0.0345745
0.00178879	0.60447	5.92316e-06	0.026982
0.00180064	0.534992	5.92316e-06	0.0254755
0.00181249	0.458744	5.92316e-06	0.0225223
0.00182433	0.392533	5.92316e-06	0.0194357
0.00183618	0.320394	5.92316e-06	0.0162829
0.00184802	0.279146	5.92316e-06	0.0150065
0.00185987	0.243736	5.92316e-06	0.0140115
0.00187172	0.21581	5.92316e-06	0.0129376
0.00188356	0.191085	5.92316e-06	0.012125
0.00189541	0.168748	5.92316e-06	0.0113373
0.00190726	0.145136	5.92316e-06	0.010614
0.0019191	0.121972	5.92316e-06	0.00882547
0.00193095	0.103782	5.92316e-06	0.00799747
0.0019428	0.0902363	5.92316e-06	0.00749054
0.00195464	0.0764563	5.92316e-06	0.00643361
0.00196649	0.0636523	5.92316e-06	0.00572267
0.00197833	0.0552305	5.92316e-06	0.00527532
0.00199018	0.0471979	5.92316e-06	0.00489387
0.00200203	0.0421332	5.92316e-06	0.00464786
0.00201387	0.0348117	5.92316e-06	0.00417628
0.00202572	0.0326641	5.92316e-06	0.00403322
0.00203757	0.0258511	5.92316e-06	0.00355166
0.00204941	0.0221432	5.92316e-06	0.00331316
0.00206126	0.0208585	5.92316e-06	0.00323963
0.0020731	0.0166736	5.92316e-06	0.00275273
0.00208495	0.0136964	5.92316e-06	0.00249644
0.0020968	0.0132413	5.92316e-06	0.0024756
0.00210864	0.0126753	5.92316e-06	0.00244249
0.00212049	0.00785383	5.92316e-06	0.00178496
0.00213234	0.00529482	5.92316e-06	0.0014263
0.00214418	0.00403273	5.92316e-06	0.00120092
0.00215603	0.00337833	5.92316e-06	0.00109869
0.00216788	0.00270657	5.92316e-06	0.000985351
0.00217972	0.00188664	5.92316e-06	0.000856561
0.00219157	0.000734553	5.92316e-06	0.000531515
0.00220341	0.000734553	5.92316e-06	0.000531515
0.00221526	0.000447013	5.92316e-06	0.00044702
