6.5476e-06	170.907	6.5476e-06	3.36419
1.96428e-05	134.318	6.5476e-06	3.25719
3.2738e-05	128.362	6.5476e-06	2.97128
4.58332e-05	133.577	6.5476e-06	3.10604
5.89284e-05	135.225	6.5476e-06	2.97436
7.20236e-05	155.874	6.5476e-06	4.73173
8.51188e-05	177.897	6.5476e-06	10.5362
9.82141e-05	174.097	6.5476e-06	3.69862
0.000111309	203.8	6.5476e-06	5.29426
0.000124404	213.434	6.5476e-06	4.38606
0.0001375	225.27	6.5476e-06	4.59601
0.000150595	258.137	6.5476e-06	5.38241
0.00016369	285.34	6.5476e-06	7.52373
0.000176785	309.565	6.5476e-06	6.51727
0.000189881	322.472	6.5476e-06	5.67199
0.000202976	359.435	6.5476e-06	6.56958
0.000216071	361.897	6.5476e-06	5.87442
0.000229166	410.146	6.5476e-06	6.83695
0.000242261	433.207	6.5476e-06	6.89977
0.000255357	465.192	6.5476e-06	7.94936
0.000268452	510.8	6.5476e-06	12.428
0.000281547	516.636	6.5476e-06	8.17801
0.000294642	556.748	6.5476e-06	15.3519
0.000307737	589.249	6.5476e-06	11.0791
0.000320833	615.201	6.5476e-06	10.4062
0.000333928	619.293	6.5476e-06	9.43852
0.000347023	682.171	6.5476e-06	19.5752
0.000360118	691.615	6.5476e-06	10.6306
0.000373213	720.862	6.5476e-06	10.5664
0.000386309	739.581	6.5476e-06	11.4157
0.000399404	730.511	6.5476e-06	9.82891
0.000412499	763.662	6.5476e-06	13.19
0.000425594	816.572	6.5476e-06	11.8896
0.000438689	849.778	6.5476e-06	13.8716
0.000451785	846.852	6.5476e-06	12.1195
0.00046488	846.674	6.5476e-06	10.8227
0.000477975	889.416	6.5476e-06	12.9842
0.00049107	863.644	6.5476e-06	11.7053
0.000504165	911.114	6.5476e-06	12.4096
0.000517261	916.263	6.5476e-06	15.3802
0.000530356	1017.69	6.5476e-06	55.8734
0.000543451	1002.17	6.5476e-06	19.0453
0.000556546	962.017	6.5476e-06	14.503
0.000569642	987.679	6.5476e-06	15.264
0.000582737	1035.6	6.5476e-06	22.5031
0.000595832	964.73	6.5476e-06	12.8563
0.000608927	985.666	6.5476e-06	14.8361
0.000622022	1059.04	6.5476e-06	19.4955
0.000635118	1002.01	6.5476e-06	13.5583
0.000648213	1008.98	6.5476e-06	14.9217
0.000661308	1075.96	6.5476e-06	31.7751
0.000674403	1854.22	6.5476e-06	578.985
0.000687498	971.441	6.5476e-06	14.9856
0.000700594	995.602	6.5476e-06	13.7153
0.000713689	1052.54	6.5476e-06	22.7697
0.000726784	1022.41	6.5476e-06	18.7064
0.000739879	1016.48	6.5476e-06	15.7191
0.000752974	1098.63	6.5476e-06	71.077
0.00076607	1020.68	6.5476e-06	16.8614
0.000779165	957.886	6.5476e-06	14.154
0.00079226	985.856	6.5476e-06	16.9973
0.000805355	976.907	6.5476e-06	16.9252
0.00081845	967.781	6.5476e-06	15.0073
0.000831546	962.081	6.5476e-06	17.7999
0.000844641	1002.84	6.5476e-06	44.0462
0.000857736	954.531	6.5476e-06	27.3781
0.000870831	933.369	6.5476e-06	20.1602
0.000883927	937.936	6.5476e-06	25.4523
0.000897022	921.469	6.5476e-06	50.527
0.000910117	882.12	6.5476e-06	15.4972
0.000923212	866.022	6.5476e-06	16.4669
0.000936307	831.567	6.5476e-06	14.0073
0.000949403	841.626	6.5476e-06	26.8137
0.000962498	789.694	6.5476e-06	13.628
0.000975593	804.439	6.5476e-06	18.0518
0.000988688	802.273	6.5476e-06	21.7293
0.00100178	747.15	6.5476e-06	12.9873
0.00101488	757.138	6.5476e-06	18.7759
0.00102797	796.213	6.5476e-06	18.4792
0.00104107	704.885	6.5476e-06	13.0304
0.00105416	699.989	6.5476e-06	15.684
0.00106726	754.656	6.5476e-06	39.8004
0.00108035	657.614	6.5476e-06	12.9248
0.00109345	669.519	6.5476e-06	17.1162
0.00110655	628.983	6.5476e-06	23.2464
0.00111964	617.833	6.5476e-06	21.3507
0.00113274	574.944	6.5476e-06	12.4065
0.00114583	612.428	6.5476e-06	22.7563
0.00115893	553.429	6.5476e-06	12.7698
0.00117202	544.005	6.5476e-06	14.1837
0.00118512	507.003	6.5476e-06	11.7883
0.00119821	511.39	6.5476e-06	15.6434
0.00121131	480.726	6.5476e-06	11.7606
0.0012244	468.974	6.5476e-06	13.6299
0.0012375	426.987	6.5476e-06	10.8014
0.00125059	460.937	6.5476e-06	16.8137
0.00126369	425.723	6.5476e-06	14.0029
0.00127678	409.5	6.5476e-06	11.7259
0.00128988	397.223	6.5476e-06	12.3909
0.00130297	379.632	6.5476e-06	10.5272
0.00131607	342.335	6.5476e-06	12.0469
0.00132916	363.546	6.5476e-06	10.956
0.00134226	331.275	6.5476e-06	13.7532
0.00135535	326.486	6.5476e-06	12.7656
0.00136845	352.302	6.5476e-06	18.7134
0.00138154	302.473	6.5476e-06	14.3001
0.00139464	305.717	6.5476e-06	10.818
0.00140773	273.338	6.5476e-06	15.778
0.00142083	260.686	6.5476e-06	8.66377
0.00143393	247.294	6.5476e-06	8.96435
0.00144702	246.682	6.5476e-06	14.8884
0.00146012	254.324	6.5476e-06	22.7336
0.00147321	210.042	6.5476e-06	9.93881
0.00148631	230.468	6.5476e-06	11.6074
0.0014994	196.421	6.5476e-06	8.07221
0.0015125	188.382	6.5476e-06	9.06431
0.00152559	194.504	6.5476e-06	9.05242
0.00153869	179.894	6.5476e-06	8.52819
0.00155178	166.992	6.5476e-06	8.15835
0.00156488	161.874	6.5476e-06	9.10977
0.00157797	143.671	6.5476e-06	7.06695
0.00159107	121.028	6.5476e-06	5.00924
0.00160416	140.328	6.5476e-06	10.8983
0.00161726	135.361	6.5476e-06	8.94398
0.00163035	121.492	6.5476e-06	9.47088
0.00164345	113.37	6.5476e-06	6.63883
0.00165654	102.952	6.5476e-06	6.34972
0.00166964	83.9567	6.5476e-06	4.7537
0.00168273	85.2234	6.5476e-06	5.51202
0.00169583	83.1968	6.5476e-06	6.38186
0.00170892	71.848	6.5476e-06	4.23397
0.00172202	78.4023	6.5476e-06	5.84505
0.00173512	67.7689	6.5476e-06	5.09682
0.00174821	60.012	6.5476e-06	3.99805
0.00176131	76.6909	6.5476e-06	8.70802
0.0017744	48.3145	6.5476e-06	3.75624
0.0017875	59.4892	6.5476e-06	5.27243
0.00180059	55.2371	6.5476e-06	6.19216
0.00181369	43.9235	6.5476e-06	3.88632
0.00182678	39.2488	6.5476e-06	3.6525
0.00183988	39.1814	6.5476e-06	4.20249
0.00185297	35.6189	6.5476e-06	3.25432
0.00186607	32.3938	6.5476e-06	3.19755
0.00187916	30.8996	6.5476e-06	3.50087
0.00189226	26.8198	6.5476e-06	2.8922
0.00190535	18.4076	6.5476e-06	1.90478
0.00191845	19.3509	6.5476e-06	2.28253
0.00193154	22.9897	6.5476e-06	3.01294
0.00194464	41.1497	6.5476e-06	12.8807
0.00195773	12.7421	6.5476e-06	1.70342
0.00197083	26.4524	6.5476e-06	7.94538
0.00198392	11.7654	6.5476e-06	1.58913
0.00199702	13.4331	6.5476e-06	2.33154
0.00201011	12.6054	6.5476e-06	2.31531
0.00202321	10.5254	6.5476e-06	2.85622
0.0020363	8.83628	6.5476e-06	1.86687
0.0020494	8.82951	6.5476e-06	1.52305
0.0020625	10.9459	6.5476e-06	2.41851
0.00207559	6.424	6.5476e-06	1.50561
0.00208869	5.79967	6.5476e-06	1.327
0.00210178	5.00264	6.5476e-06	1.67293
0.00211488	3.37775	6.5476e-06	0.691435
0.00212797	3.90614	6.5476e-06	0.859844
0.00214107	2.42639	6.5476e-06	0.68187
0.00215416	2.85833	6.5476e-06	0.645771
0.00216726	2.37653	6.5476e-06	0.619529
0.00218035	1.68888	6.5476e-06	0.521064
0.00219345	1.40708	6.5476e-06	0.43129
0.00220654	0.879146	6.5476e-06	0.330199
0.00221964	1.03451	6.5476e-06	0.312587
0.00223273	0.747433	6.5476e-06	0.311154
0.00224583	0.497773	6.5476e-06	0.224301
0.00225892	0.44491	6.5476e-06	0.18827
0.00227202	0.449939	6.5476e-06	0.240884
0.00228511	0.214015	6.5476e-06	0.151922
0.00229821	0.445223	6.5476e-06	0.222118
0.0023113	0.444231	6.5476e-06	0.211761
0.0023244	0.0620955	6.5476e-06	0.0620955
0.00233749	0.101682	6.5476e-06	0.101682
0.00235059	0	6.5476e-06	0
0.00236368	0	6.5476e-06	0
0.00237678	0.0591012	6.5476e-06	0.0591012
0.00238988	0	6.5476e-06	0
0.00240297	0	6.5476e-06	0
0.00241607	0	6.5476e-06	0
0.00242916	0.0434016	6.5476e-06	0.0434016
