6.04638e-06	231.384	6.04638e-06	4.08948
1.81391e-05	177.687	6.04638e-06	3.61506
3.02319e-05	173.727	6.04638e-06	3.72487
4.23246e-05	176.851	6.04638e-06	3.83355
5.44174e-05	185.068	6.04638e-06	5.44537
6.65102e-05	184.831	6.04638e-06	3.97945
7.86029e-05	194.854	6.04638e-06	4.00897
9.06957e-05	218.921	6.04638e-06	4.66564
0.000102788	231.783	6.04638e-06	4.58934
0.000114881	250.63	6.04638e-06	4.87986
0.000126974	278.898	6.04638e-06	5.2846
0.000139067	305.254	6.04638e-06	6.23406
0.000151159	328.49	6.04638e-06	5.97365
0.000163252	353.758	6.04638e-06	6.89485
0.000175345	396.844	6.04638e-06	7.20423
0.000187438	407.545	6.04638e-06	7.0156
0.00019953	434.748	6.04638e-06	7.49322
0.000211623	484.384	6.04638e-06	7.72175
0.000223716	506.249	6.04638e-06	10.3926
0.000235809	557.681	6.04638e-06	9.96782
0.000247901	571.036	6.04638e-06	9.96132
0.000259994	614.352	6.04638e-06	9.85946
0.000272087	651.709	6.04638e-06	14.2074
0.00028418	646.172	6.04638e-06	9.46429
0.000296273	689.066	6.04638e-06	9.95816
0.000308365	726.836	6.04638e-06	12.2604
0.000320458	794.639	6.04638e-06	24.6544
0.000332551	825.734	6.04638e-06	20.8318
0.000344644	789.402	6.04638e-06	10.6186
0.000356736	839.37	6.04638e-06	13.5432
0.000368829	874.279	6.04638e-06	18.036
0.000380922	879.278	6.04638e-06	16.5707
0.000393015	916.568	6.04638e-06	15.411
0.000405107	929.975	6.04638e-06	12.9327
0.0004172	950.061	6.04638e-06	14.1942
0.000429293	1012.09	6.04638e-06	17.14
0.000441386	969.797	6.04638e-06	13.725
0.000453478	1026.9	6.04638e-06	19.2053
0.000465571	1042.74	6.04638e-06	18.5924
0.000477664	1062.28	6.04638e-06	44.5297
0.000489757	1058.48	6.04638e-06	15.4089
0.000501849	1035.84	6.04638e-06	13.37
0.000513942	1078.64	6.04638e-06	15.7756
0.000526035	1108.48	6.04638e-06	18.9749
0.000538128	1116.58	6.04638e-06	20.9886
0.00055022	1091.21	6.04638e-06	17.259
0.000562313	1136.44	6.04638e-06	18.3986
0.000574406	1092.74	6.04638e-06	15.4718
0.000586499	1121.15	6.04638e-06	19.6484
0.000598591	1161.78	6.04638e-06	23.8078
0.000610684	1090.94	6.04638e-06	17.668
0.000622777	1147.88	6.04638e-06	18.7621
0.00063487	1145.2	6.04638e-06	19.9958
0.000646962	1108.55	6.04638e-06	18.2142
0.000659055	1094.59	6.04638e-06	16.5309
0.000671148	1113.8	6.04638e-06	20.319
0.000683241	1080.17	6.04638e-06	15.0073
0.000695333	1125.33	6.04638e-06	23.8916
0.000707426	1079.95	6.04638e-06	17.2291
0.000719519	1069.71	6.04638e-06	18.3451
0.000731612	1068.63	6.04638e-06	19.6835
0.000743704	1074.33	6.04638e-06	18.5742
0.000755797	1030.03	6.04638e-06	15.6836
0.00076789	1035.02	6.04638e-06	17.0248
0.000779983	977.547	6.04638e-06	15.7368
0.000792075	1004.37	6.04638e-06	18.2258
0.000804168	981.833	6.04638e-06	18.8311
0.000816261	1013.01	6.04638e-06	25.2127
0.000828354	942.529	6.04638e-06	17.0728
0.000840446	943.541	6.04638e-06	19.6548
0.000852539	948.908	6.04638e-06	17.6535
0.000864632	926.511	6.04638e-06	17.5124
0.000876725	868.367	6.04638e-06	15.6378
0.000888818	923.772	6.04638e-06	24.4608
0.00090091	868.343	6.04638e-06	17.0994
0.000913003	843.158	6.04638e-06	16.2576
0.000925096	818.198	6.04638e-06	17.6594
0.000937189	807.41	6.04638e-06	15.7082
0.000949281	818.074	6.04638e-06	18.5049
0.000961374	774.564	6.04638e-06	14.917
0.000973467	769.855	6.04638e-06	21.1659
0.00098556	751.581	6.04638e-06	19.0882
0.000997652	709.905	6.04638e-06	13.3551
0.00100975	708.489	6.04638e-06	18.2109
0.00102184	776.223	6.04638e-06	71.4848
0.00103393	684.667	6.04638e-06	18.0501
0.00104602	670.388	6.04638e-06	17.0704
0.00105812	609.887	6.04638e-06	13.4864
0.00107021	644.365	6.04638e-06	20.4097
0.0010823	583.714	6.04638e-06	13.7865
0.00109439	544.349	6.04638e-06	13.0311
0.00110649	515.648	6.04638e-06	11.4461
0.00111858	558.654	6.04638e-06	18.5747
0.00113067	522.56	6.04638e-06	12.6403
0.00114277	462.134	6.04638e-06	12.1443
0.00115486	485.622	6.04638e-06	14.5093
0.00116695	468.964	6.04638e-06	15.0842
0.00117904	437.123	6.04638e-06	14.6667
0.00119114	420.805	6.04638e-06	12.623
0.00120323	393.267	6.04638e-06	12.1286
0.00121532	383.73	6.04638e-06	11.5736
0.00122741	359.987	6.04638e-06	10.0606
0.00123951	379.108	6.04638e-06	14.1876
0.0012516	330.797	6.04638e-06	10.1943
0.00126369	365.678	6.04638e-06	17.3677
0.00127579	317.742	6.04638e-06	12.0444
0.00128788	282.105	6.04638e-06	8.55377
0.00129997	262.345	6.04638e-06	8.63122
0.00131206	279.639	6.04638e-06	12.3703
0.00132416	249.084	6.04638e-06	8.91288
0.00133625	270.106	6.04638e-06	16.6575
0.00134834	244.568	6.04638e-06	10.3522
0.00136043	231.858	6.04638e-06	11.5842
0.00137253	217.145	6.04638e-06	10.3678
0.00138462	203.636	6.04638e-06	8.81985
0.00139671	198.256	6.04638e-06	8.86872
0.00140881	183.048	6.04638e-06	9.2517
0.0014209	182.236	6.04638e-06	9.45119
0.00143299	161.743	6.04638e-06	6.73542
0.00144508	163.247	6.04638e-06	10.7536
0.00145718	131.942	6.04638e-06	6.12664
0.00146927	144.763	6.04638e-06	8.5349
0.00148136	133.395	6.04638e-06	8.64447
0.00149346	122.824	6.04638e-06	6.46218
0.00150555	125.688	6.04638e-06	10.4874
0.00151764	116.667	6.04638e-06	9.23591
0.00152973	99.9411	6.04638e-06	5.47155
0.00154183	94.0467	6.04638e-06	6.11959
0.00155392	83.0979	6.04638e-06	5.41088
0.00156601	70.7708	6.04638e-06	4.76781
0.0015781	82.8164	6.04638e-06	5.80915
0.0015902	75.5337	6.04638e-06	8.01265
0.00160229	68.8385	6.04638e-06	4.54964
0.00161438	65.0707	6.04638e-06	5.62406
0.00162648	52.1411	6.04638e-06	3.49961
0.00163857	44.069	6.04638e-06	3.17
0.00165066	56.4527	6.04638e-06	5.36867
0.00166275	51.6882	6.04638e-06	4.11617
0.00167485	39.6979	6.04638e-06	3.32409
0.00168694	44.6573	6.04638e-06	4.80083
0.00169903	37.9651	6.04638e-06	3.48116
0.00171112	32.3795	6.04638e-06	3.18066
0.00172322	26.5322	6.04638e-06	2.86715
0.00173531	35.212	6.04638e-06	5.01498
0.0017474	34.5119	6.04638e-06	5.56548
0.0017595	22.7865	6.04638e-06	2.34049
0.00177159	29.9751	6.04638e-06	3.85505
0.00178368	17.797	6.04638e-06	2.09141
0.00179577	15.905	6.04638e-06	1.94799
0.00180787	16.6703	6.04638e-06	2.31306
0.00181996	20.7345	6.04638e-06	4.20296
0.00183205	14.7149	6.04638e-06	2.39751
0.00184415	8.15799	6.04638e-06	1.37983
0.00185624	9.03579	6.04638e-06	1.299
0.00186833	7.97331	6.04638e-06	1.30225
0.00188042	5.91726	6.04638e-06	1.1154
0.00189252	8.19621	6.04638e-06	1.49075
0.00190461	6.69857	6.04638e-06	1.10537
0.0019167	5.33713	6.04638e-06	0.917938
0.00192879	5.34579	6.04638e-06	0.918687
0.00194089	3.09692	6.04638e-06	0.641824
0.00195298	3.45002	6.04638e-06	0.652297
0.00196507	2.61773	6.04638e-06	0.530916
0.00197717	2.36214	6.04638e-06	0.529452
0.00198926	1.19933	6.04638e-06	0.339716
0.00200135	1.50307	6.04638e-06	0.405019
0.00201344	1.57734	6.04638e-06	0.41281
0.00202554	1.40674	6.04638e-06	0.365464
0.00203763	1.55124	6.04638e-06	0.389894
0.00204972	1.30729	6.04638e-06	0.408485
0.00206181	0.946686	6.04638e-06	0.29975
0.00207391	0.89858	6.04638e-06	0.296247
0.002086	0.697847	6.04638e-06	0.386174
0.00209809	0.460819	6.04638e-06	0.186567
0.00211019	0.802237	6.04638e-06	0.473568
0.00212228	0.514571	6.04638e-06	0.212951
0.00213437	0.316212	6.04638e-06	0.193335
0.00214646	0.627572	6.04638e-06	0.21811
0.00215856	0.30392	6.04638e-06	0.12814
0.00217065	0.097987	6.04638e-06	0.0693432
0.00218274	0.214455	6.04638e-06	0.118511
0.00219484	0.0894198	6.04638e-06	0.0894198
0.00220693	0	6.04638e-06	0
0.00221902	0.119952	6.04638e-06	0.0860727
0.00223111	0.0432388	6.04638e-06	0.0432388
0.00224321	0.143374	6.04638e-06	0.143374
0.0022553	0	6.04638e-06	0
0.00226739	0.0415681	6.04638e-06	0.0415681
0.00227948	0	6.04638e-06	0
0.00229158	0	6.04638e-06	0
0.00230367	0	6.04638e-06	0
0.00231576	0	6.04638e-06	0
0.00232786	0	6.04638e-06	0
0.00233995	0	6.04638e-06	0
0.00235204	0.069663	6.04638e-06	0.069663
0.00236413	0	6.04638e-06	0
0.00237623	0	6.04638e-06	0
0.00238832	0	6.04638e-06	0
0.00240041	0	6.04638e-06	0
0.0024125	0	6.04638e-06	0
0.0024246	0	6.04638e-06	0
0.00243669	0.0355703	6.04638e-06	0.0355703
