7.39916e-06	27.8695	7.39916e-06	1.49641
2.21975e-05	22.0179	7.39916e-06	1.19009
3.69958e-05	22.1299	7.39916e-06	1.2689
5.17941e-05	25.8897	7.39916e-06	1.54935
6.65924e-05	25.8108	7.39916e-06	1.39818
8.13907e-05	34.0606	7.39916e-06	1.97721
9.6189e-05	36.6512	7.39916e-06	1.86792
0.000110987	42.5561	7.39916e-06	2.22963
0.000125786	49.018	7.39916e-06	2.21452
0.000140584	66.8772	7.39916e-06	5.43199
0.000155382	61.1332	7.39916e-06	2.54932
0.000170181	70.3829	7.39916e-06	2.82389
0.000184979	84.8747	7.39916e-06	3.57082
0.000199777	88.544	7.39916e-06	3.49405
0.000214576	101.216	7.39916e-06	4.00033
0.000229374	112.185	7.39916e-06	3.59963
0.000244172	131.314	7.39916e-06	4.08141
0.00025897	140.295	7.39916e-06	6.54698
0.000273769	148.431	7.39916e-06	4.18201
0.000288567	166.001	7.39916e-06	4.20179
0.000303365	180.425	7.39916e-06	4.83207
0.000318164	198.428	7.39916e-06	5.46474
0.000332962	215.433	7.39916e-06	5.68335
0.00034776	224.534	7.39916e-06	5.39423
0.000362559	240.778	7.39916e-06	4.96434
0.000377357	262.865	7.39916e-06	5.84597
0.000392155	281.306	7.39916e-06	5.73307
0.000406954	303.238	7.39916e-06	8.27585
0.000421752	318.317	7.39916e-06	6.73416
0.00043655	341.648	7.39916e-06	6.94539
0.000451349	361.681	7.39916e-06	6.85314
0.000466147	379.353	7.39916e-06	7.97615
0.000480945	391.805	7.39916e-06	6.9014
0.000495743	417.063	7.39916e-06	7.32379
0.000510542	441.606	7.39916e-06	8.03537
0.00052534	465.373	7.39916e-06	8.95555
0.000540138	488.634	7.39916e-06	7.61016
0.000554937	485.331	7.39916e-06	7.36743
0.000569735	507.016	7.39916e-06	8.21294
0.000584533	546.229	7.39916e-06	8.02741
0.000599332	556.173	7.39916e-06	8.20796
0.00061413	601.797	7.39916e-06	10.7303
0.000628928	599.57	7.39916e-06	9.23684
0.000643727	625.412	7.39916e-06	10.2897
0.000658525	648.969	7.39916e-06	9.85613
0.000673323	669.157	7.39916e-06	9.01495
0.000688122	684.761	7.39916e-06	9.38888
0.00070292	719.151	7.39916e-06	11.9445
0.000717718	721.472	7.39916e-06	10.1193
0.000732516	732.513	7.39916e-06	10.5372
0.000747315	759.163	7.39916e-06	11.8596
0.000762113	764.273	7.39916e-06	10.0004
0.000776911	769.559	7.39916e-06	10.8999
0.00079171	808.464	7.39916e-06	11.5033
0.000806508	842.233	7.39916e-06	14.6063
0.000821306	816.13	7.39916e-06	9.77203
0.000836105	820.296	7.39916e-06	9.7706
0.000850903	855.816	7.39916e-06	13.3818
0.000865701	854.374	7.39916e-06	11.0653
0.0008805	871.767	7.39916e-06	12.3126
0.000895298	880.654	7.39916e-06	10.6312
0.000910096	873.436	7.39916e-06	10.2486
0.000924894	894.405	7.39916e-06	11.566
0.000939693	905.391	7.39916e-06	10.4228
0.000954491	891.373	7.39916e-06	10.6932
0.000969289	913.34	7.39916e-06	11.4832
0.000984088	929.686	7.39916e-06	15.6721
0.000998886	892.863	7.39916e-06	12.3864
0.00101368	894.002	7.39916e-06	10.2902
0.00102848	896.551	7.39916e-06	10.5096
0.00104328	913.713	7.39916e-06	10.8791
0.00105808	903.217	7.39916e-06	10.8781
0.00107288	891.988	7.39916e-06	10.7166
0.00108768	896.529	7.39916e-06	10.6503
0.00110247	873.915	7.39916e-06	10.3953
0.00111727	911.048	7.39916e-06	14.9793
0.00113207	891.471	7.39916e-06	10.9395
0.00114687	874.76	7.39916e-06	12.9809
0.00116167	860.675	7.39916e-06	10.5197
0.00117647	863.875	7.39916e-06	10.3593
0.00119126	866.948	7.39916e-06	12.956
0.00120606	915.332	7.39916e-06	54.1597
0.00122086	824.903	7.39916e-06	14.5408
0.00123566	815.105	7.39916e-06	10.9563
0.00125046	810.015	7.39916e-06	10.3148
0.00126526	786.832	7.39916e-06	9.83201
0.00128005	786.508	7.39916e-06	10.719
0.00129485	759.599	7.39916e-06	10.7354
0.00130965	755.152	7.39916e-06	10.8491
0.00132445	733.963	7.39916e-06	10.0342
0.00133925	709.065	7.39916e-06	10.3656
0.00135405	693.26	7.39916e-06	8.82353
0.00136884	708.488	7.39916e-06	20.6511
0.00138364	668.124	7.39916e-06	9.2334
0.00139844	659.59	7.39916e-06	9.03445
0.00141324	623.454	7.39916e-06	8.67115
0.00142804	611.914	7.39916e-06	8.60419
0.00144284	608.169	7.39916e-06	9.41165
0.00145763	598.582	7.39916e-06	11.578
0.00147243	562.188	7.39916e-06	9.23421
0.00148723	533.529	7.39916e-06	7.85214
0.00150203	551.798	7.39916e-06	9.52226
0.00151683	513.733	7.39916e-06	7.6188
0.00153163	486.767	7.39916e-06	7.30733
0.00154642	481.306	7.39916e-06	9.18059
0.00156122	459.716	7.39916e-06	7.47399
0.00157602	453.789	7.39916e-06	8.28946
0.00159082	437.337	7.39916e-06	8.68166
0.00160562	425.413	7.39916e-06	7.89339
0.00162042	389.919	7.39916e-06	7.2588
0.00163521	373.635	7.39916e-06	6.60746
0.00165001	377.738	7.39916e-06	7.32922
0.00166481	446.363	7.39916e-06	66.5029
0.00167961	325.306	7.39916e-06	5.55937
0.00169441	401.593	7.39916e-06	40.5737
0.00170921	321.864	7.39916e-06	6.96581
0.001724	295.976	7.39916e-06	7.90533
0.0017388	281.505	7.39916e-06	6.52951
0.0017536	263.715	7.39916e-06	5.08714
0.0017684	254.294	7.39916e-06	5.16754
0.0017832	250.218	7.39916e-06	5.74873
0.00179799	227.062	7.39916e-06	4.91523
0.00181279	218.036	7.39916e-06	5.82365
0.00182759	210.272	7.39916e-06	4.93088
0.00184239	197.006	7.39916e-06	4.84052
0.00185719	200.416	7.39916e-06	4.82793
0.00187199	179.24	7.39916e-06	4.47159
0.00188678	170.546	7.39916e-06	4.57652
0.00190158	158.921	7.39916e-06	4.6558
0.00191638	155.017	7.39916e-06	5.07217
0.00193118	140.835	7.39916e-06	3.96938
0.00194598	134.526	7.39916e-06	5.82045
0.00196078	132.262	7.39916e-06	7.7949
0.00197557	119.936	7.39916e-06	3.4914
0.00199037	105.657	7.39916e-06	3.21841
0.00200517	104.173	7.39916e-06	3.291
0.00201997	95.177	7.39916e-06	3.16417
0.00203477	108.887	7.39916e-06	7.4225
0.00204957	84.0799	7.39916e-06	3.62273
0.00206436	79.2923	7.39916e-06	3.45434
0.00207916	75.2851	7.39916e-06	2.9384
0.00209396	75.0411	7.39916e-06	2.93846
0.00210876	63.07	7.39916e-06	2.84263
0.00212356	61.5423	7.39916e-06	3.98306
0.00213836	53.7387	7.39916e-06	2.19113
0.00215315	51.7347	7.39916e-06	2.30784
0.00216795	47.2898	7.39916e-06	2.31557
0.00218275	45.0179	7.39916e-06	2.34635
0.00219755	37.364	7.39916e-06	1.81771
0.00221235	36.0858	7.39916e-06	1.94438
0.00222715	34.0954	7.39916e-06	1.83444
0.00224194	29.5237	7.39916e-06	1.69099
0.00225674	27.1626	7.39916e-06	1.70688
0.00227154	26.1844	7.39916e-06	1.98598
0.00228634	25.8633	7.39916e-06	1.68394
0.00230114	22.9588	7.39916e-06	2.43692
0.00231594	17.1739	7.39916e-06	1.32189
0.00233073	16.4939	7.39916e-06	1.28259
0.00234553	17.293	7.39916e-06	1.32083
0.00236033	13.0583	7.39916e-06	1.05047
0.00237513	12.4503	7.39916e-06	1.07179
0.00238993	9.3453	7.39916e-06	0.9417
0.00240473	10.2812	7.39916e-06	0.899793
0.00241952	8.33728	7.39916e-06	0.846046
0.00243432	6.90046	7.39916e-06	0.757777
0.00244912	6.72737	7.39916e-06	0.699974
0.00246392	5.11642	7.39916e-06	0.629375
0.00247872	3.34679	7.39916e-06	0.464493
0.00249352	2.92236	7.39916e-06	0.432364
0.00250831	2.88132	7.39916e-06	0.461004
0.00252311	1.72748	7.39916e-06	0.318205
0.00253791	1.37384	7.39916e-06	0.29135
0.00255271	1.03075	7.39916e-06	0.252831
0.00256751	0.488086	7.39916e-06	0.173989
0.00258231	0.0583598	7.39916e-06	0.0583598
