6.38711e-06	194.361	6.38711e-06	3.69944
1.91613e-05	150.642	6.38711e-06	3.17355
3.19355e-05	152.049	6.38711e-06	3.27479
4.47097e-05	146.199	6.38711e-06	3.18477
5.74839e-05	146.374	6.38711e-06	3.18346
7.02582e-05	162.163	6.38711e-06	3.6661
8.30324e-05	172.19	6.38711e-06	4.12223
9.58066e-05	197.151	6.38711e-06	4.30706
0.000108581	211.397	6.38711e-06	4.5425
0.000121355	232.532	6.38711e-06	4.75665
0.000134129	259.228	6.38711e-06	5.46147
0.000146903	285.62	6.38711e-06	5.98608
0.000159678	316.153	6.38711e-06	7.80592
0.000172452	328.902	6.38711e-06	7.08752
0.000185226	357.016	6.38711e-06	7.4516
0.000198	390.563	6.38711e-06	7.69929
0.000210774	415.678	6.38711e-06	8.36824
0.000223549	442.836	6.38711e-06	8.28386
0.000236323	493.948	6.38711e-06	12.2578
0.000249097	482.684	6.38711e-06	8.67591
0.000261871	541.153	6.38711e-06	9.47438
0.000274646	571.03	6.38711e-06	9.9525
0.00028742	585.555	6.38711e-06	10.0694
0.000300194	616.811	6.38711e-06	10.5242
0.000312968	651.219	6.38711e-06	11.3096
0.000325742	672.975	6.38711e-06	9.74215
0.000338517	702.509	6.38711e-06	14.2914
0.000351291	745.283	6.38711e-06	11.1113
0.000364065	739.442	6.38711e-06	10.7877
0.000376839	770.194	6.38711e-06	11.3407
0.000389613	787.334	6.38711e-06	10.5115
0.000402388	818.128	6.38711e-06	11.0949
0.000415162	850.228	6.38711e-06	13.5261
0.000427936	894.971	6.38711e-06	14.6981
0.00044071	922.555	6.38711e-06	13.823
0.000453484	920.142	6.38711e-06	14.2484
0.000466259	925.249	6.38711e-06	14.1897
0.000479033	956.923	6.38711e-06	14.5336
0.000491807	989.242	6.38711e-06	16.4216
0.000504581	1004.24	6.38711e-06	18.6839
0.000517356	1008.7	6.38711e-06	14.328
0.00053013	1011.09	6.38711e-06	16.6063
0.000542904	1004.91	6.38711e-06	14.4688
0.000555678	1025.52	6.38711e-06	13.3859
0.000568452	1014.85	6.38711e-06	15.1621
0.000581227	1012.32	6.38711e-06	14.4803
0.000594001	1035.74	6.38711e-06	15.8186
0.000606775	1077.84	6.38711e-06	16.699
0.000619549	1045.62	6.38711e-06	14.8249
0.000632323	1051.56	6.38711e-06	15.9892
0.000645098	1083.06	6.38711e-06	17.3174
0.000657872	1091.94	6.38711e-06	17.8562
0.000670646	1092.93	6.38711e-06	17.9177
0.00068342	1035.08	6.38711e-06	15.4602
0.000696194	1071.66	6.38711e-06	22.7485
0.000708969	1100.54	6.38711e-06	30.4139
0.000721743	1029.08	6.38711e-06	14.8694
0.000734517	1038.04	6.38711e-06	16.1877
0.000747291	1092.26	6.38711e-06	22.3046
0.000760066	1033.37	6.38711e-06	17.1364
0.00077284	1007.88	6.38711e-06	19.418
0.000785614	994.367	6.38711e-06	15.4359
0.000798388	974.467	6.38711e-06	14.8477
0.000811162	973.463	6.38711e-06	16.3551
0.000823937	960.633	6.38711e-06	15.0476
0.000836711	944.87	6.38711e-06	15.9664
0.000849485	961.48	6.38711e-06	20.5752
0.000862259	904.076	6.38711e-06	13.5136
0.000875033	939.402	6.38711e-06	31.351
0.000887808	921.418	6.38711e-06	18.7633
0.000900582	885.724	6.38711e-06	14.159
0.000913356	889.136	6.38711e-06	32.8968
0.00092613	876.705	6.38711e-06	16.0439
0.000938904	864.811	6.38711e-06	23.994
0.000951679	846.237	6.38711e-06	18.9649
0.000964453	811.503	6.38711e-06	17.6175
0.000977227	774.955	6.38711e-06	13.5019
0.000990001	785.779	6.38711e-06	19.7379
0.00100278	745.983	6.38711e-06	15.2766
0.00101555	782.676	6.38711e-06	23.7858
0.00102832	734.789	6.38711e-06	16.7204
0.0010411	683.141	6.38711e-06	14.3911
0.00105387	696.493	6.38711e-06	17.6371
0.00106665	703.589	6.38711e-06	26.6879
0.00107942	652.858	6.38711e-06	18.12
0.0010922	643.407	6.38711e-06	15.2006
0.00110497	642.949	6.38711e-06	16.5912
0.00111774	600.486	6.38711e-06	14.8094
0.00113052	588.004	6.38711e-06	15.5148
0.00114329	557.669	6.38711e-06	12.8961
0.00115607	559.818	6.38711e-06	22.5259
0.00116884	527.253	6.38711e-06	14.6581
0.00118161	497.161	6.38711e-06	15.5614
0.00119439	495.364	6.38711e-06	22.9129
0.00120716	466.396	6.38711e-06	11.9629
0.00121994	453.28	6.38711e-06	14.0242
0.00123271	432.656	6.38711e-06	12.0631
0.00124549	419.697	6.38711e-06	12.8268
0.00125826	402.735	6.38711e-06	12.127
0.00127103	369.687	6.38711e-06	9.90911
0.00128381	385.619	6.38711e-06	17.5988
0.00129658	366.666	6.38711e-06	12.9204
0.00130936	349.594	6.38711e-06	12.8799
0.00132213	325.883	6.38711e-06	11.7531
0.00133491	312.817	6.38711e-06	10.7134
0.00134768	295.822	6.38711e-06	11.4479
0.00136045	277.408	6.38711e-06	8.72275
0.00137323	278.023	6.38711e-06	13.4525
0.001386	271.365	6.38711e-06	11.1741
0.00139878	252.294	6.38711e-06	8.72383
0.00141155	247.795	6.38711e-06	9.92012
0.00142432	220.79	6.38711e-06	8.8756
0.0014371	226.905	6.38711e-06	15.7998
0.00144987	208.798	6.38711e-06	8.11214
0.00146265	206.159	6.38711e-06	10.3634
0.00147542	184.503	6.38711e-06	8.65825
0.0014882	175.188	6.38711e-06	8.85997
0.00150097	165.234	6.38711e-06	8.43303
0.00151374	162.331	6.38711e-06	6.77187
0.00152652	156.69	6.38711e-06	8.07893
0.00153929	144.471	6.38711e-06	8.55577
0.00155207	136.748	6.38711e-06	6.57451
0.00156484	130.185	6.38711e-06	8.07972
0.00157762	140.008	6.38711e-06	19.6297
0.00159039	110.83	6.38711e-06	6.37807
0.00160316	115.969	6.38711e-06	7.35092
0.00161594	103.641	6.38711e-06	5.48637
0.00162871	81.3394	6.38711e-06	4.48642
0.00164149	86.8629	6.38711e-06	6.76455
0.00165426	80.9964	6.38711e-06	5.21853
0.00166703	68.5334	6.38711e-06	4.09388
0.00167981	71.5924	6.38711e-06	5.29865
0.00169258	66.0632	6.38711e-06	5.0252
0.00170536	59.8702	6.38711e-06	6.25813
0.00171813	57.914	6.38711e-06	4.41542
0.00173091	54.6059	6.38711e-06	4.01125
0.00174368	50.2684	6.38711e-06	4.77787
0.00175645	44.9734	6.38711e-06	4.22838
0.00176923	48.8724	6.38711e-06	4.42702
0.001782	43.2058	6.38711e-06	5.03275
0.00179478	31.8101	6.38711e-06	2.99736
0.00180755	34.5675	6.38711e-06	4.30226
0.00182033	28.9832	6.38711e-06	3.15159
0.0018331	32.0087	6.38711e-06	5.18777
0.00184587	28.3002	6.38711e-06	3.08717
0.00185865	21.0478	6.38711e-06	2.33916
0.00187142	24.141	6.38711e-06	4.94795
0.0018842	14.6999	6.38711e-06	1.87713
0.00189697	19.1715	6.38711e-06	2.43067
0.00190974	23.987	6.38711e-06	5.26659
0.00192252	13.6167	6.38711e-06	1.96842
0.00193529	13.0324	6.38711e-06	2.09362
0.00194807	9.4906	6.38711e-06	1.46353
0.00196084	10.388	6.38711e-06	1.60024
0.00197362	10.0475	6.38711e-06	2.03844
0.00198639	5.06248	6.38711e-06	0.850876
0.00199916	8.34628	6.38711e-06	1.80531
0.00201194	10.4553	6.38711e-06	2.64224
0.00202471	4.70618	6.38711e-06	0.843467
0.00203749	10.2845	6.38711e-06	2.81973
0.00205026	4.80687	6.38711e-06	0.947671
0.00206304	5.26012	6.38711e-06	2.06981
0.00207581	3.57868	6.38711e-06	0.765548
0.00208858	3.40247	6.38711e-06	0.724067
0.00210136	1.2989	6.38711e-06	0.387776
0.00211413	1.51956	6.38711e-06	0.465682
0.00212691	1.85842	6.38711e-06	0.483026
0.00213968	2.25819	6.38711e-06	0.602355
0.00215245	0.605759	6.38711e-06	0.216345
0.00216523	1.00464	6.38711e-06	0.301788
0.002178	0.770374	6.38711e-06	0.286308
0.00219078	0.685581	6.38711e-06	0.296533
0.00220355	0.252314	6.38711e-06	0.146328
0.00221633	0.396477	6.38711e-06	0.179285
0.0022291	0.228451	6.38711e-06	0.122429
0.00224187	0.758478	6.38711e-06	0.317562
0.00225465	0.124447	6.38711e-06	0.124447
0.00226742	0.149096	6.38711e-06	0.105932
0.0022802	0.161087	6.38711e-06	0.113907
0.00229297	0.208322	6.38711e-06	0.12764
0.00230575	0.119109	6.38711e-06	0.119109
0.00231852	0.118026	6.38711e-06	0.0919541
0.00233129	0	6.38711e-06	0
0.00234407	0	6.38711e-06	0
0.00235684	0.0875015	6.38711e-06	0.0875015
0.00236962	0	6.38711e-06	0
0.00238239	0	6.38711e-06	0
0.00239516	0	6.38711e-06	0
0.00240794	0	6.38711e-06	0
0.00242071	0.0731996	6.38711e-06	0.0731996
0.00243349	0	6.38711e-06	0
0.00244626	0.0325432	6.38711e-06	0.0325432
