7.50535e-06	43.1936	7.50535e-06	1.67392
2.2516e-05	38.7179	7.50535e-06	4.53794
3.75267e-05	37.4064	7.50535e-06	1.53685
5.25374e-05	38.5364	7.50535e-06	1.7062
6.75481e-05	45.2363	7.50535e-06	2.26558
8.25588e-05	46.9212	7.50535e-06	1.77824
9.75695e-05	51.2674	7.50535e-06	1.78461
0.00011258	62.6097	7.50535e-06	2.18425
0.000127591	68.2996	7.50535e-06	2.16432
0.000142602	80.13	7.50535e-06	2.32846
0.000157612	90.6527	7.50535e-06	3.0139
0.000172623	103.479	7.50535e-06	3.44981
0.000187634	108.901	7.50535e-06	3.05385
0.000202644	124.561	7.50535e-06	3.28711
0.000217655	144.676	7.50535e-06	4.28785
0.000232666	156.791	7.50535e-06	3.78929
0.000247676	180.449	7.50535e-06	5.89919
0.000262687	177.441	7.50535e-06	4.17893
0.000277698	194.904	7.50535e-06	3.9152
0.000292709	222.518	7.50535e-06	4.75257
0.000307719	237.821	7.50535e-06	5.38391
0.00032273	253.471	7.50535e-06	5.87617
0.000337741	270.604	7.50535e-06	5.15607
0.000352751	299.714	7.50535e-06	6.02546
0.000367762	314.147	7.50535e-06	7.11494
0.000382773	318.696	7.50535e-06	5.65559
0.000397783	362.79	7.50535e-06	7.23255
0.000412794	367.781	7.50535e-06	6.12639
0.000427805	384.425	7.50535e-06	7.06362
0.000442815	408.115	7.50535e-06	9.22163
0.000457826	424.978	7.50535e-06	8.48952
0.000472837	484.877	7.50535e-06	11.4167
0.000487848	704.353	7.50535e-06	154.161
0.000502858	497.818	7.50535e-06	8.43908
0.000517869	520.567	7.50535e-06	7.66139
0.00053288	575.36	7.50535e-06	19.4256
0.00054789	547.151	7.50535e-06	9.91902
0.000562901	558.949	7.50535e-06	8.20012
0.000577912	623.725	7.50535e-06	10.3809
0.000592922	628.365	7.50535e-06	12.3588
0.000607933	633.83	7.50535e-06	11.154
0.000622944	644.956	7.50535e-06	8.95671
0.000637954	656.677	7.50535e-06	9.38432
0.000652965	699.701	7.50535e-06	11.6858
0.000667976	696.862	7.50535e-06	9.34244
0.000682987	735.485	7.50535e-06	13.8667
0.000697997	764.568	7.50535e-06	13.8333
0.000713008	729.071	7.50535e-06	10.1326
0.000728019	767.322	7.50535e-06	11.8732
0.000743029	791.918	7.50535e-06	13.2829
0.00075804	785.29	7.50535e-06	10.8064
0.000773051	806.813	7.50535e-06	13.2944
0.000788061	842.694	7.50535e-06	14.5614
0.000803072	822.147	7.50535e-06	11.763
0.000818083	834.042	7.50535e-06	11.7622
0.000833093	841.252	7.50535e-06	11.6622
0.000848104	865.955	7.50535e-06	13.1056
0.000863115	847.206	7.50535e-06	11.3432
0.000878126	883.472	7.50535e-06	16.4141
0.000893136	884.502	7.50535e-06	12.7751
0.000908147	866.169	7.50535e-06	11.5891
0.000923158	887.227	7.50535e-06	27.23
0.000938168	874.854	7.50535e-06	11.583
0.000953179	891.586	7.50535e-06	15.9516
0.00096819	929.226	7.50535e-06	18.3524
0.0009832	893.503	7.50535e-06	12.717
0.000998211	896.233	7.50535e-06	12.0301
0.00101322	920.543	7.50535e-06	17.9434
0.00102823	871.86	7.50535e-06	12.4615
0.00104324	917.872	7.50535e-06	17.9538
0.00105825	885.316	7.50535e-06	12.9966
0.00107326	870.951	7.50535e-06	12.9707
0.00108828	863.669	7.50535e-06	17.1928
0.00110329	823.144	7.50535e-06	11.4349
0.0011183	849.412	7.50535e-06	22.7954
0.00113331	833.077	7.50535e-06	12.6299
0.00114832	852.686	7.50535e-06	15.2536
0.00116333	850.89	7.50535e-06	13.3132
0.00117834	833.161	7.50535e-06	14.4159
0.00119335	807.252	7.50535e-06	14.7265
0.00120836	794.843	7.50535e-06	14.8549
0.00122337	762.479	7.50535e-06	12.4153
0.00123838	740.213	7.50535e-06	11.5836
0.00125339	773.214	7.50535e-06	16.1861
0.0012684	717.477	7.50535e-06	11.8047
0.00128341	733.917	7.50535e-06	15.1974
0.00129842	707.262	7.50535e-06	12.4862
0.00131344	715.089	7.50535e-06	14.8598
0.00132845	647.667	7.50535e-06	10.1566
0.00134346	669.948	7.50535e-06	14.1963
0.00135847	637.692	7.50535e-06	11.7219
0.00137348	605.333	7.50535e-06	10.2349
0.00138849	600.794	7.50535e-06	11.9335
0.0014035	583.329	7.50535e-06	11.3881
0.00141851	569.534	7.50535e-06	10.9427
0.00143352	543.453	7.50535e-06	9.95929
0.00144853	524.896	7.50535e-06	9.66928
0.00146354	525.454	7.50535e-06	11.5239
0.00147855	491.436	7.50535e-06	9.37867
0.00149356	543.174	7.50535e-06	30.645
0.00150857	476.559	7.50535e-06	10.1585
0.00152359	463.544	7.50535e-06	9.79973
0.0015386	458.448	7.50535e-06	10.9042
0.00155361	433.676	7.50535e-06	11.3705
0.00156862	436.755	7.50535e-06	14.3271
0.00158363	395.259	7.50535e-06	9.6161
0.00159864	386.644	7.50535e-06	10.6256
0.00161365	403.205	7.50535e-06	18.6247
0.00162866	360.504	7.50535e-06	10.0069
0.00164367	365.587	7.50535e-06	17.3091
0.00165868	327.723	7.50535e-06	9.00071
0.00167369	291.826	7.50535e-06	7.45819
0.0016887	290.813	7.50535e-06	8.53811
0.00170371	288.903	7.50535e-06	11.0854
0.00171872	263.789	7.50535e-06	7.59723
0.00173374	262.354	7.50535e-06	8.69396
0.00174875	240.265	7.50535e-06	7.29445
0.00176376	303.529	7.50535e-06	46.9293
0.00177877	246.725	7.50535e-06	14.1642
0.00179378	226.127	7.50535e-06	7.79958
0.00180879	210.559	7.50535e-06	11.5436
0.0018238	219.471	7.50535e-06	42.2833
0.00183881	173.097	7.50535e-06	7.43089
0.00185382	170.949	7.50535e-06	8.31085
0.00186883	154.932	7.50535e-06	6.03394
0.00188384	158.449	7.50535e-06	7.82843
0.00189885	159.098	7.50535e-06	7.18525
0.00191386	137.378	7.50535e-06	6.68302
0.00192887	126.394	7.50535e-06	5.44078
0.00194388	107.828	7.50535e-06	4.44471
0.0019589	107.43	7.50535e-06	4.4999
0.00197391	109.767	7.50535e-06	5.87294
0.00198892	96.049	7.50535e-06	5.8073
0.00200393	97.5114	7.50535e-06	5.72188
0.00201894	76.0502	7.50535e-06	4.04951
0.00203395	82.6633	7.50535e-06	4.45228
0.00204896	73.1041	7.50535e-06	3.78336
0.00206397	72.4066	7.50535e-06	4.22103
0.00207898	67.9416	7.50535e-06	5.39274
0.00209399	60.8384	7.50535e-06	4.02989
0.002109	55.2515	7.50535e-06	3.42629
0.00212401	45.3597	7.50535e-06	2.64796
0.00213902	49.4636	7.50535e-06	4.11718
0.00215403	54.0164	7.50535e-06	6.88285
0.00216905	39.1361	7.50535e-06	2.79541
0.00218406	37.562	7.50535e-06	2.57277
0.00219907	33.3961	7.50535e-06	2.36259
0.00221408	32.672	7.50535e-06	2.93146
0.00222909	28.5423	7.50535e-06	2.21681
0.0022441	25.3219	7.50535e-06	3.10674
0.00225911	26.2861	7.50535e-06	3.82181
0.00227412	21.8381	7.50535e-06	4.27211
0.00228913	22.1691	7.50535e-06	2.56532
0.00230414	17.2288	7.50535e-06	2.04297
0.00231915	13.4579	7.50535e-06	1.75232
0.00233416	15.4247	7.50535e-06	2.60524
0.00234917	13.6829	7.50535e-06	1.55184
0.00236418	10.5475	7.50535e-06	1.48898
0.00237919	8.80476	7.50535e-06	1.25117
0.00239421	8.59185	7.50535e-06	1.46208
0.00240922	7.97603	7.50535e-06	1.62039
0.00242423	6.14395	7.50535e-06	1.34929
0.00243924	5.68639	7.50535e-06	0.994658
0.00245425	3.53006	7.50535e-06	0.760793
0.00246926	3.64015	7.50535e-06	0.777625
0.00248427	2.60769	7.50535e-06	0.641602
0.00249928	1.95521	7.50535e-06	0.768137
0.00251429	2.52902	7.50535e-06	0.929867
0.0025293	0.92366	7.50535e-06	0.485556
0.00254431	0.749364	7.50535e-06	0.413909
0.00255932	0.537095	7.50535e-06	0.401535
