0	1127.22	7.37922e-06	3.88204
1.47584e-05	1127.15	7.37922e-06	3.87856
2.95169e-05	1126.08	7.37922e-06	3.75218
4.42753e-05	1124.96	7.37922e-06	3.7207
5.90338e-05	1123.45	7.37922e-06	3.68987
7.37922e-05	1121.82	7.37922e-06	3.6679
8.85507e-05	1119.38	7.37922e-06	3.6275
0.000103309	1116.59	7.37922e-06	3.59447
0.000118068	1112.84	7.37922e-06	3.5414
0.000132826	1109.11	7.37922e-06	3.50179
0.000147584	1104.99	7.37922e-06	3.46591
0.000162343	1101.13	7.37922e-06	3.44013
0.000177101	1096.72	7.37922e-06	3.40899
0.00019186	1091.82	7.37922e-06	3.37686
0.000206618	1086.2	7.37922e-06	3.3421
0.000221377	1080.23	7.37922e-06	3.30195
0.000236135	1073.83	7.37922e-06	3.2598
0.000250894	1066.91	7.37922e-06	3.22125
0.000265652	1059.97	7.37922e-06	3.18876
0.00028041	1051.79	7.37922e-06	3.1182
0.000295169	1044.41	7.37922e-06	3.08804
0.000309927	1036.19	7.37922e-06	3.05176
0.000324686	1027.56	7.37922e-06	3.01328
0.000339444	1018.33	7.37922e-06	2.96889
0.000354203	1009.34	7.37922e-06	2.93531
0.000368961	1000.21	7.37922e-06	2.90301
0.00038372	990.703	7.37922e-06	2.8695
0.000398478	980.485	7.37922e-06	2.83002
0.000413236	970.07	7.37922e-06	2.79289
0.000427995	959.069	7.37922e-06	2.75092
0.000442753	947.709	7.37922e-06	2.7071
0.000457512	936.332	7.37922e-06	2.67081
0.00047227	924.62	7.37922e-06	2.63429
0.000487029	912.891	7.37922e-06	2.59346
0.000501787	900.575	7.37922e-06	2.55555
0.000516546	887.972	7.37922e-06	2.51758
0.000531304	875.11	7.37922e-06	2.47888
0.000546063	862.026	7.37922e-06	2.42956
0.000560821	848.87	7.37922e-06	2.38628
0.000575579	836.111	7.37922e-06	2.35104
0.000590338	821.833	7.37922e-06	2.2984
0.000605096	808.409	7.37922e-06	2.2628
0.000619855	794.442	7.37922e-06	2.22699
0.000634613	780.881	7.37922e-06	2.18655
0.000649372	766.675	7.37922e-06	2.14984
0.00066413	752.244	7.37922e-06	2.1058
0.000678889	737.565	7.37922e-06	2.06663
0.000693647	723.192	7.37922e-06	2.03017
0.000708405	708.78	7.37922e-06	1.9968
0.000723164	694.848	7.37922e-06	1.96232
0.000737922	680.148	7.37922e-06	1.92676
0.000752681	665.548	7.37922e-06	1.89485
0.000767439	650.619	7.37922e-06	1.84299
0.000782198	635.705	7.37922e-06	1.80345
0.000796956	621.045	7.37922e-06	1.77171
0.000811715	606.419	7.37922e-06	1.7375
0.000826473	591.48	7.37922e-06	1.7009
0.000841231	576.846	7.37922e-06	1.66822
0.00085599	562.036	7.37922e-06	1.5967
0.000870748	547.415	7.37922e-06	1.56021
0.000885507	532.638	7.37922e-06	1.52621
0.000900265	517.918	7.37922e-06	1.48631
0.000915024	503.757	7.37922e-06	1.4541
0.000929782	489.42	7.37922e-06	1.40881
0.000944541	475.623	7.37922e-06	1.37763
0.000959299	461.777	7.37922e-06	1.34544
0.000974057	448.061	7.37922e-06	1.3162
0.000988816	434.464	7.37922e-06	1.28356
0.00100357	420.914	7.37922e-06	1.25032
0.00101833	407.151	7.37922e-06	1.21032
0.00103309	394.058	7.37922e-06	1.1832
0.00104785	381.295	7.37922e-06	1.15411
0.00106261	368.767	7.37922e-06	1.12925
0.00107737	355.958	7.37922e-06	1.07937
0.00109213	343.782	7.37922e-06	1.05296
0.00110688	330.988	7.37922e-06	0.958954
0.00112164	318.977	7.37922e-06	0.929866
0.0011364	307.701	7.37922e-06	0.907094
0.00115116	296.524	7.37922e-06	0.88533
0.00116592	285.442	7.37922e-06	0.861208
0.00118068	274.472	7.37922e-06	0.837358
0.00119543	264.013	7.37922e-06	0.815805
0.00121019	253.768	7.37922e-06	0.795016
0.00122495	243.636	7.37922e-06	0.773977
0.00123971	233.628	7.37922e-06	0.753768
0.00125447	224.087	7.37922e-06	0.731754
0.00126923	214.701	7.37922e-06	0.712998
0.00128398	205.665	7.37922e-06	0.695234
0.00129874	196.611	7.37922e-06	0.674125
0.0013135	187.957	7.37922e-06	0.63825
0.00132826	179.622	7.37922e-06	0.621098
0.00134302	171.599	7.37922e-06	0.60637
0.00135778	163.77	7.37922e-06	0.589813
0.00137254	156.303	7.37922e-06	0.57423
0.00138729	148.816	7.37922e-06	0.556721
0.00140205	141.601	7.37922e-06	0.496429
0.00141681	134.74	7.37922e-06	0.480808
0.00143157	128.17	7.37922e-06	0.467516
0.00144633	121.699	7.37922e-06	0.452691
0.00146109	115.496	7.37922e-06	0.435771
0.00147584	109.605	7.37922e-06	0.422266
0.0014906	104.025	7.37922e-06	0.40899
0.00150536	98.6519	7.37922e-06	0.39615
0.00152012	93.378	7.37922e-06	0.38403
0.00153488	88.4993	7.37922e-06	0.374641
0.00154964	83.6984	7.37922e-06	0.364327
0.0015644	79.0756	7.37922e-06	0.354438
0.00157915	74.7389	7.37922e-06	0.345777
0.00159391	70.4094	7.37922e-06	0.334547
0.00160867	66.3557	7.37922e-06	0.326158
0.00162343	62.4286	7.37922e-06	0.316865
0.00163819	58.7635	7.37922e-06	0.307136
0.00165295	55.3042	7.37922e-06	0.298983
0.0016677	51.937	7.37922e-06	0.29125
0.00168246	48.8172	7.37922e-06	0.284322
0.00169722	45.8309	7.37922e-06	0.278043
0.00171198	43.0339	7.37922e-06	0.272523
0.00172674	40.3489	7.37922e-06	0.266091
0.0017415	37.7819	7.37922e-06	0.259454
0.00175626	35.3949	7.37922e-06	0.254638
0.00177101	33.09	7.37922e-06	0.248838
0.00178577	30.9625	7.37922e-06	0.244507
0.00180053	28.882	7.37922e-06	0.238415
0.00181529	26.9188	7.37922e-06	0.233805
0.00183005	25.0631	7.37922e-06	0.228424
0.00184481	23.3209	7.37922e-06	0.22455
0.00185956	21.7105	7.37922e-06	0.221306
0.00187432	20.0993	7.37922e-06	0.217009
0.00188908	18.6072	7.37922e-06	0.211201
0.00190384	17.1715	7.37922e-06	0.206103
0.0019186	15.9168	7.37922e-06	0.203641
0.00193336	14.7697	7.37922e-06	0.20144
0.00194811	13.6445	7.37922e-06	0.198347
0.00196287	12.5793	7.37922e-06	0.195067
0.00197763	11.5744	7.37922e-06	0.191471
0.00199239	10.6373	7.37922e-06	0.188872
0.00200715	9.73957	7.37922e-06	0.186421
0.00202191	8.88736	7.37922e-06	0.176267
0.00203667	8.18411	7.37922e-06	0.174943
0.00205142	7.51011	7.37922e-06	0.173679
0.00206618	6.85342	7.37922e-06	0.171861
0.00208094	6.01296	7.37922e-06	0.060408
0.0020957	5.47976	7.37922e-06	0.0573631
0.00211046	4.97794	7.37922e-06	0.054324
0.00212522	4.5008	7.37922e-06	0.0514012
0.00213997	4.06306	7.37922e-06	0.0462491
0.00215473	3.66161	7.37922e-06	0.0436369
0.00216949	3.2731	7.37922e-06	0.0407127
0.00218425	2.94255	7.37922e-06	0.0380512
0.00219901	2.62439	7.37922e-06	0.0358623
0.00221377	2.32611	7.37922e-06	0.0334365
0.00222853	2.05015	7.37922e-06	0.0307284
0.00224328	1.82313	7.37922e-06	0.0288732
0.00225804	1.6024	7.37922e-06	0.0265877
0.0022728	1.4289	7.37922e-06	0.025047
0.00228756	1.25806	7.37922e-06	0.0234001
0.00230232	1.10571	7.37922e-06	0.0218031
0.00231708	0.965225	7.37922e-06	0.0201758
0.00233183	0.821241	7.37922e-06	0.0184019
0.00234659	0.70951	7.37922e-06	0.0169327
0.00236135	0.603776	7.37922e-06	0.0155288
0.00237611	0.513174	7.37922e-06	0.0141777
0.00239087	0.431733	7.37922e-06	0.0129604
0.00240563	0.364434	7.37922e-06	0.0118422
0.00242039	0.300335	7.37922e-06	0.0105624
0.00243514	0.24132	7.37922e-06	0.00932748
0.0024499	0.188744	7.37922e-06	0.00815141
0.00246466	0.15255	7.37922e-06	0.00728084
0.00247942	0.116822	7.37922e-06	0.00633496
0.00249418	0.0869369	7.37922e-06	0.00539876
0.00250894	0.0551027	7.37922e-06	0.00426559
0.00252369	0.034596	7.37922e-06	0.00333912
0.00253845	0.0177718	7.37922e-06	0.00239934
0.00255321	0.00621247	7.37922e-06	0.00139824
0.00256797	0.00189924	7.37922e-06	0.00077743
