0	1123.56	7.37057e-06	3.98692
1.47411e-05	1123.28	7.37057e-06	3.9428
2.94823e-05	1122.54	7.37057e-06	3.90788
4.42234e-05	1121.38	7.37057e-06	3.87424
5.89645e-05	1120.1	7.37057e-06	3.85204
7.37057e-05	1118.26	7.37057e-06	3.82614
8.84468e-05	1116.13	7.37057e-06	3.80078
0.000103188	1113.56	7.37057e-06	3.77606
0.000117929	1110.59	7.37057e-06	3.74907
0.00013267	1106.99	7.37057e-06	3.71721
0.000147411	1103.21	7.37057e-06	3.68943
0.000162152	1098.78	7.37057e-06	3.65834
0.000176894	1094.53	7.37057e-06	3.63579
0.000191635	1089.66	7.37057e-06	3.60937
0.000206376	1083.97	7.37057e-06	3.56307
0.000221117	1078.08	7.37057e-06	3.53315
0.000235858	1071.57	7.37057e-06	3.49756
0.000250599	1065.07	7.37057e-06	3.46854
0.00026534	1058.11	7.37057e-06	3.43671
0.000280082	1051.21	7.37057e-06	3.4109
0.000294823	1043.08	7.37057e-06	3.3749
0.000309564	1034.7	7.37057e-06	3.33461
0.000324305	1026.15	7.37057e-06	3.30164
0.000339046	1017.62	7.37057e-06	3.26978
0.000353787	1009.06	7.37057e-06	3.24158
0.000368528	1000	7.37057e-06	3.21357
0.000383269	990.057	7.37057e-06	3.17858
0.000398011	979.968	7.37057e-06	3.14363
0.000412752	969.39	7.37057e-06	3.10704
0.000427493	958.692	7.37057e-06	3.07585
0.000442234	947.706	7.37057e-06	3.04396
0.000456975	936.089	7.37057e-06	3.00985
0.000471716	924.375	7.37057e-06	2.97604
0.000486457	912.09	7.37057e-06	2.93479
0.000501198	899.884	7.37057e-06	2.89769
0.00051594	887.674	7.37057e-06	2.86539
0.000530681	875.439	7.37057e-06	2.83527
0.000545422	862.339	7.37057e-06	2.79928
0.000560163	849.58	7.37057e-06	2.76922
0.000574904	835.841	7.37057e-06	2.72832
0.000589645	822.437	7.37057e-06	2.69863
0.000604386	808.727	7.37057e-06	2.66835
0.000619128	794.309	7.37057e-06	2.57387
0.000633869	780.505	7.37057e-06	2.53465
0.00064861	766.55	7.37057e-06	2.5047
0.000663351	752.408	7.37057e-06	2.47477
0.000678092	738.577	7.37057e-06	2.44813
0.000692833	724.415	7.37057e-06	2.41912
0.000707574	710.064	7.37057e-06	2.3912
0.000722315	694.981	7.37057e-06	2.34393
0.000737057	680.861	7.37057e-06	2.31607
0.000751798	666.088	7.37057e-06	2.28466
0.000766539	651.822	7.37057e-06	2.25843
0.00078128	637.003	7.37057e-06	2.23008
0.000796021	622.497	7.37057e-06	2.20023
0.000810762	607.545	7.37057e-06	2.17019
0.000825503	593.152	7.37057e-06	2.14463
0.000840245	578.847	7.37057e-06	2.11989
0.000854986	564.155	7.37057e-06	2.0919
0.000869727	547.388	7.37057e-06	1.71895
0.000884468	533.259	7.37057e-06	1.69338
0.000899209	519.179	7.37057e-06	1.66523
0.00091395	505.336	7.37057e-06	1.63969
0.000928691	491.219	7.37057e-06	1.61345
0.000943432	477.133	7.37057e-06	1.58864
0.000958174	463.606	7.37057e-06	1.56504
0.000972915	449.895	7.37057e-06	1.53947
0.000987656	436.609	7.37057e-06	1.51682
0.0010024	423.256	7.37057e-06	1.48879
0.00101714	409.845	7.37057e-06	1.44965
0.00103188	397.076	7.37057e-06	1.42831
0.00104662	384.35	7.37057e-06	1.40724
0.00106136	372.034	7.37057e-06	1.38641
0.0010761	359.718	7.37057e-06	1.36421
0.00109084	347.103	7.37057e-06	1.33315
0.00110558	335.055	7.37057e-06	1.31232
0.00112033	323.274	7.37057e-06	1.29293
0.00113507	311.974	7.37057e-06	1.27578
0.00114981	300.686	7.37057e-06	1.25628
0.00116455	289.395	7.37057e-06	1.23339
0.00117929	278.646	7.37057e-06	1.21559
0.00119403	267.492	7.37057e-06	1.19503
0.00120877	256.875	7.37057e-06	1.1737
0.00122351	246.822	7.37057e-06	1.15958
0.00123826	237.049	7.37057e-06	1.14415
0.001253	226.811	7.37057e-06	1.10716
0.00126774	217.669	7.37057e-06	1.09187
0.00128248	208.504	7.37057e-06	1.0774
0.00129722	199.861	7.37057e-06	1.06345
0.00131196	191.318	7.37057e-06	1.05215
0.0013267	182.917	7.37057e-06	1.03913
0.00134144	173.849	7.37057e-06	0.895717
0.00135618	166.025	7.37057e-06	0.883259
0.00137093	158.47	7.37057e-06	0.869716
0.00138567	150.684	7.37057e-06	0.786747
0.00140041	143.057	7.37057e-06	0.706401
0.00141515	136.16	7.37057e-06	0.693436
0.00142989	129.643	7.37057e-06	0.681792
0.00144463	123.184	7.37057e-06	0.669507
0.00145937	116.706	7.37057e-06	0.645195
0.00147411	110.81	7.37057e-06	0.635013
0.00148885	105.199	7.37057e-06	0.625219
0.0015036	99.7108	7.37057e-06	0.615234
0.00151834	94.555	7.37057e-06	0.606899
0.00153308	89.3006	7.37057e-06	0.593844
0.00154782	84.4948	7.37057e-06	0.584963
0.00156256	79.8178	7.37057e-06	0.575425
0.0015773	75.4198	7.37057e-06	0.568326
0.00159204	71.1597	7.37057e-06	0.561028
0.00160678	67.0369	7.37057e-06	0.554086
0.00162152	63.1952	7.37057e-06	0.547434
0.00163627	59.5199	7.37057e-06	0.54032
0.00165101	56.0644	7.37057e-06	0.534855
0.00166575	52.5631	7.37057e-06	0.5264
0.00168049	49.4915	7.37057e-06	0.521995
0.00169523	46.4393	7.37057e-06	0.511869
0.00170997	43.6034	7.37057e-06	0.507355
0.00172471	40.9536	7.37057e-06	0.503004
0.00173945	38.3636	7.37057e-06	0.498529
0.00175419	35.9321	7.37057e-06	0.493039
0.00176894	33.5688	7.37057e-06	0.488996
0.00178368	31.3749	7.37057e-06	0.48549
0.00179842	29.2545	7.37057e-06	0.481794
0.00181316	26.7685	7.37057e-06	0.214619
0.0018279	24.9773	7.37057e-06	0.208419
0.00184264	23.2547	7.37057e-06	0.202497
0.00185738	21.6126	7.37057e-06	0.196985
0.00187212	20.1457	7.37057e-06	0.192366
0.00188686	18.6855	7.37057e-06	0.186091
0.00190161	17.2078	7.37057e-06	0.171148
0.00191635	15.9351	7.37057e-06	0.166468
0.00193109	14.7339	7.37057e-06	0.160912
0.00194583	13.5978	7.37057e-06	0.156366
0.00196057	12.4076	7.37057e-06	0.140429
0.00197531	11.4392	7.37057e-06	0.135448
0.00199005	10.4107	7.37057e-06	0.121524
0.00200479	9.58207	7.37057e-06	0.11799
0.00201954	8.80953	7.37057e-06	0.114624
0.00203428	8.09319	7.37057e-06	0.110519
0.00204902	7.4116	7.37057e-06	0.107364
0.00206376	6.72227	7.37057e-06	0.100217
0.0020785	6.06662	7.37057e-06	0.0954167
0.00209324	5.51625	7.37057e-06	0.0920542
0.00210798	4.97578	7.37057e-06	0.0857946
0.00212272	4.4388	7.37057e-06	0.0767715
0.00213746	4.01459	7.37057e-06	0.0733342
0.00215221	3.65234	7.37057e-06	0.0708238
0.00216695	3.3179	7.37057e-06	0.0687825
0.00218169	3.01091	7.37057e-06	0.0667377
0.00219643	2.66485	7.37057e-06	0.0607636
0.00221117	2.39685	7.37057e-06	0.0586245
0.00222591	2.14028	7.37057e-06	0.0564519
0.00224065	1.88796	7.37057e-06	0.0528327
0.00225539	1.65771	7.37057e-06	0.049964
0.00227013	1.43106	7.37057e-06	0.0399938
0.00228488	1.24384	7.37057e-06	0.0376076
0.00229962	1.08134	7.37057e-06	0.0341987
0.00231436	0.952676	7.37057e-06	0.0328524
0.0023291	0.835705	7.37057e-06	0.0314266
0.00234384	0.729561	7.37057e-06	0.0296529
0.00235858	0.623407	7.37057e-06	0.0279646
0.00237332	0.543499	7.37057e-06	0.0268841
0.00238806	0.456144	7.37057e-06	0.0254123
0.0024028	0.379272	7.37057e-06	0.0238371
0.00241755	0.310999	7.37057e-06	0.0217138
0.00243229	0.228959	7.37057e-06	0.0158203
0.00244703	0.178926	7.37057e-06	0.0135782
0.00246177	0.140563	7.37057e-06	0.0117479
0.00247651	0.103939	7.37057e-06	0.00936337
0.00249125	0.0663946	7.37057e-06	0.00746623
0.00250599	0.0469268	7.37057e-06	0.00605087
0.00252073	0.0331465	7.37057e-06	0.00528503
0.00253547	0.016144	7.37057e-06	0.00298113
0.00255022	0.0114462	7.37057e-06	0.00264854
0.00256496	0.00465921	7.37057e-06	0.00172911
