0	1124.93	7.40306e-06	3.84646
1.48061e-05	1124.55	7.40306e-06	3.76477
2.96122e-05	1123.97	7.40306e-06	3.74011
4.44184e-05	1122.88	7.40306e-06	3.70874
5.92245e-05	1121.62	7.40306e-06	3.68813
7.40306e-05	1119.71	7.40306e-06	3.65684
8.88367e-05	1117.37	7.40306e-06	3.62687
0.000103643	1114.81	7.40306e-06	3.60155
0.000118449	1111.35	7.40306e-06	3.55835
0.000133255	1107.62	7.40306e-06	3.50276
0.000148061	1103.78	7.40306e-06	3.4739
0.000162867	1099.92	7.40306e-06	3.44951
0.000177673	1094.67	7.40306e-06	3.40517
0.00019248	1089.38	7.40306e-06	3.37112
0.000207286	1083.7	7.40306e-06	3.33632
0.000222092	1077.52	7.40306e-06	3.29943
0.000236898	1070.92	7.40306e-06	3.2623
0.000251704	1064.6	7.40306e-06	3.23469
0.00026651	1057.54	7.40306e-06	3.20245
0.000281316	1050.16	7.40306e-06	3.16865
0.000296122	1041.64	7.40306e-06	3.12918
0.000310929	1033.65	7.40306e-06	3.09831
0.000325735	1025.18	7.40306e-06	3.06219
0.000340541	1016.64	7.40306e-06	3.0321
0.000355347	1007.74	7.40306e-06	2.99971
0.000370153	998.284	7.40306e-06	2.96582
0.000384959	988.242	7.40306e-06	2.92745
0.000399765	978.108	7.40306e-06	2.8925
0.000414571	967.872	7.40306e-06	2.85984
0.000429378	956.944	7.40306e-06	2.82445
0.000444184	945.983	7.40306e-06	2.78915
0.00045899	934.61	7.40306e-06	2.75366
0.000473796	923.072	7.40306e-06	2.7193
0.000488602	910.735	7.40306e-06	2.67545
0.000503408	898.746	7.40306e-06	2.64346
0.000518214	886.293	7.40306e-06	2.60748
0.00053302	873.588	7.40306e-06	2.57035
0.000547827	860.533	7.40306e-06	2.53494
0.000562633	847.761	7.40306e-06	2.50113
0.000577439	834.125	7.40306e-06	2.46557
0.000592245	820.747	7.40306e-06	2.43253
0.000607051	806.673	7.40306e-06	2.3935
0.000621857	792.123	7.40306e-06	2.33011
0.000636663	778.639	7.40306e-06	2.29868
0.000651469	765.068	7.40306e-06	2.26891
0.000666276	750.796	7.40306e-06	2.23293
0.000681082	736.262	7.40306e-06	2.19792
0.000695888	721.999	7.40306e-06	2.16524
0.000710694	707.747	7.40306e-06	2.11417
0.0007255	693.09	7.40306e-06	2.07004
0.000740306	678.527	7.40306e-06	2.03591
0.000755112	664.122	7.40306e-06	2.0043
0.000769918	648.917	7.40306e-06	1.9618
0.000784725	634.581	7.40306e-06	1.93114
0.000799531	619.698	7.40306e-06	1.89625
0.000814337	604.44	7.40306e-06	1.77967
0.000829143	589.278	7.40306e-06	1.74212
0.000843949	574.462	7.40306e-06	1.7085
0.000858755	559.352	7.40306e-06	1.66819
0.000873561	545.102	7.40306e-06	1.63966
0.000888367	530.262	7.40306e-06	1.60563
0.000903173	516	7.40306e-06	1.57581
0.00091798	501.555	7.40306e-06	1.54479
0.000932786	487.195	7.40306e-06	1.50506
0.000947592	472.767	7.40306e-06	1.45882
0.000962398	458.637	7.40306e-06	1.42913
0.000977204	444.893	7.40306e-06	1.39955
0.00099201	431.591	7.40306e-06	1.37092
0.00100682	418.129	7.40306e-06	1.34365
0.00102162	404.813	7.40306e-06	1.31764
0.00103643	391.797	7.40306e-06	1.29042
0.00105123	378.686	7.40306e-06	1.25931
0.00106604	365.798	7.40306e-06	1.22772
0.00108085	353.5	7.40306e-06	1.20572
0.00109565	341.209	7.40306e-06	1.18014
0.00111046	328.981	7.40306e-06	1.15227
0.00112527	316.961	7.40306e-06	1.12182
0.00114007	305.492	7.40306e-06	1.09859
0.00115488	294.416	7.40306e-06	1.07865
0.00116968	283.379	7.40306e-06	1.05591
0.00118449	272.7	7.40306e-06	1.03726
0.0011993	261.997	7.40306e-06	1.01808
0.0012141	251.872	7.40306e-06	1.00054
0.00122891	241.942	7.40306e-06	0.9782
0.00124371	232.026	7.40306e-06	0.961527
0.00125852	222.463	7.40306e-06	0.943431
0.00127333	213.116	7.40306e-06	0.926123
0.00128813	204.052	7.40306e-06	0.901002
0.00130294	195.355	7.40306e-06	0.884329
0.00131774	186.638	7.40306e-06	0.865838
0.00133255	178.263	7.40306e-06	0.850336
0.00134736	170.437	7.40306e-06	0.837649
0.00136216	162.558	7.40306e-06	0.82442
0.00137697	154.952	7.40306e-06	0.807597
0.00139178	147.423	7.40306e-06	0.790859
0.00140658	140.028	7.40306e-06	0.772536
0.00142139	133.169	7.40306e-06	0.757374
0.00143619	126.858	7.40306e-06	0.748397
0.001451	120.248	7.40306e-06	0.718893
0.00146581	114.112	7.40306e-06	0.706839
0.00148061	107.934	7.40306e-06	0.673185
0.00149542	102.572	7.40306e-06	0.664716
0.00151022	96.8697	7.40306e-06	0.628932
0.00152503	91.6094	7.40306e-06	0.618823
0.00153984	86.7315	7.40306e-06	0.610795
0.00155464	82.003	7.40306e-06	0.602533
0.00156945	77.3529	7.40306e-06	0.594219
0.00158426	72.8078	7.40306e-06	0.580533
0.00159906	68.5479	7.40306e-06	0.569905
0.00161387	64.6997	7.40306e-06	0.563561
0.00162867	61.0248	7.40306e-06	0.55758
0.00164348	57.6338	7.40306e-06	0.552953
0.00165829	54.1584	7.40306e-06	0.547125
0.00167309	51.033	7.40306e-06	0.542267
0.0016879	48.0376	7.40306e-06	0.53846
0.0017027	45.0708	7.40306e-06	0.533267
0.00171751	42.2141	7.40306e-06	0.527327
0.00173232	39.4906	7.40306e-06	0.522092
0.00174712	37.0028	7.40306e-06	0.516654
0.00176193	34.4994	7.40306e-06	0.511313
0.00177673	32.1385	7.40306e-06	0.505942
0.00179154	29.9765	7.40306e-06	0.502816
0.00180635	28.0072	7.40306e-06	0.500168
0.00182115	26.1602	7.40306e-06	0.49649
0.00183596	24.263	7.40306e-06	0.491778
0.00185077	22.6311	7.40306e-06	0.489555
0.00186557	21.094	7.40306e-06	0.487507
0.00188038	19.5952	7.40306e-06	0.484973
0.00189518	18.1424	7.40306e-06	0.482677
0.00190999	16.8193	7.40306e-06	0.476997
0.0019248	15.6224	7.40306e-06	0.475534
0.0019396	14.3604	7.40306e-06	0.471484
0.00195441	13.268	7.40306e-06	0.469691
0.00196921	12.3072	7.40306e-06	0.468478
0.00198402	11.4071	7.40306e-06	0.467048
0.00199883	10.5175	7.40306e-06	0.465765
0.00201363	9.73012	7.40306e-06	0.464756
0.00202844	8.90606	7.40306e-06	0.461606
0.00204324	8.23821	7.40306e-06	0.460716
0.00205805	7.60775	7.40306e-06	0.459903
0.00207286	6.99489	7.40306e-06	0.459069
0.00208766	6.42147	7.40306e-06	0.458341
0.00210247	5.80568	7.40306e-06	0.454866
0.00211728	5.32117	7.40306e-06	0.454165
0.00213208	4.87582	7.40306e-06	0.453475
0.00214689	4.46809	7.40306e-06	0.452923
0.00216169	4.05725	7.40306e-06	0.452171
0.0021765	3.72491	7.40306e-06	0.451808
0.00219131	3.3814	7.40306e-06	0.451133
0.00220611	3.0798	7.40306e-06	0.450644
0.00222092	2.82238	7.40306e-06	0.450249
0.00223572	2.57592	7.40306e-06	0.449984
0.00225053	2.35587	7.40306e-06	0.449757
0.00226534	2.13991	7.40306e-06	0.449311
0.00228014	1.96703	7.40306e-06	0.449114
0.00229495	1.79251	7.40306e-06	0.448825
0.00230976	1.65124	7.40306e-06	0.448653
0.00232456	1.5062	7.40306e-06	0.448381
0.00233937	1.38137	7.40306e-06	0.448239
0.00235417	1.2702	7.40306e-06	0.448094
0.00236898	1.17151	7.40306e-06	0.447883
0.00238379	1.06438	7.40306e-06	0.447679
0.00239859	0.364685	7.40306e-06	0.0291577
0.0024134	0.31036	7.40306e-06	0.0284506
0.0024282	0.252084	7.40306e-06	0.0274135
0.00244301	0.199739	7.40306e-06	0.0259582
0.00245782	0.155822	7.40306e-06	0.0251976
0.00247262	0.115635	7.40306e-06	0.0245003
0.00248743	0.0594274	7.40306e-06	0.00733478
0.00250223	0.0394969	7.40306e-06	0.00584635
0.00251704	0.0223773	7.40306e-06	0.00399109
0.00253185	0.0105931	7.40306e-06	0.0027779
0.00254665	0.00545301	7.40306e-06	0.00196876
0.00256146	0.000630062	7.40306e-06	0.000630073
