0	1126.8	7.37972e-06	3.84668
1.47594e-05	1126.66	7.37972e-06	3.83486
2.95189e-05	1125.97	7.37972e-06	3.80238
4.42783e-05	1124.99	7.37972e-06	3.77588
5.90377e-05	1123.83	7.37972e-06	3.75509
7.37972e-05	1121.86	7.37972e-06	3.72137
8.85566e-05	1119.43	7.37972e-06	3.68733
0.000103316	1116.65	7.37972e-06	3.65658
0.000118075	1113.56	7.37972e-06	3.62356
0.000132835	1110.07	7.37972e-06	3.59198
0.000147594	1106.4	7.37972e-06	3.55868
0.000162354	1102.06	7.37972e-06	3.52758
0.000177113	1097.63	7.37972e-06	3.49837
0.000191873	1091.97	7.37972e-06	3.44616
0.000206632	1086.57	7.37972e-06	3.41513
0.000221392	1080.2	7.37972e-06	3.37355
0.000236151	1074	7.37972e-06	3.34249
0.00025091	1066.83	7.37972e-06	3.2996
0.00026567	1059.53	7.37972e-06	3.25019
0.000280429	1051.45	7.37972e-06	3.1907
0.000295189	1044.08	7.37972e-06	3.15899
0.000309948	1035.64	7.37972e-06	3.11988
0.000324708	1026.69	7.37972e-06	3.0784
0.000339467	1017.98	7.37972e-06	3.04586
0.000354226	1008.39	7.37972e-06	3.00295
0.000368986	999.045	7.37972e-06	2.96862
0.000383745	989.218	7.37972e-06	2.93072
0.000398505	979.106	7.37972e-06	2.89027
0.000413264	968.738	7.37972e-06	2.85499
0.000428024	958.617	7.37972e-06	2.82381
0.000442783	947.334	7.37972e-06	2.77346
0.000457543	936.057	7.37972e-06	2.73866
0.000472302	924.791	7.37972e-06	2.70372
0.000487061	913.367	7.37972e-06	2.67251
0.000501821	901.038	7.37972e-06	2.63297
0.00051658	888.138	7.37972e-06	2.57918
0.00053134	875.074	7.37972e-06	2.53063
0.000546099	862.274	7.37972e-06	2.49248
0.000560859	848.819	7.37972e-06	2.44806
0.000575618	835.244	7.37972e-06	2.40452
0.000590377	821.738	7.37972e-06	2.36612
0.000605137	808.039	7.37972e-06	2.32559
0.000619896	793.852	7.37972e-06	2.28119
0.000634656	780.462	7.37972e-06	2.24894
0.000649415	765.856	7.37972e-06	2.19119
0.000664175	751.497	7.37972e-06	2.15478
0.000678934	737.475	7.37972e-06	2.12186
0.000693694	722.99	7.37972e-06	2.08725
0.000708453	708.452	7.37972e-06	2.05001
0.000723212	693.219	7.37972e-06	1.95265
0.000737972	678.788	7.37972e-06	1.91883
0.000752731	664.317	7.37972e-06	1.88641
0.000767491	649.339	7.37972e-06	1.83872
0.00078225	634.722	7.37972e-06	1.80552
0.00079701	620.21	7.37972e-06	1.77233
0.000811769	605.363	7.37972e-06	1.73385
0.000826528	590.878	7.37972e-06	1.70189
0.000841288	575.844	7.37972e-06	1.65792
0.000856047	561.228	7.37972e-06	1.62563
0.000870807	546.941	7.37972e-06	1.5967
0.000885566	532.879	7.37972e-06	1.56098
0.000900326	518.708	7.37972e-06	1.53201
0.000915085	504.724	7.37972e-06	1.50553
0.000929845	490.529	7.37972e-06	1.47524
0.000944604	475.922	7.37972e-06	1.3882
0.000959363	462.225	7.37972e-06	1.36188
0.000974123	448.547	7.37972e-06	1.33497
0.000988882	435.049	7.37972e-06	1.31006
0.00100364	421.432	7.37972e-06	1.28461
0.0010184	406.891	7.37972e-06	1.11827
0.00103316	393.924	7.37972e-06	1.0922
0.00104792	380.931	7.37972e-06	1.06654
0.00106268	368.325	7.37972e-06	1.04151
0.00107744	355.796	7.37972e-06	1.01523
0.0010922	343.604	7.37972e-06	0.991497
0.00110696	331.766	7.37972e-06	0.968866
0.00112172	319.925	7.37972e-06	0.946412
0.00113648	308.519	7.37972e-06	0.926625
0.00115124	297.468	7.37972e-06	0.90286
0.001166	286.229	7.37972e-06	0.879801
0.00118075	275.472	7.37972e-06	0.856041
0.00119551	264.395	7.37972e-06	0.731878
0.00121027	253.828	7.37972e-06	0.702309
0.00122503	243.679	7.37972e-06	0.677874
0.00123979	233.818	7.37972e-06	0.654339
0.00125455	224.323	7.37972e-06	0.635101
0.00126931	215.143	7.37972e-06	0.615351
0.00128407	205.815	7.37972e-06	0.587493
0.00129883	196.957	7.37972e-06	0.565934
0.00131359	188.587	7.37972e-06	0.549152
0.00132835	180.267	7.37972e-06	0.53212
0.00134311	172.175	7.37972e-06	0.51635
0.00135787	164.19	7.37972e-06	0.493595
0.00137263	156.656	7.37972e-06	0.478017
0.00138739	149.356	7.37972e-06	0.463832
0.00140215	142.117	7.37972e-06	0.447425
0.00141691	135.119	7.37972e-06	0.432064
0.00143167	128.634	7.37972e-06	0.417274
0.00144642	122.245	7.37972e-06	0.396712
0.00146118	116.162	7.37972e-06	0.383732
0.00147594	110.318	7.37972e-06	0.371685
0.0014907	104.698	7.37972e-06	0.359849
0.00150546	99.248	7.37972e-06	0.348862
0.00152022	93.9903	7.37972e-06	0.337586
0.00153498	88.874	7.37972e-06	0.323567
0.00154974	83.9904	7.37972e-06	0.311554
0.0015645	79.3409	7.37972e-06	0.300199
0.00157926	74.9285	7.37972e-06	0.291177
0.00159402	70.7425	7.37972e-06	0.282471
0.00160878	66.7275	7.37972e-06	0.273413
0.00162354	62.6692	7.37972e-06	0.253456
0.0016383	59.0148	7.37972e-06	0.244852
0.00165306	55.4558	7.37972e-06	0.236789
0.00166782	52.1122	7.37972e-06	0.227744
0.00168258	48.9457	7.37972e-06	0.220551
0.00169734	45.9149	7.37972e-06	0.210115
0.00171209	42.9985	7.37972e-06	0.201123
0.00172685	40.2432	7.37972e-06	0.194606
0.00174161	37.6277	7.37972e-06	0.188353
0.00175637	35.0851	7.37972e-06	0.173826
0.00177113	32.8385	7.37972e-06	0.168644
0.00178589	30.559	7.37972e-06	0.156551
0.00180065	28.4284	7.37972e-06	0.140477
0.00181541	26.3832	7.37972e-06	0.1285
0.00183017	24.4941	7.37972e-06	0.120967
0.00184493	22.779	7.37972e-06	0.11535
0.00185969	21.1536	7.37972e-06	0.110316
0.00187445	19.6652	7.37972e-06	0.105575
0.00188921	18.1748	7.37972e-06	0.100741
0.00190397	16.8642	7.37972e-06	0.096492
0.00191873	15.5878	7.37972e-06	0.0914592
0.00193349	14.3979	7.37972e-06	0.086719
0.00194825	13.2869	7.37972e-06	0.0823479
0.00196301	12.2519	7.37972e-06	0.0783768
0.00197776	11.2799	7.37972e-06	0.0748098
0.00199252	10.3439	7.37972e-06	0.0707899
0.00200728	9.47163	7.37972e-06	0.0671705
0.00202204	8.69482	7.37972e-06	0.0639412
0.0020368	7.96989	7.37972e-06	0.0602229
0.00205156	7.28683	7.37972e-06	0.0570268
0.00206632	6.67933	7.37972e-06	0.054308
0.00208108	6.08711	7.37972e-06	0.0515603
0.00209584	5.55164	7.37972e-06	0.0486953
0.0021106	5.0418	7.37972e-06	0.0460504
0.00212536	4.53853	7.37972e-06	0.0432468
0.00214012	4.11892	7.37972e-06	0.0409113
0.00215488	3.71138	7.37972e-06	0.0386058
0.00216964	3.33376	7.37972e-06	0.0363273
0.0021844	2.99313	7.37972e-06	0.0341351
0.00219916	2.68035	7.37972e-06	0.032116
0.00221392	2.39311	7.37972e-06	0.0300806
0.00222867	2.13571	7.37972e-06	0.028281
0.00224343	1.90237	7.37972e-06	0.0265331
0.00225819	1.68909	7.37972e-06	0.02491
0.00227295	1.49203	7.37972e-06	0.0232588
0.00228771	1.29744	7.37972e-06	0.0214909
0.00230247	1.12241	7.37972e-06	0.0198407
0.00231723	0.960187	7.37972e-06	0.0182479
0.00233199	0.825806	7.37972e-06	0.0168176
0.00234675	0.702895	7.37972e-06	0.0154047
0.00236151	0.606615	7.37972e-06	0.0142318
0.00237627	0.501842	7.37972e-06	0.0128411
0.00239103	0.408006	7.37972e-06	0.0115245
0.00240579	0.335953	7.37972e-06	0.0103849
0.00242055	0.279822	7.37972e-06	0.00945936
0.00243531	0.217368	7.37972e-06	0.00826204
0.00245007	0.17263	7.37972e-06	0.00735333
0.00246483	0.129727	7.37972e-06	0.00634878
0.00247959	0.100585	7.37972e-06	0.00556429
0.00249434	0.0745551	7.37972e-06	0.00476307
0.0025091	0.0515311	7.37972e-06	0.00392038
0.00252386	0.0312962	7.37972e-06	0.00302489
0.00253862	0.0170699	7.37972e-06	0.00223003
0.00255338	0.0074601	7.37972e-06	0.00146628
0.00256814	0.00278002	7.37972e-06	0.000880091
