0	1128.24	7.36851e-06	3.85284
1.4737e-05	1128.08	7.36851e-06	3.83435
2.9474e-05	1127.58	7.36851e-06	3.81601
4.42111e-05	1126.23	7.36851e-06	3.76931
5.89481e-05	1124.5	7.36851e-06	3.70388
7.36851e-05	1122.64	7.36851e-06	3.6727
8.84221e-05	1120.53	7.36851e-06	3.64335
0.000103159	1117.82	7.36851e-06	3.61313
0.000117896	1114.55	7.36851e-06	3.57542
0.000132633	1111.14	7.36851e-06	3.54289
0.00014737	1107.1	7.36851e-06	3.50621
0.000162107	1102.02	7.36851e-06	3.4533
0.000176844	1097.47	7.36851e-06	3.41997
0.000191581	1092.23	7.36851e-06	3.38227
0.000206318	1085.94	7.36851e-06	3.3239
0.000221055	1080.08	7.36851e-06	3.28744
0.000235792	1074.35	7.36851e-06	3.25516
0.000250529	1067.57	7.36851e-06	3.21737
0.000265266	1059.91	7.36851e-06	3.16992
0.000280003	1051.58	7.36851e-06	3.11672
0.00029474	1044.37	7.36851e-06	3.08664
0.000309477	1036.66	7.36851e-06	3.05445
0.000324214	1027.93	7.36851e-06	3.0098
0.000338952	1019.3	7.36851e-06	2.97477
0.000353689	1008.8	7.36851e-06	2.87474
0.000368426	999.62	7.36851e-06	2.84163
0.000383163	990.207	7.36851e-06	2.80818
0.0003979	980.278	7.36851e-06	2.77231
0.000412637	969.958	7.36851e-06	2.73454
0.000427374	959.609	7.36851e-06	2.69801
0.000442111	948.557	7.36851e-06	2.6607
0.000456848	936.984	7.36851e-06	2.62191
0.000471585	925.61	7.36851e-06	2.58296
0.000486322	913.743	7.36851e-06	2.5458
0.000501059	901.82	7.36851e-06	2.50912
0.000515796	889.235	7.36851e-06	2.47139
0.000530533	876.332	7.36851e-06	2.42686
0.00054527	863.444	7.36851e-06	2.38601
0.000560007	850.01	7.36851e-06	2.34272
0.000574744	836.762	7.36851e-06	2.30449
0.000589481	823.623	7.36851e-06	2.2664
0.000604218	809.965	7.36851e-06	2.22012
0.000618955	795.829	7.36851e-06	2.17949
0.000633692	781.719	7.36851e-06	2.13652
0.000648429	767.456	7.36851e-06	2.07667
0.000663166	753.355	7.36851e-06	2.04028
0.000677903	738.088	7.36851e-06	1.94022
0.00069264	723.901	7.36851e-06	1.90498
0.000707377	709.224	7.36851e-06	1.8676
0.000722114	694.729	7.36851e-06	1.82714
0.000736851	680.145	7.36851e-06	1.79099
0.000751588	665.433	7.36851e-06	1.75499
0.000766325	650.603	7.36851e-06	1.71957
0.000781062	635.705	7.36851e-06	1.6683
0.000795799	621.371	7.36851e-06	1.63519
0.000810536	606.437	7.36851e-06	1.57882
0.000825273	591.898	7.36851e-06	1.54606
0.00084001	577.398	7.36851e-06	1.50224
0.000854747	562.982	7.36851e-06	1.47027
0.000869484	548.51	7.36851e-06	1.43535
0.000884221	534.054	7.36851e-06	1.40392
0.000898958	519.1	7.36851e-06	1.26904
0.000913695	504.61	7.36851e-06	1.23202
0.000928432	490.682	7.36851e-06	1.20153
0.000943169	476.641	7.36851e-06	1.15742
0.000957906	462.965	7.36851e-06	1.126
0.000972643	449.261	7.36851e-06	1.09332
0.000987381	435.631	7.36851e-06	1.05735
0.00100212	422.403	7.36851e-06	1.02829
0.00101685	408.964	7.36851e-06	0.993533
0.00103159	395.869	7.36851e-06	0.961034
0.00104633	382.974	7.36851e-06	0.931144
0.00106107	370.307	7.36851e-06	0.901237
0.0010758	357.77	7.36851e-06	0.873509
0.00109054	345.501	7.36851e-06	0.84747
0.00110528	333.279	7.36851e-06	0.821042
0.00112001	321.358	7.36851e-06	0.79481
0.00113475	309.742	7.36851e-06	0.767357
0.00114949	298.282	7.36851e-06	0.738484
0.00116422	287.242	7.36851e-06	0.714808
0.00117896	276.401	7.36851e-06	0.692698
0.0011937	265.753	7.36851e-06	0.668658
0.00120844	255.442	7.36851e-06	0.648411
0.00122317	245.366	7.36851e-06	0.627786
0.00123791	235.275	7.36851e-06	0.606292
0.00125265	225.406	7.36851e-06	0.583531
0.00126738	216.006	7.36851e-06	0.564023
0.00128212	206.726	7.36851e-06	0.543165
0.00129686	197.91	7.36851e-06	0.52324
0.0013116	189.347	7.36851e-06	0.504757
0.00132633	180.785	7.36851e-06	0.477089
0.00134107	172.604	7.36851e-06	0.460493
0.00135581	164.86	7.36851e-06	0.444638
0.00137054	157.091	7.36851e-06	0.428204
0.00138528	149.717	7.36851e-06	0.413086
0.00140002	142.623	7.36851e-06	0.397927
0.00141475	135.58	7.36851e-06	0.381705
0.00142949	128.994	7.36851e-06	0.367832
0.00144423	122.483	7.36851e-06	0.353292
0.00145897	116.392	7.36851e-06	0.340978
0.0014737	110.393	7.36851e-06	0.328903
0.00148844	104.585	7.36851e-06	0.302549
0.00150318	99.0628	7.36851e-06	0.289982
0.00151791	93.8285	7.36851e-06	0.278703
0.00153265	88.7992	7.36851e-06	0.267493
0.00154739	83.951	7.36851e-06	0.257091
0.00156212	79.4238	7.36851e-06	0.247439
0.00157686	75.1033	7.36851e-06	0.238029
0.0015916	70.8626	7.36851e-06	0.228486
0.00160634	66.8516	7.36851e-06	0.21864
0.00162107	62.9319	7.36851e-06	0.209002
0.00163581	59.2517	7.36851e-06	0.199401
0.00165055	55.7257	7.36851e-06	0.190879
0.00166528	52.3585	7.36851e-06	0.18285
0.00168002	49.1104	7.36851e-06	0.175103
0.00169476	46.1031	7.36851e-06	0.16784
0.00170949	43.1545	7.36851e-06	0.160618
0.00172423	40.3949	7.36851e-06	0.153278
0.00173897	37.8119	7.36851e-06	0.146738
0.00175371	35.3356	7.36851e-06	0.140444
0.00176844	33.0058	7.36851e-06	0.13448
0.00178318	30.7433	7.36851e-06	0.128101
0.00179792	28.6367	7.36851e-06	0.122494
0.00181265	26.6471	7.36851e-06	0.116971
0.00182739	24.7816	7.36851e-06	0.111563
0.00184213	23.0542	7.36851e-06	0.106672
0.00185686	21.3962	7.36851e-06	0.101613
0.0018716	19.8398	7.36851e-06	0.0969708
0.00188634	18.3879	7.36851e-06	0.0926414
0.00190108	17.0144	7.36851e-06	0.0883287
0.00191581	15.7379	7.36851e-06	0.0842854
0.00193055	14.5325	7.36851e-06	0.0802847
0.00194529	13.4086	7.36851e-06	0.0764963
0.00196002	12.3468	7.36851e-06	0.0729079
0.00197476	11.3756	7.36851e-06	0.0694413
0.0019895	10.4314	7.36851e-06	0.065996
0.00200424	9.55488	7.36851e-06	0.0627321
0.00201897	8.75739	7.36851e-06	0.0596395
0.00203371	7.98795	7.36851e-06	0.0565129
0.00204845	7.31023	7.36851e-06	0.0537013
0.00206318	6.67225	7.36851e-06	0.0509702
0.00207792	6.06352	7.36851e-06	0.0482843
0.00209266	5.50581	7.36851e-06	0.0457196
0.00210739	4.99402	7.36851e-06	0.0432595
0.00212213	4.51138	7.36851e-06	0.0408621
0.00213687	4.07789	7.36851e-06	0.0386296
0.00215161	3.67506	7.36851e-06	0.0364518
0.00216634	3.29759	7.36851e-06	0.0343016
0.00218108	2.97163	7.36851e-06	0.0323951
0.00219582	2.67399	7.36851e-06	0.0305676
0.00221055	2.38886	7.36851e-06	0.0287286
0.00222529	2.14925	7.36851e-06	0.0271192
0.00224003	1.89669	7.36851e-06	0.0253588
0.00225476	1.66528	7.36851e-06	0.0236188
0.0022695	1.4622	7.36851e-06	0.0219997
0.00228424	1.27591	7.36851e-06	0.0204386
0.00229898	1.11234	7.36851e-06	0.0189901
0.00231371	0.957678	7.36851e-06	0.0175252
0.00232845	0.832226	7.36851e-06	0.0162628
0.00234319	0.712014	7.36851e-06	0.014967
0.00235792	0.599582	7.36851e-06	0.0136614
0.00237266	0.499619	7.36851e-06	0.0124013
0.0023874	0.42146	7.36851e-06	0.0113358
0.00240213	0.350188	7.36851e-06	0.0102832
0.00241687	0.280475	7.36851e-06	0.00917346
0.00243161	0.2272	7.36851e-06	0.00822442
0.00244635	0.179127	7.36851e-06	0.00727599
0.00246108	0.143968	7.36851e-06	0.00650213
0.00247582	0.102734	7.36851e-06	0.00545939
0.00249056	0.0699083	7.36851e-06	0.00447508
0.00250529	0.0503562	7.36851e-06	0.00377994
0.00252003	0.0336225	7.36851e-06	0.00308641
0.00253477	0.0196234	7.36851e-06	0.00234821
0.0025495	0.00887218	7.36851e-06	0.00156939
0.00256424	0.00249539	7.36851e-06	0.0008322
