0	1125.8	7.34698e-06	3.923
1.4694e-05	1125.41	7.34698e-06	3.83278
2.93879e-05	1124.53	7.34698e-06	3.77771
4.40819e-05	1123.7	7.34698e-06	3.75855
5.87758e-05	1122.54	7.34698e-06	3.74139
7.34698e-05	1120.8	7.34698e-06	3.7174
8.81637e-05	1118.64	7.34698e-06	3.69201
0.000102858	1115.76	7.34698e-06	3.66002
0.000117552	1112.62	7.34698e-06	3.6269
0.000132246	1109.16	7.34698e-06	3.59891
0.00014694	1105.3	7.34698e-06	3.56833
0.000161633	1101.24	7.34698e-06	3.54025
0.000176327	1096.54	7.34698e-06	3.5103
0.000191021	1091.17	7.34698e-06	3.47418
0.000205715	1085.61	7.34698e-06	3.4434
0.000220409	1079.59	7.34698e-06	3.40931
0.000235103	1073.24	7.34698e-06	3.37532
0.000249797	1066.9	7.34698e-06	3.34746
0.000264491	1060.28	7.34698e-06	3.32026
0.000279185	1052.49	7.34698e-06	3.24576
0.000293879	1045	7.34698e-06	3.21559
0.000308573	1037.19	7.34698e-06	3.18584
0.000323267	1028.99	7.34698e-06	3.14751
0.000337961	1020.06	7.34698e-06	3.11148
0.000352655	1010.64	7.34698e-06	3.07034
0.000367349	1001.6	7.34698e-06	3.04033
0.000382043	992.015	7.34698e-06	3.00819
0.000396737	982.204	7.34698e-06	2.97739
0.000411431	971.942	7.34698e-06	2.94268
0.000426125	961.442	7.34698e-06	2.91111
0.000440819	950.521	7.34698e-06	2.87802
0.000455512	939.086	7.34698e-06	2.84124
0.000470206	927.522	7.34698e-06	2.80722
0.0004849	915.953	7.34698e-06	2.77598
0.000499594	903.759	7.34698e-06	2.73989
0.000514288	891.328	7.34698e-06	2.70408
0.000528982	878.677	7.34698e-06	2.66383
0.000543676	865.27	7.34698e-06	2.62395
0.00055837	852.393	7.34698e-06	2.59185
0.000573064	839.645	7.34698e-06	2.55997
0.000587758	826.407	7.34698e-06	2.52766
0.000602452	812.963	7.34698e-06	2.49645
0.000617146	799.105	7.34698e-06	2.4615
0.00063184	784.687	7.34698e-06	2.34021
0.000646534	770.869	7.34698e-06	2.30788
0.000661228	757.295	7.34698e-06	2.27829
0.000675922	742.961	7.34698e-06	2.24711
0.000690616	728.14	7.34698e-06	2.20861
0.00070531	713.823	7.34698e-06	2.17665
0.000720004	699.327	7.34698e-06	2.14406
0.000734698	684.47	7.34698e-06	2.10389
0.000749392	668.624	7.34698e-06	1.88365
0.000764085	653.851	7.34698e-06	1.84718
0.000778779	638.974	7.34698e-06	1.81338
0.000793473	623.944	7.34698e-06	1.77619
0.000808167	609.422	7.34698e-06	1.74
0.000822861	594.352	7.34698e-06	1.65705
0.000837555	580.05	7.34698e-06	1.62668
0.000852249	565.199	7.34698e-06	1.58861
0.000866943	550.62	7.34698e-06	1.55315
0.000881637	536.371	7.34698e-06	1.51979
0.000896331	521.649	7.34698e-06	1.48171
0.000911025	507.226	7.34698e-06	1.44745
0.000925719	493.398	7.34698e-06	1.41834
0.000940413	478.935	7.34698e-06	1.37344
0.000955107	465.381	7.34698e-06	1.34512
0.000969801	451.804	7.34698e-06	1.31386
0.000984495	438.24	7.34698e-06	1.28665
0.000999189	425.019	7.34698e-06	1.25897
0.00101388	411.432	7.34698e-06	1.22094
0.00102858	398.615	7.34698e-06	1.19224
0.00104327	385.898	7.34698e-06	1.16364
0.00105796	373.068	7.34698e-06	1.13434
0.00107266	360.465	7.34698e-06	1.10795
0.00108735	348.358	7.34698e-06	1.083
0.00110205	336.305	7.34698e-06	1.05653
0.00111674	324.469	7.34698e-06	1.03242
0.00113143	312.563	7.34698e-06	1.00142
0.00114613	300.992	7.34698e-06	0.975372
0.00116082	289.558	7.34698e-06	0.947756
0.00117552	278.744	7.34698e-06	0.927402
0.00119021	268.144	7.34698e-06	0.906236
0.0012049	257.613	7.34698e-06	0.883009
0.0012196	247.327	7.34698e-06	0.861041
0.00123429	237.489	7.34698e-06	0.838192
0.00124899	227.956	7.34698e-06	0.820455
0.00126368	218.272	7.34698e-06	0.792882
0.00127837	209.072	7.34698e-06	0.773065
0.00129307	200.041	7.34698e-06	0.755025
0.00130776	191.431	7.34698e-06	0.735907
0.00132246	182.789	7.34698e-06	0.707524
0.00133715	174.69	7.34698e-06	0.688162
0.00135184	166.992	7.34698e-06	0.671987
0.00136654	159.207	7.34698e-06	0.653161
0.00138123	151.749	7.34698e-06	0.633381
0.00139593	144.465	7.34698e-06	0.614312
0.00141062	137.477	7.34698e-06	0.59742
0.00142531	130.73	7.34698e-06	0.579215
0.00144001	124.204	7.34698e-06	0.563871
0.0014547	117.978	7.34698e-06	0.550904
0.0014694	112.019	7.34698e-06	0.538339
0.00148409	106.158	7.34698e-06	0.523266
0.00149878	100.542	7.34698e-06	0.498022
0.00151348	95.074	7.34698e-06	0.459389
0.00152817	90.1567	7.34698e-06	0.448574
0.00154286	85.2523	7.34698e-06	0.432384
0.00155756	80.4749	7.34698e-06	0.407883
0.00157225	76.1394	7.34698e-06	0.398535
0.00158695	71.8374	7.34698e-06	0.385927
0.00160164	67.9245	7.34698e-06	0.376483
0.00161633	64.0193	7.34698e-06	0.36665
0.00163103	60.2344	7.34698e-06	0.350273
0.00164572	56.7204	7.34698e-06	0.341848
0.00166042	53.319	7.34698e-06	0.333753
0.00167511	50.155	7.34698e-06	0.316807
0.0016898	47.0572	7.34698e-06	0.306214
0.0017045	44.0827	7.34698e-06	0.296754
0.00171919	41.2592	7.34698e-06	0.285895
0.00173389	38.591	7.34698e-06	0.277641
0.00174858	35.9544	7.34698e-06	0.249444
0.00176327	33.4648	7.34698e-06	0.236146
0.00177797	31.0669	7.34698e-06	0.211378
0.00179266	29.0371	7.34698e-06	0.204823
0.00180736	27.1347	7.34698e-06	0.198419
0.00182205	25.1946	7.34698e-06	0.18725
0.00183674	23.4934	7.34698e-06	0.180168
0.00185144	21.76	7.34698e-06	0.17326
0.00186613	20.2327	7.34698e-06	0.167939
0.00188083	18.7185	7.34698e-06	0.161578
0.00189552	17.3289	7.34698e-06	0.155831
0.00191021	16.0312	7.34698e-06	0.150078
0.00192491	14.7883	7.34698e-06	0.144792
0.0019396	13.5687	7.34698e-06	0.137621
0.0019543	12.4846	7.34698e-06	0.132617
0.00196899	11.3896	7.34698e-06	0.120642
0.00198368	10.4113	7.34698e-06	0.114513
0.00199838	9.52389	7.34698e-06	0.109618
0.00201307	8.73264	7.34698e-06	0.105032
0.00202777	8.00883	7.34698e-06	0.100951
0.00204246	7.30753	7.34698e-06	0.0951973
0.00205715	6.72011	7.34698e-06	0.0922894
0.00207185	6.13497	7.34698e-06	0.0886207
0.00208654	5.5743	7.34698e-06	0.0855798
0.00210124	5.05216	7.34698e-06	0.0808872
0.00211593	4.61608	7.34698e-06	0.0774714
0.00213062	4.18259	7.34698e-06	0.0738138
0.00214532	3.77349	7.34698e-06	0.0710548
0.00216001	3.3819	7.34698e-06	0.0663001
0.0021747	3.05718	7.34698e-06	0.0629678
0.0021894	2.74986	7.34698e-06	0.0603364
0.00220409	2.46822	7.34698e-06	0.0563049
0.00221879	2.21322	7.34698e-06	0.0534321
0.00223348	1.92869	7.34698e-06	0.0480191
0.00224817	1.70689	7.34698e-06	0.0454699
0.00226287	1.50055	7.34698e-06	0.0411836
0.00227756	1.34614	7.34698e-06	0.0396205
0.00229226	1.1863	7.34698e-06	0.0377383
0.00230695	1.03391	7.34698e-06	0.035061
0.00232164	0.905366	7.34698e-06	0.0332822
0.00233634	0.775545	7.34698e-06	0.0312738
0.00235103	0.661466	7.34698e-06	0.0293226
0.00236573	0.545278	7.34698e-06	0.0251696
0.00238042	0.453929	7.34698e-06	0.0227834
0.00239511	0.395669	7.34698e-06	0.0219741
0.00240981	0.327101	7.34698e-06	0.0192639
0.0024245	0.259356	7.34698e-06	0.0177537
0.0024392	0.202226	7.34698e-06	0.0130259
0.00245389	0.159177	7.34698e-06	0.0113748
0.00246858	0.125722	7.34698e-06	0.0100013
0.00248328	0.097551	7.34698e-06	0.00874088
0.00249797	0.0738053	7.34698e-06	0.00720112
0.00251267	0.0530245	7.34698e-06	0.00634882
0.00252736	0.032086	7.34698e-06	0.00498387
0.00254205	0.0197039	7.34698e-06	0.0038423
0.00255675	0.00831756	7.34698e-06	0.00230563
0.00257144	0.000952436	7.34698e-06	0.000673857
