0	1124.64	7.37645e-06	3.96334
1.47529e-05	1124.37	7.37645e-06	3.91982
2.95058e-05	1123.75	7.37645e-06	3.89414
4.42587e-05	1122.95	7.37645e-06	3.87759
5.90116e-05	1121.51	7.37645e-06	3.85014
7.37645e-05	1119.94	7.37645e-06	3.8307
8.85174e-05	1117.82	7.37645e-06	3.8072
0.00010327	1115.16	7.37645e-06	3.77921
0.000118023	1111.93	7.37645e-06	3.7445
0.000132776	1108.7	7.37645e-06	3.72032
0.000147529	1104.85	7.37645e-06	3.68966
0.000162282	1100.25	7.37645e-06	3.65571
0.000177035	1095.75	7.37645e-06	3.62739
0.000191788	1090.68	7.37645e-06	3.59471
0.000206541	1084.09	7.37645e-06	3.5133
0.000221293	1077.58	7.37645e-06	3.46868
0.000236046	1070.68	7.37645e-06	3.42946
0.000250799	1064.32	7.37645e-06	3.40143
0.000265552	1057.01	7.37645e-06	3.36404
0.000280305	1049.51	7.37645e-06	3.33039
0.000295058	1041.92	7.37645e-06	3.29904
0.000309811	1033.77	7.37645e-06	3.2673
0.000324564	1025.67	7.37645e-06	3.23685
0.000339317	1016.93	7.37645e-06	3.20427
0.00035407	1007.25	7.37645e-06	3.15772
0.000368822	997.487	7.37645e-06	3.11898
0.000383575	987.657	7.37645e-06	3.08363
0.000398328	977.017	7.37645e-06	3.0422
0.000413081	966.196	7.37645e-06	2.99739
0.000427834	955.861	7.37645e-06	2.96502
0.000442587	945.109	7.37645e-06	2.93143
0.00045734	933.67	7.37645e-06	2.89598
0.000472093	921.651	7.37645e-06	2.85317
0.000486846	909.674	7.37645e-06	2.80489
0.000501599	896.963	7.37645e-06	2.75716
0.000516351	884.857	7.37645e-06	2.72571
0.000531104	872.003	7.37645e-06	2.68876
0.000545857	859.643	7.37645e-06	2.65942
0.00056061	846.34	7.37645e-06	2.61383
0.000575363	833.018	7.37645e-06	2.57945
0.000590116	820.097	7.37645e-06	2.54926
0.000604869	806.78	7.37645e-06	2.51858
0.000619622	793.741	7.37645e-06	2.49087
0.000634375	780.058	7.37645e-06	2.46077
0.000649128	766.14	7.37645e-06	2.42805
0.00066388	752.183	7.37645e-06	2.39639
0.000678633	738.094	7.37645e-06	2.36524
0.000693386	723.392	7.37645e-06	2.32889
0.000708139	709.236	7.37645e-06	2.30012
0.000722892	694.821	7.37645e-06	2.26976
0.000737645	679.989	7.37645e-06	2.23414
0.000752398	665.128	7.37645e-06	2.20046
0.000767151	650.91	7.37645e-06	2.17467
0.000781904	636.637	7.37645e-06	2.14789
0.000796657	621.893	7.37645e-06	2.10171
0.000811409	607.176	7.37645e-06	2.05883
0.000826162	592.572	7.37645e-06	2.01216
0.000840915	577.42	7.37645e-06	1.96728
0.000855668	563.231	7.37645e-06	1.94296
0.000870421	548.919	7.37645e-06	1.91779
0.000885174	534.476	7.37645e-06	1.89322
0.000899927	519.556	7.37645e-06	1.84362
0.00091468	505.622	7.37645e-06	1.82182
0.000929433	491.505	7.37645e-06	1.7929
0.000944186	477.216	7.37645e-06	1.76849
0.000958938	463.582	7.37645e-06	1.747
0.000973691	449.899	7.37645e-06	1.72471
0.000988444	436.778	7.37645e-06	1.70544
0.0010032	423.428	7.37645e-06	1.6829
0.00101795	410.054	7.37645e-06	1.64383
0.0010327	397.07	7.37645e-06	1.6224
0.00104746	384.457	7.37645e-06	1.60437
0.00106221	371.94	7.37645e-06	1.572
0.00107696	359.616	7.37645e-06	1.55451
0.00109171	347.061	7.37645e-06	1.5291
0.00110647	334.968	7.37645e-06	1.50565
0.00112122	323.322	7.37645e-06	1.48976
0.00113597	311.671	7.37645e-06	1.47252
0.00115073	300.155	7.37645e-06	1.45606
0.00116548	289.219	7.37645e-06	1.44276
0.00118023	278.371	7.37645e-06	1.4285
0.00119498	267.848	7.37645e-06	1.4165
0.00120974	257.488	7.37645e-06	1.40412
0.00122449	247.432	7.37645e-06	1.39256
0.00123924	237.565	7.37645e-06	1.37356
0.001254	228.087	7.37645e-06	1.36375
0.00126875	218.652	7.37645e-06	1.35398
0.0012835	208.355	7.37645e-06	1.21793
0.00129826	199.254	7.37645e-06	1.20087
0.00131301	190.239	7.37645e-06	1.17833
0.00132776	181.886	7.37645e-06	1.16779
0.00134251	173.924	7.37645e-06	1.1597
0.00135727	166.015	7.37645e-06	1.15083
0.00137202	158.485	7.37645e-06	1.14199
0.00138677	150.976	7.37645e-06	1.13176
0.00140153	143.867	7.37645e-06	1.12327
0.00141628	136.989	7.37645e-06	1.10875
0.00143103	130.471	7.37645e-06	1.10315
0.00144578	123.761	7.37645e-06	1.08355
0.00146054	117.612	7.37645e-06	1.07674
0.00147529	111.577	7.37645e-06	1.06964
0.00149004	105.806	7.37645e-06	1.06361
0.0015048	100.34	7.37645e-06	1.05848
0.00151955	93.7374	7.37645e-06	0.387805
0.0015343	88.6717	7.37645e-06	0.375435
0.00154905	83.8051	7.37645e-06	0.363865
0.00156381	79.2194	7.37645e-06	0.35234
0.00157856	74.7589	7.37645e-06	0.341839
0.00159331	70.5833	7.37645e-06	0.330807
0.00160807	66.6064	7.37645e-06	0.321219
0.00162282	62.6356	7.37645e-06	0.305638
0.00163757	58.9628	7.37645e-06	0.297539
0.00165232	55.4632	7.37645e-06	0.288945
0.00166708	51.8953	7.37645e-06	0.276127
0.00168183	48.7371	7.37645e-06	0.268415
0.00169658	45.7137	7.37645e-06	0.260451
0.00171134	42.8428	7.37645e-06	0.247604
0.00172609	40.29	7.37645e-06	0.242101
0.00174084	37.7278	7.37645e-06	0.235407
0.0017556	35.1493	7.37645e-06	0.222048
0.00177035	32.8392	7.37645e-06	0.214962
0.0017851	30.6595	7.37645e-06	0.208727
0.00179985	28.6206	7.37645e-06	0.20353
0.00181461	26.5232	7.37645e-06	0.190849
0.00182936	24.7157	7.37645e-06	0.186129
0.00184411	22.9336	7.37645e-06	0.172801
0.00185887	21.3035	7.37645e-06	0.165515
0.00187362	19.7577	7.37645e-06	0.15726
0.00188837	18.2683	7.37645e-06	0.145184
0.00190312	16.9978	7.37645e-06	0.141315
0.00191788	15.7399	7.37645e-06	0.130429
0.00193263	14.4607	7.37645e-06	0.117887
0.00194738	13.3219	7.37645e-06	0.112628
0.00196214	12.3094	7.37645e-06	0.108881
0.00197689	11.3465	7.37645e-06	0.103801
0.00199164	10.3949	7.37645e-06	0.0992137
0.00200639	9.53831	7.37645e-06	0.0938576
0.00202115	8.68002	7.37645e-06	0.088442
0.0020359	7.93268	7.37645e-06	0.0841662
0.00205065	7.2529	7.37645e-06	0.0807313
0.00206541	6.63114	7.37645e-06	0.0778339
0.00208016	6.07103	7.37645e-06	0.0752693
0.00209491	5.53887	7.37645e-06	0.0730067
0.00210966	5.01929	7.37645e-06	0.0704479
0.00212442	4.56785	7.37645e-06	0.0674429
0.00213917	4.14074	7.37645e-06	0.0648451
0.00215392	3.7189	7.37645e-06	0.0623977
0.00216868	3.32862	7.37645e-06	0.0601731
0.00218343	3.00467	7.37645e-06	0.056814
0.00219818	2.6789	7.37645e-06	0.0532473
0.00221293	2.37338	7.37645e-06	0.0511345
0.00222769	2.10178	7.37645e-06	0.0491718
0.00224244	1.88015	7.37645e-06	0.0478713
0.00225719	1.66985	7.37645e-06	0.046072
0.00227195	1.47666	7.37645e-06	0.0438057
0.0022867	1.31897	7.37645e-06	0.0429963
0.00230145	1.13742	7.37645e-06	0.0380011
0.00231621	0.954344	7.37645e-06	0.0245802
0.00233096	0.814373	7.37645e-06	0.0190325
0.00234571	0.683718	7.37645e-06	0.0173025
0.00236046	0.585161	7.37645e-06	0.0159093
0.00237522	0.497643	7.37645e-06	0.0145832
0.00238997	0.408622	7.37645e-06	0.0131195
0.00240472	0.336829	7.37645e-06	0.0118209
0.00241948	0.275661	7.37645e-06	0.0106602
0.00243423	0.228159	7.37645e-06	0.00971098
0.00244898	0.180973	7.37645e-06	0.00846383
0.00246373	0.134875	7.37645e-06	0.00714536
0.00247849	0.0938499	7.37645e-06	0.005881
0.00249324	0.0661514	7.37645e-06	0.0048663
0.00250799	0.0424334	7.37645e-06	0.0038862
0.00252275	0.0230182	7.37645e-06	0.00281832
0.0025375	0.0110569	7.37645e-06	0.00192023
0.00255225	0.00375912	7.37645e-06	0.00114979
0.002567	0.000933325	7.37645e-06	0.000539146
