0	1125.94	7.3686e-06	3.98124
1.47372e-05	1125.94	7.3686e-06	3.98124
2.94744e-05	1124	7.3686e-06	3.68715
4.42116e-05	1122.9	7.3686e-06	3.65344
5.89488e-05	1121.58	7.3686e-06	3.62909
7.3686e-05	1120	7.3686e-06	3.60762
8.84232e-05	1117.31	7.3686e-06	3.55896
0.00010316	1114.7	7.3686e-06	3.52687
0.000117898	1111.71	7.3686e-06	3.49771
0.000132635	1108.04	7.3686e-06	3.45384
0.000147372	1104.23	7.3686e-06	3.41996
0.000162109	1100.44	7.3686e-06	3.3943
0.000176846	1096.37	7.3686e-06	3.37065
0.000191584	1091.13	7.3686e-06	3.33424
0.000206321	1085.67	7.3686e-06	3.3006
0.000221058	1079.39	7.3686e-06	3.25942
0.000235795	1073.5	7.3686e-06	3.22826
0.000250532	1066.3	7.3686e-06	3.18633
0.00026527	1058.52	7.3686e-06	3.10959
0.000280007	1051.45	7.3686e-06	3.07544
0.000294744	1044.08	7.3686e-06	3.04498
0.000309481	1035.89	7.3686e-06	3.00968
0.000324218	1027.4	7.3686e-06	2.97432
0.000338956	1018.33	7.3686e-06	2.93078
0.000353693	1009.45	7.3686e-06	2.89788
0.00036843	999.783	7.3686e-06	2.85985
0.000383167	989.633	7.3686e-06	2.81629
0.000397904	978.593	7.3686e-06	2.76067
0.000412642	967.853	7.3686e-06	2.71847
0.000427379	957.364	7.3686e-06	2.68383
0.000442116	946.418	7.3686e-06	2.64642
0.000456853	935.108	7.3686e-06	2.60948
0.00047159	923.473	7.3686e-06	2.55738
0.000486328	911.637	7.3686e-06	2.52104
0.000501065	899.394	7.3686e-06	2.48341
0.000515802	886.875	7.3686e-06	2.44422
0.000530539	874.163	7.3686e-06	2.40583
0.000545276	860.838	7.3686e-06	2.35653
0.000560014	848.186	7.3686e-06	2.32028
0.000574751	835.009	7.3686e-06	2.28178
0.000589488	821.792	7.3686e-06	2.24274
0.000604225	808.529	7.3686e-06	2.20792
0.000618962	794.929	7.3686e-06	2.17268
0.0006337	781.218	7.3686e-06	2.1344
0.000648437	767.39	7.3686e-06	2.09829
0.000663174	753.227	7.3686e-06	2.06014
0.000677911	738.389	7.3686e-06	1.99319
0.000692649	724.22	7.3686e-06	1.95922
0.000707386	710.16	7.3686e-06	1.9268
0.000722123	695.665	7.3686e-06	1.88916
0.00073686	680.276	7.3686e-06	1.77439
0.000751597	665.579	7.3686e-06	1.73507
0.000766335	651.205	7.3686e-06	1.69921
0.000781072	636.766	7.3686e-06	1.66522
0.000795809	622.449	7.3686e-06	1.63354
0.000810546	607.874	7.3686e-06	1.59998
0.000825283	593.355	7.3686e-06	1.56457
0.000840021	578.899	7.3686e-06	1.52947
0.000854758	564.059	7.3686e-06	1.49221
0.000869495	549.589	7.3686e-06	1.45691
0.000884232	534.972	7.3686e-06	1.41466
0.000898969	520.665	7.3686e-06	1.38249
0.000913707	506.5	7.3686e-06	1.35044
0.000928444	492.402	7.3686e-06	1.32021
0.000943181	478.377	7.3686e-06	1.28705
0.000957918	464.284	7.3686e-06	1.25545
0.000972655	450.753	7.3686e-06	1.22382
0.000987393	437.283	7.3686e-06	1.19587
0.00100213	423.643	7.3686e-06	1.16257
0.00101687	410.559	7.3686e-06	1.13356
0.0010316	397.594	7.3686e-06	1.10592
0.00104634	385.001	7.3686e-06	1.08105
0.00106108	371.926	7.3686e-06	1.04091
0.00107582	359.716	7.3686e-06	1.01641
0.00109055	347.201	7.3686e-06	0.986361
0.00110529	335.104	7.3686e-06	0.961182
0.00112003	323.185	7.3686e-06	0.935739
0.00113476	311.253	7.3686e-06	0.890564
0.0011495	299.823	7.3686e-06	0.866879
0.00116424	288.511	7.3686e-06	0.84188
0.00117898	277.781	7.3686e-06	0.820401
0.00119371	267.014	7.3686e-06	0.79558
0.00120845	256.372	7.3686e-06	0.762918
0.00122319	246.059	7.3686e-06	0.731055
0.00123792	236.228	7.3686e-06	0.710004
0.00125266	226.396	7.3686e-06	0.681761
0.0012674	217.104	7.3686e-06	0.664097
0.00128214	207.984	7.3686e-06	0.646221
0.00129687	199.049	7.3686e-06	0.626724
0.00131161	190.11	7.3686e-06	0.594029
0.00132635	181.913	7.3686e-06	0.577489
0.00134109	173.849	7.3686e-06	0.560432
0.00135582	165.992	7.3686e-06	0.541743
0.00137056	158.16	7.3686e-06	0.516348
0.0013853	150.71	7.3686e-06	0.500407
0.00140003	143.423	7.3686e-06	0.483259
0.00141477	136.452	7.3686e-06	0.456144
0.00142951	129.919	7.3686e-06	0.442278
0.00144425	123.563	7.3686e-06	0.428621
0.00145898	117.335	7.3686e-06	0.410772
0.00147372	111.278	7.3686e-06	0.393809
0.00148846	105.503	7.3686e-06	0.380356
0.00150319	99.9559	7.3686e-06	0.365341
0.00151793	94.538	7.3686e-06	0.35083
0.00153267	89.5162	7.3686e-06	0.340113
0.00154741	84.5681	7.3686e-06	0.326225
0.00156214	79.7343	7.3686e-06	0.307858
0.00157688	75.1837	7.3686e-06	0.295885
0.00159162	71.0169	7.3686e-06	0.287124
0.00160636	66.9384	7.3686e-06	0.276884
0.00162109	63.1257	7.3686e-06	0.267543
0.00163583	59.2988	7.3686e-06	0.254257
0.00165057	55.7104	7.3686e-06	0.240995
0.0016653	52.3027	7.3686e-06	0.229627
0.00168004	49.0391	7.3686e-06	0.220012
0.00169478	45.9888	7.3686e-06	0.210855
0.00170952	43.2283	7.3686e-06	0.203973
0.00172425	40.4418	7.3686e-06	0.19568
0.00173899	37.9097	7.3686e-06	0.189432
0.00175373	35.378	7.3686e-06	0.175764
0.00176846	33.0433	7.3686e-06	0.169489
0.0017832	30.9115	7.3686e-06	0.163685
0.00179794	28.8326	7.3686e-06	0.15772
0.00181268	26.8352	7.3686e-06	0.151024
0.00182741	24.9612	7.3686e-06	0.145227
0.00184215	23.2121	7.3686e-06	0.139803
0.00185689	21.6122	7.3686e-06	0.134123
0.00187162	19.984	7.3686e-06	0.127612
0.00188636	18.5268	7.3686e-06	0.120821
0.0019011	17.1248	7.3686e-06	0.115685
0.00191584	15.8435	7.3686e-06	0.109609
0.00193057	14.6805	7.3686e-06	0.105346
0.00194531	13.5316	7.3686e-06	0.101272
0.00196005	12.4444	7.3686e-06	0.0965197
0.00197479	11.4213	7.3686e-06	0.0902123
0.00198952	10.4507	7.3686e-06	0.085841
0.00200426	9.60731	7.3686e-06	0.0816413
0.002019	8.82203	7.3686e-06	0.0787033
0.00203373	8.04876	7.3686e-06	0.0696817
0.00204847	7.339	7.3686e-06	0.0653564
0.00206321	6.70177	7.3686e-06	0.0615507
0.00207795	6.10588	7.3686e-06	0.0580882
0.00209268	5.52028	7.3686e-06	0.0543081
0.00210742	4.99674	7.3686e-06	0.0512528
0.00212216	4.52698	7.3686e-06	0.0482699
0.00213689	4.09319	7.3686e-06	0.0437481
0.00215163	3.68864	7.3686e-06	0.0411461
0.00216637	3.30941	7.3686e-06	0.0388804
0.00218111	2.96536	7.3686e-06	0.0365552
0.00219584	2.66264	7.3686e-06	0.0345686
0.00221058	2.384	7.3686e-06	0.0323345
0.00222532	2.12598	7.3686e-06	0.0303351
0.00224005	1.89313	7.3686e-06	0.0284628
0.00225479	1.67831	7.3686e-06	0.0266491
0.00226953	1.46991	7.3686e-06	0.0247073
0.00228427	1.29561	7.3686e-06	0.0230579
0.002299	1.13413	7.3686e-06	0.0213865
0.00231374	0.986703	7.3686e-06	0.0197541
0.00232848	0.844522	7.3686e-06	0.0180104
0.00234322	0.727644	7.3686e-06	0.0165452
0.00235795	0.629218	7.3686e-06	0.0153213
0.00237269	0.530209	7.3686e-06	0.0139153
0.00238743	0.442219	7.3686e-06	0.0126198
0.00240216	0.366436	7.3686e-06	0.0114274
0.0024169	0.298109	7.3686e-06	0.010212
0.00243164	0.23103	7.3686e-06	0.00887713
0.00244638	0.183618	7.3686e-06	0.00790884
0.00246111	0.1415	7.3686e-06	0.00690575
0.00247585	0.106082	7.3686e-06	0.0059571
0.00249059	0.0766731	7.3686e-06	0.00500072
0.00250532	0.0541174	7.3686e-06	0.0041815
0.00252006	0.0345689	7.3686e-06	0.00331298
0.0025348	0.0181113	7.3686e-06	0.00237539
0.00254954	0.00703963	7.3686e-06	0.00147269
0.00256427	0.00214347	7.3686e-06	0.000811364
