0	1123.31	7.36528e-06	3.84848
1.47306e-05	1123.19	7.36528e-06	3.8396
2.94611e-05	1122.73	7.36528e-06	3.82514
4.41917e-05	1121.64	7.36528e-06	3.79496
5.89222e-05	1120.43	7.36528e-06	3.77573
7.36528e-05	1118.38	7.36528e-06	3.7423
8.83833e-05	1115.94	7.36528e-06	3.70908
0.000103114	1113.33	7.36528e-06	3.68062
0.000117844	1110.62	7.36528e-06	3.65852
0.000132575	1106.94	7.36528e-06	3.62638
0.000147306	1102.31	7.36528e-06	3.54606
0.000162036	1098.61	7.36528e-06	3.5242
0.000176767	1093.74	7.36528e-06	3.48715
0.000191497	1088.7	7.36528e-06	3.45779
0.000206228	1082.87	7.36528e-06	3.42271
0.000220958	1076.86	7.36528e-06	3.37338
0.000235689	1070.49	7.36528e-06	3.34001
0.000250419	1063.8	7.36528e-06	3.30891
0.00026515	1057.23	7.36528e-06	3.27804
0.000279881	1050.1	7.36528e-06	3.24704
0.000294611	1042.12	7.36528e-06	3.20667
0.000309342	1034.24	7.36528e-06	3.17455
0.000324072	1025.74	7.36528e-06	3.13651
0.000338803	1017.17	7.36528e-06	3.10536
0.000353533	1007.93	7.36528e-06	3.07251
0.000368264	998.767	7.36528e-06	3.02324
0.000382994	989.103	7.36528e-06	2.9911
0.000397725	978.643	7.36528e-06	2.95258
0.000412456	968.741	7.36528e-06	2.92281
0.000427186	958.318	7.36528e-06	2.89153
0.000441917	947.307	7.36528e-06	2.85669
0.000456647	935.705	7.36528e-06	2.81785
0.000471378	924.135	7.36528e-06	2.7843
0.000486108	912.205	7.36528e-06	2.74548
0.000500839	900.2	7.36528e-06	2.71249
0.000515569	887.815	7.36528e-06	2.67836
0.0005303	875.505	7.36528e-06	2.64327
0.000545031	863.129	7.36528e-06	2.61254
0.000559761	850.393	7.36528e-06	2.57898
0.000574492	837.038	7.36528e-06	2.5435
0.000589222	823.721	7.36528e-06	2.50713
0.000603953	810.449	7.36528e-06	2.47473
0.000618683	796.753	7.36528e-06	2.43958
0.000633414	783.357	7.36528e-06	2.41072
0.000648144	769.956	7.36528e-06	2.3824
0.000662875	755.848	7.36528e-06	2.35035
0.000677606	741.798	7.36528e-06	2.3182
0.000692336	727.707	7.36528e-06	2.28919
0.000707067	713.284	7.36528e-06	2.25795
0.000721797	698.885	7.36528e-06	2.22282
0.000736528	683.578	7.36528e-06	2.01569
0.000751258	668.664	7.36528e-06	1.97126
0.000765989	653.67	7.36528e-06	1.9343
0.000780719	638.723	7.36528e-06	1.89857
0.00079545	624.113	7.36528e-06	1.86311
0.000810181	608.568	7.36528e-06	1.7304
0.000824911	594.357	7.36528e-06	1.70149
0.000839642	579.372	7.36528e-06	1.66309
0.000854372	564.813	7.36528e-06	1.62575
0.000869103	550.39	7.36528e-06	1.59126
0.000883833	535.446	7.36528e-06	1.54236
0.000898564	520.899	7.36528e-06	1.5091
0.000913294	506.21	7.36528e-06	1.44976
0.000928025	491.92	7.36528e-06	1.4116
0.000942756	478.278	7.36528e-06	1.38508
0.000957486	464.566	7.36528e-06	1.35511
0.000972217	451.042	7.36528e-06	1.3281
0.000986947	437.184	7.36528e-06	1.2967
0.00100168	423.66	7.36528e-06	1.25727
0.00101641	410.344	7.36528e-06	1.22669
0.00103114	397.244	7.36528e-06	1.19019
0.00104587	384.645	7.36528e-06	1.1648
0.0010606	371.676	7.36528e-06	1.12039
0.00107533	359.329	7.36528e-06	1.09339
0.00109006	347.157	7.36528e-06	1.06906
0.00110479	335.256	7.36528e-06	1.04617
0.00111952	323.27	7.36528e-06	1.01662
0.00113425	311.577	7.36528e-06	0.980406
0.00114898	300.042	7.36528e-06	0.952676
0.00116371	288.757	7.36528e-06	0.92888
0.00117844	278.058	7.36528e-06	0.907441
0.00119318	267.283	7.36528e-06	0.88484
0.00120791	256.569	7.36528e-06	0.860546
0.00122264	246.493	7.36528e-06	0.841616
0.00123737	236.609	7.36528e-06	0.821952
0.0012521	226.805	7.36528e-06	0.798888
0.00126683	217.465	7.36528e-06	0.776756
0.00128156	208.282	7.36528e-06	0.75389
0.00129629	199.519	7.36528e-06	0.737259
0.00131102	190.866	7.36528e-06	0.71889
0.00132575	182.353	7.36528e-06	0.695484
0.00134048	174.159	7.36528e-06	0.677921
0.00135521	166.178	7.36528e-06	0.660988
0.00136994	158.627	7.36528e-06	0.647112
0.00138467	151.136	7.36528e-06	0.632693
0.0013994	143.963	7.36528e-06	0.617606
0.00141413	136.926	7.36528e-06	0.601677
0.00142886	130.2	7.36528e-06	0.5868
0.00144359	123.545	7.36528e-06	0.561833
0.00145833	117.413	7.36528e-06	0.54928
0.00147306	111.064	7.36528e-06	0.505413
0.00148779	105.45	7.36528e-06	0.492693
0.00150252	99.959	7.36528e-06	0.476848
0.00151725	94.6784	7.36528e-06	0.466188
0.00153198	89.784	7.36528e-06	0.457833
0.00154671	84.9571	7.36528e-06	0.446465
0.00156144	80.4535	7.36528e-06	0.437445
0.00157617	75.9226	7.36528e-06	0.419691
0.0015909	71.4387	7.36528e-06	0.383145
0.00160563	67.2562	7.36528e-06	0.370871
0.00162036	63.3429	7.36528e-06	0.359009
0.00163509	59.6695	7.36528e-06	0.349811
0.00164982	56.0993	7.36528e-06	0.34004
0.00166455	52.6899	7.36528e-06	0.331279
0.00167928	49.4062	7.36528e-06	0.31878
0.00169401	46.448	7.36528e-06	0.312147
0.00170874	43.5411	7.36528e-06	0.300918
0.00172348	40.7676	7.36528e-06	0.287368
0.00173821	38.1518	7.36528e-06	0.278631
0.00175294	35.6299	7.36528e-06	0.271707
0.00176767	33.2547	7.36528e-06	0.264964
0.0017824	31.1514	7.36528e-06	0.259969
0.00179713	28.9816	7.36528e-06	0.25033
0.00181186	27.0105	7.36528e-06	0.245233
0.00182659	25.2025	7.36528e-06	0.24152
0.00184132	23.5169	7.36528e-06	0.237424
0.00185605	21.8024	7.36528e-06	0.23101
0.00187078	20.257	7.36528e-06	0.226531
0.00188551	18.8266	7.36528e-06	0.223514
0.00190024	17.4743	7.36528e-06	0.220359
0.00191497	16.1142	7.36528e-06	0.21611
0.0019297	14.8284	7.36528e-06	0.207715
0.00194443	13.7382	7.36528e-06	0.205118
0.00195916	12.6634	7.36528e-06	0.202211
0.00197389	11.6936	7.36528e-06	0.199925
0.00198863	10.7523	7.36528e-06	0.197777
0.00200336	9.89849	7.36528e-06	0.195873
0.00201809	9.11852	7.36528e-06	0.194139
0.00203282	8.40037	7.36528e-06	0.192704
0.00204755	7.69587	7.36528e-06	0.190433
0.00206228	7.03656	7.36528e-06	0.188935
0.00207701	6.43428	7.36528e-06	0.187756
0.00209174	5.87468	7.36528e-06	0.186561
0.00210647	5.32356	7.36528e-06	0.1846
0.0021212	4.86746	7.36528e-06	0.183319
0.00213593	4.19455	7.36528e-06	0.060046
0.00215066	3.7748	7.36528e-06	0.0555972
0.00216539	3.4001	7.36528e-06	0.0528426
0.00218012	3.03361	7.36528e-06	0.0500883
0.00219485	2.713	7.36528e-06	0.0477622
0.00220958	2.44246	7.36528e-06	0.0447163
0.00222431	2.17973	7.36528e-06	0.042837
0.00223904	1.91233	7.36528e-06	0.0360062
0.00225378	1.69329	7.36528e-06	0.0337935
0.00226851	1.48871	7.36528e-06	0.0312097
0.00228324	1.31455	7.36528e-06	0.0288533
0.00229797	1.12617	7.36528e-06	0.0264706
0.0023127	0.97782	7.36528e-06	0.0246556
0.00232743	0.830229	7.36528e-06	0.0218543
0.00234216	0.70135	7.36528e-06	0.0194935
0.00235689	0.597854	7.36528e-06	0.0179442
0.00237162	0.513733	7.36528e-06	0.0167394
0.00238635	0.413534	7.36528e-06	0.0142656
0.00240108	0.345471	7.36528e-06	0.013038
0.00241581	0.28246	7.36528e-06	0.0119857
0.00243054	0.227154	7.36528e-06	0.0105492
0.00244527	0.180669	7.36528e-06	0.00929704
0.00246	0.132159	7.36528e-06	0.00775401
0.00247473	0.097039	7.36528e-06	0.00643058
0.00248946	0.0677036	7.36528e-06	0.00525776
0.00250419	0.0434019	7.36528e-06	0.00410145
0.00251893	0.0272453	7.36528e-06	0.00320497
0.00253366	0.0166393	7.36528e-06	0.00247513
0.00254839	0.0087418	7.36528e-06	0.00176931
0.00256312	0.00345286	7.36528e-06	0.00109801
0.00257785	0.000674194	7.36528e-06	0.000478976
