0	1125.78	7.36703e-06	3.88937
1.47341e-05	1125.44	7.36703e-06	3.82172
2.94681e-05	1124.8	7.36703e-06	3.79467
4.42022e-05	1123.38	7.36703e-06	3.73966
5.89363e-05	1121.64	7.36703e-06	3.68414
7.36703e-05	1119.87	7.36703e-06	3.65798
8.84044e-05	1117.61	7.36703e-06	3.63052
0.000103138	1114.94	7.36703e-06	3.60273
0.000117873	1112.14	7.36703e-06	3.5797
0.000132607	1108.79	7.36703e-06	3.54906
0.000147341	1104.84	7.36703e-06	3.51524
0.000162075	1100.24	7.36703e-06	3.47589
0.000176809	1095.7	7.36703e-06	3.44618
0.000191543	1090.48	7.36703e-06	3.40989
0.000206277	1084.87	7.36703e-06	3.37563
0.000221011	1078.76	7.36703e-06	3.34233
0.000235745	1072.28	7.36703e-06	3.30743
0.000250479	1065.39	7.36703e-06	3.27102
0.000265213	1058.77	7.36703e-06	3.24317
0.000279947	1051.43	7.36703e-06	3.21196
0.000294681	1043.86	7.36703e-06	3.18159
0.000309415	1035.83	7.36703e-06	3.1503
0.000324149	1027.34	7.36703e-06	3.11537
0.000338883	1018.71	7.36703e-06	3.07976
0.000353618	1009.89	7.36703e-06	3.04965
0.000368352	1000.29	7.36703e-06	3.01607
0.000383086	990.149	7.36703e-06	2.97722
0.00039782	979.838	7.36703e-06	2.93058
0.000412554	969.646	7.36703e-06	2.89728
0.000427288	958.981	7.36703e-06	2.86395
0.000442022	948.058	7.36703e-06	2.83047
0.000456756	936.107	7.36703e-06	2.78143
0.00047149	924.854	7.36703e-06	2.75018
0.000486224	913.168	7.36703e-06	2.71822
0.000500958	900.766	7.36703e-06	2.66826
0.000515692	888.854	7.36703e-06	2.63786
0.000530426	876.081	7.36703e-06	2.56097
0.00054516	862.81	7.36703e-06	2.52356
0.000559894	849.703	7.36703e-06	2.48729
0.000574629	836.372	7.36703e-06	2.44739
0.000589363	822.776	7.36703e-06	2.40829
0.000604097	809.473	7.36703e-06	2.3751
0.000618831	795.6	7.36703e-06	2.31703
0.000633565	781.856	7.36703e-06	2.27836
0.000648299	767.325	7.36703e-06	2.2387
0.000663033	753.29	7.36703e-06	2.20675
0.000677767	738.591	7.36703e-06	2.1664
0.000692501	724.54	7.36703e-06	2.13525
0.000707235	710.029	7.36703e-06	2.10258
0.000721969	695.935	7.36703e-06	2.07436
0.000736703	680.922	7.36703e-06	1.98815
0.000751437	666.453	7.36703e-06	1.9556
0.000766171	651.979	7.36703e-06	1.92366
0.000780905	637.336	7.36703e-06	1.89162
0.000795639	622.239	7.36703e-06	1.84676
0.000810374	607.052	7.36703e-06	1.81018
0.000825108	592.34	7.36703e-06	1.77992
0.000839842	577.649	7.36703e-06	1.74661
0.000854576	563.044	7.36703e-06	1.71521
0.00086931	548.719	7.36703e-06	1.68445
0.000884044	534.533	7.36703e-06	1.65543
0.000898778	520.441	7.36703e-06	1.62596
0.000913512	506.335	7.36703e-06	1.59269
0.000928246	492.522	7.36703e-06	1.56633
0.00094298	478.567	7.36703e-06	1.53954
0.000957714	464.704	7.36703e-06	1.51339
0.000972448	451.009	7.36703e-06	1.48728
0.000987182	437.421	7.36703e-06	1.46271
0.00100192	423.922	7.36703e-06	1.43336
0.00101665	410.753	7.36703e-06	1.40566
0.00103138	397.63	7.36703e-06	1.37849
0.00104612	383.922	7.36703e-06	1.32911
0.00106085	371.234	7.36703e-06	1.30543
0.00107559	358.143	7.36703e-06	1.14336
0.00109032	345.681	7.36703e-06	1.11167
0.00110505	333.588	7.36703e-06	1.08305
0.00111979	321.605	7.36703e-06	1.0587
0.00113452	310.083	7.36703e-06	1.03078
0.00114926	298.799	7.36703e-06	1.00836
0.00116399	287.531	7.36703e-06	0.966671
0.00117873	276.673	7.36703e-06	0.937536
0.00119346	266.039	7.36703e-06	0.91605
0.00120819	255.638	7.36703e-06	0.896041
0.00122293	245.573	7.36703e-06	0.874571
0.00123766	235.865	7.36703e-06	0.856466
0.0012524	226.537	7.36703e-06	0.839538
0.00126713	217.185	7.36703e-06	0.821811
0.00128186	207.997	7.36703e-06	0.802904
0.0012966	199.214	7.36703e-06	0.782732
0.00131133	190.616	7.36703e-06	0.765335
0.00132607	182.428	7.36703e-06	0.750248
0.0013408	174.176	7.36703e-06	0.72808
0.00135553	166.418	7.36703e-06	0.712538
0.00137027	158.854	7.36703e-06	0.696985
0.001385	151.265	7.36703e-06	0.678725
0.00139974	144.304	7.36703e-06	0.662089
0.00141447	136.971	7.36703e-06	0.631592
0.0014292	130.097	7.36703e-06	0.587271
0.00144394	123.659	7.36703e-06	0.572743
0.00145867	117.377	7.36703e-06	0.555522
0.00147341	111.09	7.36703e-06	0.525912
0.00148814	105.325	7.36703e-06	0.512743
0.00150287	99.8539	7.36703e-06	0.498963
0.00151761	94.6054	7.36703e-06	0.487788
0.00153234	89.5294	7.36703e-06	0.471246
0.00154708	84.448	7.36703e-06	0.45454
0.00156181	79.94	7.36703e-06	0.444984
0.00157654	75.1415	7.36703e-06	0.410661
0.00159128	70.8494	7.36703e-06	0.393776
0.00160601	66.7041	7.36703e-06	0.37389
0.00162075	62.9439	7.36703e-06	0.364864
0.00163548	59.3308	7.36703e-06	0.356359
0.00165022	55.7727	7.36703e-06	0.345315
0.00166495	52.5495	7.36703e-06	0.337967
0.00167968	49.3285	7.36703e-06	0.329049
0.00169442	46.2944	7.36703e-06	0.319736
0.00170915	43.351	7.36703e-06	0.306867
0.00172389	40.7297	7.36703e-06	0.300385
0.00173862	38.223	7.36703e-06	0.293834
0.00175335	35.6011	7.36703e-06	0.261272
0.00176809	33.1928	7.36703e-06	0.249398
0.00178282	31.0263	7.36703e-06	0.242293
0.00179756	28.8857	7.36703e-06	0.234622
0.00181229	26.9294	7.36703e-06	0.228349
0.00182702	24.9765	7.36703e-06	0.217029
0.00184176	23.2667	7.36703e-06	0.210327
0.00185649	21.6376	7.36703e-06	0.204293
0.00187123	20.0966	7.36703e-06	0.198628
0.00188596	18.4986	7.36703e-06	0.189167
0.00190069	17.0711	7.36703e-06	0.178573
0.00191543	15.7799	7.36703e-06	0.16661
0.00193016	14.6638	7.36703e-06	0.162998
0.0019449	13.5601	7.36703e-06	0.158853
0.00195963	12.4876	7.36703e-06	0.154656
0.00197436	11.4839	7.36703e-06	0.14966
0.0019891	10.5081	7.36703e-06	0.139098
0.00200383	9.61606	7.36703e-06	0.129307
0.00201857	8.83665	7.36703e-06	0.125862
0.0020333	8.0785	7.36703e-06	0.121366
0.00204803	7.44693	7.36703e-06	0.118603
0.00206277	6.8109	7.36703e-06	0.114853
0.0020775	6.11543	7.36703e-06	0.0995282
0.00209224	5.55574	7.36703e-06	0.0938996
0.00210697	5.11098	7.36703e-06	0.0915586
0.00212171	4.6534	7.36703e-06	0.0876243
0.00213644	4.12956	7.36703e-06	0.0797123
0.00215117	3.75046	7.36703e-06	0.0773269
0.00216591	3.39905	7.36703e-06	0.075008
0.00218064	3.04727	7.36703e-06	0.0725289
0.00219538	2.71936	7.36703e-06	0.0699142
0.00221011	2.36753	7.36703e-06	0.0554792
0.00222484	2.08921	7.36703e-06	0.0512017
0.00223958	1.81784	7.36703e-06	0.0477344
0.00225431	1.62409	7.36703e-06	0.044981
0.00226905	1.44018	7.36703e-06	0.0424655
0.00228378	1.25602	7.36703e-06	0.0386206
0.00229851	1.08168	7.36703e-06	0.035131
0.00231325	0.957153	7.36703e-06	0.0337159
0.00232798	0.80566	7.36703e-06	0.030681
0.00234272	0.679708	7.36703e-06	0.0277776
0.00235745	0.574611	7.36703e-06	0.0257016
0.00237218	0.487106	7.36703e-06	0.0235823
0.00238692	0.409085	7.36703e-06	0.0218677
0.00240165	0.330284	7.36703e-06	0.0193134
0.00241639	0.264236	7.36703e-06	0.0168054
0.00243112	0.210441	7.36703e-06	0.0149471
0.00244585	0.161713	7.36703e-06	0.0128685
0.00246059	0.125822	7.36703e-06	0.0117818
0.00247532	0.0952294	7.36703e-06	0.010599
0.00249006	0.0755882	7.36703e-06	0.00982879
0.00250479	0.0537139	7.36703e-06	0.00784346
0.00251953	0.0311664	7.36703e-06	0.00562907
0.00253426	0.0192112	7.36703e-06	0.0045224
0.00254899	0.00544884	7.36703e-06	0.0017737
0.00256373	0.00106996	7.36703e-06	0.000760148
