7.35338e-06	0	7.35338e-06	0
2.20601e-05	1.27527	7.35338e-06	0.359038
3.67669e-05	0.809419	7.35338e-06	0.262126
5.14737e-05	5.59762	7.35338e-06	1.46203
6.61804e-05	8.17012	7.35338e-06	0.971262
8.08872e-05	7.91804	7.35338e-06	0.850346
9.55939e-05	16.5528	7.35338e-06	1.80584
0.000110301	20.282	7.35338e-06	1.60818
0.000125007	28.8406	7.35338e-06	2.00372
0.000139714	33.0251	7.35338e-06	2.18488
0.000154421	53.5431	7.35338e-06	4.27811
0.000169128	53.82	7.35338e-06	3.06204
0.000183834	59.6328	7.35338e-06	2.69818
0.000198541	64.0767	7.35338e-06	2.91654
0.000213248	83.8785	7.35338e-06	3.35978
0.000227955	90.1654	7.35338e-06	3.82412
0.000242662	107.852	7.35338e-06	4.2798
0.000257368	122.556	7.35338e-06	4.43425
0.000272075	138.413	7.35338e-06	4.55834
0.000286782	163.753	7.35338e-06	12.0805
0.000301489	172.268	7.35338e-06	8.61071
0.000316195	187.173	7.35338e-06	7.85311
0.000330902	210.683	7.35338e-06	14.2717
0.000345609	214.487	7.35338e-06	6.32362
0.000360316	223.451	7.35338e-06	5.92381
0.000375022	253.99	7.35338e-06	8.68484
0.000389729	272.994	7.35338e-06	8.13479
0.000404436	281.768	7.35338e-06	7.0875
0.000419143	297.685	7.35338e-06	7.21444
0.000433849	322.999	7.35338e-06	7.96914
0.000448556	347.599	7.35338e-06	8.2108
0.000463263	355.571	7.35338e-06	7.35692
0.00047797	381.825	7.35338e-06	9.12913
0.000492676	420.322	7.35338e-06	8.51326
0.000507383	424.043	7.35338e-06	8.33772
0.00052209	463.577	7.35338e-06	17.1508
0.000536797	459.72	7.35338e-06	7.4577
0.000551503	493.307	7.35338e-06	10.6563
0.00056621	499.602	7.35338e-06	8.37327
0.000580917	514.887	7.35338e-06	9.29783
0.000595624	565.964	7.35338e-06	20.9725
0.00061033	557.613	7.35338e-06	8.93802
0.000625037	587.422	7.35338e-06	8.67769
0.000639744	595.705	7.35338e-06	9.13136
0.000654451	617.805	7.35338e-06	9.48628
0.000669158	650.817	7.35338e-06	9.77896
0.000683864	664.717	7.35338e-06	11.1804
0.000698571	700.118	7.35338e-06	11.2274
0.000713278	681.289	7.35338e-06	9.02783
0.000727985	694.908	7.35338e-06	9.8988
0.000742691	747.255	7.35338e-06	11.0668
0.000757398	775.013	7.35338e-06	12.5487
0.000772105	769.603	7.35338e-06	13.8272
0.000786812	785.529	7.35338e-06	10.5089
0.000801518	787.541	7.35338e-06	10.5004
0.000816225	834.273	7.35338e-06	12.7829
0.000830932	864.615	7.35338e-06	18.7516
0.000845639	851.911	7.35338e-06	11.0333
0.000860345	850.839	7.35338e-06	11.8261
0.000875052	861.484	7.35338e-06	12.909
0.000889759	885.9	7.35338e-06	10.8731
0.000904466	861.864	7.35338e-06	10.1313
0.000919172	897.739	7.35338e-06	14.0748
0.000933879	928.368	7.35338e-06	16.9085
0.000948586	907.997	7.35338e-06	11.6882
0.000963293	901.563	7.35338e-06	10.8314
0.000977999	896.642	7.35338e-06	11.11
0.000992706	903.175	7.35338e-06	9.65627
0.00100741	923.232	7.35338e-06	11.1824
0.00102212	908.799	7.35338e-06	10.0398
0.00103683	914.927	7.35338e-06	9.72444
0.00105153	892.185	7.35338e-06	9.29143
0.00106624	923.304	7.35338e-06	11.141
0.00108095	920.843	7.35338e-06	15.1005
0.00109565	903.831	7.35338e-06	9.80255
0.00111036	875.324	7.35338e-06	8.59861
0.00112507	909.375	7.35338e-06	10.0141
0.00113977	886.146	7.35338e-06	8.99417
0.00115448	882.7	7.35338e-06	8.93734
0.00116919	879.575	7.35338e-06	10.8749
0.00118389	849.212	7.35338e-06	8.70327
0.0011986	856.193	7.35338e-06	8.98563
0.00121331	857.73	7.35338e-06	10.6073
0.00122801	846.74	7.35338e-06	9.56628
0.00124272	825.53	7.35338e-06	8.69511
0.00125743	828.029	7.35338e-06	8.7867
0.00127213	803.826	7.35338e-06	8.77708
0.00128684	786.204	7.35338e-06	8.43987
0.00130155	772.578	7.35338e-06	9.16242
0.00131625	737.934	7.35338e-06	7.82541
0.00133096	733.327	7.35338e-06	7.85394
0.00134567	723.746	7.35338e-06	7.98133
0.00136038	700.316	7.35338e-06	7.57391
0.00137508	686.031	7.35338e-06	8.94289
0.00138979	677.458	7.35338e-06	7.39438
0.0014045	652.131	7.35338e-06	7.3264
0.0014192	628.002	7.35338e-06	7.91546
0.00143391	628.59	7.35338e-06	7.29014
0.00144862	607.094	7.35338e-06	6.89159
0.00146332	597.572	7.35338e-06	6.79741
0.00147803	565.943	7.35338e-06	6.50935
0.00149274	568.149	7.35338e-06	7.39102
0.00150744	537.192	7.35338e-06	6.33859
0.00152215	522.586	7.35338e-06	6.35067
0.00153686	499.078	7.35338e-06	5.73067
0.00155156	494.445	7.35338e-06	5.9857
0.00156627	469.795	7.35338e-06	5.9021
0.00158098	469.215	7.35338e-06	7.30814
0.00159568	456.702	7.35338e-06	7.2952
0.00161039	424.585	7.35338e-06	5.36868
0.0016251	420.904	7.35338e-06	5.42721
0.0016398	393.763	7.35338e-06	5.08975
0.00165451	374.365	7.35338e-06	5.07124
0.00166922	356.773	7.35338e-06	4.85855
0.00168392	355.592	7.35338e-06	4.81925
0.00169863	335.647	7.35338e-06	4.67918
0.00171334	321.639	7.35338e-06	4.60353
0.00172804	311.669	7.35338e-06	4.49692
0.00174275	297.965	7.35338e-06	4.407
0.00175746	285.086	7.35338e-06	4.28367
0.00177216	265.799	7.35338e-06	4.07477
0.00178687	256.642	7.35338e-06	3.99987
0.00180158	244.837	7.35338e-06	3.88307
0.00181628	236.107	7.35338e-06	3.82589
0.00183099	222.632	7.35338e-06	3.70959
0.0018457	208.363	7.35338e-06	3.54282
0.0018604	204.082	7.35338e-06	3.52137
0.00187511	190.76	7.35338e-06	3.38538
0.00188982	177.462	7.35338e-06	3.24557
0.00190453	171.613	7.35338e-06	3.19737
0.00191923	164.214	7.35338e-06	3.1201
0.00193394	152.145	7.35338e-06	3.02211
0.00194865	139.496	7.35338e-06	2.84867
0.00196335	134.899	7.35338e-06	2.82016
0.00197806	130.523	7.35338e-06	2.75776
0.00199277	110.97	7.35338e-06	2.53688
0.00200747	109.3	7.35338e-06	2.51536
0.00202218	103.232	7.35338e-06	2.44357
0.00203689	94.2398	7.35338e-06	2.31449
0.00205159	89.1101	7.35338e-06	2.2445
0.0020663	84.8503	7.35338e-06	2.18757
0.00208101	78.7356	7.35338e-06	2.0983
0.00209571	77.6923	7.35338e-06	2.09375
0.00211042	67.444	7.35338e-06	1.94111
0.00212513	64.3187	7.35338e-06	1.88758
0.00213983	57.1766	7.35338e-06	1.78255
0.00215454	56.5152	7.35338e-06	1.76568
0.00216925	51.2583	7.35338e-06	1.68543
0.00218395	48.1158	7.35338e-06	1.62609
0.00219866	46.2495	7.35338e-06	1.58952
0.00221337	40.3062	7.35338e-06	1.47914
0.00222807	36.7318	7.35338e-06	1.41189
0.00224278	34.5811	7.35338e-06	1.3623
0.00225749	29.2459	7.35338e-06	1.2532
0.00227219	29.5983	7.35338e-06	1.25783
0.0022869	28.0665	7.35338e-06	1.22279
0.00230161	23.2489	7.35338e-06	1.10471
0.00231631	21.7491	7.35338e-06	1.06738
0.00233102	20.8379	7.35338e-06	1.04238
0.00234573	18.1101	7.35338e-06	0.970752
0.00236043	16.6909	7.35338e-06	0.929353
0.00237514	15.5661	7.35338e-06	0.892806
0.00238985	12.7531	7.35338e-06	0.807817
0.00240455	11.0645	7.35338e-06	0.750469
0.00241926	10.2417	7.35338e-06	0.724688
0.00243397	8.19884	7.35338e-06	0.642837
0.00244868	7.8626	7.35338e-06	0.630113
0.00246338	6.97295	7.35338e-06	0.589948
0.00247809	4.82525	7.35338e-06	0.490191
0.0024928	4.75341	7.35338e-06	0.482862
0.0025075	3.42635	7.35338e-06	0.409617
0.00252221	2.79355	7.35338e-06	0.366857
0.00253692	1.88707	7.35338e-06	0.302207
0.00255162	1.39277	7.35338e-06	0.258653
0.00256633	0.762092	7.35338e-06	0.190527
0.00258104	0.142028	7.35338e-06	0.082
