7.34698e-06	0.197498	7.34698e-06	0.13749
2.20409e-05	1.30668	7.34698e-06	0.429183
3.67349e-05	2.08657	7.34698e-06	0.453377
5.14288e-05	4.0621	7.34698e-06	0.479132
6.61228e-05	7.81983	7.34698e-06	0.777184
8.08167e-05	11.9074	7.34698e-06	1.00239
9.55107e-05	18.7212	7.34698e-06	1.28131
0.000110205	23.5046	7.34698e-06	1.93663
0.000124899	29.4245	7.34698e-06	1.62239
0.000139593	36.6872	7.34698e-06	2.20618
0.000154286	42.6436	7.34698e-06	2.3474
0.00016898	53.9757	7.34698e-06	2.42892
0.000183674	67.2168	7.34698e-06	3.24078
0.000198368	75.0159	7.34698e-06	2.81623
0.000213062	87.2971	7.34698e-06	3.58748
0.000227756	98.3762	7.34698e-06	3.88694
0.00024245	104.578	7.34698e-06	3.29072
0.000257144	115.876	7.34698e-06	3.41943
0.000271838	144.25	7.34698e-06	10.3263
0.000286532	146.032	7.34698e-06	4.24682
0.000301226	160.029	7.34698e-06	4.37123
0.00031592	176.234	7.34698e-06	6.70862
0.000330614	201.059	7.34698e-06	5.85882
0.000345308	221.36	7.34698e-06	7.19225
0.000360002	221.394	7.34698e-06	5.32952
0.000374696	244.445	7.34698e-06	5.87352
0.00038939	259.997	7.34698e-06	5.76551
0.000404084	282.216	7.34698e-06	7.07662
0.000418778	299.248	7.34698e-06	6.3105
0.000433472	322.153	7.34698e-06	6.89018
0.000448166	348.771	7.34698e-06	8.05803
0.000462859	364.263	7.34698e-06	7.54532
0.000477553	376.013	7.34698e-06	7.09551
0.000492247	408.483	7.34698e-06	8.64547
0.000506941	428.856	7.34698e-06	8.80415
0.000521635	449.118	7.34698e-06	10.5941
0.000536329	489.351	7.34698e-06	10.059
0.000551023	482.884	7.34698e-06	8.34593
0.000565717	490.804	7.34698e-06	8.99607
0.000580411	522.896	7.34698e-06	9.01381
0.000595105	544.512	7.34698e-06	8.7432
0.000609799	575.082	7.34698e-06	10.3124
0.000624493	612.767	7.34698e-06	29.0543
0.000639187	601.105	7.34698e-06	9.66297
0.000653881	604.017	7.34698e-06	9.19024
0.000668575	652.2	7.34698e-06	9.31125
0.000683269	689.198	7.34698e-06	12.296
0.000697963	680.059	7.34698e-06	10.5497
0.000712657	703.035	7.34698e-06	11.0034
0.000727351	735.427	7.34698e-06	14.0498
0.000742045	800.211	7.34698e-06	44.5928
0.000756739	760.847	7.34698e-06	11.9456
0.000771432	781.04	7.34698e-06	10.9375
0.000786126	804.098	7.34698e-06	12.5012
0.00080082	791.427	7.34698e-06	12.9229
0.000815514	836.372	7.34698e-06	25.3166
0.000830208	808.06	7.34698e-06	10.6688
0.000844902	853.959	7.34698e-06	13.5676
0.000859596	852.86	7.34698e-06	12.9916
0.00087429	847.843	7.34698e-06	12.643
0.000888984	890.654	7.34698e-06	14.1975
0.000903678	887.014	7.34698e-06	13.0998
0.000918372	864.25	7.34698e-06	11.6026
0.000933066	918.43	7.34698e-06	17.2116
0.00094776	874.23	7.34698e-06	11.6887
0.000962454	889.294	7.34698e-06	13.1235
0.000977148	901.961	7.34698e-06	11.3562
0.000991842	892.457	7.34698e-06	12.0931
0.00100654	930.712	7.34698e-06	16.0619
0.00102123	890.742	7.34698e-06	13.0474
0.00103592	896.577	7.34698e-06	13.1611
0.00105062	917.341	7.34698e-06	13.4011
0.00106531	913.694	7.34698e-06	12.3337
0.00108001	889.898	7.34698e-06	12.195
0.0010947	897.951	7.34698e-06	13.0035
0.00110939	893.588	7.34698e-06	12.1239
0.00112409	910.835	7.34698e-06	15.074
0.00113878	896.74	7.34698e-06	13.2444
0.00115348	897.56	7.34698e-06	14.0192
0.00116817	859.702	7.34698e-06	11.148
0.00118286	853.357	7.34698e-06	11.7955
0.00119756	858.258	7.34698e-06	12.8509
0.00121225	848.581	7.34698e-06	12.4487
0.00122694	821.453	7.34698e-06	13.188
0.00124164	805.569	7.34698e-06	10.9172
0.00125633	827.952	7.34698e-06	15.2123
0.00127103	795.825	7.34698e-06	12.147
0.00128572	790.178	7.34698e-06	11.3802
0.00130041	762.051	7.34698e-06	12.2104
0.00131511	773.375	7.34698e-06	15.9218
0.0013298	733.027	7.34698e-06	12.4788
0.0013445	704.323	7.34698e-06	11.1777
0.00135919	720.119	7.34698e-06	12.3634
0.00137388	697.293	7.34698e-06	12.9171
0.00138858	688.337	7.34698e-06	12.6258
0.00140327	667.394	7.34698e-06	11.7408
0.00141797	651.07	7.34698e-06	12.4078
0.00143266	636.276	7.34698e-06	11.1422
0.00144735	613.315	7.34698e-06	10.0737
0.00146205	592.875	7.34698e-06	9.99964
0.00147674	589.059	7.34698e-06	11.2813
0.00149144	570.017	7.34698e-06	15.299
0.00150613	560.464	7.34698e-06	18.9395
0.00152082	508.939	7.34698e-06	9.00083
0.00153552	512.513	7.34698e-06	11.4759
0.00155021	504.02	7.34698e-06	14.3639
0.00156491	461.732	7.34698e-06	8.16713
0.0015796	462.465	7.34698e-06	9.78758
0.00159429	424.541	7.34698e-06	8.33348
0.00160899	427.618	7.34698e-06	8.50675
0.00162368	418.242	7.34698e-06	11.3595
0.00163838	391.811	7.34698e-06	7.75514
0.00165307	382.649	7.34698e-06	7.59259
0.00166776	359.112	7.34698e-06	11.4897
0.00168246	354.703	7.34698e-06	8.77092
0.00169715	343.555	7.34698e-06	8.20023
0.00171185	328.934	7.34698e-06	8.82615
0.00172654	313.516	7.34698e-06	7.55616
0.00174123	312.437	7.34698e-06	14.2038
0.00175593	297.512	7.34698e-06	9.27426
0.00177062	288.937	7.34698e-06	12.4581
0.00178532	246.62	7.34698e-06	6.01242
0.00180001	233.046	7.34698e-06	5.92753
0.0018147	239.602	7.34698e-06	7.86971
0.0018294	211.807	7.34698e-06	6.11876
0.00184409	217.544	7.34698e-06	5.95411
0.00185878	193.195	7.34698e-06	5.16895
0.00187348	193.066	7.34698e-06	5.63735
0.00188817	178.559	7.34698e-06	5.30956
0.00190287	168.055	7.34698e-06	5.27571
0.00191756	162.195	7.34698e-06	4.99971
0.00193225	160.381	7.34698e-06	5.79078
0.00194695	143.646	7.34698e-06	4.75008
0.00196164	146.174	7.34698e-06	7.27013
0.00197634	131.586	7.34698e-06	5.01148
0.00199103	120.245	7.34698e-06	4.39952
0.00200572	108.006	7.34698e-06	4.20908
0.00202042	99.5234	7.34698e-06	3.92033
0.00203511	97.1303	7.34698e-06	4.59954
0.00204981	81.9446	7.34698e-06	3.20387
0.0020645	82.2124	7.34698e-06	3.572
0.00207919	79.3349	7.34698e-06	3.20809
0.00209389	74.4045	7.34698e-06	3.94839
0.00210858	62.5778	7.34698e-06	3.30889
0.00212328	62.6399	7.34698e-06	3.37135
0.00213797	59.5227	7.34698e-06	2.87995
0.00215266	57.3686	7.34698e-06	3.72336
0.00216736	47.8966	7.34698e-06	3.04405
0.00218205	45.6372	7.34698e-06	2.65719
0.00219675	42.1042	7.34698e-06	3.22965
0.00221144	38.3783	7.34698e-06	2.65999
0.00222613	43.1064	7.34698e-06	3.53882
0.00224083	33.8237	7.34698e-06	2.34381
0.00225552	31.6729	7.34698e-06	2.95109
0.00227022	23.8576	7.34698e-06	1.72948
0.00228491	24.8549	7.34698e-06	1.86954
0.0022996	23.8479	7.34698e-06	2.17957
0.0023143	20.2464	7.34698e-06	1.73179
0.00232899	20.5766	7.34698e-06	1.80012
0.00234369	18.1956	7.34698e-06	1.73056
0.00235838	18.6482	7.34698e-06	2.4117
0.00237307	14.7529	7.34698e-06	1.72513
0.00238777	9.46713	7.34698e-06	0.976294
0.00240246	11.211	7.34698e-06	1.72711
0.00241716	11.1439	7.34698e-06	1.2281
0.00243185	9.45502	7.34698e-06	1.99563
0.00244654	7.16773	7.34698e-06	1.05595
0.00246124	5.60378	7.34698e-06	0.906988
0.00247593	4.74674	7.34698e-06	0.818476
0.00249062	4.02489	7.34698e-06	0.839447
0.00250532	3.54313	7.34698e-06	0.579042
0.00252001	3.59096	7.34698e-06	0.674187
0.00253471	2.13591	7.34698e-06	0.547412
0.0025494	1.97553	7.34698e-06	0.533158
0.00256409	1.28521	7.34698e-06	0.384695
0.00257879	0.167153	7.34698e-06	0.118258
