7.37972e-06	0.0673595	7.37972e-06	0.0673595
2.21392e-05	1.04116	7.37972e-06	0.276522
3.68986e-05	2.4348	7.37972e-06	0.55376
5.1658e-05	4.08835	7.37972e-06	0.743649
6.64175e-05	8.84558	7.37972e-06	1.11438
8.11769e-05	13.3735	7.37972e-06	1.31024
9.59363e-05	18.0871	7.37972e-06	1.34104
0.000110696	23.1698	7.37972e-06	1.99401
0.000125455	29.6481	7.37972e-06	2.07258
0.000140215	34.8573	7.37972e-06	2.8337
0.000154974	45.5605	7.37972e-06	2.3387
0.000169734	50.9487	7.37972e-06	2.74155
0.000184493	70.7992	7.37972e-06	4.95692
0.000199252	72.7937	7.37972e-06	3.11798
0.000214012	92.4533	7.37972e-06	4.32436
0.000228771	96.0321	7.37972e-06	3.42378
0.000243531	118.357	7.37972e-06	5.11029
0.00025829	127.66	7.37972e-06	6.77402
0.00027305	149.514	7.37972e-06	8.11337
0.000287809	143.811	7.37972e-06	4.70789
0.000302568	172.954	7.37972e-06	5.65836
0.000317328	192.336	7.37972e-06	6.23052
0.000332087	196.153	7.37972e-06	4.9903
0.000346847	225.252	7.37972e-06	7.17408
0.000361606	228.993	7.37972e-06	5.97463
0.000376366	250.589	7.37972e-06	6.9857
0.000391125	267.971	7.37972e-06	7.94232
0.000405885	285.123	7.37972e-06	6.76772
0.000420644	288.446	7.37972e-06	6.43332
0.000435403	332.831	7.37972e-06	10.8607
0.000450163	343.962	7.37972e-06	7.15966
0.000464922	354.872	7.37972e-06	7.86075
0.000479682	371.27	7.37972e-06	6.83305
0.000494441	413.043	7.37972e-06	9.13294
0.000509201	445.03	7.37972e-06	12.9347
0.00052396	463.8	7.37972e-06	11.9158
0.000538719	467.168	7.37972e-06	9.56361
0.000553479	504.572	7.37972e-06	11.296
0.000568238	522.627	7.37972e-06	11.3515
0.000582998	533.503	7.37972e-06	10.1681
0.000597757	554.792	7.37972e-06	11.1479
0.000612517	588.787	7.37972e-06	12.2882
0.000627276	569.054	7.37972e-06	9.19718
0.000642036	635.377	7.37972e-06	16.4885
0.000656795	638.99	7.37972e-06	10.3524
0.000671554	637.965	7.37972e-06	9.74086
0.000686314	673.589	7.37972e-06	10.2538
0.000701073	690.542	7.37972e-06	11.6735
0.000715833	738.813	7.37972e-06	26.1659
0.000730592	714.308	7.37972e-06	10.6097
0.000745352	730.802	7.37972e-06	10.2547
0.000760111	771.341	7.37972e-06	15.7105
0.00077487	767.404	7.37972e-06	10.9475
0.00078963	776.406	7.37972e-06	11.3713
0.000804389	809.17	7.37972e-06	13.4285
0.000819149	803.903	7.37972e-06	11.3322
0.000833908	849.428	7.37972e-06	15.669
0.000848668	840.44	7.37972e-06	11.7
0.000863427	835.789	7.37972e-06	10.7199
0.000878187	836.686	7.37972e-06	14.1989
0.000892946	857.317	7.37972e-06	11.2754
0.000907705	860.029	7.37972e-06	10.4279
0.000922465	887.184	7.37972e-06	12.2962
0.000937224	927.565	7.37972e-06	28.1345
0.000951984	883.396	7.37972e-06	10.6542
0.000966743	895.961	7.37972e-06	11.1479
0.000981503	897.565	7.37972e-06	10.4492
0.000996262	919.188	7.37972e-06	10.7446
0.00101102	996.034	7.37972e-06	40.7924
0.00102578	901.191	7.37972e-06	10.5002
0.00104054	916.01	7.37972e-06	10.3179
0.0010553	901.382	7.37972e-06	10.5269
0.00107006	908.333	7.37972e-06	11.2751
0.00108482	896.086	7.37972e-06	10.4245
0.00109958	881.922	7.37972e-06	10.3008
0.00111434	894.055	7.37972e-06	10.2426
0.0011291	872.543	7.37972e-06	9.31673
0.00114386	856.401	7.37972e-06	11.7912
0.00115862	882.262	7.37972e-06	11.269
0.00117338	855.25	7.37972e-06	12.0391
0.00118813	891.689	7.37972e-06	33.9846
0.00120289	861.164	7.37972e-06	13.0394
0.00121765	837.324	7.37972e-06	11.2487
0.00123241	823.392	7.37972e-06	11.0167
0.00124717	802.309	7.37972e-06	9.32546
0.00126193	784.915	7.37972e-06	9.8115
0.00127669	806.835	7.37972e-06	12.7952
0.00129145	775.125	7.37972e-06	10.5787
0.00130621	740.708	7.37972e-06	8.74774
0.00132097	744.682	7.37972e-06	8.84767
0.00133573	732.337	7.37972e-06	8.3631
0.00135049	730.614	7.37972e-06	11.3424
0.00136525	696.825	7.37972e-06	8.52955
0.00138001	682.553	7.37972e-06	7.96905
0.00139477	684.122	7.37972e-06	9.00617
0.00140953	668.332	7.37972e-06	8.61612
0.00142429	625.795	7.37972e-06	8.65576
0.00143905	622.894	7.37972e-06	10.8762
0.0014538	599.162	7.37972e-06	7.82856
0.00146856	581.54	7.37972e-06	7.47899
0.00148332	564.758	7.37972e-06	7.47468
0.00149808	553.201	7.37972e-06	7.10747
0.00151284	538.911	7.37972e-06	7.3269
0.0015276	529.538	7.37972e-06	8.55054
0.00154236	510.334	7.37972e-06	7.71142
0.00155712	490.525	7.37972e-06	7.463
0.00157188	469.924	7.37972e-06	6.40709
0.00158664	449.988	7.37972e-06	6.33937
0.0016014	435.633	7.37972e-06	6.56931
0.00161616	444.38	7.37972e-06	10.4693
0.00163092	403.809	7.37972e-06	6.24471
0.00164568	396.836	7.37972e-06	5.96758
0.00166044	376.158	7.37972e-06	6.48077
0.0016752	359.392	7.37972e-06	5.61348
0.00168996	347.027	7.37972e-06	7.05235
0.00170471	336.846	7.37972e-06	6.38964
0.00171947	320.993	7.37972e-06	5.23527
0.00173423	307.322	7.37972e-06	5.12096
0.00174899	301.298	7.37972e-06	8.2106
0.00176375	268.468	7.37972e-06	4.5053
0.00177851	274.678	7.37972e-06	7.20445
0.00179327	258.874	7.37972e-06	8.12037
0.00180803	250.526	7.37972e-06	6.64553
0.00182279	233.304	7.37972e-06	5.00923
0.00183755	213.53	7.37972e-06	4.19915
0.00185231	203.994	7.37972e-06	3.90514
0.00186707	188.285	7.37972e-06	3.76374
0.00188183	190.019	7.37972e-06	3.74054
0.00189659	168.417	7.37972e-06	3.48126
0.00191135	165.298	7.37972e-06	3.77282
0.00192611	155.276	7.37972e-06	3.6011
0.00194087	146.093	7.37972e-06	3.39775
0.00195563	137.142	7.37972e-06	3.18344
0.00197038	129.763	7.37972e-06	2.9654
0.00198514	125.892	7.37972e-06	3.11639
0.0019999	118.192	7.37972e-06	2.8995
0.00201466	106.034	7.37972e-06	2.69915
0.00202942	99.6782	7.37972e-06	2.8641
0.00204418	94.6041	7.37972e-06	2.59268
0.00205894	84.7453	7.37972e-06	2.34979
0.0020737	83.2071	7.37972e-06	2.32198
0.00208846	75.769	7.37972e-06	2.33757
0.00210322	72.6526	7.37972e-06	2.19742
0.00211798	72.2193	7.37972e-06	2.21406
0.00213274	60.633	7.37972e-06	1.98191
0.0021475	59.2982	7.37972e-06	1.92744
0.00216226	55.32	7.37972e-06	1.87663
0.00217702	50.2436	7.37972e-06	1.80129
0.00219178	46.4475	7.37972e-06	1.68877
0.00220654	42.9434	7.37972e-06	1.6574
0.0022213	38.7382	7.37972e-06	1.52075
0.00223605	35.3511	7.37972e-06	1.46445
0.00225081	32.5246	7.37972e-06	1.37708
0.00226557	30.2493	7.37972e-06	1.35467
0.00228033	30.0644	7.37972e-06	1.36036
0.00229509	27.216	7.37972e-06	1.27225
0.00230985	25.3885	7.37972e-06	1.20814
0.00232461	21.165	7.37972e-06	1.1073
0.00233937	19.4814	7.37972e-06	1.06236
0.00235413	15.3567	7.37972e-06	0.935439
0.00236889	16.816	7.37972e-06	0.979215
0.00238365	15.1545	7.37972e-06	0.909904
0.00239841	11.7087	7.37972e-06	0.808791
0.00241317	9.17746	7.37972e-06	0.698434
0.00242793	10.2736	7.37972e-06	0.755162
0.00244269	7.40414	7.37972e-06	0.621821
0.00245745	7.14342	7.37972e-06	0.616231
0.00247221	4.88119	7.37972e-06	0.511229
0.00248697	4.38609	7.37972e-06	0.484
0.00250172	3.90257	7.37972e-06	0.457932
0.00251648	3.45005	7.37972e-06	0.424725
0.00253124	2.4398	7.37972e-06	0.350213
0.002546	1.65769	7.37972e-06	0.289675
0.00256076	0.811993	7.37972e-06	0.203424
0.00257552	0.485114	7.37972e-06	0.153551
