0	11438.8	8.49526e-06	15597.9
1.69905e-05	3642.79	8.49526e-06	417.136
3.3981e-05	3061.93	8.49526e-06	154.228
5.09716e-05	2742.51	8.49526e-06	83.4652
6.79621e-05	2533.26	8.49526e-06	57.4069
8.49526e-05	2374.48	8.49526e-06	45.0924
0.000101943	2229.89	8.49526e-06	35.1522
0.000118934	2104.01	8.49526e-06	29.1133
0.000135924	1997.11	8.49526e-06	25.1932
0.000152915	1900.9	8.49526e-06	22.3712
0.000169905	1809.79	8.49526e-06	20.0932
0.000186896	1726.23	8.49526e-06	18.3387
0.000203886	1643.78	8.49526e-06	16.6982
0.000220877	1563.05	8.49526e-06	15.2535
0.000237867	1487.07	8.49526e-06	14.0095
0.000254858	1408.74	8.49526e-06	12.7319
0.000271848	1338.48	8.49526e-06	11.7827
0.000288839	1270.3	8.49526e-06	10.8611
0.000305829	1205.12	8.49526e-06	10.1181
0.00032282	1140.23	8.49526e-06	9.37881
0.00033981	1079.53	8.49526e-06	8.74969
0.000356801	1020.82	8.49526e-06	8.16091
0.000373791	964.669	8.49526e-06	7.64399
0.000390782	910.895	8.49526e-06	7.17294
0.000407772	857.658	8.49526e-06	6.71091
0.000424763	806.853	8.49526e-06	6.29008
0.000441754	758.282	8.49526e-06	5.8923
0.000458744	712.082	8.49526e-06	5.54018
0.000475735	669.878	8.49526e-06	5.25504
0.000492725	628.397	8.49526e-06	4.97453
0.000509716	589.962	8.49526e-06	4.6805
0.000526706	552.17	8.49526e-06	4.30907
0.000543697	515.598	8.49526e-06	4.05441
0.000560687	481.659	8.49526e-06	3.85193
0.000577678	447.446	8.49526e-06	3.57793
0.000594668	417.396	8.49526e-06	3.36227
0.000611659	387.392	8.49526e-06	3.17597
0.000628649	359.773	8.49526e-06	3.01158
0.00064564	333.527	8.49526e-06	2.86496
0.00066263	309.443	8.49526e-06	2.72626
0.000679621	287.489	8.49526e-06	2.59994
0.000696611	265.242	8.49526e-06	2.43192
0.000713602	244.265	8.49526e-06	2.26278
0.000730592	224.672	8.49526e-06	2.15779
0.000747583	206.469	8.49526e-06	2.03817
0.000764573	189.15	8.49526e-06	1.92583
0.000781564	173.722	8.49526e-06	1.84261
0.000798554	159.591	8.49526e-06	1.7776
0.000815545	145.32	8.49526e-06	1.68769
0.000832536	132.448	8.49526e-06	1.61661
0.000849526	120.407	8.49526e-06	1.54871
0.000866517	109.551	8.49526e-06	1.48627
0.000883507	99.3699	8.49526e-06	1.43447
0.000900498	89.1068	8.49526e-06	1.3348
0.000917488	80.5391	8.49526e-06	1.29006
0.000934479	73.0485	8.49526e-06	1.17686
0.000951469	65.4715	8.49526e-06	1.12118
0.00096846	58.8409	8.49526e-06	1.09442
0.00098545	52.9275	8.49526e-06	1.06083
0.00100244	46.4484	8.49526e-06	0.600726
0.00101943	41.3213	8.49526e-06	0.557988
0.00103642	37.0288	8.49526e-06	0.529808
0.00105341	33.0386	8.49526e-06	0.503216
0.0010704	29.1454	8.49526e-06	0.461517
0.00108739	25.7199	8.49526e-06	0.427782
0.00110438	22.7799	8.49526e-06	0.401462
0.00112137	19.9615	8.49526e-06	0.366503
0.00113836	17.4115	8.49526e-06	0.340136
0.00115536	15.1538	8.49526e-06	0.286632
0.00117235	13.2057	8.49526e-06	0.26957
0.00118934	11.3573	8.49526e-06	0.248295
0.00120633	9.85498	8.49526e-06	0.230987
0.00122332	8.5093	8.49526e-06	0.215159
0.00124031	7.34911	8.49526e-06	0.201246
0.0012573	6.18781	8.49526e-06	0.170776
0.00127429	5.27881	8.49526e-06	0.155202
0.00129128	4.44931	8.49526e-06	0.141833
0.00130827	3.90008	8.49526e-06	0.132758
0.00132526	3.32328	8.49526e-06	0.122116
0.00134225	2.75525	8.49526e-06	0.111921
0.00135924	2.29386	8.49526e-06	0.102616
0.00137623	1.85498	8.49526e-06	0.0910767
0.00139322	1.5442	8.49526e-06	0.0847377
0.00141021	1.27308	8.49526e-06	0.078887
0.0014272	1.03834	8.49526e-06	0.0720686
0.00144419	0.871331	8.49526e-06	0.0672445
0.00146118	0.682584	8.49526e-06	0.0592181
0.00147818	0.543411	8.49526e-06	0.0550291
0.00149517	0.457055	8.49526e-06	0.0526842
0.00151216	0.369897	8.49526e-06	0.0480298
0.00152915	0.270523	8.49526e-06	0.0418507
0.00154614	0.219213	8.49526e-06	0.039728
0.00156313	0.172808	8.49526e-06	0.0359485
0.00158012	0.146521	8.49526e-06	0.0350753
0.00159711	0.0747585	8.49526e-06	0.0136786
0.0016141	0.064754	8.49526e-06	0.0128048
0.00163109	0.0448545	8.49526e-06	0.0108703
0.00164808	0.0248705	8.49526e-06	0.00758272
0.00166507	0.0151302	8.49526e-06	0.00555581
0.00168206	0.00941592	8.49526e-06	0.00472786
0.00169905	0.00941592	8.49526e-06	0.00472786
0.00171604	0.00941592	8.49526e-06	0.00472786
0.00173303	0.00646126	8.49526e-06	0.00423105
0.00175002	0.00646126	8.49526e-06	0.00423105
0.00176701	0.00646126	8.49526e-06	0.00423105
0.001784	0.00646126	8.49526e-06	0.00423105
0.001801	0.00144897	8.49526e-06	0.00144903
