0	8484.51	1.10428e-05	11498.1
2.20855e-05	2737.92	1.10428e-05	330.017
4.4171e-05	2269.84	1.10428e-05	104.221
6.62565e-05	2058.77	1.10428e-05	60.8703
8.8342e-05	1900.59	1.10428e-05	40.5365
0.000110428	1781.17	1.10428e-05	30.3624
0.000132513	1689.16	1.10428e-05	25.1803
0.000154599	1610.95	1.10428e-05	22.0004
0.000176684	1537.87	1.10428e-05	19.6465
0.00019877	1469.14	1.10428e-05	17.8136
0.000220855	1402.67	1.10428e-05	16.3002
0.000242941	1334.47	1.10428e-05	14.2507
0.000265026	1274.33	1.10428e-05	13.1606
0.000287112	1216.32	1.10428e-05	12.2543
0.000309197	1158.74	1.10428e-05	10.9709
0.000331283	1102.59	1.10428e-05	10.1811
0.000353368	1047.33	1.10428e-05	9.40171
0.000375454	992.845	1.10428e-05	8.45712
0.000397539	940.411	1.10428e-05	7.78655
0.000419625	892.668	1.10428e-05	7.23993
0.00044171	845.253	1.10428e-05	6.74118
0.000463796	799.504	1.10428e-05	6.27379
0.000485881	757.571	1.10428e-05	5.89306
0.000507967	716.121	1.10428e-05	5.50908
0.000530052	675.039	1.10428e-05	5.14566
0.000552138	637.523	1.10428e-05	4.85011
0.000574223	601.541	1.10428e-05	4.57717
0.000596309	566.754	1.10428e-05	4.30999
0.000618394	532.463	1.10428e-05	4.03934
0.00064048	497.603	1.10428e-05	3.68757
0.000662565	466.658	1.10428e-05	3.47323
0.000684651	436.742	1.10428e-05	3.28089
0.000706736	407.829	1.10428e-05	3.05587
0.000728822	381.095	1.10428e-05	2.89104
0.000750907	354.846	1.10428e-05	2.71871
0.000772993	330.347	1.10428e-05	2.57541
0.000795078	307.576	1.10428e-05	2.44361
0.000817164	284.998	1.10428e-05	2.22304
0.000839249	264.12	1.10428e-05	2.10079
0.000861335	244.284	1.10428e-05	1.97762
0.00088342	226.19	1.10428e-05	1.88389
0.000905506	208.957	1.10428e-05	1.78792
0.000927591	192.846	1.10428e-05	1.70233
0.000949677	177.84	1.10428e-05	1.62848
0.000971762	164.308	1.10428e-05	1.56464
0.000993848	150.497	1.10428e-05	1.47278
0.00101593	137.872	1.10428e-05	1.37725
0.00103802	126.248	1.10428e-05	1.3148
0.0010601	115.705	1.10428e-05	1.26204
0.00108219	105.244	1.10428e-05	1.19659
0.00110428	95.4271	1.10428e-05	1.13722
0.00112636	86.8244	1.10428e-05	1.09478
0.00114845	78.9688	1.10428e-05	1.01592
0.00117053	71.9442	1.10428e-05	0.981924
0.00119262	65.1023	1.10428e-05	0.944272
0.0012147	58.1842	1.10428e-05	0.833491
0.00123679	52.6123	1.10428e-05	0.809166
0.00125887	47.3879	1.10428e-05	0.76499
0.00128096	42.3305	1.10428e-05	0.73793
0.00130304	37.4861	1.10428e-05	0.594562
0.00132513	33.1967	1.10428e-05	0.478828
0.00134722	29.3942	1.10428e-05	0.443846
0.0013693	26.3073	1.10428e-05	0.425972
0.00139139	23.4123	1.10428e-05	0.408591
0.00141347	20.7756	1.10428e-05	0.387996
0.00143556	18.2071	1.10428e-05	0.355788
0.00145764	15.9178	1.10428e-05	0.271831
0.00147973	14.0804	1.10428e-05	0.257336
0.00150181	12.3966	1.10428e-05	0.239515
0.0015239	10.8276	1.10428e-05	0.225891
0.00154599	9.56381	1.10428e-05	0.215438
0.00156807	8.18403	1.10428e-05	0.189629
0.00159016	7.10826	1.10428e-05	0.171852
0.00161224	6.06294	1.10428e-05	0.152535
0.00163433	5.19468	1.10428e-05	0.13716
0.00165641	4.55308	1.10428e-05	0.129857
0.0016785	3.90796	1.10428e-05	0.120677
0.00170058	3.37745	1.10428e-05	0.112789
0.00172267	2.84256	1.10428e-05	0.101019
0.00174476	2.44366	1.10428e-05	0.0952342
0.00176684	2.04911	1.10428e-05	0.0813427
0.00178893	1.76011	1.10428e-05	0.0760518
0.00181101	1.44069	1.10428e-05	0.0681146
0.0018331	1.22629	1.10428e-05	0.0631097
0.00185518	0.969358	1.10428e-05	0.0558224
0.00187727	0.785569	1.10428e-05	0.0489253
0.00189935	0.632305	1.10428e-05	0.0445157
0.00192144	0.493541	1.10428e-05	0.0399953
0.00194352	0.394671	1.10428e-05	0.0337956
0.00196561	0.302325	1.10428e-05	0.0301304
0.0019877	0.22699	1.10428e-05	0.0271463
0.00200978	0.181347	1.10428e-05	0.0255658
0.00203187	0.142431	1.10428e-05	0.0232967
0.00205395	0.113199	1.10428e-05	0.0220103
0.00207604	0.0697387	1.10428e-05	0.0127503
0.00209812	0.0525163	1.10428e-05	0.0109952
0.00212021	0.0304133	1.10428e-05	0.0082263
0.00214229	0.0280736	1.10428e-05	0.008051
0.00216438	0.0186874	1.10428e-05	0.00696379
0.00218647	0.00531135	1.10428e-05	0.00284816
0.00220855	0.00320286	1.10428e-05	0.00242489
0.00223064	0.00320286	1.10428e-05	0.00242489
0.00225272	0.00221395	1.10428e-05	0.00221405
