0	7624.16	1.24488e-05	10666.1
2.48976e-05	2293.36	1.24488e-05	268.862
4.97952e-05	1912.5	1.24488e-05	86.6615
7.46928e-05	1730.74	1.24488e-05	46.931
9.95904e-05	1612.94	1.24488e-05	32.5522
0.000124488	1521.04	1.24488e-05	25.1667
0.000149386	1441.04	1.24488e-05	20.2949
0.000174283	1371.67	1.24488e-05	17.1248
0.000199181	1312.69	1.24488e-05	15.0889
0.000224078	1258.54	1.24488e-05	13.5534
0.000248976	1207.31	1.24488e-05	12.333
0.000273874	1157.52	1.24488e-05	11.2967
0.000298771	1111.72	1.24488e-05	10.5139
0.000323669	1063.69	1.24488e-05	9.5332
0.000348566	1018.47	1.24488e-05	8.78833
0.000373464	975.233	1.24488e-05	8.18963
0.000398361	933.542	1.24488e-05	7.68201
0.000423259	891.437	1.24488e-05	7.13542
0.000448157	853.458	1.24488e-05	6.73926
0.000473054	812.962	1.24488e-05	6.30507
0.000497952	775.665	1.24488e-05	5.95421
0.000522849	739.627	1.24488e-05	5.63254
0.000547747	703.156	1.24488e-05	5.3149
0.000572645	666.667	1.24488e-05	4.99631
0.000597542	630.537	1.24488e-05	4.6871
0.00062244	596.415	1.24488e-05	4.37731
0.000647337	563.835	1.24488e-05	4.12623
0.000672235	532.127	1.24488e-05	3.85702
0.000697133	501.477	1.24488e-05	3.63586
0.00072203	471.727	1.24488e-05	3.41953
0.000746928	443.37	1.24488e-05	3.21942
0.000771825	415.509	1.24488e-05	2.99108
0.000796723	390.167	1.24488e-05	2.82884
0.000821621	364.869	1.24488e-05	2.66088
0.000846518	340.568	1.24488e-05	2.49737
0.000871416	317.525	1.24488e-05	2.3573
0.000896313	295.924	1.24488e-05	2.22715
0.000921211	274.982	1.24488e-05	2.10825
0.000946109	254.924	1.24488e-05	1.90103
0.000971006	235.967	1.24488e-05	1.78084
0.000995904	218.142	1.24488e-05	1.654
0.0010208	201.586	1.24488e-05	1.55956
0.0010457	185.677	1.24488e-05	1.46962
0.0010706	170.654	1.24488e-05	1.37425
0.00109549	156.486	1.24488e-05	1.2916
0.00112039	143.385	1.24488e-05	1.22025
0.00114529	130.736	1.24488e-05	1.13265
0.00117019	119.235	1.24488e-05	1.06048
0.00119508	108.757	1.24488e-05	0.995531
0.00121998	98.8715	1.24488e-05	0.940903
0.00124488	89.824	1.24488e-05	0.891606
0.00126978	81.2052	1.24488e-05	0.832554
0.00129467	73.4521	1.24488e-05	0.782644
0.00131957	66.1318	1.24488e-05	0.724182
0.00134447	59.6027	1.24488e-05	0.680953
0.00136937	53.8223	1.24488e-05	0.649272
0.00139427	48.0619	1.24488e-05	0.610097
0.00141916	43.1065	1.24488e-05	0.579591
0.00144406	38.799	1.24488e-05	0.557511
0.00146896	34.4987	1.24488e-05	0.527228
0.00149386	30.9016	1.24488e-05	0.508953
0.00151875	27.2896	1.24488e-05	0.484149
0.00154365	24.3307	1.24488e-05	0.468319
0.00156855	21.4361	1.24488e-05	0.450882
0.00159345	18.5489	1.24488e-05	0.335249
0.00161834	16.3151	1.24488e-05	0.319416
0.00164324	14.2649	1.24488e-05	0.302949
0.00166814	12.5563	1.24488e-05	0.290635
0.00169304	10.9158	1.24488e-05	0.27052
0.00171793	9.42312	1.24488e-05	0.255606
0.00174283	8.2511	1.24488e-05	0.245349
0.00176773	6.99995	1.24488e-05	0.230542
0.00179263	5.98944	1.24488e-05	0.204209
0.00181752	5.10794	1.24488e-05	0.191486
0.00184242	4.22848	1.24488e-05	0.1802
0.00186732	3.57223	1.24488e-05	0.173299
0.00189222	2.97305	1.24488e-05	0.160097
0.00191711	2.50383	1.24488e-05	0.152832
0.00194201	2.05789	1.24488e-05	0.148252
0.00196691	1.68698	1.24488e-05	0.143228
0.00199181	1.29502	1.24488e-05	0.060385
0.00201671	1.10736	1.24488e-05	0.0563374
0.0020416	0.893356	1.24488e-05	0.0511007
0.0020665	0.68871	1.24488e-05	0.0422786
0.0020914	0.551658	1.24488e-05	0.0384565
0.0021163	0.420835	1.24488e-05	0.0319716
0.00214119	0.330991	1.24488e-05	0.0275951
0.00216609	0.255079	1.24488e-05	0.0235681
0.00219099	0.201778	1.24488e-05	0.0215246
0.00221589	0.149672	1.24488e-05	0.0189111
0.00224078	0.100664	1.24488e-05	0.0156612
0.00226568	0.0655674	1.24488e-05	0.0121322
0.00229058	0.0381093	1.24488e-05	0.00870203
0.00231548	0.0255185	1.24488e-05	0.0070593
0.00234037	0.0180231	1.24488e-05	0.0060203
0.00236527	0.0147418	1.24488e-05	0.00545512
0.00239017	0.00803949	1.24488e-05	0.00382047
0.00241507	0.00440705	1.24488e-05	0.00255578
