0	7154.36	1.38472e-05	10284.1
2.76943e-05	2014.04	1.38472e-05	259.365
5.53886e-05	1645.24	1.38472e-05	81.3393
8.30829e-05	1471.66	1.38472e-05	40.4872
0.000110777	1364.94	1.38472e-05	26.4618
0.000138472	1288.73	1.38472e-05	20.1694
0.000166166	1225.63	1.38472e-05	16.2716
0.00019386	1173.88	1.38472e-05	14.0866
0.000221554	1125.19	1.38472e-05	11.9537
0.000249249	1083.24	1.38472e-05	10.8177
0.000276943	1043.62	1.38472e-05	9.89373
0.000304637	1006.35	1.38472e-05	9.15339
0.000332332	970.935	1.38472e-05	8.54676
0.000360026	936.448	1.38472e-05	8.02717
0.00038772	902.317	1.38472e-05	7.52547
0.000415415	868.893	1.38472e-05	7.05777
0.000443109	836.719	1.38472e-05	6.64993
0.000470803	804.266	1.38472e-05	6.27304
0.000498497	771.712	1.38472e-05	5.91178
0.000526192	740.117	1.38472e-05	5.58893
0.000553886	710.812	1.38472e-05	5.34363
0.00058158	680.397	1.38472e-05	5.06822
0.000609275	650.644	1.38472e-05	4.80621
0.000636969	621.721	1.38472e-05	4.58821
0.000664663	592.796	1.38472e-05	4.38081
0.000692358	563.949	1.38472e-05	4.16642
0.000720052	534.461	1.38472e-05	3.93174
0.000747746	506.619	1.38472e-05	3.70836
0.00077544	478.45	1.38472e-05	3.48019
0.000803135	451.609	1.38472e-05	3.29
0.000830829	424.674	1.38472e-05	3.09845
0.000858523	400.439	1.38472e-05	2.94901
0.000886218	376.906	1.38472e-05	2.81561
0.000913912	353.34	1.38472e-05	2.63168
0.000941606	330.585	1.38472e-05	2.46079
0.000969301	309.838	1.38472e-05	2.35112
0.000996995	289.348	1.38472e-05	2.24367
0.00102469	269.384	1.38472e-05	2.13566
0.00105238	249.616	1.38472e-05	2.02193
0.00108008	230.919	1.38472e-05	1.84605
0.00110777	213.768	1.38472e-05	1.75882
0.00113547	197.457	1.38472e-05	1.66264
0.00116316	180.974	1.38472e-05	1.45976
0.00119085	166.75	1.38472e-05	1.38941
0.00121855	152.716	1.38472e-05	1.31236
0.00124624	139.614	1.38472e-05	1.19381
0.00127394	126.945	1.38472e-05	1.1011
0.00130163	115.605	1.38472e-05	1.04354
0.00132933	104.9	1.38472e-05	0.97884
0.00135702	95.2731	1.38472e-05	0.927314
0.00138472	86.1026	1.38472e-05	0.842173
0.00141241	77.37	1.38472e-05	0.789589
0.0014401	69.5903	1.38472e-05	0.731856
0.0014678	62.2172	1.38472e-05	0.662118
0.00149549	55.9117	1.38472e-05	0.603798
0.00152319	49.6651	1.38472e-05	0.555254
0.00155088	44.2906	1.38472e-05	0.525679
0.00157858	39.3208	1.38472e-05	0.493781
0.00160627	34.6008	1.38472e-05	0.460449
0.00163396	30.3854	1.38472e-05	0.393961
0.00166166	26.6519	1.38472e-05	0.361882
0.00168935	23.344	1.38472e-05	0.331315
0.00171705	20.5193	1.38472e-05	0.306538
0.00174474	17.7021	1.38472e-05	0.27415
0.00177244	15.3443	1.38472e-05	0.24993
0.00180013	13.2057	1.38472e-05	0.224699
0.00182782	11.4244	1.38472e-05	0.20705
0.00185552	9.78839	1.38472e-05	0.187899
0.00188321	8.36257	1.38472e-05	0.172189
0.00191091	7.19761	1.38472e-05	0.161634
0.0019386	6.15397	1.38472e-05	0.153163
0.0019663	5.23937	1.38472e-05	0.143201
0.00199399	4.40611	1.38472e-05	0.125722
0.00202168	3.71471	1.38472e-05	0.115262
0.00204938	2.97355	1.38472e-05	0.0973432
0.00207707	2.45972	1.38472e-05	0.0909068
0.00210477	2.03679	1.38472e-05	0.0848997
0.00213246	1.62652	1.38472e-05	0.0775908
0.00216016	1.29699	1.38472e-05	0.0720248
0.00218785	1.04057	1.38472e-05	0.067899
0.00221554	0.849631	1.38472e-05	0.0655832
0.00224324	0.612609	1.38472e-05	0.0368874
0.00227093	0.44649	1.38472e-05	0.0301085
0.00229863	0.335104	1.38472e-05	0.0240484
0.00232632	0.241402	1.38472e-05	0.0194975
0.00235402	0.171182	1.38472e-05	0.0151197
0.00238171	0.116756	1.38472e-05	0.0124625
0.0024094	0.0816874	1.38472e-05	0.0108134
0.0024371	0.0499734	1.38472e-05	0.00811617
0.00246479	0.0278344	1.38472e-05	0.00572285
0.00249249	0.0117827	1.38472e-05	0.00336485
0.00252018	0.00658112	1.38472e-05	0.00232789
0.00254788	0.00160676	1.38472e-05	0.0011363
