0	10332.7	9.41387e-06	14110.2
1.88277e-05	3280.52	9.41387e-06	390.652
3.76555e-05	2728.08	9.41387e-06	129.704
5.64832e-05	2461.47	9.41387e-06	73.25
7.53109e-05	2277.02	9.41387e-06	50.6151
9.41387e-05	2129.3	9.41387e-06	38.2856
0.000112966	2007.97	9.41387e-06	30.866
0.000131794	1903.17	9.41387e-06	26.1923
0.000150622	1811.56	9.41387e-06	23.0731
0.00016945	1721.19	9.41387e-06	20.338
0.000188277	1639.08	9.41387e-06	18.2926
0.000207105	1561.07	9.41387e-06	16.5223
0.000225933	1485.71	9.41387e-06	15.0592
0.000244761	1415.27	9.41387e-06	13.8765
0.000263588	1347.93	9.41387e-06	12.8192
0.000282416	1283.65	9.41387e-06	11.9401
0.000301244	1220.09	9.41387e-06	11.1187
0.000320071	1157.4	9.41387e-06	10.2239
0.000338899	1096.36	9.41387e-06	9.43398
0.000357727	1040.07	9.41387e-06	8.84498
0.000376555	985.608	9.41387e-06	8.28522
0.000395382	929.993	9.41387e-06	7.60964
0.00041421	876.087	9.41387e-06	7.03363
0.000433038	825.827	9.41387e-06	6.59388
0.000451866	777.615	9.41387e-06	6.14336
0.000470693	732.447	9.41387e-06	5.79607
0.000489521	686.803	9.41387e-06	5.38213
0.000508349	643.936	9.41387e-06	5.04304
0.000527177	604.21	9.41387e-06	4.7521
0.000546004	565.058	9.41387e-06	4.46905
0.000564832	529.108	9.41387e-06	4.22623
0.00058366	494.988	9.41387e-06	4.00817
0.000602487	462.835	9.41387e-06	3.81606
0.000621315	430.951	9.41387e-06	3.5286
0.000640143	401.83	9.41387e-06	3.34921
0.000658971	374.67	9.41387e-06	3.20115
0.000677798	346.916	9.41387e-06	2.92951
0.000696626	322.295	9.41387e-06	2.75675
0.000715454	298.041	9.41387e-06	2.46381
0.000734282	275.646	9.41387e-06	2.32169
0.000753109	254.994	9.41387e-06	2.2132
0.000771937	234.851	9.41387e-06	2.09946
0.000790765	215.413	9.41387e-06	1.90365
0.000809593	197.348	9.41387e-06	1.6809
0.00082842	182.149	9.41387e-06	1.60208
0.000847248	167.142	9.41387e-06	1.51904
0.000866076	153.123	9.41387e-06	1.44052
0.000884904	139.554	9.41387e-06	1.31968
0.000903731	127.646	9.41387e-06	1.25307
0.000922559	116.293	9.41387e-06	1.19112
0.000941387	106.338	9.41387e-06	1.14132
0.000960214	96.849	9.41387e-06	1.08217
0.000979042	87.8461	9.41387e-06	1.00068
0.00099787	79.4445	9.41387e-06	0.95466
0.0010167	71.9629	9.41387e-06	0.91313
0.00103553	64.9284	9.41387e-06	0.853149
0.00105435	58.5133	9.41387e-06	0.816434
0.00107318	52.7658	9.41387e-06	0.771264
0.00109201	47.3786	9.41387e-06	0.690644
0.00111084	42.3475	9.41387e-06	0.595859
0.00112966	37.7127	9.41387e-06	0.547356
0.00114849	33.7249	9.41387e-06	0.521266
0.00116732	30.0106	9.41387e-06	0.484778
0.00118615	26.8298	9.41387e-06	0.458828
0.00120497	23.8482	9.41387e-06	0.427627
0.0012238	21.4455	9.41387e-06	0.413141
0.00124263	19.0066	9.41387e-06	0.396614
0.00126146	16.8213	9.41387e-06	0.37177
0.00128029	14.9171	9.41387e-06	0.354729
0.00129911	13.1479	9.41387e-06	0.337667
0.00131794	11.5753	9.41387e-06	0.325652
0.00133677	10.0728	9.41387e-06	0.308464
0.0013556	8.84073	9.41387e-06	0.292436
0.00137442	7.7602	9.41387e-06	0.281907
0.00139325	6.66129	9.41387e-06	0.260187
0.00141208	5.69308	9.41387e-06	0.244045
0.00143091	4.94054	9.41387e-06	0.23719
0.00144974	4.22975	9.41387e-06	0.226038
0.00146856	3.6411	9.41387e-06	0.220291
0.00148739	3.16688	9.41387e-06	0.215982
0.00150622	2.52109	9.41387e-06	0.116445
0.00152505	2.13391	9.41387e-06	0.0975805
0.00154387	1.85384	9.41387e-06	0.093301
0.0015627	1.54257	9.41387e-06	0.0847419
0.00158153	1.27775	9.41387e-06	0.0783357
0.00160036	1.07504	9.41387e-06	0.0740338
0.00161919	0.865763	9.41387e-06	0.069095
0.00163801	0.701231	9.41387e-06	0.0642917
0.00165684	0.539569	9.41387e-06	0.0577679
0.00167567	0.372175	9.41387e-06	0.0371514
0.0016945	0.275577	9.41387e-06	0.0269529
0.00171332	0.212819	9.41387e-06	0.0236063
0.00173215	0.167116	9.41387e-06	0.0206057
0.00175098	0.135926	9.41387e-06	0.0182813
0.00176981	0.107563	9.41387e-06	0.0161957
0.00178863	0.0734555	9.41387e-06	0.012941
0.00180746	0.0624079	9.41387e-06	0.0121669
0.00182629	0.0450508	9.41387e-06	0.0107188
0.00184512	0.0348936	9.41387e-06	0.00956381
0.00186395	0.024778	9.41387e-06	0.00825204
0.00188277	0.0145224	9.41387e-06	0.00723317
0.0019016	0.0130361	9.41387e-06	0.0070788
0.00192043	0.00930828	9.41387e-06	0.00674353
0.00193926	0.00930828	9.41387e-06	0.00674353
0.00195808	0.00291965	9.41387e-06	0.00215797
0.00197691	0.00101584	9.41387e-06	0.00101589
0.00199574	0.00101584	9.41387e-06	0.00101589
