0	12023.5	8.13617e-06	16638.4
1.62723e-05	3707.29	8.13617e-06	433.48
3.25447e-05	3094.71	8.13617e-06	144.68
4.8817e-05	2791.98	8.13617e-06	78.7598
6.50894e-05	2599.88	8.13617e-06	56.2687
8.13617e-05	2437.73	8.13617e-06	42.9929
9.76341e-05	2306.72	8.13617e-06	35.5927
0.000113906	2183.84	8.13617e-06	29.9905
0.000130179	2072.96	8.13617e-06	25.9113
0.000146451	1971.31	8.13617e-06	22.832
0.000162723	1881.23	8.13617e-06	20.6528
0.000178996	1792.22	8.13617e-06	18.6532
0.000195268	1711.08	8.13617e-06	17.1737
0.000211541	1630.27	8.13617e-06	15.7912
0.000227813	1552.77	8.13617e-06	14.5651
0.000244085	1476.84	8.13617e-06	13.3206
0.000260358	1407.23	8.13617e-06	12.4447
0.00027663	1336.71	8.13617e-06	11.5806
0.000292902	1269.5	8.13617e-06	10.8338
0.000309175	1204.75	8.13617e-06	10.1321
0.000325447	1141.29	8.13617e-06	9.50176
0.000341719	1078.28	8.13617e-06	8.68919
0.000357992	1019.43	8.13617e-06	8.14649
0.000374264	964.176	8.13617e-06	7.67528
0.000390536	910.129	8.13617e-06	7.22253
0.000406809	858.319	8.13617e-06	6.80999
0.000423081	809.279	8.13617e-06	6.46284
0.000439353	762.105	8.13617e-06	6.13924
0.000455626	715.461	8.13617e-06	5.7764
0.000471898	669.92	8.13617e-06	5.44832
0.00048817	629.303	8.13617e-06	5.20065
0.000504443	589.626	8.13617e-06	4.95951
0.000520715	550.455	8.13617e-06	4.68727
0.000536987	513.968	8.13617e-06	4.30628
0.00055326	479.778	8.13617e-06	4.12011
0.000569532	444.287	8.13617e-06	3.67663
0.000585805	413.548	8.13617e-06	3.50628
0.000602077	384.247	8.13617e-06	3.33525
0.000618349	357.048	8.13617e-06	3.19516
0.000634622	330.677	8.13617e-06	3.05976
0.000650894	306.945	8.13617e-06	2.95057
0.000667166	284.191	8.13617e-06	2.82586
0.000683439	261.478	8.13617e-06	2.69949
0.000699711	241.953	8.13617e-06	2.62083
0.000715983	223.588	8.13617e-06	2.55105
0.000732256	206.466	8.13617e-06	2.48631
0.000748528	189.487	8.13617e-06	2.41296
0.0007648	172.05	8.13617e-06	1.70924
0.000781073	157.129	8.13617e-06	1.57738
0.000797345	143.213	8.13617e-06	1.50695
0.000813617	130.54	8.13617e-06	1.39483
0.00082989	118.551	8.13617e-06	1.32597
0.000846162	108.706	8.13617e-06	1.27967
0.000862434	98.0177	8.13617e-06	1.11479
0.000878707	88.2555	8.13617e-06	1.03484
0.000894979	79.6765	8.13617e-06	0.982488
0.000911251	71.493	8.13617e-06	0.931146
0.000927524	64.0234	8.13617e-06	0.885437
0.000943796	57.1151	8.13617e-06	0.817159
0.000960069	50.8675	8.13617e-06	0.766387
0.000976341	45.4887	8.13617e-06	0.733171
0.000992613	40.5222	8.13617e-06	0.706444
0.00100889	35.8726	8.13617e-06	0.679067
0.00102516	31.4975	8.13617e-06	0.625242
0.00104143	27.6903	8.13617e-06	0.568083
0.0010577	23.9476	8.13617e-06	0.441981
0.00107397	20.9111	8.13617e-06	0.415146
0.00109025	17.8417	8.13617e-06	0.375762
0.00110652	15.7562	8.13617e-06	0.360925
0.00112279	13.325	8.13617e-06	0.332345
0.00113906	11.4278	8.13617e-06	0.31513
0.00115534	9.65255	8.13617e-06	0.296918
0.00117161	8.25757	8.13617e-06	0.284154
0.00118788	6.96763	8.13617e-06	0.25509
0.00120415	5.80245	8.13617e-06	0.241959
0.00122043	4.8792	8.13617e-06	0.232494
0.0012367	3.99838	8.13617e-06	0.216447
0.00125297	3.10999	8.13617e-06	0.136165
0.00126924	2.44178	8.13617e-06	0.122598
0.00128552	1.99018	8.13617e-06	0.100482
0.00130179	1.59207	8.13617e-06	0.0917827
0.00131806	1.24224	8.13617e-06	0.0769269
0.00133433	0.936223	8.13617e-06	0.0621139
0.0013506	0.712204	8.13617e-06	0.0552776
0.00136688	0.553592	8.13617e-06	0.044753
0.00138315	0.43154	8.13617e-06	0.0400717
0.00139942	0.332212	8.13617e-06	0.0349229
0.00141569	0.252067	8.13617e-06	0.0310172
0.00143197	0.203687	8.13617e-06	0.0289465
0.00144824	0.158313	8.13617e-06	0.0261786
0.00146451	0.100447	8.13617e-06	0.0217201
0.00148078	0.0691773	8.13617e-06	0.0193416
0.00149706	0.0411841	8.13617e-06	0.0145271
0.00151333	0.0340943	8.13617e-06	0.0140698
0.0015296	0.0276555	8.13617e-06	0.0135519
0.00154587	0.0276555	8.13617e-06	0.0135519
0.00156215	0.0199244	8.13617e-06	0.0127496
0.00157842	0.00617306	8.13617e-06	0.00364836
