1.14176e-05	2987.37	1.14176e-05	40.2471
3.42528e-05	667.235	1.14176e-05	15.7776
5.70881e-05	523.885	1.14176e-05	12.3439
7.99233e-05	514.223	1.14176e-05	17.2891
0.000102759	522.909	1.14176e-05	30.6647
0.000125594	507.156	1.14176e-05	14.3357
0.000148429	524.88	1.14176e-05	15.4978
0.000171264	530.115	1.14176e-05	13.7273
0.000194099	569.835	1.14176e-05	15.5857
0.000216935	610.646	1.14176e-05	15.9818
0.00023977	627.403	1.14176e-05	14.8985
0.000262605	658.455	1.14176e-05	14.5327
0.00028544	692.912	1.14176e-05	17.3201
0.000308276	740.694	1.14176e-05	16.6663
0.000331111	781.047	1.14176e-05	24.3185
0.000353946	788.507	1.14176e-05	19.1251
0.000376781	813.928	1.14176e-05	19.7321
0.000399617	830.309	1.14176e-05	19.8015
0.000422452	859.766	1.14176e-05	18.3542
0.000445287	871.969	1.14176e-05	21.1214
0.000468122	902.965	1.14176e-05	19.6735
0.000490957	896.011	1.14176e-05	20.0887
0.000513793	921.378	1.14176e-05	22.361
0.000536628	897.889	1.14176e-05	19.9274
0.000559463	948.655	1.14176e-05	28.0855
0.000582298	948.957	1.14176e-05	29.9977
0.000605134	943.361	1.14176e-05	22.8159
0.000627969	919.823	1.14176e-05	24.7595
0.000650804	929.385	1.14176e-05	58.7522
0.000673639	888.794	1.14176e-05	20.9163
0.000696475	882.393	1.14176e-05	21.2816
0.00071931	863.171	1.14176e-05	19.0164
0.000742145	852.881	1.14176e-05	18.5193
0.00076498	809.904	1.14176e-05	18.1114
0.000787815	851.618	1.14176e-05	21.6671
0.000810651	764.18	1.14176e-05	19.318
0.000833486	777.118	1.14176e-05	18.0687
0.000856321	727.519	1.14176e-05	15.9644
0.000879156	748.072	1.14176e-05	17.4884
0.000901992	742.733	1.14176e-05	28.9028
0.000924827	705.329	1.14176e-05	18.2674
0.000947662	667.085	1.14176e-05	17.5921
0.000970497	631.215	1.14176e-05	18.1644
0.000993332	589.605	1.14176e-05	14.2796
0.00101617	561.225	1.14176e-05	14.4662
0.001039	558.747	1.14176e-05	18.6698
0.00106184	539.695	1.14176e-05	15.489
0.00108467	501.871	1.14176e-05	15.1676
0.00110751	443.915	1.14176e-05	12.3218
0.00113034	451.085	1.14176e-05	13.3715
0.00115318	419.115	1.14176e-05	14.9475
0.00117601	378.743	1.14176e-05	11.8871
0.00119885	373.207	1.14176e-05	11.8084
0.00122168	340.167	1.14176e-05	10.9133
0.00124452	325.538	1.14176e-05	10.2303
0.00126736	309.274	1.14176e-05	12.5535
0.00129019	276.865	1.14176e-05	9.34834
0.00131303	258.35	1.14176e-05	10.5143
0.00133586	243.012	1.14176e-05	10.895
0.0013587	208.061	1.14176e-05	8.55165
0.00138153	212.926	1.14176e-05	8.18844
0.00140437	175.019	1.14176e-05	6.5554
0.0014272	176.113	1.14176e-05	8.47052
0.00145004	167.866	1.14176e-05	7.87485
0.00147287	161.731	1.14176e-05	8.15317
0.00149571	139.861	1.14176e-05	7.29453
0.00151854	126.264	1.14176e-05	6.2768
0.00154138	117.044	1.14176e-05	5.78053
0.00156421	112.273	1.14176e-05	7.28882
0.00158705	80.3378	1.14176e-05	4.15411
0.00160988	82.529	1.14176e-05	4.74398
0.00163272	84.6032	1.14176e-05	10.2104
0.00165555	76.4966	1.14176e-05	8.85964
0.00167839	62.9034	1.14176e-05	5.13883
0.00170122	54.9101	1.14176e-05	4.17516
0.00172406	41.5626	1.14176e-05	3.27675
0.0017469	42.506	1.14176e-05	3.75701
0.00176973	31.2207	1.14176e-05	2.53344
0.00179257	30.7672	1.14176e-05	2.5208
0.0018154	25.7716	1.14176e-05	2.4927
0.00183824	26.3903	1.14176e-05	2.66177
0.00186107	25.664	1.14176e-05	2.94581
0.00188391	21.3381	1.14176e-05	2.49291
0.00190674	16.6261	1.14176e-05	2.08525
0.00192958	17.8048	1.14176e-05	3.14425
0.00195241	9.49169	1.14176e-05	1.29657
0.00197525	7.04801	1.14176e-05	1.1104
0.00199808	9.26008	1.14176e-05	1.63538
0.00202092	5.7415	1.14176e-05	1.25374
0.00204375	5.74479	1.14176e-05	1.50728
0.00206659	3.65058	1.14176e-05	0.861422
0.00208942	3.87284	1.14176e-05	1.19379
0.00211226	1.48391	1.14176e-05	0.466936
0.00213509	1.60906	1.14176e-05	0.565623
0.00215793	7.085	1.14176e-05	5.03556
0.00218076	1.55828	1.14176e-05	0.596019
0.0022036	1.11624	1.14176e-05	0.448158
0.00222643	0.222086	1.14176e-05	0.158598
0.00224927	0.627588	1.14176e-05	0.331967
0.00227211	0.792281	1.14176e-05	0.481737
