1.26288e-05	2527.47	1.26288e-05	33.9214
3.78865e-05	544.105	1.26288e-05	14.4457
6.31442e-05	440.974	1.26288e-05	13.8457
8.84018e-05	413.858	1.26288e-05	19.0291
0.000113659	393.281	1.26288e-05	12.7459
0.000138917	385.099	1.26288e-05	10.1124
0.000164175	404.809	1.26288e-05	13.2368
0.000189432	413.174	1.26288e-05	11.6444
0.00021469	445.39	1.26288e-05	11.6003
0.000239948	465.909	1.26288e-05	13.6755
0.000265205	495.37	1.26288e-05	13.9285
0.000290463	526.109	1.26288e-05	14.7047
0.000315721	596.047	1.26288e-05	17.0276
0.000340978	591.69	1.26288e-05	18.4654
0.000366236	608.55	1.26288e-05	13.5209
0.000391494	664.301	1.26288e-05	15.4397
0.000416751	673.176	1.26288e-05	15.8434
0.000442009	681.91	1.26288e-05	14.3028
0.000467267	712.954	1.26288e-05	16.5955
0.000492524	727.941	1.26288e-05	18.983
0.000517782	747.764	1.26288e-05	23.7431
0.00054304	747.544	1.26288e-05	16.6337
0.000568297	788.175	1.26288e-05	18.6331
0.000593555	813.601	1.26288e-05	16.1236
0.000618813	814.657	1.26288e-05	17.3115
0.00064407	805.763	1.26288e-05	17.6262
0.000669328	820.005	1.26288e-05	19.5226
0.000694586	867.57	1.26288e-05	26.553
0.000719843	853.951	1.26288e-05	22.4675
0.000745101	837.17	1.26288e-05	20.442
0.000770359	820.055	1.26288e-05	23.4004
0.000795616	801.169	1.26288e-05	19.117
0.000820874	761.045	1.26288e-05	16.1709
0.000846132	751.422	1.26288e-05	15.6766
0.000871389	832.675	1.26288e-05	23.1783
0.000896647	765.307	1.26288e-05	16.1498
0.000921905	743.611	1.26288e-05	19.3103
0.000947162	757.279	1.26288e-05	34.656
0.00097242	718.699	1.26288e-05	15.874
0.000997678	735.758	1.26288e-05	53.5467
0.00102294	681.031	1.26288e-05	15.1395
0.00104819	650.949	1.26288e-05	14.0672
0.00107345	607.199	1.26288e-05	13.1851
0.00109871	609.065	1.26288e-05	14.1271
0.00112397	591.353	1.26288e-05	15.7129
0.00114922	560.008	1.26288e-05	14.7812
0.00117448	525.457	1.26288e-05	12.1493
0.00119974	504.822	1.26288e-05	12.8156
0.001225	565.859	1.26288e-05	53.9728
0.00125025	441.745	1.26288e-05	11.4847
0.00127551	452.262	1.26288e-05	15.6318
0.00130077	398.189	1.26288e-05	10.4607
0.00132603	383.88	1.26288e-05	11.6268
0.00135128	344.442	1.26288e-05	11.1058
0.00137654	336.842	1.26288e-05	10.7193
0.0014018	314.862	1.26288e-05	11.8821
0.00142706	302.786	1.26288e-05	16.6355
0.00145232	273.035	1.26288e-05	9.21099
0.00147757	263.874	1.26288e-05	11.1877
0.00150283	235.133	1.26288e-05	12.053
0.00152809	205.674	1.26288e-05	8.23213
0.00155335	192.736	1.26288e-05	8.10611
0.0015786	177.899	1.26288e-05	7.06004
0.00160386	166.389	1.26288e-05	8.17485
0.00162912	147.985	1.26288e-05	6.83899
0.00165438	130.974	1.26288e-05	5.51053
0.00167963	124.074	1.26288e-05	6.688
0.00170489	99.9092	1.26288e-05	4.72199
0.00173015	100.443	1.26288e-05	4.60965
0.00175541	88.2125	1.26288e-05	4.78653
0.00178067	75.9283	1.26288e-05	4.10965
0.00180592	77.945	1.26288e-05	5.03135
0.00183118	73.7941	1.26288e-05	7.7076
0.00185644	51.9452	1.26288e-05	3.43001
0.0018817	50.6769	1.26288e-05	3.57766
0.00190695	44.6616	1.26288e-05	3.13082
0.00193221	45.5334	1.26288e-05	9.80333
0.00195747	36.4313	1.26288e-05	4.10834
0.00198273	26.9387	1.26288e-05	3.35275
0.00200798	22.4701	1.26288e-05	2.22172
0.00203324	20.773	1.26288e-05	2.19526
0.0020585	17.8222	1.26288e-05	1.77872
0.00208376	12.523	1.26288e-05	1.63228
0.00210901	13.2185	1.26288e-05	2.03515
0.00213427	11.0158	1.26288e-05	1.65624
0.00215953	6.34326	1.26288e-05	0.929674
0.00218479	4.75698	1.26288e-05	0.894879
0.00221005	8.09167	1.26288e-05	2.33344
0.0022353	3.75644	1.26288e-05	0.829104
0.00226056	3.83817	1.26288e-05	0.821145
0.00228582	4.04727	1.26288e-05	1.29429
0.00231108	1.24501	1.26288e-05	0.408799
0.00233633	2.02707	1.26288e-05	0.600366
0.00236159	2.36819	1.26288e-05	0.67794
0.00238685	0.40181	1.26288e-05	0.210437
0.00241211	0.800724	1.26288e-05	0.446943
0.00243736	0.162232	1.26288e-05	0.162232
