1.00262e-05	3327.28	1.00262e-05	50.9002
3.00787e-05	764.896	1.00262e-05	20.7562
5.01312e-05	637.235	1.00262e-05	19.4766
7.01837e-05	574.114	1.00262e-05	15.7475
9.02362e-05	581.009	1.00262e-05	15.7116
0.000110289	604.526	1.00262e-05	19.5319
0.000130341	629.515	1.00262e-05	16.73
0.000150394	664.515	1.00262e-05	19.3446
0.000170446	697.632	1.00262e-05	21.6974
0.000190499	713.005	1.00262e-05	22.8409
0.000210551	729.965	1.00262e-05	18.1146
0.000230604	830.724	1.00262e-05	33.6772
0.000250656	846.721	1.00262e-05	24.0144
0.000270709	842.261	1.00262e-05	23.671
0.000290761	891.385	1.00262e-05	21.2526
0.000310814	940.754	1.00262e-05	22.0245
0.000330866	940.392	1.00262e-05	19.39
0.000350919	975.625	1.00262e-05	20.9708
0.000370971	1015.72	1.00262e-05	37.6797
0.000391024	1028.08	1.00262e-05	21.4732
0.000411076	1043.18	1.00262e-05	24.2475
0.000431129	1009.82	1.00262e-05	21.2129
0.000451181	1035.4	1.00262e-05	20.2973
0.000471234	1030.93	1.00262e-05	21.3079
0.000491286	1087.99	1.00262e-05	36.7018
0.000511338	1074.11	1.00262e-05	25.5067
0.000531391	1007.05	1.00262e-05	19.1542
0.000551443	1007.28	1.00262e-05	20.8154
0.000571496	994.329	1.00262e-05	19.4159
0.000591548	1064.51	1.00262e-05	31.9349
0.000611601	984.871	1.00262e-05	21.0356
0.000631653	952.265	1.00262e-05	18.6994
0.000651706	990.268	1.00262e-05	35.0038
0.000671758	924.677	1.00262e-05	19.0745
0.000691811	955.118	1.00262e-05	27.663
0.000711863	866.259	1.00262e-05	18.6576
0.000731916	897.664	1.00262e-05	30.5968
0.000751968	861.282	1.00262e-05	20.8891
0.000772021	844.132	1.00262e-05	23.5352
0.000792073	785.566	1.00262e-05	17.1961
0.000812126	761.982	1.00262e-05	27.0089
0.000832178	725.898	1.00262e-05	18.9832
0.000852231	714.954	1.00262e-05	18.5158
0.000872283	693.693	1.00262e-05	20.1421
0.000892336	639.079	1.00262e-05	16.3842
0.000912388	619.534	1.00262e-05	26.9399
0.000932441	562.571	1.00262e-05	14.6133
0.000952493	557.144	1.00262e-05	22.3946
0.000972546	517.621	1.00262e-05	26.3827
0.000992598	489.612	1.00262e-05	13.9963
0.00101265	453.973	1.00262e-05	18.7212
0.0010327	445.778	1.00262e-05	13.5532
0.00105276	412.802	1.00262e-05	13.9615
0.00107281	386.841	1.00262e-05	14.4863
0.00109286	341.457	1.00262e-05	12.652
0.00111291	336.049	1.00262e-05	13.2714
0.00113297	326.488	1.00262e-05	19.1139
0.00115302	294.848	1.00262e-05	13.5093
0.00117307	253.184	1.00262e-05	9.68335
0.00119312	229.384	1.00262e-05	12.2992
0.00121318	227.263	1.00262e-05	11.4979
0.00123323	211.451	1.00262e-05	8.57695
0.00125328	190.143	1.00262e-05	8.13865
0.00127333	186.379	1.00262e-05	10.6637
0.00129339	182.584	1.00262e-05	11.6501
0.00131344	162.501	1.00262e-05	13.08
0.00133349	135.025	1.00262e-05	7.30611
0.00135354	129.295	1.00262e-05	9.80201
0.0013736	114.357	1.00262e-05	6.83865
0.00139365	110.642	1.00262e-05	7.38914
0.0014137	94.66	1.00262e-05	5.72559
0.00143375	79.3107	1.00262e-05	4.77497
0.00145381	75.8749	1.00262e-05	6.07419
0.00147386	73.7994	1.00262e-05	5.70284
0.00149391	65.9662	1.00262e-05	7.02986
0.00151396	56.1109	1.00262e-05	4.79634
0.00153402	48.8592	1.00262e-05	3.67263
0.00155407	42.9529	1.00262e-05	4.23746
0.00157412	36.1899	1.00262e-05	3.49872
0.00159417	30.8395	1.00262e-05	3.05128
0.00161423	25.4772	1.00262e-05	2.49688
0.00163428	24.5662	1.00262e-05	2.92081
0.00165433	23.9176	1.00262e-05	2.95373
0.00167438	18.2906	1.00262e-05	2.09904
0.00169444	14.4842	1.00262e-05	1.80065
0.00171449	17.6416	1.00262e-05	3.11059
0.00173454	13.3246	1.00262e-05	1.94303
0.00175459	20.3325	1.00262e-05	4.99712
0.00177465	9.18257	1.00262e-05	1.85098
0.0017947	8.07137	1.00262e-05	1.91211
0.00181475	4.99038	1.00262e-05	1.07992
0.0018348	5.96601	1.00262e-05	1.44513
0.00185486	3.83048	1.00262e-05	0.887605
0.00187491	2.913	1.00262e-05	1.03021
0.00189496	2.2261	1.00262e-05	0.749086
0.00191501	1.25319	1.00262e-05	0.502579
0.00193507	1.53314	1.00262e-05	0.569256
0.00195512	0.821713	1.00262e-05	0.405584
0.00197517	0.169075	1.00262e-05	0.169075
0.00199522	0.260705	1.00262e-05	0.187674
0.00201528	0.419669	1.00262e-05	0.335714
0.00203533	0.103292	1.00262e-05	0.103292
0.00205538	0.193237	1.00262e-05	0.193237
