1.30777e-05	2658.13	1.30777e-05	43.6986
3.92331e-05	538.728	1.30777e-05	12.3141
6.53885e-05	457.02	1.30777e-05	12.6412
9.15439e-05	419.001	1.30777e-05	20.7336
0.000117699	412.615	1.30777e-05	15.3244
0.000143855	394.397	1.30777e-05	15.5312
0.00017001	383.326	1.30777e-05	11.6354
0.000196165	388.402	1.30777e-05	12.4313
0.000222321	417.251	1.30777e-05	13.9096
0.000248476	432.901	1.30777e-05	11.7064
0.000274632	468.72	1.30777e-05	14.0087
0.000300787	483.342	1.30777e-05	12.6101
0.000326942	532.281	1.30777e-05	13.9682
0.000353098	551.829	1.30777e-05	14.3135
0.000379253	545.512	1.30777e-05	12.3626
0.000405409	599.685	1.30777e-05	14.2525
0.000431564	602.151	1.30777e-05	12.8027
0.000457719	613.804	1.30777e-05	12.8645
0.000483875	660.811	1.30777e-05	31.5828
0.00051003	681.987	1.30777e-05	15.8526
0.000536186	714.471	1.30777e-05	16.102
0.000562341	700.427	1.30777e-05	14.739
0.000588496	742.665	1.30777e-05	16.5632
0.000614652	787.613	1.30777e-05	18.9808
0.000640807	774.143	1.30777e-05	22.6862
0.000666963	816.595	1.30777e-05	24.8723
0.000693118	774.371	1.30777e-05	14.7428
0.000719273	789.054	1.30777e-05	16.0793
0.000745429	792.642	1.30777e-05	15.5062
0.000771584	818.722	1.30777e-05	23.1498
0.00079774	814.397	1.30777e-05	16.614
0.000823895	787.202	1.30777e-05	19.9018
0.00085005	804.569	1.30777e-05	16.3908
0.000876206	774.209	1.30777e-05	18.3947
0.000902361	781.547	1.30777e-05	19.0877
0.000928517	733.446	1.30777e-05	15.5957
0.000954672	767.628	1.30777e-05	18.4097
0.000980827	695.644	1.30777e-05	15.119
0.00100698	719.957	1.30777e-05	18.8169
0.00103314	680.453	1.30777e-05	14.7683
0.00105929	694.734	1.30777e-05	20.1923
0.00108545	635.589	1.30777e-05	14.8049
0.0011116	613.462	1.30777e-05	13.1921
0.00113776	601.533	1.30777e-05	15.8916
0.00116392	580.764	1.30777e-05	16.4096
0.00119007	544.853	1.30777e-05	12.4545
0.00121623	541.903	1.30777e-05	14.2879
0.00124238	484.873	1.30777e-05	11.0567
0.00126854	508.153	1.30777e-05	18.1601
0.00129469	422.339	1.30777e-05	11.1509
0.00132085	441.814	1.30777e-05	21.8576
0.001347	382.919	1.30777e-05	11.5942
0.00137316	374.732	1.30777e-05	11.8764
0.00139931	355.424	1.30777e-05	16.6907
0.00142547	335.66	1.30777e-05	11.7976
0.00145162	312.062	1.30777e-05	9.95602
0.00147778	281.867	1.30777e-05	8.33996
0.00150394	267.777	1.30777e-05	16.4498
0.00153009	258.284	1.30777e-05	13.3772
0.00155625	210.345	1.30777e-05	6.73892
0.0015824	193.221	1.30777e-05	6.74486
0.00160856	187.837	1.30777e-05	21.9466
0.00163471	165.065	1.30777e-05	7.30656
0.00166087	149.038	1.30777e-05	6.10891
0.00168702	136.886	1.30777e-05	5.86171
0.00171318	114.596	1.30777e-05	5.37585
0.00173933	109.154	1.30777e-05	5.30604
0.00176549	99.2987	1.30777e-05	4.89685
0.00179164	90.73	1.30777e-05	6.0783
0.0018178	80.4807	1.30777e-05	5.27778
0.00184396	72.8492	1.30777e-05	4.11286
0.00187011	72.4103	1.30777e-05	8.94363
0.00189627	67.8612	1.30777e-05	8.55211
0.00192242	49.6726	1.30777e-05	3.58771
0.00194858	41.9696	1.30777e-05	2.96606
0.00197473	41.5834	1.30777e-05	4.33996
0.00200089	32.7565	1.30777e-05	2.99779
0.00202704	28.9994	1.30777e-05	2.33764
0.0020532	22.8833	1.30777e-05	2.0481
0.00207935	19.9876	1.30777e-05	1.86757
0.00210551	13.0308	1.30777e-05	1.48478
0.00213166	14.7814	1.30777e-05	1.90099
0.00215782	14.4469	1.30777e-05	2.42401
0.00218398	9.94215	1.30777e-05	1.27672
0.00221013	9.66412	1.30777e-05	1.29746
0.00223629	7.47474	1.30777e-05	1.32668
0.00226244	5.85235	1.30777e-05	1.18986
0.0022886	3.18419	1.30777e-05	0.802697
0.00231475	5.84365	1.30777e-05	1.24409
0.00234091	2.94957	1.30777e-05	0.7758
0.00236706	2.47098	1.30777e-05	0.81404
0.00239322	2.6527	1.30777e-05	0.769782
0.00241937	1.16275	1.30777e-05	0.406649
0.00244553	0.236532	1.30777e-05	0.173927
0.00247169	0.630684	1.30777e-05	0.374349
0.00249784	0.323943	1.30777e-05	0.189588
0.002524	0.362155	1.30777e-05	0.272961
