0	8060.2	8.08296e-06	10312.5
1.61659e-05	2905.87	8.08296e-06	274.814
3.23318e-05	2517.66	8.08296e-06	91.8761
4.84977e-05	2328.57	8.08296e-06	51.9024
6.46636e-05	2197.33	8.08296e-06	35.6604
8.08296e-05	2097.36	8.08296e-06	27.6147
9.69955e-05	2016.91	8.08296e-06	23.3296
0.000113161	1943.83	8.08296e-06	20.3233
0.000129327	1877.18	8.08296e-06	18.2058
0.000145493	1815.37	8.08296e-06	16.6099
0.000161659	1755.6	8.08296e-06	15.3085
0.000177825	1697.74	8.08296e-06	14.2304
0.000193991	1638.76	8.08296e-06	13.1624
0.000210157	1581.76	8.08296e-06	12.1974
0.000226323	1525.34	8.08296e-06	11.347
0.000242489	1471.11	8.08296e-06	10.6062
0.000258655	1420.15	8.08296e-06	10.0281
0.000274821	1366.73	8.08296e-06	9.40721
0.000290986	1314.26	8.08296e-06	8.84912
0.000307152	1263.87	8.08296e-06	8.36905
0.000323318	1212.76	8.08296e-06	7.88249
0.000339484	1164.93	8.08296e-06	7.4772
0.00035565	1118.32	8.08296e-06	7.02628
0.000371816	1072.57	8.08296e-06	6.66555
0.000387982	1028.34	8.08296e-06	6.35076
0.000404148	985.313	8.08296e-06	6.04713
0.000420314	943.756	8.08296e-06	5.75513
0.00043648	902.651	8.08296e-06	5.49742
0.000452646	862.055	8.08296e-06	5.24238
0.000468811	820.325	8.08296e-06	4.9441
0.000484977	782.182	8.08296e-06	4.724
0.000501143	745.032	8.08296e-06	4.49622
0.000517309	708.258	8.08296e-06	4.19066
0.000533475	672.46	8.08296e-06	3.98554
0.000549641	638.786	8.08296e-06	3.81165
0.000565807	606.191	8.08296e-06	3.6407
0.000581973	574.907	8.08296e-06	3.49399
0.000598139	543.156	8.08296e-06	3.30777
0.000614305	514.298	8.08296e-06	3.17382
0.000630471	486.843	8.08296e-06	3.05969
0.000646636	459.427	8.08296e-06	2.90689
0.000662802	433.576	8.08296e-06	2.7948
0.000678968	408.424	8.08296e-06	2.56854
0.000695134	384.938	8.08296e-06	2.46985
0.0007113	362.304	8.08296e-06	2.36701
0.000727466	340.433	8.08296e-06	2.27104
0.000743632	320.394	8.08296e-06	2.19755
0.000759798	300.436	8.08296e-06	2.09698
0.000775964	282.47	8.08296e-06	2.03241
0.00079213	264.666	8.08296e-06	1.96503
0.000808296	246.999	8.08296e-06	1.88513
0.000824462	230.899	8.08296e-06	1.82081
0.000840627	214.72	8.08296e-06	1.667
0.000856793	200.159	8.08296e-06	1.60979
0.000872959	186.33	8.08296e-06	1.55542
0.000889125	173.005	8.08296e-06	1.46046
0.000905291	160.34	8.08296e-06	1.39647
0.000921457	148.401	8.08296e-06	1.3553
0.000937623	137.098	8.08296e-06	1.24208
0.000953789	126.802	8.08296e-06	1.20732
0.000969955	117.84	8.08296e-06	1.18148
0.000986121	108.742	8.08296e-06	1.14982
0.00100229	99.8933	8.08296e-06	1.10821
0.00101845	92.4149	8.08296e-06	1.08544
0.00103462	84.2768	8.08296e-06	0.743701
0.00105078	77.5007	8.08296e-06	0.713173
0.00106695	71.0039	8.08296e-06	0.67926
0.00108312	65.1867	8.08296e-06	0.654706
0.00109928	59.6762	8.08296e-06	0.625124
0.00111545	54.5821	8.08296e-06	0.601351
0.00113161	49.794	8.08296e-06	0.531155
0.00114778	45.3891	8.08296e-06	0.507449
0.00116395	41.2093	8.08296e-06	0.483413
0.00118011	37.4998	8.08296e-06	0.465748
0.00119628	34.0733	8.08296e-06	0.427568
0.00121244	30.9115	8.08296e-06	0.396441
0.00122861	27.9172	8.08296e-06	0.363224
0.00124478	25.3843	8.08296e-06	0.346739
0.00126094	22.9379	8.08296e-06	0.328258
0.00127711	20.9025	8.08296e-06	0.317661
0.00129327	18.8489	8.08296e-06	0.304095
0.00130944	16.8254	8.08296e-06	0.277466
0.0013256	15.0759	8.08296e-06	0.265669
0.00134177	13.5132	8.08296e-06	0.255649
0.00135794	12.1162	8.08296e-06	0.222818
0.0013741	10.7863	8.08296e-06	0.206715
0.00139027	9.63448	8.08296e-06	0.195987
0.00140643	8.46913	8.08296e-06	0.161653
0.0014226	7.55602	8.08296e-06	0.154191
0.00143877	6.72783	8.08296e-06	0.146664
0.00145493	5.89889	8.08296e-06	0.132711
0.0014711	5.13472	8.08296e-06	0.119566
0.00148726	4.46525	8.08296e-06	0.112209
0.00150343	3.85793	8.08296e-06	0.103247
0.0015196	3.3909	8.08296e-06	0.0973967
0.00153576	2.90777	8.08296e-06	0.0897051
0.00155193	2.52359	8.08296e-06	0.0810916
0.00156809	2.1496	8.08296e-06	0.0732287
0.00158426	1.83555	8.08296e-06	0.0672366
0.00160043	1.59121	8.08296e-06	0.0627173
0.00161659	1.30539	8.08296e-06	0.0560584
0.00163276	1.12831	8.08296e-06	0.0517412
0.00164892	0.961541	8.08296e-06	0.0472394
0.00166509	0.818496	8.08296e-06	0.0443009
0.00168125	0.690396	8.08296e-06	0.0398351
0.00169742	0.571233	8.08296e-06	0.035826
0.00171359	0.461486	8.08296e-06	0.0324911
0.00172975	0.353096	8.08296e-06	0.0277872
0.00174592	0.280811	8.08296e-06	0.0235071
0.00176208	0.235468	8.08296e-06	0.021806
0.00177825	0.182623	8.08296e-06	0.0195036
0.00179442	0.146777	8.08296e-06	0.0168456
0.00181058	0.13022	8.08296e-06	0.0154601
0.00182675	0.100486	8.08296e-06	0.0135583
0.00184291	0.0740928	8.08296e-06	0.0112234
0.00185908	0.0577494	8.08296e-06	0.00982499
0.00187525	0.0503422	8.08296e-06	0.00903918
0.00189141	0.0354634	8.08296e-06	0.00704718
0.00190758	0.0199761	8.08296e-06	0.00510485
0.00192374	0.0168247	8.08296e-06	0.00485259
0.00193991	0.0103626	8.08296e-06	0.00345258
0.00195608	0.00430008	8.08296e-06	0.00194958
0.00197224	0.00264551	8.08296e-06	0.00155414
0.00198841	0.00198398	8.08296e-06	0.00140631
0.00200457	0.00198398	8.08296e-06	0.00140631
0.00202074	0.00198398	8.08296e-06	0.00140631
0.0020369	0.000923098	8.08296e-06	0.000923126
0.00205307	0.000923098	8.08296e-06	0.000923126
0.00206924	0.000923098	8.08296e-06	0.000923126
