0	5475.35	1.14274e-05	7389.84
2.28548e-05	1781.51	1.14274e-05	172.572
4.57097e-05	1536.36	1.14274e-05	54.9138
6.85645e-05	1419.26	1.14274e-05	28.4575
9.14193e-05	1347.51	1.14274e-05	19.597
0.000114274	1290.16	1.14274e-05	14.5255
0.000137129	1244.94	1.14274e-05	11.8711
0.000159984	1209.93	1.14274e-05	10.523
0.000182839	1176.02	1.14274e-05	9.39517
0.000205693	1145.59	1.14274e-05	8.63658
0.000228548	1116.27	1.14274e-05	7.88786
0.000251403	1087.96	1.14274e-05	7.36088
0.000274258	1063.1	1.14274e-05	7.00374
0.000297113	1039.1	1.14274e-05	6.70257
0.000319968	1014.19	1.14274e-05	6.39753
0.000342822	989.294	1.14274e-05	6.11799
0.000365677	964.335	1.14274e-05	5.84749
0.000388532	940.572	1.14274e-05	5.64126
0.000411387	917.843	1.14274e-05	5.4632
0.000434242	893.074	1.14274e-05	5.26317
0.000457097	868.834	1.14274e-05	5.07701
0.000479951	844.091	1.14274e-05	4.72061
0.000502806	820.391	1.14274e-05	4.55692
0.000525661	796.416	1.14274e-05	4.38853
0.000548516	772.45	1.14274e-05	4.23557
0.000571371	747.792	1.14274e-05	4.05681
0.000594226	722.864	1.14274e-05	3.89333
0.00061708	699.217	1.14274e-05	3.75632
0.000639935	674.076	1.14274e-05	3.59378
0.00066279	649.784	1.14274e-05	3.45231
0.000685645	626.529	1.14274e-05	3.33562
0.0007085	603.433	1.14274e-05	3.21591
0.000731355	579.991	1.14274e-05	3.09811
0.000754209	557.314	1.14274e-05	2.99272
0.000777064	534.482	1.14274e-05	2.87343
0.000799919	512.228	1.14274e-05	2.77348
0.000822774	489.525	1.14274e-05	2.67082
0.000845629	467.338	1.14274e-05	2.56046
0.000868484	445.345	1.14274e-05	2.44384
0.000891338	424.14	1.14274e-05	2.35414
0.000914193	403.443	1.14274e-05	2.26622
0.000937048	382.34	1.14274e-05	2.16232
0.000959903	362.832	1.14274e-05	2.07556
0.000982758	343.42	1.14274e-05	1.99214
0.00100561	324.706	1.14274e-05	1.91612
0.00102847	306.439	1.14274e-05	1.83401
0.00105132	288.799	1.14274e-05	1.75415
0.00107418	272.202	1.14274e-05	1.69308
0.00109703	256.08	1.14274e-05	1.63193
0.00111989	240.502	1.14274e-05	1.57561
0.00114274	224.843	1.14274e-05	1.5085
0.0011656	210.524	1.14274e-05	1.46008
0.00118845	197.101	1.14274e-05	1.41059
0.00121131	184.098	1.14274e-05	1.37009
0.00123416	171.591	1.14274e-05	1.32423
0.00125702	159.956	1.14274e-05	1.28646
0.00127987	148.622	1.14274e-05	1.22853
0.00130273	137.524	1.14274e-05	1.1867
0.00132558	127.179	1.14274e-05	1.15221
0.00134844	117.887	1.14274e-05	1.12462
0.00137129	109.024	1.14274e-05	1.10091
0.00139414	99.8219	1.14274e-05	0.815942
0.001417	91.5577	1.14274e-05	0.781888
0.00143985	83.8345	1.14274e-05	0.739985
0.00146271	76.8185	1.14274e-05	0.70949
0.00148556	70.0823	1.14274e-05	0.67838
0.00150842	64.1864	1.14274e-05	0.656374
0.00153127	58.4634	1.14274e-05	0.622899
0.00155413	53.0568	1.14274e-05	0.593122
0.00157698	48.5303	1.14274e-05	0.57728
0.00159984	43.7611	1.14274e-05	0.535409
0.00162269	39.5374	1.14274e-05	0.517559
0.00164555	35.5448	1.14274e-05	0.484036
0.0016684	31.9045	1.14274e-05	0.468034
0.00169126	28.4424	1.14274e-05	0.347384
0.00171411	25.4709	1.14274e-05	0.322904
0.00173697	22.6717	1.14274e-05	0.305573
0.00175982	20.1985	1.14274e-05	0.293263
0.00178268	18.0114	1.14274e-05	0.280806
0.00180553	15.9555	1.14274e-05	0.265567
0.00182839	14.1499	1.14274e-05	0.254613
0.00185124	12.3547	1.14274e-05	0.235081
0.0018741	11.0356	1.14274e-05	0.229111
0.00189695	9.83083	1.14274e-05	0.222769
0.00191981	8.64283	1.14274e-05	0.216267
0.00194266	7.57333	1.14274e-05	0.210315
0.00196552	6.60461	1.14274e-05	0.205042
0.00198837	5.76764	1.14274e-05	0.200734
0.00201123	4.95571	1.14274e-05	0.195031
0.00203408	4.18414	1.14274e-05	0.188265
0.00205693	3.56602	1.14274e-05	0.182072
0.00207979	3.09635	1.14274e-05	0.179948
0.00210264	2.6593	1.14274e-05	0.177396
0.0021255	2.29254	1.14274e-05	0.175616
0.00214835	1.99973	1.14274e-05	0.174222
0.00217121	1.55941	1.14274e-05	0.0523705
0.00219406	1.32207	1.14274e-05	0.0488507
0.00221692	1.0968	1.14274e-05	0.0445255
0.00223977	0.894814	1.14274e-05	0.0399696
0.00226263	0.746415	1.14274e-05	0.0371537
0.00228548	0.604457	1.14274e-05	0.0347094
0.00230834	0.482844	1.14274e-05	0.0324686
0.00233119	0.367214	1.14274e-05	0.0284059
0.00235405	0.228832	1.14274e-05	0.0199932
0.0023769	0.16168	1.14274e-05	0.0156978
0.00239976	0.120355	1.14274e-05	0.0140916
0.00242261	0.0863322	1.14274e-05	0.012189
0.00244547	0.0579174	1.14274e-05	0.0107545
0.00246832	0.0427495	1.14274e-05	0.0100388
0.00249118	0.0272646	1.14274e-05	0.00930868
0.00251403	0.00814508	1.14274e-05	0.00237604
0.00253689	0.0047834	1.14274e-05	0.00182715
0.00255974	0.000760423	1.14274e-05	0.000760453
