0	5518.49	1.13758e-05	7448.08
2.27515e-05	1795.6	1.13758e-05	176.724
4.5503e-05	1543.1	1.13758e-05	53.3935
6.82545e-05	1431.95	1.13758e-05	29.4025
9.1006e-05	1354.36	1.13758e-05	18.9026
0.000113758	1300.73	1.13758e-05	14.5903
0.000136509	1257.49	1.13758e-05	12.1862
0.000159261	1220.91	1.13758e-05	10.7514
0.000182012	1185.41	1.13758e-05	9.54822
0.000204764	1154.53	1.13758e-05	8.77422
0.000227515	1123.56	1.13758e-05	7.99582
0.000250267	1097.39	1.13758e-05	7.55346
0.000273018	1070.86	1.13758e-05	7.1531
0.00029577	1044.77	1.13758e-05	6.76614
0.000318521	1020.14	1.13758e-05	6.46788
0.000341273	996.093	1.13758e-05	6.21581
0.000364024	972.831	1.13758e-05	6.00428
0.000386776	947.93	1.13758e-05	5.73383
0.000409527	923.452	1.13758e-05	5.48208
0.000432279	899.005	1.13758e-05	5.28888
0.00045503	874.137	1.13758e-05	5.09095
0.000477782	849.505	1.13758e-05	4.90987
0.000500533	824.322	1.13758e-05	4.73708
0.000523285	799.125	1.13758e-05	4.54499
0.000546036	774.458	1.13758e-05	4.39271
0.000568788	748.736	1.13758e-05	4.20094
0.000591539	723.91	1.13758e-05	4.056
0.000614291	699.235	1.13758e-05	3.92203
0.000637042	675.753	1.13758e-05	3.80193
0.000659794	651.342	1.13758e-05	3.67566
0.000682545	628.193	1.13758e-05	3.56837
0.000705297	604.75	1.13758e-05	3.44804
0.000728048	580.226	1.13758e-05	3.17689
0.0007508	557.14	1.13758e-05	3.06896
0.000773551	534.174	1.13758e-05	2.89806
0.000796303	511.967	1.13758e-05	2.79493
0.000819054	489.94	1.13758e-05	2.69479
0.000841806	467.612	1.13758e-05	2.57712
0.000864557	446.181	1.13758e-05	2.48295
0.000887309	424.688	1.13758e-05	2.38015
0.00091006	403.582	1.13758e-05	2.28621
0.000932812	383.205	1.13758e-05	2.20379
0.000955563	363.445	1.13758e-05	2.10622
0.000978315	344.454	1.13758e-05	2.03382
0.00100107	325.498	1.13758e-05	1.94859
0.00102382	307.488	1.13758e-05	1.87661
0.00104657	289.346	1.13758e-05	1.77513
0.00106932	272.225	1.13758e-05	1.70755
0.00109207	255.908	1.13758e-05	1.6455
0.00111482	240.258	1.13758e-05	1.59078
0.00113758	225.053	1.13758e-05	1.53478
0.00116033	210.777	1.13758e-05	1.47575
0.00118308	196.854	1.13758e-05	1.42122
0.00120583	182.622	1.13758e-05	1.24083
0.00122858	169.752	1.13758e-05	1.16596
0.00125133	158.072	1.13758e-05	1.12447
0.00127408	146.959	1.13758e-05	1.08692
0.00129684	135.673	1.13758e-05	1.00614
0.00131959	125.409	1.13758e-05	0.93055
0.00134234	115.4	1.13758e-05	0.837152
0.00136509	106.372	1.13758e-05	0.724308
0.00138784	98.1227	1.13758e-05	0.690407
0.00141059	90.1766	1.13758e-05	0.64681
0.00143335	82.7962	1.13758e-05	0.61298
0.0014561	76.1233	1.13758e-05	0.580165
0.00147885	69.4939	1.13758e-05	0.535963
0.0015016	62.9456	1.13758e-05	0.502029
0.00152435	57.2328	1.13758e-05	0.463601
0.0015471	52.0867	1.13758e-05	0.438867
0.00156985	47.104	1.13758e-05	0.413816
0.00159261	42.8652	1.13758e-05	0.395683
0.00161536	39.076	1.13758e-05	0.379377
0.00163811	35.425	1.13758e-05	0.360728
0.00166086	32.1297	1.13758e-05	0.344999
0.00168361	28.9305	1.13758e-05	0.323585
0.00170636	25.95	1.13758e-05	0.299515
0.00172911	23.0913	1.13758e-05	0.268388
0.00175187	20.7087	1.13758e-05	0.252534
0.00177462	18.5269	1.13758e-05	0.237127
0.00179737	16.477	1.13758e-05	0.217618
0.00182012	14.6438	1.13758e-05	0.206459
0.00184287	12.9186	1.13758e-05	0.192036
0.00186562	11.3464	1.13758e-05	0.17588
0.00188838	10.0183	1.13758e-05	0.165758
0.00191113	8.83219	1.13758e-05	0.156921
0.00193388	7.74259	1.13758e-05	0.147922
0.00195663	6.72438	1.13758e-05	0.135909
0.00197938	5.93282	1.13758e-05	0.130049
0.00200213	5.16819	1.13758e-05	0.117686
0.00202488	4.52885	1.13758e-05	0.111073
0.00204764	3.84388	1.13758e-05	0.0951351
0.00207039	3.32061	1.13758e-05	0.0887866
0.00209314	2.82025	1.13758e-05	0.0806988
0.00211589	2.4116	1.13758e-05	0.0749113
0.00213864	1.98916	1.13758e-05	0.0643117
0.00216139	1.68784	1.13758e-05	0.0601285
0.00218414	1.4263	1.13758e-05	0.0564009
0.0022069	1.16645	1.13758e-05	0.0502584
0.00222965	0.972056	1.13758e-05	0.0474761
0.0022524	0.770264	1.13758e-05	0.0425331
0.00227515	0.637183	1.13758e-05	0.0400934
0.0022979	0.525744	1.13758e-05	0.0378006
0.00232065	0.394703	1.13758e-05	0.0250459
0.00234341	0.295788	1.13758e-05	0.0201066
0.00236616	0.214352	1.13758e-05	0.0169669
0.00238891	0.163177	1.13758e-05	0.0148436
0.00241166	0.102031	1.13758e-05	0.0110841
0.00243441	0.0651601	1.13758e-05	0.00874437
0.00245716	0.0440371	1.13758e-05	0.00739488
0.00247991	0.0225378	1.13758e-05	0.0047484
0.00250267	0.0124669	1.13758e-05	0.00342927
0.00252542	0.00265233	1.13758e-05	0.00155388
0.00254817	0.00155612	1.13758e-05	0.00110125
