0	5387.72	1.13736e-05	7201.93
2.27471e-05	1787.86	1.13736e-05	172.656
4.54942e-05	1542.06	1.13736e-05	53.8911
6.82413e-05	1426.19	1.13736e-05	27.2685
9.09884e-05	1357.2	1.13736e-05	18.7375
0.000113736	1305.39	1.13736e-05	14.6988
0.000136483	1264.42	1.13736e-05	12.6059
0.00015923	1224.24	1.13736e-05	10.693
0.000181977	1189.94	1.13736e-05	9.60906
0.000204724	1159.39	1.13736e-05	8.8669
0.000227471	1131.62	1.13736e-05	8.33077
0.000250218	1103.87	1.13736e-05	7.85112
0.000272965	1076.86	1.13736e-05	7.45285
0.000295712	1052.47	1.13736e-05	7.15784
0.000318459	1026.39	1.13736e-05	6.79901
0.000341207	1000.28	1.13736e-05	6.51756
0.000363954	975.289	1.13736e-05	6.258
0.000386701	951.618	1.13736e-05	6.06814
0.000409448	927.123	1.13736e-05	5.85971
0.000432195	901.905	1.13736e-05	5.66189
0.000454942	875.771	1.13736e-05	5.17419
0.000477689	850.945	1.13736e-05	4.9785
0.000500436	824.174	1.13736e-05	4.59112
0.000523183	799.149	1.13736e-05	4.41655
0.000545931	775.021	1.13736e-05	4.26545
0.000568678	750.152	1.13736e-05	4.11606
0.000591425	725.069	1.13736e-05	3.95965
0.000614172	700.953	1.13736e-05	3.82709
0.000636919	676.25	1.13736e-05	3.68562
0.000659666	653.186	1.13736e-05	3.57258
0.000682413	629.163	1.13736e-05	3.45296
0.00070516	604.524	1.13736e-05	3.27083
0.000727907	581.083	1.13736e-05	3.15169
0.000750654	556.906	1.13736e-05	3.03154
0.000773402	533.44	1.13736e-05	2.91524
0.000796149	511.552	1.13736e-05	2.81176
0.000818896	489.327	1.13736e-05	2.71603
0.000841643	466.55	1.13736e-05	2.60495
0.00086439	445.374	1.13736e-05	2.51535
0.000887137	423.126	1.13736e-05	2.385
0.000909884	401.813	1.13736e-05	2.28213
0.000932631	381.617	1.13736e-05	2.1822
0.000955378	361.989	1.13736e-05	2.10295
0.000978125	342.03	1.13736e-05	2.00141
0.00100087	323.06	1.13736e-05	1.91839
0.00102362	304.719	1.13736e-05	1.83826
0.00104637	287.043	1.13736e-05	1.75829
0.00106911	270.217	1.13736e-05	1.69682
0.00109186	254.143	1.13736e-05	1.62412
0.00111461	238.403	1.13736e-05	1.55548
0.00113736	223.768	1.13736e-05	1.50741
0.0011601	209.411	1.13736e-05	1.41197
0.00118285	195.731	1.13736e-05	1.35646
0.0012056	182.712	1.13736e-05	1.3096
0.00122834	170.186	1.13736e-05	1.26584
0.00125109	158.571	1.13736e-05	1.22919
0.00127384	147.114	1.13736e-05	1.1841
0.00129658	136.451	1.13736e-05	1.09058
0.00131933	126.415	1.13736e-05	1.05187
0.00134208	116.664	1.13736e-05	1.01066
0.00136483	107.801	1.13736e-05	0.955669
0.00138757	99.0631	1.13736e-05	0.913224
0.00141032	90.9716	1.13736e-05	0.872488
0.00143307	83.4719	1.13736e-05	0.838145
0.00145581	76.8295	1.13736e-05	0.818592
0.00147856	70.3485	1.13736e-05	0.79604
0.00150131	64.1098	1.13736e-05	0.755502
0.00152406	58.7464	1.13736e-05	0.738916
0.0015468	53.5096	1.13736e-05	0.722421
0.00156955	48.9715	1.13736e-05	0.709025
0.0015923	44.4721	1.13736e-05	0.695385
0.00161504	40.3366	1.13736e-05	0.683403
0.00163779	36.4651	1.13736e-05	0.669015
0.00166054	32.9879	1.13736e-05	0.649791
0.00168329	29.7276	1.13736e-05	0.634091
0.00170603	26.6311	1.13736e-05	0.535553
0.00172878	24.0091	1.13736e-05	0.525765
0.00175153	21.6729	1.13736e-05	0.5192
0.00177427	19.322	1.13736e-05	0.510089
0.00179702	17.2836	1.13736e-05	0.503055
0.00181977	15.4549	1.13736e-05	0.496261
0.00184252	13.8696	1.13736e-05	0.492838
0.00186526	12.2709	1.13736e-05	0.476271
0.00188801	10.3317	1.13736e-05	0.287484
0.00191076	9.08675	1.13736e-05	0.280772
0.0019335	7.89488	1.13736e-05	0.27415
0.00195625	6.96548	1.13736e-05	0.270298
0.001979	5.81975	1.13736e-05	0.115741
0.00200175	5.08656	1.13736e-05	0.1061
0.00202449	4.35493	1.13736e-05	0.0925219
0.00204724	3.70221	1.13736e-05	0.0849693
0.00206999	3.15399	1.13736e-05	0.0791527
0.00209273	2.68739	1.13736e-05	0.0733779
0.00211548	2.28835	1.13736e-05	0.0681368
0.00213823	1.90368	1.13736e-05	0.0619541
0.00216097	1.60807	1.13736e-05	0.0567577
0.00218372	1.35609	1.13736e-05	0.0536988
0.00220647	1.13475	1.13736e-05	0.0499426
0.00222922	0.951911	1.13736e-05	0.047372
0.00225196	0.79638	1.13736e-05	0.0449105
0.00227471	0.63948	1.13736e-05	0.0424436
0.00229746	0.479371	1.13736e-05	0.0324126
0.0023202	0.373909	1.13736e-05	0.0291082
0.00234295	0.299228	1.13736e-05	0.0276038
0.0023657	0.204725	1.13736e-05	0.0231244
0.00238845	0.153174	1.13736e-05	0.0208876
0.00241119	0.117168	1.13736e-05	0.0196194
0.00243394	0.080633	1.13736e-05	0.0178507
0.00245669	0.044342	1.13736e-05	0.00672969
0.00247943	0.0252529	1.13736e-05	0.005185
0.00250218	0.0149505	1.13736e-05	0.00423785
0.00252493	0.00806862	1.13736e-05	0.00301563
0.00254768	0.000984105	1.13736e-05	0.000984144
