0	8973.77	7.10727e-06	11491.4
1.42145e-05	3230.04	7.10727e-06	285.44
2.84291e-05	2831.12	7.10727e-06	103.207
4.26436e-05	2614.81	7.10727e-06	55.9226
5.68582e-05	2482.86	7.10727e-06	41.0424
7.10727e-05	2365.53	7.10727e-06	31.4817
8.52872e-05	2275.28	7.10727e-06	26.7394
9.95018e-05	2197.1	7.10727e-06	23.7607
0.000113716	2127.56	7.10727e-06	21.7597
0.000127931	2055.5	7.10727e-06	19.9563
0.000142145	1985.8	7.10727e-06	18.3733
0.00015636	1927.25	7.10727e-06	17.4614
0.000170574	1864.24	7.10727e-06	16.5093
0.000184789	1801.84	7.10727e-06	15.6768
0.000199004	1739.35	7.10727e-06	14.8894
0.000213218	1679.68	7.10727e-06	14.2347
0.000227433	1610.34	7.10727e-06	12.4176
0.000241647	1551.51	7.10727e-06	11.8138
0.000255862	1494.09	7.10727e-06	11.2905
0.000270076	1437.18	7.10727e-06	10.7386
0.000284291	1381.91	7.10727e-06	10.2961
0.000298505	1325.26	7.10727e-06	9.4085
0.00031272	1272.98	7.10727e-06	9.02776
0.000326934	1221.75	7.10727e-06	8.63586
0.000341149	1168.45	7.10727e-06	8.2024
0.000355363	1119.94	7.10727e-06	7.91227
0.000369578	1071.44	7.10727e-06	7.62379
0.000383793	1023.33	7.10727e-06	7.25011
0.000398007	978.739	7.10727e-06	7.01842
0.000412222	934.398	7.10727e-06	6.7469
0.000426436	892.522	7.10727e-06	6.54449
0.000440651	850.508	7.10727e-06	6.30111
0.000454865	810.142	7.10727e-06	6.0356
0.00046908	771.33	7.10727e-06	5.86608
0.000483294	734.162	7.10727e-06	5.72922
0.000497509	696.886	7.10727e-06	5.57565
0.000511723	662.305	7.10727e-06	5.44673
0.000525938	627.753	7.10727e-06	5.3122
0.000540152	594.69	7.10727e-06	5.20393
0.000554367	560.845	7.10727e-06	4.79429
0.000568582	530.569	7.10727e-06	4.69483
0.000582796	500.714	7.10727e-06	4.53076
0.000597011	473.193	7.10727e-06	4.45508
0.000611225	447.328	7.10727e-06	4.38897
0.00062544	421.672	7.10727e-06	4.32298
0.000639654	396.944	7.10727e-06	4.26298
0.000653869	373.815	7.10727e-06	4.21002
0.000668083	350.215	7.10727e-06	4.11778
0.000682298	329.701	7.10727e-06	4.07035
0.000696512	309.05	7.10727e-06	4.02707
0.000710727	289.365	7.10727e-06	3.97085
0.000724941	271.851	7.10727e-06	3.94116
0.000739156	254.519	7.10727e-06	3.90669
0.000753371	237.73	7.10727e-06	3.87457
0.000767585	221.613	7.10727e-06	3.82313
0.0007818	207.444	7.10727e-06	3.80325
0.000796014	193.515	7.10727e-06	3.77884
0.000810229	180.201	7.10727e-06	3.74997
0.000824443	167.941	7.10727e-06	3.73272
0.000838658	156.438	7.10727e-06	3.71842
0.000852872	145.31	7.10727e-06	3.70428
0.000867087	134.589	7.10727e-06	3.68538
0.000881301	124.402	7.10727e-06	3.67155
0.000895516	115.114	7.10727e-06	3.6592
0.00090973	106.128	7.10727e-06	3.64966
0.000923945	97.7301	7.10727e-06	3.64073
0.00093816	89.4516	7.10727e-06	3.62963
0.000952374	82.2104	7.10727e-06	3.62232
0.000966589	75.2124	7.10727e-06	3.61517
0.000980803	68.9123	7.10727e-06	3.60122
0.000995018	62.9422	7.10727e-06	3.58772
0.00100923	54.0608	7.10727e-06	0.700431
0.00102345	48.8104	7.10727e-06	0.670035
0.00103766	44.2157	7.10727e-06	0.649965
0.00105188	39.8966	7.10727e-06	0.629163
0.00106609	35.9087	7.10727e-06	0.613878
0.0010803	32.2822	7.10727e-06	0.571615
0.00109452	28.9435	7.10727e-06	0.554915
0.00110873	25.6417	7.10727e-06	0.508992
0.00112295	22.8576	7.10727e-06	0.491698
0.00113716	20.15	7.10727e-06	0.454298
0.00115138	17.5548	7.10727e-06	0.335054
0.00116559	15.3508	7.10727e-06	0.294036
0.00117981	13.5067	7.10727e-06	0.278572
0.00119402	11.8729	7.10727e-06	0.266679
0.00120824	10.2896	7.10727e-06	0.249989
0.00122245	8.89254	7.10727e-06	0.200692
0.00123666	7.57131	7.10727e-06	0.177309
0.00125088	6.49659	7.10727e-06	0.165626
0.00126509	5.46888	7.10727e-06	0.155085
0.00127931	4.68157	7.10727e-06	0.140451
0.00129352	4.04104	7.10727e-06	0.130348
0.00130774	3.47093	7.10727e-06	0.122578
0.00132195	2.91127	7.10727e-06	0.115137
0.00133617	2.44997	7.10727e-06	0.103522
0.00135038	2.01773	7.10727e-06	0.0911904
0.0013646	1.70401	7.10727e-06	0.0824971
0.00137881	1.4418	7.10727e-06	0.0785752
0.00139302	1.10045	7.10727e-06	0.0559276
0.00140724	0.881054	7.10727e-06	0.0499264
0.00142145	0.72779	7.10727e-06	0.0463036
0.00143567	0.567908	7.10727e-06	0.0407522
0.00144988	0.406702	7.10727e-06	0.0323483
0.0014641	0.303508	7.10727e-06	0.0285414
0.00147831	0.241758	7.10727e-06	0.0250994
0.00149253	0.187911	7.10727e-06	0.0211413
0.00150674	0.132203	7.10727e-06	0.0174017
0.00152096	0.101923	7.10727e-06	0.0149668
0.00153517	0.0772581	7.10727e-06	0.013585
0.00154938	0.0466963	7.10727e-06	0.00908678
0.0015636	0.0320911	7.10727e-06	0.00752558
0.00157781	0.0206241	7.10727e-06	0.00585396
0.00159203	0.0153411	7.10727e-06	0.00510641
0.00160624	0.012897	7.10727e-06	0.00490636
0.00162046	0.0119264	7.10727e-06	0.00480939
0.00163467	0.00935141	7.10727e-06	0.00438744
0.00164889	0.00128205	7.10727e-06	0.0012821
