0	5456.19	1.086e-05	7026.71
2.172e-05	1944.18	1.086e-05	190.183
4.344e-05	1673.44	1.086e-05	59.4933
6.51599e-05	1545.39	1.086e-05	30.0597
8.68799e-05	1470.83	1.086e-05	21.1071
0.0001086	1412.33	1.086e-05	16.4842
0.00013032	1362.59	1.086e-05	13.6777
0.00015204	1321.31	1.086e-05	12.0432
0.00017376	1281.99	1.086e-05	10.6837
0.00019548	1246.94	1.086e-05	9.81192
0.0002172	1214.13	1.086e-05	9.13638
0.00023892	1181.9	1.086e-05	8.47372
0.00026064	1149.62	1.086e-05	7.94943
0.00028236	1119.91	1.086e-05	7.5262
0.00030408	1089.03	1.086e-05	7.12303
0.0003258	1061.67	1.086e-05	6.84133
0.00034752	1033.23	1.086e-05	6.55328
0.00036924	1004.35	1.086e-05	6.27878
0.00039096	976.071	1.086e-05	6.02823
0.00041268	948.521	1.086e-05	5.80943
0.0004344	921.026	1.086e-05	5.60837
0.00045612	893.26	1.086e-05	5.41216
0.00047784	866.338	1.086e-05	5.23514
0.00049956	838.88	1.086e-05	5.06064
0.00052128	808.741	1.086e-05	4.74729
0.000542999	780.57	1.086e-05	4.55943
0.000564719	753.696	1.086e-05	4.39169
0.000586439	726.666	1.086e-05	4.22766
0.000608159	698.713	1.086e-05	4.05964
0.000629879	671.653	1.086e-05	3.9129
0.000651599	644.519	1.086e-05	3.77064
0.000673319	618.423	1.086e-05	3.6278
0.000695039	592.792	1.086e-05	3.50485
0.000716759	567.784	1.086e-05	3.38377
0.000738479	542.185	1.086e-05	3.18876
0.000760199	517.185	1.086e-05	3.04866
0.000781919	492.69	1.086e-05	2.91352
0.000803639	469.406	1.086e-05	2.75627
0.000825359	446.929	1.086e-05	2.65766
0.000847079	424.486	1.086e-05	2.56267
0.000868799	403.197	1.086e-05	2.47878
0.000890519	380.744	1.086e-05	2.17769
0.000912239	360.755	1.086e-05	2.09118
0.000933959	340.606	1.086e-05	1.94974
0.000955679	321.58	1.086e-05	1.85175
0.000977399	303.469	1.086e-05	1.77852
0.000999119	285.824	1.086e-05	1.704
0.00102084	268.939	1.086e-05	1.60863
0.00104256	252.798	1.086e-05	1.54234
0.00106428	237.774	1.086e-05	1.48387
0.001086	223.239	1.086e-05	1.42424
0.00110772	209.557	1.086e-05	1.37218
0.00112944	196.006	1.086e-05	1.31643
0.00115116	182.631	1.086e-05	1.25255
0.00117288	170.27	1.086e-05	1.20105
0.0011946	157.972	1.086e-05	1.08312
0.00121632	146.09	1.086e-05	0.937779
0.00123804	135.511	1.086e-05	0.88473
0.00125976	125.477	1.086e-05	0.834682
0.00128148	116.387	1.086e-05	0.800071
0.0013032	107.992	1.086e-05	0.767407
0.00132492	99.4377	1.086e-05	0.696842
0.00134664	91.4666	1.086e-05	0.660119
0.00136836	84.3756	1.086e-05	0.631466
0.00139008	77.4341	1.086e-05	0.586194
0.0014118	70.9805	1.086e-05	0.554198
0.00143352	65.0302	1.086e-05	0.527862
0.00145524	59.5675	1.086e-05	0.501739
0.00147696	54.436	1.086e-05	0.476394
0.00149868	49.4867	1.086e-05	0.444999
0.0015204	45.1056	1.086e-05	0.422328
0.00154212	41.1239	1.086e-05	0.400255
0.00156384	37.0511	1.086e-05	0.376897
0.00158556	33.5205	1.086e-05	0.35307
0.00160728	30.2102	1.086e-05	0.313615
0.001629	27.1297	1.086e-05	0.294111
0.00165072	24.3117	1.086e-05	0.275497
0.00167244	21.82	1.086e-05	0.260724
0.00169416	19.6811	1.086e-05	0.24904
0.00171588	17.5281	1.086e-05	0.233806
0.0017376	15.5379	1.086e-05	0.214864
0.00175932	13.7459	1.086e-05	0.200965
0.00178104	12.2613	1.086e-05	0.189936
0.00180276	10.8533	1.086e-05	0.180299
0.00182448	9.51774	1.086e-05	0.164442
0.0018462	8.32896	1.086e-05	0.153321
0.00186792	7.44002	1.086e-05	0.148432
0.00188964	6.46422	1.086e-05	0.13078
0.00191136	5.69905	1.086e-05	0.123498
0.00193308	4.98274	1.086e-05	0.109241
0.0019548	4.35916	1.086e-05	0.102134
0.00197652	3.80481	1.086e-05	0.0960539
0.00199824	3.36231	1.086e-05	0.091754
0.00201996	2.856	1.086e-05	0.0852946
0.00204168	2.40406	1.086e-05	0.0763641
0.0020634	2.04752	1.086e-05	0.0718738
0.00208512	1.71737	1.086e-05	0.0669834
0.00210684	1.43114	1.086e-05	0.0623918
0.00212856	1.20597	1.086e-05	0.0593794
0.00215028	0.996772	1.086e-05	0.0558446
0.002172	0.839485	1.086e-05	0.0518863
0.00219372	0.648926	1.086e-05	0.0455394
0.00221544	0.524213	1.086e-05	0.0429159
0.00223716	0.411956	1.086e-05	0.0402805
0.00225888	0.278607	1.086e-05	0.0229974
0.0022806	0.231297	1.086e-05	0.0216098
0.00230232	0.181286	1.086e-05	0.0201679
0.00232404	0.144153	1.086e-05	0.0189807
0.00234576	0.0949135	1.086e-05	0.0106504
0.00236748	0.0731393	1.086e-05	0.00929312
0.0023892	0.0485839	1.086e-05	0.00775382
0.00241092	0.0320344	1.086e-05	0.00667447
0.00243264	0.0182359	1.086e-05	0.00507073
0.00245436	0.010097	1.086e-05	0.00427623
0.00247608	0.000621274	1.086e-05	0.000621297
0.0024978	0.000621274	1.086e-05	0.000621297
