0	5999.81	1.04736e-05	7877.58
2.09472e-05	2062.21	1.04736e-05	187.312
4.18945e-05	1798.35	1.04736e-05	63.9946
6.28417e-05	1663.98	1.04736e-05	34.4571
8.37889e-05	1574.97	1.04736e-05	22.9135
0.000104736	1510.53	1.04736e-05	17.7898
0.000125683	1461.87	1.04736e-05	15.3736
0.000146631	1415.19	1.04736e-05	13.5207
0.000167578	1373.77	1.04736e-05	12.2229
0.000188525	1329.96	1.04736e-05	10.9016
0.000209472	1292.29	1.04736e-05	10.1105
0.00023042	1254.62	1.04736e-05	9.34861
0.000251367	1219.21	1.04736e-05	8.77816
0.000272314	1185.26	1.04736e-05	8.30827
0.000293261	1151.56	1.04736e-05	7.86926
0.000314208	1117.29	1.04736e-05	7.45944
0.000335156	1083.48	1.04736e-05	7.07728
0.000356103	1050.1	1.04736e-05	6.74016
0.00037705	1015.21	1.04736e-05	6.30692
0.000397997	982.576	1.04736e-05	6.0156
0.000418945	949.529	1.04736e-05	5.73047
0.000439892	915.952	1.04736e-05	5.41448
0.000460839	884.266	1.04736e-05	5.16953
0.000481786	853.256	1.04736e-05	4.93222
0.000502734	821.889	1.04736e-05	4.70293
0.000523681	789.636	1.04736e-05	4.45744
0.000544628	759.533	1.04736e-05	4.2604
0.000565575	730.252	1.04736e-05	4.07734
0.000586522	701.96	1.04736e-05	3.91138
0.00060747	672.811	1.04736e-05	3.71505
0.000628417	644.899	1.04736e-05	3.5579
0.000649364	616.132	1.04736e-05	3.34477
0.000670311	588.449	1.04736e-05	3.18361
0.000691259	561.595	1.04736e-05	3.02965
0.000712206	535.817	1.04736e-05	2.8911
0.000733153	511.728	1.04736e-05	2.77176
0.0007541	487.685	1.04736e-05	2.65333
0.000775048	463.291	1.04736e-05	2.52302
0.000795995	439.719	1.04736e-05	2.40487
0.000816942	416.609	1.04736e-05	2.28285
0.000837889	395.395	1.04736e-05	2.19309
0.000858836	374.209	1.04736e-05	2.09238
0.000879784	354.044	1.04736e-05	2.00672
0.000900731	334.424	1.04736e-05	1.92012
0.000921678	315.298	1.04736e-05	1.83651
0.000942625	297.561	1.04736e-05	1.75372
0.000963573	280.413	1.04736e-05	1.6813
0.00098452	264.384	1.04736e-05	1.62131
0.00100547	247.603	1.04736e-05	1.53747
0.00102641	232.502	1.04736e-05	1.47732
0.00104736	218.03	1.04736e-05	1.42314
0.00106831	203.832	1.04736e-05	1.34886
0.00108926	190.321	1.04736e-05	1.2825
0.0011102	177.506	1.04736e-05	1.21983
0.00113115	165.542	1.04736e-05	1.17229
0.0011521	153.711	1.04736e-05	1.10819
0.00117304	142.677	1.04736e-05	1.06533
0.00119399	132.029	1.04736e-05	0.958823
0.00121494	122.387	1.04736e-05	0.896671
0.00123589	113.104	1.04736e-05	0.85561
0.00125683	104.198	1.04736e-05	0.807954
0.00127778	96.1761	1.04736e-05	0.778156
0.00129873	88.8232	1.04736e-05	0.750029
0.00131968	81.5005	1.04736e-05	0.719095
0.00134062	74.6861	1.04736e-05	0.692292
0.00136157	68.6051	1.04736e-05	0.643918
0.00138252	62.9153	1.04736e-05	0.620133
0.00140346	57.4103	1.04736e-05	0.594753
0.00142441	52.6883	1.04736e-05	0.578606
0.00144536	47.9562	1.04736e-05	0.556135
0.00146631	43.612	1.04736e-05	0.540907
0.00148725	39.8086	1.04736e-05	0.524861
0.0015082	35.8684	1.04736e-05	0.492312
0.00152915	32.2141	1.04736e-05	0.41849
0.0015501	29.0184	1.04736e-05	0.397446
0.00157104	25.9217	1.04736e-05	0.331197
0.00159199	23.4372	1.04736e-05	0.319744
0.00161294	20.7996	1.04736e-05	0.267529
0.00163388	18.5784	1.04736e-05	0.245484
0.00165483	16.5548	1.04736e-05	0.222427
0.00167578	14.7839	1.04736e-05	0.209384
0.00169673	13.1339	1.04736e-05	0.193586
0.00171767	11.5811	1.04736e-05	0.180397
0.00173862	10.3548	1.04736e-05	0.172417
0.00175957	9.1224	1.04736e-05	0.16218
0.00178051	8.07765	1.04736e-05	0.148808
0.00180146	7.15047	1.04736e-05	0.141162
0.00182241	6.16276	1.04736e-05	0.124073
0.00184336	5.3998	1.04736e-05	0.115336
0.0018643	4.64391	1.04736e-05	0.107008
0.00188525	3.98698	1.04736e-05	0.0977816
0.0019062	3.47853	1.04736e-05	0.0926479
0.00192715	3.0036	1.04736e-05	0.0867534
0.00194809	2.56753	1.04736e-05	0.0739403
0.00196904	2.23297	1.04736e-05	0.0700523
0.00198999	1.87274	1.04736e-05	0.0649643
0.00201093	1.58575	1.04736e-05	0.0602346
0.00203188	1.33792	1.04736e-05	0.0537981
0.00205283	1.07731	1.04736e-05	0.0457122
0.00207378	0.900589	1.04736e-05	0.0418156
0.00209472	0.741792	1.04736e-05	0.0380539
0.00211567	0.599971	1.04736e-05	0.0342573
0.00213662	0.49575	1.04736e-05	0.030349
0.00215756	0.413841	1.04736e-05	0.0282573
0.00217851	0.333575	1.04736e-05	0.0260143
0.00219946	0.239583	1.04736e-05	0.0203591
0.00222041	0.186109	1.04736e-05	0.0186166
0.00224135	0.146153	1.04736e-05	0.0171943
0.0022623	0.112913	1.04736e-05	0.0151602
0.00228325	0.0718346	1.04736e-05	0.0102434
0.0023042	0.045996	1.04736e-05	0.00740873
0.00232514	0.033374	1.04736e-05	0.00627638
0.00234609	0.0242186	1.04736e-05	0.00538486
0.00236704	0.0141299	1.04736e-05	0.00428666
0.00238798	0.00899711	1.04736e-05	0.00365764
0.00240893	0.00398399	1.04736e-05	0.00261731
0.00242988	0.00315916	1.04736e-05	0.00248393
0.00245083	0.00315916	1.04736e-05	0.00248393
