0	5851.15	1.07449e-05	7799.46
2.14898e-05	1952.65	1.07449e-05	181.354
4.29795e-05	1695.25	1.07449e-05	58.0145
6.44693e-05	1574.08	1.07449e-05	31.7147
8.5959e-05	1494.31	1.07449e-05	21.9396
0.000107449	1435.16	1.07449e-05	17.467
0.000128939	1388.65	1.07449e-05	15.2193
0.000150428	1344.14	1.07449e-05	12.808
0.000171918	1306.18	1.07449e-05	11.6955
0.000193408	1271.26	1.07449e-05	10.8994
0.000214898	1236.32	1.07449e-05	10.2076
0.000236387	1200.27	1.07449e-05	8.81395
0.000257877	1167.74	1.07449e-05	8.26819
0.000279367	1137.17	1.07449e-05	7.85797
0.000300857	1106.43	1.07449e-05	7.46449
0.000322346	1074.77	1.07449e-05	7.09668
0.000343836	1044.1	1.07449e-05	6.77265
0.000365326	1015.31	1.07449e-05	6.51067
0.000386816	985.178	1.07449e-05	6.22213
0.000408305	955.183	1.07449e-05	5.96011
0.000429795	926.367	1.07449e-05	5.73375
0.000451285	897.103	1.07449e-05	5.51338
0.000472775	866.697	1.07449e-05	5.28406
0.000494264	837.06	1.07449e-05	4.94723
0.000515754	809.171	1.07449e-05	4.77085
0.000537244	781.503	1.07449e-05	4.60411
0.000558734	753.217	1.07449e-05	4.42673
0.000580223	725.587	1.07449e-05	4.24347
0.000601713	699.462	1.07449e-05	4.10569
0.000623203	672.52	1.07449e-05	3.96079
0.000644693	645.097	1.07449e-05	3.67793
0.000666182	618.607	1.07449e-05	3.54192
0.000687672	592.186	1.07449e-05	3.40009
0.000709162	565.977	1.07449e-05	3.27028
0.000730652	541.277	1.07449e-05	3.14961
0.000752141	516.052	1.07449e-05	2.98928
0.000773631	492.315	1.07449e-05	2.88282
0.000795121	468.242	1.07449e-05	2.77244
0.000816611	446.252	1.07449e-05	2.68496
0.0008381	424.058	1.07449e-05	2.59327
0.00085959	402.807	1.07449e-05	2.50275
0.00088108	382.057	1.07449e-05	2.42356
0.00090257	361.266	1.07449e-05	2.34009
0.000924059	342.057	1.07449e-05	2.26117
0.000945549	323.267	1.07449e-05	2.17335
0.000967039	304.73	1.07449e-05	2.09813
0.000988529	286.875	1.07449e-05	2.03488
0.00101002	269.403	1.07449e-05	1.93305
0.00103151	252.827	1.07449e-05	1.86912
0.001053	236.329	1.07449e-05	1.62586
0.00107449	220.645	1.07449e-05	1.49785
0.00109598	206.478	1.07449e-05	1.35443
0.00111747	192.87	1.07449e-05	1.298
0.00113896	180.004	1.07449e-05	1.23831
0.00116045	167.679	1.07449e-05	1.19258
0.00118194	156.286	1.07449e-05	1.14748
0.00120343	144.576	1.07449e-05	1.04042
0.00122492	133.779	1.07449e-05	0.888038
0.00124641	123.572	1.07449e-05	0.829332
0.0012679	114.526	1.07449e-05	0.792133
0.00128939	105.904	1.07449e-05	0.756374
0.00131088	97.6261	1.07449e-05	0.720772
0.00133236	89.7651	1.07449e-05	0.683633
0.00135385	82.34	1.07449e-05	0.650501
0.00137534	75.5723	1.07449e-05	0.621913
0.00139683	69.2778	1.07449e-05	0.58842
0.00141832	63.163	1.07449e-05	0.54521
0.00143981	57.5447	1.07449e-05	0.513551
0.0014613	52.1377	1.07449e-05	0.475339
0.00148279	47.6485	1.07449e-05	0.45766
0.00150428	42.99	1.07449e-05	0.408327
0.00152577	38.89	1.07449e-05	0.386388
0.00154726	35.0176	1.07449e-05	0.354676
0.00156875	31.6618	1.07449e-05	0.338421
0.00159024	28.7863	1.07449e-05	0.323873
0.00161173	25.9415	1.07449e-05	0.305126
0.00163322	23.3433	1.07449e-05	0.280517
0.00165471	20.8617	1.07449e-05	0.264328
0.0016762	18.6526	1.07449e-05	0.240377
0.00169769	16.5649	1.07449e-05	0.220912
0.00171918	14.8533	1.07449e-05	0.208896
0.00174067	13.3176	1.07449e-05	0.198156
0.00176216	11.8074	1.07449e-05	0.186471
0.00178365	10.5021	1.07449e-05	0.173614
0.00180514	9.32825	1.07449e-05	0.165344
0.00182663	8.3064	1.07449e-05	0.156889
0.00184812	7.29638	1.07449e-05	0.147653
0.00186961	6.37492	1.07449e-05	0.138801
0.0018911	5.49726	1.07449e-05	0.12662
0.00191259	4.84528	1.07449e-05	0.121101
0.00193408	4.20628	1.07449e-05	0.114557
0.00195557	3.63097	1.07449e-05	0.104756
0.00197706	3.11827	1.07449e-05	0.0978998
0.00199855	2.71589	1.07449e-05	0.0935375
0.00202004	2.31485	1.07449e-05	0.0891491
0.00204153	1.97305	1.07449e-05	0.0839892
0.00206302	1.69031	1.07449e-05	0.0789426
0.00208451	1.4342	1.07449e-05	0.0708914
0.002106	1.176	1.07449e-05	0.0616023
0.00212749	1.02831	1.07449e-05	0.0599195
0.00214898	0.873942	1.07449e-05	0.0579816
0.00217047	0.719452	1.07449e-05	0.0556341
0.00219195	0.588051	1.07449e-05	0.0532107
0.00221344	0.461904	1.07449e-05	0.0483118
0.00223493	0.367314	1.07449e-05	0.0459142
0.00225642	0.269465	1.07449e-05	0.0431514
0.00227791	0.220012	1.07449e-05	0.0424341
0.0022994	0.169058	1.07449e-05	0.0403768
0.00232089	0.145739	1.07449e-05	0.0400467
0.00234238	0.122979	1.07449e-05	0.0396831
0.00236387	0.0913075	1.07449e-05	0.0383326
0.00238536	0.0667612	1.07449e-05	0.0372874
0.00240685	0.0549461	1.07449e-05	0.037032
0.00242834	0.0110379	1.07449e-05	0.00546793
0.00244983	0.00230972	1.07449e-05	0.00176975
0.00247132	0.00163672	1.07449e-05	0.00163678
0.00249281	0.00163672	1.07449e-05	0.00163678
