0	7080.26	8.95344e-06	9031.01
1.79069e-05	2566.44	8.95344e-06	241.626
3.58138e-05	2223.45	8.95344e-06	77.5252
5.37206e-05	2063.56	8.95344e-06	43.5404
7.16275e-05	1957.39	8.95344e-06	31.1036
8.95344e-05	1871	8.95344e-06	24.3702
0.000107441	1801.89	8.95344e-06	20.744
0.000125348	1734.79	8.95344e-06	17.7135
0.000143255	1676.5	8.95344e-06	15.826
0.000161162	1623.21	8.95344e-06	14.473
0.000179069	1570.21	8.95344e-06	13.2981
0.000196976	1520.14	8.95344e-06	12.353
0.000214883	1473.94	8.95344e-06	11.622
0.000232789	1427.2	8.95344e-06	10.9576
0.000250696	1378.63	8.95344e-06	10.2999
0.000268603	1332.04	8.95344e-06	9.73967
0.00028651	1285.14	8.95344e-06	9.20468
0.000304417	1240.5	8.95344e-06	8.75715
0.000322324	1195.51	8.95344e-06	8.27912
0.000340231	1151.22	8.95344e-06	7.87334
0.000358138	1106.63	8.95344e-06	7.3779
0.000376045	1063.86	8.95344e-06	7.02432
0.000393951	1021.16	8.95344e-06	6.66355
0.000411858	980.589	8.95344e-06	6.37384
0.000429765	941.473	8.95344e-06	6.11117
0.000447672	901.108	8.95344e-06	5.78182
0.000465579	862.815	8.95344e-06	5.54361
0.000483486	824.268	8.95344e-06	5.21978
0.000501393	787.503	8.95344e-06	5.00252
0.0005193	752.799	8.95344e-06	4.79329
0.000537206	719.079	8.95344e-06	4.60026
0.000555113	684.164	8.95344e-06	4.2943
0.00057302	651.738	8.95344e-06	4.11543
0.000590927	618.176	8.95344e-06	3.64015
0.000608834	587.418	8.95344e-06	3.48585
0.000626741	557.993	8.95344e-06	3.34295
0.000644648	529.162	8.95344e-06	3.19746
0.000662555	501.566	8.95344e-06	3.05656
0.000680462	475.279	8.95344e-06	2.93829
0.000698368	449.169	8.95344e-06	2.8015
0.000716275	424.14	8.95344e-06	2.68852
0.000734182	399.723	8.95344e-06	2.56502
0.000752089	377.296	8.95344e-06	2.47023
0.000769996	355.08	8.95344e-06	2.37319
0.000787903	333.945	8.95344e-06	2.28897
0.00080581	313.801	8.95344e-06	2.20954
0.000823717	294.343	8.95344e-06	2.12531
0.000841623	275.456	8.95344e-06	2.01188
0.00085953	258.122	8.95344e-06	1.94214
0.000877437	242.138	8.95344e-06	1.88843
0.000895344	226.23	8.95344e-06	1.82499
0.000913251	211.895	8.95344e-06	1.77457
0.000931158	197.47	8.95344e-06	1.6337
0.000949065	184.373	8.95344e-06	1.58953
0.000966972	171.551	8.95344e-06	1.53381
0.000984879	159.053	8.95344e-06	1.46315
0.00100279	147.45	8.95344e-06	1.30927
0.00102069	136.521	8.95344e-06	1.26945
0.0010386	126.603	8.95344e-06	1.23763
0.00105651	116.893	8.95344e-06	1.18742
0.00107441	108.097	8.95344e-06	1.15632
0.00109232	100.023	8.95344e-06	1.12688
0.00111023	91.8108	8.95344e-06	0.814083
0.00112813	84.8009	8.95344e-06	0.785639
0.00114604	78.2418	8.95344e-06	0.753061
0.00116395	72.3749	8.95344e-06	0.729506
0.00118185	66.5373	8.95344e-06	0.70186
0.00119976	61.2009	8.95344e-06	0.683327
0.00121767	56.2834	8.95344e-06	0.662993
0.00123557	51.1462	8.95344e-06	0.629384
0.00125348	46.8872	8.95344e-06	0.608754
0.00127139	43.0355	8.95344e-06	0.595768
0.0012893	39.2495	8.95344e-06	0.581347
0.0013072	35.5516	8.95344e-06	0.562708
0.00132511	32.328	8.95344e-06	0.54761
0.00134302	29.3728	8.95344e-06	0.53565
0.00136092	26.5984	8.95344e-06	0.523796
0.00137883	24.2493	8.95344e-06	0.516248
0.00139674	21.8842	8.95344e-06	0.500635
0.00141464	19.7798	8.95344e-06	0.493386
0.00143255	17.7523	8.95344e-06	0.484172
0.00145046	15.9972	8.95344e-06	0.477422
0.00146836	14.4438	8.95344e-06	0.470857
0.00148627	13.0196	8.95344e-06	0.466132
0.00150418	11.531	8.95344e-06	0.45571
0.00152209	10.3674	8.95344e-06	0.452267
0.00153999	9.40805	8.95344e-06	0.449083
0.0015579	8.46584	8.95344e-06	0.446403
0.00157581	7.45105	8.95344e-06	0.440072
0.00159371	6.64669	8.95344e-06	0.43723
0.00161162	5.92512	8.95344e-06	0.434063
0.00162953	4.82694	8.95344e-06	0.122159
0.00164743	4.21891	8.95344e-06	0.113245
0.00166534	3.69327	8.95344e-06	0.107683
0.00168325	3.1936	8.95344e-06	0.0974182
0.00170115	2.77222	8.95344e-06	0.0903585
0.00171906	2.33717	8.95344e-06	0.0732818
0.00173697	2.01403	8.95344e-06	0.0688821
0.00175487	1.6826	8.95344e-06	0.0611144
0.00177278	1.43859	8.95344e-06	0.0561991
0.00179069	1.22105	8.95344e-06	0.0521033
0.0018086	1.05187	8.95344e-06	0.048469
0.0018265	0.881249	8.95344e-06	0.043842
0.00184441	0.73883	8.95344e-06	0.0403329
0.00186232	0.62987	8.95344e-06	0.0376291
0.00188022	0.520945	8.95344e-06	0.0335436
0.00189813	0.410049	8.95344e-06	0.0275783
0.00191604	0.312869	8.95344e-06	0.0236966
0.00193394	0.247657	8.95344e-06	0.0209102
0.00195185	0.204285	8.95344e-06	0.0193337
0.00196976	0.166803	8.95344e-06	0.017938
0.00198766	0.125221	8.95344e-06	0.0154938
0.00200557	0.0999122	8.95344e-06	0.013948
0.00202348	0.0794234	8.95344e-06	0.0128309
0.00204138	0.0624482	8.95344e-06	0.0118582
0.00205929	0.0444317	8.95344e-06	0.00959064
0.0020772	0.030384	8.95344e-06	0.00818548
0.00209511	0.0250348	8.95344e-06	0.0077642
0.00211301	0.0174622	8.95344e-06	0.00659605
0.00213092	0.00739453	8.95344e-06	0.00267717
0.00214883	0.00589967	8.95344e-06	0.00244786
0.00216673	0.00471355	8.95344e-06	0.00214128
0.00218464	0.00301999	8.95344e-06	0.00175154
0.00220255	0.00205077	8.95344e-06	0.00145892
0.00222045	0.00113828	8.95344e-06	0.00113831
