1.07449e-05	1949.25	1.07449e-05	37.1777
3.22346e-05	386.098	1.07449e-05	13.1934
5.37244e-05	302.924	1.07449e-05	8.18726
7.52141e-05	279.201	1.07449e-05	7.83172
9.67039e-05	266.178	1.07449e-05	8.38377
0.000118194	255.816	1.07449e-05	7.68896
0.000139683	289.277	1.07449e-05	29.5745
0.000161173	284.733	1.07449e-05	9.59549
0.000182663	296.818	1.07449e-05	8.95786
0.000204153	331.94	1.07449e-05	9.84881
0.000225642	378.541	1.07449e-05	40.2856
0.000247132	374.06	1.07449e-05	13.2259
0.000268622	382.101	1.07449e-05	9.96176
0.000290112	415.006	1.07449e-05	12.4013
0.000311601	459.049	1.07449e-05	11.1254
0.000333091	475.347	1.07449e-05	11.7988
0.000354581	475.051	1.07449e-05	10.8845
0.000376071	527.372	1.07449e-05	14.7311
0.00039756	554.914	1.07449e-05	13.8828
0.00041905	561.911	1.07449e-05	13.2731
0.00044054	599.919	1.07449e-05	13.6094
0.00046203	653.73	1.07449e-05	14.8325
0.000483519	666.827	1.07449e-05	29.4336
0.000505009	655.382	1.07449e-05	12.9929
0.000526499	677.871	1.07449e-05	13.1447
0.000547989	721.309	1.07449e-05	15.5397
0.000569478	732.17	1.07449e-05	18.7737
0.000590968	718.451	1.07449e-05	13.6885
0.000612458	767.857	1.07449e-05	14.9502
0.000633948	808.971	1.07449e-05	33.5903
0.000655438	807.949	1.07449e-05	14.5528
0.000676927	832.266	1.07449e-05	16.6995
0.000698417	851.779	1.07449e-05	15.09
0.000719907	827.436	1.07449e-05	16.1034
0.000741397	870.261	1.07449e-05	23.1344
0.000762886	842.675	1.07449e-05	14.9787
0.000784376	878.656	1.07449e-05	15.8791
0.000805866	824.632	1.07449e-05	13.7032
0.000827356	854.485	1.07449e-05	14.9932
0.000848845	839.413	1.07449e-05	16.3731
0.000870335	840.368	1.07449e-05	14.469
0.000891825	862.809	1.07449e-05	15.8906
0.000913315	816.389	1.07449e-05	16.9399
0.000934804	817.358	1.07449e-05	19.5912
0.000956294	824.935	1.07449e-05	17.1064
0.000977784	812.366	1.07449e-05	14.9134
0.000999274	812.465	1.07449e-05	23.841
0.00102076	787.352	1.07449e-05	16.5426
0.00104225	800.144	1.07449e-05	41.5657
0.00106374	776.356	1.07449e-05	27.0889
0.00108523	715.455	1.07449e-05	29.026
0.00110672	700.795	1.07449e-05	14.5526
0.00112821	675.487	1.07449e-05	15.8677
0.0011497	659.368	1.07449e-05	12.893
0.00117119	620.934	1.07449e-05	13.5531
0.00119268	649.896	1.07449e-05	24.174
0.00121417	610.029	1.07449e-05	28.6622
0.00123566	586.9	1.07449e-05	15.1377
0.00125715	529.2	1.07449e-05	11.162
0.00127864	513.015	1.07449e-05	11.0314
0.00130013	500.808	1.07449e-05	11.134
0.00132162	483.452	1.07449e-05	11.6396
0.00134311	464.068	1.07449e-05	10.8414
0.0013646	429.751	1.07449e-05	10.0436
0.00138609	405.993	1.07449e-05	11.3591
0.00140758	400.521	1.07449e-05	13.144
0.00142907	373.616	1.07449e-05	10.8012
0.00145056	364.97	1.07449e-05	11.9555
0.00147205	307.514	1.07449e-05	7.56574
0.00149354	323.768	1.07449e-05	13.5888
0.00151503	289.05	1.07449e-05	8.35756
0.00153652	276.875	1.07449e-05	10.254
0.00155801	243.296	1.07449e-05	6.92532
0.0015795	211.348	1.07449e-05	6.61685
0.00160099	211.935	1.07449e-05	7.57323
0.00162248	196.167	1.07449e-05	8.68348
0.00164397	189.845	1.07449e-05	6.7423
0.00166546	171.202	1.07449e-05	8.22954
0.00168695	163.883	1.07449e-05	7.13945
0.00170844	136.078	1.07449e-05	5.451
0.00172993	123.619	1.07449e-05	5.09612
0.00175141	123.083	1.07449e-05	5.25103
0.0017729	107.691	1.07449e-05	5.45947
0.00179439	98.0128	1.07449e-05	4.26226
0.00181588	86.346	1.07449e-05	4.29054
0.00183737	86.3568	1.07449e-05	4.42067
0.00185886	79.7061	1.07449e-05	4.25725
0.00188035	76.795	1.07449e-05	4.89716
0.00190184	57.7008	1.07449e-05	3.20668
0.00192333	57.1904	1.07449e-05	3.4561
0.00194482	52.0655	1.07449e-05	4.15614
0.00196631	46.9125	1.07449e-05	3.37202
0.0019878	37.2201	1.07449e-05	2.64265
0.00200929	37.497	1.07449e-05	2.61684
0.00203078	32.3	1.07449e-05	2.80378
0.00205227	27.0018	1.07449e-05	2.72384
0.00207376	24.714	1.07449e-05	3.34187
0.00209525	25.1749	1.07449e-05	3.41075
0.00211674	14.5475	1.07449e-05	1.40081
0.00213823	15.3595	1.07449e-05	1.49605
0.00215972	15.5263	1.07449e-05	1.63403
0.00218121	13.3372	1.07449e-05	1.64321
0.0022027	12.9301	1.07449e-05	2.28242
0.00222419	9.79007	1.07449e-05	1.55277
0.00224568	10.2253	1.07449e-05	1.63633
0.00226717	5.21728	1.07449e-05	0.825153
0.00228866	5.42655	1.07449e-05	1.38913
0.00231015	2.50686	1.07449e-05	0.553434
0.00233164	2.46936	1.07449e-05	0.583749
0.00235313	3.46808	1.07449e-05	1.12353
0.00237462	2.71237	1.07449e-05	0.982063
0.00239611	1.31738	1.07449e-05	0.485661
0.0024176	4.93967	1.07449e-05	4.1202
0.00243909	0.99065	1.07449e-05	0.587139
0.00246058	0.0770583	1.07449e-05	0.0770583
0.00248207	0	1.07449e-05	0
0.00250356	0.190678	1.07449e-05	0.190678
