1.13736e-05	1799.93	1.13736e-05	22.9029
3.41207e-05	368.691	1.13736e-05	11.1115
5.68678e-05	289.694	1.13736e-05	8.75457
7.96149e-05	241.467	1.13736e-05	6.93972
0.000102362	233.122	1.13736e-05	7.12651
0.000125109	225.332	1.13736e-05	7.08663
0.000147856	261.165	1.13736e-05	16.3898
0.000170603	257.289	1.13736e-05	7.80967
0.00019335	259.673	1.13736e-05	7.57726
0.000216097	263.797	1.13736e-05	7.81337
0.000238845	291.368	1.13736e-05	9.25713
0.000261592	310.641	1.13736e-05	8.74164
0.000284339	304.795	1.13736e-05	8.88477
0.000307086	352.129	1.13736e-05	15.2437
0.000329833	378.542	1.13736e-05	10.3176
0.00035258	387.423	1.13736e-05	13.1126
0.000375327	390.574	1.13736e-05	8.76398
0.000398074	428.667	1.13736e-05	12.7024
0.000420821	466.537	1.13736e-05	12.004
0.000443569	509.615	1.13736e-05	36.422
0.000466316	508.928	1.13736e-05	14.7855
0.000489063	575.581	1.13736e-05	31.5736
0.00051181	563.061	1.13736e-05	13.0323
0.000534557	567.011	1.13736e-05	11.9287
0.000557304	609.287	1.13736e-05	11.5378
0.000580051	639.603	1.13736e-05	13.8637
0.000602798	639.094	1.13736e-05	11.9688
0.000625545	679.334	1.13736e-05	13.9107
0.000648292	657.313	1.13736e-05	11.598
0.00067104	708.688	1.13736e-05	12.4191
0.000693787	751.48	1.13736e-05	23.0681
0.000716534	738.389	1.13736e-05	14.4835
0.000739281	785.75	1.13736e-05	14.147
0.000762028	786.121	1.13736e-05	15.0179
0.000784775	755.143	1.13736e-05	15.0412
0.000807522	788.957	1.13736e-05	13.1527
0.000830269	831.395	1.13736e-05	16.3899
0.000853016	794.073	1.13736e-05	14.0254
0.000875764	856.575	1.13736e-05	21.2556
0.000898511	841.846	1.13736e-05	17.1731
0.000921258	817.949	1.13736e-05	17.9958
0.000944005	814.568	1.13736e-05	14.128
0.000966752	848.239	1.13736e-05	18.8268
0.000989499	825.177	1.13736e-05	15.9977
0.00101225	816.182	1.13736e-05	16.1157
0.00103499	804.272	1.13736e-05	16.8207
0.00105774	782.391	1.13736e-05	13.273
0.00108049	763.52	1.13736e-05	16.922
0.00110323	763.409	1.13736e-05	16.2967
0.00112598	724.432	1.13736e-05	12.1064
0.00114873	725.03	1.13736e-05	22.4607
0.00117148	704.486	1.13736e-05	14.8475
0.00119422	683.501	1.13736e-05	13.2234
0.00121697	670.163	1.13736e-05	12.8699
0.00123972	633.045	1.13736e-05	11.6902
0.00126246	635.846	1.13736e-05	14.2821
0.00128521	602.444	1.13736e-05	23.777
0.00130796	577.096	1.13736e-05	13.1719
0.00133071	570.414	1.13736e-05	13.993
0.00135345	527.336	1.13736e-05	17.4427
0.0013762	528.655	1.13736e-05	14.6287
0.00139895	497.629	1.13736e-05	14.4797
0.00142169	468.729	1.13736e-05	13.1619
0.00144444	421.794	1.13736e-05	9.30049
0.00146719	418.027	1.13736e-05	10.4636
0.00148994	408.633	1.13736e-05	15.1959
0.00151268	356.663	1.13736e-05	8.99164
0.00153543	353.487	1.13736e-05	9.07752
0.00155818	310.862	1.13736e-05	8.32948
0.00158092	312.704	1.13736e-05	8.50217
0.00160367	291.557	1.13736e-05	8.06306
0.00162642	276.806	1.13736e-05	9.19145
0.00164917	252.097	1.13736e-05	11.0079
0.00167191	239.638	1.13736e-05	9.91286
0.00169466	230.684	1.13736e-05	25.1018
0.00171741	197.967	1.13736e-05	7.2346
0.00174015	178.719	1.13736e-05	5.88984
0.0017629	182.189	1.13736e-05	7.12744
0.00178565	160.02	1.13736e-05	6.30538
0.00180839	145.38	1.13736e-05	6.29044
0.00183114	127.619	1.13736e-05	4.40736
0.00185389	130.293	1.13736e-05	10.2024
0.00187664	159.981	1.13736e-05	31.2667
0.00189938	103.954	1.13736e-05	5.00458
0.00192213	100.713	1.13736e-05	4.98154
0.00194488	79.4633	1.13736e-05	3.80382
0.00196762	99.1063	1.13736e-05	21.0978
0.00199037	64.1539	1.13736e-05	3.97957
0.00201312	64.7488	1.13736e-05	4.53731
0.00203587	58.4187	1.13736e-05	3.21121
0.00205861	49.6144	1.13736e-05	2.74191
0.00208136	42.694	1.13736e-05	2.67523
0.00210411	36.9106	1.13736e-05	2.48736
0.00212685	35.9666	1.13736e-05	2.62364
0.0021496	27.935	1.13736e-05	2.32841
0.00217235	24.0644	1.13736e-05	1.73726
0.0021951	21.3594	1.13736e-05	1.89108
0.00221784	17.8268	1.13736e-05	1.53122
0.00224059	15.3198	1.13736e-05	1.47638
0.00226334	15.6115	1.13736e-05	1.45219
0.00228608	16.091	1.13736e-05	2.74926
0.00230883	10.7044	1.13736e-05	1.44335
0.00233158	7.65483	1.13736e-05	0.943804
0.00235433	9.78109	1.13736e-05	1.55732
0.00237707	5.38702	1.13736e-05	1.03558
0.00239982	3.79864	1.13736e-05	0.755282
0.00242257	3.89098	1.13736e-05	0.866239
0.00244531	3.90129	1.13736e-05	1.77699
0.00246806	2.07116	1.13736e-05	0.465078
0.00249081	1.12811	1.13736e-05	0.326963
0.00251356	0.76045	1.13736e-05	0.328939
0.0025363	0.789924	1.13736e-05	0.317755
0.00255905	0.110712	1.13736e-05	0.110712
