0	3404.81	1.24496e-05	2758.03
2.48991e-05	2026.45	1.24496e-05	78.6969
4.97983e-05	1926.11	1.24496e-05	40.5155
7.46974e-05	1867.92	1.24496e-05	32.9872
9.95966e-05	1814.19	1.24496e-05	28.9437
0.000124496	1767.56	1.24496e-05	26.8478
0.000149395	1719.31	1.24496e-05	25.2877
0.000174294	1666.95	1.24496e-05	23.8466
0.000199193	1609.56	1.24496e-05	22.4418
0.000224092	1552.35	1.24496e-05	21.2876
0.000248991	1493.1	1.24496e-05	20.2386
0.000273891	1428.23	1.24496e-05	18.5678
0.00029879	1364.7	1.24496e-05	17.5152
0.000323689	1301.15	1.24496e-05	16.5397
0.000348588	1237.02	1.24496e-05	15.6462
0.000373487	1174.58	1.24496e-05	14.8763
0.000398386	1111.09	1.24496e-05	14.1042
0.000423286	1049.93	1.24496e-05	13.4442
0.000448185	980.116	1.24496e-05	10.9903
0.000473084	925.105	1.24496e-05	10.462
0.000497983	874.882	1.24496e-05	10.0659
0.000522882	822.034	1.24496e-05	9.55038
0.000547781	766.102	1.24496e-05	8.9544
0.00057268	714.088	1.24496e-05	8.52984
0.00059758	662.927	1.24496e-05	8.09772
0.000622479	616.96	1.24496e-05	7.76496
0.000647378	572.843	1.24496e-05	7.4493
0.000672277	531.493	1.24496e-05	7.15372
0.000697176	491.563	1.24496e-05	6.88275
0.000722075	451.196	1.24496e-05	6.46792
0.000746974	413.103	1.24496e-05	6.18459
0.000771874	379.263	1.24496e-05	5.99355
0.000796773	345.87	1.24496e-05	5.77603
0.000821672	315.546	1.24496e-05	5.62483
0.000846571	286.92	1.24496e-05	5.48214
0.00087147	260.044	1.24496e-05	5.32356
0.000896369	235.288	1.24496e-05	5.16441
0.000921268	212.633	1.24496e-05	5.00414
0.000946168	191.369	1.24496e-05	4.77648
0.000971067	167.385	1.24496e-05	3.58622
0.000995966	148.96	1.24496e-05	3.4651
0.00102087	131.254	1.24496e-05	2.63256
0.00104576	115.964	1.24496e-05	2.46946
0.00107066	102.045	1.24496e-05	2.3113
0.00109556	89.6874	1.24496e-05	2.20946
0.00112046	79.1306	1.24496e-05	2.05838
0.00114536	69.7907	1.24496e-05	1.98248
0.00117026	59.8522	1.24496e-05	1.70295
0.00119516	52.8764	1.24496e-05	1.60687
0.00122006	46.2112	1.24496e-05	1.5488
0.00124496	40.5833	1.24496e-05	1.50295
0.00126986	33.4048	1.24496e-05	1.12288
0.00129476	29.307	1.24496e-05	1.08274
0.00131965	25.2198	1.24496e-05	1.02995
0.00134455	21.6147	1.24496e-05	0.975846
0.00136945	18.1599	1.24496e-05	0.901364
0.00139435	14.9285	1.24496e-05	0.822532
0.00141925	11.9893	1.24496e-05	0.744078
0.00144415	9.73769	1.24496e-05	0.672905
0.00146905	8.00839	1.24496e-05	0.585982
0.00149395	6.26703	1.24496e-05	0.453262
0.00151885	4.77681	1.24496e-05	0.415482
0.00154375	3.46137	1.24496e-05	0.283039
0.00156865	2.571	1.24496e-05	0.23558
0.00159355	2.06089	1.24496e-05	0.22068
0.00161844	1.35932	1.24496e-05	0.183994
0.00164334	0.954223	1.24496e-05	0.156274
0.00166824	0.768699	1.24496e-05	0.147836
0.00169314	0.620661	1.24496e-05	0.138519
0.00171804	0.438922	1.24496e-05	0.127087
0.00174294	0.348779	1.24496e-05	0.118738
0.00176784	0.238518	1.24496e-05	0.110007
0.00179274	0.0826744	1.24496e-05	0.0464791
