0	1986.47	1.62602e-05	1279.58
3.25204e-05	1347.19	1.62602e-05	45.7579
6.50408e-05	1285.97	1.62602e-05	20.1298
9.75612e-05	1260.17	1.62602e-05	17.1945
0.000130082	1234.31	1.62602e-05	15.3826
0.000162602	1210.95	1.62602e-05	14.4164
0.000195122	1184.21	1.62602e-05	13.436
0.000227643	1158.85	1.62602e-05	12.7813
0.000260163	1131.8	1.62602e-05	12.1924
0.000292683	1103.72	1.62602e-05	11.68
0.000325204	1076.28	1.62602e-05	11.2616
0.000357724	1048.07	1.62602e-05	10.8808
0.000390245	1014.96	1.62602e-05	10.4194
0.000422765	981.219	1.62602e-05	9.98508
0.000455285	945.872	1.62602e-05	9.51298
0.000487806	910.421	1.62602e-05	9.02904
0.000520326	873.601	1.62602e-05	8.55535
0.000552847	837.61	1.62602e-05	8.21042
0.000585367	802.186	1.62602e-05	7.88835
0.000617887	765.143	1.62602e-05	7.5483
0.000650408	727.881	1.62602e-05	7.21453
0.000682928	692.139	1.62602e-05	6.93817
0.000715448	656.738	1.62602e-05	6.65772
0.000747969	621.247	1.62602e-05	6.39317
0.000780489	585.594	1.62602e-05	6.10411
0.00081301	551.312	1.62602e-05	5.84102
0.00084553	515.38	1.62602e-05	5.55973
0.00087805	482.383	1.62602e-05	5.3468
0.000910571	448.208	1.62602e-05	5.05453
0.000943091	413.838	1.62602e-05	4.35258
0.000975612	381.513	1.62602e-05	4.0254
0.00100813	351.917	1.62602e-05	3.79237
0.00104065	324.806	1.62602e-05	3.57804
0.00107317	297.637	1.62602e-05	3.37934
0.00110569	273.925	1.62602e-05	3.21117
0.00113821	250.46	1.62602e-05	3.05675
0.00117073	227.466	1.62602e-05	2.87321
0.00120325	207.851	1.62602e-05	2.74892
0.00123577	188.997	1.62602e-05	2.64611
0.0012683	170.905	1.62602e-05	2.51084
0.00130082	154.945	1.62602e-05	2.40904
0.00133334	137.465	1.62602e-05	2.05105
0.00136586	122.154	1.62602e-05	1.90461
0.00139838	107.633	1.62602e-05	1.73103
0.0014309	94.7981	1.62602e-05	1.58708
0.00146342	84.1166	1.62602e-05	1.50661
0.00149594	73.8346	1.62602e-05	1.39622
0.00152846	64.2915	1.62602e-05	1.25185
0.00156098	56.2591	1.62602e-05	1.18772
0.0015935	48.8215	1.62602e-05	1.08449
0.00162602	42.5999	1.62602e-05	1.02128
0.00165854	36.6665	1.62602e-05	0.955385
0.00169106	31.8566	1.62602e-05	0.918591
0.00172358	27.2448	1.62602e-05	0.792948
0.0017561	23.0228	1.62602e-05	0.721191
0.00178862	19.3835	1.62602e-05	0.645282
0.00182114	16.3927	1.62602e-05	0.614645
0.00185366	13.9658	1.62602e-05	0.591359
0.00188618	11.7283	1.62602e-05	0.563428
0.0019187	9.77749	1.62602e-05	0.528832
0.00195122	8.21322	1.62602e-05	0.50905
0.00198374	6.68183	1.62602e-05	0.489967
0.00201626	5.22221	1.62602e-05	0.418129
0.00204878	4.26346	1.62602e-05	0.397467
0.0020813	3.5975	1.62602e-05	0.389797
0.00211383	2.31218	1.62602e-05	0.19763
0.00214635	1.70749	1.62602e-05	0.142774
0.00217887	1.34826	1.62602e-05	0.132841
0.00221139	1.06714	1.62602e-05	0.122063
0.00224391	0.84301	1.62602e-05	0.112417
0.00227643	0.55422	1.62602e-05	0.093377
0.00230895	0.4054	1.62602e-05	0.0810982
0.00234147	0.304437	1.62602e-05	0.0758635
0.00237399	0.20874	1.62602e-05	0.0707426
0.00240651	0.162078	1.62602e-05	0.0648045
0.00243903	0.0593454	1.62602e-05	0.036622
0.00247155	0.0501029	1.62602e-05	0.0359123
0.00250407	0.0344967	1.62602e-05	0.0344996
