0	1897.74	1.65163e-05	1214.96
3.30325e-05	1290.71	1.65163e-05	40.3666
6.6065e-05	1240.66	1.65163e-05	22.3461
9.90975e-05	1213.18	1.65163e-05	19.3474
0.00013213	1190.08	1.65163e-05	18.1316
0.000165163	1169.52	1.65163e-05	17.4934
0.000198195	1149.13	1.65163e-05	17.0426
0.000231228	1126.38	1.65163e-05	16.6361
0.00026426	1102.76	1.65163e-05	16.2869
0.000297293	1076.01	1.65163e-05	15.9305
0.000330325	1048.74	1.65163e-05	15.625
0.000363358	1021.21	1.65163e-05	15.3473
0.00039639	992.122	1.65163e-05	15.0907
0.000429423	962.63	1.65163e-05	14.8691
0.000462455	932.549	1.65163e-05	14.634
0.000495488	900.546	1.65163e-05	14.4034
0.00052852	852.389	1.65163e-05	9.34958
0.000561553	820.507	1.65163e-05	9.09294
0.000594585	784.195	1.65163e-05	8.70211
0.000627618	752.99	1.65163e-05	8.49236
0.00066065	720.105	1.65163e-05	8.26221
0.000693683	686.234	1.65163e-05	8.0445
0.000726715	652.084	1.65163e-05	7.8258
0.000759748	616.793	1.65163e-05	7.51256
0.00079278	583.984	1.65163e-05	7.30996
0.000825813	551.358	1.65163e-05	7.1113
0.000858845	516.884	1.65163e-05	6.78267
0.000891878	485.536	1.65163e-05	6.6102
0.00092491	455.726	1.65163e-05	6.4692
0.000957943	425.328	1.65163e-05	6.31657
0.000990975	396.126	1.65163e-05	6.15304
0.00102401	366.147	1.65163e-05	5.91665
0.00105704	338.04	1.65163e-05	5.7842
0.00109007	311.961	1.65163e-05	5.68252
0.00112311	280.05	1.65163e-05	3.51853
0.00115614	255.647	1.65163e-05	3.37372
0.00118917	233.696	1.65163e-05	3.25361
0.0012222	212.668	1.65163e-05	3.11618
0.00125524	192.663	1.65163e-05	2.99037
0.00128827	173.059	1.65163e-05	2.85908
0.0013213	153.807	1.65163e-05	2.34143
0.00135433	137.207	1.65163e-05	2.12588
0.00138737	122.015	1.65163e-05	1.96286
0.0014204	109.382	1.65163e-05	1.89095
0.00145343	97.307	1.65163e-05	1.81147
0.00148646	85.4145	1.65163e-05	1.69554
0.0015195	76.4008	1.65163e-05	1.64999
0.00155253	67.3704	1.65163e-05	1.58441
0.00158556	59.7554	1.65163e-05	1.54242
0.00161859	51.2589	1.65163e-05	1.31982
0.00165163	44.3559	1.65163e-05	1.253
0.00168466	38.5561	1.65163e-05	1.22046
0.00171769	33.1105	1.65163e-05	1.17629
0.00175072	28.8174	1.65163e-05	1.15098
0.00178376	24.8794	1.65163e-05	1.10702
0.00181679	21.1527	1.65163e-05	1.07502
0.00184982	18.0795	1.65163e-05	1.05689
0.00188285	15.3615	1.65163e-05	1.03253
0.00191589	11.6672	1.65163e-05	0.527607
0.00194892	9.90129	1.65163e-05	0.504932
0.00198195	8.22039	1.65163e-05	0.486306
0.00201498	6.88778	1.65163e-05	0.460853
0.00204802	5.19504	1.65163e-05	0.291085
0.00208105	4.25481	1.65163e-05	0.273877
0.00211408	3.39304	1.65163e-05	0.241036
0.00214711	2.68951	1.65163e-05	0.198407
0.00218015	2.05197	1.65163e-05	0.17866
0.00221318	1.57927	1.65163e-05	0.131159
0.00224621	1.21399	1.65163e-05	0.118219
0.00227924	0.958164	1.65163e-05	0.108964
0.00231228	0.779203	1.65163e-05	0.102564
0.00234531	0.452162	1.65163e-05	0.0759086
0.00237834	0.228171	1.65163e-05	0.043776
0.00241137	0.142082	1.65163e-05	0.0362612
0.00244441	0.0549092	1.65163e-05	0.0219062
0.00247744	0.0309507	1.65163e-05	0.0134012
0.00251047	0.00870996	1.65163e-05	0.00649154
