0	1750.94	1.65531e-05	1065.31
3.31062e-05	1218.74	1.65531e-05	38.049
6.62124e-05	1169.33	1.65531e-05	18.2693
9.93186e-05	1140.32	1.65531e-05	13.9503
0.000132425	1118.08	1.65531e-05	12.291
0.000165531	1099.59	1.65531e-05	11.4889
0.000198637	1080.9	1.65531e-05	10.8941
0.000231743	1063.7	1.65531e-05	10.4992
0.00026485	1046.25	1.65531e-05	10.1896
0.000297956	1027.52	1.65531e-05	9.90546
0.000331062	1007.83	1.65531e-05	9.62744
0.000364168	985.577	1.65531e-05	9.32488
0.000397275	961.835	1.65531e-05	9.01628
0.000430381	937.827	1.65531e-05	8.75182
0.000463487	914.542	1.65531e-05	8.53462
0.000496593	890.493	1.65531e-05	8.32242
0.000529699	861.321	1.65531e-05	8.03908
0.000562806	832.261	1.65531e-05	7.74555
0.000595912	804.506	1.65531e-05	7.53162
0.000629018	772.172	1.65531e-05	7.23358
0.000662124	740.334	1.65531e-05	6.97742
0.00069523	707.522	1.65531e-05	6.67883
0.000728337	673.598	1.65531e-05	6.20432
0.000761443	641.525	1.65531e-05	5.97382
0.000794549	609.38	1.65531e-05	5.74667
0.000827655	574.434	1.65531e-05	5.29115
0.000860761	541.56	1.65531e-05	5.00783
0.000893868	510.468	1.65531e-05	4.75116
0.000926974	480.562	1.65531e-05	4.56572
0.00096008	450.534	1.65531e-05	4.37736
0.000993186	419.984	1.65531e-05	4.1477
0.00102629	390.53	1.65531e-05	3.94122
0.0010594	362.541	1.65531e-05	3.7812
0.0010925	334.402	1.65531e-05	3.52555
0.00112561	309.466	1.65531e-05	3.38281
0.00115872	282.724	1.65531e-05	2.8392
0.00119182	259.748	1.65531e-05	2.69293
0.00122493	237.746	1.65531e-05	2.55602
0.00125804	215.454	1.65531e-05	2.2036
0.00129114	194.539	1.65531e-05	2.03671
0.00132425	175.606	1.65531e-05	1.89595
0.00135735	158.641	1.65531e-05	1.78619
0.00139046	143.24	1.65531e-05	1.68985
0.00142357	129.494	1.65531e-05	1.61105
0.00145667	114.949	1.65531e-05	1.49241
0.00148978	102.227	1.65531e-05	1.40727
0.00152289	90.3817	1.65531e-05	1.33008
0.00155599	79.6316	1.65531e-05	1.25685
0.0015891	69.8508	1.65531e-05	1.1804
0.0016222	61.4589	1.65531e-05	1.1237
0.00165531	53.2623	1.65531e-05	0.958012
0.00168842	46.1921	1.65531e-05	0.861287
0.00172152	39.7837	1.65531e-05	0.809207
0.00175463	33.1915	1.65531e-05	0.587894
0.00178774	28.2366	1.65531e-05	0.540729
0.00182084	24.0438	1.65531e-05	0.494153
0.00185395	20.5496	1.65531e-05	0.453775
0.00188705	17.0724	1.65531e-05	0.403976
0.00192016	14.329	1.65531e-05	0.37526
0.00195327	11.9167	1.65531e-05	0.344995
0.00198637	9.84468	1.65531e-05	0.309861
0.00201948	7.93915	1.65531e-05	0.265703
0.00205258	6.51642	1.65531e-05	0.244354
0.00208569	5.30789	1.65531e-05	0.225422
0.0021188	3.9643	1.65531e-05	0.168804
0.0021519	3.13968	1.65531e-05	0.147228
0.00218501	2.56936	1.65531e-05	0.133262
0.00221812	1.99343	1.65531e-05	0.119909
0.00225122	1.49554	1.65531e-05	0.103519
0.00228433	1.17008	1.65531e-05	0.0938221
0.00231743	0.931751	1.65531e-05	0.0855411
0.00235054	0.644374	1.65531e-05	0.0638356
0.00238365	0.42511	1.65531e-05	0.055143
0.00241675	0.281681	1.65531e-05	0.0464919
0.00244986	0.151514	1.65531e-05	0.03773
0.00248297	0.0555252	1.65531e-05	0.0172718
0.00251607	0.0150459	1.65531e-05	0.00936808
0.00254918	0.00238871	1.65531e-05	0.00238891
