0	3194.39	1.3285e-05	2549.32
2.657e-05	1920.33	1.3285e-05	71.5281
5.31401e-05	1831.01	1.3285e-05	39.3715
7.97101e-05	1776.14	1.3285e-05	32.5534
0.00010628	1723.19	1.3285e-05	28.6853
0.00013285	1677.55	1.3285e-05	26.7302
0.00015942	1626.24	1.3285e-05	24.9366
0.00018599	1572.71	1.3285e-05	23.4316
0.00021256	1516.61	1.3285e-05	22.0735
0.00023913	1461.75	1.3285e-05	20.9988
0.0002657	1403.03	1.3285e-05	19.9593
0.00029227	1346.17	1.3285e-05	19.0867
0.00031884	1287.13	1.3285e-05	18.1675
0.00034541	1213.98	1.3285e-05	13.9903
0.00037198	1158.53	1.3285e-05	13.2078
0.00039855	1102.1	1.3285e-05	12.4847
0.000425121	1041.7	1.3285e-05	11.698
0.000451691	981.457	1.3285e-05	10.9177
0.000478261	924.782	1.3285e-05	10.2051
0.000504831	871.531	1.3285e-05	9.64299
0.000531401	814.1	1.3285e-05	9.00599
0.000557971	765.303	1.3285e-05	8.60286
0.000584541	714.284	1.3285e-05	8.14787
0.000611111	667.364	1.3285e-05	7.73851
0.000637681	619.598	1.3285e-05	7.34329
0.000664251	574.591	1.3285e-05	6.661
0.000690821	532.618	1.3285e-05	6.31518
0.000717391	486.54	1.3285e-05	5.59372
0.000743961	446.192	1.3285e-05	5.26539
0.000770531	410.345	1.3285e-05	4.98745
0.000797101	375.347	1.3285e-05	4.7098
0.000823671	344.14	1.3285e-05	4.47565
0.000850241	313.098	1.3285e-05	4.21029
0.000876811	284.531	1.3285e-05	4.021
0.000903381	256.739	1.3285e-05	3.73972
0.000929951	232.329	1.3285e-05	3.56324
0.000956521	208.961	1.3285e-05	3.27206
0.000983091	187.781	1.3285e-05	3.1203
0.00100966	169.324	1.3285e-05	2.99088
0.00103623	151.258	1.3285e-05	2.81575
0.0010628	136.093	1.3285e-05	2.71578
0.00108937	121.705	1.3285e-05	2.6086
0.00111594	107.344	1.3285e-05	2.37408
0.00114251	94.9989	1.3285e-05	2.2477
0.00116908	83.2256	1.3285e-05	2.08132
0.00119565	73.4591	1.3285e-05	1.97965
0.00122222	64.185	1.3285e-05	1.78995
0.00124879	55.362	1.3285e-05	1.47483
0.00127536	48.0401	1.3285e-05	1.33798
0.00130193	41.6928	1.3285e-05	1.25896
0.0013285	35.9517	1.3285e-05	1.15952
0.00135507	31.1926	1.3285e-05	1.11188
0.00138164	26.2815	1.3285e-05	1.01921
0.00140821	22.3112	1.3285e-05	0.910436
0.00143478	18.8577	1.3285e-05	0.851911
0.00146135	16.0366	1.3285e-05	0.792831
0.00148792	13.8376	1.3285e-05	0.753236
0.00151449	11.3469	1.3285e-05	0.684335
0.00154106	9.06432	1.3285e-05	0.611025
0.00156763	7.77015	1.3285e-05	0.584495
0.0015942	6.43873	1.3285e-05	0.554441
0.00162077	5.22926	1.3285e-05	0.510953
0.00164734	4.33755	1.3285e-05	0.494255
0.00167391	3.58277	1.3285e-05	0.473791
0.00170048	2.61665	1.3285e-05	0.412058
0.00172705	2.12378	1.3285e-05	0.401639
0.00175362	1.4024	1.3285e-05	0.338909
0.00178019	1.15741	1.3285e-05	0.327474
0.00180676	1.0358	1.3285e-05	0.324051
0.00183333	0.713173	1.3285e-05	0.279976
0.0018599	0.604308	1.3285e-05	0.276568
0.00188647	0.47676	1.3285e-05	0.26667
0.00191304	0.0686899	1.3285e-05	0.0633459
0.00193961	0.0660826	1.3285e-05	0.0632923
0.00196618	0.0632222	1.3285e-05	0.0632276
0.00199275	0.0632222	1.3285e-05	0.0632276
0.00201932	0.0632222	1.3285e-05	0.0632276
