1.3285e-05	637.031	1.3285e-05	15.6774
3.9855e-05	133.977	1.3285e-05	6.79307
6.64251e-05	137.178	1.3285e-05	7.35475
9.29951e-05	185.315	1.3285e-05	9.91837
0.000119565	205.372	1.3285e-05	10.5396
0.000146135	282.19	1.3285e-05	13.0723
0.000172705	347.954	1.3285e-05	14.483
0.000199275	420.743	1.3285e-05	18.1446
0.000225845	466.33	1.3285e-05	18.2966
0.000252415	557.841	1.3285e-05	19.8526
0.000278985	597.074	1.3285e-05	22.8661
0.000305555	678.98	1.3285e-05	32.2932
0.000332125	914.378	1.3285e-05	125.053
0.000358695	748.504	1.3285e-05	28.363
0.000385265	818.247	1.3285e-05	26.8653
0.000411836	936.139	1.3285e-05	30.3802
0.000438406	994.076	1.3285e-05	34.271
0.000464976	991.824	1.3285e-05	37.3867
0.000491546	985.14	1.3285e-05	31.3474
0.000518116	1119.9	1.3285e-05	34.9128
0.000544686	1000.33	1.3285e-05	24.5369
0.000571256	1096.91	1.3285e-05	30.3321
0.000597826	1055.71	1.3285e-05	33.0265
0.000624396	1122.5	1.3285e-05	31.7832
0.000650966	1102.67	1.3285e-05	60.9082
0.000677536	1070.31	1.3285e-05	34.0029
0.000704106	1221.06	1.3285e-05	62.5333
0.000730676	1109.57	1.3285e-05	32.6864
0.000757246	1021.66	1.3285e-05	32.0873
0.000783816	1032.43	1.3285e-05	33.4395
0.000810386	951.813	1.3285e-05	32.0457
0.000836956	977.821	1.3285e-05	36.3782
0.000863526	928.43	1.3285e-05	28.8042
0.000890096	931.021	1.3285e-05	40.9568
0.000916666	842.142	1.3285e-05	30.6301
0.000943236	829.564	1.3285e-05	44.2965
0.000969806	773.086	1.3285e-05	29.0486
0.000996376	692.144	1.3285e-05	27.777
0.00102295	695.55	1.3285e-05	34.3644
0.00104952	598.99	1.3285e-05	25.1562
0.00107609	582.721	1.3285e-05	26.9998
0.00110266	595.972	1.3285e-05	42.5011
0.00112923	524.68	1.3285e-05	30.0434
0.0011558	512.138	1.3285e-05	34.9901
0.00118237	434.612	1.3285e-05	26.8739
0.00120894	421.969	1.3285e-05	37.3419
0.00123551	410.27	1.3285e-05	46.3319
0.00126208	347.793	1.3285e-05	28.5467
0.00128865	307.84	1.3285e-05	21.0336
0.00131522	284.185	1.3285e-05	23.5858
0.00134179	240.336	1.3285e-05	15.9169
0.00136836	252.921	1.3285e-05	22.3526
0.00139493	208.444	1.3285e-05	23.723
0.0014215	184.761	1.3285e-05	16.8311
0.00144807	153.751	1.3285e-05	16.7531
0.00147464	122.04	1.3285e-05	13.5545
0.00150121	140.725	1.3285e-05	17.6065
0.00152778	131.251	1.3285e-05	17.5716
0.00155435	75.7086	1.3285e-05	10.3379
0.00158092	79.2193	1.3285e-05	10.9273
0.00160749	73.173	1.3285e-05	12.9662
0.00163406	54.8403	1.3285e-05	7.91778
0.00166063	47.1735	1.3285e-05	8.76424
0.0016872	61.3491	1.3285e-05	14.8181
0.00171377	31.7897	1.3285e-05	5.91862
0.00174034	47.2505	1.3285e-05	14.0989
0.00176691	16.292	1.3285e-05	5.7998
0.00179348	8.20862	1.3285e-05	3.18533
0.00182005	22.0999	1.3285e-05	11.1721
0.00184662	7.56613	1.3285e-05	3.02481
0.00187319	8.99213	1.3285e-05	5.16809
0.00189976	29.177	1.3285e-05	18.5166
0.00192633	0.189028	1.3285e-05	0.189028
0.0019529	0.210241	1.3285e-05	0.210241
0.00197947	0	1.3285e-05	0
0.00200604	0	1.3285e-05	0
0.00203261	4.8365	1.3285e-05	4.8365
