1.21857e-05	687.028	1.21857e-05	16.9258
3.65571e-05	160.739	1.21857e-05	12.6173
6.09285e-05	157.9	1.21857e-05	10.6934
8.52999e-05	191.894	1.21857e-05	15.8263
0.000109671	220.734	1.21857e-05	11.1401
0.000134043	296.223	1.21857e-05	15.4934
0.000158414	386.464	1.21857e-05	15.7844
0.000182786	450.977	1.21857e-05	20.1046
0.000207157	491.356	1.21857e-05	17.103
0.000231528	579.181	1.21857e-05	20.2759
0.0002559	722.619	1.21857e-05	53.2056
0.000280271	732.967	1.21857e-05	23.1133
0.000304643	852.036	1.21857e-05	44.181
0.000329014	879.444	1.21857e-05	31.0204
0.000353385	922.281	1.21857e-05	33.8474
0.000377757	983.226	1.21857e-05	27.5795
0.000402128	1024.12	1.21857e-05	38.0292
0.0004265	1133.43	1.21857e-05	39.272
0.000450871	1204.52	1.21857e-05	46.8826
0.000475242	1115.51	1.21857e-05	30.4934
0.000499614	1196.45	1.21857e-05	35.2479
0.000523985	1170.18	1.21857e-05	33.8367
0.000548357	1174.06	1.21857e-05	31.8888
0.000572728	1187.61	1.21857e-05	32.1386
0.000597099	1174.23	1.21857e-05	34.9944
0.000621471	1206.61	1.21857e-05	52.8968
0.000645842	1238.01	1.21857e-05	38.9238
0.000670214	1144.87	1.21857e-05	40.3261
0.000694585	1112.38	1.21857e-05	37.8207
0.000718956	1100.18	1.21857e-05	36.7465
0.000743328	1145.33	1.21857e-05	42.4659
0.000767699	1034.89	1.21857e-05	33.3204
0.000792071	1026.77	1.21857e-05	32.9233
0.000816442	1003.31	1.21857e-05	54.9326
0.000840813	865.042	1.21857e-05	30.819
0.000865185	913.218	1.21857e-05	48.8624
0.000889556	808.193	1.21857e-05	37.133
0.000913928	788.61	1.21857e-05	33.7156
0.000938299	726.961	1.21857e-05	26.5721
0.00096267	717.893	1.21857e-05	32.4589
0.000987042	673.712	1.21857e-05	27.9888
0.00101141	699.676	1.21857e-05	38.9033
0.00103578	587.982	1.21857e-05	27.744
0.00106016	521.186	1.21857e-05	24.3375
0.00108453	485.585	1.21857e-05	26.553
0.0011089	433.5	1.21857e-05	22.8594
0.00113327	395.304	1.21857e-05	21.8842
0.00115764	382.703	1.21857e-05	20.461
0.00118201	354.923	1.21857e-05	22.1905
0.00120638	353.831	1.21857e-05	34.4463
0.00123076	302.168	1.21857e-05	24.4303
0.00125513	275.252	1.21857e-05	38.6562
0.0012795	240.608	1.21857e-05	19.9518
0.00130387	188.425	1.21857e-05	16.5386
0.00132824	181.533	1.21857e-05	18.7897
0.00135261	165.186	1.21857e-05	30.4359
0.00137698	117.078	1.21857e-05	12.2235
0.00140136	137.993	1.21857e-05	18.2579
0.00142573	76.1144	1.21857e-05	10.6114
0.0014501	91.6924	1.21857e-05	18.2919
0.00147447	90.7228	1.21857e-05	14.757
0.00149884	67.6652	1.21857e-05	10.8009
0.00152321	60.7276	1.21857e-05	11.0333
0.00154758	67.5267	1.21857e-05	36.5054
0.00157196	22.459	1.21857e-05	5.53729
0.00159633	26.1555	1.21857e-05	8.40432
0.0016207	18.6263	1.21857e-05	5.73606
0.00164507	10.6146	1.21857e-05	4.40031
0.00166944	11.0077	1.21857e-05	4.28696
0.00169381	47.0856	1.21857e-05	26.4853
0.00171818	4.35689	1.21857e-05	2.21552
0.00174256	3.58062	1.21857e-05	3.08997
0.00176693	0	1.21857e-05	0
0.0017913	9.28327	1.21857e-05	6.42893
