1.40581e-05	557.621	1.40581e-05	14.8651
4.21744e-05	116.865	1.40581e-05	6.4374
7.02907e-05	115.659	1.40581e-05	7.01499
9.8407e-05	140.866	1.40581e-05	7.36229
0.000126523	170.076	1.40581e-05	8.7994
0.00015464	224.982	1.40581e-05	10.103
0.000182756	305.793	1.40581e-05	12.4266
0.000210872	397.307	1.40581e-05	24.4162
0.000238988	430.929	1.40581e-05	26.8757
0.000267105	505.661	1.40581e-05	18.6414
0.000295221	563.858	1.40581e-05	19.242
0.000323337	585.212	1.40581e-05	19.103
0.000351454	740.407	1.40581e-05	30.7935
0.00037957	729.518	1.40581e-05	27.481
0.000407686	768.474	1.40581e-05	23.1068
0.000435802	833.876	1.40581e-05	22.1217
0.000463919	954.874	1.40581e-05	28.8311
0.000492035	951.087	1.40581e-05	32.2598
0.000520151	947.504	1.40581e-05	26.3173
0.000548268	932.39	1.40581e-05	23.9194
0.000576384	1050	1.40581e-05	50.6791
0.0006045	972.02	1.40581e-05	26.5003
0.000632616	1062.06	1.40581e-05	35.0394
0.000660733	1157.69	1.40581e-05	60.2244
0.000688849	1056.81	1.40581e-05	33.7989
0.000716965	1028.33	1.40581e-05	34.5715
0.000745081	1054.67	1.40581e-05	31.18
0.000773198	954.121	1.40581e-05	29.5997
0.000801314	994.63	1.40581e-05	30.2917
0.00082943	911.2	1.40581e-05	28.7423
0.000857547	957.099	1.40581e-05	50.175
0.000885663	903.635	1.40581e-05	29.1069
0.000913779	893.323	1.40581e-05	32.4195
0.000941895	811.229	1.40581e-05	27.2645
0.000970012	820.75	1.40581e-05	30.3833
0.000998128	835.755	1.40581e-05	45.8246
0.00102624	744.796	1.40581e-05	28.1408
0.00105436	809.747	1.40581e-05	56.2506
0.00108248	672.921	1.40581e-05	28.6462
0.00111059	636.009	1.40581e-05	33.9788
0.00113871	557.963	1.40581e-05	24.2089
0.00116683	575.471	1.40581e-05	30.0411
0.00119494	527.623	1.40581e-05	25.2505
0.00122306	415.439	1.40581e-05	17.5086
0.00125117	437.107	1.40581e-05	23.2029
0.00127929	392.109	1.40581e-05	19.4903
0.00130741	364.795	1.40581e-05	22.2554
0.00133552	401.103	1.40581e-05	40.3213
0.00136364	268.48	1.40581e-05	15.387
0.00139176	318.997	1.40581e-05	38.2057
0.00141987	290.187	1.40581e-05	30.5716
0.00144799	247.688	1.40581e-05	22.1468
0.0014761	188.3	1.40581e-05	17.4894
0.00150422	149.648	1.40581e-05	12.4057
0.00153234	146.789	1.40581e-05	13.5018
0.00156045	128.255	1.40581e-05	13.6814
0.00158857	132.914	1.40581e-05	15.0838
0.00161669	118.862	1.40581e-05	13.5041
0.0016448	109.899	1.40581e-05	15.54
0.00167292	81.7444	1.40581e-05	8.82023
0.00170104	62.1026	1.40581e-05	9.61625
0.00172915	63.0359	1.40581e-05	11.9991
0.00175727	44.0861	1.40581e-05	6.86913
0.00178538	88.3341	1.40581e-05	23.4745
0.0018135	32.5978	1.40581e-05	6.10832
0.00184162	22.0832	1.40581e-05	4.98086
0.00186973	21.5559	1.40581e-05	4.44337
0.00189785	22.5742	1.40581e-05	5.81784
0.00192597	13.1782	1.40581e-05	3.57624
0.00195408	6.02171	1.40581e-05	2.75647
0.0019822	7.74884	1.40581e-05	2.80089
0.00201031	10.022	1.40581e-05	3.3306
0.00203843	13.2049	1.40581e-05	5.74347
0.00206655	4.11017	1.40581e-05	2.811
0.00209466	2.60448	1.40581e-05	2.2957
0.00212278	0	1.40581e-05	0
0.0021509	0.187329	1.40581e-05	0.187329
