0	1126.57	7.37563e-06	3.9566
1.47513e-05	1126.21	7.37563e-06	3.88527
2.95025e-05	1125.83	7.37563e-06	3.8752
4.42538e-05	1124.6	7.37563e-06	3.83615
5.90051e-05	1123.16	7.37563e-06	3.80848
7.37563e-05	1121.74	7.37563e-06	3.79073
8.85076e-05	1119.84	7.37563e-06	3.76921
0.000103259	1116.36	7.37563e-06	3.68356
0.00011801	1113.4	7.37563e-06	3.65603
0.000132761	1110.3	7.37563e-06	3.63295
0.000147513	1104.63	7.37563e-06	3.49221
0.000162264	1100.52	7.37563e-06	3.46399
0.000177015	1095.68	7.37563e-06	3.42762
0.000191766	1090.96	7.37563e-06	3.40018
0.000206518	1085.34	7.37563e-06	3.3659
0.000221269	1079.79	7.37563e-06	3.33509
0.00023602	1072.63	7.37563e-06	3.28817
0.000250772	1065.82	7.37563e-06	3.24917
0.000265523	1058.91	7.37563e-06	3.21647
0.000280274	1051.17	7.37563e-06	3.17139
0.000295025	1042.97	7.37563e-06	3.1288
0.000309777	1034.98	7.37563e-06	3.09444
0.000324528	1026.34	7.37563e-06	3.05533
0.000339279	1017.75	7.37563e-06	3.02048
0.00035403	1008.52	7.37563e-06	2.97774
0.000368782	999.5	7.37563e-06	2.94715
0.000383533	989.668	7.37563e-06	2.9116
0.000398284	979.714	7.37563e-06	2.8757
0.000413035	969.09	7.37563e-06	2.83836
0.000427787	957.672	7.37563e-06	2.7862
0.000442538	946.912	7.37563e-06	2.74161
0.000457289	934.955	7.37563e-06	2.64233
0.000472041	923.605	7.37563e-06	2.60709
0.000486792	912.034	7.37563e-06	2.57207
0.000501543	899.842	7.37563e-06	2.53279
0.000516294	887.538	7.37563e-06	2.49507
0.000531046	875.021	7.37563e-06	2.45648
0.000545797	862.033	7.37563e-06	2.41903
0.000560548	848.469	7.37563e-06	2.36359
0.000575299	835.184	7.37563e-06	2.32596
0.000590051	821.794	7.37563e-06	2.28771
0.000604802	808.541	7.37563e-06	2.25429
0.000619553	795.005	7.37563e-06	2.2178
0.000634304	781.186	7.37563e-06	2.17892
0.000649056	766.425	7.37563e-06	2.13589
0.000663807	752.245	7.37563e-06	2.09824
0.000678558	738.096	7.37563e-06	2.06274
0.000693309	723.341	7.37563e-06	1.98581
0.000708061	708.666	7.37563e-06	1.93406
0.000722812	694.006	7.37563e-06	1.89631
0.000737563	679.504	7.37563e-06	1.86211
0.000752315	664.844	7.37563e-06	1.82175
0.000767066	650.285	7.37563e-06	1.78397
0.000781817	636.132	7.37563e-06	1.75409
0.000796568	621.339	7.37563e-06	1.70885
0.00081132	606.242	7.37563e-06	1.66304
0.000826071	591.705	7.37563e-06	1.62925
0.000840822	577.255	7.37563e-06	1.59519
0.000855573	563.157	7.37563e-06	1.56713
0.000870325	548.732	7.37563e-06	1.53711
0.000885076	534.637	7.37563e-06	1.50762
0.000899827	520.006	7.37563e-06	1.46691
0.000914578	504.959	7.37563e-06	1.3351
0.00092933	490.818	7.37563e-06	1.30114
0.000944081	477.043	7.37563e-06	1.26835
0.000958832	462.988	7.37563e-06	1.22602
0.000973584	448.917	7.37563e-06	1.18738
0.000988335	435.156	7.37563e-06	1.14343
0.00100309	421.722	7.37563e-06	1.11024
0.00101784	408.534	7.37563e-06	1.08308
0.00103259	395.402	7.37563e-06	1.0494
0.00104734	382.656	7.37563e-06	1.02096
0.00106209	369.799	7.37563e-06	0.992796
0.00107684	357.347	7.37563e-06	0.966273
0.00109159	344.89	7.37563e-06	0.937338
0.00110634	332.344	7.37563e-06	0.89814
0.0011211	320.811	7.37563e-06	0.873923
0.00113585	309.37	7.37563e-06	0.841385
0.0011506	297.757	7.37563e-06	0.809937
0.00116535	286.682	7.37563e-06	0.786797
0.0011801	275.891	7.37563e-06	0.764852
0.00119485	265.377	7.37563e-06	0.741386
0.0012096	254.997	7.37563e-06	0.712694
0.00122436	244.638	7.37563e-06	0.688383
0.00123911	234.903	7.37563e-06	0.669032
0.00125386	225.522	7.37563e-06	0.649697
0.00126861	216.263	7.37563e-06	0.629552
0.00128336	207.141	7.37563e-06	0.608978
0.00129811	198.178	7.37563e-06	0.588836
0.00131286	189.711	7.37563e-06	0.572308
0.00132761	181.315	7.37563e-06	0.55451
0.00134237	173.145	7.37563e-06	0.537209
0.00135712	165.157	7.37563e-06	0.520498
0.00137187	157.511	7.37563e-06	0.50477
0.00138662	150.1	7.37563e-06	0.489329
0.00140137	142.98	7.37563e-06	0.474505
0.00141612	136.102	7.37563e-06	0.459339
0.00143087	129.556	7.37563e-06	0.446278
0.00144562	122.988	7.37563e-06	0.430379
0.00146038	116.75	7.37563e-06	0.416272
0.00147513	110.908	7.37563e-06	0.404599
0.00148988	104.993	7.37563e-06	0.380649
0.00150463	99.4015	7.37563e-06	0.367724
0.00151938	93.982	7.37563e-06	0.346134
0.00153413	88.8887	7.37563e-06	0.333809
0.00154888	84.0505	7.37563e-06	0.321975
0.00156363	79.5233	7.37563e-06	0.313223
0.00157839	75.1017	7.37563e-06	0.304083
0.00159314	70.8961	7.37563e-06	0.295501
0.00160789	66.6495	7.37563e-06	0.279349
0.00162264	62.7849	7.37563e-06	0.270727
0.00163739	58.8271	7.37563e-06	0.236187
0.00165214	55.2958	7.37563e-06	0.226477
0.00166689	52.007	7.37563e-06	0.217736
0.00168164	48.8492	7.37563e-06	0.207337
0.0016964	45.8493	7.37563e-06	0.200305
0.00171115	43.0114	7.37563e-06	0.191615
0.0017259	40.2754	7.37563e-06	0.183125
0.00174065	37.5784	7.37563e-06	0.174827
0.0017554	35.1142	7.37563e-06	0.16487
0.00177015	32.8167	7.37563e-06	0.158118
0.0017849	30.6624	7.37563e-06	0.151207
0.00179965	28.6109	7.37563e-06	0.144691
0.00181441	26.6486	7.37563e-06	0.138034
0.00182916	24.7966	7.37563e-06	0.132094
0.00184391	23.0428	7.37563e-06	0.127022
0.00185866	21.3972	7.37563e-06	0.121199
0.00187341	19.7663	7.37563e-06	0.115084
0.00188816	18.3662	7.37563e-06	0.110837
0.00190291	17.0116	7.37563e-06	0.106435
0.00191766	15.717	7.37563e-06	0.100824
0.00193242	14.4864	7.37563e-06	0.0951754
0.00194717	13.3255	7.37563e-06	0.0901549
0.00196192	12.2809	7.37563e-06	0.0841351
0.00197667	11.3016	7.37563e-06	0.0804361
0.00199142	10.3681	7.37563e-06	0.0759425
0.00200617	9.4711	7.37563e-06	0.0717694
0.00202092	8.69774	7.37563e-06	0.0684847
0.00203567	7.98622	7.37563e-06	0.0652479
0.00205043	7.28832	7.37563e-06	0.0616651
0.00206518	6.66645	7.37563e-06	0.0588092
0.00207993	6.07832	7.37563e-06	0.0557735
0.00209468	5.52526	7.37563e-06	0.0529384
0.00210943	5.01459	7.37563e-06	0.0503099
0.00212418	4.52953	7.37563e-06	0.045351
0.00213893	4.1012	7.37563e-06	0.0421146
0.00215368	3.70921	7.37563e-06	0.0397746
0.00216844	3.34095	7.37563e-06	0.0375048
0.00218319	3.00991	7.37563e-06	0.035481
0.00219794	2.68621	7.37563e-06	0.0331737
0.00221269	2.38681	7.37563e-06	0.0310338
0.00222744	2.11737	7.37563e-06	0.0290285
0.00224219	1.88449	7.37563e-06	0.0272815
0.00225694	1.66246	7.37563e-06	0.0254144
0.00227169	1.46474	7.37563e-06	0.0236002
0.00228645	1.28909	7.37563e-06	0.0219558
0.0023012	1.13272	7.37563e-06	0.0203883
0.00231595	0.990339	7.37563e-06	0.0189671
0.0023307	0.846006	7.37563e-06	0.0173659
0.00234545	0.727925	7.37563e-06	0.0160061
0.0023602	0.622675	7.37563e-06	0.014714
0.00237495	0.519089	7.37563e-06	0.0133443
0.00238971	0.435787	7.37563e-06	0.01212
0.00240446	0.361358	7.37563e-06	0.0109701
0.00241921	0.293178	7.37563e-06	0.00983954
0.00243396	0.237872	7.37563e-06	0.00881933
0.00244871	0.187099	7.37563e-06	0.00775494
0.00246346	0.141007	7.37563e-06	0.00669348
0.00247821	0.10077	7.37563e-06	0.00563875
0.00249296	0.0714855	7.37563e-06	0.00472456
0.00250772	0.0491283	7.37563e-06	0.00391855
0.00252247	0.0322722	7.37563e-06	0.00317295
0.00253722	0.0138845	7.37563e-06	0.00205742
0.00255197	0.00564455	7.37563e-06	0.0012997
0.00256672	0.00228624	7.37563e-06	0.000809361
