0	1125.68	7.38034e-06	4.06549
1.47607e-05	1125.58	7.38034e-06	4.05898
2.95214e-05	1124.8	7.38034e-06	4.01843
4.42821e-05	1123.84	7.38034e-06	3.99503
5.90428e-05	1122.85	7.38034e-06	3.9812
7.38034e-05	1121.17	7.38034e-06	3.95941
8.85641e-05	1119.05	7.38034e-06	3.93599
0.000103325	1116.51	7.38034e-06	3.90845
0.000118086	1113.29	7.38034e-06	3.87684
0.000132846	1109.93	7.38034e-06	3.84928
0.000147607	1105.89	7.38034e-06	3.81562
0.000162368	1101.43	7.38034e-06	3.78245
0.000177128	1095.99	7.38034e-06	3.73186
0.000191889	1090.7	7.38034e-06	3.68471
0.00020665	1085.57	7.38034e-06	3.65698
0.00022141	1078.82	7.38034e-06	3.61123
0.000236171	1072.88	7.38034e-06	3.58385
0.000250932	1064.91	7.38034e-06	3.45412
0.000265692	1058.46	7.38034e-06	3.42739
0.000280453	1051.18	7.38034e-06	3.39606
0.000295214	1043.56	7.38034e-06	3.364
0.000309974	1033.59	7.38034e-06	3.0886
0.000324735	1025.56	7.38034e-06	3.05765
0.000339496	1016.45	7.38034e-06	3.00933
0.000354257	1006.95	7.38034e-06	2.94188
0.000369017	997.296	7.38034e-06	2.89625
0.000383778	987.024	7.38034e-06	2.85441
0.000398539	977.021	7.38034e-06	2.81958
0.000413299	966.397	7.38034e-06	2.78318
0.00042806	955.794	7.38034e-06	2.74421
0.000442821	944.87	7.38034e-06	2.70577
0.000457581	933.664	7.38034e-06	2.66953
0.000472342	921.766	7.38034e-06	2.59471
0.000487103	910.274	7.38034e-06	2.55906
0.000501863	897.888	7.38034e-06	2.51411
0.000516624	885.706	7.38034e-06	2.47907
0.000531385	873.369	7.38034e-06	2.44527
0.000546145	860.409	7.38034e-06	2.40614
0.000560906	847.106	7.38034e-06	2.36111
0.000575667	833.974	7.38034e-06	2.32288
0.000590428	820.548	7.38034e-06	2.28559
0.000605188	807.118	7.38034e-06	2.24831
0.000619949	793.466	7.38034e-06	2.15894
0.00063471	779.363	7.38034e-06	2.11885
0.00064947	765.691	7.38034e-06	2.08243
0.000664231	751.524	7.38034e-06	2.04552
0.000678992	737.156	7.38034e-06	2.00578
0.000693752	722.822	7.38034e-06	1.97116
0.000708513	708.852	7.38034e-06	1.94045
0.000723274	693.892	7.38034e-06	1.89757
0.000738034	679.158	7.38034e-06	1.8618
0.000752795	664.813	7.38034e-06	1.82923
0.000767556	650.492	7.38034e-06	1.79668
0.000782316	635.988	7.38034e-06	1.76429
0.000797077	621.328	7.38034e-06	1.71524
0.000811838	606.673	7.38034e-06	1.6783
0.000826599	592.099	7.38034e-06	1.64663
0.000841359	577.504	7.38034e-06	1.61342
0.00085612	563.097	7.38034e-06	1.58321
0.000870881	548.625	7.38034e-06	1.55316
0.000885641	534.411	7.38034e-06	1.52401
0.000900402	520.153	7.38034e-06	1.496
0.000915163	505.721	7.38034e-06	1.46504
0.000929923	491.609	7.38034e-06	1.43556
0.000944684	477.022	7.38034e-06	1.38739
0.000959445	463.34	7.38034e-06	1.3619
0.000974205	449.11	7.38034e-06	1.30789
0.000988966	435.433	7.38034e-06	1.27997
0.00100373	421.962	7.38034e-06	1.2509
0.00101849	408.666	7.38034e-06	1.22505
0.00103325	395.812	7.38034e-06	1.20163
0.00104801	383.33	7.38034e-06	1.17956
0.00106277	370.904	7.38034e-06	1.15863
0.00107753	358.369	7.38034e-06	1.13292
0.00109229	346.139	7.38034e-06	1.08735
0.00110705	333.867	7.38034e-06	1.04292
0.00112181	321.355	7.38034e-06	0.884605
0.00113657	309.586	7.38034e-06	0.860866
0.00115133	298.088	7.38034e-06	0.834672
0.00116609	287.099	7.38034e-06	0.813953
0.00118086	276.172	7.38034e-06	0.787225
0.00119562	265.481	7.38034e-06	0.765484
0.00121038	255.333	7.38034e-06	0.745467
0.00122514	245.071	7.38034e-06	0.714587
0.0012399	235.265	7.38034e-06	0.692615
0.00125466	225.767	7.38034e-06	0.674411
0.00126942	216.238	7.38034e-06	0.65315
0.00128418	207.235	7.38034e-06	0.635923
0.00129894	197.945	7.38034e-06	0.598482
0.0013137	188.974	7.38034e-06	0.560847
0.00132846	180.632	7.38034e-06	0.543595
0.00134322	172.635	7.38034e-06	0.527976
0.00135798	164.771	7.38034e-06	0.511709
0.00137274	157.028	7.38034e-06	0.493342
0.0013875	149.238	7.38034e-06	0.452068
0.00140227	142.048	7.38034e-06	0.431215
0.00141703	135.321	7.38034e-06	0.41754
0.00143179	128.725	7.38034e-06	0.403657
0.00144655	122.319	7.38034e-06	0.388978
0.00146131	116.185	7.38034e-06	0.376206
0.00147607	110.192	7.38034e-06	0.363181
0.00149083	104.53	7.38034e-06	0.350818
0.00150559	98.9771	7.38034e-06	0.33729
0.00152035	93.642	7.38034e-06	0.326289
0.00153511	88.5707	7.38034e-06	0.314632
0.00154987	83.839	7.38034e-06	0.302866
0.00156463	79.2786	7.38034e-06	0.293407
0.00157939	75.0014	7.38034e-06	0.284944
0.00159415	70.6385	7.38034e-06	0.269208
0.00160892	66.6037	7.38034e-06	0.259667
0.00162368	62.6991	7.38034e-06	0.246581
0.00163844	59.0283	7.38034e-06	0.238254
0.0016532	55.6253	7.38034e-06	0.231077
0.00166796	52.2143	7.38034e-06	0.220386
0.00168272	49.0034	7.38034e-06	0.210751
0.00169748	45.986	7.38034e-06	0.194955
0.00171224	43.0978	7.38034e-06	0.188053
0.001727	40.3313	7.38034e-06	0.180252
0.00174176	37.705	7.38034e-06	0.174193
0.00175652	35.27	7.38034e-06	0.167991
0.00177128	32.8035	7.38034e-06	0.157757
0.00178604	30.6541	7.38034e-06	0.152279
0.0018008	28.6406	7.38034e-06	0.146374
0.00181556	26.6722	7.38034e-06	0.140154
0.00183033	24.7974	7.38034e-06	0.134903
0.00184509	23.1223	7.38034e-06	0.130344
0.00185985	21.4692	7.38034e-06	0.122607
0.00187461	19.9083	7.38034e-06	0.117226
0.00188937	18.4777	7.38034e-06	0.113081
0.00190413	17.086	7.38034e-06	0.108191
0.00191889	15.7952	7.38034e-06	0.104385
0.00193365	14.5777	7.38034e-06	0.100413
0.00194841	13.4241	7.38034e-06	0.0963622
0.00196317	12.3568	7.38034e-06	0.0903035
0.00197793	11.3562	7.38034e-06	0.0868658
0.00199269	10.4215	7.38034e-06	0.0831674
0.00200745	9.57039	7.38034e-06	0.0803046
0.00202221	8.76487	7.38034e-06	0.0773553
0.00203697	7.96371	7.38034e-06	0.0615873
0.00205174	7.26962	7.38034e-06	0.0579841
0.0020665	6.65397	7.38034e-06	0.0552057
0.00208126	6.0641	7.38034e-06	0.052518
0.00209602	5.5053	7.38034e-06	0.0498004
0.00211078	4.97164	7.38034e-06	0.0469311
0.00212554	4.49591	7.38034e-06	0.044434
0.0021403	4.05672	7.38034e-06	0.0411648
0.00215506	3.62167	7.38034e-06	0.0385208
0.00216982	3.27545	7.38034e-06	0.0362167
0.00218458	2.93161	7.38034e-06	0.03403
0.00219934	2.61188	7.38034e-06	0.031795
0.0022141	2.32482	7.38034e-06	0.0298075
0.00222886	2.04899	7.38034e-06	0.0276807
0.00224362	1.81882	7.38034e-06	0.0258329
0.00225839	1.60036	7.38034e-06	0.0240344
0.00227315	1.41539	7.38034e-06	0.0224731
0.00228791	1.24239	7.38034e-06	0.0209616
0.00230267	1.08898	7.38034e-06	0.019489
0.00231743	0.950249	7.38034e-06	0.018105
0.00233219	0.825813	7.38034e-06	0.0167545
0.00234695	0.708673	7.38034e-06	0.0154434
0.00236171	0.603847	7.38034e-06	0.0141949
0.00237647	0.515748	7.38034e-06	0.0130662
0.00239123	0.426624	7.38034e-06	0.0117883
0.00240599	0.354668	7.38034e-06	0.0106617
0.00242075	0.283781	7.38034e-06	0.00949741
0.00243551	0.226732	7.38034e-06	0.00843681
0.00245027	0.178121	7.38034e-06	0.00744939
0.00246503	0.138281	7.38034e-06	0.00651385
0.0024798	0.106961	7.38034e-06	0.00570111
0.00249456	0.0744345	7.38034e-06	0.00472196
0.00250932	0.0475867	7.38034e-06	0.00374573
0.00252408	0.0298091	7.38034e-06	0.00294969
0.00253884	0.0168331	7.38034e-06	0.00219793
0.0025536	0.00886104	7.38034e-06	0.00159584
0.00256836	0.00169217	7.38034e-06	0.000691244
