0	1127.07	7.36562e-06	4.17744
1.47312e-05	1126.46	7.36562e-06	3.98466
2.94625e-05	1126.19	7.36562e-06	3.97956
4.41937e-05	1124.74	7.36562e-06	3.91814
5.89249e-05	1122.87	7.36562e-06	3.86879
7.36562e-05	1121.26	7.36562e-06	3.84904
8.83874e-05	1118.51	7.36562e-06	3.80359
0.000103119	1116.23	7.36562e-06	3.78414
0.00011785	1113.41	7.36562e-06	3.76195
0.000132581	1109.75	7.36562e-06	3.73068
0.000147312	1105.33	7.36562e-06	3.69338
0.000162044	1101.19	7.36562e-06	3.66708
0.000176775	1096.71	7.36562e-06	3.64081
0.000191506	1091.33	7.36562e-06	3.6062
0.000206237	1085.75	7.36562e-06	3.57622
0.000220968	1079.81	7.36562e-06	3.54648
0.0002357	1073.7	7.36562e-06	3.51616
0.000250431	1067.12	7.36562e-06	3.48717
0.000265162	1059.98	7.36562e-06	3.45381
0.000279893	1052.49	7.36562e-06	3.42104
0.000294625	1043.77	7.36562e-06	3.31412
0.000309356	1035.7	7.36562e-06	3.28299
0.000324087	1027.33	7.36562e-06	3.25277
0.000338818	1017	7.36562e-06	2.92966
0.00035355	1007.67	7.36562e-06	2.89342
0.000368281	998.081	7.36562e-06	2.85517
0.000383012	988.112	7.36562e-06	2.81859
0.000397743	978.369	7.36562e-06	2.78624
0.000412475	968.083	7.36562e-06	2.75322
0.000427206	957.707	7.36562e-06	2.72162
0.000441937	946.867	7.36562e-06	2.68666
0.000456668	935.773	7.36562e-06	2.65375
0.000471399	923.505	7.36562e-06	2.60223
0.000486131	911.715	7.36562e-06	2.56756
0.000500862	899.878	7.36562e-06	2.53429
0.000515593	887.882	7.36562e-06	2.4994
0.000530324	875.703	7.36562e-06	2.46427
0.000545056	863.064	7.36562e-06	2.42841
0.000559787	849.841	7.36562e-06	2.38941
0.000574518	836.596	7.36562e-06	2.34931
0.000589249	823.031	7.36562e-06	2.2998
0.000603981	809.071	7.36562e-06	2.2586
0.000618712	795.371	7.36562e-06	2.22263
0.000633443	781.209	7.36562e-06	2.16908
0.000648174	767.681	7.36562e-06	2.13693
0.000662905	753.422	7.36562e-06	2.10088
0.000677637	739.109	7.36562e-06	2.06378
0.000692368	725.101	7.36562e-06	2.02546
0.000707099	710.979	7.36562e-06	1.99412
0.00072183	696.74	7.36562e-06	1.96021
0.000736562	682.167	7.36562e-06	1.9241
0.000751293	666.928	7.36562e-06	1.88217
0.000766024	652.205	7.36562e-06	1.84946
0.000780755	637.234	7.36562e-06	1.81241
0.000795487	622.243	7.36562e-06	1.77518
0.000810218	607.872	7.36562e-06	1.74353
0.000824949	593.411	7.36562e-06	1.71207
0.00083968	579.042	7.36562e-06	1.68053
0.000854411	564.215	7.36562e-06	1.6485
0.000869143	549.958	7.36562e-06	1.61609
0.000883874	535.355	7.36562e-06	1.58417
0.000898605	521.033	7.36562e-06	1.55273
0.000913336	506.543	7.36562e-06	1.51464
0.000928068	492.638	7.36562e-06	1.487
0.000942799	478.033	7.36562e-06	1.43089
0.00095753	464.25	7.36562e-06	1.40232
0.000972261	450.756	7.36562e-06	1.37502
0.000986993	437.499	7.36562e-06	1.34914
0.00100172	423.906	7.36562e-06	1.30998
0.00101646	410.657	7.36562e-06	1.28267
0.00103119	397.661	7.36562e-06	1.25563
0.00104592	384.446	7.36562e-06	1.21975
0.00106065	372.14	7.36562e-06	1.19756
0.00107538	359.717	7.36562e-06	1.17332
0.00109011	347.356	7.36562e-06	1.1495
0.00110484	334.674	7.36562e-06	1.09171
0.00111957	322.839	7.36562e-06	1.05978
0.0011343	311.163	7.36562e-06	1.0353
0.00114904	299.742	7.36562e-06	1.01125
0.00116377	288.398	7.36562e-06	0.985648
0.0011785	277.575	7.36562e-06	0.964253
0.00119323	267.048	7.36562e-06	0.943475
0.00120796	256.767	7.36562e-06	0.92349
0.00122269	246.446	7.36562e-06	0.897306
0.00123742	236.391	7.36562e-06	0.87079
0.00125215	226.723	7.36562e-06	0.849302
0.00126689	217.071	7.36562e-06	0.822238
0.00128162	207.68	7.36562e-06	0.79797
0.00129635	199.084	7.36562e-06	0.781407
0.00131108	190.464	7.36562e-06	0.761553
0.00132581	181.757	7.36562e-06	0.726398
0.00134054	173.599	7.36562e-06	0.709092
0.00135527	165.495	7.36562e-06	0.68045
0.00137	157.646	7.36562e-06	0.660751
0.00138474	150.193	7.36562e-06	0.631987
0.00139947	142.886	7.36562e-06	0.61347
0.0014142	135.792	7.36562e-06	0.585014
0.00142893	129.27	7.36562e-06	0.56923
0.00144366	122.795	7.36562e-06	0.546123
0.00145839	116.741	7.36562e-06	0.528901
0.00147312	110.786	7.36562e-06	0.512973
0.00148785	104.903	7.36562e-06	0.497552
0.00150259	99.2223	7.36562e-06	0.478164
0.00151732	94.0184	7.36562e-06	0.466133
0.00153205	89.0974	7.36562e-06	0.455099
0.00154678	84.1735	7.36562e-06	0.442342
0.00156151	79.4492	7.36562e-06	0.419745
0.00157624	75.0346	7.36562e-06	0.400606
0.00159097	70.6145	7.36562e-06	0.388729
0.0016057	66.5918	7.36562e-06	0.375436
0.00162044	62.6526	7.36562e-06	0.355504
0.00163517	58.876	7.36562e-06	0.342061
0.0016499	55.447	7.36562e-06	0.333692
0.00166463	52.1035	7.36562e-06	0.320056
0.00167936	48.9214	7.36562e-06	0.311872
0.00169409	46.0885	7.36562e-06	0.303476
0.00170882	43.2659	7.36562e-06	0.294056
0.00172355	40.5737	7.36562e-06	0.28621
0.00173829	38.0957	7.36562e-06	0.278439
0.00175302	35.6969	7.36562e-06	0.269745
0.00176775	33.1248	7.36562e-06	0.249499
0.00178248	30.8823	7.36562e-06	0.24147
0.00179721	28.7149	7.36562e-06	0.22778
0.00181194	26.7979	7.36562e-06	0.220179
0.00182667	24.8964	7.36562e-06	0.212342
0.0018414	23.0774	7.36562e-06	0.202578
0.00185614	21.5106	7.36562e-06	0.197411
0.00187087	20.0706	7.36562e-06	0.191659
0.0018856	18.5558	7.36562e-06	0.183874
0.00190033	17.2252	7.36562e-06	0.17962
0.00191506	15.8639	7.36562e-06	0.166423
0.00192979	14.6029	7.36562e-06	0.15592
0.00194452	13.5393	7.36562e-06	0.15193
0.00195925	12.5512	7.36562e-06	0.147697
0.00197399	11.4979	7.36562e-06	0.142453
0.00198872	10.5961	7.36562e-06	0.137769
0.00200345	9.70664	7.36562e-06	0.129218
0.00201818	8.91134	7.36562e-06	0.124767
0.00203291	8.16657	7.36562e-06	0.11916
0.00204764	7.44577	7.36562e-06	0.113876
0.00206237	6.75405	7.36562e-06	0.10678
0.0020771	6.16078	7.36562e-06	0.102637
0.00209183	5.64077	7.36562e-06	0.0997253
0.00210657	5.1313	7.36562e-06	0.0969434
0.0021213	4.65681	7.36562e-06	0.0923896
0.00213603	4.14936	7.36562e-06	0.0853416
0.00215076	3.77964	7.36562e-06	0.0833148
0.00216549	3.39807	7.36562e-06	0.080681
0.00218022	3.06282	7.36562e-06	0.0768477
0.00219495	2.79262	7.36562e-06	0.0751785
0.00220968	2.47459	7.36562e-06	0.0699616
0.00222442	2.16239	7.36562e-06	0.062601
0.00223915	1.91169	7.36562e-06	0.0525374
0.00225388	1.68671	7.36562e-06	0.0493502
0.00226861	1.48635	7.36562e-06	0.0475173
0.00228334	1.30643	7.36562e-06	0.0454952
0.00229807	1.12788	7.36562e-06	0.0429912
0.0023128	0.985384	7.36562e-06	0.0411488
0.00232753	0.869623	7.36562e-06	0.0398833
0.00234227	0.743158	7.36562e-06	0.0367189
0.002357	0.643878	7.36562e-06	0.0352159
0.00237173	0.548828	7.36562e-06	0.0331857
0.00238646	0.441731	7.36562e-06	0.0242605
0.00240119	0.354685	7.36562e-06	0.0220833
0.00241592	0.285802	7.36562e-06	0.0206466
0.00243065	0.228218	7.36562e-06	0.0177991
0.00244538	0.189343	7.36562e-06	0.0168443
0.00246012	0.144038	7.36562e-06	0.0150816
0.00247485	0.111105	7.36562e-06	0.0131938
0.00248958	0.072261	7.36562e-06	0.0111045
0.00250431	0.0465962	7.36562e-06	0.00894415
0.00251904	0.0340053	7.36562e-06	0.00842661
0.00253377	0.0231942	7.36562e-06	0.00669114
0.0025485	0.0185926	7.36562e-06	0.00645908
0.00256323	0.00490253	7.36562e-06	0.00190879
0.00257797	0.00160174	7.36562e-06	0.00118455
