0	1117.35	7.29806e-06	13.3222
1.45961e-05	1117.35	7.29806e-06	13.3222
2.91922e-05	1117.04	7.29806e-06	13.3202
4.37884e-05	1116.1	7.29806e-06	13.3141
5.83845e-05	1114.82	7.29806e-06	13.3078
7.29806e-05	1113.42	7.29806e-06	13.3033
8.75767e-05	1111.33	7.29806e-06	13.2961
0.000102173	1108.78	7.29806e-06	13.2892
0.000116769	1105.83	7.29806e-06	13.2818
0.000131365	1102.25	7.29806e-06	13.2736
0.000145961	1098.42	7.29806e-06	13.2655
0.000160557	1094.23	7.29806e-06	13.2578
0.000175153	1089.69	7.29806e-06	13.2503
0.00018975	1084.84	7.29806e-06	13.243
0.000204346	1080.12	7.29806e-06	13.2374
0.000218942	1074.18	7.29806e-06	13.2291
0.000233538	1068.2	7.29806e-06	13.2201
0.000248134	1061.36	7.29806e-06	13.2082
0.00026273	1055.24	7.29806e-06	13.2025
0.000277326	1048.07	7.29806e-06	13.1953
0.000291922	1040.15	7.29806e-06	13.1866
0.000306519	1031.93	7.29806e-06	13.1777
0.000321115	1024.04	7.29806e-06	13.1711
0.000335711	1015.47	7.29806e-06	13.1635
0.000350307	1006.7	7.29806e-06	13.1566
0.000364903	997.819	7.29806e-06	13.1501
0.000379499	988.509	7.29806e-06	13.1435
0.000394095	978.549	7.29806e-06	13.1328
0.000408691	967.939	7.29806e-06	13.1248
0.000423288	957.508	7.29806e-06	13.1177
0.000437884	947.173	7.29806e-06	13.1101
0.00045248	936.677	7.29806e-06	13.1042
0.000467076	925.882	7.29806e-06	13.0968
0.000481672	914.356	7.29806e-06	13.09
0.000496268	902.52	7.29806e-06	13.0828
0.000510864	890.289	7.29806e-06	13.0756
0.00052546	877.788	7.29806e-06	13.0678
0.000540056	865.795	7.29806e-06	13.062
0.000554653	853.374	7.29806e-06	13.056
0.000569249	840.483	7.29806e-06	13.0486
0.000583845	827.786	7.29806e-06	13.0428
0.000598441	814.552	7.29806e-06	13.0369
0.000613037	800.283	7.29806e-06	13.0091
0.000627633	787.015	7.29806e-06	13.0038
0.000642229	772.944	7.29806e-06	12.9975
0.000656825	759.403	7.29806e-06	12.9922
0.000671422	745.945	7.29806e-06	12.9875
0.000686018	731.581	7.29806e-06	12.9808
0.000700614	717.903	7.29806e-06	12.9755
0.00071521	704.29	7.29806e-06	12.971
0.000729806	689.433	7.29806e-06	12.9634
0.000744402	674.811	7.29806e-06	12.9577
0.000758998	660.373	7.29806e-06	12.9521
0.000773594	646.223	7.29806e-06	12.9475
0.000788191	632.056	7.29806e-06	12.9426
0.000802787	617.865	7.29806e-06	12.9382
0.000817383	603.28	7.29806e-06	12.933
0.000831979	589.286	7.29806e-06	12.9293
0.000846575	575.154	7.29806e-06	12.9254
0.000861171	561.271	7.29806e-06	12.9211
0.000875767	547.62	7.29806e-06	12.9178
0.000890363	534.173	7.29806e-06	12.9147
0.00090496	520.597	7.29806e-06	12.9114
0.000919556	506.835	7.29806e-06	12.9076
0.000934152	493.507	7.29806e-06	12.9046
0.000948748	479.745	7.29806e-06	12.899
0.000963344	464.726	7.29806e-06	12.8761
0.00097794	451.941	7.29806e-06	12.8736
0.000992536	438.68	7.29806e-06	12.8706
0.00100713	425.599	7.29806e-06	12.8673
0.00102173	412.914	7.29806e-06	12.8648
0.00103632	400.273	7.29806e-06	12.8625
0.00105092	387.859	7.29806e-06	12.86
0.00106552	375.636	7.29806e-06	12.8576
0.00108011	363.679	7.29806e-06	12.8555
0.00109471	351.552	7.29806e-06	12.8531
0.00110931	340.221	7.29806e-06	12.8513
0.0011239	329.036	7.29806e-06	12.8495
0.0011385	317.848	7.29806e-06	12.8478
0.00115309	306.376	7.29806e-06	12.8446
0.00116769	295.855	7.29806e-06	12.8431
0.00118229	284.951	7.29806e-06	12.8408
0.00119688	274.727	7.29806e-06	12.8392
0.00121148	264.241	7.29806e-06	12.8343
0.00122607	254.674	7.29806e-06	12.8331
0.00124067	245.153	7.29806e-06	12.8316
0.00125527	236.13	7.29806e-06	12.8306
0.00126986	227.306	7.29806e-06	12.8294
0.00128446	218.483	7.29806e-06	12.8283
0.00129905	209.865	7.29806e-06	12.8269
0.00131365	183.029	7.29806e-06	0.702367
0.00132825	174.784	7.29806e-06	0.677818
0.00134284	167.295	7.29806e-06	0.66262
0.00135744	159.702	7.29806e-06	0.646676
0.00137204	152.528	7.29806e-06	0.632167
0.00138663	145.519	7.29806e-06	0.618445
0.00140123	138.679	7.29806e-06	0.603316
0.00141582	131.889	7.29806e-06	0.587624
0.00143042	125.646	7.29806e-06	0.571343
0.00144502	119.401	7.29806e-06	0.556114
0.00145961	113.557	7.29806e-06	0.542044
0.00147421	107.818	7.29806e-06	0.527725
0.0014888	102.466	7.29806e-06	0.517478
0.0015034	97.0269	7.29806e-06	0.497572
0.001518	91.9655	7.29806e-06	0.484891
0.00153259	87.1786	7.29806e-06	0.475567
0.00154719	82.3971	7.29806e-06	0.458498
0.00156179	77.9708	7.29806e-06	0.442374
0.00157638	73.702	7.29806e-06	0.431652
0.00159098	69.6157	7.29806e-06	0.419714
0.00160557	65.8222	7.29806e-06	0.41172
0.00162017	62.002	7.29806e-06	0.395257
0.00163477	58.2425	7.29806e-06	0.381468
0.00164936	54.7848	7.29806e-06	0.371132
0.00166396	51.4453	7.29806e-06	0.342481
0.00167855	48.1667	7.29806e-06	0.316673
0.00169315	45.1398	7.29806e-06	0.305174
0.00170775	42.427	7.29806e-06	0.295517
0.00172234	39.7673	7.29806e-06	0.286994
0.00173694	37.168	7.29806e-06	0.272871
0.00175153	34.7619	7.29806e-06	0.265874
0.00176613	32.5591	7.29806e-06	0.258544
0.00178073	30.334	7.29806e-06	0.245885
0.00179532	28.2755	7.29806e-06	0.238417
0.00180992	26.3487	7.29806e-06	0.231067
0.00182452	24.5826	7.29806e-06	0.223971
0.00183911	22.876	7.29806e-06	0.218097
0.00185371	21.2306	7.29806e-06	0.199214
0.0018683	19.7737	7.29806e-06	0.193999
0.0018829	18.2879	7.29806e-06	0.186449
0.0018975	17.0088	7.29806e-06	0.181398
0.00191209	15.65	7.29806e-06	0.173727
0.00192669	14.495	7.29806e-06	0.167137
0.00194128	13.4063	7.29806e-06	0.162806
0.00195588	12.2416	7.29806e-06	0.146092
0.00197048	11.29	7.29806e-06	0.141611
0.00198507	10.4099	7.29806e-06	0.137379
0.00199967	9.46983	7.29806e-06	0.129558
0.00201426	8.6722	7.29806e-06	0.125391
0.00202886	7.95288	7.29806e-06	0.121427
0.00204346	7.28823	7.29806e-06	0.118264
0.00205805	6.7002	7.29806e-06	0.115277
0.00207265	6.09485	7.29806e-06	0.111831
0.00208725	5.51369	7.29806e-06	0.107891
0.00210184	4.96436	7.29806e-06	0.101478
0.00211644	4.50614	7.29806e-06	0.0972549
0.00213103	4.09697	7.29806e-06	0.0944526
0.00214563	3.71533	7.29806e-06	0.0924859
0.00216023	3.33062	7.29806e-06	0.0894328
0.00217482	3.0303	7.29806e-06	0.0878333
0.00218942	2.74947	7.29806e-06	0.0861424
0.00220401	2.45828	7.29806e-06	0.0843122
0.00221861	2.22318	7.29806e-06	0.0828179
0.00223321	1.98982	7.29806e-06	0.0808191
0.0022478	1.74561	7.29806e-06	0.0786543
0.0022624	1.53968	7.29806e-06	0.0767984
0.00227699	1.35687	7.29806e-06	0.075542
0.00229159	1.22097	7.29806e-06	0.0747499
0.00230619	1.0014	7.29806e-06	0.0408466
0.00232078	0.830728	7.29806e-06	0.0337928
0.00233538	0.706319	7.29806e-06	0.0315254
0.00234998	0.598261	7.29806e-06	0.0298205
0.00236457	0.497762	7.29806e-06	0.0272984
0.00237917	0.409183	7.29806e-06	0.0244387
0.00239376	0.338424	7.29806e-06	0.0225672
0.00240836	0.271205	7.29806e-06	0.0205526
0.00242296	0.22453	7.29806e-06	0.0191976
0.00243755	0.192933	7.29806e-06	0.0185033
0.00245215	0.150337	7.29806e-06	0.0171058
0.00246674	0.116573	7.29806e-06	0.0158305
0.00248134	0.0850549	7.29806e-06	0.0148025
0.00249594	0.0472078	7.29806e-06	0.00847977
0.00251053	0.0335607	7.29806e-06	0.00778191
0.00252513	0.0169708	7.29806e-06	0.00615709
0.00253973	0.00796647	7.29806e-06	0.00323948
0.00255432	0.0035887	7.29806e-06	0.0022461
0.00256892	0.00190388	7.29806e-06	0.00190391
