7.39586e-06	0.131919	7.39586e-06	0.0769634
2.21876e-05	0.560133	7.39586e-06	0.199241
3.69793e-05	2.27311	7.39586e-06	0.420757
5.1771e-05	4.79787	7.39586e-06	0.801067
6.65628e-05	8.36436	7.39586e-06	0.83608
8.13545e-05	16.8843	7.39586e-06	4.47999
9.61462e-05	19.7902	7.39586e-06	1.86131
0.000110938	27.432	7.39586e-06	3.34368
0.00012573	29.4059	7.39586e-06	1.81618
0.000140521	34.5912	7.39586e-06	1.8307
0.000155313	45.6959	7.39586e-06	2.49724
0.000170105	57.8312	7.39586e-06	2.82755
0.000184897	67.0532	7.39586e-06	3.31611
0.000199688	73.6654	7.39586e-06	3.11305
0.00021448	86.1566	7.39586e-06	3.88195
0.000229272	94.8265	7.39586e-06	4.50728
0.000244063	118.86	7.39586e-06	4.64886
0.000258855	115.536	7.39586e-06	3.64743
0.000273647	142.214	7.39586e-06	6.27668
0.000288439	145.918	7.39586e-06	4.70826
0.00030323	165.674	7.39586e-06	5.25228
0.000318022	187.622	7.39586e-06	4.85211
0.000332814	195.339	7.39586e-06	4.94206
0.000347605	212.469	7.39586e-06	5.41869
0.000362397	250.026	7.39586e-06	7.80111
0.000377189	255.962	7.39586e-06	6.62191
0.000391981	273.81	7.39586e-06	7.20026
0.000406772	285.874	7.39586e-06	7.76394
0.000421564	300.87	7.39586e-06	5.88751
0.000436356	319.272	7.39586e-06	6.6289
0.000451148	344.966	7.39586e-06	8.00539
0.000465939	358.161	7.39586e-06	7.56459
0.000480731	437.205	7.39586e-06	36.7432
0.000495523	435.708	7.39586e-06	10.2929
0.000510314	432.173	7.39586e-06	7.85791
0.000525106	480.036	7.39586e-06	17.3884
0.000539898	471.511	7.39586e-06	9.13612
0.00055469	467.683	7.39586e-06	7.77381
0.000569481	507.814	7.39586e-06	9.10945
0.000584273	548.903	7.39586e-06	11.568
0.000599065	562.361	7.39586e-06	9.146
0.000613857	570.475	7.39586e-06	10.5068
0.000628648	605.002	7.39586e-06	9.2659
0.00064344	608.573	7.39586e-06	8.99236
0.000658232	637.962	7.39586e-06	10.5735
0.000673023	634.063	7.39586e-06	9.03176
0.000687815	689.881	7.39586e-06	13.7348
0.000702607	694.175	7.39586e-06	10.0678
0.000717399	712.454	7.39586e-06	13.4651
0.00073219	742.418	7.39586e-06	20.9396
0.000746982	730.066	7.39586e-06	10.8427
0.000761774	783.242	7.39586e-06	23.5897
0.000776565	752.405	7.39586e-06	9.55969
0.000791357	789.649	7.39586e-06	13.828
0.000806149	784.271	7.39586e-06	11.7308
0.000820941	796.415	7.39586e-06	11.5281
0.000835732	813.796	7.39586e-06	10.6197
0.000850524	821.738	7.39586e-06	10.8812
0.000865316	842.872	7.39586e-06	11.5348
0.000880108	862.982	7.39586e-06	13.383
0.000894899	866.312	7.39586e-06	11.7206
0.000909691	868.535	7.39586e-06	12.3213
0.000924483	863.444	7.39586e-06	11.9095
0.000939274	882.899	7.39586e-06	11.3491
0.000954066	887.588	7.39586e-06	12.1929
0.000968858	921.612	7.39586e-06	12.7484
0.00098365	925.932	7.39586e-06	16.6565
0.000998441	896.704	7.39586e-06	11.6081
0.00101323	892.293	7.39586e-06	11.9933
0.00102802	907.548	7.39586e-06	12.5304
0.00104282	932.336	7.39586e-06	14.5407
0.00105761	921.1	7.39586e-06	13.1906
0.0010724	889.813	7.39586e-06	11.011
0.00108719	909.139	7.39586e-06	12.3845
0.00110198	921.248	7.39586e-06	15.819
0.00111678	889.866	7.39586e-06	11.784
0.00113157	871.635	7.39586e-06	11.0599
0.00114636	885.125	7.39586e-06	11.3121
0.00116115	869.49	7.39586e-06	11.8334
0.00117594	861.033	7.39586e-06	11.1337
0.00119073	840.503	7.39586e-06	11.2864
0.00120553	846.24	7.39586e-06	12.291
0.00122032	834.647	7.39586e-06	11.557
0.00123511	816.546	7.39586e-06	10.7369
0.0012499	822.72	7.39586e-06	10.9532
0.00126469	789.865	7.39586e-06	9.92013
0.00127948	779.312	7.39586e-06	11.0031
0.00129428	766.298	7.39586e-06	10.9728
0.00130907	765.613	7.39586e-06	10.8252
0.00132386	743.943	7.39586e-06	11.4497
0.00133865	718.271	7.39586e-06	10.9023
0.00135344	705.79	7.39586e-06	11.2084
0.00136823	696.942	7.39586e-06	12.2552
0.00138303	686.053	7.39586e-06	10.6001
0.00139782	661.667	7.39586e-06	9.33512
0.00141261	649.277	7.39586e-06	9.47348
0.0014274	649.825	7.39586e-06	9.40221
0.00144219	604.622	7.39586e-06	8.76174
0.00145698	593.219	7.39586e-06	9.64202
0.00147178	588.142	7.39586e-06	11.4203
0.00148657	586.646	7.39586e-06	20.3737
0.00150136	557.041	7.39586e-06	10.0482
0.00151615	556.415	7.39586e-06	10.5434
0.00153094	528.776	7.39586e-06	9.11602
0.00154574	504.856	7.39586e-06	8.97625
0.00156053	486.128	7.39586e-06	7.62869
0.00157532	466.847	7.39586e-06	7.82622
0.00159011	457.477	7.39586e-06	11.0144
0.0016049	434.477	7.39586e-06	7.58001
0.00161969	425.723	7.39586e-06	8.59508
0.00163449	398.053	7.39586e-06	7.11763
0.00164928	377.382	7.39586e-06	6.62059
0.00166407	391.807	7.39586e-06	9.70241
0.00167886	377.664	7.39586e-06	10.5809
0.00169365	348.206	7.39586e-06	6.93675
0.00170844	327.388	7.39586e-06	6.38466
0.00172324	311.591	7.39586e-06	6.38609
0.00173803	308.146	7.39586e-06	6.77592
0.00175282	282.744	7.39586e-06	6.03166
0.00176761	307.02	7.39586e-06	24.2101
0.0017824	251.085	7.39586e-06	5.43357
0.00179719	244.705	7.39586e-06	5.62798
0.00181199	254.022	7.39586e-06	10.6145
0.00182678	231.059	7.39586e-06	5.78486
0.00184157	219.523	7.39586e-06	6.14987
0.00185636	202.107	7.39586e-06	5.05191
0.00187115	193.297	7.39586e-06	4.89777
0.00188594	180.527	7.39586e-06	4.78067
0.00190074	173.55	7.39586e-06	5.69008
0.00191553	192.322	7.39586e-06	17.9952
0.00193032	150.042	7.39586e-06	3.73177
0.00194511	148.211	7.39586e-06	4.0379
0.0019599	136.529	7.39586e-06	3.94584
0.0019747	131.676	7.39586e-06	4.29303
0.00198949	124.332	7.39586e-06	3.75112
0.00200428	110.056	7.39586e-06	3.92578
0.00201907	103.678	7.39586e-06	3.58531
0.00203386	98.5531	7.39586e-06	3.1104
0.00204865	98.1018	7.39586e-06	7.19719
0.00206345	82.2981	7.39586e-06	2.84696
0.00207824	78.3541	7.39586e-06	2.87006
0.00209303	77.9301	7.39586e-06	3.06209
0.00210782	69.2735	7.39586e-06	2.78305
0.00212261	64.6454	7.39586e-06	2.59261
0.0021374	60.2791	7.39586e-06	2.79799
0.0021522	59.3674	7.39586e-06	2.77531
0.00216699	56.6813	7.39586e-06	3.01163
0.00218178	54.7268	7.39586e-06	2.69869
0.00219657	48.5553	7.39586e-06	2.46808
0.00221136	39.2841	7.39586e-06	1.89928
0.00222615	40.2483	7.39586e-06	2.65123
0.00224095	32.9773	7.39586e-06	1.65109
0.00225574	31.2406	7.39586e-06	1.78822
0.00227053	28.152	7.39586e-06	1.53779
0.00228532	29.5353	7.39586e-06	1.54094
0.00230011	25.813	7.39586e-06	1.53791
0.0023149	21.2404	7.39586e-06	1.31657
0.0023297	21.1989	7.39586e-06	1.24756
0.00234449	17.0691	7.39586e-06	1.2558
0.00235928	15.5859	7.39586e-06	1.07125
0.00237407	15.1864	7.39586e-06	1.2082
0.00238886	12.7445	7.39586e-06	0.939779
0.00240366	10.5663	7.39586e-06	0.964778
0.00241845	10.07	7.39586e-06	0.878527
0.00243324	7.88976	7.39586e-06	0.700206
0.00244803	8.92335	7.39586e-06	0.802333
0.00246282	6.93316	7.39586e-06	0.698812
0.00247761	5.43074	7.39586e-06	0.591131
0.00249241	4.33291	7.39586e-06	0.522239
0.0025072	2.75458	7.39586e-06	0.415689
0.00252199	3.00242	7.39586e-06	0.433311
0.00253678	1.84339	7.39586e-06	0.330749
0.00255157	1.50082	7.39586e-06	0.297666
0.00256636	0.848754	7.39586e-06	0.2289
0.00258116	0.11733	7.39586e-06	0.0829908
