7.3657e-06	0.0957894	7.3657e-06	0.0957894
2.20971e-05	1.46051	7.3657e-06	0.528844
3.68285e-05	2.94231	7.3657e-06	0.642122
5.15599e-05	4.35918	7.3657e-06	0.686088
6.62913e-05	10.8016	7.3657e-06	1.38155
8.10227e-05	13.0941	7.3657e-06	2.14762
9.57541e-05	16.6923	7.3657e-06	1.4235
0.000110485	25.675	7.3657e-06	2.30662
0.000125217	28.4445	7.3657e-06	2.07196
0.000139948	37.5891	7.3657e-06	2.29967
0.00015468	44.0166	7.3657e-06	2.6787
0.000169411	52.4954	7.3657e-06	2.69838
0.000184142	58.2032	7.3657e-06	3.63162
0.000198874	75.8549	7.3657e-06	3.36002
0.000213605	76.5193	7.3657e-06	3.4222
0.000228337	98.1535	7.3657e-06	4.92588
0.000243068	109.802	7.3657e-06	4.85919
0.000257799	122.202	7.3657e-06	4.2656
0.000272531	131.116	7.3657e-06	4.67084
0.000287262	153.687	7.3657e-06	5.61804
0.000301994	190.365	7.3657e-06	7.18238
0.000316725	178.869	7.3657e-06	5.54854
0.000331456	206.196	7.3657e-06	6.10692
0.000346188	222.288	7.3657e-06	6.1054
0.000360919	220.347	7.3657e-06	5.39112
0.000375651	253.655	7.3657e-06	7.37005
0.000390382	267.994	7.3657e-06	8.41232
0.000405113	277.192	7.3657e-06	6.52324
0.000419845	306.582	7.3657e-06	7.78328
0.000434576	303.992	7.3657e-06	6.61316
0.000449308	349.278	7.3657e-06	9.11574
0.000464039	356.755	7.3657e-06	7.3703
0.00047877	398.592	7.3657e-06	9.85182
0.000493502	405.131	7.3657e-06	7.80004
0.000508233	451.71	7.3657e-06	11.5259
0.000522965	442.952	7.3657e-06	8.92828
0.000537696	454.135	7.3657e-06	9.2818
0.000552427	479.366	7.3657e-06	10.3492
0.000567159	505.574	7.3657e-06	8.47592
0.00058189	527.926	7.3657e-06	10.0366
0.000596622	534.876	7.3657e-06	8.48913
0.000611353	567.105	7.3657e-06	9.71715
0.000626084	596.328	7.3657e-06	11.9181
0.000640816	642.085	7.3657e-06	12.8966
0.000655547	625.803	7.3657e-06	9.5082
0.000670278	648.832	7.3657e-06	9.25801
0.00068501	655.425	7.3657e-06	9.72407
0.000699741	681.443	7.3657e-06	9.63856
0.000714473	683.38	7.3657e-06	10.4897
0.000729204	710.814	7.3657e-06	10.1456
0.000743935	722.586	7.3657e-06	9.65275
0.000758667	754.529	7.3657e-06	11.9662
0.000773398	813.045	7.3657e-06	26.517
0.00078813	822.053	7.3657e-06	17.5009
0.000802861	813.128	7.3657e-06	21.0918
0.000817592	802.329	7.3657e-06	12.1308
0.000832324	832.069	7.3657e-06	10.7321
0.000847055	829.046	7.3657e-06	10.0791
0.000861787	846.815	7.3657e-06	12.0384
0.000876518	877.877	7.3657e-06	19.3667
0.000891249	921.966	7.3657e-06	21.1636
0.000905981	882.482	7.3657e-06	12.5693
0.000920712	872.229	7.3657e-06	11.1878
0.000935444	901.547	7.3657e-06	12.8451
0.000950175	897.975	7.3657e-06	10.4347
0.000964906	895.174	7.3657e-06	11.1195
0.000979638	891.248	7.3657e-06	9.75849
0.000994369	900.29	7.3657e-06	11.6697
0.0010091	900.287	7.3657e-06	10.1413
0.00102383	910.908	7.3657e-06	12.5477
0.00103856	905.186	7.3657e-06	9.88908
0.00105329	893.613	7.3657e-06	9.81065
0.00106803	923.48	7.3657e-06	11.9918
0.00108276	908.824	7.3657e-06	10.2612
0.00109749	882.9	7.3657e-06	9.25029
0.00111222	876.435	7.3657e-06	9.26109
0.00112695	892.672	7.3657e-06	14.5517
0.00114168	876.747	7.3657e-06	9.93752
0.00115641	911.505	7.3657e-06	19.1378
0.00117115	890.117	7.3657e-06	12.9632
0.00118588	852.469	7.3657e-06	9.21752
0.00120061	834.841	7.3657e-06	8.9958
0.00121534	830.029	7.3657e-06	8.93126
0.00123007	838.883	7.3657e-06	10.7687
0.0012448	802.319	7.3657e-06	9.21871
0.00125953	806.773	7.3657e-06	8.91315
0.00127427	805.812	7.3657e-06	9.69044
0.001289	840.705	7.3657e-06	32.9308
0.00130373	768.788	7.3657e-06	8.39479
0.00131846	740.433	7.3657e-06	8.45487
0.00133319	720.429	7.3657e-06	8.01826
0.00134792	711.903	7.3657e-06	8.52549
0.00136265	699.981	7.3657e-06	7.85056
0.00137739	703.439	7.3657e-06	14.5215
0.00139212	670.234	7.3657e-06	8.01468
0.00140685	654.574	7.3657e-06	7.35122
0.00142158	624.341	7.3657e-06	7.69106
0.00143631	635.266	7.3657e-06	7.73253
0.00145104	614.858	7.3657e-06	7.52069
0.00146577	605.321	7.3657e-06	8.71951
0.00148051	590.402	7.3657e-06	7.38701
0.00149524	561.725	7.3657e-06	6.76284
0.00150997	549.806	7.3657e-06	6.96031
0.0015247	525.865	7.3657e-06	6.85492
0.00153943	510.998	7.3657e-06	6.71697
0.00155416	496.203	7.3657e-06	7.39322
0.00156889	487.345	7.3657e-06	6.87352
0.00158363	453.688	7.3657e-06	6.08927
0.00159836	431.937	7.3657e-06	5.80338
0.00161309	428.023	7.3657e-06	6.13212
0.00162782	414.125	7.3657e-06	5.55005
0.00164255	399.403	7.3657e-06	6.31984
0.00165728	385.456	7.3657e-06	5.41371
0.00167201	361.838	7.3657e-06	5.14137
0.00168674	346.708	7.3657e-06	5.39803
0.00170148	332.444	7.3657e-06	4.95898
0.00171621	315.447	7.3657e-06	4.81333
0.00173094	302.859	7.3657e-06	4.6691
0.00174567	295.175	7.3657e-06	4.77297
0.0017604	274.291	7.3657e-06	4.64574
0.00177513	269.177	7.3657e-06	4.81378
0.00178986	256.845	7.3657e-06	4.18251
0.0018046	250.815	7.3657e-06	8.54636
0.00181933	232.529	7.3657e-06	4.04356
0.00183406	213.139	7.3657e-06	3.79935
0.00184879	205.525	7.3657e-06	3.68725
0.00186352	198.376	7.3657e-06	3.63833
0.00187825	181.078	7.3657e-06	3.41163
0.00189298	181.463	7.3657e-06	3.54727
0.00190772	163.518	7.3657e-06	3.28487
0.00192245	157.886	7.3657e-06	3.22743
0.00193718	145.39	7.3657e-06	3.02868
0.00195191	141.411	7.3657e-06	3.09639
0.00196664	130.56	7.3657e-06	2.89471
0.00198137	125.593	7.3657e-06	3.03186
0.0019961	121.735	7.3657e-06	2.85541
0.00201084	113.847	7.3657e-06	2.68757
0.00202557	104.967	7.3657e-06	2.59209
0.0020403	99.2464	7.3657e-06	2.45876
0.00205503	90.9461	7.3657e-06	2.37703
0.00206976	90.5803	7.3657e-06	2.4067
0.00208449	82.336	7.3657e-06	2.25646
0.00209922	75.1317	7.3657e-06	2.13459
0.00211396	66.8439	7.3657e-06	2.00443
0.00212869	62.9747	7.3657e-06	1.91438
0.00214342	56.5903	7.3657e-06	1.818
0.00215815	55.8578	7.3657e-06	1.7864
0.00217288	52.2931	7.3657e-06	1.75257
0.00218761	46.7153	7.3657e-06	1.64603
0.00220234	46.3842	7.3657e-06	1.66571
0.00221708	40.6066	7.3657e-06	1.52531
0.00223181	37.7618	7.3657e-06	1.45833
0.00224654	31.2782	7.3657e-06	1.31813
0.00226127	32.9036	7.3657e-06	1.35535
0.002276	26.6318	7.3657e-06	1.2232
0.00229073	26.757	7.3657e-06	1.21322
0.00230546	23.4959	7.3657e-06	1.12691
0.00232019	23.4425	7.3657e-06	1.1225
0.00233493	18.0238	7.3657e-06	0.979674
0.00234966	15.7177	7.3657e-06	0.917916
0.00236439	16.5384	7.3657e-06	0.945324
0.00237912	13.933	7.3657e-06	0.856287
0.00239385	11.9517	7.3657e-06	0.788813
0.00240858	10.8205	7.3657e-06	0.752725
0.00242331	9.81693	7.3657e-06	0.718199
0.00243805	8.5238	7.3657e-06	0.661677
0.00245278	6.77923	7.3657e-06	0.58633
0.00246751	5.95289	7.3657e-06	0.550515
0.00248224	4.6099	7.3657e-06	0.482884
0.00249697	4.72189	7.3657e-06	0.489412
0.0025117	3.54871	7.3657e-06	0.419606
0.00252643	2.65034	7.3657e-06	0.36142
0.00254117	1.97456	7.3657e-06	0.312743
0.0025559	1.21031	7.3657e-06	0.242323
0.00257063	0.389015	7.3657e-06	0.1376
0.00258536	0.0479197	7.3657e-06	0.0479197
