7.35596e-06	0.0313954	7.35596e-06	0.0313954
2.20679e-05	0.905665	7.35596e-06	0.200524
3.67798e-05	3.53597	7.35596e-06	0.608703
5.14917e-05	5.41432	7.35596e-06	0.795335
6.62036e-05	7.34595	7.35596e-06	0.870916
8.09155e-05	12.5129	7.35596e-06	1.25789
9.56275e-05	17.4619	7.35596e-06	1.52862
0.000110339	24.6529	7.35596e-06	2.31358
0.000125051	31.1549	7.35596e-06	1.75014
0.000139763	38.5058	7.35596e-06	2.21485
0.000154475	41.8303	7.35596e-06	2.03663
0.000169187	54.1865	7.35596e-06	2.2332
0.000183899	65.1978	7.35596e-06	3.46649
0.000198611	74.5849	7.35596e-06	3.20035
0.000213323	81.9948	7.35596e-06	2.93796
0.000228035	94.8558	7.35596e-06	3.48182
0.000242747	124.882	7.35596e-06	15.6689
0.000257459	136.415	7.35596e-06	6.49243
0.00027217	130.779	7.35596e-06	4.00074
0.000286882	147.064	7.35596e-06	4.05873
0.000301594	168.889	7.35596e-06	4.67397
0.000316306	178.699	7.35596e-06	5.17206
0.000331018	195.529	7.35596e-06	4.85183
0.00034573	213.173	7.35596e-06	6.89352
0.000360442	224.297	7.35596e-06	5.48449
0.000375154	251.912	7.35596e-06	6.22773
0.000389866	269.331	7.35596e-06	7.49432
0.000404578	275.491	7.35596e-06	5.74772
0.00041929	298.67	7.35596e-06	5.79272
0.000434002	321.341	7.35596e-06	9.34741
0.000448713	337.902	7.35596e-06	6.59918
0.000463425	365.556	7.35596e-06	7.99203
0.000478137	401.536	7.35596e-06	11.2258
0.000492849	401.393	7.35596e-06	8.63209
0.000507561	418.655	7.35596e-06	9.91069
0.000522273	449.965	7.35596e-06	11.4137
0.000536985	484.431	7.35596e-06	13.3876
0.000551697	481.91	7.35596e-06	7.81837
0.000566409	516.551	7.35596e-06	8.95937
0.000581121	536.752	7.35596e-06	8.92495
0.000595833	556.335	7.35596e-06	11.006
0.000610545	562.6	7.35596e-06	8.82451
0.000625256	597.467	7.35596e-06	9.65131
0.000639968	620.215	7.35596e-06	10.3373
0.00065468	641.159	7.35596e-06	12.8935
0.000669392	660.327	7.35596e-06	11.069
0.000684104	670.831	7.35596e-06	10.3236
0.000698816	683.019	7.35596e-06	9.78797
0.000713528	693.393	7.35596e-06	10.8977
0.00072824	714.685	7.35596e-06	14.2636
0.000742952	731.294	7.35596e-06	10.5032
0.000757664	744.982	7.35596e-06	13.3399
0.000772376	775.809	7.35596e-06	11.3613
0.000787087	769.06	7.35596e-06	10.4612
0.000801799	804.843	7.35596e-06	11.544
0.000816511	826.892	7.35596e-06	14.1284
0.000831223	838.494	7.35596e-06	12.9371
0.000845935	850.408	7.35596e-06	13.8349
0.000860647	885.106	7.35596e-06	21.4429
0.000875359	863.031	7.35596e-06	13.2735
0.000890071	857.292	7.35596e-06	12.2431
0.000904783	891.812	7.35596e-06	20.3052
0.000919495	860.089	7.35596e-06	11.9756
0.000934207	929.389	7.35596e-06	18.8958
0.000948919	918.044	7.35596e-06	14.8888
0.00096363	906.835	7.35596e-06	15.1307
0.000978342	906.536	7.35596e-06	12.3704
0.000993054	893.175	7.35596e-06	12.6273
0.00100777	893.352	7.35596e-06	11.8359
0.00102248	936.624	7.35596e-06	23.0164
0.00103719	908.577	7.35596e-06	12.2451
0.0010519	920.433	7.35596e-06	14.241
0.00106661	902.688	7.35596e-06	12.1046
0.00108133	909.645	7.35596e-06	13.89
0.00109604	926.577	7.35596e-06	23.8123
0.00111075	911.528	7.35596e-06	13.628
0.00112546	901.829	7.35596e-06	14.6798
0.00114017	871.068	7.35596e-06	13.8549
0.00115489	852.362	7.35596e-06	13.0053
0.0011696	842.778	7.35596e-06	12.3404
0.00118431	874.234	7.35596e-06	13.2949
0.00119902	836.978	7.35596e-06	11.5611
0.00121373	855.089	7.35596e-06	18.3408
0.00122844	811.387	7.35596e-06	12.725
0.00124316	797.151	7.35596e-06	13.5954
0.00125787	803.884	7.35596e-06	11.392
0.00127258	775.261	7.35596e-06	10.6524
0.00128729	773.415	7.35596e-06	13.976
0.001302	765.335	7.35596e-06	11.2469
0.00131672	746.933	7.35596e-06	10.9576
0.00133143	769.941	7.35596e-06	28.011
0.00134614	759.662	7.35596e-06	24.7936
0.00136085	689.71	7.35596e-06	10.0182
0.00137556	695.274	7.35596e-06	12.1645
0.00139028	681.685	7.35596e-06	11.8658
0.00140499	673.218	7.35596e-06	11.2569
0.0014197	629.5	7.35596e-06	11.1204
0.00143441	616.183	7.35596e-06	9.76138
0.00144912	611.146	7.35596e-06	11.6437
0.00146384	600.792	7.35596e-06	11.3435
0.00147855	583.263	7.35596e-06	10.5842
0.00149326	556.815	7.35596e-06	10.2245
0.00150797	558.764	7.35596e-06	10.7551
0.00152268	533.24	7.35596e-06	10.0201
0.0015374	519.824	7.35596e-06	11.6605
0.00155211	491.778	7.35596e-06	9.09286
0.00156682	477.934	7.35596e-06	12.4706
0.00158153	462.94	7.35596e-06	10.9161
0.00159624	433.92	7.35596e-06	9.10831
0.00161095	416.248	7.35596e-06	8.66671
0.00162567	407.78	7.35596e-06	8.65569
0.00164038	404.214	7.35596e-06	9.7871
0.00165509	379.835	7.35596e-06	8.81362
0.0016698	364.043	7.35596e-06	7.96549
0.00168451	343.276	7.35596e-06	8.39094
0.00169923	323.036	7.35596e-06	7.1582
0.00171394	325.096	7.35596e-06	10.5804
0.00172865	300.029	7.35596e-06	6.98887
0.00174336	297.853	7.35596e-06	8.43058
0.00175807	290.382	7.35596e-06	7.04868
0.00177279	265.354	7.35596e-06	6.30064
0.0017875	271.25	7.35596e-06	7.67601
0.00180221	245.064	7.35596e-06	6.57378
0.00181692	237.318	7.35596e-06	6.15623
0.00183163	233.622	7.35596e-06	7.31092
0.00184635	209.532	7.35596e-06	7.40026
0.00186106	206.408	7.35596e-06	8.38526
0.00187577	192.504	7.35596e-06	5.46703
0.00189048	185.031	7.35596e-06	5.88801
0.00190519	153.638	7.35596e-06	4.48152
0.00191991	154.332	7.35596e-06	5.58395
0.00193462	155.622	7.35596e-06	6.16754
0.00194933	130.161	7.35596e-06	4.46319
0.00196404	132.334	7.35596e-06	4.55449
0.00197875	129.879	7.35596e-06	5.76246
0.00199346	110.958	7.35596e-06	4.30605
0.00200818	107.042	7.35596e-06	4.24129
0.00202289	99.9938	7.35596e-06	4.66009
0.0020376	94.1068	7.35596e-06	3.902
0.00205231	100.127	7.35596e-06	5.74187
0.00206702	88.507	7.35596e-06	4.09014
0.00208174	81.3899	7.35596e-06	3.35516
0.00209645	73.6585	7.35596e-06	3.3982
0.00211116	67.1752	7.35596e-06	3.30034
0.00212587	59.9138	7.35596e-06	2.95131
0.00214058	56.596	7.35596e-06	2.75589
0.0021553	54.6119	7.35596e-06	3.03221
0.00217001	53.0923	7.35596e-06	3.72702
0.00218472	47.6427	7.35596e-06	2.58821
0.00219943	42.2781	7.35596e-06	2.45048
0.00221414	37.3807	7.35596e-06	1.9918
0.00222886	34.9431	7.35596e-06	2.19978
0.00224357	36.5123	7.35596e-06	2.95082
0.00225828	37.8121	7.35596e-06	2.71086
0.00227299	28.2601	7.35596e-06	1.84108
0.0022877	24.964	7.35596e-06	1.73822
0.00230241	25.0144	7.35596e-06	2.01976
0.00231713	19.0195	7.35596e-06	1.46546
0.00233184	16.7682	7.35596e-06	1.24856
0.00234655	15.1409	7.35596e-06	1.38579
0.00236126	17.8	7.35596e-06	2.19124
0.00237597	14.4352	7.35596e-06	1.71238
0.00239069	12.638	7.35596e-06	1.28209
0.0024054	8.86242	7.35596e-06	1.10948
0.00242011	8.25712	7.35596e-06	1.39814
0.00243482	7.01493	7.35596e-06	0.805119
0.00244953	7.40578	7.35596e-06	0.781704
0.00246425	5.41584	7.35596e-06	0.691897
0.00247896	6.98766	7.35596e-06	1.09982
0.00249367	5.38971	7.35596e-06	0.881625
0.00250838	3.2921	7.35596e-06	0.53949
0.00252309	2.31799	7.35596e-06	0.445248
0.00253781	2.3412	7.35596e-06	0.474245
0.00255252	0.938339	7.35596e-06	0.315278
0.00256723	0.961516	7.35596e-06	0.300862
0.00258194	0.174138	7.35596e-06	0.125883
