7.37788e-06	0.0722218	7.37788e-06	0.0523324
2.21336e-05	1.29659	7.37788e-06	0.3383
3.68894e-05	3.26907	7.37788e-06	0.495364
5.16452e-05	4.23456	7.37788e-06	0.592909
6.64009e-05	7.48613	7.37788e-06	0.791739
8.11567e-05	11.8944	7.37788e-06	1.02733
9.59124e-05	16.6581	7.37788e-06	1.33446
0.000110668	25.0609	7.37788e-06	1.8059
0.000125424	28.7832	7.37788e-06	1.68782
0.00014018	37.3843	7.37788e-06	1.84386
0.000154935	41.249	7.37788e-06	2.03637
0.000169691	57.2997	7.37788e-06	3.37601
0.000184447	65.5231	7.37788e-06	2.92247
0.000199203	71.8191	7.37788e-06	2.51926
0.000213959	84.2045	7.37788e-06	3.21858
0.000228714	92.9849	7.37788e-06	3.46696
0.00024347	105.843	7.37788e-06	3.41107
0.000258226	115.009	7.37788e-06	3.45333
0.000272982	138.049	7.37788e-06	4.81225
0.000287737	151.41	7.37788e-06	4.44705
0.000302493	167.184	7.37788e-06	4.48495
0.000317249	196.958	7.37788e-06	5.40565
0.000332005	206.204	7.37788e-06	5.73675
0.00034676	209.342	7.37788e-06	5.2356
0.000361516	240.714	7.37788e-06	6.13313
0.000376272	297.357	7.37788e-06	27.7993
0.000391028	266.871	7.37788e-06	5.71083
0.000405783	276.939	7.37788e-06	5.29872
0.000420539	315.881	7.37788e-06	7.59715
0.000435295	339.172	7.37788e-06	9.50969
0.000450051	341.961	7.37788e-06	6.57252
0.000464806	362.156	7.37788e-06	9.09969
0.000479562	389.8	7.37788e-06	7.51156
0.000494318	410.235	7.37788e-06	7.97278
0.000509074	446.695	7.37788e-06	12.7158
0.00052383	451.364	7.37788e-06	7.15001
0.000538585	461.946	7.37788e-06	8.97156
0.000553341	492.4	7.37788e-06	8.16051
0.000568097	490.517	7.37788e-06	7.85778
0.000582853	542.552	7.37788e-06	8.85458
0.000597608	550.643	7.37788e-06	10.1403
0.000612364	577.235	7.37788e-06	10.5638
0.00062712	579	7.37788e-06	9.06975
0.000641876	593.39	7.37788e-06	9.93609
0.000656631	636.501	7.37788e-06	9.26116
0.000671387	631.606	7.37788e-06	9.83389
0.000686143	665.533	7.37788e-06	9.52814
0.000700899	690.764	7.37788e-06	10.6067
0.000715654	723.357	7.37788e-06	14.1198
0.00073041	697.935	7.37788e-06	11.4665
0.000745166	728.013	7.37788e-06	10.3192
0.000759922	754.782	7.37788e-06	12.9282
0.000774677	777.169	7.37788e-06	17.8074
0.000789433	774.934	7.37788e-06	10.5588
0.000804189	806.031	7.37788e-06	12.3266
0.000818945	835.186	7.37788e-06	22.6842
0.0008337	811.255	7.37788e-06	11.0969
0.000848456	808.693	7.37788e-06	10.8983
0.000863212	855.882	7.37788e-06	14.0064
0.000877968	853.986	7.37788e-06	11.4121
0.000892724	874.606	7.37788e-06	13.3422
0.000907479	882.328	7.37788e-06	13.4477
0.000922235	864.793	7.37788e-06	15.1114
0.000936991	878.71	7.37788e-06	13.5174
0.000951747	866.138	7.37788e-06	11.1005
0.000966502	908.662	7.37788e-06	12.2586
0.000981258	904.945	7.37788e-06	15.7992
0.000996014	887.489	7.37788e-06	13.311
0.00101077	938.369	7.37788e-06	19.8725
0.00102553	926.617	7.37788e-06	22.3464
0.00104028	922.612	7.37788e-06	13.383
0.00105504	888.547	7.37788e-06	11.8684
0.00106979	905.199	7.37788e-06	12.4805
0.00108455	910.013	7.37788e-06	13.1883
0.0010993	910.649	7.37788e-06	14.2025
0.00111406	895.353	7.37788e-06	12.7552
0.00112882	906.217	7.37788e-06	14.0979
0.00114357	898.707	7.37788e-06	15.3774
0.00115833	863.839	7.37788e-06	15.6183
0.00117308	861.803	7.37788e-06	14.0223
0.00118784	868.233	7.37788e-06	15.4601
0.00120259	845.39	7.37788e-06	12.9389
0.00121735	829.309	7.37788e-06	11.0908
0.00123211	820.803	7.37788e-06	11.7989
0.00124686	823.452	7.37788e-06	13.5682
0.00126162	813.923	7.37788e-06	12.9852
0.00127637	767.765	7.37788e-06	11.6958
0.00129113	754.353	7.37788e-06	11.8039
0.00130588	770.626	7.37788e-06	11.8293
0.00132064	749.546	7.37788e-06	12.2496
0.0013354	724.95	7.37788e-06	10.9812
0.00135015	756.739	7.37788e-06	15.6092
0.00136491	707.762	7.37788e-06	12.2892
0.00137966	696.504	7.37788e-06	11.7878
0.00139442	661.704	7.37788e-06	12.3549
0.00140918	691.865	7.37788e-06	17.6678
0.00142393	616.124	7.37788e-06	10.4632
0.00143869	619.884	7.37788e-06	10.974
0.00145344	591.863	7.37788e-06	13.076
0.0014682	598.116	7.37788e-06	10.1258
0.00148295	565.705	7.37788e-06	10.2856
0.00149771	538.72	7.37788e-06	8.86741
0.00151247	555.092	7.37788e-06	11.8374
0.00152722	527.44	7.37788e-06	10.731
0.00154198	498.399	7.37788e-06	10.3658
0.00155673	472.993	7.37788e-06	8.77695
0.00157149	478.295	7.37788e-06	9.42328
0.00158624	457.762	7.37788e-06	8.79288
0.001601	456.411	7.37788e-06	11.3032
0.00161576	418.597	7.37788e-06	8.22013
0.00163051	415.166	7.37788e-06	12.1476
0.00164527	400.929	7.37788e-06	9.30242
0.00166002	371.38	7.37788e-06	7.76381
0.00167478	540.799	7.37788e-06	118.029
0.00168953	358.056	7.37788e-06	14.9115
0.00170429	342.933	7.37788e-06	10.3845
0.00171905	323.909	7.37788e-06	9.06489
0.0017338	308.01	7.37788e-06	8.39908
0.00174856	285.216	7.37788e-06	7.36271
0.00176331	266.387	7.37788e-06	6.25762
0.00177807	260.446	7.37788e-06	7.1183
0.00179282	247.391	7.37788e-06	7.23364
0.00180758	235.128	7.37788e-06	6.69127
0.00182234	218.885	7.37788e-06	6.15237
0.00183709	213.199	7.37788e-06	6.01734
0.00185185	194.917	7.37788e-06	5.72621
0.0018666	185.018	7.37788e-06	5.51792
0.00188136	187.683	7.37788e-06	5.81182
0.00189612	170.699	7.37788e-06	5.28615
0.00191087	156.691	7.37788e-06	4.60405
0.00192563	158.711	7.37788e-06	5.73124
0.00194038	137.637	7.37788e-06	5.0213
0.00195514	134.989	7.37788e-06	4.39024
0.00196989	125.602	7.37788e-06	4.6051
0.00198465	139.322	7.37788e-06	8.69885
0.00199941	113.367	7.37788e-06	4.29361
0.00201416	113.61	7.37788e-06	6.01529
0.00202892	96.2091	7.37788e-06	5.21069
0.00204367	97.8067	7.37788e-06	4.54928
0.00205843	85.7373	7.37788e-06	3.55136
0.00207318	78.2069	7.37788e-06	3.90401
0.00208794	79.8475	7.37788e-06	4.21766
0.0021027	67.7681	7.37788e-06	3.10675
0.00211745	66.1936	7.37788e-06	3.78933
0.00213221	58.5138	7.37788e-06	3.31285
0.00214696	64.8678	7.37788e-06	4.43482
0.00216172	52.5484	7.37788e-06	3.34551
0.00217647	44.6014	7.37788e-06	2.49114
0.00219123	54.0408	7.37788e-06	5.45244
0.00220599	40.9656	7.37788e-06	2.63755
0.00222074	36.1173	7.37788e-06	2.20287
0.0022355	34.7255	7.37788e-06	2.32421
0.00225025	49.9982	7.37788e-06	9.84457
0.00226501	34.6855	7.37788e-06	3.71323
0.00227977	27.7449	7.37788e-06	2.05223
0.00229452	27.753	7.37788e-06	2.76394
0.00230928	23.2485	7.37788e-06	1.82244
0.00232403	22.6278	7.37788e-06	1.98111
0.00233879	17.2491	7.37788e-06	2.22595
0.00235354	17.8577	7.37788e-06	1.67283
0.0023683	17.5973	7.37788e-06	2.49207
0.00238306	11.4925	7.37788e-06	1.36173
0.00239781	12.0806	7.37788e-06	1.86693
0.00241257	10.3352	7.37788e-06	1.80985
0.00242732	7.85172	7.37788e-06	1.02416
0.00244208	7.5345	7.37788e-06	1.10694
0.00245683	6.51015	7.37788e-06	1.18063
0.00247159	5.87442	7.37788e-06	0.907974
0.00248635	4.58676	7.37788e-06	0.82458
0.0025011	3.57988	7.37788e-06	0.681618
0.00251586	2.27695	7.37788e-06	0.67395
0.00253061	1.40547	7.37788e-06	0.445691
0.00254537	0.719002	7.37788e-06	0.276105
0.00256012	0.962466	7.37788e-06	0.328228
0.00257488	0.344725	7.37788e-06	0.214715
