0	4176.38	1.10267e-05	5101.05
2.20535e-05	1626.71	1.10267e-05	125.037
4.4107e-05	1448.08	1.10267e-05	37.7722
6.61604e-05	1372.37	1.10267e-05	22.4608
8.82139e-05	1319.69	1.10267e-05	16.5389
0.000110267	1279.76	1.10267e-05	13.8705
0.000132321	1247.57	1.10267e-05	12.512
0.000154374	1217.44	1.10267e-05	11.5009
0.000176428	1191.36	1.10267e-05	10.8896
0.000198481	1160.81	1.10267e-05	8.37164
0.000220535	1138.2	1.10267e-05	7.98709
0.000242588	1116.66	1.10267e-05	7.6872
0.000264642	1095.39	1.10267e-05	7.43368
0.000286695	1071.66	1.10267e-05	7.13857
0.000308749	1049.32	1.10267e-05	6.91723
0.000330802	1027.95	1.10267e-05	6.69287
0.000352856	1004.47	1.10267e-05	6.12127
0.000374909	982.607	1.10267e-05	5.95122
0.000396963	959.902	1.10267e-05	5.7763
0.000419016	936.805	1.10267e-05	5.59477
0.00044107	913.452	1.10267e-05	5.4323
0.000463123	890.934	1.10267e-05	5.29643
0.000485177	866.581	1.10267e-05	5.09367
0.00050723	843.446	1.10267e-05	4.96025
0.000529284	819.792	1.10267e-05	4.82925
0.000551337	795.778	1.10267e-05	4.69923
0.000573391	771.39	1.10267e-05	4.55927
0.000595444	748.289	1.10267e-05	4.44454
0.000617498	725.099	1.10267e-05	4.33091
0.000639551	701.78	1.10267e-05	4.22309
0.000661604	677.46	1.10267e-05	4.08009
0.000683658	654.209	1.10267e-05	3.98375
0.000705711	631.649	1.10267e-05	3.8941
0.000727765	608.619	1.10267e-05	3.7995
0.000749818	585.741	1.10267e-05	3.71031
0.000771872	562.242	1.10267e-05	3.62375
0.000793925	539.518	1.10267e-05	3.54515
0.000815979	517.379	1.10267e-05	3.46582
0.000838032	495.29	1.10267e-05	3.39365
0.000860086	473.744	1.10267e-05	3.32344
0.000882139	452.813	1.10267e-05	3.25637
0.000904193	433.266	1.10267e-05	3.2004
0.000926246	412.76	1.10267e-05	3.12486
0.0009483	392.226	1.10267e-05	3.04103
0.000970353	372.938	1.10267e-05	2.96121
0.000992407	353.497	1.10267e-05	2.87376
0.00101446	334.587	1.10267e-05	2.81147
0.00103651	316.331	1.10267e-05	2.75719
0.00105857	297.463	1.10267e-05	2.23717
0.00108062	279.584	1.10267e-05	2.09519
0.00110267	264.248	1.10267e-05	2.05562
0.00112473	248.888	1.10267e-05	2.01597
0.00114678	233.883	1.10267e-05	1.974
0.00116883	219.182	1.10267e-05	1.90871
0.00119089	205.127	1.10267e-05	1.86812
0.00121294	191.127	1.10267e-05	1.21313
0.001235	178.481	1.10267e-05	1.15908
0.00125705	166.701	1.10267e-05	1.11568
0.0012791	155.359	1.10267e-05	1.07158
0.00130116	144.398	1.10267e-05	1.03243
0.00132321	134.21	1.10267e-05	0.990015
0.00134526	124.619	1.10267e-05	0.957074
0.00136732	115.25	1.10267e-05	0.925115
0.00138937	106.61	1.10267e-05	0.894342
0.00141142	98.1722	1.10267e-05	0.826056
0.00143348	90.4938	1.10267e-05	0.749643
0.00145553	83.2905	1.10267e-05	0.703332
0.00147758	76.4888	1.10267e-05	0.664535
0.00149964	70.1276	1.10267e-05	0.637089
0.00152169	64.2898	1.10267e-05	0.614501
0.00154374	58.7501	1.10267e-05	0.588292
0.0015658	53.9007	1.10267e-05	0.570264
0.00158785	48.9909	1.10267e-05	0.524794
0.0016099	44.6468	1.10267e-05	0.504616
0.00163196	40.3729	1.10267e-05	0.486884
0.00165401	36.5923	1.10267e-05	0.473824
0.00167606	33.164	1.10267e-05	0.459644
0.00169812	29.9594	1.10267e-05	0.449405
0.00172017	27.1411	1.10267e-05	0.439275
0.00174223	24.3577	1.10267e-05	0.427935
0.00176428	21.548	1.10267e-05	0.298178
0.00178633	19.0898	1.10267e-05	0.276021
0.00180839	16.8775	1.10267e-05	0.25869
0.00183044	15.0287	1.10267e-05	0.248367
0.00185249	13.3686	1.10267e-05	0.239487
0.00187455	11.795	1.10267e-05	0.186954
0.0018966	10.3825	1.10267e-05	0.169403
0.00191865	9.14787	1.10267e-05	0.159002
0.00194071	8.03409	1.10267e-05	0.150116
0.00196276	6.99789	1.10267e-05	0.136359
0.00198481	6.11018	1.10267e-05	0.127425
0.00200687	5.29668	1.10267e-05	0.116687
0.00202892	4.59067	1.10267e-05	0.108668
0.00205097	4.00612	1.10267e-05	0.103336
0.00207303	3.41815	1.10267e-05	0.0972117
0.00209508	2.9368	1.10267e-05	0.0913536
0.00211713	2.51517	1.10267e-05	0.0865912
0.00213919	2.14147	1.10267e-05	0.0807695
0.00216124	1.77587	1.10267e-05	0.064425
0.00218329	1.51525	1.10267e-05	0.060259
0.00220535	1.2682	1.10267e-05	0.0545041
0.0022274	1.0402	1.10267e-05	0.0511374
0.00224946	0.88445	1.10267e-05	0.0491501
0.00227151	0.700092	1.10267e-05	0.0435804
0.00229356	0.563362	1.10267e-05	0.0409445
0.00231562	0.4369	1.10267e-05	0.0303161
0.00233767	0.348003	1.10267e-05	0.0280855
0.00235972	0.263575	1.10267e-05	0.0255355
0.00238178	0.207115	1.10267e-05	0.0234422
0.00240383	0.141648	1.10267e-05	0.0148205
0.00242588	0.0910798	1.10267e-05	0.012107
0.00244794	0.0693986	1.10267e-05	0.0111067
0.00246999	0.0456769	1.10267e-05	0.00971191
0.00249204	0.0310742	1.10267e-05	0.00889489
0.0025141	0.0174379	1.10267e-05	0.0075408
0.00253615	0.00327132	1.10267e-05	0.00173235
0.0025582	0.00109363	1.10267e-05	0.00109367
