0	4843.71	9.72093e-06	5665.52
1.94419e-05	2011.99	9.72093e-06	139.496
3.88837e-05	1814.57	9.72093e-06	45.9228
5.83256e-05	1723.93	9.72093e-06	28.0697
7.77674e-05	1660.09	9.72093e-06	21.1222
9.72093e-05	1606.85	9.72093e-06	17.4134
0.000116651	1560.95	9.72093e-06	15.1536
0.000136093	1517.34	9.72093e-06	13.4885
0.000155535	1479.93	9.72093e-06	12.4872
0.000174977	1443.83	9.72093e-06	11.6892
0.000194419	1406.97	9.72093e-06	10.9678
0.00021386	1371.25	9.72093e-06	10.3232
0.000233302	1334.25	9.72093e-06	9.50811
0.000252744	1298.51	9.72093e-06	8.9498
0.000272186	1261.8	9.72093e-06	8.45732
0.000291628	1227	9.72093e-06	8.05826
0.00031107	1193.06	9.72093e-06	7.72326
0.000330512	1156.67	9.72093e-06	7.34959
0.000349954	1121.6	9.72093e-06	7.01854
0.000369395	1085.8	9.72093e-06	6.64955
0.000388837	1048.63	9.72093e-06	6.30085
0.000408279	1011.55	9.72093e-06	5.96548
0.000427721	975.487	9.72093e-06	5.5727
0.000447163	941.459	9.72093e-06	5.31896
0.000466605	907.618	9.72093e-06	5.06272
0.000486047	874.392	9.72093e-06	4.83964
0.000505488	842.589	9.72093e-06	4.63464
0.00052493	810.745	9.72093e-06	4.436
0.000544372	778.793	9.72093e-06	4.24299
0.000563814	747.292	9.72093e-06	4.04756
0.000583256	717.292	9.72093e-06	3.86852
0.000602698	687.639	9.72093e-06	3.6963
0.00062214	658.643	9.72093e-06	3.52331
0.000641581	630.197	9.72093e-06	3.37519
0.000661023	602.505	9.72093e-06	3.23812
0.000680465	574.658	9.72093e-06	3.08919
0.000699907	546.924	9.72093e-06	2.92219
0.000719349	520.595	9.72093e-06	2.79733
0.000738791	494.634	9.72093e-06	2.62559
0.000758233	469.879	9.72093e-06	2.50906
0.000777674	445.867	9.72093e-06	2.3974
0.000797116	423.114	9.72093e-06	2.2995
0.000816558	401.562	9.72093e-06	2.21033
0.000836	380.177	9.72093e-06	2.1204
0.000855442	359.931	9.72093e-06	2.03362
0.000874884	339.745	9.72093e-06	1.94695
0.000894326	320.597	9.72093e-06	1.86594
0.000913767	301.57	9.72093e-06	1.77022
0.000933209	284.058	9.72093e-06	1.70261
0.000952651	267.198	9.72093e-06	1.63781
0.000972093	250.856	9.72093e-06	1.56702
0.000991535	235.782	9.72093e-06	1.51385
0.00101098	220.759	9.72093e-06	1.37273
0.00103042	206.441	9.72093e-06	1.30925
0.00104986	192.818	9.72093e-06	1.25
0.0010693	180.159	9.72093e-06	1.19109
0.00108874	168.604	9.72093e-06	1.14773
0.00110819	157.185	9.72093e-06	1.102
0.00112763	146.333	9.72093e-06	1.05705
0.00114707	136.238	9.72093e-06	1.02231
0.00116651	126.445	9.72093e-06	0.933866
0.00118595	117.181	9.72093e-06	0.888273
0.0012054	108.907	9.72093e-06	0.853498
0.00122484	100.837	9.72093e-06	0.774121
0.00124428	93.159	9.72093e-06	0.74044
0.00126372	85.7344	9.72093e-06	0.698463
0.00128316	78.6785	9.72093e-06	0.666151
0.0013026	72.0684	9.72093e-06	0.618217
0.00132205	66.4497	9.72093e-06	0.596986
0.00134149	60.9583	9.72093e-06	0.550983
0.00136093	56.0018	9.72093e-06	0.530749
0.00138037	51.1475	9.72093e-06	0.509989
0.00139981	46.9377	9.72093e-06	0.492215
0.00141926	42.6292	9.72093e-06	0.444558
0.0014387	39.0133	9.72093e-06	0.426472
0.00145814	35.5752	9.72093e-06	0.408779
0.00147758	32.4831	9.72093e-06	0.396187
0.00149702	29.4436	9.72093e-06	0.378902
0.00151647	26.626	9.72093e-06	0.358684
0.00153591	23.9897	9.72093e-06	0.343028
0.00155535	21.6469	9.72093e-06	0.330624
0.00157479	19.5308	9.72093e-06	0.317261
0.00159423	17.4855	9.72093e-06	0.280807
0.00161367	15.6602	9.72093e-06	0.269991
0.00163312	14.0544	9.72093e-06	0.255999
0.00165256	12.4973	9.72093e-06	0.243923
0.001672	11.0712	9.72093e-06	0.231155
0.00169144	9.59596	9.72093e-06	0.183969
0.00171088	8.4106	9.72093e-06	0.171475
0.00173033	7.36809	9.72093e-06	0.161445
0.00174977	6.51918	9.72093e-06	0.152459
0.00176921	5.68234	9.72093e-06	0.142309
0.00178865	4.87218	9.72093e-06	0.117402
0.00180809	4.23134	9.72093e-06	0.108286
0.00182753	3.63005	9.72093e-06	0.0992793
0.00184698	3.15487	9.72093e-06	0.0941633
0.00186642	2.71949	9.72093e-06	0.088087
0.00188586	2.33012	9.72093e-06	0.0807998
0.0019053	2.00836	9.72093e-06	0.0756151
0.00192474	1.73038	9.72093e-06	0.0702679
0.00194419	1.49015	9.72093e-06	0.0659929
0.00196363	1.21571	9.72093e-06	0.0594061
0.00198307	1.05021	9.72093e-06	0.0564336
0.00200251	0.886596	9.72093e-06	0.051204
0.00202195	0.712343	9.72093e-06	0.0441168
0.0020414	0.589446	9.72093e-06	0.0401902
0.00206084	0.494423	9.72093e-06	0.0380344
0.00208028	0.425646	9.72093e-06	0.0365136
0.00209972	0.310952	9.72093e-06	0.0248901
0.00211916	0.253697	9.72093e-06	0.0229972
0.0021386	0.191725	9.72093e-06	0.0197218
0.00215805	0.147698	9.72093e-06	0.0163406
0.00217749	0.112322	9.72093e-06	0.0145278
0.00219693	0.0806017	9.72093e-06	0.0126548
0.00221637	0.0568229	9.72093e-06	0.0110345
0.00223581	0.0434477	9.72093e-06	0.00971358
0.00225526	0.0359498	9.72093e-06	0.00911682
0.0022747	0.030322	9.72093e-06	0.00883205
0.00229414	0.024815	9.72093e-06	0.00849772
0.00231358	0.0117248	9.72093e-06	0.00487006
0.00233302	0.00458363	9.72093e-06	0.00285162
0.00235247	0.00244428	9.72093e-06	0.00188537
0.00237191	0.000689622	9.72093e-06	0.000689645
0.00239135	0.000689622	9.72093e-06	0.000689645
