6.97042e-06	1898.17	6.97042e-06	26.3311
2.09112e-05	483.648	6.97042e-06	14.6222
3.48521e-05	362.745	6.97042e-06	11.8368
4.87929e-05	372.844	6.97042e-06	44.8589
6.27337e-05	354.697	6.97042e-06	10.3442
7.66746e-05	373.979	6.97042e-06	11.5969
9.06154e-05	389.024	6.97042e-06	11.9495
0.000104556	453.219	6.97042e-06	12.0997
0.000118497	489.96	6.97042e-06	14.165
0.000132438	555.467	6.97042e-06	15.1644
0.000146379	582.247	6.97042e-06	15.2129
0.00016032	639.29	6.97042e-06	16.4399
0.00017426	723.218	6.97042e-06	18.419
0.000188201	724.31	6.97042e-06	21.8132
0.000202142	773.138	6.97042e-06	19.1215
0.000216083	834.627	6.97042e-06	21.0415
0.000230024	877.37	6.97042e-06	18.3711
0.000243965	882.958	6.97042e-06	18.2087
0.000257905	970.584	6.97042e-06	19.2159
0.000271846	1024.82	6.97042e-06	22.1814
0.000285787	1078.45	6.97042e-06	21.1941
0.000299728	1084.16	6.97042e-06	21.3321
0.000313669	1096.27	6.97042e-06	32.8182
0.00032761	1174.48	6.97042e-06	22.4392
0.00034155	1175.09	6.97042e-06	29.8558
0.000355491	1175.14	6.97042e-06	22.2141
0.000369432	1274.95	6.97042e-06	39.8531
0.000383373	1251.8	6.97042e-06	24.0021
0.000397314	1255.81	6.97042e-06	21.7463
0.000411255	1277.15	6.97042e-06	29.5771
0.000425195	1275.51	6.97042e-06	24.2759
0.000439136	1303.78	6.97042e-06	47.2809
0.000453077	1305.7	6.97042e-06	29.5356
0.000467018	1292.91	6.97042e-06	22.4341
0.000480959	1276.02	6.97042e-06	23.0696
0.0004949	1304.89	6.97042e-06	23.184
0.00050884	1294.67	6.97042e-06	22.5778
0.000522781	1254.56	6.97042e-06	21.6568
0.000536722	1284.05	6.97042e-06	22.2958
0.000550663	1281.1	6.97042e-06	47.2218
0.000564604	1276.63	6.97042e-06	28.0722
0.000578545	1248.96	6.97042e-06	22.1557
0.000592485	1230.18	6.97042e-06	27.4571
0.000606426	1210.51	6.97042e-06	21.3629
0.000620367	1169.65	6.97042e-06	20.5386
0.000634308	1170.01	6.97042e-06	22.4664
0.000648249	1096.58	6.97042e-06	20.3238
0.00066219	1118.8	6.97042e-06	28.4364
0.00067613	1062.88	6.97042e-06	21.2914
0.000690071	1024.4	6.97042e-06	20.367
0.000704012	1029.69	6.97042e-06	23.3304
0.000717953	1011.1	6.97042e-06	21.1148
0.000731894	996.905	6.97042e-06	22.4528
0.000745835	956.546	6.97042e-06	19.3768
0.000759775	964.529	6.97042e-06	27.0974
0.000773716	884.031	6.97042e-06	21.1286
0.000787657	856.443	6.97042e-06	18.4476
0.000801598	849.077	6.97042e-06	17.7189
0.000815539	898.308	6.97042e-06	93.9457
0.00082948	758.978	6.97042e-06	19.6609
0.00084342	777.335	6.97042e-06	23.98
0.000857361	723.138	6.97042e-06	19.8364
0.000871302	674.017	6.97042e-06	16.8866
0.000885243	629.991	6.97042e-06	14.8887
0.000899184	632.219	6.97042e-06	17.1206
0.000913125	622.21	6.97042e-06	15.2874
0.000927065	585.376	6.97042e-06	16.2657
0.000941006	598.984	6.97042e-06	27.0855
0.000954947	510.491	6.97042e-06	14.9883
0.000968888	501.548	6.97042e-06	13.2558
0.000982829	503.58	6.97042e-06	14.9669
0.00099677	473.184	6.97042e-06	14.0958
0.00101071	467.436	6.97042e-06	19.5868
0.00102465	418.532	6.97042e-06	16.9073
0.00103859	388.107	6.97042e-06	20.8709
0.00105253	338.976	6.97042e-06	11.2339
0.00106647	350.017	6.97042e-06	26.9861
0.00108041	319.593	6.97042e-06	16.3192
0.00109436	327.643	6.97042e-06	48.3324
0.0011083	251.907	6.97042e-06	9.0216
0.00112224	238.395	6.97042e-06	8.45416
0.00113618	224.209	6.97042e-06	10.5201
0.00115012	206.983	6.97042e-06	8.48887
0.00116406	177.503	6.97042e-06	9.32485
0.001178	167.964	6.97042e-06	8.39604
0.00119194	137.418	6.97042e-06	7.44585
0.00120588	143.567	6.97042e-06	6.99187
0.00121982	137.715	6.97042e-06	8.29086
0.00123376	115.126	6.97042e-06	5.8208
0.0012477	101.074	6.97042e-06	6.05922
0.00126165	96.1071	6.97042e-06	5.95646
0.00127559	83.1127	6.97042e-06	5.71514
0.00128953	76.418	6.97042e-06	6.6059
0.00130347	73.8567	6.97042e-06	5.90798
0.00131741	50.8783	6.97042e-06	3.96049
0.00133135	48.5199	6.97042e-06	4.16035
0.00134529	50.7046	6.97042e-06	5.16253
0.00135923	38.4967	6.97042e-06	4.20117
0.00137317	30.3147	6.97042e-06	2.79132
0.00138711	25.1048	6.97042e-06	3.68303
0.00140105	27.1454	6.97042e-06	3.00722
0.00141499	15.5932	6.97042e-06	2.07465
0.00142894	13.8681	6.97042e-06	1.79933
0.00144288	14.5994	6.97042e-06	2.2668
0.00145682	12.2479	6.97042e-06	2.01553
0.00147076	7.25003	6.97042e-06	1.38636
0.0014847	9.61421	6.97042e-06	1.875
0.00149864	4.18516	6.97042e-06	0.975119
0.00151258	4.42212	6.97042e-06	0.933526
0.00152652	2.77355	6.97042e-06	0.825461
0.00154046	2.07052	6.97042e-06	0.67118
0.0015544	1.24141	6.97042e-06	0.414352
0.00156834	1.15842	6.97042e-06	0.530354
0.00158228	0.138064	6.97042e-06	0.138064
0.00159623	0.205167	6.97042e-06	0.145311
0.00161017	0.456971	6.97042e-06	0.377963
