7.78117e-06	1775.16	7.78117e-06	25.2297
2.33435e-05	379.699	7.78117e-06	10.7128
3.89058e-05	331.588	7.78117e-06	11.2683
5.44682e-05	300.055	7.78117e-06	9.80491
7.00305e-05	334.76	7.78117e-06	10.1198
8.55928e-05	338.278	7.78117e-06	10.4412
0.000101155	379.141	7.78117e-06	12.4426
0.000116717	410.103	7.78117e-06	11.5766
0.00013228	468.08	7.78117e-06	13.4801
0.000147842	503.625	7.78117e-06	18.655
0.000163404	561.298	7.78117e-06	14.3286
0.000178967	595.2	7.78117e-06	19.5983
0.000194529	616.878	7.78117e-06	14.454
0.000210091	629.406	7.78117e-06	13.9128
0.000225654	729.156	7.78117e-06	16.5567
0.000241216	747.096	7.78117e-06	15.3733
0.000256778	764.821	7.78117e-06	19.0205
0.000272341	804.268	7.78117e-06	17.3404
0.000287903	912.097	7.78117e-06	19.8705
0.000303465	907.953	7.78117e-06	18.4824
0.000319028	992.969	7.78117e-06	25.6833
0.00033459	968.805	7.78117e-06	18.0499
0.000350152	1051.72	7.78117e-06	30.4227
0.000365715	1095.06	7.78117e-06	26.4969
0.000381277	1087.73	7.78117e-06	23.4514
0.000396839	1068.7	7.78117e-06	18.4981
0.000412402	1126.95	7.78117e-06	29.427
0.000427964	1120.58	7.78117e-06	23.6932
0.000443526	1174.44	7.78117e-06	22.7163
0.000459089	1171.85	7.78117e-06	28.448
0.000474651	1206.11	7.78117e-06	21.5223
0.000490213	1231.86	7.78117e-06	25.7529
0.000505776	1252.01	7.78117e-06	27.3411
0.000521338	1235.71	7.78117e-06	37.5344
0.0005369	1207.64	7.78117e-06	25.9306
0.000552463	1188.92	7.78117e-06	22.4783
0.000568025	1175.92	7.78117e-06	22.9353
0.000583587	1221.15	7.78117e-06	24.5857
0.00059915	1168.23	7.78117e-06	24.1598
0.000614712	1142.46	7.78117e-06	23.9659
0.000630274	1108.72	7.78117e-06	19.4084
0.000645837	1103.47	7.78117e-06	18.3055
0.000661399	1120.7	7.78117e-06	33.7929
0.000676961	1100.22	7.78117e-06	19.4853
0.000692524	1068.79	7.78117e-06	19.3002
0.000708086	1045.93	7.78117e-06	29.1077
0.000723648	1014.28	7.78117e-06	23.9894
0.000739211	951.879	7.78117e-06	16.983
0.000754773	963.51	7.78117e-06	21.6853
0.000770335	910.734	7.78117e-06	16.649
0.000785898	886.091	7.78117e-06	17.8674
0.00080146	897.439	7.78117e-06	19.7996
0.000817022	868.648	7.78117e-06	17.9194
0.000832585	831.477	7.78117e-06	18.0462
0.000848147	817.052	7.78117e-06	17.5564
0.000863709	781.394	7.78117e-06	18.3074
0.000879272	775.939	7.78117e-06	18.9746
0.000894834	717.151	7.78117e-06	16.6705
0.000910396	744.94	7.78117e-06	23.3876
0.000925959	672.062	7.78117e-06	16.5596
0.000941521	661.988	7.78117e-06	21.7769
0.000957083	628.132	7.78117e-06	16.5307
0.000972646	590.735	7.78117e-06	13.9838
0.000988208	566.997	7.78117e-06	14.2184
0.00100377	556.332	7.78117e-06	17.9102
0.00101933	562.027	7.78117e-06	20.5899
0.00103489	494.935	7.78117e-06	12.0978
0.00105046	453.176	7.78117e-06	11.5966
0.00106602	440.132	7.78117e-06	13.1629
0.00108158	409.701	7.78117e-06	11.519
0.00109714	381.16	7.78117e-06	13.8117
0.00111271	361.454	7.78117e-06	10.635
0.00112827	323.034	7.78117e-06	10.2594
0.00114383	304.8	7.78117e-06	10.384
0.00115939	295.053	7.78117e-06	13.5868
0.00117496	264.3	7.78117e-06	10.8395
0.00119052	239.787	7.78117e-06	8.21557
0.00120608	246.396	7.78117e-06	11.9678
0.00122164	236.618	7.78117e-06	11.8644
0.00123721	225.217	7.78117e-06	17.0261
0.00125277	216.969	7.78117e-06	25.8838
0.00126833	181.881	7.78117e-06	7.58862
0.00128389	171.103	7.78117e-06	7.18197
0.00129945	160.912	7.78117e-06	8.61917
0.00131502	146.844	7.78117e-06	7.42833
0.00133058	134.273	7.78117e-06	9.19599
0.00134614	125.74	7.78117e-06	7.25438
0.0013617	118.968	7.78117e-06	6.25325
0.00137727	100.012	7.78117e-06	6.85519
0.00139283	96.1843	7.78117e-06	8.44721
0.00140839	82.4783	7.78117e-06	4.70901
0.00142395	76.6431	7.78117e-06	5.21576
0.00143952	65.8897	7.78117e-06	3.95176
0.00145508	65.5814	7.78117e-06	4.63338
0.00147064	62.986	7.78117e-06	4.69125
0.0014862	57.65	7.78117e-06	6.39632
0.00150176	45.0119	7.78117e-06	3.69154
0.00151733	51.533	7.78117e-06	7.87375
0.00153289	43.6005	7.78117e-06	4.2974
0.00154845	33.4694	7.78117e-06	2.91778
0.00156401	27.5936	7.78117e-06	2.37525
0.00157958	28.1965	7.78117e-06	2.61881
0.00159514	28.6066	7.78117e-06	3.09084
0.0016107	22.4314	7.78117e-06	2.42453
0.00162626	19.5021	7.78117e-06	2.0316
0.00164183	16.0549	7.78117e-06	2.38535
0.00165739	11.228	7.78117e-06	1.43512
0.00167295	15.2783	7.78117e-06	2.20925
0.00168851	8.9825	7.78117e-06	1.45258
0.00170408	9.17652	7.78117e-06	2.04362
0.00171964	7.47623	7.78117e-06	1.24742
0.0017352	6.23824	7.78117e-06	1.24789
0.00175076	2.87355	7.78117e-06	0.715442
0.00176632	4.65471	7.78117e-06	1.10101
0.00178189	2.67767	7.78117e-06	0.814513
0.00179745	1.93805	7.78117e-06	0.577311
0.00181301	1.6411	7.78117e-06	0.528072
0.00182857	1.39734	7.78117e-06	0.479959
0.00184414	0.714145	7.78117e-06	0.324335
0.0018597	1.45325	7.78117e-06	0.707433
0.00187526	1.09398	7.78117e-06	0.720212
0.00189082	0.179675	7.78117e-06	0.179675
0.00190639	0.489524	7.78117e-06	0.489524
0.00192195	0.142832	7.78117e-06	0.142832
0.00193751	0.111826	7.78117e-06	0.111826
