1.11122e-05	1279.46	1.11122e-05	19.6435
3.33366e-05	264.533	1.11122e-05	11.974
5.5561e-05	208.675	1.11122e-05	7.93453
7.77854e-05	187.784	1.11122e-05	7.03897
0.00010001	164.342	1.11122e-05	6.71413
0.000122234	170.08	1.11122e-05	7.02749
0.000144459	168.867	1.11122e-05	6.1336
0.000166683	159.972	1.11122e-05	6.29994
0.000188907	184.227	1.11122e-05	6.62955
0.000211132	208.579	1.11122e-05	8.90358
0.000233356	205.77	1.11122e-05	9.74143
0.000255581	235.356	1.11122e-05	7.36306
0.000277805	245.267	1.11122e-05	7.72975
0.000300029	290.005	1.11122e-05	19.4904
0.000322254	296.479	1.11122e-05	8.84359
0.000344478	313.718	1.11122e-05	14.9097
0.000366703	318.498	1.11122e-05	8.67653
0.000388927	363.714	1.11122e-05	12.8285
0.000411151	381.331	1.11122e-05	13.2453
0.000433376	386.169	1.11122e-05	9.30621
0.0004556	432.281	1.11122e-05	12.1435
0.000477825	448.781	1.11122e-05	13.1692
0.000500049	491.196	1.11122e-05	11.9149
0.000522273	526.686	1.11122e-05	12.4008
0.000544498	522.237	1.11122e-05	12.2151
0.000566722	536.352	1.11122e-05	10.3345
0.000588947	599.221	1.11122e-05	14.4427
0.000611171	609.242	1.11122e-05	17.1424
0.000633395	644.87	1.11122e-05	19.3432
0.00065562	657.884	1.11122e-05	12.4634
0.000677844	690.123	1.11122e-05	12.8269
0.000700069	758.797	1.11122e-05	31.4636
0.000722293	736.216	1.11122e-05	13.5112
0.000744517	753.435	1.11122e-05	18.6528
0.000766742	737.358	1.11122e-05	13.0703
0.000788966	775.12	1.11122e-05	13.8098
0.000811191	786.328	1.11122e-05	13.7393
0.000833415	795.069	1.11122e-05	15.6405
0.000855639	835.829	1.11122e-05	30.8107
0.000877864	835.95	1.11122e-05	14.2276
0.000900088	833.473	1.11122e-05	13.8695
0.000922313	874.159	1.11122e-05	18.3087
0.000944537	873.308	1.11122e-05	20.0907
0.000966761	840.608	1.11122e-05	13.3853
0.000988986	836.772	1.11122e-05	20.8027
0.00101121	842.529	1.11122e-05	16.9424
0.00103343	815.272	1.11122e-05	14.1623
0.00105566	835.467	1.11122e-05	26.1021
0.00107788	808.279	1.11122e-05	15.5678
0.00110011	810.867	1.11122e-05	13.2245
0.00112233	819.527	1.11122e-05	16.8124
0.00114456	817.954	1.11122e-05	20.365
0.00116678	782.023	1.11122e-05	15.9829
0.00118901	765.746	1.11122e-05	14.0525
0.00121123	755.692	1.11122e-05	17.5218
0.00123345	733.565	1.11122e-05	15.3545
0.00125568	735.31	1.11122e-05	18.4312
0.0012779	711.485	1.11122e-05	23.1956
0.00130013	647.658	1.11122e-05	13.8856
0.00132235	660.683	1.11122e-05	12.7695
0.00134458	643.343	1.11122e-05	15.2209
0.0013668	624.09	1.11122e-05	20.7137
0.00138903	564.795	1.11122e-05	11.7164
0.00141125	556.782	1.11122e-05	14.8573
0.00143347	545.55	1.11122e-05	27.602
0.0014557	507.766	1.11122e-05	11.134
0.00147792	471.089	1.11122e-05	11.135
0.00150015	421.35	1.11122e-05	9.54947
0.00152237	430.578	1.11122e-05	11.7393
0.0015446	400.719	1.11122e-05	10.1268
0.00156682	361.018	1.11122e-05	8.4901
0.00158904	363.04	1.11122e-05	8.98921
0.00161127	347.773	1.11122e-05	9.37358
0.00163349	328.442	1.11122e-05	10.459
0.00165572	285.68	1.11122e-05	7.87902
0.00167794	286.085	1.11122e-05	9.86845
0.00170017	260.317	1.11122e-05	8.86416
0.00172239	232.104	1.11122e-05	7.08942
0.00174462	211.888	1.11122e-05	6.46777
0.00176684	192.217	1.11122e-05	6.98466
0.00178906	191.615	1.11122e-05	7.94602
0.00181129	168.693	1.11122e-05	6.21774
0.00183351	166.99	1.11122e-05	9.17708
0.00185574	148.104	1.11122e-05	6.38908
0.00187796	133.128	1.11122e-05	5.37887
0.00190019	117.848	1.11122e-05	4.82158
0.00192241	126.835	1.11122e-05	15.8885
0.00194464	102.279	1.11122e-05	4.49
0.00196686	85.0978	1.11122e-05	3.8598
0.00198908	82.2488	1.11122e-05	4.82583
0.00201131	77.6097	1.11122e-05	4.52048
0.00203353	68.5405	1.11122e-05	3.87291
0.00205576	59.2153	1.11122e-05	3.50144
0.00207798	54.2342	1.11122e-05	3.39702
0.00210021	61.3654	1.11122e-05	8.13641
0.00212243	37.2437	1.11122e-05	2.44222
0.00214465	32.5917	1.11122e-05	2.32314
0.00216688	33.8438	1.11122e-05	2.60326
0.0021891	30.2007	1.11122e-05	2.93345
0.00221133	27.5908	1.11122e-05	2.03034
0.00223355	22.9542	1.11122e-05	2.17446
0.00225578	25.8175	1.11122e-05	4.09987
0.002278	18.1567	1.11122e-05	3.65178
0.00230023	15.8093	1.11122e-05	3.6775
0.00232245	13.3509	1.11122e-05	1.48858
0.00234467	11.9983	1.11122e-05	1.45884
0.0023669	9.22751	1.11122e-05	1.26906
0.00238912	7.58058	1.11122e-05	1.32399
0.00241135	7.38277	1.11122e-05	1.18877
0.00243357	5.87605	1.11122e-05	1.41166
0.0024558	3.51506	1.11122e-05	0.703764
0.00247802	1.8537	1.11122e-05	0.435017
0.00250025	3.0879	1.11122e-05	0.948625
0.00252247	1.29637	1.11122e-05	0.391052
0.00254469	1.5101	1.11122e-05	0.858852
0.00256692	0.0978066	1.11122e-05	0.0978066
