0	2781.53	1.76332e-05	2746.12
3.52665e-05	1409.29	1.76332e-05	88.4481
7.0533e-05	1286.63	1.76332e-05	32.6976
0.000105799	1224.35	1.76332e-05	20.895
0.000141066	1182.71	1.76332e-05	17.0557
0.000176332	1148.66	1.76332e-05	15.2068
0.000211599	1115.94	1.76332e-05	13.7202
0.000246865	1083.94	1.76332e-05	12.717
0.000282132	1053.04	1.76332e-05	11.9313
0.000317398	1022.6	1.76332e-05	11.3131
0.000352665	991.553	1.76332e-05	10.7288
0.000387931	959.306	1.76332e-05	10.204
0.000423198	929.762	1.76332e-05	9.8074
0.000458464	896.353	1.76332e-05	9.36768
0.000493731	862.821	1.76332e-05	8.95361
0.000528997	826.658	1.76332e-05	8.48829
0.000564264	791.547	1.76332e-05	8.08992
0.00059953	757.761	1.76332e-05	7.74904
0.000634797	722.227	1.76332e-05	7.39389
0.000670063	687.289	1.76332e-05	7.07865
0.00070533	650.547	1.76332e-05	6.71964
0.000740596	616.497	1.76332e-05	6.44092
0.000775863	582.136	1.76332e-05	6.16803
0.000811129	547.476	1.76332e-05	5.8592
0.000846396	513.79	1.76332e-05	5.60594
0.000881662	479	1.76332e-05	4.92398
0.000916929	448.364	1.76332e-05	4.70743
0.000952195	418.473	1.76332e-05	4.51028
0.000987461	386.132	1.76332e-05	4.26821
0.00102273	356.462	1.76332e-05	4.04333
0.00105799	327.338	1.76332e-05	3.84351
0.00109326	296.087	1.76332e-05	3.0615
0.00112853	269.161	1.76332e-05	2.69738
0.00116379	244.629	1.76332e-05	2.51265
0.00119906	221.411	1.76332e-05	2.32968
0.00123433	201.05	1.76332e-05	2.19247
0.00126959	181.138	1.76332e-05	2.03466
0.00130486	162.099	1.76332e-05	1.88815
0.00134013	144.623	1.76332e-05	1.75342
0.00137539	128.69	1.76332e-05	1.62745
0.00141066	114.023	1.76332e-05	1.49804
0.00144593	100.888	1.76332e-05	1.39695
0.00148119	88.6045	1.76332e-05	1.29516
0.00151646	78.1734	1.76332e-05	1.21149
0.00155173	68.6849	1.76332e-05	1.14201
0.00158699	59.7591	1.76332e-05	1.0442
0.00162226	52.0919	1.76332e-05	0.983656
0.00165752	44.4275	1.76332e-05	0.858668
0.00169279	37.8152	1.76332e-05	0.784424
0.00172806	32.6572	1.76332e-05	0.735663
0.00176332	27.7376	1.76332e-05	0.673801
0.00179859	23.6769	1.76332e-05	0.643329
0.00183386	20.2787	1.76332e-05	0.599072
0.00186912	16.7883	1.76332e-05	0.559267
0.00190439	14.2744	1.76332e-05	0.534664
0.00193966	12.3018	1.76332e-05	0.517752
0.00197492	10.0987	1.76332e-05	0.47039
0.00201019	8.30672	1.76332e-05	0.448649
0.00204546	6.78754	1.76332e-05	0.43118
0.00208072	5.16332	1.76332e-05	0.297482
0.00211599	4.15448	1.76332e-05	0.28152
0.00215126	2.95197	1.76332e-05	0.190552
0.00218652	2.25983	1.76332e-05	0.160103
0.00222179	1.73395	1.76332e-05	0.14704
0.00225705	1.26037	1.76332e-05	0.114669
0.00229232	0.890651	1.76332e-05	0.0897723
0.00232759	0.553555	1.76332e-05	0.0741909
0.00236285	0.40868	1.76332e-05	0.0669467
0.00239812	0.286126	1.76332e-05	0.0585321
0.00243339	0.125273	1.76332e-05	0.0255163
0.00246865	0.0563776	1.76332e-05	0.0181151
0.00250392	0.0170519	1.76332e-05	0.00886126
0.00253919	0.00375263	1.76332e-05	0.00375299
