0	3194.08	1.76821e-05	3508.89
3.53642e-05	1440.58	1.76821e-05	107.251
7.07285e-05	1289.37	1.76821e-05	35.4144
0.000106093	1221.31	1.76821e-05	22.382
0.000141457	1172.7	1.76821e-05	17.3095
0.000176821	1135.1	1.76821e-05	15.0234
0.000212185	1099.03	1.76821e-05	13.3655
0.00024755	1067.2	1.76821e-05	12.336
0.000282914	1037.28	1.76821e-05	11.5354
0.000318278	1009.42	1.76821e-05	10.9936
0.000353642	982.058	1.76821e-05	10.5461
0.000389007	950.064	1.76821e-05	9.84831
0.000424371	920.574	1.76821e-05	9.4513
0.000459735	889.419	1.76821e-05	9.03911
0.000495099	853.951	1.76821e-05	8.50367
0.000530464	820.941	1.76821e-05	8.10917
0.000565828	786.523	1.76821e-05	7.70438
0.000601192	751.288	1.76821e-05	7.2756
0.000636556	716.149	1.76821e-05	6.88821
0.000671921	682.496	1.76821e-05	6.58384
0.000707285	647.32	1.76821e-05	6.18063
0.000742649	612.33	1.76821e-05	5.86165
0.000778013	576.97	1.76821e-05	5.52746
0.000813378	542.934	1.76821e-05	5.25165
0.000848742	508.941	1.76821e-05	4.95346
0.000884106	476.048	1.76821e-05	4.70222
0.00091947	443.526	1.76821e-05	4.36085
0.000954834	411.038	1.76821e-05	4.09404
0.000990199	379.218	1.76821e-05	3.77543
0.00102556	350.207	1.76821e-05	3.56754
0.00106093	322.29	1.76821e-05	3.33695
0.00109629	293.823	1.76821e-05	3.10735
0.00113166	267.824	1.76821e-05	2.92883
0.00116702	241.941	1.76821e-05	2.71294
0.00120238	217.051	1.76821e-05	2.43765
0.00123775	195.495	1.76821e-05	2.25358
0.00127311	175.294	1.76821e-05	2.08591
0.00130848	156.37	1.76821e-05	1.95994
0.00134384	139.85	1.76821e-05	1.86037
0.00137921	124.429	1.76821e-05	1.76563
0.00141457	109.448	1.76821e-05	1.63808
0.00144993	97.0173	1.76821e-05	1.56238
0.0014853	85.5936	1.76821e-05	1.50312
0.00152066	74.9008	1.76821e-05	1.44286
0.00155603	65.485	1.76821e-05	1.3912
0.00159139	55.908	1.76821e-05	1.12028
0.00162676	47.7386	1.76821e-05	1.03056
0.00166212	40.8538	1.76821e-05	0.987269
0.00169748	34.5495	1.76821e-05	0.68619
0.00173285	29.5122	1.76821e-05	0.644179
0.00176821	24.8787	1.76821e-05	0.608451
0.00180358	20.882	1.76821e-05	0.570561
0.00183894	17.2236	1.76821e-05	0.489357
0.0018743	13.9354	1.76821e-05	0.342125
0.00190967	11.3778	1.76821e-05	0.316984
0.00194503	9.03987	1.76821e-05	0.272658
0.0019804	7.24649	1.76821e-05	0.21023
0.00201576	5.7706	1.76821e-05	0.169791
0.00205113	4.64077	1.76821e-05	0.147214
0.00208649	3.74925	1.76821e-05	0.131094
0.00212185	3.1131	1.76821e-05	0.120694
0.00215722	2.50695	1.76821e-05	0.107518
0.00219258	1.98208	1.76821e-05	0.0941854
0.00222795	1.48681	1.76821e-05	0.0816739
0.00226331	1.02248	1.76821e-05	0.0667537
0.00229868	0.699201	1.76821e-05	0.0545171
0.00233404	0.475908	1.76821e-05	0.0467511
0.0023694	0.317503	1.76821e-05	0.0399339
0.00240477	0.210821	1.76821e-05	0.0353901
0.00244013	0.122487	1.76821e-05	0.0297866
0.0024755	0.0444596	1.76821e-05	0.0104915
0.00251086	0.0242941	1.76821e-05	0.00768982
0.00254623	0.00235647	1.76821e-05	0.00235669
