0	2727.82	1.71482e-05	2546.03
3.42964e-05	1455.56	1.71482e-05	78.6755
6.85929e-05	1347.58	1.71482e-05	31.3378
0.000102889	1293.78	1.71482e-05	22.6514
0.000137186	1249.82	1.71482e-05	18.7182
0.000171482	1210.33	1.71482e-05	16.4256
0.000205779	1175.55	1.71482e-05	15.0832
0.000240075	1140.14	1.71482e-05	13.9651
0.000274372	1107.51	1.71482e-05	13.1955
0.000308668	1073.37	1.71482e-05	12.4753
0.000342964	1037.32	1.71482e-05	11.7799
0.000377261	1000.62	1.71482e-05	11.1605
0.000411557	964.932	1.71482e-05	10.64
0.000445854	924.311	1.71482e-05	9.97715
0.00048015	887.23	1.71482e-05	9.52534
0.000514447	850.847	1.71482e-05	9.1199
0.000548743	812.727	1.71482e-05	8.69803
0.00058304	773.493	1.71482e-05	8.28909
0.000617336	733.217	1.71482e-05	7.81762
0.000651633	694.569	1.71482e-05	7.26753
0.000685929	656.738	1.71482e-05	6.90903
0.000720225	620.264	1.71482e-05	6.60017
0.000754522	583.339	1.71482e-05	6.29813
0.000788818	546.425	1.71482e-05	5.99892
0.000823115	511.58	1.71482e-05	5.74008
0.000857411	476.167	1.71482e-05	5.4141
0.000891708	442.874	1.71482e-05	5.14929
0.000926004	411.795	1.71482e-05	4.94596
0.000960301	382.248	1.71482e-05	4.76885
0.000994597	353.837	1.71482e-05	4.60906
0.00102889	325.957	1.71482e-05	4.45013
0.00106319	299.222	1.71482e-05	4.291
0.00109749	274.289	1.71482e-05	4.14571
0.00113178	251.688	1.71482e-05	4.03705
0.00116608	228.914	1.71482e-05	3.91248
0.00120038	208.287	1.71482e-05	3.81332
0.00123467	186.315	1.71482e-05	3.09209
0.00126897	168.102	1.71482e-05	2.98761
0.00130327	149.487	1.71482e-05	2.87477
0.00133756	133.808	1.71482e-05	2.79432
0.00137186	117.364	1.71482e-05	2.01883
0.00140615	104.568	1.71482e-05	1.94676
0.00144045	92.0143	1.71482e-05	1.82644
0.00147475	80.7523	1.71482e-05	1.73019
0.00150904	70.1676	1.71482e-05	1.63326
0.00154334	60.6089	1.71482e-05	1.54836
0.00157764	52.1956	1.71482e-05	1.45501
0.00161193	45.155	1.71482e-05	1.41314
0.00164623	39.1002	1.71482e-05	1.35976
0.00168053	33.7046	1.71482e-05	1.32093
0.00171482	28.8237	1.71482e-05	1.27348
0.00174912	24.7146	1.71482e-05	1.24624
0.00178342	20.2361	1.71482e-05	1.18185
0.00181771	15.9222	1.71482e-05	0.661615
0.00185201	13.2049	1.71482e-05	0.620804
0.0018863	10.696	1.71482e-05	0.443159
0.0019206	8.63106	1.71482e-05	0.345523
0.0019549	6.92766	1.71482e-05	0.313487
0.00198919	5.53595	1.71482e-05	0.270861
0.00202349	4.40859	1.71482e-05	0.243337
0.00205779	3.57521	1.71482e-05	0.218171
0.00209208	2.68252	1.71482e-05	0.171657
0.00212638	2.2425	1.71482e-05	0.158956
0.00216068	1.70683	1.71482e-05	0.142047
0.00219497	1.39154	1.71482e-05	0.13293
0.00222927	0.936066	1.71482e-05	0.10061
0.00226357	0.695699	1.71482e-05	0.091718
0.00229786	0.553115	1.71482e-05	0.0855966
0.00233216	0.394203	1.71482e-05	0.0777025
0.00236645	0.236966	1.71482e-05	0.0615624
0.00240075	0.146063	1.71482e-05	0.0455874
0.00243505	0.0705204	1.71482e-05	0.0383462
0.00246934	0.00998747	1.71482e-05	0.00998839
0.00250364	0.00998747	1.71482e-05	0.00998839
