0	2890.31	1.62525e-05	2534.9
3.25049e-05	1623.72	1.62525e-05	86.4986
6.50099e-05	1508.37	1.62525e-05	39.0293
9.75148e-05	1440.74	1.62525e-05	27.8438
0.00013002	1382.46	1.62525e-05	22.0536
0.000162525	1340.01	1.62525e-05	19.8529
0.00019503	1294.45	1.62525e-05	17.9509
0.000227535	1249.98	1.62525e-05	16.389
0.00026004	1205.97	1.62525e-05	15.1751
0.000292545	1161.62	1.62525e-05	14.1547
0.000325049	1118.83	1.62525e-05	13.2991
0.000357554	1077.6	1.62525e-05	12.6375
0.000390059	1034.74	1.62525e-05	11.9969
0.000422564	987.936	1.62525e-05	11.3011
0.000455069	942.803	1.62525e-05	10.6294
0.000487574	897.553	1.62525e-05	10.047
0.000520079	852.104	1.62525e-05	9.50054
0.000552584	801.94	1.62525e-05	8.49518
0.000585089	759.622	1.62525e-05	7.99885
0.000617594	717.988	1.62525e-05	7.58431
0.000650099	675.379	1.62525e-05	7.14669
0.000682604	632.382	1.62525e-05	6.60952
0.000715109	591.565	1.62525e-05	6.21647
0.000747614	550.392	1.62525e-05	5.77921
0.000780119	512.158	1.62525e-05	5.4104
0.000812624	476.992	1.62525e-05	5.13684
0.000845129	441.36	1.62525e-05	4.84191
0.000877634	405.713	1.62525e-05	4.52321
0.000910139	374.059	1.62525e-05	4.25613
0.000942643	343.074	1.62525e-05	3.99652
0.000975148	314.268	1.62525e-05	3.7973
0.00100765	285.327	1.62525e-05	3.51719
0.00104016	260.406	1.62525e-05	3.30878
0.00107266	236.59	1.62525e-05	3.13196
0.00110517	214.363	1.62525e-05	2.96776
0.00113767	192.173	1.62525e-05	2.74649
0.00117018	172.968	1.62525e-05	2.60527
0.00120268	154.917	1.62525e-05	2.43933
0.00123519	137.453	1.62525e-05	2.27941
0.00126769	123.53	1.62525e-05	2.1925
0.0013002	110.08	1.62525e-05	2.04557
0.0013327	98.0677	1.62525e-05	1.96453
0.00136521	86.7851	1.62525e-05	1.88701
0.00139771	77.2377	1.62525e-05	1.83479
0.00143022	68.0853	1.62525e-05	1.7747
0.00146272	59.554	1.62525e-05	1.70644
0.00149523	50.9158	1.62525e-05	1.28803
0.00152773	44.5883	1.62525e-05	1.23304
0.00156024	37.808	1.62525e-05	1.05204
0.00159274	32.14	1.62525e-05	0.930887
0.00162525	27.4961	1.62525e-05	0.872514
0.00165775	23.6649	1.62525e-05	0.830973
0.00169026	20.0679	1.62525e-05	0.790165
0.00172276	16.6633	1.62525e-05	0.720567
0.00175527	14.0494	1.62525e-05	0.681227
0.00178777	12.1396	1.62525e-05	0.661195
0.00182028	10.0024	1.62525e-05	0.618569
0.00185278	8.06781	1.62525e-05	0.592696
0.00188529	6.1394	1.62525e-05	0.435036
0.00191779	5.03953	1.62525e-05	0.419809
0.0019503	4.07847	1.62525e-05	0.386621
0.0019828	3.18067	1.62525e-05	0.353301
0.00201531	2.42438	1.62525e-05	0.33413
0.00204781	1.95706	1.62525e-05	0.324896
0.00208032	1.52109	1.62525e-05	0.312026
0.00211282	1.20969	1.62525e-05	0.306266
0.00214533	0.932657	1.62525e-05	0.290187
0.00217783	0.691348	1.62525e-05	0.279563
0.00221034	0.47389	1.62525e-05	0.259901
0.00224284	0.409839	1.62525e-05	0.258376
0.00227535	0.349574	1.62525e-05	0.257394
0.00230785	0.0541461	1.62525e-05	0.0263053
0.00234036	0.0256695	1.62525e-05	0.0183281
