0	3786.09	1.2851e-05	3264.35
2.5702e-05	2154.99	1.2851e-05	111.704
5.14039e-05	2007.98	1.2851e-05	53.1302
7.71059e-05	1918.95	1.2851e-05	38.9801
0.000102808	1845.99	1.2851e-05	32.7364
0.00012851	1776.36	1.2851e-05	28.7063
0.000154212	1709.31	1.2851e-05	25.7452
0.000179914	1642.86	1.2851e-05	23.43
0.000205616	1579.27	1.2851e-05	21.6724
0.000231318	1517.89	1.2851e-05	20.2698
0.00025702	1450.93	1.2851e-05	18.8728
0.000282722	1387.05	1.2851e-05	17.7557
0.000308424	1317.92	1.2851e-05	16.5479
0.000334126	1249.15	1.2851e-05	15.4718
0.000359828	1182.22	1.2851e-05	14.4629
0.00038553	1119.06	1.2851e-05	13.6521
0.000411232	1051.7	1.2851e-05	12.6833
0.000436933	990.511	1.2851e-05	12.0054
0.000462635	931.502	1.2851e-05	11.4099
0.000488337	874.127	1.2851e-05	10.842
0.000514039	817.013	1.2851e-05	10.2986
0.000539741	762.026	1.2851e-05	9.77908
0.000565443	710.089	1.2851e-05	9.16636
0.000591145	659.169	1.2851e-05	8.77299
0.000616847	608.127	1.2851e-05	8.32117
0.000642549	561.255	1.2851e-05	7.61787
0.000668251	517.174	1.2851e-05	7.27592
0.000693953	476.922	1.2851e-05	6.98055
0.000719655	438.865	1.2851e-05	6.75229
0.000745357	401.322	1.2851e-05	6.50915
0.000771059	362.531	1.2851e-05	5.88067
0.000796761	330.068	1.2851e-05	5.60984
0.000822463	299.205	1.2851e-05	5.39646
0.000848165	274.089	1.2851e-05	5.27597
0.000873867	249.003	1.2851e-05	5.14465
0.000899569	222.068	1.2851e-05	4.68007
0.000925271	199.912	1.2851e-05	4.57119
0.000950973	179.625	1.2851e-05	4.46411
0.000976675	161.174	1.2851e-05	4.36557
0.00100238	138.729	1.2851e-05	2.2742
0.00102808	122.443	1.2851e-05	2.13092
0.00105378	108.423	1.2851e-05	2.01691
0.00107948	95.6883	1.2851e-05	1.89252
0.00110518	85.8202	1.2851e-05	1.82747
0.00113089	76.1243	1.2851e-05	1.7396
0.00115659	67.4684	1.2851e-05	1.66043
0.00118229	59.4459	1.2851e-05	1.60017
0.00120799	50.9101	1.2851e-05	1.31848
0.00123369	42.9965	1.2851e-05	1.14776
0.0012594	36.5046	1.2851e-05	0.995917
0.0012851	31.3118	1.2851e-05	0.920341
0.0013108	26.7649	1.2851e-05	0.848691
0.0013365	22.6771	1.2851e-05	0.777046
0.0013622	19.5259	1.2851e-05	0.736586
0.00138791	16.6564	1.2851e-05	0.686761
0.00141361	14.2214	1.2851e-05	0.648948
0.00143931	11.9058	1.2851e-05	0.598829
0.00146501	9.87514	1.2851e-05	0.560771
0.00149071	7.98134	1.2851e-05	0.499213
0.00151642	6.73882	1.2851e-05	0.466451
0.00154212	5.44675	1.2851e-05	0.385002
0.00156782	4.64902	1.2851e-05	0.369565
0.00159352	3.61997	1.2851e-05	0.329227
0.00161922	2.80452	1.2851e-05	0.299266
0.00164493	2.28179	1.2851e-05	0.285671
0.00167063	1.76637	1.2851e-05	0.263408
0.00169633	1.3642	1.2851e-05	0.246014
0.00172203	1.06734	1.2851e-05	0.229316
0.00174773	0.816421	1.2851e-05	0.210674
0.00177344	0.596145	1.2851e-05	0.196459
0.00179914	0.184578	1.2851e-05	0.0988971
0.00182484	0.166515	1.2851e-05	0.0972332
0.00185054	0.0894086	1.2851e-05	0.0894171
