0	2750.79	1.68931e-05	2526.26
3.37863e-05	1488.39	1.68931e-05	75.6246
6.75725e-05	1387.55	1.68931e-05	34.3219
0.000101359	1326.94	1.68931e-05	23.2098
0.000135145	1285.72	1.68931e-05	19.8945
0.000168931	1245.8	1.68931e-05	17.5937
0.000202718	1208.87	1.68931e-05	16.1535
0.000236504	1169.5	1.68931e-05	14.7403
0.00027029	1134.87	1.68931e-05	13.9093
0.000304076	1097.94	1.68931e-05	13.1252
0.000337863	1059.16	1.68931e-05	12.3725
0.000371649	1020.15	1.68931e-05	11.7166
0.000405435	982.831	1.68931e-05	11.2004
0.000439221	945.95	1.68931e-05	10.7317
0.000473008	904.611	1.68931e-05	10.1004
0.000506794	864.783	1.68931e-05	9.56302
0.00054058	824.826	1.68931e-05	9.12046
0.000574367	785.727	1.68931e-05	8.73643
0.000608153	746.814	1.68931e-05	8.36816
0.000641939	706.68	1.68931e-05	7.72313
0.000675725	667.836	1.68931e-05	7.3836
0.000709512	629.7	1.68931e-05	7.05603
0.000743298	591.946	1.68931e-05	6.7452
0.000777084	555.642	1.68931e-05	6.47266
0.00081087	519.494	1.68931e-05	6.17646
0.000844657	479.826	1.68931e-05	5.42467
0.000878443	443.965	1.68931e-05	4.72994
0.000912229	411.493	1.68931e-05	4.42465
0.000946015	379.191	1.68931e-05	4.16326
0.000979802	349.231	1.68931e-05	3.89298
0.00101359	319.859	1.68931e-05	3.62008
0.00104737	292.368	1.68931e-05	3.40594
0.00108116	266.254	1.68931e-05	3.18506
0.00111495	242.636	1.68931e-05	3.01918
0.00114873	219.926	1.68931e-05	2.84087
0.00118252	201.132	1.68931e-05	2.72775
0.00121631	180.488	1.68931e-05	2.21543
0.00125009	162.121	1.68931e-05	2.0629
0.00128388	144.267	1.68931e-05	1.86393
0.00131766	128.703	1.68931e-05	1.7033
0.00135145	114.152	1.68931e-05	1.57017
0.00138524	100.775	1.68931e-05	1.44497
0.00141902	89.1782	1.68931e-05	1.34533
0.00145281	78.4091	1.68931e-05	1.24999
0.0014866	69.3851	1.68931e-05	1.17492
0.00152038	60.272	1.68931e-05	1.08132
0.00155417	51.9483	1.68931e-05	0.981571
0.00158795	45.4128	1.68931e-05	0.908641
0.00162174	39.0391	1.68931e-05	0.837764
0.00165553	33.4515	1.68931e-05	0.773305
0.00168931	28.2994	1.68931e-05	0.696531
0.0017231	23.9869	1.68931e-05	0.635569
0.00175689	20.5851	1.68931e-05	0.584739
0.00179067	17.1723	1.68931e-05	0.519377
0.00182446	14.5472	1.68931e-05	0.479935
0.00185824	12.3242	1.68931e-05	0.453235
0.00189203	10.1869	1.68931e-05	0.419763
0.00192582	8.68189	1.68931e-05	0.397614
0.0019596	7.1699	1.68931e-05	0.375084
0.00199339	5.91897	1.68931e-05	0.330767
0.00202718	4.7918	1.68931e-05	0.30462
0.00206096	3.79326	1.68931e-05	0.257483
0.00209475	2.92346	1.68931e-05	0.226611
0.00212853	2.13413	1.68931e-05	0.188898
0.00216232	1.48442	1.68931e-05	0.153191
0.00219611	1.0348	1.68931e-05	0.125071
0.00222989	0.77215	1.68931e-05	0.111951
0.00226368	0.533243	1.68931e-05	0.0932245
0.00229747	0.312245	1.68931e-05	0.0581034
0.00233125	0.211249	1.68931e-05	0.0505536
0.00236504	0.141429	1.68931e-05	0.0442472
0.00239883	0.103802	1.68931e-05	0.0400884
0.00243261	0.0513758	1.68931e-05	0.0310963
0.0024664	0.0295938	1.68931e-05	0.0269483
0.00250018	0.0295938	1.68931e-05	0.0269483
