0	2907.53	1.75622e-05	3045.33
3.51244e-05	1385.56	1.75622e-05	84.0188
7.02489e-05	1269.82	1.75622e-05	32.7593
0.000105373	1206.59	1.75622e-05	20.4248
0.000140498	1163.52	1.75622e-05	16.1521
0.000175622	1127.62	1.75622e-05	13.8837
0.000210747	1100.9	1.75622e-05	12.9356
0.000245871	1071.38	1.75622e-05	12.0146
0.000280996	1043.54	1.75622e-05	11.3263
0.00031612	1013.93	1.75622e-05	10.6882
0.000351244	983.788	1.75622e-05	10.0886
0.000386369	956.141	1.75622e-05	9.68388
0.000421493	926.883	1.75622e-05	9.2532
0.000456618	895.279	1.75622e-05	8.79196
0.000491742	863.562	1.75622e-05	8.3825
0.000526867	832.206	1.75622e-05	7.97754
0.000561991	799.106	1.75622e-05	7.61886
0.000597116	765.291	1.75622e-05	7.25501
0.00063224	728.717	1.75622e-05	6.83001
0.000667364	693.696	1.75622e-05	6.48026
0.000702489	658.753	1.75622e-05	6.13606
0.000737613	626.764	1.75622e-05	5.87875
0.000772738	592.548	1.75622e-05	5.57733
0.000807862	558.095	1.75622e-05	5.27382
0.000842987	525.097	1.75622e-05	5.01544
0.000878111	491.486	1.75622e-05	4.71808
0.000913236	457.457	1.75622e-05	4.38224
0.00094836	426.495	1.75622e-05	4.1469
0.000983484	395.094	1.75622e-05	3.90314
0.00101861	363.826	1.75622e-05	3.62993
0.00105373	333.539	1.75622e-05	3.34885
0.00108886	305.253	1.75622e-05	3.14873
0.00112398	278.645	1.75622e-05	2.9394
0.00115911	251.583	1.75622e-05	2.55651
0.00119423	228.062	1.75622e-05	2.36099
0.00122936	206.732	1.75622e-05	2.19066
0.00126448	185.929	1.75622e-05	2.00895
0.0012996	166.472	1.75622e-05	1.85172
0.00133473	148.186	1.75622e-05	1.70004
0.00136985	131.765	1.75622e-05	1.5499
0.00140498	117.252	1.75622e-05	1.4444
0.0014401	104.021	1.75622e-05	1.35497
0.00147523	91.7079	1.75622e-05	1.21247
0.00151035	80.9066	1.75622e-05	1.13248
0.00154548	71.3171	1.75622e-05	1.0641
0.0015806	61.9842	1.75622e-05	0.99215
0.00161572	53.688	1.75622e-05	0.921917
0.00165085	46.1092	1.75622e-05	0.821078
0.00168597	39.1366	1.75622e-05	0.749405
0.0017211	33.5446	1.75622e-05	0.697812
0.00175622	28.4934	1.75622e-05	0.601108
0.00179135	24.009	1.75622e-05	0.519711
0.00182647	20.0444	1.75622e-05	0.468221
0.0018616	16.7627	1.75622e-05	0.427528
0.00189672	13.8212	1.75622e-05	0.379614
0.00193184	11.375	1.75622e-05	0.33193
0.00196697	9.1668	1.75622e-05	0.295407
0.00200209	7.65299	1.75622e-05	0.271541
0.00203722	6.18234	1.75622e-05	0.25162
0.00207234	5.07327	1.75622e-05	0.236146
0.00210747	3.95191	1.75622e-05	0.213374
0.00214259	3.16042	1.75622e-05	0.201613
0.00217772	2.4268	1.75622e-05	0.18563
0.00221284	1.68038	1.75622e-05	0.117591
0.00224796	1.19143	1.75622e-05	0.0825221
0.00228309	0.846021	1.75622e-05	0.0638325
0.00231821	0.619567	1.75622e-05	0.0547317
0.00235334	0.417788	1.75622e-05	0.0438841
0.00238846	0.27866	1.75622e-05	0.0360653
0.00242359	0.179249	1.75622e-05	0.0282696
0.00245871	0.075906	1.75622e-05	0.0170566
0.00249384	0.0378982	1.75622e-05	0.0124037
0.00252896	0.00332641	1.75622e-05	0.00332673
