0	3549.79	1.37454e-05	3048.56
2.74908e-05	2026.47	1.37454e-05	102.561
5.49815e-05	1893.43	1.37454e-05	51.1745
8.24723e-05	1807.09	1.37454e-05	37.4976
0.000109963	1735.11	1.37454e-05	31.1527
0.000137454	1665.69	1.37454e-05	26.8575
0.000164945	1605.25	1.37454e-05	24.3905
0.000192435	1547.51	1.37454e-05	22.6113
0.000219926	1485.83	1.37454e-05	20.9026
0.000247417	1418.34	1.37454e-05	18.9375
0.000274908	1357.58	1.37454e-05	17.7029
0.000302398	1294.55	1.37454e-05	16.5287
0.000329889	1235.71	1.37454e-05	15.6221
0.00035738	1172.71	1.37454e-05	14.6222
0.000384871	1109.38	1.37454e-05	13.7186
0.000412362	1047.02	1.37454e-05	12.9021
0.000439852	986.432	1.37454e-05	12.1799
0.000467343	928.158	1.37454e-05	11.5419
0.000494834	866.565	1.37454e-05	10.2555
0.000522325	813.147	1.37454e-05	9.69465
0.000549815	755.708	1.37454e-05	8.20315
0.000577306	702.404	1.37454e-05	7.61383
0.000604797	654.36	1.37454e-05	7.15326
0.000632288	608.094	1.37454e-05	6.71892
0.000659779	561.123	1.37454e-05	6.12744
0.000687269	519.213	1.37454e-05	5.77385
0.00071476	480.301	1.37454e-05	5.44861
0.000742251	443.834	1.37454e-05	5.17123
0.000769742	404.738	1.37454e-05	4.72397
0.000797232	368.926	1.37454e-05	4.3924
0.000824723	337.909	1.37454e-05	4.15856
0.000852214	306.855	1.37454e-05	3.86933
0.000879705	277.758	1.37454e-05	3.56435
0.000907195	250.837	1.37454e-05	3.19135
0.000934686	225.66	1.37454e-05	2.96089
0.000962177	204.299	1.37454e-05	2.77935
0.000989668	184.029	1.37454e-05	2.62886
0.00101716	163.559	1.37454e-05	2.42957
0.00104465	146.596	1.37454e-05	2.29249
0.00107214	131.232	1.37454e-05	2.16783
0.00109963	116.616	1.37454e-05	2.02699
0.00112712	102.448	1.37454e-05	1.89043
0.00115461	90.3726	1.37454e-05	1.79267
0.0011821	79.1069	1.37454e-05	1.59144
0.00120959	69.9902	1.37454e-05	1.51415
0.00123708	61.371	1.37454e-05	1.41384
0.00126458	53.4118	1.37454e-05	1.26356
0.00129207	46.3876	1.37454e-05	1.18684
0.00131956	40.5483	1.37454e-05	1.11326
0.00134705	35.0894	1.37454e-05	1.03547
0.00137454	30.529	1.37454e-05	0.988807
0.00140203	26.2573	1.37454e-05	0.927158
0.00142952	22.1933	1.37454e-05	0.878286
0.00145701	18.7877	1.37454e-05	0.826739
0.0014845	15.8907	1.37454e-05	0.770965
0.00151199	13.0537	1.37454e-05	0.706441
0.00153948	11.1032	1.37454e-05	0.673358
0.00156697	9.5381	1.37454e-05	0.645128
0.00159446	7.80207	1.37454e-05	0.559506
0.00162196	6.53199	1.37454e-05	0.538201
0.00164945	5.32246	1.37454e-05	0.480414
0.00167694	4.2937	1.37454e-05	0.456026
0.00170443	3.16022	1.37454e-05	0.344279
0.00173192	2.24608	1.37454e-05	0.284462
0.00175941	1.73953	1.37454e-05	0.270466
0.0017869	1.31859	1.37454e-05	0.220741
0.00181439	0.855413	1.37454e-05	0.145741
0.00184188	0.581853	1.37454e-05	0.129129
0.00186937	0.374954	1.37454e-05	0.103464
0.00189686	0.276422	1.37454e-05	0.0960513
0.00192435	0.100809	1.37454e-05	0.058202
0.00195184	0.0826651	1.37454e-05	0.0568198
0.00197934	0.0398092	1.37454e-05	0.0373028
0.00200683	0.0398092	1.37454e-05	0.0373028
0.00203432	0.0398092	1.37454e-05	0.0373028
0.00206181	0.0372088	1.37454e-05	0.0372121
