1.2851e-05	815.552	1.2851e-05	19.541
3.8553e-05	220.505	1.2851e-05	10.6743
6.42549e-05	222.576	1.2851e-05	14.8188
8.99569e-05	255.36	1.2851e-05	12.7349
0.000115659	313.334	1.2851e-05	12.8818
0.000141361	368.797	1.2851e-05	19.5276
0.000167063	431.948	1.2851e-05	19.85
0.000192765	476.868	1.2851e-05	20.4052
0.000218467	521.773	1.2851e-05	21.9578
0.000244169	636.091	1.2851e-05	21.2542
0.000269871	670.791	1.2851e-05	20.7322
0.000295573	795.004	1.2851e-05	26.4667
0.000321275	859.59	1.2851e-05	25.5942
0.000346977	903.522	1.2851e-05	32.0115
0.000372679	915.784	1.2851e-05	28.3469
0.000398381	1044.1	1.2851e-05	39.9049
0.000424082	1009.66	1.2851e-05	28.4962
0.000449784	1032.67	1.2851e-05	28.0757
0.000475486	1061.44	1.2851e-05	32.1416
0.000501188	1113.72	1.2851e-05	33.261
0.00052689	1127.23	1.2851e-05	36.8784
0.000552592	1116.65	1.2851e-05	51.6563
0.000578294	1145.7	1.2851e-05	31.3001
0.000603996	1199.48	1.2851e-05	40.7434
0.000629698	1148.38	1.2851e-05	67.3182
0.0006554	1124.05	1.2851e-05	36.9947
0.000681102	1066.7	1.2851e-05	36.5633
0.000706804	1046.55	1.2851e-05	30.369
0.000732506	1069.99	1.2851e-05	34.7768
0.000758208	1144.33	1.2851e-05	72.607
0.00078391	990.124	1.2851e-05	42.9066
0.000809612	972.179	1.2851e-05	37.119
0.000835314	816.262	1.2851e-05	26.9721
0.000861016	840.394	1.2851e-05	30.1073
0.000886718	929.247	1.2851e-05	68.6094
0.00091242	786.535	1.2851e-05	27.901
0.000938122	740.483	1.2851e-05	29.6204
0.000963824	691.922	1.2851e-05	29.7178
0.000989526	864.104	1.2851e-05	141.701
0.00101523	643.311	1.2851e-05	26.8241
0.00104093	567.816	1.2851e-05	24.065
0.00106663	528.48	1.2851e-05	25.9881
0.00109233	419.396	1.2851e-05	18.4295
0.00111804	421.772	1.2851e-05	22.3417
0.00114374	385.186	1.2851e-05	21.403
0.00116944	365.025	1.2851e-05	18.5044
0.00119514	396.915	1.2851e-05	41.2895
0.00122084	375.894	1.2851e-05	29.7886
0.00124655	314.856	1.2851e-05	26.8984
0.00127225	257.044	1.2851e-05	18.1077
0.00129795	229.623	1.2851e-05	17.3947
0.00132365	210.518	1.2851e-05	17.0942
0.00134935	165.438	1.2851e-05	12.6042
0.00137506	153.52	1.2851e-05	13.9554
0.00140076	132.706	1.2851e-05	12.0037
0.00142646	128.518	1.2851e-05	13.6847
0.00145216	114.732	1.2851e-05	11.6942
0.00147786	108.894	1.2851e-05	14.5653
0.00150357	72.6877	1.2851e-05	10.331
0.00152927	76.8779	1.2851e-05	15.6155
0.00155497	48.2625	1.2851e-05	6.48079
0.00158067	63.2866	1.2851e-05	10.274
0.00160637	50.9657	1.2851e-05	8.53767
0.00163208	33.1932	1.2851e-05	5.63838
0.00165778	33.2447	1.2851e-05	7.11265
0.00168348	26.3425	1.2851e-05	6.15258
0.00170918	19.7408	1.2851e-05	5.91696
0.00173488	16.9372	1.2851e-05	6.10822
0.00176058	15.0889	1.2851e-05	5.2064
0.00178629	28.6039	1.2851e-05	11.7905
0.00181199	1.27344	1.2851e-05	1.27344
0.00183769	5.51312	1.2851e-05	2.72987
0.00186339	6.48212	1.2851e-05	6.48212
