1.50237e-05	677.498	1.50237e-05	18.0713
4.50711e-05	180.612	1.50237e-05	10.3925
7.51185e-05	181.074	1.50237e-05	9.10568
0.000105166	197.81	1.50237e-05	8.84501
0.000135213	248.421	1.50237e-05	13.2034
0.000165261	285.967	1.50237e-05	12.0502
0.000195308	323.185	1.50237e-05	13.2206
0.000225356	405.695	1.50237e-05	19.3045
0.000255403	433.837	1.50237e-05	20.5712
0.00028545	487.395	1.50237e-05	16.2771
0.000315498	572.902	1.50237e-05	21.4633
0.000345545	603.356	1.50237e-05	19.5844
0.000375593	768.791	1.50237e-05	52.5039
0.00040564	733.099	1.50237e-05	24.3547
0.000435687	757.186	1.50237e-05	22.4294
0.000465735	783.258	1.50237e-05	20.8237
0.000495782	831.93	1.50237e-05	29.7118
0.00052583	858.273	1.50237e-05	23.0569
0.000555877	916.565	1.50237e-05	30.5837
0.000585924	937.374	1.50237e-05	28.2592
0.000615972	907.776	1.50237e-05	24.0442
0.000646019	911.273	1.50237e-05	29.9976
0.000676067	942.809	1.50237e-05	38.8253
0.000706114	973.459	1.50237e-05	29.6173
0.000736162	988.784	1.50237e-05	29.4785
0.000766209	969.977	1.50237e-05	32.0656
0.000796256	967.323	1.50237e-05	30.2463
0.000826304	916.043	1.50237e-05	27.2996
0.000856351	891.675	1.50237e-05	28.157
0.000886399	860.843	1.50237e-05	24.3014
0.000916446	887.312	1.50237e-05	28.8129
0.000946493	872.701	1.50237e-05	28.7833
0.000976541	834.529	1.50237e-05	34.8727
0.00100659	824.607	1.50237e-05	30.2478
0.00103664	780.824	1.50237e-05	29.5615
0.00106668	723.106	1.50237e-05	29.2468
0.00109673	643.326	1.50237e-05	25.4883
0.00112678	669.555	1.50237e-05	30.7002
0.00115683	694.33	1.50237e-05	43.1925
0.00118687	563.228	1.50237e-05	22.4673
0.00121692	469.125	1.50237e-05	21.4137
0.00124697	446.968	1.50237e-05	20.9952
0.00127701	426.361	1.50237e-05	18.4773
0.00130706	418.803	1.50237e-05	26.7054
0.00133711	366.14	1.50237e-05	18.648
0.00136716	373.591	1.50237e-05	23.4033
0.0013972	312.655	1.50237e-05	16.1812
0.00142725	292.096	1.50237e-05	22.7478
0.0014573	300.544	1.50237e-05	23.4492
0.00148735	268.44	1.50237e-05	22.4127
0.00151739	205.941	1.50237e-05	17.3441
0.00154744	219.145	1.50237e-05	23.9224
0.00157749	193.773	1.50237e-05	19.558
0.00160754	147.242	1.50237e-05	14.2385
0.00163758	139.449	1.50237e-05	13.6285
0.00166763	95.272	1.50237e-05	9.64705
0.00169768	92.0672	1.50237e-05	8.61731
0.00172773	96.9755	1.50237e-05	14.0381
0.00175777	82.4075	1.50237e-05	11.7162
0.00178782	59.6972	1.50237e-05	7.87266
0.00181787	62.294	1.50237e-05	11.8679
0.00184792	35.1792	1.50237e-05	5.9489
0.00187796	39.7426	1.50237e-05	5.93642
0.00190801	34.5394	1.50237e-05	6.50152
0.00193806	25.9571	1.50237e-05	5.85351
0.00196811	21.4559	1.50237e-05	5.25737
0.00199815	10.9878	1.50237e-05	2.59301
0.0020282	13.6847	1.50237e-05	3.64355
0.00205825	10.0624	1.50237e-05	3.04221
0.00208829	8.01382	1.50237e-05	2.9165
0.00211834	1.95799	1.50237e-05	1.06684
0.00214839	0	1.50237e-05	0
0.00217844	1.66743	1.50237e-05	1.08966
0.00220848	0.797013	1.50237e-05	0.797013
