1.71482e-05	636.128	1.71482e-05	19.5376
5.14447e-05	161.978	1.71482e-05	7.53134
8.57411e-05	134.492	1.71482e-05	6.0833
0.000120038	153.86	1.71482e-05	7.79703
0.000154334	177.678	1.71482e-05	8.51813
0.00018863	191.29	1.71482e-05	8.35559
0.000222927	230.171	1.71482e-05	10.8754
0.000257223	244.736	1.71482e-05	10.5377
0.00029152	290.206	1.71482e-05	13.0447
0.000325816	342.443	1.71482e-05	14.9238
0.000360113	385.409	1.71482e-05	14.8136
0.000394409	410.394	1.71482e-05	15.069
0.000428706	507.763	1.71482e-05	22.028
0.000463002	500.585	1.71482e-05	15.196
0.000497299	527.556	1.71482e-05	16.2985
0.000531595	590.865	1.71482e-05	18.7824
0.000565891	647.357	1.71482e-05	18.7608
0.000600188	704.836	1.71482e-05	26.5222
0.000634484	714.985	1.71482e-05	36.6932
0.000668781	737.694	1.71482e-05	22.3926
0.000703077	747.726	1.71482e-05	20.5678
0.000737374	793.881	1.71482e-05	20.9148
0.00077167	830.579	1.71482e-05	22.3606
0.000805967	818.85	1.71482e-05	21.5376
0.000840263	867.609	1.71482e-05	30.4712
0.000874559	848.976	1.71482e-05	26.6549
0.000908856	823.599	1.71482e-05	21.8081
0.000943152	812.548	1.71482e-05	20.6913
0.000977449	809.707	1.71482e-05	20.2495
0.00101175	822.458	1.71482e-05	21.8096
0.00104604	815.426	1.71482e-05	24.0658
0.00108034	785.393	1.71482e-05	24.3845
0.00111463	734.524	1.71482e-05	20.697
0.00114893	762.91	1.71482e-05	24.3461
0.00118323	711.648	1.71482e-05	22.0517
0.00121752	780.016	1.71482e-05	76.117
0.00125182	664.76	1.71482e-05	22.6842
0.00128612	698.08	1.71482e-05	24.1597
0.00132041	603.627	1.71482e-05	20.7414
0.00135471	649.526	1.71482e-05	74.5204
0.00138901	518.253	1.71482e-05	17.4653
0.0014233	520.975	1.71482e-05	24.9863
0.0014576	478.635	1.71482e-05	22.1693
0.0014919	460.432	1.71482e-05	22.4693
0.00152619	425.363	1.71482e-05	21.0614
0.00156049	382.805	1.71482e-05	22.5752
0.00159478	327.388	1.71482e-05	14.4942
0.00162908	287.604	1.71482e-05	17.2416
0.00166338	261.686	1.71482e-05	14.6885
0.00169767	241.606	1.71482e-05	16.6669
0.00173197	207.509	1.71482e-05	12.578
0.00176627	230.641	1.71482e-05	19.8634
0.00180056	226.479	1.71482e-05	51.2324
0.00183486	145.38	1.71482e-05	11.934
0.00186916	136.735	1.71482e-05	23.5606
0.00190345	114.602	1.71482e-05	15.262
0.00193775	96.2421	1.71482e-05	8.03076
0.00197205	80.0237	1.71482e-05	8.96756
0.00200634	65.9506	1.71482e-05	6.86754
0.00204064	49.586	1.71482e-05	6.35784
0.00207494	54.0077	1.71482e-05	8.09772
0.00210923	27.0613	1.71482e-05	3.96081
0.00214353	33.4789	1.71482e-05	4.42658
0.00217782	20.0211	1.71482e-05	3.1638
0.00221212	29.3782	1.71482e-05	5.58515
0.00224642	15.744	1.71482e-05	2.69804
0.00228071	9.48184	1.71482e-05	2.18624
0.00231501	10.7266	1.71482e-05	2.4183
0.00234931	10.7707	1.71482e-05	3.24381
0.0023836	6.31773	1.71482e-05	2.87398
0.0024179	5.32578	1.71482e-05	1.7364
0.0024522	4.32811	1.71482e-05	2.64642
0.00248649	0	1.71482e-05	0
0.00252079	0.734079	1.71482e-05	0.734079
