1.74614e-05	698.419	1.74614e-05	16.7982
5.23843e-05	183.619	1.74614e-05	8.78116
8.73072e-05	139.852	1.74614e-05	7.90726
0.00012223	153.144	1.74614e-05	7.73851
0.000157153	162.345	1.74614e-05	13.8878
0.000192076	151.016	1.74614e-05	7.46903
0.000226999	184.275	1.74614e-05	8.40447
0.000261922	213.79	1.74614e-05	10.114
0.000296845	242.087	1.74614e-05	10.8606
0.000331767	268.711	1.74614e-05	11.9008
0.00036669	288.73	1.74614e-05	10.9247
0.000401613	362.826	1.74614e-05	14.9829
0.000436536	373.922	1.74614e-05	13.473
0.000471459	414.376	1.74614e-05	14.4578
0.000506382	439.213	1.74614e-05	14.7417
0.000541305	499.936	1.74614e-05	16.6942
0.000576228	583.089	1.74614e-05	42.9509
0.000611151	570.861	1.74614e-05	19.469
0.000646073	613.525	1.74614e-05	20.7202
0.000680996	645.841	1.74614e-05	20.0599
0.000715919	704.587	1.74614e-05	21.3603
0.000750842	707.683	1.74614e-05	19.7493
0.000785765	876.947	1.74614e-05	54.8334
0.000820688	800.14	1.74614e-05	24.993
0.000855611	777.835	1.74614e-05	19.9744
0.000890534	829.297	1.74614e-05	25.3135
0.000925457	895.406	1.74614e-05	36.2141
0.000960379	853.888	1.74614e-05	33.9493
0.000995302	880.065	1.74614e-05	42.4918
0.00103023	839.171	1.74614e-05	24.5957
0.00106515	816.279	1.74614e-05	20.4623
0.00110007	848.083	1.74614e-05	26.374
0.00113499	754.704	1.74614e-05	20.4681
0.00116992	826.641	1.74614e-05	29.2497
0.00120484	753.66	1.74614e-05	21.7562
0.00123976	722.993	1.74614e-05	25.1626
0.00127469	698.117	1.74614e-05	20.9304
0.00130961	669.619	1.74614e-05	33.6824
0.00134453	973.781	1.74614e-05	244.329
0.00137945	564.423	1.74614e-05	16.3718
0.00141438	578.624	1.74614e-05	25.1569
0.0014493	542.083	1.74614e-05	25.1159
0.00148422	478.042	1.74614e-05	15.047
0.00151915	446.63	1.74614e-05	15.9123
0.00155407	419.311	1.74614e-05	13.4823
0.00158899	357.036	1.74614e-05	12.1177
0.00162391	356.739	1.74614e-05	14.474
0.00165884	307.58	1.74614e-05	13.2142
0.00169376	287.707	1.74614e-05	11.7168
0.00172868	246.347	1.74614e-05	11.4331
0.00176361	234.893	1.74614e-05	11.2292
0.00179853	206.142	1.74614e-05	12.3366
0.00183345	177.739	1.74614e-05	9.22903
0.00186837	155.575	1.74614e-05	9.3938
0.0019033	131.958	1.74614e-05	7.14323
0.00193822	114.468	1.74614e-05	8.63838
0.00197314	118.582	1.74614e-05	9.45391
0.00200807	86.86	1.74614e-05	6.44806
0.00204299	78.1516	1.74614e-05	6.33081
0.00207791	68.1424	1.74614e-05	5.2412
0.00211283	48.2114	1.74614e-05	4.47189
0.00214776	41.7818	1.74614e-05	4.12096
0.00218268	30.7856	1.74614e-05	3.96032
0.0022176	25.3324	1.74614e-05	3.28175
0.00225253	30.3437	1.74614e-05	4.48003
0.00228745	20.2373	1.74614e-05	2.5296
0.00232237	15.8849	1.74614e-05	2.81962
0.00235729	15.5556	1.74614e-05	2.42296
0.00239222	12.1615	1.74614e-05	1.96472
0.00242714	7.12742	1.74614e-05	2.21865
0.00246206	5.21933	1.74614e-05	1.16575
0.00249699	3.75744	1.74614e-05	1.08577
0.00253191	2.32915	1.74614e-05	0.803947
0.00256683	0.282575	1.74614e-05	0.282575
