1.75419e-05	682.267	1.75419e-05	15.9318
5.26257e-05	168.257	1.75419e-05	11.7944
8.77094e-05	146.554	1.75419e-05	7.28844
0.000122793	156.059	1.75419e-05	9.04155
0.000157877	147.118	1.75419e-05	8.65209
0.000192961	160.896	1.75419e-05	8.51696
0.000228044	183.119	1.75419e-05	8.24424
0.000263128	224.608	1.75419e-05	11.043
0.000298212	229.273	1.75419e-05	10.6407
0.000333296	275.388	1.75419e-05	15.6354
0.00036838	332.218	1.75419e-05	12.0903
0.000403463	333.512	1.75419e-05	12.2229
0.000438547	397.818	1.75419e-05	14.6707
0.000473631	429.143	1.75419e-05	14.3248
0.000508715	455.651	1.75419e-05	15.1209
0.000543798	496.062	1.75419e-05	15.0675
0.000578882	560.368	1.75419e-05	16.7636
0.000613966	606.399	1.75419e-05	17.0019
0.00064905	632.539	1.75419e-05	21.3423
0.000684133	669.646	1.75419e-05	19.6844
0.000719217	687.353	1.75419e-05	18.1247
0.000754301	746.228	1.75419e-05	19.9936
0.000789385	757.553	1.75419e-05	19.0575
0.000824469	869.734	1.75419e-05	30.9939
0.000859552	841.206	1.75419e-05	22.2497
0.000894636	801.561	1.75419e-05	20.7982
0.00092972	805.231	1.75419e-05	20.8245
0.000964804	859.828	1.75419e-05	25.056
0.000999887	830.58	1.75419e-05	23.4042
0.00103497	863.917	1.75419e-05	32.3824
0.00107005	863.194	1.75419e-05	31.7051
0.00110514	825.238	1.75419e-05	25.2284
0.00114022	808.064	1.75419e-05	21.1005
0.00117531	792.523	1.75419e-05	22.8558
0.00121039	753.144	1.75419e-05	21.4651
0.00124547	709.772	1.75419e-05	20.8045
0.00128056	830.052	1.75419e-05	95.9866
0.00131564	681.805	1.75419e-05	21.969
0.00135073	637.983	1.75419e-05	19.1359
0.00138581	582.585	1.75419e-05	19.5394
0.00142089	546.517	1.75419e-05	18.0456
0.00145598	509.778	1.75419e-05	15.5221
0.00149106	507.858	1.75419e-05	17.462
0.00152614	475.007	1.75419e-05	29.9721
0.00156123	450.321	1.75419e-05	18.8238
0.00159631	375.568	1.75419e-05	13.2363
0.0016314	345.385	1.75419e-05	14.849
0.00166648	309.901	1.75419e-05	13.9791
0.00170156	286.138	1.75419e-05	12.6627
0.00173665	260.932	1.75419e-05	13.8907
0.00177173	225.356	1.75419e-05	10.1297
0.00180681	207.288	1.75419e-05	10.548
0.0018419	166.081	1.75419e-05	9.19533
0.00187698	131.737	1.75419e-05	7.39972
0.00191207	145.274	1.75419e-05	9.80969
0.00194715	117.759	1.75419e-05	7.72404
0.00198223	95.0183	1.75419e-05	7.16056
0.00201732	97.4196	1.75419e-05	9.31451
0.0020524	80.2812	1.75419e-05	6.55666
0.00208748	75.859	1.75419e-05	11.6209
0.00212257	49.0773	1.75419e-05	5.22097
0.00215765	46.885	1.75419e-05	7.63506
0.00219274	41.5599	1.75419e-05	6.38903
0.00222782	27.8058	1.75419e-05	3.60598
0.0022629	30.8583	1.75419e-05	4.23711
0.00229799	20.5447	1.75419e-05	3.30106
0.00233307	11.4242	1.75419e-05	2.15479
0.00236815	8.03656	1.75419e-05	1.58695
0.00240324	9.43382	1.75419e-05	2.06498
0.00243832	5.49755	1.75419e-05	1.79302
0.00247341	4.74178	1.75419e-05	1.38804
0.00250849	2.17795	1.75419e-05	0.894582
0.00254357	1.24515	1.75419e-05	0.631373
