1.19442e-05	906.565	1.19442e-05	23.5329
3.58326e-05	238.679	1.19442e-05	10.9051
5.9721e-05	229.295	1.19442e-05	9.39566
8.36094e-05	294.489	1.19442e-05	14.3381
0.000107498	324.101	1.19442e-05	12.4565
0.000131386	401.008	1.19442e-05	22.1277
0.000155275	474.18	1.19442e-05	21.9272
0.000179163	512.079	1.19442e-05	18.7759
0.000203051	603.262	1.19442e-05	20.7006
0.00022694	637.505	1.19442e-05	20.8419
0.000250828	749.551	1.19442e-05	23.4745
0.000274717	830.393	1.19442e-05	26.0211
0.000298605	855.962	1.19442e-05	26.6688
0.000322493	1001.48	1.19442e-05	38.8052
0.000346382	989.416	1.19442e-05	29.3078
0.00037027	1104.18	1.19442e-05	47.508
0.000394159	1089.06	1.19442e-05	31.6535
0.000418047	1128.28	1.19442e-05	37.8639
0.000441935	1087.81	1.19442e-05	31.3523
0.000465824	1190.48	1.19442e-05	32.9658
0.000489712	1194.79	1.19442e-05	35.5303
0.0005136	1292.73	1.19442e-05	54.4324
0.000537489	1273.38	1.19442e-05	45.3019
0.000561377	1164.81	1.19442e-05	32.5003
0.000585266	1170.18	1.19442e-05	38.4678
0.000609154	1132.14	1.19442e-05	33.5528
0.000633042	1122.8	1.19442e-05	31.0166
0.000656931	1122.65	1.19442e-05	32.3433
0.000680819	1164.03	1.19442e-05	79.0167
0.000704708	1053.67	1.19442e-05	41.908
0.000728596	1124.85	1.19442e-05	50.1174
0.000752484	1044.62	1.19442e-05	33.9303
0.000776373	970.13	1.19442e-05	46.6694
0.000800261	999.362	1.19442e-05	46.6641
0.00082415	1006.37	1.19442e-05	49.3264
0.000848038	848.33	1.19442e-05	29.7224
0.000871926	782.65	1.19442e-05	47.7718
0.000895815	768.495	1.19442e-05	40.4201
0.000919703	705.518	1.19442e-05	29.867
0.000943592	648.872	1.19442e-05	26.7635
0.00096748	689.333	1.19442e-05	34.1967
0.000991368	604.517	1.19442e-05	29.1987
0.00101526	585.851	1.19442e-05	35.6064
0.00103915	560.241	1.19442e-05	27.9315
0.00106303	487.487	1.19442e-05	29.77
0.00108692	445.964	1.19442e-05	27.9371
0.00111081	393.45	1.19442e-05	23.38
0.0011347	357.235	1.19442e-05	21.9727
0.00115859	327.392	1.19442e-05	25.8771
0.00118248	277.648	1.19442e-05	22.6211
0.00120636	278.575	1.19442e-05	24.6196
0.00123025	215.424	1.19442e-05	15.0883
0.00125414	209.465	1.19442e-05	20.0611
0.00127803	157.888	1.19442e-05	14.3579
0.00130192	202.928	1.19442e-05	28.5303
0.00132581	141.558	1.19442e-05	13.7894
0.00134969	123.483	1.19442e-05	14.641
0.00137358	101.803	1.19442e-05	12.6197
0.00139747	94.6152	1.19442e-05	14.7035
0.00142136	85.3716	1.19442e-05	12.1781
0.00144525	66.2584	1.19442e-05	11.1493
0.00146914	67.2959	1.19442e-05	14.4447
0.00149302	28.7446	1.19442e-05	7.9171
0.00151691	28.1815	1.19442e-05	7.23296
0.0015408	32.409	1.19442e-05	9.32113
0.00156469	22.509	1.19442e-05	6.9451
0.00158858	20.122	1.19442e-05	5.99912
0.00161247	2.90803	1.19442e-05	1.7363
0.00163636	7.7745	1.19442e-05	3.91521
0.00166024	4.38474	1.19442e-05	3.11429
0.00168413	1.80522	1.19442e-05	1.80522
0.00170802	0.555582	1.19442e-05	0.413944
