1.74635e-05	638.116	1.74635e-05	21.463
5.23906e-05	161.766	1.74635e-05	8.73038
8.73177e-05	136.134	1.74635e-05	7.88155
0.000122245	143.866	1.74635e-05	9.47111
0.000157172	173.095	1.74635e-05	11.6035
0.000192099	172.453	1.74635e-05	7.5282
0.000227026	201.557	1.74635e-05	14.4573
0.000261953	255.998	1.74635e-05	12.7376
0.00029688	291.437	1.74635e-05	13.2616
0.000331807	329.367	1.74635e-05	20.4151
0.000366734	340.516	1.74635e-05	12.1651
0.000401661	399.317	1.74635e-05	15.1827
0.000436589	408.153	1.74635e-05	14.2571
0.000471516	457.244	1.74635e-05	14.6886
0.000506443	487.265	1.74635e-05	14.5547
0.00054137	548.846	1.74635e-05	18.2465
0.000576297	606.071	1.74635e-05	21.4515
0.000611224	604.522	1.74635e-05	18.3718
0.000646151	646.049	1.74635e-05	19.6214
0.000681078	684.706	1.74635e-05	17.5224
0.000716005	759.523	1.74635e-05	24.0543
0.000750932	765.086	1.74635e-05	27.8853
0.000785859	797.28	1.74635e-05	22.1147
0.000820786	796.407	1.74635e-05	23.2633
0.000855713	804.235	1.74635e-05	22.3796
0.000890641	836.151	1.74635e-05	35.2511
0.000925568	881.968	1.74635e-05	52.1623
0.000960495	824.259	1.74635e-05	23.8238
0.000995422	803.357	1.74635e-05	20.5563
0.00103035	828.406	1.74635e-05	23.3176
0.00106528	811.002	1.74635e-05	23.1797
0.0011002	821.946	1.74635e-05	23.1241
0.00113513	777.337	1.74635e-05	23.1564
0.00117006	811.547	1.74635e-05	24.6769
0.00120498	746.741	1.74635e-05	23.0105
0.00123991	771.988	1.74635e-05	30.8954
0.00127484	672.095	1.74635e-05	21.2138
0.00130977	664.124	1.74635e-05	46.1501
0.00134469	633.759	1.74635e-05	22.2142
0.00137962	577.325	1.74635e-05	20.475
0.00141455	599.477	1.74635e-05	33.1196
0.00144947	517.146	1.74635e-05	26.4869
0.0014844	473.796	1.74635e-05	16.5811
0.00151933	437.833	1.74635e-05	16.0755
0.00155426	411.849	1.74635e-05	15.8773
0.00158918	358.829	1.74635e-05	13.7676
0.00162411	364.112	1.74635e-05	19.7557
0.00165904	327.378	1.74635e-05	19.6014
0.00169396	244.879	1.74635e-05	11.7949
0.00172889	244.409	1.74635e-05	15.6927
0.00176382	215.401	1.74635e-05	12.7603
0.00179874	205.63	1.74635e-05	15.6667
0.00183367	183.965	1.74635e-05	15.0405
0.0018686	157.745	1.74635e-05	9.28738
0.00190353	121.583	1.74635e-05	8.18
0.00193845	115.68	1.74635e-05	11.2342
0.00197338	105.402	1.74635e-05	12.9538
0.00200831	87.1224	1.74635e-05	7.73318
0.00204323	74.7091	1.74635e-05	10.1026
0.00207816	59.9045	1.74635e-05	8.03646
0.00211309	58.8953	1.74635e-05	6.88892
0.00214802	43.8559	1.74635e-05	5.73349
0.00218294	35.0214	1.74635e-05	4.02863
0.00221787	29.4792	1.74635e-05	4.38277
0.0022528	21.1248	1.74635e-05	3.31745
0.00228772	19.776	1.74635e-05	3.23253
0.00232265	12.0493	1.74635e-05	2.59664
0.00235758	12.5323	1.74635e-05	3.63948
0.00239251	7.80793	1.74635e-05	2.32888
0.00242743	6.81553	1.74635e-05	2.97357
0.00246236	2.73107	1.74635e-05	1.13762
0.00249729	1.84797	1.74635e-05	0.847998
0.00253221	1.28223	1.74635e-05	0.76333
