4.21494e-06	0.0601843	4.21494e-06	0.0339965
1.26448e-05	0.432817	4.21494e-06	0.0743873
2.10747e-05	2.20155	4.21494e-06	0.650585
2.95046e-05	2.14532	4.21494e-06	0.202241
3.79345e-05	4.37056	4.21494e-06	0.346765
4.63644e-05	6.15852	4.21494e-06	0.446013
5.47943e-05	9.38277	4.21494e-06	0.72045
6.32241e-05	10.968	4.21494e-06	0.48386
7.1654e-05	14.7574	4.21494e-06	0.767979
8.00839e-05	19.4537	4.21494e-06	1.09953
8.85138e-05	22.7716	4.21494e-06	0.911075
9.69437e-05	27.8759	4.21494e-06	1.20672
0.000105374	32.114	4.21494e-06	0.913351
0.000113803	35.9123	4.21494e-06	0.956879
0.000122233	42.4812	4.21494e-06	1.12872
0.000130663	47.9076	4.21494e-06	1.13848
0.000139093	53.167	4.21494e-06	1.22133
0.000147523	63.2236	4.21494e-06	1.99612
0.000155953	69.9525	4.21494e-06	2.1314
0.000164383	75.0123	4.21494e-06	1.4106
0.000172813	83.1555	4.21494e-06	1.8015
0.000181243	92.1634	4.21494e-06	1.63256
0.000189672	98.3085	4.21494e-06	1.89129
0.000198102	110.21	4.21494e-06	2.10762
0.000206532	116.261	4.21494e-06	2.35259
0.000214962	129.065	4.21494e-06	2.2558
0.000223392	140.776	4.21494e-06	2.42504
0.000231822	144.82	4.21494e-06	2.57969
0.000240252	153.113	4.21494e-06	2.30796
0.000248682	164.034	4.21494e-06	2.50679
0.000257112	171.322	4.21494e-06	2.58655
0.000265541	182.706	4.21494e-06	2.41362
0.000273971	192.305	4.21494e-06	2.27319
0.000282401	208.074	4.21494e-06	3.16242
0.000290831	221.174	4.21494e-06	2.68255
0.000299261	230.8	4.21494e-06	2.91994
0.000307691	292.607	4.21494e-06	35.0402
0.000316121	246.334	4.21494e-06	2.83416
0.000324551	258.891	4.21494e-06	2.79743
0.00033298	273.465	4.21494e-06	3.15453
0.00034141	285.794	4.21494e-06	3.28713
0.00034984	299.662	4.21494e-06	3.18722
0.00035827	306.132	4.21494e-06	2.97006
0.0003667	314.45	4.21494e-06	3.0273
0.00037513	337.343	4.21494e-06	3.46631
0.00038356	344.275	4.21494e-06	3.33492
0.00039199	353.47	4.21494e-06	3.20091
0.00040042	382.697	4.21494e-06	4.13676
0.000408849	381.448	4.21494e-06	3.79211
0.000417279	402.016	4.21494e-06	4.30739
0.000425709	405.063	4.21494e-06	3.46152
0.000434139	417.173	4.21494e-06	3.46728
0.000442569	437.139	4.21494e-06	4.07688
0.000450999	458.701	4.21494e-06	4.46458
0.000459429	472.099	4.21494e-06	5.73405
0.000467859	479.728	4.21494e-06	5.16378
0.000476289	485.93	4.21494e-06	4.05011
0.000484718	502.529	4.21494e-06	4.55258
0.000493148	517.165	4.21494e-06	4.7608
0.000501578	521.562	4.21494e-06	3.98469
0.000510008	535.935	4.21494e-06	3.95948
0.000518438	539.19	4.21494e-06	4.08882
0.000526868	560.325	4.21494e-06	4.20155
0.000535298	570.446	4.21494e-06	4.22663
0.000543728	582.25	4.21494e-06	4.71168
0.000552158	591.175	4.21494e-06	4.27773
0.000560587	603.137	4.21494e-06	4.22381
0.000569017	627.115	4.21494e-06	4.84729
0.000577447	638.63	4.21494e-06	4.43412
0.000585877	655.261	4.21494e-06	5.12148
0.000594307	663.225	4.21494e-06	5.66368
0.000602737	672.163	4.21494e-06	4.75085
0.000611167	690.204	4.21494e-06	5.75237
0.000619597	692.833	4.21494e-06	5.21205
0.000628026	699.408	4.21494e-06	4.74696
0.000636456	720.601	4.21494e-06	5.79704
0.000644886	725.954	4.21494e-06	4.97577
0.000653316	733.434	4.21494e-06	6.37052
0.000661746	744.746	4.21494e-06	5.16386
0.000670176	768.223	4.21494e-06	15.3595
0.000678606	764.48	4.21494e-06	4.87888
0.000687036	777.206	4.21494e-06	6.22367
0.000695466	771.932	4.21494e-06	4.74391
0.000703895	783.646	4.21494e-06	4.76725
0.000712325	806.995	4.21494e-06	6.39892
0.000720755	808.496	4.21494e-06	5.32757
0.000729185	817.997	4.21494e-06	5.39014
0.000737615	815.429	4.21494e-06	4.82552
0.000746045	838.714	4.21494e-06	7.36542
0.000754475	830.074	4.21494e-06	5.20632
0.000762905	842.634	4.21494e-06	5.5583
0.000771335	840.693	4.21494e-06	5.04041
0.000779764	858.782	4.21494e-06	5.44602
0.000788194	862.142	4.21494e-06	5.46816
0.000796624	864.176	4.21494e-06	5.43175
0.000805054	871.658	4.21494e-06	5.27129
0.000813484	881.221	4.21494e-06	5.9963
0.000821914	881.382	4.21494e-06	5.30194
0.000830344	886.103	4.21494e-06	5.39903
0.000838774	887.958	4.21494e-06	5.20281
0.000847204	903.076	4.21494e-06	5.59044
0.000855633	904.236	4.21494e-06	4.89049
0.000864063	908.891	4.21494e-06	6.27645
0.000872493	918.811	4.21494e-06	7.13049
0.000880923	913.077	4.21494e-06	5.03414
0.000889353	940.005	4.21494e-06	9.8995
0.000897783	925.238	4.21494e-06	5.60108
0.000906213	913.885	4.21494e-06	5.48749
0.000914643	924.481	4.21494e-06	5.86237
0.000923072	926.799	4.21494e-06	5.31427
0.000931502	929.605	4.21494e-06	5.27677
0.000939932	925.05	4.21494e-06	5.27746
0.000948362	927.939	4.21494e-06	5.39989
0.000956792	924.121	4.21494e-06	4.82296
0.000965222	946.084	4.21494e-06	16.7763
0.000973652	919.083	4.21494e-06	5.90169
0.000982082	924.217	4.21494e-06	5.05091
0.000990512	934.028	4.21494e-06	7.3146
0.000998941	918.936	4.21494e-06	4.98431
0.00100737	914.041	4.21494e-06	5.29972
0.0010158	899.215	4.21494e-06	4.76324
0.00102423	915.388	4.21494e-06	5.41785
0.00103266	904.681	4.21494e-06	5.51641
0.00104109	900.016	4.21494e-06	5.0804
0.00104952	894.332	4.21494e-06	5.09612
0.00105795	892.481	4.21494e-06	5.84015
0.00106638	897.324	4.21494e-06	5.54661
0.00107481	886.555	4.21494e-06	5.18451
0.00108324	872.707	4.21494e-06	4.85533
0.00109167	877.848	4.21494e-06	6.33968
0.0011001	887.809	4.21494e-06	5.38342
0.00110853	879.736	4.21494e-06	5.18945
0.00111696	863.954	4.21494e-06	4.76992
0.00112539	866.316	4.21494e-06	5.22956
0.00113382	852.676	4.21494e-06	4.53715
0.00114225	853.156	4.21494e-06	4.82293
0.00115068	849.102	4.21494e-06	5.01875
0.00115911	851.403	4.21494e-06	6.19488
0.00116754	831.58	4.21494e-06	4.66813
0.00117597	830.387	4.21494e-06	4.73207
0.0011844	813.643	4.21494e-06	4.25591
0.00119283	820.699	4.21494e-06	5.40754
0.00120126	806.597	4.21494e-06	4.43457
0.00120969	802.254	4.21494e-06	4.34846
0.00121812	794.055	4.21494e-06	4.46995
0.00122655	779.575	4.21494e-06	4.12403
0.00123498	758.021	4.21494e-06	3.98429
0.00124341	761.497	4.21494e-06	4.42206
0.00125184	755.889	4.21494e-06	4.31774
0.00126027	750.652	4.21494e-06	4.43151
0.0012687	736.716	4.21494e-06	4.51721
0.00127713	724.613	4.21494e-06	4.8255
0.00128556	713.289	4.21494e-06	4.14732
0.00129399	712.112	4.21494e-06	4.36366
0.00130242	690.281	4.21494e-06	3.92207
0.00131085	687.597	4.21494e-06	4.7529
0.00131928	680.611	4.21494e-06	4.56759
0.00132771	658.462	4.21494e-06	4.98781
0.00133614	651.018	4.21494e-06	3.81474
0.00134457	640.607	4.21494e-06	3.52288
0.001353	627.279	4.21494e-06	3.59298
0.00136143	622.932	4.21494e-06	3.6126
0.00136986	612.666	4.21494e-06	3.63633
0.00137829	603.301	4.21494e-06	3.64783
0.00138672	596.5	4.21494e-06	3.65844
0.00139515	598.364	4.21494e-06	8.47206
0.00140358	586.147	4.21494e-06	6.21644
0.00141201	562.954	4.21494e-06	3.80651
0.00142044	553.951	4.21494e-06	3.57887
0.00142887	550.052	4.21494e-06	4.90733
0.0014373	537.612	4.21494e-06	5.614
0.00144573	519.242	4.21494e-06	3.13512
0.00145416	519.334	4.21494e-06	3.36181
0.00146259	507.994	4.21494e-06	3.26092
0.00147102	509.715	4.21494e-06	5.29681
0.00147944	489.612	4.21494e-06	3.27028
0.00148787	476.744	4.21494e-06	3.06878
0.0014963	470.62	4.21494e-06	2.88219
0.00150473	463.898	4.21494e-06	3.52031
0.00151316	450.77	4.21494e-06	2.96803
0.00152159	443.385	4.21494e-06	3.51155
0.00153002	432.59	4.21494e-06	2.96854
0.00153845	425.143	4.21494e-06	3.86033
0.00154688	410.235	4.21494e-06	2.63055
0.00155531	409.177	4.21494e-06	2.74911
0.00156374	402.574	4.21494e-06	4.33448
0.00157217	382.255	4.21494e-06	2.47463
0.0015806	377.118	4.21494e-06	2.61706
0.00158903	367.609	4.21494e-06	3.17887
0.00159746	369.624	4.21494e-06	4.71077
0.00160589	350.355	4.21494e-06	2.4311
0.00161432	353.669	4.21494e-06	4.65442
0.00162275	336.425	4.21494e-06	2.61975
0.00163118	330.108	4.21494e-06	2.58097
0.00163961	320.88	4.21494e-06	2.38911
0.00164804	316.638	4.21494e-06	2.59396
0.00165647	305.776	4.21494e-06	2.41632
0.0016649	300.811	4.21494e-06	2.38517
0.00167333	293.417	4.21494e-06	2.17688
0.00168176	287.416	4.21494e-06	3.72601
0.00169019	278.625	4.21494e-06	2.09304
0.00169862	277.2	4.21494e-06	2.54961
0.00170705	265.095	4.21494e-06	2.05704
0.00171548	261.738	4.21494e-06	2.09436
0.00172391	251	4.21494e-06	2.03369
0.00173234	245.144	4.21494e-06	2.15913
0.00174077	240.933	4.21494e-06	2.89673
0.0017492	232.177	4.21494e-06	1.95818
0.00175763	223.027	4.21494e-06	2.04048
0.00176606	218.48	4.21494e-06	2.04671
0.00177449	208.58	4.21494e-06	1.8467
0.00178292	203.189	4.21494e-06	1.8438
0.00179135	198.286	4.21494e-06	1.67626
0.00179978	193.224	4.21494e-06	1.749
0.00180821	186.753	4.21494e-06	2.17987
0.00181664	179.072	4.21494e-06	1.5855
0.00182507	178.488	4.21494e-06	1.81659
0.0018335	171.358	4.21494e-06	1.67524
0.00184193	164.488	4.21494e-06	1.48449
0.00185036	156.942	4.21494e-06	1.43196
0.00185879	157.06	4.21494e-06	3.61986
0.00186722	147.591	4.21494e-06	1.50837
0.00187565	142.691	4.21494e-06	1.32444
0.00188408	138.541	4.21494e-06	1.42201
0.00189251	134.012	4.21494e-06	1.30181
0.00190094	129.845	4.21494e-06	1.37829
0.00190937	125.671	4.21494e-06	1.26709
0.0019178	119.904	4.21494e-06	1.24811
0.00192623	114.046	4.21494e-06	1.1641
0.00193466	111.405	4.21494e-06	1.14562
0.00194309	106.673	4.21494e-06	1.15893
0.00195152	102.732	4.21494e-06	1.09985
0.00195995	99.7224	4.21494e-06	1.10634
0.00196838	94.9708	4.21494e-06	1.04764
0.00197681	91.1793	4.21494e-06	1.0201
0.00198524	87.7862	4.21494e-06	1.00731
0.00199367	85.4296	4.21494e-06	0.992609
0.0020021	82.6967	4.21494e-06	0.983918
0.00201053	77.7719	4.21494e-06	0.945431
0.00201896	74.9772	4.21494e-06	0.912819
0.00202739	72.1762	4.21494e-06	0.895182
0.00203582	70.876	4.21494e-06	0.890946
0.00204425	67.1433	4.21494e-06	0.850071
0.00205268	64.7733	4.21494e-06	0.841994
0.00206111	61.235	4.21494e-06	0.81595
0.00206954	58.7347	4.21494e-06	0.794074
0.00207797	54.8479	4.21494e-06	0.771638
0.0020864	52.4488	4.21494e-06	0.751413
0.00209483	51.2641	4.21494e-06	0.735375
0.00210326	50.0096	4.21494e-06	0.731205
0.00211169	45.9319	4.21494e-06	0.693558
0.00212012	44.9996	4.21494e-06	0.687562
0.00212855	42.1642	4.21494e-06	0.658956
0.00213698	40.5751	4.21494e-06	0.648249
0.00214541	38.6052	4.21494e-06	0.634537
0.00215384	36.0981	4.21494e-06	0.606725
0.00216227	35.4027	4.21494e-06	0.601122
0.0021707	32.8192	4.21494e-06	0.575784
0.00217913	32.2152	4.21494e-06	0.575685
0.00218756	31.9369	4.21494e-06	0.563341
0.00219599	29.585	4.21494e-06	0.542554
0.00220442	28.1307	4.21494e-06	0.525235
0.00221285	26.0635	4.21494e-06	0.503557
0.00222127	26.0339	4.21494e-06	0.498477
0.0022297	24.3647	4.21494e-06	0.490089
0.00223813	22.4619	4.21494e-06	0.465687
0.00224656	21.4731	4.21494e-06	0.458599
0.00225499	20.4314	4.21494e-06	0.441866
0.00226342	20.1369	4.21494e-06	0.439126
0.00227185	18.3977	4.21494e-06	0.414312
0.00228028	17.5516	4.21494e-06	0.409615
0.00228871	16.1634	4.21494e-06	0.383785
0.00229714	15.2571	4.21494e-06	0.377693
0.00230557	14.3158	4.21494e-06	0.374263
0.002314	13.4469	4.21494e-06	0.355865
0.00232243	12.3205	4.21494e-06	0.336038
0.00233086	11.5238	4.21494e-06	0.323311
0.00233929	11.2255	4.21494e-06	0.314203
0.00234772	10.1783	4.21494e-06	0.303218
0.00235615	9.90809	4.21494e-06	0.301678
0.00236458	9.50864	4.21494e-06	0.289809
0.00237301	8.93566	4.21494e-06	0.290014
0.00238144	7.90166	4.21494e-06	0.263254
0.00238987	7.64924	4.21494e-06	0.256165
0.0023983	6.39775	4.21494e-06	0.235669
0.00240673	6.3962	4.21494e-06	0.237405
0.00241516	5.5702	4.21494e-06	0.218065
0.00242359	4.79762	4.21494e-06	0.20002
0.00243202	5.2764	4.21494e-06	0.214677
0.00244045	4.33993	4.21494e-06	0.193082
0.00244888	3.83791	4.21494e-06	0.179757
0.00245731	3.40115	4.21494e-06	0.169867
0.00246574	2.92453	4.21494e-06	0.155241
0.00247417	2.74466	4.21494e-06	0.151444
0.0024826	2.09682	4.21494e-06	0.130948
0.00249103	2.02616	4.21494e-06	0.134207
0.00249946	2.03562	4.21494e-06	0.128097
0.00250789	1.45689	4.21494e-06	0.108074
0.00251632	1.26205	4.21494e-06	0.0999026
0.00252475	0.861445	4.21494e-06	0.0820059
0.00253318	0.946412	4.21494e-06	0.0860734
0.00254161	0.705981	4.21494e-06	0.0738125
0.00255004	0.522514	4.21494e-06	0.0631353
0.00255847	0.316397	4.21494e-06	0.0483213
0.0025669	0.200651	4.21494e-06	0.0386817
0.00257533	0.0879825	4.21494e-06	0.0254367
0.00258376	0.00711145	4.21494e-06	0.00711145
