4.21494e-06	0.0415641	4.21494e-06	0.0188544
1.26448e-05	0.373122	4.21494e-06	0.0662696
2.10747e-05	1.25333	4.21494e-06	0.149216
2.95046e-05	2.00236	4.21494e-06	0.17105
3.79345e-05	3.90877	4.21494e-06	0.348763
4.63644e-05	5.82303	4.21494e-06	0.332935
5.47943e-05	8.03808	4.21494e-06	0.421768
6.32241e-05	10.959	4.21494e-06	0.662676
7.1654e-05	13.2743	4.21494e-06	0.495384
8.00839e-05	16.5029	4.21494e-06	0.570994
8.85138e-05	19.7963	4.21494e-06	0.671377
9.69437e-05	24.5345	4.21494e-06	1.0893
0.000105374	26.9914	4.21494e-06	0.793735
0.000113803	32.436	4.21494e-06	1.07312
0.000122233	37.0368	4.21494e-06	0.877524
0.000130663	43.4592	4.21494e-06	1.06813
0.000139093	49.8404	4.21494e-06	1.1302
0.000147523	55.0927	4.21494e-06	1.30485
0.000155953	61.7295	4.21494e-06	1.37674
0.000164383	67.7133	4.21494e-06	1.50659
0.000172813	72.4766	4.21494e-06	1.49151
0.000181243	83.8148	4.21494e-06	1.58862
0.000189672	91.958	4.21494e-06	1.65226
0.000198102	97.0476	4.21494e-06	3.36726
0.000206532	98.4429	4.21494e-06	1.48703
0.000214962	115.646	4.21494e-06	3.63665
0.000223392	117.143	4.21494e-06	1.81233
0.000231822	124.962	4.21494e-06	1.8117
0.000240252	136.094	4.21494e-06	2.13537
0.000248682	145.658	4.21494e-06	2.284
0.000257112	157.417	4.21494e-06	2.26244
0.000265541	169.022	4.21494e-06	3.38997
0.000273971	182.303	4.21494e-06	4.45362
0.000282401	179.717	4.21494e-06	2.2245
0.000290831	192.368	4.21494e-06	3.2177
0.000299261	202.598	4.21494e-06	2.62993
0.000307691	214.729	4.21494e-06	2.54381
0.000316121	231.833	4.21494e-06	3.21136
0.000324551	239.55	4.21494e-06	2.67492
0.00033298	260.353	4.21494e-06	7.14331
0.00034141	249.117	4.21494e-06	2.49643
0.00034984	278.38	4.21494e-06	4.88741
0.00035827	280.473	4.21494e-06	3.25091
0.0003667	292.844	4.21494e-06	3.1372
0.00037513	300.391	4.21494e-06	3.10024
0.00038356	321.695	4.21494e-06	3.67111
0.00039199	325.537	4.21494e-06	3.11792
0.00040042	345.666	4.21494e-06	3.90821
0.000408849	354.158	4.21494e-06	3.45184
0.000417279	359.489	4.21494e-06	3.29244
0.000425709	391.048	4.21494e-06	9.6903
0.000434139	385.699	4.21494e-06	3.35807
0.000442569	409.778	4.21494e-06	5.07573
0.000450999	412.779	4.21494e-06	3.79157
0.000459429	430.555	4.21494e-06	4.89222
0.000467859	437.331	4.21494e-06	4.59141
0.000476289	450.613	4.21494e-06	3.67904
0.000484718	461.11	4.21494e-06	4.45261
0.000493148	475.788	4.21494e-06	4.62516
0.000501578	490.963	4.21494e-06	3.97727
0.000510008	495.323	4.21494e-06	4.2269
0.000518438	511.285	4.21494e-06	4.31981
0.000526868	521.852	4.21494e-06	4.05383
0.000535298	545.502	4.21494e-06	4.66647
0.000543728	546.358	4.21494e-06	4.23571
0.000552158	569.011	4.21494e-06	5.65364
0.000560587	572.209	4.21494e-06	4.57571
0.000569017	573.852	4.21494e-06	3.91661
0.000577447	600.161	4.21494e-06	6.24686
0.000585877	611.557	4.21494e-06	7.30118
0.000594307	616.651	4.21494e-06	4.23207
0.000602737	636.685	4.21494e-06	5.58843
0.000611167	641.043	4.21494e-06	4.92757
0.000619597	652.666	4.21494e-06	8.59227
0.000628026	673.292	4.21494e-06	5.07232
0.000636456	667.865	4.21494e-06	4.99332
0.000644886	684.775	4.21494e-06	4.85512
0.000653316	695.541	4.21494e-06	5.43574
0.000661746	705.341	4.21494e-06	5.01665
0.000670176	708.129	4.21494e-06	5.01616
0.000678606	720.002	4.21494e-06	4.81183
0.000687036	726.893	4.21494e-06	5.1593
0.000695466	745.466	4.21494e-06	4.79394
0.000703895	757.061	4.21494e-06	6.21361
0.000712325	756.511	4.21494e-06	5.03917
0.000720755	771.232	4.21494e-06	5.07318
0.000729185	786.144	4.21494e-06	5.45343
0.000737615	793.208	4.21494e-06	5.42648
0.000746045	798.287	4.21494e-06	5.17952
0.000754475	808.356	4.21494e-06	8.13045
0.000762905	805.674	4.21494e-06	5.38368
0.000771335	842.848	4.21494e-06	20.2601
0.000779764	817.6	4.21494e-06	5.02734
0.000788194	843.657	4.21494e-06	13.3235
0.000796624	839.842	4.21494e-06	6.0157
0.000805054	858.415	4.21494e-06	7.54386
0.000813484	852.97	4.21494e-06	5.4697
0.000821914	855.568	4.21494e-06	5.20974
0.000830344	855.035	4.21494e-06	4.87653
0.000838774	878.262	4.21494e-06	6.67118
0.000847204	901.834	4.21494e-06	15.2552
0.000855633	868.098	4.21494e-06	5.29602
0.000864063	906.483	4.21494e-06	8.73128
0.000872493	890.313	4.21494e-06	6.13763
0.000880923	894.967	4.21494e-06	4.94682
0.000889353	898.933	4.21494e-06	6.94618
0.000897783	897.694	4.21494e-06	5.60254
0.000906213	922.624	4.21494e-06	11.7747
0.000914643	909.676	4.21494e-06	6.16529
0.000923072	908.307	4.21494e-06	5.17578
0.000931502	911.323	4.21494e-06	5.51911
0.000939932	911.523	4.21494e-06	5.78368
0.000948362	918.866	4.21494e-06	5.81002
0.000956792	913.094	4.21494e-06	4.96278
0.000965222	920.363	4.21494e-06	5.43656
0.000973652	910.905	4.21494e-06	4.9977
0.000982082	912.227	4.21494e-06	5.11351
0.000990512	915.504	4.21494e-06	7.28611
0.000998941	909.142	4.21494e-06	5.20084
0.00100737	907.483	4.21494e-06	5.10658
0.0010158	906.37	4.21494e-06	6.11389
0.00102423	917.441	4.21494e-06	9.99289
0.00103266	898.661	4.21494e-06	5.33755
0.00104109	906.127	4.21494e-06	5.82172
0.00104952	901.834	4.21494e-06	5.45582
0.00105795	913.682	4.21494e-06	7.03929
0.00106638	898.636	4.21494e-06	6.0141
0.00107481	888.789	4.21494e-06	6.36167
0.00108324	889.053	4.21494e-06	5.36087
0.00109167	884.833	4.21494e-06	7.32997
0.0011001	881.976	4.21494e-06	5.84417
0.00110853	878.695	4.21494e-06	5.05723
0.00111696	873.272	4.21494e-06	5.1633
0.00112539	872.645	4.21494e-06	5.33483
0.00113382	859.553	4.21494e-06	5.10881
0.00114225	850.221	4.21494e-06	4.85695
0.00115068	850.362	4.21494e-06	5.77246
0.00115911	848.615	4.21494e-06	5.3223
0.00116754	854.985	4.21494e-06	7.06321
0.00117597	831.253	4.21494e-06	4.7525
0.0011844	832.08	4.21494e-06	4.97075
0.00119283	849.335	4.21494e-06	14.1995
0.00120126	823.409	4.21494e-06	7.63029
0.00120969	809.636	4.21494e-06	4.5585
0.00121812	805.014	4.21494e-06	5.24412
0.00122655	802.391	4.21494e-06	7.10627
0.00123498	785.984	4.21494e-06	4.60275
0.00124341	780.011	4.21494e-06	5.16893
0.00125184	762.483	4.21494e-06	4.53762
0.00126027	763.47	4.21494e-06	4.61076
0.0012687	755.921	4.21494e-06	4.81366
0.00127713	753.544	4.21494e-06	7.09233
0.00128556	739.205	4.21494e-06	5.1695
0.00129399	734.52	4.21494e-06	4.63007
0.00130242	721.488	4.21494e-06	4.49313
0.00131085	707.192	4.21494e-06	4.60939
0.00131928	701.966	4.21494e-06	4.30971
0.00132771	690.937	4.21494e-06	4.32818
0.00133614	692.296	4.21494e-06	4.30609
0.00134457	673.478	4.21494e-06	4.42083
0.001353	669.717	4.21494e-06	4.6281
0.00136143	659.849	4.21494e-06	5.2265
0.00136986	641.242	4.21494e-06	4.07988
0.00137829	632.46	4.21494e-06	4.73994
0.00138672	629.757	4.21494e-06	4.17094
0.00139515	618.249	4.21494e-06	4.17636
0.00140358	607.609	4.21494e-06	3.94619
0.00141201	595.781	4.21494e-06	4.07255
0.00142044	592.899	4.21494e-06	4.63316
0.00142887	583.558	4.21494e-06	4.69021
0.0014373	565.269	4.21494e-06	3.67031
0.00144573	562.409	4.21494e-06	3.64926
0.00145416	560.963	4.21494e-06	8.6758
0.00146259	540.977	4.21494e-06	3.96332
0.00147102	536.659	4.21494e-06	4.44784
0.00147944	516.906	4.21494e-06	3.48545
0.00148787	519.312	4.21494e-06	5.73873
0.0014963	498.966	4.21494e-06	3.6169
0.00150473	495.95	4.21494e-06	4.14003
0.00151316	480.67	4.21494e-06	3.33161
0.00152159	475.058	4.21494e-06	3.52933
0.00153002	467.324	4.21494e-06	3.40862
0.00153845	459.256	4.21494e-06	3.38051
0.00154688	452.094	4.21494e-06	3.85597
0.00155531	432.082	4.21494e-06	3.2972
0.00156374	422.857	4.21494e-06	3.09911
0.00157217	418.336	4.21494e-06	3.08961
0.0015806	406.234	4.21494e-06	3.20118
0.00158903	403.931	4.21494e-06	3.29706
0.00159746	391.856	4.21494e-06	2.98341
0.00160589	383.134	4.21494e-06	3.05419
0.00161432	374.527	4.21494e-06	2.93282
0.00162275	371.262	4.21494e-06	4.96819
0.00163118	361.983	4.21494e-06	3.2158
0.00163961	342.702	4.21494e-06	2.76798
0.00164804	342.004	4.21494e-06	3.0243
0.00165647	336.791	4.21494e-06	2.80598
0.0016649	326.797	4.21494e-06	2.64639
0.00167333	314.558	4.21494e-06	2.97206
0.00168176	314.412	4.21494e-06	3.16281
0.00169019	303.182	4.21494e-06	2.7568
0.00169862	292.836	4.21494e-06	2.59382
0.00170705	289.273	4.21494e-06	2.76434
0.00171548	281.463	4.21494e-06	2.63172
0.00172391	275.187	4.21494e-06	2.65977
0.00173234	268.281	4.21494e-06	2.60256
0.00174077	258.673	4.21494e-06	2.42421
0.0017492	248.733	4.21494e-06	2.43996
0.00175763	252.327	4.21494e-06	4.41978
0.00176606	236.626	4.21494e-06	2.2335
0.00177449	233.516	4.21494e-06	2.423
0.00178292	228.646	4.21494e-06	2.8604
0.00179135	215.853	4.21494e-06	2.15813
0.00179978	212.309	4.21494e-06	2.20111
0.00180821	204.118	4.21494e-06	1.94183
0.00181664	201.687	4.21494e-06	2.25767
0.00182507	197.42	4.21494e-06	2.16804
0.0018335	190.094	4.21494e-06	2.24421
0.00184193	181.128	4.21494e-06	1.95622
0.00185036	178.444	4.21494e-06	2.21137
0.00185879	167.368	4.21494e-06	1.80544
0.00186722	169.495	4.21494e-06	1.91033
0.00187565	161.528	4.21494e-06	1.84098
0.00188408	156.743	4.21494e-06	2.41818
0.00189251	155.618	4.21494e-06	2.75765
0.00190094	144.856	4.21494e-06	1.95912
0.00190937	140.749	4.21494e-06	1.77612
0.0019178	135.09	4.21494e-06	1.62305
0.00192623	127.356	4.21494e-06	1.50829
0.00193466	125.616	4.21494e-06	1.65345
0.00194309	120.315	4.21494e-06	1.43526
0.00195152	116.816	4.21494e-06	1.43459
0.00195995	112.881	4.21494e-06	1.49178
0.00196838	108.666	4.21494e-06	1.33774
0.00197681	104.251	4.21494e-06	1.45189
0.00198524	100.145	4.21494e-06	1.36649
0.00199367	96.8319	4.21494e-06	1.24149
0.0020021	93.896	4.21494e-06	1.23949
0.00201053	91.1014	4.21494e-06	1.27994
0.00201896	91.0694	4.21494e-06	1.33891
0.00202739	82.0726	4.21494e-06	1.14406
0.00203582	81.4816	4.21494e-06	1.22431
0.00204425	76.3403	4.21494e-06	1.11884
0.00205268	76.0386	4.21494e-06	1.14955
0.00206111	72.794	4.21494e-06	1.17045
0.00206954	68.0974	4.21494e-06	1.02494
0.00207797	65.113	4.21494e-06	0.982044
0.0020864	62.8532	4.21494e-06	0.982561
0.00209483	60.9018	4.21494e-06	1.0037
0.00210326	58.9398	4.21494e-06	1.39859
0.00211169	54.5159	4.21494e-06	0.851346
0.00212012	52.6323	4.21494e-06	1.00667
0.00212855	50.4284	4.21494e-06	0.889714
0.00213698	48.9326	4.21494e-06	0.848267
0.00214541	48.4268	4.21494e-06	0.932883
0.00215384	43.9204	4.21494e-06	0.770864
0.00216227	41.0284	4.21494e-06	0.733842
0.0021707	41.2917	4.21494e-06	0.744293
0.00217913	39.6009	4.21494e-06	0.742574
0.00218756	37.9112	4.21494e-06	0.84817
0.00219599	35.713	4.21494e-06	0.683456
0.00220442	34.0608	4.21494e-06	0.660748
0.00221285	31.1607	4.21494e-06	0.605959
0.00222127	30.7115	4.21494e-06	0.60754
0.0022297	29.2377	4.21494e-06	0.59313
0.00223813	27.8033	4.21494e-06	0.581573
0.00224656	26.9543	4.21494e-06	0.562233
0.00225499	25.4689	4.21494e-06	0.539337
0.00226342	23.9346	4.21494e-06	0.525027
0.00227185	22.4798	4.21494e-06	0.50663
0.00228028	21.1227	4.21494e-06	0.484731
0.00228871	19.8658	4.21494e-06	0.473305
0.00229714	19.0045	4.21494e-06	0.457706
0.00230557	18.3815	4.21494e-06	0.449624
0.002314	16.9004	4.21494e-06	0.428767
0.00232243	15.9996	4.21494e-06	0.415238
0.00233086	15.4932	4.21494e-06	0.409805
0.00233929	13.9187	4.21494e-06	0.379965
0.00234772	13.5365	4.21494e-06	0.382188
0.00235615	12.0352	4.21494e-06	0.356052
0.00236458	10.9903	4.21494e-06	0.345473
0.00237301	10.2888	4.21494e-06	0.335311
0.00238144	10.102	4.21494e-06	0.315204
0.00238987	9.13451	4.21494e-06	0.299366
0.0023983	8.58754	4.21494e-06	0.290801
0.00240673	8.30563	4.21494e-06	0.285664
0.00241516	7.65184	4.21494e-06	0.269779
0.00242359	7.02322	4.21494e-06	0.258146
0.00243202	6.41629	4.21494e-06	0.248765
0.00244045	5.27665	4.21494e-06	0.231965
0.00244888	5.4825	4.21494e-06	0.225114
0.00245731	4.40457	4.21494e-06	0.200156
0.00246574	4.59778	4.21494e-06	0.206616
0.00247417	3.89308	4.21494e-06	0.187279
0.0024826	3.19179	4.21494e-06	0.169861
0.00249103	3.03664	4.21494e-06	0.16433
0.00249946	2.74701	4.21494e-06	0.156762
0.00250789	2.39929	4.21494e-06	0.14688
0.00251632	1.73052	4.21494e-06	0.122135
0.00252475	1.80633	4.21494e-06	0.123112
0.00253318	1.40491	4.21494e-06	0.108028
0.00254161	1.17952	4.21494e-06	0.0975941
0.00255004	0.75913	4.21494e-06	0.0770443
0.00255847	0.660862	4.21494e-06	0.0729901
0.0025669	0.398806	4.21494e-06	0.056511
0.00257533	0.188733	4.21494e-06	0.0385676
0.00258376	0.00817766	4.21494e-06	0.00817766
