4.21494e-06	0.0299428	4.21494e-06	0.0175515
1.26448e-05	0.440308	4.21494e-06	0.158122
2.10747e-05	0.720545	4.21494e-06	0.104638
2.95046e-05	1.78164	4.21494e-06	0.252566
3.79345e-05	2.51249	4.21494e-06	0.22326
4.63644e-05	4.1369	4.21494e-06	0.459207
5.47943e-05	5.10247	4.21494e-06	0.309015
6.32241e-05	6.22037	4.21494e-06	0.335357
7.1654e-05	9.07622	4.21494e-06	0.525146
8.00839e-05	10.4659	4.21494e-06	0.42782
8.85138e-05	12.8456	4.21494e-06	0.502804
9.69437e-05	16.2433	4.21494e-06	0.707696
0.000105374	19.8421	4.21494e-06	0.74095
0.000113803	21.8819	4.21494e-06	0.724428
0.000122233	23.539	4.21494e-06	0.652465
0.000130663	29.563	4.21494e-06	0.941222
0.000139093	34.4433	4.21494e-06	1.00296
0.000147523	36.9018	4.21494e-06	0.986262
0.000155953	41.6878	4.21494e-06	1.11922
0.000164383	47.6588	4.21494e-06	1.73184
0.000172813	52.5639	4.21494e-06	1.1456
0.000181243	55.5788	4.21494e-06	1.16757
0.000189672	61.833	4.21494e-06	1.16324
0.000198102	66.164	4.21494e-06	1.24044
0.000206532	77.2394	4.21494e-06	2.22637
0.000214962	81.2158	4.21494e-06	1.63885
0.000223392	85.6818	4.21494e-06	1.68507
0.000231822	93.4289	4.21494e-06	2.06373
0.000240252	100.05	4.21494e-06	1.65485
0.000248682	106.786	4.21494e-06	1.72835
0.000257112	112.831	4.21494e-06	1.67572
0.000265541	118.979	4.21494e-06	1.68267
0.000273971	131.866	4.21494e-06	3.00008
0.000282401	139.667	4.21494e-06	2.71918
0.000290831	144.237	4.21494e-06	1.81842
0.000299261	152.693	4.21494e-06	1.96375
0.000307691	161.478	4.21494e-06	2.14714
0.000316121	167.949	4.21494e-06	2.05311
0.000324551	182.161	4.21494e-06	3.11646
0.00033298	189.089	4.21494e-06	2.49088
0.00034141	200.018	4.21494e-06	2.48844
0.00034984	209.748	4.21494e-06	2.84322
0.00035827	215.308	4.21494e-06	2.47276
0.0003667	225.206	4.21494e-06	2.70265
0.00037513	243.447	4.21494e-06	3.15445
0.00038356	249.934	4.21494e-06	3.06386
0.00039199	252.612	4.21494e-06	2.60415
0.00040042	269.207	4.21494e-06	2.85403
0.000408849	275.474	4.21494e-06	2.90041
0.000417279	302.402	4.21494e-06	6.66223
0.000425709	296.897	4.21494e-06	3.09127
0.000434139	313.172	4.21494e-06	4.94092
0.000442569	321.241	4.21494e-06	3.09326
0.000450999	333.379	4.21494e-06	3.24656
0.000459429	343.685	4.21494e-06	3.09144
0.000467859	354.091	4.21494e-06	3.14376
0.000476289	367.914	4.21494e-06	3.29988
0.000484718	384.039	4.21494e-06	3.37557
0.000493148	391.529	4.21494e-06	3.65554
0.000501578	402.75	4.21494e-06	4.36824
0.000510008	416.634	4.21494e-06	3.56961
0.000518438	430.586	4.21494e-06	4.49401
0.000526868	439.365	4.21494e-06	3.57478
0.000535298	452.182	4.21494e-06	4.24714
0.000543728	455.817	4.21494e-06	3.34299
0.000552158	487.768	4.21494e-06	5.88356
0.000560587	489.534	4.21494e-06	5.08868
0.000569017	499.932	4.21494e-06	4.05887
0.000577447	512.094	4.21494e-06	3.92321
0.000585877	522.388	4.21494e-06	4.75879
0.000594307	535.876	4.21494e-06	4.95005
0.000602737	541.645	4.21494e-06	3.82919
0.000611167	559.718	4.21494e-06	4.45068
0.000619597	576.849	4.21494e-06	4.67428
0.000628026	585.59	4.21494e-06	5.06087
0.000636456	595.795	4.21494e-06	4.23363
0.000644886	609.5	4.21494e-06	5.22116
0.000653316	606.53	4.21494e-06	4.20716
0.000661746	630.746	4.21494e-06	4.55987
0.000670176	634.911	4.21494e-06	4.46358
0.000678606	661	4.21494e-06	6.1665
0.000687036	667.455	4.21494e-06	5.32195
0.000695466	675.756	4.21494e-06	4.39684
0.000703895	682.668	4.21494e-06	4.80139
0.000712325	692.908	4.21494e-06	5.32372
0.000720755	705.299	4.21494e-06	5.83983
0.000729185	742.195	4.21494e-06	19.4466
0.000737615	735.668	4.21494e-06	7.07138
0.000746045	759.742	4.21494e-06	20.6523
0.000754475	740.212	4.21494e-06	5.0683
0.000762905	765.773	4.21494e-06	7.88479
0.000771335	767.157	4.21494e-06	5.23132
0.000779764	773.949	4.21494e-06	4.57125
0.000788194	785.382	4.21494e-06	5.48857
0.000796624	795.18	4.21494e-06	7.11128
0.000805054	804.375	4.21494e-06	5.40853
0.000813484	808.496	4.21494e-06	5.57718
0.000821914	805.288	4.21494e-06	4.69354
0.000830344	820.958	4.21494e-06	6.34551
0.000838774	815.665	4.21494e-06	4.49117
0.000847204	836.042	4.21494e-06	5.44282
0.000855633	851.632	4.21494e-06	5.25471
0.000864063	837.24	4.21494e-06	4.97057
0.000872493	846.634	4.21494e-06	5.2876
0.000880923	849.401	4.21494e-06	4.94684
0.000889353	867.117	4.21494e-06	5.2974
0.000897783	873.079	4.21494e-06	7.15762
0.000906213	870.471	4.21494e-06	5.38005
0.000914643	871.229	4.21494e-06	5.22434
0.000923072	893.283	4.21494e-06	7.05387
0.000931502	884.629	4.21494e-06	5.04668
0.000939932	890.69	4.21494e-06	5.58165
0.000948362	896.356	4.21494e-06	5.76001
0.000956792	902.67	4.21494e-06	5.34554
0.000965222	896.98	4.21494e-06	5.45018
0.000973652	905.31	4.21494e-06	5.3132
0.000982082	902.354	4.21494e-06	5.35749
0.000990512	909.836	4.21494e-06	5.88023
0.000998941	913.413	4.21494e-06	5.47417
0.00100737	917.372	4.21494e-06	5.75286
0.0010158	923.246	4.21494e-06	5.99002
0.00102423	919.724	4.21494e-06	5.91486
0.00103266	920.252	4.21494e-06	5.89337
0.00104109	923.997	4.21494e-06	5.89285
0.00104952	923.652	4.21494e-06	5.21972
0.00105795	918.853	4.21494e-06	5.85683
0.00106638	918.904	4.21494e-06	5.93699
0.00107481	909.822	4.21494e-06	5.72338
0.00108324	937.839	4.21494e-06	17.3652
0.00109167	918.508	4.21494e-06	6.18659
0.0011001	905.64	4.21494e-06	5.54422
0.00110853	906.419	4.21494e-06	5.28047
0.00111696	903.67	4.21494e-06	5.04668
0.00112539	909.205	4.21494e-06	6.25413
0.00113382	898.971	4.21494e-06	7.07612
0.00114225	883.265	4.21494e-06	5.2548
0.00115068	880.606	4.21494e-06	5.61275
0.00115911	895.761	4.21494e-06	7.02965
0.00116754	877.343	4.21494e-06	5.32354
0.00117597	873.016	4.21494e-06	7.57634
0.0011844	873.1	4.21494e-06	5.24964
0.00119283	872.958	4.21494e-06	5.62681
0.00120126	862.854	4.21494e-06	5.84971
0.00120969	854.717	4.21494e-06	6.42038
0.00121812	851.545	4.21494e-06	5.12647
0.00122655	834.894	4.21494e-06	4.81163
0.00123498	836.842	4.21494e-06	5.39961
0.00124341	827.15	4.21494e-06	4.94654
0.00125184	828.538	4.21494e-06	6.47995
0.00126027	816.981	4.21494e-06	5.6935
0.0012687	808.706	4.21494e-06	4.98616
0.00127713	791.386	4.21494e-06	6.00667
0.00128556	797.149	4.21494e-06	5.35027
0.00129399	791.675	4.21494e-06	6.74395
0.00130242	774.72	4.21494e-06	5.47537
0.00131085	770.501	4.21494e-06	4.94189
0.00131928	758.152	4.21494e-06	5.0285
0.00132771	745.796	4.21494e-06	4.66755
0.00133614	744.791	4.21494e-06	5.22478
0.00134457	742.908	4.21494e-06	7.36246
0.001353	733.616	4.21494e-06	5.15021
0.00136143	723.414	4.21494e-06	4.69628
0.00136986	707.5	4.21494e-06	5.144
0.00137829	692.673	4.21494e-06	4.82995
0.00138672	688.152	4.21494e-06	4.35169
0.00139515	688.679	4.21494e-06	5.47589
0.00140358	677.221	4.21494e-06	5.254
0.00141201	662.079	4.21494e-06	4.61253
0.00142044	645.456	4.21494e-06	4.51645
0.00142887	642.039	4.21494e-06	4.29417
0.0014373	634.791	4.21494e-06	4.89199
0.00144573	615.374	4.21494e-06	4.09836
0.00145416	623.265	4.21494e-06	5.01065
0.00146259	601.518	4.21494e-06	4.179
0.00147102	604.344	4.21494e-06	4.86879
0.00147944	591.317	4.21494e-06	4.74843
0.00148787	569.358	4.21494e-06	4.10348
0.0014963	573.275	4.21494e-06	4.53591
0.00150473	559.241	4.21494e-06	4.47631
0.00151316	549.914	4.21494e-06	4.17752
0.00152159	529.052	4.21494e-06	4.60727
0.00153002	530.55	4.21494e-06	4.09961
0.00153845	534.8	4.21494e-06	12.5051
0.00154688	507.552	4.21494e-06	3.82441
0.00155531	507.293	4.21494e-06	6.61538
0.00156374	489.608	4.21494e-06	4.01573
0.00157217	475.782	4.21494e-06	3.82008
0.0015806	471.899	4.21494e-06	4.27724
0.00158903	461.414	4.21494e-06	4.4675
0.00159746	451.203	4.21494e-06	3.90199
0.00160589	440.083	4.21494e-06	4.28675
0.00161432	424.919	4.21494e-06	3.50944
0.00162275	417.702	4.21494e-06	3.46064
0.00163118	420.013	4.21494e-06	7.54576
0.00163961	404.067	4.21494e-06	3.68617
0.00164804	398.047	4.21494e-06	3.64439
0.00165647	386.229	4.21494e-06	3.49908
0.0016649	374.237	4.21494e-06	3.32253
0.00167333	366.318	4.21494e-06	3.74657
0.00168176	361.339	4.21494e-06	3.69212
0.00169019	358.11	4.21494e-06	3.59564
0.00169862	340.74	4.21494e-06	3.27554
0.00170705	336.024	4.21494e-06	3.48165
0.00171548	324.378	4.21494e-06	3.36376
0.00172391	318.774	4.21494e-06	3.2114
0.00173234	311.282	4.21494e-06	3.85831
0.00174077	301.974	4.21494e-06	3.63841
0.0017492	299.843	4.21494e-06	3.21375
0.00175763	285.988	4.21494e-06	3.02598
0.00176606	276.801	4.21494e-06	3.04216
0.00177449	278.761	4.21494e-06	4.99353
0.00178292	266.527	4.21494e-06	4.23695
0.00179135	255.691	4.21494e-06	2.72345
0.00179978	252.995	4.21494e-06	3.23637
0.00180821	237.71	4.21494e-06	2.76978
0.00181664	235.265	4.21494e-06	3.3152
0.00182507	227.194	4.21494e-06	2.7783
0.0018335	225.593	4.21494e-06	3.64222
0.00184193	215.344	4.21494e-06	2.56486
0.00185036	206.488	4.21494e-06	2.70458
0.00185879	206.817	4.21494e-06	3.38445
0.00186722	192.114	4.21494e-06	2.23101
0.00187565	188.822	4.21494e-06	2.56845
0.00188408	186.003	4.21494e-06	3.4188
0.00189251	180.673	4.21494e-06	2.53672
0.00190094	173.754	4.21494e-06	2.1679
0.00190937	166.623	4.21494e-06	2.11912
0.0019178	167.408	4.21494e-06	3.65485
0.00192623	154.359	4.21494e-06	2.90231
0.00193466	152.538	4.21494e-06	2.38933
0.00194309	147.421	4.21494e-06	2.1943
0.00195152	141.566	4.21494e-06	1.98998
0.00195995	136.711	4.21494e-06	2.18116
0.00196838	136.288	4.21494e-06	2.25947
0.00197681	129.518	4.21494e-06	2.36077
0.00198524	125.102	4.21494e-06	2.19286
0.00199367	120.382	4.21494e-06	1.81637
0.0020021	114.425	4.21494e-06	1.90576
0.00201053	109.985	4.21494e-06	2.45138
0.00201896	108.251	4.21494e-06	1.73754
0.00202739	104.467	4.21494e-06	1.85459
0.00203582	104.962	4.21494e-06	5.06476
0.00204425	97.2758	4.21494e-06	1.67576
0.00205268	88.538	4.21494e-06	1.61308
0.00206111	86.0947	4.21494e-06	1.58747
0.00206954	84.0348	4.21494e-06	1.53074
0.00207797	80.9753	4.21494e-06	1.59413
0.0020864	79.3259	4.21494e-06	1.73291
0.00209483	75.122	4.21494e-06	1.4482
0.00210326	73.0437	4.21494e-06	2.26021
0.00211169	69.2843	4.21494e-06	1.34791
0.00212012	66.9556	4.21494e-06	1.78176
0.00212855	64.436	4.21494e-06	1.72157
0.00213698	60.5091	4.21494e-06	1.60432
0.00214541	56.5656	4.21494e-06	1.787
0.00215384	54.8183	4.21494e-06	1.14768
0.00216227	53.1839	4.21494e-06	1.26491
0.0021707	52.7352	4.21494e-06	1.474
0.00217913	47.1753	4.21494e-06	1.03933
0.00218756	45.5046	4.21494e-06	1.28302
0.00219599	53.3517	4.21494e-06	3.63755
0.00220442	42.1613	4.21494e-06	1.28455
0.00221285	40.0187	4.21494e-06	0.980206
0.00222127	37.6833	4.21494e-06	0.974449
0.0022297	36.2445	4.21494e-06	1.09159
0.00223813	35.0341	4.21494e-06	1.06362
0.00224656	35.7311	4.21494e-06	1.80644
0.00225499	31.4419	4.21494e-06	0.936696
0.00226342	31.4259	4.21494e-06	0.976468
0.00227185	30.3669	4.21494e-06	1.35222
0.00228028	26.4787	4.21494e-06	0.793948
0.00228871	26.5077	4.21494e-06	0.956313
0.00229714	25.0637	4.21494e-06	1.43813
0.00230557	23.3326	4.21494e-06	0.985098
0.002314	21.8821	4.21494e-06	0.798047
0.00232243	21.2702	4.21494e-06	0.817375
0.00233086	19.2218	4.21494e-06	0.677716
0.00233929	16.8798	4.21494e-06	0.662435
0.00234772	16.5432	4.21494e-06	0.636923
0.00235615	17.1594	4.21494e-06	0.663026
0.00236458	14.9094	4.21494e-06	0.628112
0.00237301	14.4539	4.21494e-06	0.630419
0.00238144	14.4986	4.21494e-06	0.656964
0.00238987	11.967	4.21494e-06	0.553006
0.0023983	10.251	4.21494e-06	0.449489
0.00240673	10.2032	4.21494e-06	0.463042
0.00241516	11.4265	4.21494e-06	0.893084
0.00242359	8.69351	4.21494e-06	0.40892
0.00243202	8.55507	4.21494e-06	0.400074
0.00244045	6.97275	4.21494e-06	0.421537
0.00244888	8.11451	4.21494e-06	0.46226
0.00245731	6.77759	4.21494e-06	0.380737
0.00246574	5.7289	4.21494e-06	0.314223
0.00247417	5.10656	4.21494e-06	0.312773
0.0024826	4.49933	4.21494e-06	0.290929
0.00249103	4.58369	4.21494e-06	0.281603
0.00249946	3.84245	4.21494e-06	0.284235
0.00250789	3.30145	4.21494e-06	0.239958
0.00251632	3.04417	4.21494e-06	0.222496
0.00252475	2.61727	4.21494e-06	0.205738
0.00253318	1.98058	4.21494e-06	0.176452
0.00254161	1.73314	4.21494e-06	0.161593
0.00255004	1.13007	4.21494e-06	0.130521
0.00255847	0.954847	4.21494e-06	0.11857
0.0025669	0.519081	4.21494e-06	0.0866361
0.00257533	0.276869	4.21494e-06	0.0622185
0.00258376	0.0272886	4.21494e-06	0.0193029
