4.21494e-06	0.0597782	4.21494e-06	0.027745
1.26448e-05	0.212916	4.21494e-06	0.058949
2.10747e-05	0.725287	4.21494e-06	0.136677
2.95046e-05	1.50697	4.21494e-06	0.177415
3.79345e-05	2.39094	4.21494e-06	0.233478
4.63644e-05	3.65531	4.21494e-06	0.25806
5.47943e-05	5.40048	4.21494e-06	0.406937
6.32241e-05	6.64659	4.21494e-06	0.381982
7.1654e-05	8.81507	4.21494e-06	0.444226
8.00839e-05	9.85213	4.21494e-06	0.500766
8.85138e-05	13.3035	4.21494e-06	0.550014
9.69437e-05	15.0605	4.21494e-06	0.555661
0.000105374	18.7975	4.21494e-06	0.664703
0.000113803	25.4473	4.21494e-06	1.63185
0.000122233	24.3273	4.21494e-06	0.749504
0.000130663	31.5531	4.21494e-06	1.26828
0.000139093	33.5439	4.21494e-06	1.2211
0.000147523	37.3569	4.21494e-06	1.01026
0.000155953	40.7164	4.21494e-06	1.0702
0.000164383	45.959	4.21494e-06	1.11304
0.000172813	49.3984	4.21494e-06	1.08057
0.000181243	57.5359	4.21494e-06	1.54669
0.000189672	62.8782	4.21494e-06	1.57396
0.000198102	67.6466	4.21494e-06	1.50692
0.000206532	70.826	4.21494e-06	1.35048
0.000214962	82.6279	4.21494e-06	2.22142
0.000223392	85.6314	4.21494e-06	1.56916
0.000231822	99.3351	4.21494e-06	3.19996
0.000240252	102.496	4.21494e-06	2.1986
0.000248682	104.778	4.21494e-06	1.8118
0.000257112	111.237	4.21494e-06	1.82514
0.000265541	122.173	4.21494e-06	1.91062
0.000273971	127.762	4.21494e-06	2.04603
0.000282401	141.472	4.21494e-06	3.43911
0.000290831	139.927	4.21494e-06	1.92148
0.000299261	147.986	4.21494e-06	1.98039
0.000307691	162.967	4.21494e-06	2.31976
0.000316121	169.564	4.21494e-06	2.4261
0.000324551	179.929	4.21494e-06	2.42939
0.00033298	188.226	4.21494e-06	2.51486
0.00034141	195.926	4.21494e-06	2.48599
0.00034984	207.977	4.21494e-06	2.58221
0.00035827	221.736	4.21494e-06	3.18841
0.0003667	226.689	4.21494e-06	2.55662
0.00037513	237.941	4.21494e-06	3.11358
0.00038356	252.348	4.21494e-06	3.95524
0.00039199	259.282	4.21494e-06	3.28391
0.00040042	274.321	4.21494e-06	3.23478
0.000408849	281.662	4.21494e-06	2.92286
0.000417279	289.201	4.21494e-06	2.93615
0.000425709	300.955	4.21494e-06	3.64563
0.000434139	308.844	4.21494e-06	3.04713
0.000442569	321.45	4.21494e-06	3.06088
0.000450999	331.888	4.21494e-06	3.58038
0.000459429	345.583	4.21494e-06	3.42222
0.000467859	353.155	4.21494e-06	2.93898
0.000476289	364.098	4.21494e-06	3.01959
0.000484718	385.689	4.21494e-06	3.71506
0.000493148	388.16	4.21494e-06	3.36432
0.000501578	399.983	4.21494e-06	3.57656
0.000510008	411.768	4.21494e-06	3.35155
0.000518438	427.04	4.21494e-06	3.50503
0.000526868	437.963	4.21494e-06	4.07739
0.000535298	445.006	4.21494e-06	3.69577
0.000543728	464.942	4.21494e-06	3.83211
0.000552158	478.724	4.21494e-06	4.59221
0.000560587	483.705	4.21494e-06	3.87333
0.000569017	499.227	4.21494e-06	3.9104
0.000577447	518.514	4.21494e-06	5.38895
0.000585877	521.198	4.21494e-06	3.77466
0.000594307	527.733	4.21494e-06	3.9121
0.000602737	542.04	4.21494e-06	3.88407
0.000611167	554.679	4.21494e-06	4.19103
0.000619597	574.434	4.21494e-06	4.45887
0.000628026	583.577	4.21494e-06	4.24606
0.000636456	589.361	4.21494e-06	3.98761
0.000644886	608.534	4.21494e-06	4.28462
0.000653316	630.121	4.21494e-06	7.99455
0.000661746	633.421	4.21494e-06	4.96619
0.000670176	651.663	4.21494e-06	4.4646
0.000678606	643.21	4.21494e-06	4.2548
0.000687036	663.538	4.21494e-06	4.64542
0.000695466	672.16	4.21494e-06	5.79755
0.000703895	681.011	4.21494e-06	4.50938
0.000712325	836.686	4.21494e-06	99.1333
0.000720755	699.689	4.21494e-06	4.35034
0.000729185	713.227	4.21494e-06	4.7306
0.000737615	724.1	4.21494e-06	5.24017
0.000746045	720.891	4.21494e-06	4.55112
0.000754475	744.115	4.21494e-06	4.98813
0.000762905	756.937	4.21494e-06	7.42126
0.000771335	763.233	4.21494e-06	6.42137
0.000779764	778.586	4.21494e-06	5.02834
0.000788194	778.513	4.21494e-06	4.84894
0.000796624	779.925	4.21494e-06	4.75433
0.000805054	795.803	4.21494e-06	5.2023
0.000813484	800.702	4.21494e-06	4.81804
0.000821914	804.62	4.21494e-06	4.55593
0.000830344	821.252	4.21494e-06	6.39095
0.000838774	830.484	4.21494e-06	6.60022
0.000847204	836.325	4.21494e-06	4.87711
0.000855633	843.78	4.21494e-06	7.1721
0.000864063	854.563	4.21494e-06	5.6287
0.000872493	848.219	4.21494e-06	4.70238
0.000880923	866.927	4.21494e-06	5.50123
0.000889353	867.579	4.21494e-06	5.62777
0.000897783	872.251	4.21494e-06	5.0626
0.000906213	878.207	4.21494e-06	5.39663
0.000914643	890.222	4.21494e-06	5.68077
0.000923072	882.455	4.21494e-06	5.08602
0.000931502	892.573	4.21494e-06	6.13876
0.000939932	891.399	4.21494e-06	7.69067
0.000948362	891.973	4.21494e-06	5.13169
0.000956792	898.283	4.21494e-06	4.98904
0.000965222	913.003	4.21494e-06	5.67048
0.000973652	923.091	4.21494e-06	16.1779
0.000982082	909.108	4.21494e-06	5.03677
0.000990512	908.991	4.21494e-06	5.20466
0.000998941	922.794	4.21494e-06	6.48324
0.00100737	915.641	4.21494e-06	5.20642
0.0010158	914.556	4.21494e-06	7.01184
0.00102423	912.127	4.21494e-06	5.1669
0.00103266	935.608	4.21494e-06	9.20998
0.00104109	920.275	4.21494e-06	5.70312
0.00104952	917.576	4.21494e-06	5.84631
0.00105795	916.906	4.21494e-06	4.85195
0.00106638	925.578	4.21494e-06	5.33916
0.00107481	924.011	4.21494e-06	5.58304
0.00108324	906.477	4.21494e-06	5.18658
0.00109167	909.105	4.21494e-06	5.29189
0.0011001	913.427	4.21494e-06	5.40522
0.00110853	905.178	4.21494e-06	5.56661
0.00111696	901.529	4.21494e-06	4.95919
0.00112539	923.746	4.21494e-06	9.60162
0.00113382	896.002	4.21494e-06	5.73034
0.00114225	890.894	4.21494e-06	4.92123
0.00115068	890.982	4.21494e-06	5.56528
0.00115911	880.723	4.21494e-06	4.78416
0.00116754	882.195	4.21494e-06	5.74985
0.00117597	875.628	4.21494e-06	4.76827
0.0011844	873.581	4.21494e-06	6.09638
0.00119283	861.865	4.21494e-06	5.57185
0.00120126	860.125	4.21494e-06	6.8987
0.00120969	851.18	4.21494e-06	5.611
0.00121812	854.176	4.21494e-06	6.63477
0.00122655	844.623	4.21494e-06	5.59239
0.00123498	830.255	4.21494e-06	4.61527
0.00124341	830.133	4.21494e-06	5.78676
0.00125184	822.216	4.21494e-06	4.75016
0.00126027	816.52	4.21494e-06	5.14479
0.0012687	818.008	4.21494e-06	6.25202
0.00127713	800.145	4.21494e-06	4.59738
0.00128556	797.945	4.21494e-06	4.97347
0.00129399	789.3	4.21494e-06	4.77459
0.00130242	779.036	4.21494e-06	5.04658
0.00131085	767.956	4.21494e-06	4.98382
0.00131928	771.175	4.21494e-06	4.78993
0.00132771	747.174	4.21494e-06	4.80781
0.00133614	757.672	4.21494e-06	7.57946
0.00134457	739.58	4.21494e-06	4.6073
0.001353	728.593	4.21494e-06	4.40252
0.00136143	716.228	4.21494e-06	4.32513
0.00136986	712.429	4.21494e-06	5.82732
0.00137829	694.842	4.21494e-06	4.92909
0.00138672	697.415	4.21494e-06	5.40277
0.00139515	688.38	4.21494e-06	5.17652
0.00140358	680.871	4.21494e-06	5.84747
0.00141201	666.568	4.21494e-06	4.3492
0.00142044	652.708	4.21494e-06	4.11735
0.00142887	643.365	4.21494e-06	4.09234
0.0014373	636.312	4.21494e-06	4.13675
0.00144573	621.529	4.21494e-06	4.29275
0.00145416	614.911	4.21494e-06	4.24858
0.00146259	604.493	4.21494e-06	3.90206
0.00147102	588.209	4.21494e-06	3.67015
0.00147944	583.193	4.21494e-06	3.95413
0.00148787	567.742	4.21494e-06	3.8108
0.0014963	561.492	4.21494e-06	4.25409
0.00150473	548.702	4.21494e-06	3.8191
0.00151316	546.459	4.21494e-06	4.33778
0.00152159	536.18	4.21494e-06	3.94186
0.00153002	532.799	4.21494e-06	7.15781
0.00153845	518	4.21494e-06	3.79325
0.00154688	502.874	4.21494e-06	3.75437
0.00155531	500.729	4.21494e-06	3.96874
0.00156374	493.257	4.21494e-06	3.66286
0.00157217	480.297	4.21494e-06	4.79677
0.0015806	472.149	4.21494e-06	3.82561
0.00158903	455.655	4.21494e-06	3.41031
0.00159746	451.237	4.21494e-06	3.62284
0.00160589	436.81	4.21494e-06	3.29361
0.00161432	429.05	4.21494e-06	3.48268
0.00162275	425.38	4.21494e-06	3.40745
0.00163118	413.015	4.21494e-06	4.01723
0.00163961	403.722	4.21494e-06	3.9205
0.00164804	396.689	4.21494e-06	4.6253
0.00165647	386.144	4.21494e-06	3.46811
0.0016649	374.588	4.21494e-06	3.03213
0.00167333	358.985	4.21494e-06	2.85305
0.00168176	384.894	4.21494e-06	22.1236
0.00169019	351.116	4.21494e-06	3.71627
0.00169862	346.262	4.21494e-06	5.36822
0.00170705	329.051	4.21494e-06	2.75526
0.00171548	330.091	4.21494e-06	3.12732
0.00172391	318.581	4.21494e-06	4.35208
0.00173234	316.484	4.21494e-06	9.08959
0.00174077	299.039	4.21494e-06	2.88504
0.0017492	294.899	4.21494e-06	3.02216
0.00175763	280.25	4.21494e-06	2.539
0.00176606	276.382	4.21494e-06	3.0104
0.00177449	269.154	4.21494e-06	2.57882
0.00178292	262.323	4.21494e-06	2.68291
0.00179135	254.191	4.21494e-06	2.48005
0.00179978	241.525	4.21494e-06	2.32447
0.00180821	239.235	4.21494e-06	2.3976
0.00181664	246.275	4.21494e-06	7.9165
0.00182507	225.849	4.21494e-06	2.85077
0.0018335	218.935	4.21494e-06	2.88209
0.00184193	215.768	4.21494e-06	2.22875
0.00185036	206.234	4.21494e-06	2.29676
0.00185879	202.496	4.21494e-06	2.73756
0.00186722	193.741	4.21494e-06	2.38059
0.00187565	190.225	4.21494e-06	2.14721
0.00188408	182.497	4.21494e-06	2.25868
0.00189251	180.006	4.21494e-06	3.19303
0.00190094	172.779	4.21494e-06	2.16701
0.00190937	167.857	4.21494e-06	2.16477
0.0019178	159.492	4.21494e-06	2.11776
0.00192623	154.02	4.21494e-06	1.8691
0.00193466	148.91	4.21494e-06	1.77197
0.00194309	149.167	4.21494e-06	2.63904
0.00195152	145.695	4.21494e-06	3.87057
0.00195995	139.723	4.21494e-06	1.90757
0.00196838	131.7	4.21494e-06	2.01982
0.00197681	129.515	4.21494e-06	1.7256
0.00198524	122.545	4.21494e-06	1.82916
0.00199367	119.842	4.21494e-06	1.72779
0.0020021	115.093	4.21494e-06	1.98731
0.00201053	107.034	4.21494e-06	1.45464
0.00201896	106.258	4.21494e-06	1.50681
0.00202739	102.735	4.21494e-06	1.49287
0.00203582	96.8647	4.21494e-06	1.41088
0.00204425	96.0433	4.21494e-06	1.43572
0.00205268	91.4556	4.21494e-06	1.42844
0.00206111	87.8436	4.21494e-06	1.49995
0.00206954	88.095	4.21494e-06	2.90717
0.00207797	80.7823	4.21494e-06	1.26046
0.0020864	78.893	4.21494e-06	1.42265
0.00209483	74.8102	4.21494e-06	1.2804
0.00210326	70.5374	4.21494e-06	1.14124
0.00211169	68.9467	4.21494e-06	1.46439
0.00212012	66.8787	4.21494e-06	1.13431
0.00212855	68.1804	4.21494e-06	2.37584
0.00213698	62.4053	4.21494e-06	1.57809
0.00214541	57.6753	4.21494e-06	1.0841
0.00215384	54.8793	4.21494e-06	1.19282
0.00216227	53.3959	4.21494e-06	1.06263
0.0021707	49.0677	4.21494e-06	1.01576
0.00217913	48.6328	4.21494e-06	1.00163
0.00218756	44.843	4.21494e-06	0.919824
0.00219599	43.6834	4.21494e-06	0.939351
0.00220442	42.8967	4.21494e-06	1.04218
0.00221285	41.4876	4.21494e-06	1.18141
0.00222127	39.3404	4.21494e-06	0.95016
0.0022297	36.1167	4.21494e-06	0.838982
0.00223813	33.4872	4.21494e-06	0.776351
0.00224656	33.8941	4.21494e-06	0.829464
0.00225499	31.0881	4.21494e-06	0.763147
0.00226342	28.7812	4.21494e-06	0.674255
0.00227185	28.2	4.21494e-06	0.693697
0.00228028	26.5447	4.21494e-06	0.646321
0.00228871	25.2283	4.21494e-06	0.630859
0.00229714	24.2536	4.21494e-06	0.626909
0.00230557	22.8223	4.21494e-06	0.610873
0.002314	21.7794	4.21494e-06	0.581787
0.00232243	21.0654	4.21494e-06	0.753638
0.00233086	18.1355	4.21494e-06	0.527985
0.00233929	18.2649	4.21494e-06	0.584035
0.00234772	17.0658	4.21494e-06	0.545023
0.00235615	15.7598	4.21494e-06	0.499601
0.00236458	15.4439	4.21494e-06	0.471155
0.00237301	14.018	4.21494e-06	0.456503
0.00238144	13.4719	4.21494e-06	0.432715
0.00238987	12.5001	4.21494e-06	0.431043
0.0023983	11.394	4.21494e-06	0.421238
0.00240673	11.1728	4.21494e-06	0.392913
0.00241516	9.67538	4.21494e-06	0.363228
0.00242359	9.75609	4.21494e-06	0.359932
0.00243202	7.60821	4.21494e-06	0.305971
0.00244045	7.8228	4.21494e-06	0.31583
0.00244888	6.92018	4.21494e-06	0.296864
0.00245731	6.59781	4.21494e-06	0.287806
0.00246574	5.99508	4.21494e-06	0.273189
0.00247417	4.60966	4.21494e-06	0.232409
0.0024826	4.77652	4.21494e-06	0.239787
0.00249103	4.19904	4.21494e-06	0.224435
0.00249946	3.48148	4.21494e-06	0.199834
0.00250789	3.08065	4.21494e-06	0.191793
0.00251632	2.82693	4.21494e-06	0.180428
0.00252475	2.27524	4.21494e-06	0.163377
0.00253318	1.93327	4.21494e-06	0.147603
0.00254161	1.41802	4.21494e-06	0.12558
0.00255004	1.28612	4.21494e-06	0.119635
0.00255847	0.817504	4.21494e-06	0.0949418
0.0025669	0.730684	4.21494e-06	0.0891402
0.00257533	0.219751	4.21494e-06	0.0493195
0.00258376	0.0215748	4.21494e-06	0.0152567
