4.21494e-06	0.0339309	4.21494e-06	0.0204437
1.26448e-05	0.21353	4.21494e-06	0.0621645
2.10747e-05	0.795125	4.21494e-06	0.155852
2.95046e-05	1.05872	4.21494e-06	0.129633
3.79345e-05	2.34325	4.21494e-06	0.218559
4.63644e-05	3.53558	4.21494e-06	0.306296
5.47943e-05	4.31558	4.21494e-06	0.277003
6.32241e-05	6.9744	4.21494e-06	0.426271
7.1654e-05	8.7328	4.21494e-06	0.578875
8.00839e-05	11.2129	4.21494e-06	0.645692
8.85138e-05	12.6405	4.21494e-06	0.568894
9.69437e-05	15.3361	4.21494e-06	0.674681
0.000105374	18.6803	4.21494e-06	0.712513
0.000113803	22.6069	4.21494e-06	0.803132
0.000122233	25.0596	4.21494e-06	0.862669
0.000130663	28.6576	4.21494e-06	0.986793
0.000139093	30.1628	4.21494e-06	0.902689
0.000147523	36.6087	4.21494e-06	1.06068
0.000155953	41.1951	4.21494e-06	0.973273
0.000164383	45.7794	4.21494e-06	1.1826
0.000172813	49.8688	4.21494e-06	1.30112
0.000181243	56.1486	4.21494e-06	1.85469
0.000189672	62.1119	4.21494e-06	1.40089
0.000198102	67.7613	4.21494e-06	1.37604
0.000206532	72.3567	4.21494e-06	1.51546
0.000214962	81.5479	4.21494e-06	1.67638
0.000223392	87.6178	4.21494e-06	1.59206
0.000231822	89.425	4.21494e-06	1.82034
0.000240252	101.045	4.21494e-06	2.11729
0.000248682	108.089	4.21494e-06	2.09006
0.000257112	114.624	4.21494e-06	2.65285
0.000265541	119.11	4.21494e-06	1.94907
0.000273971	124.889	4.21494e-06	1.77674
0.000282401	136.689	4.21494e-06	2.10307
0.000290831	143.802	4.21494e-06	2.20531
0.000299261	155.618	4.21494e-06	2.55766
0.000307691	159.905	4.21494e-06	2.3095
0.000316121	173.806	4.21494e-06	3.18935
0.000324551	181.008	4.21494e-06	2.51237
0.00033298	185.401	4.21494e-06	2.21688
0.00034141	197.944	4.21494e-06	2.41749
0.00034984	207.148	4.21494e-06	2.46672
0.00035827	217.398	4.21494e-06	2.55328
0.0003667	228.279	4.21494e-06	2.84532
0.00037513	239.177	4.21494e-06	2.86344
0.00038356	243.089	4.21494e-06	2.60257
0.00039199	253.954	4.21494e-06	3.02238
0.00040042	263.431	4.21494e-06	2.69451
0.000408849	277.518	4.21494e-06	3.28895
0.000417279	281.688	4.21494e-06	2.88851
0.000425709	301.013	4.21494e-06	3.74165
0.000434139	311.739	4.21494e-06	3.21757
0.000442569	325.406	4.21494e-06	3.747
0.000450999	331.939	4.21494e-06	3.03803
0.000459429	351.017	4.21494e-06	3.81676
0.000467859	358.17	4.21494e-06	3.47332
0.000476289	379.628	4.21494e-06	3.57328
0.000484718	378.035	4.21494e-06	3.13816
0.000493148	390.35	4.21494e-06	3.74044
0.000501578	403.365	4.21494e-06	3.50142
0.000510008	415.041	4.21494e-06	3.40993
0.000518438	430.134	4.21494e-06	3.76295
0.000526868	448.693	4.21494e-06	4.28078
0.000535298	456.524	4.21494e-06	4.02193
0.000543728	466.701	4.21494e-06	3.70265
0.000552158	475.427	4.21494e-06	3.53163
0.000560587	488.672	4.21494e-06	3.94663
0.000569017	495.004	4.21494e-06	3.57279
0.000577447	513.119	4.21494e-06	3.77509
0.000585877	527.768	4.21494e-06	3.98486
0.000594307	537.793	4.21494e-06	4.78879
0.000602737	546.762	4.21494e-06	4.41734
0.000611167	564.056	4.21494e-06	4.64971
0.000619597	573.775	4.21494e-06	4.89085
0.000628026	590.209	4.21494e-06	4.1701
0.000636456	603.715	4.21494e-06	4.18618
0.000644886	616.272	4.21494e-06	4.65969
0.000653316	612.518	4.21494e-06	4.05132
0.000661746	633.071	4.21494e-06	5.26182
0.000670176	658.686	4.21494e-06	8.40363
0.000678606	652.714	4.21494e-06	4.45359
0.000687036	674.776	4.21494e-06	4.57764
0.000695466	677.062	4.21494e-06	4.81965
0.000703895	691.157	4.21494e-06	7.28682
0.000712325	698.11	4.21494e-06	4.66215
0.000720755	704.928	4.21494e-06	4.49266
0.000729185	735.621	4.21494e-06	8.75437
0.000737615	726.101	4.21494e-06	4.39212
0.000746045	732.064	4.21494e-06	4.57124
0.000754475	760.005	4.21494e-06	10.8925
0.000762905	758.836	4.21494e-06	4.91162
0.000771335	772.709	4.21494e-06	5.27462
0.000779764	777.456	4.21494e-06	4.68905
0.000788194	776.3	4.21494e-06	4.43133
0.000796624	793.662	4.21494e-06	4.8952
0.000805054	803.437	4.21494e-06	5.39857
0.000813484	813.427	4.21494e-06	5.11984
0.000821914	827.083	4.21494e-06	6.71356
0.000830344	825.593	4.21494e-06	4.64877
0.000838774	822.819	4.21494e-06	4.39604
0.000847204	824.303	4.21494e-06	4.49256
0.000855633	847.821	4.21494e-06	4.82463
0.000864063	852.637	4.21494e-06	4.77926
0.000872493	857.612	4.21494e-06	4.91857
0.000880923	864.205	4.21494e-06	4.95053
0.000889353	873.704	4.21494e-06	4.99645
0.000897783	873.64	4.21494e-06	4.92328
0.000906213	884.909	4.21494e-06	5.143
0.000914643	884.575	4.21494e-06	4.79168
0.000923072	889.517	4.21494e-06	4.88678
0.000931502	898.442	4.21494e-06	5.05688
0.000939932	897.707	4.21494e-06	4.76701
0.000948362	908.443	4.21494e-06	5.5149
0.000956792	908.026	4.21494e-06	5.14658
0.000965222	908.37	4.21494e-06	4.91967
0.000973652	905.622	4.21494e-06	4.6413
0.000982082	916.533	4.21494e-06	4.98719
0.000990512	919.679	4.21494e-06	4.67566
0.000998941	917.439	4.21494e-06	4.83602
0.00100737	927.459	4.21494e-06	7.23742
0.0010158	913.272	4.21494e-06	4.6592
0.00102423	928.507	4.21494e-06	4.68594
0.00103266	923.802	4.21494e-06	4.99874
0.00104109	920.233	4.21494e-06	4.53391
0.00104952	928.114	4.21494e-06	5.50369
0.00105795	917.851	4.21494e-06	4.68499
0.00106638	917.003	4.21494e-06	5.32031
0.00107481	914.177	4.21494e-06	4.65329
0.00108324	910.064	4.21494e-06	4.50366
0.00109167	913.758	4.21494e-06	4.84363
0.0011001	920.531	4.21494e-06	7.66156
0.00110853	911.597	4.21494e-06	5.21926
0.00111696	904.614	4.21494e-06	5.01253
0.00112539	903.465	4.21494e-06	4.69724
0.00113382	896.486	4.21494e-06	4.45871
0.00114225	901.701	4.21494e-06	5.38959
0.00115068	901.792	4.21494e-06	5.47122
0.00115911	886.645	4.21494e-06	4.81131
0.00116754	882.407	4.21494e-06	5.29349
0.00117597	872.323	4.21494e-06	4.33384
0.0011844	868.647	4.21494e-06	4.70066
0.00119283	878.591	4.21494e-06	4.88991
0.00120126	862.355	4.21494e-06	4.32695
0.00120969	857.041	4.21494e-06	4.33323
0.00121812	845.146	4.21494e-06	4.63764
0.00122655	841.497	4.21494e-06	4.29989
0.00123498	840.455	4.21494e-06	4.95862
0.00124341	825.09	4.21494e-06	4.33378
0.00125184	825.345	4.21494e-06	4.6194
0.00126027	811.709	4.21494e-06	4.37178
0.0012687	808.481	4.21494e-06	4.16256
0.00127713	801.245	4.21494e-06	4.15664
0.00128556	793.869	4.21494e-06	5.44185
0.00129399	790.385	4.21494e-06	4.02484
0.00130242	782.486	4.21494e-06	4.55304
0.00131085	765.546	4.21494e-06	4.76589
0.00131928	766.315	4.21494e-06	5.83921
0.00132771	753.383	4.21494e-06	4.05814
0.00133614	756.319	4.21494e-06	5.45065
0.00134457	736.708	4.21494e-06	4.0427
0.001353	720.907	4.21494e-06	3.77247
0.00136143	720.856	4.21494e-06	4.30895
0.00136986	705.743	4.21494e-06	3.6812
0.00137829	702.849	4.21494e-06	3.81583
0.00138672	733.276	4.21494e-06	27.506
0.00139515	681.702	4.21494e-06	4.12018
0.00140358	668.944	4.21494e-06	3.59537
0.00141201	664.672	4.21494e-06	3.82085
0.00142044	642.878	4.21494e-06	3.48428
0.00142887	643.183	4.21494e-06	3.67062
0.0014373	637.604	4.21494e-06	4.09181
0.00144573	617.273	4.21494e-06	3.41271
0.00145416	611.881	4.21494e-06	3.64822
0.00146259	600.408	4.21494e-06	4.08577
0.00147102	594.982	4.21494e-06	4.81411
0.00147944	579.972	4.21494e-06	4.5186
0.00148787	579.001	4.21494e-06	3.48451
0.0014963	568.182	4.21494e-06	3.437
0.00150473	559.029	4.21494e-06	3.43188
0.00151316	548.7	4.21494e-06	4.27687
0.00152159	541.826	4.21494e-06	3.42265
0.00153002	521.608	4.21494e-06	3.15191
0.00153845	515.797	4.21494e-06	3.17146
0.00154688	498.529	4.21494e-06	3.09481
0.00155531	494.716	4.21494e-06	3.47759
0.00156374	487.438	4.21494e-06	3.11096
0.00157217	474.647	4.21494e-06	2.98447
0.0015806	463.934	4.21494e-06	2.98692
0.00158903	454.278	4.21494e-06	2.96264
0.00159746	450.41	4.21494e-06	3.55969
0.00160589	437.278	4.21494e-06	2.91609
0.00161432	441.328	4.21494e-06	7.41063
0.00162275	418.669	4.21494e-06	3.14244
0.00163118	416.905	4.21494e-06	4.57291
0.00163961	400.586	4.21494e-06	3.51859
0.00164804	398.811	4.21494e-06	2.76828
0.00165647	386.81	4.21494e-06	2.83241
0.0016649	375.307	4.21494e-06	3.30406
0.00167333	369.687	4.21494e-06	2.69797
0.00168176	358.438	4.21494e-06	2.72186
0.00169019	341.978	4.21494e-06	2.41109
0.00169862	338.218	4.21494e-06	2.96319
0.00170705	325.138	4.21494e-06	2.35886
0.00171548	322.508	4.21494e-06	2.4801
0.00172391	313.942	4.21494e-06	2.40102
0.00173234	307.886	4.21494e-06	2.69866
0.00174077	300.401	4.21494e-06	2.37662
0.0017492	291.106	4.21494e-06	2.65243
0.00175763	288.534	4.21494e-06	3.29804
0.00176606	277.531	4.21494e-06	2.78248
0.00177449	268.993	4.21494e-06	2.39449
0.00178292	258.27	4.21494e-06	2.05062
0.00179135	251.558	4.21494e-06	2.06498
0.00179978	245.792	4.21494e-06	2.00249
0.00180821	240.827	4.21494e-06	3.10808
0.00181664	236.042	4.21494e-06	2.43417
0.00182507	224.795	4.21494e-06	1.92796
0.0018335	218.583	4.21494e-06	1.85773
0.00184193	209.445	4.21494e-06	2.21017
0.00185036	203.96	4.21494e-06	1.7749
0.00185879	197.193	4.21494e-06	1.81671
0.00186722	191.321	4.21494e-06	1.73122
0.00187565	189.099	4.21494e-06	1.76334
0.00188408	184.504	4.21494e-06	2.301
0.00189251	175.49	4.21494e-06	2.60822
0.00190094	169.678	4.21494e-06	1.76519
0.00190937	163.865	4.21494e-06	1.57507
0.0019178	160.317	4.21494e-06	1.67391
0.00192623	153.987	4.21494e-06	1.53795
0.00193466	147.994	4.21494e-06	1.74969
0.00194309	144.864	4.21494e-06	1.51385
0.00195152	138.992	4.21494e-06	1.53388
0.00195995	135.376	4.21494e-06	1.50834
0.00196838	128.539	4.21494e-06	1.424
0.00197681	127.212	4.21494e-06	1.39709
0.00198524	121.283	4.21494e-06	1.35692
0.00199367	117.814	4.21494e-06	1.3109
0.0020021	111.752	4.21494e-06	1.36603
0.00201053	109.263	4.21494e-06	1.31607
0.00201896	105.544	4.21494e-06	1.31124
0.00202739	99.8078	4.21494e-06	1.26874
0.00203582	99.7621	4.21494e-06	2.79601
0.00204425	95.6142	4.21494e-06	1.28788
0.00205268	88.7329	4.21494e-06	1.08282
0.00206111	87.815	4.21494e-06	1.22048
0.00206954	84.2369	4.21494e-06	1.23678
0.00207797	79.4591	4.21494e-06	1.15244
0.0020864	77.8952	4.21494e-06	1.09524
0.00209483	72.2692	4.21494e-06	0.99102
0.00210326	70.8794	4.21494e-06	1.02934
0.00211169	67.9777	4.21494e-06	0.933192
0.00212012	64.0032	4.21494e-06	0.904932
0.00212855	63.1256	4.21494e-06	0.925829
0.00213698	59.1556	4.21494e-06	0.871995
0.00214541	58.9201	4.21494e-06	1.01242
0.00215384	55.6307	4.21494e-06	0.988069
0.00216227	54.3789	4.21494e-06	0.909866
0.0021707	48.7994	4.21494e-06	0.795128
0.00217913	48.3349	4.21494e-06	0.781056
0.00218756	45.7757	4.21494e-06	0.754807
0.00219599	45.0796	4.21494e-06	0.777374
0.00220442	43.361	4.21494e-06	0.761279
0.00221285	40.546	4.21494e-06	0.711002
0.00222127	38.5251	4.21494e-06	0.683781
0.0022297	36.5198	4.21494e-06	0.659097
0.00223813	34.2979	4.21494e-06	0.641262
0.00224656	32.5367	4.21494e-06	0.617163
0.00225499	32.1017	4.21494e-06	0.620421
0.00226342	29.7798	4.21494e-06	0.596506
0.00227185	28.0996	4.21494e-06	0.571311
0.00228028	26.5446	4.21494e-06	0.555975
0.00228871	24.0813	4.21494e-06	0.530197
0.00229714	23.8143	4.21494e-06	0.524287
0.00230557	22.2578	4.21494e-06	0.503461
0.002314	21.4624	4.21494e-06	0.49
0.00232243	20.2887	4.21494e-06	0.477219
0.00233086	18.749	4.21494e-06	0.451428
0.00233929	17.5757	4.21494e-06	0.434844
0.00234772	17.2375	4.21494e-06	0.436713
0.00235615	15.3342	4.21494e-06	0.41198
0.00236458	14.7921	4.21494e-06	0.402952
0.00237301	14.2151	4.21494e-06	0.397783
0.00238144	13.1596	4.21494e-06	0.380783
0.00238987	11.9791	4.21494e-06	0.356824
0.0023983	11.6229	4.21494e-06	0.349144
0.00240673	10.6112	4.21494e-06	0.338689
0.00241516	9.66526	4.21494e-06	0.32148
0.00242359	9.08005	4.21494e-06	0.30952
0.00243202	8.70743	4.21494e-06	0.300114
0.00244045	7.41912	4.21494e-06	0.277942
0.00244888	7.23485	4.21494e-06	0.27497
0.00245731	6.05081	4.21494e-06	0.245646
0.00246574	6.19398	4.21494e-06	0.251374
0.00247417	4.48493	4.21494e-06	0.210245
0.0024826	4.70531	4.21494e-06	0.216461
0.00249103	3.85123	4.21494e-06	0.195091
0.00249946	3.56282	4.21494e-06	0.189829
0.00250789	3.2045	4.21494e-06	0.175068
0.00251632	2.51754	4.21494e-06	0.155537
0.00252475	2.33162	4.21494e-06	0.149202
0.00253318	2.17093	4.21494e-06	0.14389
0.00254161	1.44857	4.21494e-06	0.117558
0.00255004	1.07349	4.21494e-06	0.10054
0.00255847	0.979214	4.21494e-06	0.0958473
0.0025669	0.422915	4.21494e-06	0.0624647
0.00257533	0.183995	4.21494e-06	0.0412115
0.00258376	0.0457535	4.21494e-06	0.0204659
