4.21494e-06	0.0688153	4.21494e-06	0.0248011
1.26448e-05	0.728398	4.21494e-06	0.131975
2.10747e-05	1.19228	4.21494e-06	0.12243
2.95046e-05	2.49819	4.21494e-06	0.224488
3.79345e-05	4.42058	4.21494e-06	0.315789
4.63644e-05	7.3706	4.21494e-06	0.663259
5.47943e-05	9.6408	4.21494e-06	0.480863
6.32241e-05	11.8761	4.21494e-06	0.54734
7.1654e-05	15.6547	4.21494e-06	1.00916
8.00839e-05	20.1449	4.21494e-06	0.72182
8.85138e-05	26.7032	4.21494e-06	1.44858
9.69437e-05	30.4311	4.21494e-06	0.944823
0.000105374	34.9861	4.21494e-06	1.1214
0.000113803	37.9841	4.21494e-06	1.02039
0.000122233	43.9021	4.21494e-06	1.15285
0.000130663	50.7302	4.21494e-06	1.15317
0.000139093	55.1392	4.21494e-06	1.18451
0.000147523	63.2693	4.21494e-06	1.35823
0.000155953	73.2183	4.21494e-06	1.49739
0.000164383	80.9811	4.21494e-06	1.6233
0.000172813	89.8996	4.21494e-06	1.93734
0.000181243	95.1626	4.21494e-06	1.93791
0.000189672	108.188	4.21494e-06	2.47219
0.000198102	115.534	4.21494e-06	1.87044
0.000206532	124.882	4.21494e-06	2.49653
0.000214962	130.287	4.21494e-06	2.0238
0.000223392	146.305	4.21494e-06	2.29783
0.000231822	150.707	4.21494e-06	2.41286
0.000240252	159.623	4.21494e-06	2.34967
0.000248682	174.771	4.21494e-06	2.77981
0.000257112	187.382	4.21494e-06	2.99244
0.000265541	193.214	4.21494e-06	2.4818
0.000273971	206.96	4.21494e-06	2.94908
0.000282401	213.077	4.21494e-06	2.79862
0.000290831	228.045	4.21494e-06	2.7171
0.000299261	246.96	4.21494e-06	3.24501
0.000307691	251.117	4.21494e-06	2.84557
0.000316121	267.644	4.21494e-06	4.35116
0.000324551	282.35	4.21494e-06	3.60495
0.00033298	286.339	4.21494e-06	2.94017
0.00034141	303.953	4.21494e-06	3.65876
0.00034984	316.067	4.21494e-06	3.76038
0.00035827	321.4	4.21494e-06	3.14685
0.0003667	341.293	4.21494e-06	6.13948
0.00037513	346.7	4.21494e-06	3.50688
0.00038356	358.085	4.21494e-06	3.24809
0.00039199	385.522	4.21494e-06	4.52891
0.00040042	392.901	4.21494e-06	4.19416
0.000408849	400.947	4.21494e-06	4.85826
0.000417279	411.316	4.21494e-06	4.07866
0.000425709	425.039	4.21494e-06	3.93841
0.000434139	440.924	4.21494e-06	4.37364
0.000442569	457.03	4.21494e-06	4.35794
0.000450999	477.045	4.21494e-06	4.80626
0.000459429	500.501	4.21494e-06	7.2295
0.000467859	497.077	4.21494e-06	4.44841
0.000476289	509.92	4.21494e-06	4.01264
0.000484718	528.753	4.21494e-06	6.27774
0.000493148	532.704	4.21494e-06	4.19891
0.000501578	548.179	4.21494e-06	4.82101
0.000510008	562.026	4.21494e-06	4.43905
0.000518438	569.786	4.21494e-06	5.45481
0.000526868	579.381	4.21494e-06	4.37136
0.000535298	596.132	4.21494e-06	5.23001
0.000543728	607.85	4.21494e-06	4.58183
0.000552158	623.375	4.21494e-06	5.66035
0.000560587	634.838	4.21494e-06	4.51877
0.000569017	646.136	4.21494e-06	5.12974
0.000577447	670.883	4.21494e-06	4.99842
0.000585877	678.396	4.21494e-06	5.19287
0.000594307	687.85	4.21494e-06	5.07024
0.000602737	696.794	4.21494e-06	4.81257
0.000611167	710.158	4.21494e-06	4.675
0.000619597	776.632	4.21494e-06	28.1271
0.000628026	735.066	4.21494e-06	5.54953
0.000636456	735.533	4.21494e-06	4.83658
0.000644886	769.966	4.21494e-06	14.6613
0.000653316	759.73	4.21494e-06	5.70696
0.000661746	751.992	4.21494e-06	4.5867
0.000670176	767.691	4.21494e-06	4.88321
0.000678606	788.862	4.21494e-06	6.1241
0.000687036	782.817	4.21494e-06	4.6237
0.000695466	815.543	4.21494e-06	7.30077
0.000703895	824.839	4.21494e-06	7.74333
0.000712325	814.736	4.21494e-06	6.48713
0.000720755	819.925	4.21494e-06	4.94166
0.000729185	837.358	4.21494e-06	6.3703
0.000737615	843.884	4.21494e-06	5.33761
0.000746045	847.162	4.21494e-06	5.31078
0.000754475	858.182	4.21494e-06	5.48098
0.000762905	872.069	4.21494e-06	9.09837
0.000771335	864.643	4.21494e-06	5.03074
0.000779764	874.67	4.21494e-06	5.85035
0.000788194	882.348	4.21494e-06	5.24295
0.000796624	877.981	4.21494e-06	5.45065
0.000805054	881.137	4.21494e-06	6.32777
0.000813484	893.848	4.21494e-06	5.28686
0.000821914	926.812	4.21494e-06	12.1665
0.000830344	915.72	4.21494e-06	12.3076
0.000838774	915.769	4.21494e-06	5.99267
0.000847204	914.768	4.21494e-06	5.74133
0.000855633	929.342	4.21494e-06	5.38614
0.000864063	922.106	4.21494e-06	4.81466
0.000872493	922.394	4.21494e-06	5.00672
0.000880923	928.482	4.21494e-06	5.81888
0.000889353	940.169	4.21494e-06	5.49831
0.000897783	934.757	4.21494e-06	5.33367
0.000906213	934.975	4.21494e-06	6.14133
0.000914643	933.454	4.21494e-06	5.1951
0.000923072	936.365	4.21494e-06	5.85961
0.000931502	933.278	4.21494e-06	4.90752
0.000939932	945.484	4.21494e-06	6.08697
0.000948362	939.279	4.21494e-06	5.87202
0.000956792	932.056	4.21494e-06	6.34658
0.000965222	938.256	4.21494e-06	5.99085
0.000973652	922.912	4.21494e-06	4.87311
0.000982082	920.978	4.21494e-06	5.01677
0.000990512	920.474	4.21494e-06	4.90379
0.000998941	923.723	4.21494e-06	7.48263
0.00100737	918.184	4.21494e-06	4.71653
0.0010158	906.415	4.21494e-06	5.37419
0.00102423	905.05	4.21494e-06	4.98604
0.00103266	908.756	4.21494e-06	6.02058
0.00104109	898.173	4.21494e-06	6.03285
0.00104952	895.377	4.21494e-06	6.06125
0.00105795	886.024	4.21494e-06	4.87675
0.00106638	881.517	4.21494e-06	4.78189
0.00107481	871.049	4.21494e-06	4.6151
0.00108324	875.235	4.21494e-06	4.68527
0.00109167	874.574	4.21494e-06	4.57559
0.0011001	872.213	4.21494e-06	4.38485
0.00110853	875.994	4.21494e-06	5.02631
0.00111696	862.8	4.21494e-06	5.00643
0.00112539	852.01	4.21494e-06	4.51448
0.00113382	841.523	4.21494e-06	4.15832
0.00114225	845.61	4.21494e-06	4.54725
0.00115068	839.338	4.21494e-06	4.50778
0.00115911	838.075	4.21494e-06	5.65282
0.00116754	833.106	4.21494e-06	4.7005
0.00117597	841.125	4.21494e-06	5.87323
0.0011844	819.766	4.21494e-06	5.02157
0.00119283	818.213	4.21494e-06	4.84139
0.00120126	799.879	4.21494e-06	3.95581
0.00120969	789.532	4.21494e-06	4.05691
0.00121812	779.646	4.21494e-06	3.86345
0.00122655	780.726	4.21494e-06	4.19968
0.00123498	763.949	4.21494e-06	4.47709
0.00124341	749.773	4.21494e-06	3.81596
0.00125184	747.852	4.21494e-06	4.71356
0.00126027	741.643	4.21494e-06	4.87151
0.0012687	723.73	4.21494e-06	4.16417
0.00127713	718.224	4.21494e-06	4.36942
0.00128556	705.765	4.21494e-06	4.6128
0.00129399	697.46	4.21494e-06	4.43588
0.00130242	679.403	4.21494e-06	4.04968
0.00131085	661.887	4.21494e-06	3.4544
0.00131928	648.071	4.21494e-06	3.45966
0.00132771	650.173	4.21494e-06	3.89478
0.00133614	638.966	4.21494e-06	3.56058
0.00134457	630.019	4.21494e-06	3.79156
0.001353	623.546	4.21494e-06	3.59726
0.00136143	604.65	4.21494e-06	3.22469
0.00136986	599.274	4.21494e-06	4.17073
0.00137829	590.117	4.21494e-06	3.6874
0.00138672	583.597	4.21494e-06	3.3497
0.00139515	567.636	4.21494e-06	3.69059
0.00140358	557.346	4.21494e-06	3.38059
0.00141201	548.006	4.21494e-06	3.15298
0.00142044	545.189	4.21494e-06	3.4617
0.00142887	530.697	4.21494e-06	3.23063
0.0014373	519.375	4.21494e-06	3.30485
0.00144573	508.452	4.21494e-06	3.13665
0.00145416	496.881	4.21494e-06	2.88998
0.00146259	483.444	4.21494e-06	2.86075
0.00147102	476.287	4.21494e-06	2.79919
0.00147944	467.278	4.21494e-06	3.64061
0.00148787	463.394	4.21494e-06	2.87478
0.0014963	453.004	4.21494e-06	3.45391
0.00150473	442.869	4.21494e-06	2.92433
0.00151316	430.853	4.21494e-06	2.75594
0.00152159	416.581	4.21494e-06	2.47927
0.00153002	414.231	4.21494e-06	2.62571
0.00153845	407.176	4.21494e-06	3.85295
0.00154688	393.005	4.21494e-06	2.54408
0.00155531	387.901	4.21494e-06	2.72897
0.00156374	375.49	4.21494e-06	2.41856
0.00157217	370.414	4.21494e-06	2.46333
0.0015806	358.303	4.21494e-06	2.35896
0.00158903	351.841	4.21494e-06	2.39809
0.00159746	343.286	4.21494e-06	2.41761
0.00160589	333.153	4.21494e-06	2.23557
0.00161432	326.042	4.21494e-06	3.11569
0.00162275	314.616	4.21494e-06	2.10834
0.00163118	310.82	4.21494e-06	2.18764
0.00163961	307.061	4.21494e-06	3.84494
0.00164804	293.657	4.21494e-06	1.98463
0.00165647	289.104	4.21494e-06	2.15627
0.0016649	281.316	4.21494e-06	1.89811
0.00167333	274.85	4.21494e-06	1.92176
0.00168176	265.24	4.21494e-06	1.86323
0.00169019	260.142	4.21494e-06	1.87165
0.00169862	260.035	4.21494e-06	1.84198
0.00170705	251.239	4.21494e-06	1.95129
0.00171548	243.294	4.21494e-06	1.83594
0.00172391	235.821	4.21494e-06	2.00844
0.00173234	232.114	4.21494e-06	1.69989
0.00174077	220.652	4.21494e-06	1.62729
0.0017492	216.474	4.21494e-06	1.62164
0.00175763	208.673	4.21494e-06	1.6574
0.00176606	204.62	4.21494e-06	1.55821
0.00177449	195.274	4.21494e-06	1.49409
0.00178292	190.953	4.21494e-06	1.50335
0.00179135	186.295	4.21494e-06	1.45312
0.00179978	179.512	4.21494e-06	1.43838
0.00180821	174.6	4.21494e-06	1.42518
0.00181664	168.108	4.21494e-06	1.37577
0.00182507	163.828	4.21494e-06	1.34895
0.0018335	157.483	4.21494e-06	1.32183
0.00184193	153.058	4.21494e-06	1.29136
0.00185036	147.775	4.21494e-06	1.27587
0.00185879	143.251	4.21494e-06	1.2655
0.00186722	138.963	4.21494e-06	1.22192
0.00187565	131.578	4.21494e-06	1.18085
0.00188408	128.989	4.21494e-06	1.17693
0.00189251	124.497	4.21494e-06	1.14803
0.00190094	118.349	4.21494e-06	1.11559
0.00190937	118.429	4.21494e-06	1.12767
0.0019178	111.237	4.21494e-06	1.08015
0.00192623	106.398	4.21494e-06	1.05294
0.00193466	102.074	4.21494e-06	1.02762
0.00194309	98.0349	4.21494e-06	1.00495
0.00195152	93.8802	4.21494e-06	0.98707
0.00195995	90.7066	4.21494e-06	0.962298
0.00196838	87.2691	4.21494e-06	0.949017
0.00197681	81.6159	4.21494e-06	0.906524
0.00198524	81.1455	4.21494e-06	0.919618
0.00199367	75.7766	4.21494e-06	0.870207
0.0020021	72.8158	4.21494e-06	0.863333
0.00201053	70.6458	4.21494e-06	0.839083
0.00201896	67.1878	4.21494e-06	0.818123
0.00202739	65.8438	4.21494e-06	0.81389
0.00203582	62.6705	4.21494e-06	0.788317
0.00204425	58.4796	4.21494e-06	0.768177
0.00205268	55.6558	4.21494e-06	0.736428
0.00206111	53.7607	4.21494e-06	0.725759
0.00206954	50.6856	4.21494e-06	0.70798
0.00207797	50.8058	4.21494e-06	0.701173
0.0020864	47.5071	4.21494e-06	0.678846
0.00209483	45.4475	4.21494e-06	0.672035
0.00210326	43.7331	4.21494e-06	0.649787
0.00211169	41.1416	4.21494e-06	0.622753
0.00212012	39.9789	4.21494e-06	0.618439
0.00212855	36.9389	4.21494e-06	0.591511
0.00213698	35.588	4.21494e-06	0.596457
0.00214541	33.2845	4.21494e-06	0.561285
0.00215384	31.7795	4.21494e-06	0.547409
0.00216227	31.6128	4.21494e-06	0.547933
0.0021707	28.8814	4.21494e-06	0.517859
0.00217913	27.0437	4.21494e-06	0.502557
0.00218756	28.0097	4.21494e-06	0.514717
0.00219599	26.2971	4.21494e-06	0.490768
0.00220442	25.7956	4.21494e-06	0.487718
0.00221285	23.3069	4.21494e-06	0.463276
0.00222127	22.2164	4.21494e-06	0.448132
0.0022297	21.0728	4.21494e-06	0.43907
0.00223813	20.0403	4.21494e-06	0.433559
0.00224656	17.4516	4.21494e-06	0.396739
0.00225499	18.0388	4.21494e-06	0.405948
0.00226342	16.9165	4.21494e-06	0.387402
0.00227185	16.0382	4.21494e-06	0.377175
0.00228028	14.3575	4.21494e-06	0.356679
0.00228871	13.0707	4.21494e-06	0.34021
0.00229714	12.7348	4.21494e-06	0.335402
0.00230557	12.8507	4.21494e-06	0.336053
0.002314	11.4568	4.21494e-06	0.314839
0.00232243	11.0706	4.21494e-06	0.310818
0.00233086	10.7511	4.21494e-06	0.306412
0.00233929	9.64508	4.21494e-06	0.287302
0.00234772	8.52385	4.21494e-06	0.267712
0.00235615	8.10416	4.21494e-06	0.265089
0.00236458	7.49063	4.21494e-06	0.251429
0.00237301	7.40021	4.21494e-06	0.35018
0.00238144	6.84761	4.21494e-06	0.243422
0.00238987	6.03145	4.21494e-06	0.220802
0.0023983	5.62494	4.21494e-06	0.219679
0.00240673	4.95314	4.21494e-06	0.207676
0.00241516	4.40659	4.21494e-06	0.18994
0.00242359	4.30068	4.21494e-06	0.188366
0.00243202	3.8766	4.21494e-06	0.176917
0.00244045	3.58526	4.21494e-06	0.170489
0.00244888	3.20908	4.21494e-06	0.168147
0.00245731	2.6857	4.21494e-06	0.147501
0.00246574	2.49655	4.21494e-06	0.143468
0.00247417	2.24131	4.21494e-06	0.132458
0.0024826	2.04435	4.21494e-06	0.126306
0.00249103	1.42337	4.21494e-06	0.103743
0.00249946	1.34915	4.21494e-06	0.101296
0.00250789	1.21514	4.21494e-06	0.0956061
0.00251632	0.846872	4.21494e-06	0.080888
0.00252475	0.771098	4.21494e-06	0.0756058
0.00253318	0.700248	4.21494e-06	0.0748002
0.00254161	0.488806	4.21494e-06	0.0607625
0.00255004	0.368456	4.21494e-06	0.0519484
0.00255847	0.265463	4.21494e-06	0.0438627
0.0025669	0.174629	4.21494e-06	0.0349304
0.00257533	0.0769899	4.21494e-06	0.0232148
0.00258376	0	4.21494e-06	0
