4.21494e-06	0.0513235	4.21494e-06	0.0215433
1.26448e-05	0.385539	4.21494e-06	0.0981914
2.10747e-05	0.989645	4.21494e-06	0.140582
2.95046e-05	1.53076	4.21494e-06	0.134804
3.79345e-05	2.73193	4.21494e-06	0.259845
4.63644e-05	4.24199	4.21494e-06	0.296274
5.47943e-05	5.7512	4.21494e-06	0.306084
6.32241e-05	7.42622	4.21494e-06	0.337834
7.1654e-05	9.45161	4.21494e-06	0.404129
8.00839e-05	12.2107	4.21494e-06	0.524148
8.85138e-05	15.4143	4.21494e-06	0.582176
9.69437e-05	18.0631	4.21494e-06	0.613793
0.000105374	21.6094	4.21494e-06	0.69104
0.000113803	24.8119	4.21494e-06	0.806825
0.000122233	32.1385	4.21494e-06	2.89688
0.000130663	32.7456	4.21494e-06	0.814794
0.000139093	38.4704	4.21494e-06	1.0119
0.000147523	43.1386	4.21494e-06	1.04396
0.000155953	47.8098	4.21494e-06	1.10857
0.000164383	51.6112	4.21494e-06	0.98449
0.000172813	56.2678	4.21494e-06	1.01633
0.000181243	62.4658	4.21494e-06	1.1875
0.000189672	69.9507	4.21494e-06	1.36974
0.000198102	76.9684	4.21494e-06	1.57461
0.000206532	81.2712	4.21494e-06	1.7718
0.000214962	93.9695	4.21494e-06	5.63841
0.000223392	95.139	4.21494e-06	1.86845
0.000231822	102.373	4.21494e-06	1.61814
0.000240252	110.56	4.21494e-06	1.75581
0.000248682	118.442	4.21494e-06	2.02817
0.000257112	126.657	4.21494e-06	1.83362
0.000265541	133.173	4.21494e-06	3.07025
0.000273971	142.22	4.21494e-06	2.30207
0.000282401	149.134	4.21494e-06	1.93996
0.000290831	155.699	4.21494e-06	1.99956
0.000299261	164.122	4.21494e-06	1.99258
0.000307691	177.075	4.21494e-06	2.15846
0.000316121	184.471	4.21494e-06	2.14798
0.000324551	193.991	4.21494e-06	3.58777
0.00033298	201.111	4.21494e-06	2.10924
0.00034141	212.404	4.21494e-06	2.33179
0.00034984	221.49	4.21494e-06	2.55948
0.00035827	229.433	4.21494e-06	2.51502
0.0003667	241.082	4.21494e-06	2.75526
0.00037513	252.305	4.21494e-06	2.68641
0.00038356	262.448	4.21494e-06	2.60161
0.00039199	280.895	4.21494e-06	3.23629
0.00040042	286.736	4.21494e-06	3.02698
0.000408849	290.13	4.21494e-06	2.92234
0.000417279	302.19	4.21494e-06	2.69623
0.000425709	314.979	4.21494e-06	2.88098
0.000434139	325.293	4.21494e-06	2.86687
0.000442569	341.42	4.21494e-06	3.45858
0.000450999	355.001	4.21494e-06	3.82801
0.000459429	359.702	4.21494e-06	3.32779
0.000467859	373.356	4.21494e-06	3.23077
0.000476289	383.988	4.21494e-06	3.12711
0.000484718	397.646	4.21494e-06	3.53956
0.000493148	410.583	4.21494e-06	4.10241
0.000501578	415.312	4.21494e-06	3.3041
0.000510008	431.556	4.21494e-06	3.77022
0.000518438	445.13	4.21494e-06	4.48901
0.000526868	455.296	4.21494e-06	3.61547
0.000535298	461.778	4.21494e-06	3.62256
0.000543728	475.638	4.21494e-06	3.57728
0.000552158	495.745	4.21494e-06	4.73188
0.000560587	504.214	4.21494e-06	3.90134
0.000569017	520.739	4.21494e-06	4.51236
0.000577447	529.49	4.21494e-06	3.99852
0.000585877	540.24	4.21494e-06	5.66677
0.000594307	544.523	4.21494e-06	3.98352
0.000602737	552.082	4.21494e-06	4.33061
0.000611167	571.216	4.21494e-06	4.41691
0.000619597	585.137	4.21494e-06	4.42292
0.000628026	594.112	4.21494e-06	4.88449
0.000636456	608.778	4.21494e-06	4.47215
0.000644886	620.074	4.21494e-06	5.34895
0.000653316	634.61	4.21494e-06	6.09644
0.000661746	656.192	4.21494e-06	14.5972
0.000670176	648.711	4.21494e-06	4.7424
0.000678606	661.272	4.21494e-06	6.18006
0.000687036	672.199	4.21494e-06	5.29295
0.000695466	673.641	4.21494e-06	4.43852
0.000703895	689.999	4.21494e-06	4.4102
0.000712325	704.954	4.21494e-06	5.61673
0.000720755	721.381	4.21494e-06	6.00158
0.000729185	735.038	4.21494e-06	10.0073
0.000737615	732.887	4.21494e-06	5.28691
0.000746045	751.901	4.21494e-06	6.39525
0.000754475	751.872	4.21494e-06	7.45879
0.000762905	767.067	4.21494e-06	5.50708
0.000771335	764.32	4.21494e-06	5.26305
0.000779764	767.331	4.21494e-06	5.42741
0.000788194	781.429	4.21494e-06	5.13631
0.000796624	786.988	4.21494e-06	5.1302
0.000805054	801.447	4.21494e-06	5.49891
0.000813484	823.072	4.21494e-06	12.3645
0.000821914	812.878	4.21494e-06	6.42548
0.000830344	831.643	4.21494e-06	8.35859
0.000838774	824.608	4.21494e-06	6.22032
0.000847204	837.677	4.21494e-06	5.54453
0.000855633	843.532	4.21494e-06	5.73914
0.000864063	847.389	4.21494e-06	6.0785
0.000872493	846.464	4.21494e-06	5.74944
0.000880923	854.007	4.21494e-06	5.39201
0.000889353	865.885	4.21494e-06	5.81857
0.000897783	860.93	4.21494e-06	5.41846
0.000906213	873.67	4.21494e-06	8.52393
0.000914643	883.623	4.21494e-06	6.05474
0.000923072	888.159	4.21494e-06	6.98906
0.000931502	892.972	4.21494e-06	5.98424
0.000939932	886.32	4.21494e-06	6.02365
0.000948362	891.329	4.21494e-06	5.41445
0.000956792	891.343	4.21494e-06	5.63067
0.000965222	902.049	4.21494e-06	5.97339
0.000973652	901.842	4.21494e-06	5.70024
0.000982082	904.621	4.21494e-06	5.9167
0.000990512	918.41	4.21494e-06	7.61777
0.000998941	905.787	4.21494e-06	6.44851
0.00100737	904.314	4.21494e-06	5.75684
0.0010158	918.256	4.21494e-06	7.551
0.00102423	919.098	4.21494e-06	6.18848
0.00103266	915.349	4.21494e-06	6.23288
0.00104109	930.251	4.21494e-06	14.7173
0.00104952	902.861	4.21494e-06	5.54513
0.00105795	909.47	4.21494e-06	7.16841
0.00106638	903.196	4.21494e-06	5.83363
0.00107481	916.628	4.21494e-06	8.25972
0.00108324	910.249	4.21494e-06	6.60308
0.00109167	891.199	4.21494e-06	5.56958
0.0011001	900.529	4.21494e-06	5.98819
0.00110853	902.663	4.21494e-06	6.67798
0.00111696	889.843	4.21494e-06	5.64044
0.00112539	893.012	4.21494e-06	6.34384
0.00113382	881.71	4.21494e-06	5.84383
0.00114225	882.513	4.21494e-06	5.79943
0.00115068	872.061	4.21494e-06	5.43157
0.00115911	895.364	4.21494e-06	12.8645
0.00116754	877.691	4.21494e-06	5.79449
0.00117597	868.909	4.21494e-06	7.67818
0.0011844	854.889	4.21494e-06	5.3942
0.00119283	857.195	4.21494e-06	8.19493
0.00120126	846.758	4.21494e-06	7.05509
0.00120969	841.461	4.21494e-06	6.07961
0.00121812	845.425	4.21494e-06	7.20337
0.00122655	829.869	4.21494e-06	5.41344
0.00123498	820.678	4.21494e-06	6.0446
0.00124341	822.307	4.21494e-06	5.58108
0.00125184	809.413	4.21494e-06	5.58927
0.00126027	799.358	4.21494e-06	5.20833
0.0012687	796.706	4.21494e-06	6.57436
0.00127713	802.297	4.21494e-06	9.05288
0.00128556	774.902	4.21494e-06	5.73813
0.00129399	776.361	4.21494e-06	5.87316
0.00130242	779.907	4.21494e-06	13.7506
0.00131085	762.224	4.21494e-06	7.57451
0.00131928	753.423	4.21494e-06	6.25319
0.00132771	723.541	4.21494e-06	4.85162
0.00133614	747.427	4.21494e-06	8.93696
0.00134457	730.587	4.21494e-06	5.83229
0.001353	711.204	4.21494e-06	5.40462
0.00136143	702.186	4.21494e-06	4.91426
0.00136986	700.23	4.21494e-06	5.44515
0.00137829	695.577	4.21494e-06	5.29843
0.00138672	682.072	4.21494e-06	5.82068
0.00139515	670.927	4.21494e-06	6.58342
0.00140358	663.839	4.21494e-06	6.62745
0.00141201	654.956	4.21494e-06	5.81225
0.00142044	643.634	4.21494e-06	4.91344
0.00142887	635.777	4.21494e-06	6.73631
0.0014373	627.349	4.21494e-06	6.10334
0.00144573	614.559	4.21494e-06	4.92611
0.00145416	605.361	4.21494e-06	5.14648
0.00146259	594.254	4.21494e-06	4.85686
0.00147102	602.583	4.21494e-06	7.4293
0.00147944	573.577	4.21494e-06	6.17362
0.00148787	578.577	4.21494e-06	14.0079
0.0014963	561.111	4.21494e-06	5.71072
0.00150473	551.941	4.21494e-06	4.68406
0.00151316	525.701	4.21494e-06	4.24303
0.00152159	529.003	4.21494e-06	5.05525
0.00153002	512.552	4.21494e-06	4.78589
0.00153845	512.282	4.21494e-06	5.24559
0.00154688	495.467	4.21494e-06	4.89472
0.00155531	488.473	4.21494e-06	4.56821
0.00156374	478.709	4.21494e-06	4.67306
0.00157217	468.776	4.21494e-06	4.93427
0.0015806	467.586	4.21494e-06	5.16501
0.00158903	454.557	4.21494e-06	6.32171
0.00159746	447.579	4.21494e-06	5.11258
0.00160589	432.491	4.21494e-06	4.84491
0.00161432	425.581	4.21494e-06	6.36696
0.00162275	415.444	4.21494e-06	4.05106
0.00163118	436.341	4.21494e-06	21.555
0.00163961	393.212	4.21494e-06	4.19515
0.00164804	397.896	4.21494e-06	9.43461
0.00165647	375.988	4.21494e-06	3.76845
0.0016649	379.386	4.21494e-06	6.27033
0.00167333	374.524	4.21494e-06	4.678
0.00168176	360.819	4.21494e-06	4.6764
0.00169019	339.206	4.21494e-06	4.59834
0.00169862	338.664	4.21494e-06	4.19261
0.00170705	337.316	4.21494e-06	9.24047
0.00171548	321.333	4.21494e-06	4.12136
0.00172391	319.057	4.21494e-06	5.26896
0.00173234	310.175	4.21494e-06	4.83243
0.00174077	291.702	4.21494e-06	3.34412
0.0017492	288.867	4.21494e-06	3.51762
0.00175763	284.531	4.21494e-06	3.44618
0.00176606	271.004	4.21494e-06	3.39325
0.00177449	264.984	4.21494e-06	3.34928
0.00178292	256.403	4.21494e-06	3.4358
0.00179135	248.346	4.21494e-06	3.21216
0.00179978	247.335	4.21494e-06	3.71929
0.00180821	240.437	4.21494e-06	3.59588
0.00181664	233.62	4.21494e-06	3.25613
0.00182507	220.118	4.21494e-06	2.75112
0.0018335	218.817	4.21494e-06	3.2562
0.00184193	205.875	4.21494e-06	2.85129
0.00185036	203.536	4.21494e-06	3.36054
0.00185879	198.834	4.21494e-06	3.9351
0.00186722	192.553	4.21494e-06	2.86641
0.00187565	186.496	4.21494e-06	2.55256
0.00188408	179.767	4.21494e-06	2.59417
0.00189251	178.026	4.21494e-06	4.04719
0.00190094	168.735	4.21494e-06	2.39631
0.00190937	166.707	4.21494e-06	2.73954
0.0019178	163.967	4.21494e-06	3.07671
0.00192623	152.228	4.21494e-06	2.30143
0.00193466	152.739	4.21494e-06	3.06443
0.00194309	153.395	4.21494e-06	7.0595
0.00195152	140.991	4.21494e-06	2.50976
0.00195995	133.561	4.21494e-06	2.25076
0.00196838	128.813	4.21494e-06	2.38956
0.00197681	125.971	4.21494e-06	2.12517
0.00198524	120.677	4.21494e-06	2.23366
0.00199367	113.306	4.21494e-06	3.04579
0.0020021	110.578	4.21494e-06	1.9334
0.00201053	108.145	4.21494e-06	2.97435
0.00201896	105.063	4.21494e-06	2.19102
0.00202739	100.927	4.21494e-06	2.00537
0.00203582	93.5711	4.21494e-06	1.65581
0.00204425	94.4431	4.21494e-06	1.96282
0.00205268	90.4562	4.21494e-06	1.75918
0.00206111	86.717	4.21494e-06	1.86004
0.00206954	82.1332	4.21494e-06	1.72533
0.00207797	80.4035	4.21494e-06	1.62347
0.0020864	80.411	4.21494e-06	2.11964
0.00209483	72.9799	4.21494e-06	2.11233
0.00210326	72.0792	4.21494e-06	1.6907
0.00211169	69.297	4.21494e-06	1.62295
0.00212012	64.8874	4.21494e-06	1.82017
0.00212855	61.2491	4.21494e-06	1.69205
0.00213698	58.7415	4.21494e-06	1.67339
0.00214541	59.8393	4.21494e-06	1.89235
0.00215384	54.661	4.21494e-06	1.28023
0.00216227	51.0686	4.21494e-06	1.34124
0.0021707	51.2784	4.21494e-06	2.19489
0.00217913	50.1499	4.21494e-06	1.44542
0.00218756	44.9529	4.21494e-06	1.22961
0.00219599	43.3646	4.21494e-06	1.2574
0.00220442	41.2656	4.21494e-06	1.27726
0.00221285	39.1181	4.21494e-06	1.12965
0.00222127	36.3706	4.21494e-06	1.23296
0.0022297	36.0923	4.21494e-06	1.16331
0.00223813	33.885	4.21494e-06	1.1769
0.00224656	32.5791	4.21494e-06	1.19173
0.00225499	31.7656	4.21494e-06	1.63488
0.00226342	28.4062	4.21494e-06	0.941774
0.00227185	27.6746	4.21494e-06	0.980743
0.00228028	28.0257	4.21494e-06	1.04624
0.00228871	24.4774	4.21494e-06	0.79859
0.00229714	24.1561	4.21494e-06	0.840955
0.00230557	22.746	4.21494e-06	0.971619
0.002314	20.9146	4.21494e-06	0.955943
0.00232243	21.6268	4.21494e-06	0.885418
0.00233086	19.4647	4.21494e-06	0.895681
0.00233929	18.7288	4.21494e-06	1.24337
0.00234772	16.8443	4.21494e-06	0.924391
0.00235615	16.0189	4.21494e-06	0.939002
0.00236458	15.8494	4.21494e-06	0.955906
0.00237301	14.4338	4.21494e-06	0.719306
0.00238144	14.0096	4.21494e-06	0.721714
0.00238987	12.6362	4.21494e-06	0.734231
0.0023983	12.3183	4.21494e-06	0.815641
0.00240673	13.8003	4.21494e-06	2.43235
0.00241516	9.798	4.21494e-06	0.633271
0.00242359	9.731	4.21494e-06	0.706189
0.00243202	7.55786	4.21494e-06	0.486334
0.00244045	7.73703	4.21494e-06	0.613953
0.00244888	6.47544	4.21494e-06	0.427732
0.00245731	6.55238	4.21494e-06	0.477339
0.00246574	5.79759	4.21494e-06	0.423544
0.00247417	4.91963	4.21494e-06	0.412844
0.0024826	4.52735	4.21494e-06	0.397452
0.00249103	4.91512	4.21494e-06	0.734476
0.00249946	3.08191	4.21494e-06	0.263485
0.00250789	2.74977	4.21494e-06	0.249578
0.00251632	2.7305	4.21494e-06	0.332905
0.00252475	2.37051	4.21494e-06	0.360684
0.00253318	2.04067	4.21494e-06	0.24764
0.00254161	1.5519	4.21494e-06	0.213751
0.00255004	1.22427	4.21494e-06	0.17757
0.00255847	1.15258	4.21494e-06	0.169418
0.0025669	0.537443	4.21494e-06	0.114556
0.00257533	0.191759	4.21494e-06	0.0615787
0.00258376	0.0178676	4.21494e-06	0.0178676
