4.21494e-06	0.0859399	4.21494e-06	0.0361934
1.26448e-05	0.365605	4.21494e-06	0.06533
2.10747e-05	0.791847	4.21494e-06	0.109638
2.95046e-05	1.74418	4.21494e-06	0.160461
3.79345e-05	2.64844	4.21494e-06	0.18905
4.63644e-05	4.25171	4.21494e-06	0.280526
5.47943e-05	5.99861	4.21494e-06	0.337566
6.32241e-05	7.97409	4.21494e-06	0.358911
7.1654e-05	10.6319	4.21494e-06	0.494883
8.00839e-05	12.0873	4.21494e-06	0.434745
8.85138e-05	16.4363	4.21494e-06	0.601246
9.69437e-05	20.7863	4.21494e-06	1.30484
0.000105374	22.1525	4.21494e-06	0.915732
0.000113803	25.1949	4.21494e-06	0.737012
0.000122233	29.2781	4.21494e-06	0.900984
0.000130663	34.2537	4.21494e-06	0.895811
0.000139093	38.6306	4.21494e-06	1.03789
0.000147523	42.6404	4.21494e-06	1.1806
0.000155953	47.1521	4.21494e-06	1.11004
0.000164383	59.415	4.21494e-06	3.73329
0.000172813	60.8599	4.21494e-06	1.93193
0.000181243	64.7122	4.21494e-06	1.21547
0.000189672	69.4351	4.21494e-06	1.18922
0.000198102	77.9033	4.21494e-06	1.99406
0.000206532	81.9435	4.21494e-06	1.47626
0.000214962	90.4987	4.21494e-06	1.43987
0.000223392	95.0367	4.21494e-06	1.58604
0.000231822	100.812	4.21494e-06	1.41716
0.000240252	111.919	4.21494e-06	2.02991
0.000248682	117.807	4.21494e-06	1.74216
0.000257112	123.003	4.21494e-06	1.61515
0.000265541	131.88	4.21494e-06	1.96317
0.000273971	142.534	4.21494e-06	2.03326
0.000282401	151.803	4.21494e-06	2.17176
0.000290831	161.596	4.21494e-06	1.99406
0.000299261	164.824	4.21494e-06	1.95684
0.000307691	174.613	4.21494e-06	2.20334
0.000316121	193.747	4.21494e-06	3.10221
0.000324551	195.353	4.21494e-06	2.37767
0.00033298	205.283	4.21494e-06	3.27938
0.00034141	211.67	4.21494e-06	2.44725
0.00034984	223.218	4.21494e-06	2.6198
0.00035827	230.399	4.21494e-06	2.52299
0.0003667	246.076	4.21494e-06	3.95047
0.00037513	256.33	4.21494e-06	3.38131
0.00038356	267.429	4.21494e-06	3.67919
0.00039199	282.617	4.21494e-06	3.28392
0.00040042	293.58	4.21494e-06	3.2092
0.000408849	292.557	4.21494e-06	2.79714
0.000417279	335.647	4.21494e-06	21.4488
0.000425709	317.36	4.21494e-06	3.0433
0.000434139	331.999	4.21494e-06	3.11599
0.000442569	343.237	4.21494e-06	3.2463
0.000450999	357.119	4.21494e-06	3.28597
0.000459429	363.22	4.21494e-06	3.42604
0.000467859	374.143	4.21494e-06	3.16653
0.000476289	389.064	4.21494e-06	3.52325
0.000484718	404.623	4.21494e-06	4.86285
0.000493148	406.211	4.21494e-06	3.47879
0.000501578	420.84	4.21494e-06	3.37858
0.000510008	434.393	4.21494e-06	3.61788
0.000518438	449.21	4.21494e-06	4.68788
0.000526868	454.513	4.21494e-06	3.74285
0.000535298	472.171	4.21494e-06	5.47654
0.000543728	484.876	4.21494e-06	5.51307
0.000552158	486.158	4.21494e-06	3.90183
0.000560587	500.381	4.21494e-06	4.13192
0.000569017	513.025	4.21494e-06	3.84704
0.000577447	529.058	4.21494e-06	4.63297
0.000585877	537.174	4.21494e-06	4.12382
0.000594307	548.52	4.21494e-06	4.5115
0.000602737	559.615	4.21494e-06	3.95158
0.000611167	569.919	4.21494e-06	4.2692
0.000619597	595.681	4.21494e-06	6.67388
0.000628026	601.75	4.21494e-06	5.01308
0.000636456	603.234	4.21494e-06	4.63582
0.000644886	628.053	4.21494e-06	6.19838
0.000653316	631.481	4.21494e-06	4.50497
0.000661746	626.396	4.21494e-06	4.04099
0.000670176	653.849	4.21494e-06	4.62355
0.000678606	662.649	4.21494e-06	4.80408
0.000687036	677.464	4.21494e-06	5.17402
0.000695466	686.729	4.21494e-06	5.01396
0.000703895	709.104	4.21494e-06	6.03415
0.000712325	708.106	4.21494e-06	7.0653
0.000720755	714.717	4.21494e-06	5.13597
0.000729185	716.505	4.21494e-06	4.66146
0.000737615	730.104	4.21494e-06	4.80425
0.000746045	761.365	4.21494e-06	15.3216
0.000754475	760.224	4.21494e-06	7.54314
0.000762905	762.143	4.21494e-06	5.74874
0.000771335	768.872	4.21494e-06	4.9703
0.000779764	781.679	4.21494e-06	5.58715
0.000788194	783.778	4.21494e-06	5.66139
0.000796624	804.307	4.21494e-06	6.49541
0.000805054	803.953	4.21494e-06	5.85878
0.000813484	801.497	4.21494e-06	5.10409
0.000821914	807.827	4.21494e-06	5.3922
0.000830344	828.069	4.21494e-06	5.45206
0.000838774	830.43	4.21494e-06	6.54557
0.000847204	840.834	4.21494e-06	6.20208
0.000855633	858.332	4.21494e-06	6.49406
0.000864063	848.854	4.21494e-06	5.87748
0.000872493	842.329	4.21494e-06	5.26485
0.000880923	859.5	4.21494e-06	5.62889
0.000889353	866.174	4.21494e-06	5.38606
0.000897783	871.54	4.21494e-06	5.43544
0.000906213	872.561	4.21494e-06	5.20444
0.000914643	878.277	4.21494e-06	5.51593
0.000923072	892.44	4.21494e-06	7.08612
0.000931502	892.888	4.21494e-06	6.68653
0.000939932	900.078	4.21494e-06	6.38999
0.000948362	887.276	4.21494e-06	5.25639
0.000956792	890.585	4.21494e-06	5.41873
0.000965222	892.859	4.21494e-06	5.4824
0.000973652	902.209	4.21494e-06	6.15667
0.000982082	906.816	4.21494e-06	6.31562
0.000990512	902.641	4.21494e-06	6.0638
0.000998941	910.906	4.21494e-06	5.84208
0.00100737	916.409	4.21494e-06	6.41826
0.0010158	924.07	4.21494e-06	7.00942
0.00102423	914.469	4.21494e-06	5.94136
0.00103266	914.642	4.21494e-06	8.87176
0.00104109	898.323	4.21494e-06	5.34976
0.00104952	916.486	4.21494e-06	6.88392
0.00105795	910.96	4.21494e-06	6.30883
0.00106638	905.095	4.21494e-06	5.97208
0.00107481	909.439	4.21494e-06	6.63323
0.00108324	906.758	4.21494e-06	6.30799
0.00109167	891.658	4.21494e-06	5.87761
0.0011001	893.689	4.21494e-06	5.8127
0.00110853	903.992	4.21494e-06	10.2169
0.00111696	892.633	4.21494e-06	6.54349
0.00112539	891.497	4.21494e-06	6.40611
0.00113382	887.363	4.21494e-06	5.8822
0.00114225	884.783	4.21494e-06	6.13645
0.00115068	880.095	4.21494e-06	6.39102
0.00115911	880.713	4.21494e-06	7.0135
0.00116754	876.933	4.21494e-06	6.51628
0.00117597	862.209	4.21494e-06	5.69462
0.0011844	848.602	4.21494e-06	5.53671
0.00119283	878.481	4.21494e-06	19.367
0.00120126	838.757	4.21494e-06	6.178
0.00120969	836.302	4.21494e-06	5.56513
0.00121812	850.388	4.21494e-06	7.92517
0.00122655	836.156	4.21494e-06	7.2668
0.00123498	826.886	4.21494e-06	5.93843
0.00124341	816.167	4.21494e-06	5.39742
0.00125184	805.28	4.21494e-06	5.40758
0.00126027	806.682	4.21494e-06	7.1907
0.0012687	792.547	4.21494e-06	5.56033
0.00127713	781.291	4.21494e-06	5.39374
0.00128556	778.485	4.21494e-06	5.46061
0.00129399	768.391	4.21494e-06	6.08172
0.00130242	756.976	4.21494e-06	5.16233
0.00131085	754.667	4.21494e-06	5.80824
0.00131928	742.801	4.21494e-06	5.03242
0.00132771	742.473	4.21494e-06	5.82849
0.00133614	759.835	4.21494e-06	12.5876
0.00134457	725.057	4.21494e-06	5.05226
0.001353	714.154	4.21494e-06	5.72089
0.00136143	706.197	4.21494e-06	5.68811
0.00136986	693.865	4.21494e-06	5.63733
0.00137829	690.424	4.21494e-06	7.60848
0.00138672	683.058	4.21494e-06	6.12699
0.00139515	675.205	4.21494e-06	5.774
0.00140358	659.219	4.21494e-06	5.26345
0.00141201	657.883	4.21494e-06	7.12794
0.00142044	634.454	4.21494e-06	5.02594
0.00142887	639.13	4.21494e-06	5.4365
0.0014373	617.251	4.21494e-06	5.17863
0.00144573	614.746	4.21494e-06	5.55703
0.00145416	603.034	4.21494e-06	4.94482
0.00146259	594.975	4.21494e-06	6.12861
0.00147102	590.039	4.21494e-06	6.92525
0.00147944	586.566	4.21494e-06	13.2188
0.00148787	556.649	4.21494e-06	4.36071
0.0014963	565.378	4.21494e-06	12.6982
0.00150473	548.446	4.21494e-06	5.15556
0.00151316	533.877	4.21494e-06	4.47187
0.00152159	532.322	4.21494e-06	9.38955
0.00153002	514.256	4.21494e-06	5.08583
0.00153845	506.316	4.21494e-06	4.62226
0.00154688	494.084	4.21494e-06	4.24778
0.00155531	486.374	4.21494e-06	4.40537
0.00156374	474.324	4.21494e-06	4.30375
0.00157217	469.945	4.21494e-06	4.88135
0.0015806	463.563	4.21494e-06	7.65402
0.00158903	454.359	4.21494e-06	6.93303
0.00159746	443.857	4.21494e-06	4.83506
0.00160589	437.626	4.21494e-06	4.17038
0.00161432	416.674	4.21494e-06	4.13188
0.00162275	417.562	4.21494e-06	6.02333
0.00163118	408.19	4.21494e-06	6.47285
0.00163961	387.408	4.21494e-06	3.73975
0.00164804	384.83	4.21494e-06	4.49796
0.00165647	377.432	4.21494e-06	4.12314
0.0016649	378.049	4.21494e-06	7.33588
0.00167333	372.649	4.21494e-06	5.39421
0.00168176	355.472	4.21494e-06	4.73603
0.00169019	341.808	4.21494e-06	3.73675
0.00169862	327.568	4.21494e-06	3.31922
0.00170705	325.664	4.21494e-06	4.30143
0.00171548	319.437	4.21494e-06	3.64828
0.00172391	309.924	4.21494e-06	3.46925
0.00173234	303.02	4.21494e-06	3.47372
0.00174077	298.464	4.21494e-06	3.67015
0.0017492	281.907	4.21494e-06	3.96604
0.00175763	284.456	4.21494e-06	3.60858
0.00176606	268.068	4.21494e-06	3.09892
0.00177449	272.599	4.21494e-06	6.4165
0.00178292	257.113	4.21494e-06	3.05328
0.00179135	247.227	4.21494e-06	3.63952
0.00179978	245.415	4.21494e-06	5.0099
0.00180821	239.729	4.21494e-06	4.31945
0.00181664	228.632	4.21494e-06	2.81812
0.00182507	220.936	4.21494e-06	3.3508
0.0018335	225.277	4.21494e-06	4.56425
0.00184193	208.65	4.21494e-06	3.457
0.00185036	208.901	4.21494e-06	3.12954
0.00185879	192.461	4.21494e-06	2.47429
0.00186722	190.506	4.21494e-06	2.74168
0.00187565	188.173	4.21494e-06	3.23439
0.00188408	184.522	4.21494e-06	3.30285
0.00189251	171.974	4.21494e-06	2.96902
0.00190094	166.85	4.21494e-06	2.84614
0.00190937	166.645	4.21494e-06	2.39442
0.0019178	156.384	4.21494e-06	2.41798
0.00192623	154.651	4.21494e-06	2.377
0.00193466	149.179	4.21494e-06	2.43992
0.00194309	141.244	4.21494e-06	2.32854
0.00195152	137.615	4.21494e-06	2.38358
0.00195995	129.496	4.21494e-06	2.02486
0.00196838	131.73	4.21494e-06	2.77386
0.00197681	123.97	4.21494e-06	2.12447
0.00198524	121.052	4.21494e-06	3.78912
0.00199367	114.52	4.21494e-06	2.06361
0.0020021	131.355	4.21494e-06	13.3438
0.00201053	107.22	4.21494e-06	1.98333
0.00201896	103.725	4.21494e-06	2.14426
0.00202739	100.653	4.21494e-06	2.017
0.00203582	95.0505	4.21494e-06	1.82209
0.00204425	97.3757	4.21494e-06	2.18489
0.00205268	86.8791	4.21494e-06	1.81536
0.00206111	86.8628	4.21494e-06	1.67235
0.00206954	80.9616	4.21494e-06	1.74156
0.00207797	82.3061	4.21494e-06	1.87539
0.0020864	79.6838	4.21494e-06	2.65106
0.00209483	72.4801	4.21494e-06	1.72788
0.00210326	72.1614	4.21494e-06	1.71353
0.00211169	70.3326	4.21494e-06	1.88806
0.00212012	63.6638	4.21494e-06	1.47398
0.00212855	60.8382	4.21494e-06	1.38411
0.00213698	60.1178	4.21494e-06	1.55068
0.00214541	58.7186	4.21494e-06	1.85785
0.00215384	55.313	4.21494e-06	1.70489
0.00216227	52.6421	4.21494e-06	1.76159
0.0021707	50.0299	4.21494e-06	1.39368
0.00217913	47.9123	4.21494e-06	1.46901
0.00218756	47.2697	4.21494e-06	1.39128
0.00219599	43.1017	4.21494e-06	1.10485
0.00220442	38.8347	4.21494e-06	1.04932
0.00221285	40.7643	4.21494e-06	1.4033
0.00222127	38.9073	4.21494e-06	1.27066
0.0022297	39.4201	4.21494e-06	2.94517
0.00223813	35.1759	4.21494e-06	1.07614
0.00224656	33.7614	4.21494e-06	1.201
0.00225499	30.1177	4.21494e-06	1.01058
0.00226342	29.5745	4.21494e-06	1.04104
0.00227185	27.5453	4.21494e-06	0.929938
0.00228028	27.2032	4.21494e-06	1.13258
0.00228871	25.1019	4.21494e-06	1.03159
0.00229714	23.2715	4.21494e-06	0.79702
0.00230557	22.4538	4.21494e-06	1.0205
0.002314	21.8906	4.21494e-06	0.897599
0.00232243	19.4005	4.21494e-06	0.760037
0.00233086	19.7624	4.21494e-06	0.938411
0.00233929	17.8014	4.21494e-06	0.982918
0.00234772	17.1948	4.21494e-06	0.751713
0.00235615	17.2543	4.21494e-06	1.02602
0.00236458	15.7487	4.21494e-06	0.815402
0.00237301	15.4645	4.21494e-06	1.12185
0.00238144	12.4022	4.21494e-06	0.676409
0.00238987	12.3317	4.21494e-06	0.694321
0.0023983	10.0516	4.21494e-06	0.551286
0.00240673	10.0295	4.21494e-06	0.564697
0.00241516	9.72215	4.21494e-06	0.643516
0.00242359	9.88436	4.21494e-06	0.875104
0.00243202	7.64805	4.21494e-06	0.494398
0.00244045	8.71024	4.21494e-06	0.848686
0.00244888	8.00376	4.21494e-06	0.616458
0.00245731	6.19048	4.21494e-06	0.464972
0.00246574	5.60081	4.21494e-06	0.46391
0.00247417	6.33651	4.21494e-06	0.477127
0.0024826	4.92678	4.21494e-06	0.462883
0.00249103	4.81556	4.21494e-06	0.722379
0.00249946	3.49615	4.21494e-06	0.357729
0.00250789	3.37017	4.21494e-06	0.333338
0.00251632	2.57705	4.21494e-06	0.260326
0.00252475	2.44766	4.21494e-06	0.355399
0.00253318	2.95032	4.21494e-06	0.331617
0.00254161	2.09521	4.21494e-06	0.231178
0.00255004	1.24023	4.21494e-06	0.168867
0.00255847	0.946001	4.21494e-06	0.137985
0.0025669	0.644669	4.21494e-06	0.119119
0.00257533	0.248329	4.21494e-06	0.0675275
0.00258376	0.051565	4.21494e-06	0.030015
