4.21494e-06	0.0541314	4.21494e-06	0.0276121
1.26448e-05	0.423088	4.21494e-06	0.0962529
2.10747e-05	1.59372	4.21494e-06	0.445828
2.95046e-05	2.34775	4.21494e-06	0.223689
3.79345e-05	4.02279	4.21494e-06	0.289068
4.63644e-05	6.58473	4.21494e-06	0.362929
5.47943e-05	8.94411	4.21494e-06	0.472565
6.32241e-05	11.875	4.21494e-06	0.644058
7.1654e-05	14.7851	4.21494e-06	0.844989
8.00839e-05	17.6965	4.21494e-06	0.642961
8.85138e-05	22.7097	4.21494e-06	0.770045
9.69437e-05	25.1219	4.21494e-06	0.774614
0.000105374	31.2561	4.21494e-06	0.988674
0.000113803	37.0588	4.21494e-06	1.05792
0.000122233	39.7031	4.21494e-06	1.06638
0.000130663	47.5698	4.21494e-06	1.09966
0.000139093	52.236	4.21494e-06	1.18763
0.000147523	58.6055	4.21494e-06	1.30218
0.000155953	66.621	4.21494e-06	1.34942
0.000164383	73.6227	4.21494e-06	1.66287
0.000172813	84.6137	4.21494e-06	3.0392
0.000181243	87.8495	4.21494e-06	2.35871
0.000189672	107.696	4.21494e-06	4.60278
0.000198102	107.459	4.21494e-06	2.13953
0.000206532	116.999	4.21494e-06	2.24389
0.000214962	121.221	4.21494e-06	1.79994
0.000223392	134.372	4.21494e-06	2.32456
0.000231822	138.993	4.21494e-06	3.27681
0.000240252	150.259	4.21494e-06	2.20555
0.000248682	161.055	4.21494e-06	2.68175
0.000257112	171.875	4.21494e-06	3.39586
0.000265541	175.236	4.21494e-06	2.34133
0.000273971	188.518	4.21494e-06	2.53607
0.000282401	202.346	4.21494e-06	2.98646
0.000290831	212.409	4.21494e-06	2.83402
0.000299261	223.889	4.21494e-06	2.91333
0.000307691	230.111	4.21494e-06	2.61523
0.000316121	243.975	4.21494e-06	2.98456
0.000324551	255.007	4.21494e-06	3.2507
0.00033298	266.048	4.21494e-06	2.85564
0.00034141	280.007	4.21494e-06	3.4303
0.00034984	296.321	4.21494e-06	6.16192
0.00035827	297.205	4.21494e-06	3.07306
0.0003667	308.866	4.21494e-06	3.42408
0.00037513	333.547	4.21494e-06	6.75703
0.00038356	332.177	4.21494e-06	3.12161
0.00039199	354.799	4.21494e-06	4.94668
0.00040042	362.35	4.21494e-06	3.44156
0.000408849	365.242	4.21494e-06	3.17715
0.000417279	381.554	4.21494e-06	3.30801
0.000425709	397.658	4.21494e-06	3.86001
0.000434139	419.834	4.21494e-06	4.59607
0.000442569	427.265	4.21494e-06	3.5365
0.000450999	436.463	4.21494e-06	4.57525
0.000459429	445.846	4.21494e-06	3.85012
0.000467859	459.091	4.21494e-06	3.86313
0.000476289	473.576	4.21494e-06	5.39947
0.000484718	482.251	4.21494e-06	3.77353
0.000493148	529.077	4.21494e-06	16.8379
0.000501578	503.461	4.21494e-06	3.78179
0.000510008	523.761	4.21494e-06	3.98937
0.000518438	537.257	4.21494e-06	5.48877
0.000526868	551.084	4.21494e-06	4.28675
0.000535298	562.439	4.21494e-06	4.92341
0.000543728	569.757	4.21494e-06	4.34014
0.000552158	593.346	4.21494e-06	11.1794
0.000560587	596.588	4.21494e-06	5.90613
0.000569017	623.092	4.21494e-06	7.30884
0.000577447	624.321	4.21494e-06	4.57073
0.000585877	644.545	4.21494e-06	5.06222
0.000594307	644.258	4.21494e-06	4.30364
0.000602737	657.325	4.21494e-06	4.58589
0.000611167	670.581	4.21494e-06	4.49664
0.000619597	680	4.21494e-06	4.70417
0.000628026	699.926	4.21494e-06	5.31586
0.000636456	697.057	4.21494e-06	4.71769
0.000644886	715.851	4.21494e-06	5.34881
0.000653316	721.972	4.21494e-06	5.12227
0.000661746	730.546	4.21494e-06	5.41696
0.000670176	733.107	4.21494e-06	4.91238
0.000678606	749.146	4.21494e-06	5.06956
0.000687036	758.158	4.21494e-06	4.90592
0.000695466	757.651	4.21494e-06	4.66083
0.000703895	779.682	4.21494e-06	5.52709
0.000712325	796.061	4.21494e-06	8.1887
0.000720755	802.095	4.21494e-06	6.4466
0.000729185	807.987	4.21494e-06	5.38908
0.000737615	812.825	4.21494e-06	5.52704
0.000746045	812.49	4.21494e-06	4.89794
0.000754475	827.227	4.21494e-06	4.93813
0.000762905	822.144	4.21494e-06	4.70731
0.000771335	849.982	4.21494e-06	7.29135
0.000779764	855.947	4.21494e-06	7.10819
0.000788194	854.366	4.21494e-06	5.2662
0.000796624	858.226	4.21494e-06	5.09879
0.000805054	846.472	4.21494e-06	4.66448
0.000813484	870.881	4.21494e-06	5.60663
0.000821914	876.805	4.21494e-06	5.36971
0.000830344	884.217	4.21494e-06	5.11532
0.000838774	885.741	4.21494e-06	7.11217
0.000847204	888.345	4.21494e-06	4.89266
0.000855633	906.866	4.21494e-06	6.12455
0.000864063	899.421	4.21494e-06	4.84305
0.000872493	902.587	4.21494e-06	5.20404
0.000880923	906.422	4.21494e-06	5.40982
0.000889353	906.881	4.21494e-06	5.42254
0.000897783	910.468	4.21494e-06	5.62625
0.000906213	917.431	4.21494e-06	5.51464
0.000914643	917.924	4.21494e-06	5.42595
0.000923072	930.619	4.21494e-06	6.15174
0.000931502	923.455	4.21494e-06	8.11539
0.000939932	926.438	4.21494e-06	5.63069
0.000948362	925.141	4.21494e-06	5.54705
0.000956792	920.477	4.21494e-06	5.35374
0.000965222	932.722	4.21494e-06	6.94059
0.000973652	918.699	4.21494e-06	5.29714
0.000982082	924.268	4.21494e-06	5.96199
0.000990512	911.682	4.21494e-06	5.25214
0.000998941	917.419	4.21494e-06	5.271
0.00100737	918.239	4.21494e-06	6.01142
0.0010158	917.936	4.21494e-06	5.90911
0.00102423	918.144	4.21494e-06	5.43885
0.00103266	906.619	4.21494e-06	5.37238
0.00104109	909.315	4.21494e-06	5.4787
0.00104952	899.758	4.21494e-06	5.03569
0.00105795	898.034	4.21494e-06	4.90916
0.00106638	894.791	4.21494e-06	5.85259
0.00107481	882.974	4.21494e-06	4.5914
0.00108324	879.688	4.21494e-06	4.76391
0.00109167	887.914	4.21494e-06	5.74992
0.0011001	891.969	4.21494e-06	5.34732
0.00110853	878.225	4.21494e-06	4.89145
0.00111696	861.119	4.21494e-06	5.14854
0.00112539	863.172	4.21494e-06	5.02359
0.00113382	852.906	4.21494e-06	4.59616
0.00114225	851.246	4.21494e-06	5.57988
0.00115068	849.279	4.21494e-06	4.61724
0.00115911	838.459	4.21494e-06	4.37682
0.00116754	844.205	4.21494e-06	5.17615
0.00117597	835.345	4.21494e-06	5.32448
0.0011844	824.137	4.21494e-06	4.78775
0.00119283	812.673	4.21494e-06	4.47075
0.00120126	800.243	4.21494e-06	4.35037
0.00120969	794.628	4.21494e-06	4.48042
0.00121812	790.504	4.21494e-06	4.45319
0.00122655	787.3	4.21494e-06	4.63982
0.00123498	788.695	4.21494e-06	6.82364
0.00124341	762.466	4.21494e-06	4.81058
0.00125184	746.066	4.21494e-06	4.12621
0.00126027	751.192	4.21494e-06	4.41802
0.0012687	735.377	4.21494e-06	5.02798
0.00127713	731.084	4.21494e-06	4.40434
0.00128556	721.122	4.21494e-06	4.35993
0.00129399	739.071	4.21494e-06	19.1866
0.00130242	710.282	4.21494e-06	6.40862
0.00131085	690.836	4.21494e-06	4.31709
0.00131928	702.666	4.21494e-06	13.9585
0.00132771	675.015	4.21494e-06	7.22601
0.00133614	670.115	4.21494e-06	4.57205
0.00134457	645.139	4.21494e-06	3.98241
0.001353	647.334	4.21494e-06	4.17949
0.00136143	629.045	4.21494e-06	3.62643
0.00136986	631.133	4.21494e-06	4.8235
0.00137829	616.111	4.21494e-06	3.82021
0.00138672	607.666	4.21494e-06	3.89265
0.00139515	600.133	4.21494e-06	4.28625
0.00140358	589.547	4.21494e-06	4.31582
0.00141201	569.5	4.21494e-06	3.39903
0.00142044	569.402	4.21494e-06	3.49614
0.00142887	554.865	4.21494e-06	3.756
0.0014373	551.245	4.21494e-06	4.94275
0.00144573	541.337	4.21494e-06	3.27213
0.00145416	529.475	4.21494e-06	3.70251
0.00146259	518.326	4.21494e-06	3.46287
0.00147102	502.623	4.21494e-06	3.1299
0.00147944	500.293	4.21494e-06	3.37248
0.00148787	486.598	4.21494e-06	3.23616
0.0014963	480.925	4.21494e-06	3.16618
0.00150473	470.214	4.21494e-06	2.95053
0.00151316	465.741	4.21494e-06	4.6652
0.00152159	449.201	4.21494e-06	3.36038
0.00153002	440.428	4.21494e-06	2.99831
0.00153845	439.543	4.21494e-06	5.35043
0.00154688	427.932	4.21494e-06	3.57052
0.00155531	418.424	4.21494e-06	3.23713
0.00156374	420.012	4.21494e-06	6.81773
0.00157217	399.081	4.21494e-06	2.87909
0.0015806	384.905	4.21494e-06	2.72208
0.00158903	385.768	4.21494e-06	3.99674
0.00159746	377.177	4.21494e-06	2.95842
0.00160589	367.046	4.21494e-06	2.71154
0.00161432	351.102	4.21494e-06	2.55038
0.00162275	341.505	4.21494e-06	2.65537
0.00163118	343.926	4.21494e-06	2.96488
0.00163961	335.408	4.21494e-06	3.52894
0.00164804	325.253	4.21494e-06	2.42432
0.00165647	317.241	4.21494e-06	2.82019
0.0016649	311.937	4.21494e-06	2.45054
0.00167333	303.491	4.21494e-06	2.63221
0.00168176	292.187	4.21494e-06	2.25589
0.00169019	283.494	4.21494e-06	2.34924
0.00169862	278.55	4.21494e-06	2.17825
0.00170705	276.243	4.21494e-06	2.29327
0.00171548	262.332	4.21494e-06	2.07841
0.00172391	261.735	4.21494e-06	2.58336
0.00173234	253.691	4.21494e-06	2.12512
0.00174077	240.503	4.21494e-06	1.92743
0.0017492	237.942	4.21494e-06	2.11831
0.00175763	232.441	4.21494e-06	1.93502
0.00176606	224.831	4.21494e-06	2.29022
0.00177449	215.368	4.21494e-06	2.02042
0.00178292	207.339	4.21494e-06	1.79976
0.00179135	202.454	4.21494e-06	1.9631
0.00179978	199.164	4.21494e-06	1.73916
0.00180821	193.232	4.21494e-06	1.84849
0.00181664	188.75	4.21494e-06	1.78948
0.00182507	181.011	4.21494e-06	1.78346
0.0018335	176.726	4.21494e-06	1.74031
0.00184193	170.804	4.21494e-06	1.67134
0.00185036	165.218	4.21494e-06	1.73383
0.00185879	159.908	4.21494e-06	1.57162
0.00186722	153.335	4.21494e-06	1.4974
0.00187565	150.694	4.21494e-06	1.43903
0.00188408	141.308	4.21494e-06	1.40026
0.00189251	143.385	4.21494e-06	2.44585
0.00190094	135.144	4.21494e-06	1.39603
0.00190937	130.581	4.21494e-06	1.38023
0.0019178	127.027	4.21494e-06	1.82375
0.00192623	119.583	4.21494e-06	1.24207
0.00193466	115.865	4.21494e-06	1.30737
0.00194309	111.464	4.21494e-06	1.51957
0.00195152	106.85	4.21494e-06	1.28242
0.00195995	102.787	4.21494e-06	1.15679
0.00196838	100.667	4.21494e-06	1.26209
0.00197681	95.6299	4.21494e-06	1.14102
0.00198524	89.9751	4.21494e-06	1.06054
0.00199367	88.7682	4.21494e-06	1.04481
0.0020021	84.8899	4.21494e-06	1.05073
0.00201053	82.9295	4.21494e-06	1.21023
0.00201896	79.4731	4.21494e-06	0.987611
0.00202739	75.5715	4.21494e-06	0.984262
0.00203582	74.6758	4.21494e-06	1.01758
0.00204425	71.4597	4.21494e-06	0.960849
0.00205268	66.405	4.21494e-06	0.887355
0.00206111	63.8148	4.21494e-06	0.850887
0.00206954	62.0208	4.21494e-06	0.867771
0.00207797	59.755	4.21494e-06	0.835879
0.0020864	56.4145	4.21494e-06	0.813787
0.00209483	53.4251	4.21494e-06	0.783179
0.00210326	52.48	4.21494e-06	0.773412
0.00211169	49.568	4.21494e-06	0.762179
0.00212012	47.5586	4.21494e-06	0.726639
0.00212855	45.4796	4.21494e-06	0.712074
0.00213698	43.326	4.21494e-06	0.697474
0.00214541	42.2864	4.21494e-06	0.68152
0.00215384	39.2994	4.21494e-06	0.656448
0.00216227	37.0651	4.21494e-06	0.63322
0.0021707	35.4027	4.21494e-06	0.605284
0.00217913	34.3857	4.21494e-06	0.608366
0.00218756	32.656	4.21494e-06	0.580759
0.00219599	32.0123	4.21494e-06	0.579819
0.00220442	30.7471	4.21494e-06	0.56871
0.00221285	28.4167	4.21494e-06	0.540082
0.00222127	27.7033	4.21494e-06	0.531016
0.0022297	25.5202	4.21494e-06	0.512532
0.00223813	24.6717	4.21494e-06	0.49735
0.00224656	23.6352	4.21494e-06	0.482734
0.00225499	21.4281	4.21494e-06	0.460551
0.00226342	21.0399	4.21494e-06	0.453834
0.00227185	19.9081	4.21494e-06	0.451667
0.00228028	17.544	4.21494e-06	0.413262
0.00228871	17.3804	4.21494e-06	0.426037
0.00229714	16.3931	4.21494e-06	0.395299
0.00230557	15.1632	4.21494e-06	0.379724
0.002314	14.8953	4.21494e-06	0.374677
0.00232243	13.8084	4.21494e-06	0.364028
0.00233086	12.9718	4.21494e-06	0.352386
0.00233929	12.1445	4.21494e-06	0.335301
0.00234772	11.1508	4.21494e-06	0.321498
0.00235615	10.6432	4.21494e-06	0.318277
0.00236458	9.84428	4.21494e-06	0.298619
0.00237301	9.29239	4.21494e-06	0.30937
0.00238144	8.48935	4.21494e-06	0.276654
0.00238987	7.68793	4.21494e-06	0.264098
0.0023983	6.86009	4.21494e-06	0.247543
0.00240673	6.46442	4.21494e-06	0.237975
0.00241516	6.15777	4.21494e-06	0.232684
0.00242359	5.56678	4.21494e-06	0.233889
0.00243202	5.35136	4.21494e-06	0.21484
0.00244045	4.80318	4.21494e-06	0.203156
0.00244888	4.15503	4.21494e-06	0.19084
0.00245731	3.89819	4.21494e-06	0.182934
0.00246574	3.33751	4.21494e-06	0.168264
0.00247417	3.27396	4.21494e-06	0.164949
0.0024826	2.72912	4.21494e-06	0.149542
0.00249103	2.47268	4.21494e-06	0.143206
0.00249946	2.0443	4.21494e-06	0.129883
0.00250789	2.02524	4.21494e-06	0.132421
0.00251632	1.41726	4.21494e-06	0.107798
0.00252475	1.48854	4.21494e-06	0.108836
0.00253318	1.17383	4.21494e-06	0.0965086
0.00254161	0.812423	4.21494e-06	0.0789083
0.00255004	0.598247	4.21494e-06	0.0686479
0.00255847	0.442815	4.21494e-06	0.0577735
0.0025669	0.199344	4.21494e-06	0.0383987
0.00257533	0.0873459	4.21494e-06	0.0252424
0.00258376	0.00744349	4.21494e-06	0.00744349
