4.21494e-06	0.0678183	4.21494e-06	0.0260648
1.26448e-05	0.231539	4.21494e-06	0.0473344
2.10747e-05	1.03344	4.21494e-06	0.154099
2.95046e-05	1.94988	4.21494e-06	0.167265
3.79345e-05	3.6496	4.21494e-06	0.244367
4.63644e-05	4.54423	4.21494e-06	0.377463
5.47943e-05	8.04919	4.21494e-06	0.451245
6.32241e-05	10.3776	4.21494e-06	0.796206
7.1654e-05	11.7062	4.21494e-06	0.472374
8.00839e-05	15.3432	4.21494e-06	0.685643
8.85138e-05	18.2065	4.21494e-06	0.909445
9.69437e-05	22.9626	4.21494e-06	0.985614
0.000105374	26.2086	4.21494e-06	0.903152
0.000113803	29.3455	4.21494e-06	0.74113
0.000122233	35.6607	4.21494e-06	1.59588
0.000130663	40.1245	4.21494e-06	1.13977
0.000139093	46.5781	4.21494e-06	1.6719
0.000147523	50.4252	4.21494e-06	1.23758
0.000155953	54.596	4.21494e-06	1.08389
0.000164383	59.814	4.21494e-06	1.23275
0.000172813	67.9292	4.21494e-06	1.53046
0.000181243	71.7513	4.21494e-06	1.2552
0.000189672	79.2327	4.21494e-06	1.52927
0.000198102	87.0081	4.21494e-06	1.46461
0.000206532	95.0729	4.21494e-06	1.64414
0.000214962	103.51	4.21494e-06	1.89455
0.000223392	110.511	4.21494e-06	1.76722
0.000231822	118.477	4.21494e-06	1.80046
0.000240252	129.398	4.21494e-06	1.99817
0.000248682	134.945	4.21494e-06	2.15118
0.000257112	145.632	4.21494e-06	2.28138
0.000265541	152.953	4.21494e-06	2.24927
0.000273971	157.601	4.21494e-06	2.12595
0.000282401	167.694	4.21494e-06	2.11095
0.000290831	180.719	4.21494e-06	2.58287
0.000299261	188.812	4.21494e-06	2.27251
0.000307691	200.878	4.21494e-06	2.37892
0.000316121	213.729	4.21494e-06	2.75315
0.000324551	214.99	4.21494e-06	2.25873
0.00033298	225.518	4.21494e-06	2.54355
0.00034141	239.198	4.21494e-06	2.83055
0.00034984	254.038	4.21494e-06	3.94462
0.00035827	258.141	4.21494e-06	2.78022
0.0003667	268.711	4.21494e-06	2.77848
0.00037513	285.17	4.21494e-06	2.79749
0.00038356	295.252	4.21494e-06	3.04549
0.00039199	310.169	4.21494e-06	3.78307
0.00040042	305.415	4.21494e-06	2.80545
0.000408849	332.948	4.21494e-06	3.29859
0.000417279	343.263	4.21494e-06	3.97275
0.000425709	344.506	4.21494e-06	2.95955
0.000434139	358.207	4.21494e-06	3.25912
0.000442569	376.378	4.21494e-06	3.62313
0.000450999	380.602	4.21494e-06	3.21148
0.000459429	394.472	4.21494e-06	3.50421
0.000467859	412.761	4.21494e-06	4.11938
0.000476289	432.342	4.21494e-06	5.27917
0.000484718	445.804	4.21494e-06	9.31535
0.000493148	446.048	4.21494e-06	3.7514
0.000501578	461.185	4.21494e-06	4.93556
0.000510008	468.689	4.21494e-06	4.33908
0.000518438	489.128	4.21494e-06	4.18063
0.000526868	509.153	4.21494e-06	10.1122
0.000535298	503.248	4.21494e-06	3.76675
0.000543728	520.169	4.21494e-06	5.28516
0.000552158	531.693	4.21494e-06	4.13057
0.000560587	539.638	4.21494e-06	4.5049
0.000569017	556.686	4.21494e-06	5.10804
0.000577447	563.543	4.21494e-06	4.04691
0.000585877	575.386	4.21494e-06	4.18022
0.000594307	593.08	4.21494e-06	6.35273
0.000602737	599.085	4.21494e-06	4.62737
0.000611167	616.479	4.21494e-06	5.33908
0.000619597	623.361	4.21494e-06	4.64866
0.000628026	624.732	4.21494e-06	4.29138
0.000636456	650.205	4.21494e-06	4.55015
0.000644886	668.129	4.21494e-06	8.96091
0.000653316	673.021	4.21494e-06	4.86925
0.000661746	681.889	4.21494e-06	4.98233
0.000670176	690.812	4.21494e-06	4.752
0.000678606	709.713	4.21494e-06	6.00395
0.000687036	711.094	4.21494e-06	5.32913
0.000695466	730.292	4.21494e-06	6.37587
0.000703895	718.295	4.21494e-06	4.65072
0.000712325	740.507	4.21494e-06	5.28477
0.000720755	744.736	4.21494e-06	5.50869
0.000729185	751.476	4.21494e-06	5.35193
0.000737615	767.298	4.21494e-06	5.73085
0.000746045	775.55	4.21494e-06	5.33659
0.000754475	783.967	4.21494e-06	5.21109
0.000762905	785.711	4.21494e-06	5.45905
0.000771335	786.532	4.21494e-06	4.89893
0.000779764	800.746	4.21494e-06	5.55524
0.000788194	812.407	4.21494e-06	7.18985
0.000796624	817.592	4.21494e-06	5.26986
0.000805054	841.771	4.21494e-06	7.55696
0.000813484	840.751	4.21494e-06	6.01172
0.000821914	843.265	4.21494e-06	5.34136
0.000830344	833.501	4.21494e-06	5.12836
0.000838774	852.374	4.21494e-06	6.12891
0.000847204	861.863	4.21494e-06	6.41867
0.000855633	862.077	4.21494e-06	5.33721
0.000864063	870.225	4.21494e-06	5.37121
0.000872493	877.159	4.21494e-06	6.72747
0.000880923	875.59	4.21494e-06	5.28377
0.000889353	881.571	4.21494e-06	5.32356
0.000897783	891.824	4.21494e-06	5.96193
0.000906213	890.052	4.21494e-06	5.37153
0.000914643	898.005	4.21494e-06	7.29123
0.000923072	904.768	4.21494e-06	6.84953
0.000931502	899.203	4.21494e-06	5.87275
0.000939932	905.174	4.21494e-06	6.16326
0.000948362	904.041	4.21494e-06	5.26872
0.000956792	909.009	4.21494e-06	6.46618
0.000965222	901.275	4.21494e-06	5.30478
0.000973652	915.743	4.21494e-06	6.08403
0.000982082	916.631	4.21494e-06	6.20579
0.000990512	916.8	4.21494e-06	5.9452
0.000998941	910.399	4.21494e-06	5.24939
0.00100737	912.024	4.21494e-06	5.83833
0.0010158	915.953	4.21494e-06	5.47153
0.00102423	911.584	4.21494e-06	5.81434
0.00103266	910.599	4.21494e-06	5.76502
0.00104109	915.024	4.21494e-06	6.40728
0.00104952	915.811	4.21494e-06	7.96481
0.00105795	901.74	4.21494e-06	7.09718
0.00106638	905.595	4.21494e-06	7.81933
0.00107481	893.151	4.21494e-06	5.69608
0.00108324	889.935	4.21494e-06	5.84712
0.00109167	887.961	4.21494e-06	6.24386
0.0011001	895.072	4.21494e-06	5.76643
0.00110853	887.152	4.21494e-06	5.72022
0.00111696	874.05	4.21494e-06	5.11674
0.00112539	878.656	4.21494e-06	5.84379
0.00113382	856.225	4.21494e-06	5.00315
0.00114225	864.953	4.21494e-06	5.2829
0.00115068	865.041	4.21494e-06	6.73182
0.00115911	867.71	4.21494e-06	5.48996
0.00116754	856.251	4.21494e-06	5.67415
0.00117597	842.483	4.21494e-06	5.01906
0.0011844	842.598	4.21494e-06	5.9064
0.00119283	839.256	4.21494e-06	5.05498
0.00120126	836.81	4.21494e-06	5.5919
0.00120969	828.341	4.21494e-06	5.12144
0.00121812	818.313	4.21494e-06	5.44157
0.00122655	798.058	4.21494e-06	4.80999
0.00123498	796.209	4.21494e-06	5.28376
0.00124341	812.416	4.21494e-06	9.50931
0.00125184	793.879	4.21494e-06	8.69561
0.00126027	779.328	4.21494e-06	5.85146
0.0012687	767.23	4.21494e-06	4.78776
0.00127713	758.628	4.21494e-06	5.59816
0.00128556	753.092	4.21494e-06	5.30946
0.00129399	755.249	4.21494e-06	6.84567
0.00130242	738.96	4.21494e-06	4.85305
0.00131085	731.828	4.21494e-06	5.09234
0.00131928	723.846	4.21494e-06	5.05434
0.00132771	716.731	4.21494e-06	5.14284
0.00133614	698.33	4.21494e-06	4.66913
0.00134457	698.791	4.21494e-06	7.53316
0.001353	686.794	4.21494e-06	4.46148
0.00136143	680.186	4.21494e-06	4.52228
0.00136986	657.809	4.21494e-06	4.75373
0.00137829	666.183	4.21494e-06	4.63655
0.00138672	654.909	4.21494e-06	7.25833
0.00139515	631.316	4.21494e-06	4.21401
0.00140358	624.673	4.21494e-06	4.20673
0.00141201	626.503	4.21494e-06	4.81729
0.00142044	621.54	4.21494e-06	5.78124
0.00142887	606.893	4.21494e-06	4.1834
0.0014373	611.337	4.21494e-06	9.41371
0.00144573	585.048	4.21494e-06	5.12281
0.00145416	573.448	4.21494e-06	4.34785
0.00146259	563.04	4.21494e-06	5.00297
0.00147102	553.502	4.21494e-06	5.25132
0.00147944	553.314	4.21494e-06	5.36699
0.00148787	536.205	4.21494e-06	4.19362
0.0014963	523.195	4.21494e-06	4.1315
0.00150473	510.909	4.21494e-06	3.76319
0.00151316	512.601	4.21494e-06	4.52169
0.00152159	494.184	4.21494e-06	3.71294
0.00153002	486.911	4.21494e-06	3.71005
0.00153845	479.948	4.21494e-06	3.73427
0.00154688	470.644	4.21494e-06	4.62126
0.00155531	469.114	4.21494e-06	4.03726
0.00156374	455.793	4.21494e-06	3.80081
0.00157217	435.494	4.21494e-06	3.9346
0.0015806	432.545	4.21494e-06	3.63452
0.00158903	427.245	4.21494e-06	4.10649
0.00159746	416.939	4.21494e-06	5.0674
0.00160589	410.036	4.21494e-06	3.91882
0.00161432	398.49	4.21494e-06	4.17354
0.00162275	382.144	4.21494e-06	3.35217
0.00163118	402.351	4.21494e-06	17.9439
0.00163961	367.337	4.21494e-06	3.23034
0.00164804	363.091	4.21494e-06	3.73767
0.00165647	355.517	4.21494e-06	4.35652
0.0016649	342.325	4.21494e-06	2.92962
0.00167333	343.922	4.21494e-06	6.04738
0.00168176	329.618	4.21494e-06	3.81227
0.00169019	316.263	4.21494e-06	3.31501
0.00169862	309.08	4.21494e-06	2.8298
0.00170705	303.872	4.21494e-06	3.06772
0.00171548	297.69	4.21494e-06	2.87193
0.00172391	294.938	4.21494e-06	4.07691
0.00173234	282.623	4.21494e-06	2.93272
0.00174077	280.655	4.21494e-06	3.41886
0.0017492	270.356	4.21494e-06	3.45275
0.00175763	261.585	4.21494e-06	2.71624
0.00176606	255.17	4.21494e-06	2.86123
0.00177449	247.548	4.21494e-06	2.55067
0.00178292	235.522	4.21494e-06	2.67347
0.00179135	233.019	4.21494e-06	2.96131
0.00179978	224.616	4.21494e-06	2.33231
0.00180821	221.301	4.21494e-06	2.76194
0.00181664	209.385	4.21494e-06	2.26821
0.00182507	203.802	4.21494e-06	2.18767
0.0018335	203.172	4.21494e-06	3.05299
0.00184193	197.537	4.21494e-06	3.40438
0.00185036	187.919	4.21494e-06	2.15931
0.00185879	182.198	4.21494e-06	2.52544
0.00186722	178.366	4.21494e-06	2.03837
0.00187565	169.982	4.21494e-06	1.97833
0.00188408	167.819	4.21494e-06	2.37776
0.00189251	162.713	4.21494e-06	2.17603
0.00190094	157.078	4.21494e-06	2.71772
0.00190937	152.517	4.21494e-06	1.96281
0.0019178	142.856	4.21494e-06	1.77907
0.00192623	140.528	4.21494e-06	2.00772
0.00193466	136.883	4.21494e-06	1.98606
0.00194309	133.453	4.21494e-06	2.09534
0.00195152	127.664	4.21494e-06	1.89611
0.00195995	125.792	4.21494e-06	1.95975
0.00196838	121.978	4.21494e-06	2.0829
0.00197681	117.823	4.21494e-06	1.75922
0.00198524	108.14	4.21494e-06	1.55957
0.00199367	105.758	4.21494e-06	1.61804
0.0020021	104.329	4.21494e-06	1.83053
0.00201053	100.591	4.21494e-06	1.99637
0.00201896	94.0751	4.21494e-06	2.17417
0.00202739	91.4281	4.21494e-06	1.39959
0.00203582	89.6631	4.21494e-06	1.68629
0.00204425	84.2759	4.21494e-06	1.46286
0.00205268	79.5771	4.21494e-06	1.36845
0.00206111	80.0527	4.21494e-06	1.68936
0.00206954	75.7407	4.21494e-06	1.41674
0.00207797	75.0314	4.21494e-06	1.53715
0.0020864	69.81	4.21494e-06	1.48682
0.00209483	65.4363	4.21494e-06	1.20004
0.00210326	61.8208	4.21494e-06	1.13445
0.00211169	61.5245	4.21494e-06	1.14709
0.00212012	57.1584	4.21494e-06	1.13139
0.00212855	56.7171	4.21494e-06	1.0572
0.00213698	53.2149	4.21494e-06	1.09689
0.00214541	51.783	4.21494e-06	1.03125
0.00215384	49.4411	4.21494e-06	1.34775
0.00216227	46.299	4.21494e-06	0.98447
0.0021707	44.9653	4.21494e-06	1.16628
0.00217913	43.5165	4.21494e-06	1.11378
0.00218756	42.5943	4.21494e-06	1.00611
0.00219599	40.3979	4.21494e-06	0.986824
0.00220442	38.2331	4.21494e-06	0.935523
0.00221285	35.1003	4.21494e-06	0.829775
0.00222127	34.5371	4.21494e-06	0.852476
0.0022297	30.971	4.21494e-06	0.736184
0.00223813	29.5425	4.21494e-06	0.741806
0.00224656	30.901	4.21494e-06	0.949497
0.00225499	27.415	4.21494e-06	0.818705
0.00226342	28.0928	4.21494e-06	2.10407
0.00227185	25.0705	4.21494e-06	0.648514
0.00228028	24.9002	4.21494e-06	0.668384
0.00228871	23.2724	4.21494e-06	0.98047
0.00229714	21.3554	4.21494e-06	0.672778
0.00230557	20.1077	4.21494e-06	0.532371
0.002314	18.4387	4.21494e-06	0.521361
0.00232243	18.7081	4.21494e-06	0.597858
0.00233086	16.5586	4.21494e-06	0.583397
0.00233929	16.197	4.21494e-06	0.505032
0.00234772	14.8145	4.21494e-06	0.491688
0.00235615	13.9107	4.21494e-06	0.441202
0.00236458	13.3622	4.21494e-06	0.433871
0.00237301	12.0823	4.21494e-06	0.393684
0.00238144	12.4136	4.21494e-06	0.402898
0.00238987	10.4267	4.21494e-06	0.363701
0.0023983	9.94825	4.21494e-06	0.351152
0.00240673	9.26826	4.21494e-06	0.329227
0.00241516	8.79148	4.21494e-06	0.325046
0.00242359	7.79636	4.21494e-06	0.304472
0.00243202	7.66162	4.21494e-06	0.297656
0.00244045	6.8883	4.21494e-06	0.278399
0.00244888	5.85326	4.21494e-06	0.250837
0.00245731	5.50679	4.21494e-06	0.248718
0.00246574	5.06772	4.21494e-06	0.236288
0.00247417	4.42202	4.21494e-06	0.219566
0.0024826	4.03126	4.21494e-06	0.205603
0.00249103	3.84365	4.21494e-06	0.199305
0.00249946	3.19964	4.21494e-06	0.17981
0.00250789	2.82019	4.21494e-06	0.167772
0.00251632	2.32779	4.21494e-06	0.151732
0.00252475	2.24031	4.21494e-06	0.148984
0.00253318	1.79159	4.21494e-06	0.131091
0.00254161	1.4521	4.21494e-06	0.117574
0.00255004	0.990653	4.21494e-06	0.0986592
0.00255847	0.686503	4.21494e-06	0.0802107
0.0025669	0.365745	4.21494e-06	0.0577583
0.00257533	0.245752	4.21494e-06	0.0466535
0.00258376	0.0367645	4.21494e-06	0.0183853
