4.21494e-06	0.0262541	4.21494e-06	0.0131463
1.26448e-05	0.431876	4.21494e-06	0.0828202
2.10747e-05	1.26262	4.21494e-06	0.139263
2.95046e-05	2.07219	4.21494e-06	0.250879
3.79345e-05	3.68045	4.21494e-06	0.273033
4.63644e-05	4.74098	4.21494e-06	0.346802
5.47943e-05	7.6333	4.21494e-06	0.584333
6.32241e-05	10.1798	4.21494e-06	0.48488
7.1654e-05	12.5913	4.21494e-06	0.531716
8.00839e-05	15.5662	4.21494e-06	0.588007
8.85138e-05	17.8547	4.21494e-06	0.640763
9.69437e-05	22.6692	4.21494e-06	0.855958
0.000105374	26.1017	4.21494e-06	0.911571
0.000113803	30.4587	4.21494e-06	0.992448
0.000122233	36.9847	4.21494e-06	1.46331
0.000130663	39.5312	4.21494e-06	1.04443
0.000139093	45.3761	4.21494e-06	1.15175
0.000147523	53.1722	4.21494e-06	1.35347
0.000155953	54.6162	4.21494e-06	1.09811
0.000164383	61.8485	4.21494e-06	1.20353
0.000172813	70.0796	4.21494e-06	1.34052
0.000181243	78.6184	4.21494e-06	1.79879
0.000189672	82.1124	4.21494e-06	1.91809
0.000198102	90.3121	4.21494e-06	1.73856
0.000206532	101.034	4.21494e-06	4.15747
0.000214962	103.261	4.21494e-06	1.56582
0.000223392	114.865	4.21494e-06	2.31954
0.000231822	122.765	4.21494e-06	2.02664
0.000240252	127.393	4.21494e-06	1.88698
0.000248682	137.81	4.21494e-06	2.96216
0.000257112	145.041	4.21494e-06	2.13303
0.000265541	157.13	4.21494e-06	2.34975
0.000273971	168.626	4.21494e-06	2.96932
0.000282401	171.341	4.21494e-06	2.18272
0.000290831	182.459	4.21494e-06	2.29069
0.000299261	199.173	4.21494e-06	2.97427
0.000307691	200.485	4.21494e-06	2.50315
0.000316121	213.175	4.21494e-06	2.58401
0.000324551	216.858	4.21494e-06	2.38452
0.00033298	244.912	4.21494e-06	5.26592
0.00034141	243.812	4.21494e-06	2.57046
0.00034984	253.049	4.21494e-06	3.02906
0.00035827	266.826	4.21494e-06	2.89039
0.0003667	280.973	4.21494e-06	4.10472
0.00037513	285.335	4.21494e-06	3.13614
0.00038356	298.074	4.21494e-06	3.31344
0.00039199	308.755	4.21494e-06	3.76913
0.00040042	315.791	4.21494e-06	2.71774
0.000408849	336.535	4.21494e-06	3.7047
0.000417279	341.527	4.21494e-06	3.79987
0.000425709	358.321	4.21494e-06	3.47071
0.000434139	374.694	4.21494e-06	3.97075
0.000442569	376.356	4.21494e-06	3.56386
0.000450999	390.097	4.21494e-06	3.46477
0.000459429	400.229	4.21494e-06	3.51775
0.000467859	415.257	4.21494e-06	4.03361
0.000476289	426.682	4.21494e-06	4.11954
0.000484718	437.399	4.21494e-06	3.66671
0.000493148	448.995	4.21494e-06	3.70906
0.000501578	468.844	4.21494e-06	4.45636
0.000510008	475.043	4.21494e-06	3.77297
0.000518438	486.914	4.21494e-06	3.90037
0.000526868	507.437	4.21494e-06	5.31412
0.000535298	517.2	4.21494e-06	4.16304
0.000543728	532.698	4.21494e-06	10.913
0.000552158	535.556	4.21494e-06	4.8611
0.000560587	546.978	4.21494e-06	4.40498
0.000569017	565.601	4.21494e-06	8.42571
0.000577447	572.389	4.21494e-06	5.03674
0.000585877	588.647	4.21494e-06	4.97358
0.000594307	607.296	4.21494e-06	5.7297
0.000602737	609.285	4.21494e-06	4.37932
0.000611167	617.717	4.21494e-06	4.46975
0.000619597	619.271	4.21494e-06	4.36419
0.000628026	641.206	4.21494e-06	5.05503
0.000636456	654.423	4.21494e-06	6.3071
0.000644886	668.778	4.21494e-06	9.58531
0.000653316	678.974	4.21494e-06	4.82886
0.000661746	681.481	4.21494e-06	4.92437
0.000670176	689.218	4.21494e-06	4.62357
0.000678606	696.528	4.21494e-06	4.86698
0.000687036	706.461	4.21494e-06	4.65271
0.000695466	730.744	4.21494e-06	11.0888
0.000703895	728.785	4.21494e-06	5.72909
0.000712325	740.169	4.21494e-06	5.39108
0.000720755	741.847	4.21494e-06	4.9589
0.000729185	751.713	4.21494e-06	5.05938
0.000737615	764.947	4.21494e-06	5.86771
0.000746045	784.1	4.21494e-06	6.634
0.000754475	777.239	4.21494e-06	4.86332
0.000762905	787.562	4.21494e-06	4.84056
0.000771335	799.884	4.21494e-06	5.34549
0.000779764	830.705	4.21494e-06	14.5596
0.000788194	821.203	4.21494e-06	6.61908
0.000796624	822.906	4.21494e-06	6.36256
0.000805054	825.755	4.21494e-06	5.16244
0.000813484	835.223	4.21494e-06	5.58017
0.000821914	850.26	4.21494e-06	5.92767
0.000830344	840.649	4.21494e-06	5.42735
0.000838774	847.499	4.21494e-06	5.19323
0.000847204	871.486	4.21494e-06	6.24979
0.000855633	873.499	4.21494e-06	5.13414
0.000864063	871.213	4.21494e-06	5.2362
0.000872493	865.236	4.21494e-06	5.08824
0.000880923	889.702	4.21494e-06	6.70665
0.000889353	883.229	4.21494e-06	5.44507
0.000897783	884.172	4.21494e-06	5.52591
0.000906213	897.219	4.21494e-06	6.30368
0.000914643	915.207	4.21494e-06	7.33446
0.000923072	894.049	4.21494e-06	5.4521
0.000931502	901.146	4.21494e-06	5.72923
0.000939932	903.017	4.21494e-06	5.91795
0.000948362	919.813	4.21494e-06	6.5645
0.000956792	911.833	4.21494e-06	5.93837
0.000965222	899.238	4.21494e-06	5.24922
0.000973652	906.117	4.21494e-06	5.30838
0.000982082	929.083	4.21494e-06	6.85909
0.000990512	918.253	4.21494e-06	10.075
0.000998941	910.057	4.21494e-06	5.61347
0.00100737	912.329	4.21494e-06	5.8663
0.0010158	913.202	4.21494e-06	6.56549
0.00102423	907.394	4.21494e-06	6.30345
0.00103266	908.383	4.21494e-06	5.48481
0.00104109	903.794	4.21494e-06	5.54598
0.00104952	898.499	4.21494e-06	5.75834
0.00105795	898.477	4.21494e-06	5.47595
0.00106638	897.221	4.21494e-06	5.1248
0.00107481	887.517	4.21494e-06	5.20575
0.00108324	887.643	4.21494e-06	5.35713
0.00109167	893.074	4.21494e-06	5.87132
0.0011001	895.198	4.21494e-06	6.73709
0.00110853	874.893	4.21494e-06	5.15355
0.00111696	885.179	4.21494e-06	5.4546
0.00112539	877.92	4.21494e-06	5.47869
0.00113382	871.96	4.21494e-06	5.85599
0.00114225	871.594	4.21494e-06	6.78962
0.00115068	870.783	4.21494e-06	5.49796
0.00115911	853.427	4.21494e-06	5.10688
0.00116754	855.19	4.21494e-06	6.20126
0.00117597	851.117	4.21494e-06	5.63855
0.0011844	839.146	4.21494e-06	5.15774
0.00119283	836.649	4.21494e-06	5.46122
0.00120126	827.541	4.21494e-06	7.34098
0.00120969	823.282	4.21494e-06	5.08478
0.00121812	820.839	4.21494e-06	5.63262
0.00122655	806.873	4.21494e-06	5.2513
0.00123498	797.222	4.21494e-06	4.96162
0.00124341	793.726	4.21494e-06	5.31005
0.00125184	790.777	4.21494e-06	5.64491
0.00126027	775.378	4.21494e-06	4.73072
0.0012687	766.049	4.21494e-06	4.93896
0.00127713	756.705	4.21494e-06	4.85355
0.00128556	750.621	4.21494e-06	4.81243
0.00129399	742.793	4.21494e-06	5.06762
0.00130242	750.439	4.21494e-06	5.37004
0.00131085	730.41	4.21494e-06	4.99388
0.00131928	728.073	4.21494e-06	6.40059
0.00132771	709.348	4.21494e-06	4.80353
0.00133614	710.963	4.21494e-06	4.8532
0.00134457	698.633	4.21494e-06	6.35771
0.001353	685.87	4.21494e-06	4.18505
0.00136143	682.696	4.21494e-06	5.98873
0.00136986	662.353	4.21494e-06	4.34162
0.00137829	659.878	4.21494e-06	4.38465
0.00138672	648.819	4.21494e-06	5.44619
0.00139515	642.699	4.21494e-06	5.05521
0.00140358	629.393	4.21494e-06	4.46951
0.00141201	616.673	4.21494e-06	4.70331
0.00142044	598.2	4.21494e-06	4.07886
0.00142887	593.899	4.21494e-06	4.29213
0.0014373	595.393	4.21494e-06	5.44206
0.00144573	572.163	4.21494e-06	4.13185
0.00145416	581.486	4.21494e-06	6.47206
0.00146259	565.091	4.21494e-06	4.34033
0.00147102	549.755	4.21494e-06	3.97807
0.00147944	539.119	4.21494e-06	4.36383
0.00148787	533.226	4.21494e-06	4.45639
0.0014963	524.961	4.21494e-06	3.91811
0.00150473	517.822	4.21494e-06	4.84701
0.00151316	504.783	4.21494e-06	4.30964
0.00152159	501.496	4.21494e-06	3.93127
0.00153002	477.043	4.21494e-06	3.61023
0.00153845	468.304	4.21494e-06	3.72159
0.00154688	474.927	4.21494e-06	4.01169
0.00155531	457.901	4.21494e-06	4.38311
0.00156374	444.854	4.21494e-06	3.67019
0.00157217	434.531	4.21494e-06	3.66261
0.0015806	436.627	4.21494e-06	3.96322
0.00158903	416.581	4.21494e-06	3.3573
0.00159746	412.408	4.21494e-06	3.84453
0.00160589	400.312	4.21494e-06	3.21882
0.00161432	397.143	4.21494e-06	4.55564
0.00162275	385.825	4.21494e-06	3.79754
0.00163118	368.978	4.21494e-06	3.20551
0.00163961	363.296	4.21494e-06	3.38804
0.00164804	354.933	4.21494e-06	3.35158
0.00165647	345.806	4.21494e-06	2.79436
0.0016649	345.397	4.21494e-06	4.07354
0.00167333	333.233	4.21494e-06	3.12692
0.00168176	341.451	4.21494e-06	7.18071
0.00169019	336.046	4.21494e-06	8.11948
0.00169862	308.323	4.21494e-06	2.92449
0.00170705	298.352	4.21494e-06	2.80932
0.00171548	297.29	4.21494e-06	3.9668
0.00172391	283.924	4.21494e-06	2.6657
0.00173234	277.523	4.21494e-06	2.73958
0.00174077	266.824	4.21494e-06	2.43368
0.0017492	263.215	4.21494e-06	3.22956
0.00175763	258.742	4.21494e-06	3.42201
0.00176606	252.135	4.21494e-06	2.55063
0.00177449	242.103	4.21494e-06	2.63257
0.00178292	232.328	4.21494e-06	2.27923
0.00179135	227.283	4.21494e-06	2.78893
0.00179978	219.844	4.21494e-06	2.24733
0.00180821	218.468	4.21494e-06	2.38114
0.00181664	212.517	4.21494e-06	2.30021
0.00182507	203.029	4.21494e-06	2.22538
0.0018335	196.696	4.21494e-06	2.13411
0.00184193	188.947	4.21494e-06	2.25913
0.00185036	187.246	4.21494e-06	2.20455
0.00185879	180.852	4.21494e-06	2.12328
0.00186722	176.723	4.21494e-06	3.04693
0.00187565	167.902	4.21494e-06	2.24752
0.00188408	165.342	4.21494e-06	2.05232
0.00189251	158.636	4.21494e-06	1.91283
0.00190094	155.545	4.21494e-06	2.61194
0.00190937	149.342	4.21494e-06	1.93916
0.0019178	144.38	4.21494e-06	2.05054
0.00192623	143.052	4.21494e-06	1.9185
0.00193466	134.762	4.21494e-06	1.74494
0.00194309	129.644	4.21494e-06	1.70783
0.00195152	126.376	4.21494e-06	1.71853
0.00195995	119.35	4.21494e-06	1.77006
0.00196838	117.919	4.21494e-06	1.82003
0.00197681	119.353	4.21494e-06	2.72409
0.00198524	108.876	4.21494e-06	2.07659
0.00199367	102.809	4.21494e-06	1.51447
0.0020021	101.465	4.21494e-06	1.68554
0.00201053	96.7304	4.21494e-06	1.43347
0.00201896	92.7894	4.21494e-06	1.37283
0.00202739	89.5843	4.21494e-06	1.46195
0.00203582	84.2057	4.21494e-06	1.66003
0.00204425	82.9213	4.21494e-06	1.53557
0.00205268	80.7684	4.21494e-06	1.49447
0.00206111	76.9899	4.21494e-06	1.38511
0.00206954	75.9349	4.21494e-06	1.91624
0.00207797	72.7831	4.21494e-06	1.5851
0.0020864	71.6881	4.21494e-06	1.42413
0.00209483	63.5307	4.21494e-06	1.12686
0.00210326	60.2957	4.21494e-06	1.00905
0.00211169	60.4597	4.21494e-06	1.08097
0.00212012	58.3185	4.21494e-06	1.173
0.00212855	55.8142	4.21494e-06	1.21903
0.00213698	51.4048	4.21494e-06	1.00516
0.00214541	50.3633	4.21494e-06	1.03506
0.00215384	48.5393	4.21494e-06	1.01669
0.00216227	45.604	4.21494e-06	0.97209
0.0021707	44.7515	4.21494e-06	1.0337
0.00217913	41.5472	4.21494e-06	0.867315
0.00218756	41.9433	4.21494e-06	0.945651
0.00219599	39.8745	4.21494e-06	1.32759
0.00220442	37.9851	4.21494e-06	0.921777
0.00221285	35.8511	4.21494e-06	0.855093
0.00222127	33.4211	4.21494e-06	0.910132
0.0022297	30.9899	4.21494e-06	0.679531
0.00223813	32.145	4.21494e-06	0.978792
0.00224656	28.7649	4.21494e-06	0.80578
0.00225499	27.6709	4.21494e-06	0.664646
0.00226342	25.5857	4.21494e-06	0.633026
0.00227185	25.4657	4.21494e-06	0.619912
0.00228028	23.7175	4.21494e-06	0.677491
0.00228871	22.5135	4.21494e-06	0.592781
0.00229714	21.8168	4.21494e-06	0.623113
0.00230557	20.8022	4.21494e-06	0.737229
0.002314	18.7327	4.21494e-06	0.561471
0.00232243	17.6982	4.21494e-06	0.491644
0.00233086	16.2235	4.21494e-06	0.56376
0.00233929	15.5291	4.21494e-06	0.475314
0.00234772	14.8043	4.21494e-06	0.447844
0.00235615	13.8638	4.21494e-06	0.419775
0.00236458	13.0631	4.21494e-06	0.404023
0.00237301	12.303	4.21494e-06	0.397879
0.00238144	10.5717	4.21494e-06	0.352212
0.00238987	10.4307	4.21494e-06	0.350648
0.0023983	10.1977	4.21494e-06	0.356458
0.00240673	9.06522	4.21494e-06	0.321278
0.00241516	8.41552	4.21494e-06	0.307007
0.00242359	7.88668	4.21494e-06	0.300379
0.00243202	7.01731	4.21494e-06	0.27956
0.00244045	6.39717	4.21494e-06	0.260661
0.00244888	6.39058	4.21494e-06	0.332783
0.00245731	5.75147	4.21494e-06	0.244046
0.00246574	5.12006	4.21494e-06	0.231234
0.00247417	4.69173	4.21494e-06	0.217655
0.0024826	3.95686	4.21494e-06	0.200912
0.00249103	3.35915	4.21494e-06	0.183041
0.00249946	3.08685	4.21494e-06	0.170728
0.00250789	2.75976	4.21494e-06	0.165037
0.00251632	2.43413	4.21494e-06	0.153858
0.00252475	2.2639	4.21494e-06	0.145592
0.00253318	1.57305	4.21494e-06	0.119858
0.00254161	1.52811	4.21494e-06	0.117822
0.00255004	1.06906	4.21494e-06	0.0980467
0.00255847	0.781796	4.21494e-06	0.0826136
0.0025669	0.506346	4.21494e-06	0.0673359
0.00257533	0.0999288	4.21494e-06	0.0289289
0.00258376	0.0254865	4.21494e-06	0.0147253
