4.21494e-06	0.0239378	4.21494e-06	0.0174158
1.26448e-05	0.15823	4.21494e-06	0.0415628
2.10747e-05	0.575829	4.21494e-06	0.109957
2.95046e-05	1.7883	4.21494e-06	0.304476
3.79345e-05	2.45653	4.21494e-06	0.330898
4.63644e-05	3.56533	4.21494e-06	0.327344
5.47943e-05	6.71538	4.21494e-06	2.09289
6.32241e-05	6.06129	4.21494e-06	0.388719
7.1654e-05	8.91525	4.21494e-06	0.89302
8.00839e-05	11.0893	4.21494e-06	1.0677
8.85138e-05	15.1572	4.21494e-06	0.971868
9.69437e-05	16.1538	4.21494e-06	1.12468
0.000105374	17.8749	4.21494e-06	0.712046
0.000113803	20.4135	4.21494e-06	0.769943
0.000122233	26.0604	4.21494e-06	1.20233
0.000130663	28.1384	4.21494e-06	1.22752
0.000139093	33.2055	4.21494e-06	1.12979
0.000147523	34.7029	4.21494e-06	1.08634
0.000155953	41.5419	4.21494e-06	1.11871
0.000164383	46.9718	4.21494e-06	1.58953
0.000172813	51.6797	4.21494e-06	1.49069
0.000181243	56.6812	4.21494e-06	1.54013
0.000189672	63.1292	4.21494e-06	1.57636
0.000198102	66.196	4.21494e-06	1.53419
0.000206532	75.3376	4.21494e-06	1.99646
0.000214962	77.5503	4.21494e-06	1.63999
0.000223392	85.6852	4.21494e-06	2.04401
0.000231822	93.1969	4.21494e-06	1.78591
0.000240252	97.8427	4.21494e-06	1.72407
0.000248682	105.228	4.21494e-06	1.97853
0.000257112	115.912	4.21494e-06	2.31792
0.000265541	121.572	4.21494e-06	3.26011
0.000273971	130.466	4.21494e-06	2.49991
0.000282401	133.111	4.21494e-06	1.92846
0.000290831	143.475	4.21494e-06	2.02786
0.000299261	149.539	4.21494e-06	2.08585
0.000307691	159.497	4.21494e-06	2.34357
0.000316121	175.625	4.21494e-06	4.00092
0.000324551	180.746	4.21494e-06	2.75582
0.00033298	186.979	4.21494e-06	2.51183
0.00034141	193.16	4.21494e-06	2.411
0.00034984	205.331	4.21494e-06	2.62378
0.00035827	218.306	4.21494e-06	2.77058
0.0003667	232.581	4.21494e-06	2.88136
0.00037513	238.098	4.21494e-06	2.69537
0.00038356	250.555	4.21494e-06	2.97188
0.00039199	262.602	4.21494e-06	3.02067
0.00040042	267.607	4.21494e-06	3.32409
0.000408849	281.353	4.21494e-06	3.2952
0.000417279	288.692	4.21494e-06	3.52458
0.000425709	306.614	4.21494e-06	3.92139
0.000434139	311.363	4.21494e-06	2.90797
0.000442569	320.676	4.21494e-06	2.87256
0.000450999	331.999	4.21494e-06	3.26511
0.000459429	348.941	4.21494e-06	3.51513
0.000467859	359.25	4.21494e-06	3.36067
0.000476289	373.736	4.21494e-06	3.4555
0.000484718	384.519	4.21494e-06	3.52392
0.000493148	397.748	4.21494e-06	3.40176
0.000501578	405.598	4.21494e-06	3.59415
0.000510008	416.535	4.21494e-06	3.80514
0.000518438	428.782	4.21494e-06	3.55382
0.000526868	441.926	4.21494e-06	3.52716
0.000535298	455.235	4.21494e-06	3.77422
0.000543728	459.836	4.21494e-06	3.55241
0.000552158	483.94	4.21494e-06	3.72955
0.000560587	493.307	4.21494e-06	4.45044
0.000569017	503.52	4.21494e-06	3.72135
0.000577447	513.96	4.21494e-06	4.28285
0.000585877	534.708	4.21494e-06	4.54366
0.000594307	535.051	4.21494e-06	4.10863
0.000602737	558.927	4.21494e-06	8.45632
0.000611167	555.632	4.21494e-06	4.32588
0.000619597	582.43	4.21494e-06	4.97409
0.000628026	585.456	4.21494e-06	4.14698
0.000636456	597.787	4.21494e-06	3.92904
0.000644886	610.202	4.21494e-06	4.32404
0.000653316	618.462	4.21494e-06	4.41311
0.000661746	630.979	4.21494e-06	3.94654
0.000670176	646.574	4.21494e-06	4.89396
0.000678606	668.731	4.21494e-06	4.6013
0.000687036	663.13	4.21494e-06	4.25961
0.000695466	675.036	4.21494e-06	4.549
0.000703895	690.586	4.21494e-06	4.40407
0.000712325	712.828	4.21494e-06	8.39971
0.000720755	716.211	4.21494e-06	4.76988
0.000729185	726.641	4.21494e-06	5.03821
0.000737615	727.299	4.21494e-06	4.19814
0.000746045	737.768	4.21494e-06	5.22653
0.000754475	741.376	4.21494e-06	4.72665
0.000762905	759.978	4.21494e-06	4.803
0.000771335	775.308	4.21494e-06	4.5813
0.000779764	774.717	4.21494e-06	4.26031
0.000788194	786.395	4.21494e-06	4.77854
0.000796624	799.455	4.21494e-06	4.7597
0.000805054	806.869	4.21494e-06	4.98636
0.000813484	811.796	4.21494e-06	4.356
0.000821914	827.323	4.21494e-06	6.35233
0.000830344	824.854	4.21494e-06	4.58911
0.000838774	832.498	4.21494e-06	4.64061
0.000847204	842.452	4.21494e-06	4.77443
0.000855633	846.358	4.21494e-06	5.40749
0.000864063	845.068	4.21494e-06	4.67135
0.000872493	854.268	4.21494e-06	4.40028
0.000880923	864.568	4.21494e-06	4.94822
0.000889353	866.379	4.21494e-06	5.10779
0.000897783	873.802	4.21494e-06	4.32487
0.000906213	886.907	4.21494e-06	4.66803
0.000914643	891.175	4.21494e-06	4.71344
0.000923072	895.578	4.21494e-06	5.54142
0.000931502	905.446	4.21494e-06	4.83403
0.000939932	893.7	4.21494e-06	4.41552
0.000948362	906.019	4.21494e-06	5.00169
0.000956792	909.284	4.21494e-06	4.69859
0.000965222	918.855	4.21494e-06	6.41846
0.000973652	933.103	4.21494e-06	19.3129
0.000982082	922.213	4.21494e-06	5.2102
0.000990512	917.941	4.21494e-06	4.3637
0.000998941	923.866	4.21494e-06	4.84329
0.00100737	912.867	4.21494e-06	4.23357
0.0010158	926.387	4.21494e-06	4.63126
0.00102423	918.824	4.21494e-06	4.32947
0.00103266	935.318	4.21494e-06	5.1576
0.00104109	917.745	4.21494e-06	4.19183
0.00104952	919.774	4.21494e-06	4.53576
0.00105795	925.938	4.21494e-06	4.66757
0.00106638	914.878	4.21494e-06	4.40296
0.00107481	908.918	4.21494e-06	4.42065
0.00108324	922.934	4.21494e-06	5.80284
0.00109167	917.733	4.21494e-06	4.73857
0.0011001	900.378	4.21494e-06	4.55008
0.00110853	912.362	4.21494e-06	4.31853
0.00111696	901.376	4.21494e-06	4.22928
0.00112539	893.866	4.21494e-06	4.14748
0.00113382	895.788	4.21494e-06	4.44397
0.00114225	910.771	4.21494e-06	12.494
0.00115068	896.347	4.21494e-06	4.26064
0.00115911	888.954	4.21494e-06	4.27835
0.00116754	885.36	4.21494e-06	4.50744
0.00117597	882.097	4.21494e-06	5.08654
0.0011844	1029.67	4.21494e-06	114.151
0.00119283	863.793	4.21494e-06	4.24821
0.00120126	867.13	4.21494e-06	5.87288
0.00120969	860.835	4.21494e-06	4.71484
0.00121812	846.045	4.21494e-06	4.26042
0.00122655	838.668	4.21494e-06	3.82685
0.00123498	829.756	4.21494e-06	3.94199
0.00124341	826.09	4.21494e-06	3.8787
0.00125184	843.903	4.21494e-06	11.0048
0.00126027	816.965	4.21494e-06	4.39594
0.0012687	812.238	4.21494e-06	4.10604
0.00127713	796.663	4.21494e-06	5.20669
0.00128556	794.142	4.21494e-06	4.26345
0.00129399	781.113	4.21494e-06	3.83182
0.00130242	775.791	4.21494e-06	3.82344
0.00131085	769.175	4.21494e-06	3.73493
0.00131928	766.913	4.21494e-06	3.61987
0.00132771	751.243	4.21494e-06	3.55905
0.00133614	741.569	4.21494e-06	3.55454
0.00134457	732.856	4.21494e-06	3.5207
0.001353	722.726	4.21494e-06	3.48021
0.00136143	713.401	4.21494e-06	4.16273
0.00136986	709.132	4.21494e-06	3.7732
0.00137829	697.643	4.21494e-06	3.47232
0.00138672	690.174	4.21494e-06	3.54185
0.00139515	674.622	4.21494e-06	3.31614
0.00140358	674.835	4.21494e-06	3.35726
0.00141201	661.213	4.21494e-06	3.75695
0.00142044	646.241	4.21494e-06	3.23297
0.00142887	640.944	4.21494e-06	3.16241
0.0014373	630.815	4.21494e-06	3.10507
0.00144573	618.222	4.21494e-06	3.14001
0.00145416	608.645	4.21494e-06	3.13442
0.00146259	603.035	4.21494e-06	3.3559
0.00147102	594.537	4.21494e-06	3.04842
0.00147944	584.704	4.21494e-06	6.4444
0.00148787	564.948	4.21494e-06	2.92544
0.0014963	560.877	4.21494e-06	2.81393
0.00150473	550.606	4.21494e-06	2.85266
0.00151316	544.203	4.21494e-06	2.85914
0.00152159	532.648	4.21494e-06	2.94781
0.00153002	524.579	4.21494e-06	2.69239
0.00153845	517.055	4.21494e-06	3.03052
0.00154688	504.571	4.21494e-06	2.90618
0.00155531	490.736	4.21494e-06	2.74138
0.00156374	477.883	4.21494e-06	2.6256
0.00157217	472.744	4.21494e-06	2.61122
0.0015806	466.029	4.21494e-06	2.69004
0.00158903	454.93	4.21494e-06	2.58783
0.00159746	445.468	4.21494e-06	2.55333
0.00160589	434.965	4.21494e-06	2.56322
0.00161432	426.946	4.21494e-06	2.44047
0.00162275	418.826	4.21494e-06	2.48742
0.00163118	409.953	4.21494e-06	2.49984
0.00163961	398.508	4.21494e-06	2.50907
0.00164804	392.868	4.21494e-06	2.61806
0.00165647	377.264	4.21494e-06	2.25265
0.0016649	369.454	4.21494e-06	2.27218
0.00167333	363.605	4.21494e-06	2.40949
0.00168176	351.258	4.21494e-06	2.32688
0.00169019	345.244	4.21494e-06	2.26426
0.00169862	334.6	4.21494e-06	2.21174
0.00170705	327.126	4.21494e-06	2.12975
0.00171548	314.198	4.21494e-06	2.04588
0.00172391	309.802	4.21494e-06	2.0366
0.00173234	299.539	4.21494e-06	1.99518
0.00174077	297.653	4.21494e-06	2.03376
0.0017492	289.712	4.21494e-06	2.18181
0.00175763	277.342	4.21494e-06	1.92473
0.00176606	271.086	4.21494e-06	1.95314
0.00177449	264.735	4.21494e-06	1.92549
0.00178292	255.213	4.21494e-06	1.94258
0.00179135	249.481	4.21494e-06	1.80371
0.00179978	246.902	4.21494e-06	1.75969
0.00180821	237.625	4.21494e-06	1.69815
0.00181664	230.525	4.21494e-06	1.80786
0.00182507	223.432	4.21494e-06	1.65503
0.0018335	217.308	4.21494e-06	1.65682
0.00184193	211.982	4.21494e-06	1.73123
0.00185036	205.135	4.21494e-06	1.56916
0.00185879	197.158	4.21494e-06	1.6449
0.00186722	191.638	4.21494e-06	1.54541
0.00187565	185.514	4.21494e-06	1.51693
0.00188408	181.813	4.21494e-06	1.53269
0.00189251	176.268	4.21494e-06	1.4728
0.00190094	169.679	4.21494e-06	1.47353
0.00190937	164.711	4.21494e-06	1.41839
0.0019178	161.304	4.21494e-06	1.4736
0.00192623	153.883	4.21494e-06	1.35716
0.00193466	146.982	4.21494e-06	1.312
0.00194309	144.851	4.21494e-06	1.31682
0.00195152	141.156	4.21494e-06	1.30453
0.00195995	134.206	4.21494e-06	1.25105
0.00196838	130.093	4.21494e-06	1.23145
0.00197681	124.022	4.21494e-06	1.19483
0.00198524	119.931	4.21494e-06	1.1744
0.00199367	115.774	4.21494e-06	1.15479
0.0020021	110.912	4.21494e-06	1.12103
0.00201053	108.754	4.21494e-06	1.11005
0.00201896	103.373	4.21494e-06	1.08466
0.00202739	99.4861	4.21494e-06	1.05497
0.00203582	96.8228	4.21494e-06	1.03672
0.00204425	94.0499	4.21494e-06	1.02204
0.00205268	90.4758	4.21494e-06	1.03725
0.00206111	86.6501	4.21494e-06	0.986609
0.00206954	81.5514	4.21494e-06	0.948103
0.00207797	80.9734	4.21494e-06	0.969895
0.0020864	77.4938	4.21494e-06	0.929646
0.00209483	73.4422	4.21494e-06	0.896139
0.00210326	70.0746	4.21494e-06	0.871515
0.00211169	66.9929	4.21494e-06	0.876048
0.00212012	64.4002	4.21494e-06	0.837872
0.00212855	61.4771	4.21494e-06	0.816274
0.00213698	58.3384	4.21494e-06	0.785921
0.00214541	56.7209	4.21494e-06	0.786208
0.00215384	54.3697	4.21494e-06	0.768123
0.00216227	51.4766	4.21494e-06	0.736527
0.0021707	49.8426	4.21494e-06	0.726465
0.00217913	47.1635	4.21494e-06	0.703952
0.00218756	46.1558	4.21494e-06	0.709938
0.00219599	43.0888	4.21494e-06	0.676139
0.00220442	42.1703	4.21494e-06	0.66553
0.00221285	39.5636	4.21494e-06	0.644559
0.00222127	37.4267	4.21494e-06	0.623582
0.0022297	35.6205	4.21494e-06	0.606147
0.00223813	34.5234	4.21494e-06	0.595745
0.00224656	32.5111	4.21494e-06	0.578287
0.00225499	30.1955	4.21494e-06	0.566937
0.00226342	30.3578	4.21494e-06	0.556889
0.00227185	27.2856	4.21494e-06	0.530521
0.00228028	26.0042	4.21494e-06	0.524948
0.00228871	24.7908	4.21494e-06	0.502019
0.00229714	23.7752	4.21494e-06	0.497059
0.00230557	21.8157	4.21494e-06	0.491379
0.002314	20.6114	4.21494e-06	0.453018
0.00232243	20.5127	4.21494e-06	0.451718
0.00233086	18.1686	4.21494e-06	0.423289
0.00233929	17.9587	4.21494e-06	0.426281
0.00234772	15.6664	4.21494e-06	0.391519
0.00235615	15.6926	4.21494e-06	0.392378
0.00236458	14.5362	4.21494e-06	0.377447
0.00237301	13.8274	4.21494e-06	0.377819
0.00238144	12.816	4.21494e-06	0.348607
0.00238987	11.7741	4.21494e-06	0.335524
0.0023983	11.0816	4.21494e-06	0.347303
0.00240673	10.0077	4.21494e-06	0.306749
0.00241516	9.13521	4.21494e-06	0.296086
0.00242359	8.41152	4.21494e-06	0.288687
0.00243202	7.69392	4.21494e-06	0.268673
0.00244045	7.39793	4.21494e-06	0.262203
0.00244888	6.51861	4.21494e-06	0.254765
0.00245731	6.15868	4.21494e-06	0.23936
0.00246574	5.265	4.21494e-06	0.220113
0.00247417	5.01036	4.21494e-06	0.215368
0.0024826	4.22008	4.21494e-06	0.196738
0.00249103	3.97824	4.21494e-06	0.18844
0.00249946	3.62082	4.21494e-06	0.179668
0.00250789	2.94593	4.21494e-06	0.162064
0.00251632	2.80912	4.21494e-06	0.156654
0.00252475	2.38853	4.21494e-06	0.145467
0.00253318	1.62811	4.21494e-06	0.119621
0.00254161	1.46614	4.21494e-06	0.112928
0.00255004	1.11386	4.21494e-06	0.0981689
0.00255847	0.824325	4.21494e-06	0.0841992
0.0025669	0.444742	4.21494e-06	0.0617071
0.00257533	0.327352	4.21494e-06	0.053119
0.00258376	0.0429527	4.21494e-06	0.0192096
