4.21494e-06	0.0690257	4.21494e-06	0.0345568
1.26448e-05	0.588292	4.21494e-06	0.122074
2.10747e-05	1.20068	4.21494e-06	0.145097
2.95046e-05	2.82305	4.21494e-06	0.274373
3.79345e-05	3.81938	4.21494e-06	0.270916
4.63644e-05	6.92159	4.21494e-06	0.472875
5.47943e-05	9.98867	4.21494e-06	0.586764
6.32241e-05	15.1367	4.21494e-06	2.18009
7.1654e-05	15.9542	4.21494e-06	0.746491
8.00839e-05	19.2827	4.21494e-06	0.71025
8.85138e-05	23.7805	4.21494e-06	0.809358
9.69437e-05	28.6139	4.21494e-06	0.840691
0.000105374	35.4303	4.21494e-06	1.05821
0.000113803	37.6189	4.21494e-06	0.979694
0.000122233	44.5631	4.21494e-06	1.24666
0.000130663	53.0335	4.21494e-06	1.39037
0.000139093	57.7007	4.21494e-06	2.21687
0.000147523	65.2874	4.21494e-06	1.40105
0.000155953	74.0857	4.21494e-06	2.67587
0.000164383	79.3485	4.21494e-06	1.69688
0.000172813	88.4537	4.21494e-06	1.77953
0.000181243	91.5164	4.21494e-06	1.69693
0.000189672	103.935	4.21494e-06	2.07691
0.000198102	110.904	4.21494e-06	1.95153
0.000206532	122.581	4.21494e-06	2.5724
0.000214962	129.457	4.21494e-06	2.83853
0.000223392	137.295	4.21494e-06	2.02091
0.000231822	148.215	4.21494e-06	2.25566
0.000240252	161.666	4.21494e-06	2.94538
0.000248682	166.821	4.21494e-06	2.29393
0.000257112	182.07	4.21494e-06	2.35357
0.000265541	196.461	4.21494e-06	2.89951
0.000273971	201.509	4.21494e-06	2.50378
0.000282401	215.22	4.21494e-06	2.86507
0.000290831	227.234	4.21494e-06	3.3392
0.000299261	238.515	4.21494e-06	2.82403
0.000307691	247.306	4.21494e-06	3.59062
0.000316121	263.321	4.21494e-06	3.37786
0.000324551	278.179	4.21494e-06	4.24861
0.00033298	291.712	4.21494e-06	5.93318
0.00034141	300.763	4.21494e-06	3.44953
0.00034984	310.976	4.21494e-06	3.37858
0.00035827	323.016	4.21494e-06	3.66805
0.0003667	340.775	4.21494e-06	3.87204
0.00037513	348.381	4.21494e-06	3.9832
0.00038356	363.178	4.21494e-06	3.79625
0.00039199	370.077	4.21494e-06	3.65149
0.00040042	376.727	4.21494e-06	3.5036
0.000408849	467.551	4.21494e-06	53.3754
0.000417279	408.197	4.21494e-06	3.47288
0.000425709	424.037	4.21494e-06	3.73824
0.000434139	446.469	4.21494e-06	5.91155
0.000442569	460.581	4.21494e-06	4.42293
0.000450999	460.392	4.21494e-06	4.00936
0.000459429	484.296	4.21494e-06	4.73756
0.000467859	496.644	4.21494e-06	5.54706
0.000476289	510.128	4.21494e-06	4.81707
0.000484718	517.355	4.21494e-06	4.11573
0.000493148	523.5	4.21494e-06	4.0569
0.000501578	540.591	4.21494e-06	3.96656
0.000510008	555.879	4.21494e-06	4.41526
0.000518438	562.566	4.21494e-06	5.03442
0.000526868	579.306	4.21494e-06	4.57378
0.000535298	593.733	4.21494e-06	5.21304
0.000543728	638.872	4.21494e-06	26.9978
0.000552158	626.828	4.21494e-06	4.95714
0.000560587	621.163	4.21494e-06	4.31838
0.000569017	646.616	4.21494e-06	4.95376
0.000577447	651.748	4.21494e-06	4.64587
0.000585877	678.545	4.21494e-06	5.107
0.000594307	686.746	4.21494e-06	6.34718
0.000602737	685.181	4.21494e-06	4.61398
0.000611167	714.692	4.21494e-06	6.75716
0.000619597	716.593	4.21494e-06	5.28656
0.000628026	721.122	4.21494e-06	5.02179
0.000636456	738.052	4.21494e-06	5.33214
0.000644886	740.508	4.21494e-06	5.6488
0.000653316	746.277	4.21494e-06	5.12484
0.000661746	762.883	4.21494e-06	5.56976
0.000670176	774.599	4.21494e-06	5.335
0.000678606	782.461	4.21494e-06	5.75233
0.000687036	788.704	4.21494e-06	5.15656
0.000695466	798.287	4.21494e-06	4.93145
0.000703895	801.776	4.21494e-06	5.70422
0.000712325	806.532	4.21494e-06	4.93735
0.000720755	817.105	4.21494e-06	4.79142
0.000729185	831.828	4.21494e-06	5.84317
0.000737615	828.348	4.21494e-06	4.933
0.000746045	848.975	4.21494e-06	5.59045
0.000754475	854.544	4.21494e-06	6.35166
0.000762905	850.02	4.21494e-06	5.12965
0.000771335	860.493	4.21494e-06	5.19244
0.000779764	869.054	4.21494e-06	5.28596
0.000788194	877.373	4.21494e-06	5.20429
0.000796624	888.649	4.21494e-06	6.27735
0.000805054	884.75	4.21494e-06	6.52159
0.000813484	898.838	4.21494e-06	9.72445
0.000821914	900.309	4.21494e-06	5.41568
0.000830344	894.727	4.21494e-06	5.13862
0.000838774	901.476	4.21494e-06	5.06312
0.000847204	920.366	4.21494e-06	6.31198
0.000855633	929.636	4.21494e-06	6.04313
0.000864063	912.856	4.21494e-06	4.8449
0.000872493	924.991	4.21494e-06	5.96302
0.000880923	929.44	4.21494e-06	5.05667
0.000889353	929.791	4.21494e-06	5.51394
0.000897783	922.732	4.21494e-06	4.87294
0.000906213	924.17	4.21494e-06	5.06329
0.000914643	929.134	4.21494e-06	5.77663
0.000923072	952.126	4.21494e-06	7.12883
0.000931502	935.074	4.21494e-06	5.3362
0.000939932	932.171	4.21494e-06	4.97325
0.000948362	924.238	4.21494e-06	4.98666
0.000956792	929.578	4.21494e-06	5.28444
0.000965222	948.119	4.21494e-06	6.77714
0.000973652	941.981	4.21494e-06	7.27849
0.000982082	928.713	4.21494e-06	4.99682
0.000990512	924.035	4.21494e-06	6.76514
0.000998941	913.499	4.21494e-06	4.98544
0.00100737	908.483	4.21494e-06	4.63722
0.0010158	909.424	4.21494e-06	4.97394
0.00102423	904.847	4.21494e-06	4.645
0.00103266	904.272	4.21494e-06	4.91099
0.00104109	914.099	4.21494e-06	5.66159
0.00104952	892.564	4.21494e-06	4.75963
0.00105795	879.881	4.21494e-06	4.41951
0.00106638	890.523	4.21494e-06	5.05886
0.00107481	887.657	4.21494e-06	9.97066
0.00108324	872.904	4.21494e-06	4.64927
0.00109167	880.678	4.21494e-06	5.84198
0.0011001	870.151	4.21494e-06	4.43292
0.00110853	873.861	4.21494e-06	4.45548
0.00111696	862.532	4.21494e-06	4.48244
0.00112539	845.812	4.21494e-06	4.1144
0.00113382	850.174	4.21494e-06	4.47701
0.00114225	833.463	4.21494e-06	4.19395
0.00115068	834.394	4.21494e-06	4.82577
0.00115911	833.883	4.21494e-06	4.28347
0.00116754	832.889	4.21494e-06	5.26145
0.00117597	821.116	4.21494e-06	3.99454
0.0011844	819.999	4.21494e-06	4.59577
0.00119283	809.666	4.21494e-06	4.24053
0.00120126	806.931	4.21494e-06	5.04714
0.00120969	790.763	4.21494e-06	4.3226
0.00121812	782.744	4.21494e-06	4.02391
0.00122655	769.84	4.21494e-06	3.77261
0.00123498	775.058	4.21494e-06	4.68701
0.00124341	755.339	4.21494e-06	3.85347
0.00125184	746.068	4.21494e-06	3.96714
0.00126027	734.16	4.21494e-06	3.82447
0.0012687	726.228	4.21494e-06	3.79511
0.00127713	720.109	4.21494e-06	4.13009
0.00128556	707.232	4.21494e-06	4.10018
0.00129399	690.173	4.21494e-06	3.9497
0.00130242	684.825	4.21494e-06	5.19141
0.00131085	671.056	4.21494e-06	3.67081
0.00131928	661.296	4.21494e-06	3.90106
0.00132771	645.051	4.21494e-06	3.38888
0.00133614	638.591	4.21494e-06	3.44165
0.00134457	634.533	4.21494e-06	4.46913
0.001353	623.958	4.21494e-06	3.64778
0.00136143	611.674	4.21494e-06	3.46381
0.00136986	604.247	4.21494e-06	4.01538
0.00137829	590.376	4.21494e-06	3.4921
0.00138672	580.344	4.21494e-06	3.25016
0.00139515	576.83	4.21494e-06	3.39072
0.00140358	566.241	4.21494e-06	4.4766
0.00141201	552.197	4.21494e-06	3.16001
0.00142044	543.408	4.21494e-06	3.18564
0.00142887	536.029	4.21494e-06	4.41513
0.0014373	539.942	4.21494e-06	5.87689
0.00144573	505.957	4.21494e-06	2.96796
0.00145416	505.052	4.21494e-06	4.22516
0.00146259	488.24	4.21494e-06	3.05612
0.00147102	479.71	4.21494e-06	2.83468
0.00147944	475.762	4.21494e-06	2.98873
0.00148787	465.762	4.21494e-06	3.06357
0.0014963	455.359	4.21494e-06	2.88602
0.00150473	448.056	4.21494e-06	2.82899
0.00151316	436.761	4.21494e-06	2.77353
0.00152159	426.889	4.21494e-06	2.61147
0.00153002	423.25	4.21494e-06	4.86033
0.00153845	412.725	4.21494e-06	3.21249
0.00154688	400.518	4.21494e-06	2.42554
0.00155531	387.183	4.21494e-06	2.46453
0.00156374	381.052	4.21494e-06	2.5878
0.00157217	378.038	4.21494e-06	3.20559
0.0015806	367.596	4.21494e-06	3.3255
0.00158903	354.369	4.21494e-06	2.31884
0.00159746	350.748	4.21494e-06	2.49209
0.00160589	344.444	4.21494e-06	2.80981
0.00161432	328.196	4.21494e-06	2.13133
0.00162275	319.18	4.21494e-06	2.13595
0.00163118	317.432	4.21494e-06	2.21384
0.00163961	308.815	4.21494e-06	2.37063
0.00164804	298.839	4.21494e-06	2.12008
0.00165647	295.852	4.21494e-06	2.64675
0.0016649	285.075	4.21494e-06	2.09009
0.00167333	275.764	4.21494e-06	1.99196
0.00168176	269.481	4.21494e-06	1.88594
0.00169019	268.54	4.21494e-06	2.33517
0.00169862	263.854	4.21494e-06	2.02175
0.00170705	254.648	4.21494e-06	1.90635
0.00171548	246.699	4.21494e-06	2.06751
0.00172391	239.405	4.21494e-06	1.7923
0.00173234	232.869	4.21494e-06	1.7922
0.00174077	224.582	4.21494e-06	1.75073
0.0017492	221.64	4.21494e-06	2.42038
0.00175763	216.217	4.21494e-06	1.7446
0.00176606	207.605	4.21494e-06	1.59376
0.00177449	201.329	4.21494e-06	2.03643
0.00178292	195.058	4.21494e-06	1.56177
0.00179135	188.555	4.21494e-06	1.51825
0.00179978	179.749	4.21494e-06	1.49871
0.00180821	175.65	4.21494e-06	1.45501
0.00181664	173.225	4.21494e-06	1.46235
0.00182507	166.057	4.21494e-06	1.3858
0.0018335	162.122	4.21494e-06	1.38073
0.00184193	155.48	4.21494e-06	1.34343
0.00185036	151.569	4.21494e-06	1.31563
0.00185879	143.457	4.21494e-06	1.26723
0.00186722	140.086	4.21494e-06	1.26278
0.00187565	133.408	4.21494e-06	1.21913
0.00188408	128.364	4.21494e-06	1.1842
0.00189251	124.049	4.21494e-06	1.16315
0.00190094	122.467	4.21494e-06	1.15256
0.00190937	118.851	4.21494e-06	1.14022
0.0019178	112.792	4.21494e-06	1.10428
0.00192623	107.976	4.21494e-06	1.07746
0.00193466	104.966	4.21494e-06	1.11297
0.00194309	100.586	4.21494e-06	1.05312
0.00195152	97.4566	4.21494e-06	1.01678
0.00195995	92.5123	4.21494e-06	0.981439
0.00196838	87.8081	4.21494e-06	0.963184
0.00197681	85.7959	4.21494e-06	0.947708
0.00198524	80.4541	4.21494e-06	0.917691
0.00199367	77.1474	4.21494e-06	0.892908
0.0020021	76.3743	4.21494e-06	0.885949
0.00201053	73.2169	4.21494e-06	0.863598
0.00201896	68.8308	4.21494e-06	0.847361
0.00202739	65.7691	4.21494e-06	0.81561
0.00203582	65.0931	4.21494e-06	0.812719
0.00204425	61.3611	4.21494e-06	0.796783
0.00205268	57.7259	4.21494e-06	0.765161
0.00206111	55.2497	4.21494e-06	0.745248
0.00206954	54.2164	4.21494e-06	0.733574
0.00207797	52.0905	4.21494e-06	0.736104
0.0020864	48.3516	4.21494e-06	0.690078
0.00209483	46.931	4.21494e-06	0.680594
0.00210326	43.725	4.21494e-06	0.652647
0.00211169	41.8957	4.21494e-06	0.640855
0.00212012	40.3354	4.21494e-06	0.635405
0.00212855	39.3138	4.21494e-06	0.624468
0.00213698	36.2843	4.21494e-06	0.589326
0.00214541	34.636	4.21494e-06	0.573455
0.00215384	34.0992	4.21494e-06	0.585664
0.00216227	31.8563	4.21494e-06	0.548285
0.0021707	30.9564	4.21494e-06	0.543761
0.00217913	28.2002	4.21494e-06	0.520844
0.00218756	29.9286	4.21494e-06	0.527861
0.00219599	27.1936	4.21494e-06	0.504799
0.00220442	26.2045	4.21494e-06	0.501486
0.00221285	24.7082	4.21494e-06	0.482588
0.00222127	22.6887	4.21494e-06	0.460149
0.0022297	22.0816	4.21494e-06	0.449055
0.00223813	20.4989	4.21494e-06	0.432883
0.00224656	20.1966	4.21494e-06	0.434187
0.00225499	18.4227	4.21494e-06	0.409308
0.00226342	17.2764	4.21494e-06	0.395588
0.00227185	15.8999	4.21494e-06	0.377543
0.00228028	14.861	4.21494e-06	0.365129
0.00228871	13.9942	4.21494e-06	0.352719
0.00229714	13.7306	4.21494e-06	0.352841
0.00230557	12.4091	4.21494e-06	0.33721
0.002314	11.2572	4.21494e-06	0.317989
0.00232243	11.2882	4.21494e-06	0.325946
0.00233086	10.528	4.21494e-06	0.305434
0.00233929	10.0158	4.21494e-06	0.294422
0.00234772	9.62308	4.21494e-06	0.290801
0.00235615	8.71845	4.21494e-06	0.27321
0.00236458	7.92287	4.21494e-06	0.260398
0.00237301	7.97797	4.21494e-06	0.261837
0.00238144	6.75154	4.21494e-06	0.237827
0.00238987	6.58438	4.21494e-06	0.236011
0.0023983	6.35329	4.21494e-06	0.231125
0.00240673	5.46834	4.21494e-06	0.210861
0.00241516	4.9719	4.21494e-06	0.204093
0.00242359	4.66766	4.21494e-06	0.202031
0.00243202	4.03824	4.21494e-06	0.185764
0.00244045	3.75308	4.21494e-06	0.178399
0.00244888	3.18295	4.21494e-06	0.160531
0.00245731	2.95196	4.21494e-06	0.152448
0.00246574	2.59791	4.21494e-06	0.144386
0.00247417	2.52965	4.21494e-06	0.141659
0.0024826	2.07414	4.21494e-06	0.127844
0.00249103	1.78413	4.21494e-06	0.118212
0.00249946	1.37057	4.21494e-06	0.103681
0.00250789	1.18822	4.21494e-06	0.0958183
0.00251632	0.784863	4.21494e-06	0.0761111
0.00252475	0.733332	4.21494e-06	0.075099
0.00253318	0.774137	4.21494e-06	0.0760322
0.00254161	0.556655	4.21494e-06	0.0636122
0.00255004	0.371131	4.21494e-06	0.0522133
0.00255847	0.216819	4.21494e-06	0.0397129
0.0025669	0.128755	4.21494e-06	0.0303677
0.00257533	0.0780184	4.21494e-06	0.0235267
0.00258376	0.00695483	4.21494e-06	0.00695483
