4.21494e-06	0.108405	4.21494e-06	0.0385648
1.26448e-05	0.347131	4.21494e-06	0.0660071
2.10747e-05	1.45783	4.21494e-06	0.166792
2.95046e-05	3.01383	4.21494e-06	0.372865
3.79345e-05	5.11654	4.21494e-06	0.379795
4.63644e-05	6.7873	4.21494e-06	0.414552
5.47943e-05	8.66905	4.21494e-06	0.502566
6.32241e-05	12.8965	4.21494e-06	0.648776
7.1654e-05	16.211	4.21494e-06	0.651033
8.00839e-05	19.7031	4.21494e-06	0.701353
8.85138e-05	23.6454	4.21494e-06	0.861952
9.69437e-05	29.9781	4.21494e-06	1.0059
0.000105374	33.8789	4.21494e-06	1.02898
0.000113803	38.6931	4.21494e-06	0.97778
0.000122233	46.2289	4.21494e-06	1.15652
0.000130663	49.2322	4.21494e-06	1.11622
0.000139093	60.2802	4.21494e-06	1.54301
0.000147523	65.3884	4.21494e-06	1.3217
0.000155953	79.7345	4.21494e-06	4.63004
0.000164383	83.1017	4.21494e-06	1.84711
0.000172813	96.4875	4.21494e-06	3.37482
0.000181243	94.9794	4.21494e-06	1.62612
0.000189672	104.959	4.21494e-06	1.87088
0.000198102	114.793	4.21494e-06	1.93078
0.000206532	123.325	4.21494e-06	2.15216
0.000214962	135.663	4.21494e-06	2.43678
0.000223392	145.361	4.21494e-06	4.61255
0.000231822	155.484	4.21494e-06	2.27536
0.000240252	162.25	4.21494e-06	2.60055
0.000248682	173.738	4.21494e-06	2.68801
0.000257112	183.544	4.21494e-06	2.36506
0.000265541	191.97	4.21494e-06	2.57865
0.000273971	205.642	4.21494e-06	2.57808
0.000282401	222.137	4.21494e-06	3.34048
0.000290831	229.4	4.21494e-06	2.8022
0.000299261	239.51	4.21494e-06	3.24563
0.000307691	265.159	4.21494e-06	5.14232
0.000316121	274.159	4.21494e-06	4.85572
0.000324551	275.834	4.21494e-06	3.05364
0.00033298	293.328	4.21494e-06	3.49295
0.00034141	307.064	4.21494e-06	3.543
0.00034984	310.209	4.21494e-06	3.03479
0.00035827	328.635	4.21494e-06	3.887
0.0003667	340.326	4.21494e-06	3.35739
0.00037513	356.093	4.21494e-06	3.54399
0.00038356	370.508	4.21494e-06	3.90555
0.00039199	378.22	4.21494e-06	3.52573
0.00040042	396.775	4.21494e-06	4.16719
0.000408849	400.655	4.21494e-06	4.49815
0.000417279	416.658	4.21494e-06	4.35006
0.000425709	432.072	4.21494e-06	4.28675
0.000434139	449.676	4.21494e-06	4.34422
0.000442569	458.985	4.21494e-06	4.46463
0.000450999	475.685	4.21494e-06	4.30555
0.000459429	492.364	4.21494e-06	5.03797
0.000467859	495.536	4.21494e-06	4.08276
0.000476289	509.594	4.21494e-06	4.26767
0.000484718	525.251	4.21494e-06	5.05412
0.000493148	544.481	4.21494e-06	7.63399
0.000501578	555.317	4.21494e-06	4.65097
0.000510008	576.39	4.21494e-06	4.90895
0.000518438	571.798	4.21494e-06	4.57846
0.000526868	588.959	4.21494e-06	5.38193
0.000535298	587.587	4.21494e-06	4.61019
0.000543728	606.7	4.21494e-06	4.35355
0.000552158	623.682	4.21494e-06	4.39218
0.000560587	635.773	4.21494e-06	4.68574
0.000569017	639.326	4.21494e-06	4.53234
0.000577447	675.217	4.21494e-06	7.28599
0.000585877	675.702	4.21494e-06	4.6977
0.000594307	697.873	4.21494e-06	5.2888
0.000602737	697.721	4.21494e-06	4.55676
0.000611167	710.704	4.21494e-06	4.85572
0.000619597	711.477	4.21494e-06	4.70013
0.000628026	736.195	4.21494e-06	5.54347
0.000636456	750.18	4.21494e-06	5.10357
0.000644886	747.056	4.21494e-06	5.31202
0.000653316	751.632	4.21494e-06	4.68638
0.000661746	771.909	4.21494e-06	5.63497
0.000670176	787.393	4.21494e-06	7.04927
0.000678606	785.785	4.21494e-06	5.39607
0.000687036	799.056	4.21494e-06	5.40014
0.000695466	798.031	4.21494e-06	4.90014
0.000703895	808.946	4.21494e-06	6.01443
0.000712325	825.782	4.21494e-06	5.021
0.000720755	834.606	4.21494e-06	5.569
0.000729185	839.423	4.21494e-06	6.16942
0.000737615	843.324	4.21494e-06	5.02627
0.000746045	837.393	4.21494e-06	4.73783
0.000754475	855.23	4.21494e-06	5.13182
0.000762905	875.819	4.21494e-06	6.17095
0.000771335	867.951	4.21494e-06	5.45301
0.000779764	888.299	4.21494e-06	6.54127
0.000788194	881.531	4.21494e-06	5.22287
0.000796624	888.064	4.21494e-06	5.06299
0.000805054	893.14	4.21494e-06	5.96511
0.000813484	897.671	4.21494e-06	5.27067
0.000821914	904.815	4.21494e-06	5.94836
0.000830344	904.434	4.21494e-06	6.75296
0.000838774	919.87	4.21494e-06	6.63851
0.000847204	936.578	4.21494e-06	7.52873
0.000855633	926.301	4.21494e-06	6.07896
0.000864063	936.599	4.21494e-06	6.14668
0.000872493	920.02	4.21494e-06	5.27146
0.000880923	921.665	4.21494e-06	4.7712
0.000889353	934.636	4.21494e-06	5.85961
0.000897783	936.303	4.21494e-06	7.96437
0.000906213	949.345	4.21494e-06	6.42716
0.000914643	938.992	4.21494e-06	5.76462
0.000923072	934.368	4.21494e-06	5.16608
0.000931502	947.193	4.21494e-06	5.64015
0.000939932	938.563	4.21494e-06	4.74881
0.000948362	938.484	4.21494e-06	5.43093
0.000956792	938.073	4.21494e-06	5.05204
0.000965222	925.118	4.21494e-06	4.6842
0.000973652	918.473	4.21494e-06	4.61913
0.000982082	925.453	4.21494e-06	4.89577
0.000990512	922.841	4.21494e-06	5.11168
0.000998941	920.178	4.21494e-06	6.31866
0.00100737	918.138	4.21494e-06	6.33298
0.0010158	905.861	4.21494e-06	4.62951
0.00102423	912.082	4.21494e-06	5.3527
0.00103266	899.095	4.21494e-06	5.21823
0.00104109	903.61	4.21494e-06	5.16279
0.00104952	891.182	4.21494e-06	4.7855
0.00105795	889.928	4.21494e-06	4.57318
0.00106638	871.079	4.21494e-06	4.44954
0.00107481	871.821	4.21494e-06	4.5234
0.00108324	870.811	4.21494e-06	4.74812
0.00109167	867.414	4.21494e-06	4.30445
0.0011001	876.761	4.21494e-06	5.08664
0.00110853	871.694	4.21494e-06	4.77907
0.00111696	858.799	4.21494e-06	4.15571
0.00112539	852.705	4.21494e-06	4.30008
0.00113382	852.618	4.21494e-06	5.50003
0.00114225	844.537	4.21494e-06	4.60211
0.00115068	841.988	4.21494e-06	4.54938
0.00115911	843.202	4.21494e-06	5.47331
0.00116754	829.518	4.21494e-06	4.62345
0.00117597	821.972	4.21494e-06	4.47091
0.0011844	821.651	4.21494e-06	4.32571
0.00119283	826.943	4.21494e-06	5.82325
0.00120126	806.106	4.21494e-06	4.86473
0.00120969	793.268	4.21494e-06	4.85632
0.00121812	783.578	4.21494e-06	4.46264
0.00122655	781.083	4.21494e-06	4.0714
0.00123498	769.158	4.21494e-06	4.18513
0.00124341	756.946	4.21494e-06	4.28216
0.00125184	742.919	4.21494e-06	3.90099
0.00126027	731.879	4.21494e-06	3.8011
0.0012687	726.737	4.21494e-06	3.9976
0.00127713	704.296	4.21494e-06	3.65913
0.00128556	711.252	4.21494e-06	4.98694
0.00129399	684.986	4.21494e-06	3.56794
0.00130242	674.997	4.21494e-06	4.06925
0.00131085	670.17	4.21494e-06	4.01037
0.00131928	651.32	4.21494e-06	3.85414
0.00132771	654.26	4.21494e-06	3.69549
0.00133614	637.8	4.21494e-06	4.94953
0.00134457	628.358	4.21494e-06	4.02153
0.001353	624.058	4.21494e-06	5.10434
0.00136143	612.496	4.21494e-06	4.25322
0.00136986	592.151	4.21494e-06	3.29971
0.00137829	588.295	4.21494e-06	3.3729
0.00138672	574.229	4.21494e-06	3.23888
0.00139515	567.047	4.21494e-06	3.18793
0.00140358	554.706	4.21494e-06	3.87304
0.00141201	539.419	4.21494e-06	2.97316
0.00142044	537.035	4.21494e-06	3.09898
0.00142887	524.893	4.21494e-06	3.21499
0.0014373	515.579	4.21494e-06	2.88297
0.00144573	511.487	4.21494e-06	3.14387
0.00145416	502.516	4.21494e-06	2.97048
0.00146259	486.903	4.21494e-06	2.84879
0.00147102	483.95	4.21494e-06	3.50869
0.00147944	465.679	4.21494e-06	2.76398
0.00148787	455.884	4.21494e-06	3.43672
0.0014963	447.887	4.21494e-06	2.70348
0.00150473	439.74	4.21494e-06	2.6872
0.00151316	433.157	4.21494e-06	2.66287
0.00152159	420.416	4.21494e-06	2.60598
0.00153002	410.826	4.21494e-06	2.78507
0.00153845	401.722	4.21494e-06	2.50078
0.00154688	391.779	4.21494e-06	2.40762
0.00155531	388.409	4.21494e-06	4.26037
0.00156374	374.704	4.21494e-06	2.46029
0.00157217	364.921	4.21494e-06	2.28273
0.0015806	361.909	4.21494e-06	2.3564
0.00158903	346.05	4.21494e-06	2.16698
0.00159746	346.185	4.21494e-06	2.3297
0.00160589	331.405	4.21494e-06	2.20549
0.00161432	319.622	4.21494e-06	2.08868
0.00162275	321.398	4.21494e-06	2.37463
0.00163118	311.619	4.21494e-06	2.17742
0.00163961	301.719	4.21494e-06	2.15828
0.00164804	292.265	4.21494e-06	2.04106
0.00165647	289.116	4.21494e-06	2.02361
0.0016649	277.767	4.21494e-06	1.86113
0.00167333	271.64	4.21494e-06	1.92349
0.00168176	261.692	4.21494e-06	1.78825
0.00169019	260.406	4.21494e-06	1.76785
0.00169862	256.403	4.21494e-06	1.92946
0.00170705	250.097	4.21494e-06	1.86287
0.00171548	238.949	4.21494e-06	1.68743
0.00172391	236.626	4.21494e-06	1.70555
0.00173234	230.082	4.21494e-06	1.64448
0.00174077	222.426	4.21494e-06	1.62722
0.0017492	214.392	4.21494e-06	1.60305
0.00175763	208.639	4.21494e-06	1.56138
0.00176606	201.513	4.21494e-06	1.5028
0.00177449	198.999	4.21494e-06	1.52365
0.00178292	189.224	4.21494e-06	1.46473
0.00179135	184.252	4.21494e-06	1.42849
0.00179978	178.043	4.21494e-06	1.41461
0.00180821	175.155	4.21494e-06	1.39547
0.00181664	166.607	4.21494e-06	1.35096
0.00182507	163.983	4.21494e-06	1.33576
0.0018335	157.136	4.21494e-06	1.31656
0.00184193	151.706	4.21494e-06	1.27795
0.00185036	149.142	4.21494e-06	1.26927
0.00185879	142.241	4.21494e-06	1.22863
0.00186722	136.689	4.21494e-06	1.20948
0.00187565	131.287	4.21494e-06	1.17965
0.00188408	125.528	4.21494e-06	1.14487
0.00189251	123.957	4.21494e-06	1.13648
0.00190094	120.028	4.21494e-06	1.24289
0.00190937	114.209	4.21494e-06	1.09392
0.0019178	110.262	4.21494e-06	1.06747
0.00192623	103.832	4.21494e-06	1.03872
0.00193466	100.395	4.21494e-06	1.02404
0.00194309	98.0841	4.21494e-06	1.01645
0.00195152	92.5496	4.21494e-06	0.978705
0.00195995	92.1869	4.21494e-06	0.977948
0.00196838	86.4513	4.21494e-06	0.935175
0.00197681	83.7566	4.21494e-06	0.9202
0.00198524	79.3345	4.21494e-06	0.901428
0.00199367	76.7767	4.21494e-06	0.878959
0.0020021	73.0338	4.21494e-06	0.858758
0.00201053	69.5984	4.21494e-06	0.828111
0.00201896	67.7607	4.21494e-06	0.818514
0.00202739	65.2967	4.21494e-06	0.799637
0.00203582	62.4968	4.21494e-06	0.786205
0.00204425	58.8365	4.21494e-06	0.767914
0.00205268	56.0221	4.21494e-06	0.76257
0.00206111	54.1963	4.21494e-06	0.726256
0.00206954	51.5548	4.21494e-06	0.714294
0.00207797	49.3732	4.21494e-06	0.698315
0.0020864	46.5772	4.21494e-06	0.665806
0.00209483	44.8742	4.21494e-06	0.659273
0.00210326	42.72	4.21494e-06	0.659568
0.00211169	40.9075	4.21494e-06	0.626011
0.00212012	37.7395	4.21494e-06	0.599286
0.00212855	37.5171	4.21494e-06	0.605003
0.00213698	34.602	4.21494e-06	0.570412
0.00214541	33.8067	4.21494e-06	0.5658
0.00215384	31.2809	4.21494e-06	0.548708
0.00216227	30.4023	4.21494e-06	0.535331
0.0021707	28.3003	4.21494e-06	0.512878
0.00217913	27.7533	4.21494e-06	0.508324
0.00218756	28.8753	4.21494e-06	0.514744
0.00219599	26.9137	4.21494e-06	0.500218
0.00220442	24.4862	4.21494e-06	0.479554
0.00221285	24.2861	4.21494e-06	0.466778
0.00222127	21.2315	4.21494e-06	0.436706
0.0022297	20.5632	4.21494e-06	0.429944
0.00223813	20.4801	4.21494e-06	0.429458
0.00224656	17.7469	4.21494e-06	0.401176
0.00225499	17.3886	4.21494e-06	0.400476
0.00226342	15.6325	4.21494e-06	0.374043
0.00227185	15.6166	4.21494e-06	0.374914
0.00228028	14.4887	4.21494e-06	0.353959
0.00228871	13.8945	4.21494e-06	0.357711
0.00229714	13.0392	4.21494e-06	0.339856
0.00230557	12.2887	4.21494e-06	0.329845
0.002314	11.2861	4.21494e-06	0.309603
0.00232243	10.7958	4.21494e-06	0.302146
0.00233086	9.79034	4.21494e-06	0.287867
0.00233929	9.09814	4.21494e-06	0.279179
0.00234772	9.03633	4.21494e-06	0.27706
0.00235615	7.73851	4.21494e-06	0.263146
0.00236458	7.82769	4.21494e-06	0.258139
0.00237301	6.73856	4.21494e-06	0.242107
0.00238144	6.44201	4.21494e-06	0.236326
0.00238987	6.29036	4.21494e-06	0.229232
0.0023983	5.27848	4.21494e-06	0.211581
0.00240673	4.72717	4.21494e-06	0.195669
0.00241516	4.6129	4.21494e-06	0.195719
0.00242359	3.92889	4.21494e-06	0.177836
0.00243202	3.49342	4.21494e-06	0.171103
0.00244045	3.46283	4.21494e-06	0.17007
0.00244888	2.90934	4.21494e-06	0.151341
0.00245731	2.63279	4.21494e-06	0.141928
0.00246574	2.4319	4.21494e-06	0.13925
0.00247417	1.98609	4.21494e-06	0.123818
0.0024826	1.70118	4.21494e-06	0.114434
0.00249103	1.50195	4.21494e-06	0.108798
0.00249946	1.40074	4.21494e-06	0.110956
0.00250789	1.16149	4.21494e-06	0.0938551
0.00251632	0.931355	4.21494e-06	0.0831487
0.00252475	0.698191	4.21494e-06	0.0752207
0.00253318	0.662681	4.21494e-06	0.0702291
0.00254161	0.586272	4.21494e-06	0.0659209
0.00255004	0.262797	4.21494e-06	0.0432185
0.00255847	0.258011	4.21494e-06	0.0440019
0.0025669	0.190177	4.21494e-06	0.0366043
0.00257533	0.056691	4.21494e-06	0.0200599
0.00258376	0	4.21494e-06	0
