4.21494e-06	0.0233279	4.21494e-06	0.0135716
1.26448e-05	0.347572	4.21494e-06	0.0950949
2.10747e-05	1.04355	4.21494e-06	0.129351
2.95046e-05	2.0339	4.21494e-06	0.206608
3.79345e-05	3.77696	4.21494e-06	0.383166
4.63644e-05	5.21349	4.21494e-06	0.415857
5.47943e-05	7.55555	4.21494e-06	0.558905
6.32241e-05	9.04857	4.21494e-06	0.397517
7.1654e-05	12.8058	4.21494e-06	0.600065
8.00839e-05	14.6298	4.21494e-06	0.552937
8.85138e-05	19.1986	4.21494e-06	0.81202
9.69437e-05	23.5183	4.21494e-06	0.904555
0.000105374	27.9996	4.21494e-06	1.00629
0.000113803	30.8522	4.21494e-06	0.837592
0.000122233	36.4347	4.21494e-06	1.05318
0.000130663	40.7802	4.21494e-06	1.05681
0.000139093	45.4109	4.21494e-06	1.0422
0.000147523	50.0676	4.21494e-06	1.17375
0.000155953	58.8038	4.21494e-06	1.57059
0.000164383	63.0935	4.21494e-06	1.28918
0.000172813	69.9902	4.21494e-06	1.42164
0.000181243	73.4082	4.21494e-06	1.44105
0.000189672	87.531	4.21494e-06	3.15388
0.000198102	90.1556	4.21494e-06	1.61996
0.000206532	96.887	4.21494e-06	1.47492
0.000214962	103.293	4.21494e-06	1.71588
0.000223392	115.374	4.21494e-06	2.078
0.000231822	124.399	4.21494e-06	2.04467
0.000240252	128.774	4.21494e-06	1.96033
0.000248682	138.868	4.21494e-06	2.10908
0.000257112	147.223	4.21494e-06	1.96346
0.000265541	155.008	4.21494e-06	2.129
0.000273971	166.992	4.21494e-06	2.85447
0.000282401	171.05	4.21494e-06	2.28529
0.000290831	193.381	4.21494e-06	4.91184
0.000299261	191.132	4.21494e-06	2.35607
0.000307691	204.107	4.21494e-06	2.57468
0.000316121	219.71	4.21494e-06	2.6511
0.000324551	217.857	4.21494e-06	2.4044
0.00033298	233.014	4.21494e-06	2.8912
0.00034141	246.68	4.21494e-06	2.57567
0.00034984	255.672	4.21494e-06	2.85244
0.00035827	268.058	4.21494e-06	2.81459
0.0003667	285.956	4.21494e-06	5.23872
0.00037513	292.177	4.21494e-06	3.18421
0.00038356	293.686	4.21494e-06	2.76458
0.00039199	311.588	4.21494e-06	3.32154
0.00040042	320.043	4.21494e-06	3.31008
0.000408849	337.572	4.21494e-06	5.19071
0.000417279	350.367	4.21494e-06	3.82377
0.000425709	354.136	4.21494e-06	3.23821
0.000434139	368.497	4.21494e-06	3.47166
0.000442569	381.768	4.21494e-06	3.8804
0.000450999	388.038	4.21494e-06	3.34554
0.000459429	402.708	4.21494e-06	3.54992
0.000467859	421.057	4.21494e-06	3.68095
0.000476289	427.229	4.21494e-06	3.64089
0.000484718	442.004	4.21494e-06	4.42526
0.000493148	453.518	4.21494e-06	4.36082
0.000501578	467.27	4.21494e-06	3.80622
0.000510008	469.577	4.21494e-06	3.55898
0.000518438	492.67	4.21494e-06	5.27725
0.000526868	508.582	4.21494e-06	5.75119
0.000535298	523.064	4.21494e-06	5.23616
0.000543728	521.63	4.21494e-06	3.90248
0.000552158	544.041	4.21494e-06	5.46066
0.000560587	546.307	4.21494e-06	4.27919
0.000569017	566.306	4.21494e-06	4.34224
0.000577447	582.564	4.21494e-06	6.2842
0.000585877	589.613	4.21494e-06	4.48988
0.000594307	606.105	4.21494e-06	5.69122
0.000602737	616.813	4.21494e-06	6.98597
0.000611167	617.6	4.21494e-06	4.50679
0.000619597	624.943	4.21494e-06	4.91606
0.000628026	644.828	4.21494e-06	4.936
0.000636456	660.475	4.21494e-06	5.95979
0.000644886	656.085	4.21494e-06	4.3662
0.000653316	679.068	4.21494e-06	4.83102
0.000661746	680.224	4.21494e-06	4.57802
0.000670176	691.637	4.21494e-06	5.17119
0.000678606	699.733	4.21494e-06	4.62355
0.000687036	715.188	4.21494e-06	4.60181
0.000695466	724.145	4.21494e-06	4.93122
0.000703895	722.507	4.21494e-06	4.63311
0.000712325	758.15	4.21494e-06	6.78408
0.000720755	765.017	4.21494e-06	5.5827
0.000729185	752.964	4.21494e-06	4.72869
0.000737615	759.35	4.21494e-06	5.04274
0.000746045	775.802	4.21494e-06	5.19235
0.000754475	798.904	4.21494e-06	9.68471
0.000762905	794.708	4.21494e-06	5.97768
0.000771335	814.107	4.21494e-06	6.99425
0.000779764	815.55	4.21494e-06	6.27754
0.000788194	821.824	4.21494e-06	5.91239
0.000796624	826.743	4.21494e-06	5.23751
0.000805054	825.69	4.21494e-06	5.46138
0.000813484	834.912	4.21494e-06	5.38208
0.000821914	862.713	4.21494e-06	9.52011
0.000830344	846.989	4.21494e-06	5.18025
0.000838774	855.624	4.21494e-06	6.04784
0.000847204	868.469	4.21494e-06	7.48737
0.000855633	878.29	4.21494e-06	5.77768
0.000864063	867.372	4.21494e-06	5.6685
0.000872493	869.786	4.21494e-06	5.06647
0.000880923	885.708	4.21494e-06	6.37018
0.000889353	880.133	4.21494e-06	5.12795
0.000897783	890.508	4.21494e-06	6.23202
0.000906213	898.11	4.21494e-06	5.57768
0.000914643	909.341	4.21494e-06	7.39243
0.000923072	898.396	4.21494e-06	5.58783
0.000931502	893.254	4.21494e-06	5.04011
0.000939932	897.083	4.21494e-06	5.46656
0.000948362	914.372	4.21494e-06	5.68404
0.000956792	909.142	4.21494e-06	5.39916
0.000965222	924.428	4.21494e-06	6.20708
0.000973652	914.772	4.21494e-06	6.959
0.000982082	926.344	4.21494e-06	7.86711
0.000990512	902.65	4.21494e-06	5.43621
0.000998941	907.942	4.21494e-06	5.28398
0.00100737	905.845	4.21494e-06	5.21458
0.0010158	914.856	4.21494e-06	5.54456
0.00102423	903.823	4.21494e-06	5.69995
0.00103266	916.102	4.21494e-06	5.73053
0.00104109	914.776	4.21494e-06	5.86249
0.00104952	907.918	4.21494e-06	5.43993
0.00105795	904.289	4.21494e-06	5.84665
0.00106638	906.822	4.21494e-06	6.51464
0.00107481	903.792	4.21494e-06	6.70948
0.00108324	891.921	4.21494e-06	5.14204
0.00109167	879.624	4.21494e-06	5.92008
0.0011001	889.062	4.21494e-06	5.48476
0.00110853	885.383	4.21494e-06	6.1819
0.00111696	881.535	4.21494e-06	5.55577
0.00112539	883.375	4.21494e-06	6.77122
0.00113382	865.857	4.21494e-06	5.15283
0.00114225	865.073	4.21494e-06	6.21968
0.00115068	863.308	4.21494e-06	5.44758
0.00115911	855.788	4.21494e-06	5.40502
0.00116754	855.387	4.21494e-06	5.42512
0.00117597	850.279	4.21494e-06	5.11023
0.0011844	835.689	4.21494e-06	5.33041
0.00119283	827.569	4.21494e-06	6.35506
0.00120126	815.472	4.21494e-06	5.05738
0.00120969	823.422	4.21494e-06	5.68001
0.00121812	821.015	4.21494e-06	6.32688
0.00122655	807.571	4.21494e-06	5.50186
0.00123498	799.612	4.21494e-06	5.3716
0.00124341	786.906	4.21494e-06	5.22225
0.00125184	783.369	4.21494e-06	5.37672
0.00126027	775.321	4.21494e-06	4.95131
0.0012687	763.606	4.21494e-06	4.46541
0.00127713	754.622	4.21494e-06	4.4636
0.00128556	744.636	4.21494e-06	4.8486
0.00129399	743.156	4.21494e-06	4.54618
0.00130242	741.47	4.21494e-06	5.33285
0.00131085	726.169	4.21494e-06	4.8353
0.00131928	724.893	4.21494e-06	6.40557
0.00132771	704.998	4.21494e-06	4.39543
0.00133614	706.618	4.21494e-06	5.19762
0.00134457	698.637	4.21494e-06	5.31162
0.001353	685.521	4.21494e-06	4.67454
0.00136143	666.668	4.21494e-06	4.67927
0.00136986	659.57	4.21494e-06	4.29299
0.00137829	661.596	4.21494e-06	4.54134
0.00138672	636.262	4.21494e-06	4.05121
0.00139515	631.909	4.21494e-06	4.11251
0.00140358	624.895	4.21494e-06	4.20864
0.00141201	621.6	4.21494e-06	4.5568
0.00142044	601.353	4.21494e-06	4.36794
0.00142887	595.151	4.21494e-06	4.64297
0.0014373	595.24	4.21494e-06	5.23088
0.00144573	575.434	4.21494e-06	4.3145
0.00145416	563.044	4.21494e-06	3.88819
0.00146259	557.544	4.21494e-06	4.18185
0.00147102	553.497	4.21494e-06	4.92283
0.00147944	537.208	4.21494e-06	4.06722
0.00148787	527.267	4.21494e-06	3.859
0.0014963	517.815	4.21494e-06	3.58791
0.00150473	512.722	4.21494e-06	5.23262
0.00151316	514.679	4.21494e-06	8.6908
0.00152159	483.492	4.21494e-06	3.54035
0.00153002	481.072	4.21494e-06	3.49444
0.00153845	477.278	4.21494e-06	4.26883
0.00154688	467	4.21494e-06	3.60544
0.00155531	451.956	4.21494e-06	3.58868
0.00156374	445.809	4.21494e-06	3.73758
0.00157217	437.147	4.21494e-06	3.73157
0.0015806	431.337	4.21494e-06	4.26908
0.00158903	419.611	4.21494e-06	3.63421
0.00159746	409.413	4.21494e-06	4.3088
0.00160589	401.123	4.21494e-06	3.60916
0.00161432	396.142	4.21494e-06	3.45105
0.00162275	381.467	4.21494e-06	3.21358
0.00163118	368.843	4.21494e-06	3.26074
0.00163961	363.155	4.21494e-06	3.06302
0.00164804	352.627	4.21494e-06	3.06947
0.00165647	348.821	4.21494e-06	2.85897
0.0016649	339.933	4.21494e-06	2.9961
0.00167333	333.78	4.21494e-06	3.04273
0.00168176	326.445	4.21494e-06	3.55328
0.00169019	349.544	4.21494e-06	22.4293
0.00169862	311.23	4.21494e-06	2.69081
0.00170705	297.996	4.21494e-06	2.83069
0.00171548	288.882	4.21494e-06	2.59577
0.00172391	285.351	4.21494e-06	2.82797
0.00173234	276.184	4.21494e-06	2.51862
0.00174077	273.424	4.21494e-06	2.65911
0.0017492	266.222	4.21494e-06	3.4452
0.00175763	263.183	4.21494e-06	3.49794
0.00176606	250.269	4.21494e-06	3.08037
0.00177449	244.212	4.21494e-06	2.81941
0.00178292	234.296	4.21494e-06	2.49295
0.00179135	229.986	4.21494e-06	3.05004
0.00179978	223.711	4.21494e-06	2.41648
0.00180821	215.387	4.21494e-06	2.20612
0.00181664	210.803	4.21494e-06	2.28004
0.00182507	202.732	4.21494e-06	2.10534
0.0018335	194.847	4.21494e-06	2.12888
0.00184193	192.047	4.21494e-06	2.06973
0.00185036	183.925	4.21494e-06	2.19822
0.00185879	179.905	4.21494e-06	2.05911
0.00186722	172.636	4.21494e-06	1.93876
0.00187565	168.827	4.21494e-06	2.07621
0.00188408	163.272	4.21494e-06	2.16618
0.00189251	160.741	4.21494e-06	2.00225
0.00190094	153.166	4.21494e-06	2.13197
0.00190937	150.624	4.21494e-06	2.13145
0.0019178	143.093	4.21494e-06	2.2263
0.00192623	136.475	4.21494e-06	1.77734
0.00193466	136.755	4.21494e-06	2.01367
0.00194309	130.349	4.21494e-06	1.75994
0.00195152	126.245	4.21494e-06	2.21224
0.00195995	120.015	4.21494e-06	1.69762
0.00196838	119.554	4.21494e-06	1.74717
0.00197681	111.951	4.21494e-06	1.96198
0.00198524	111.258	4.21494e-06	1.60849
0.00199367	106.042	4.21494e-06	1.7651
0.0020021	99.2911	4.21494e-06	1.51792
0.00201053	94.2468	4.21494e-06	1.40267
0.00201896	93.5792	4.21494e-06	1.50124
0.00202739	89.722	4.21494e-06	1.42953
0.00203582	88.1283	4.21494e-06	1.53849
0.00204425	81.8743	4.21494e-06	1.24694
0.00205268	78.0357	4.21494e-06	1.65792
0.00206111	78.8742	4.21494e-06	1.81669
0.00206954	75.6194	4.21494e-06	1.20873
0.00207797	70.5735	4.21494e-06	1.34089
0.0020864	69.8813	4.21494e-06	1.61683
0.00209483	66.0992	4.21494e-06	1.18774
0.00210326	68.4445	4.21494e-06	4.98782
0.00211169	58.6388	4.21494e-06	1.18246
0.00212012	57.8766	4.21494e-06	0.989806
0.00212855	57.312	4.21494e-06	2.34129
0.00213698	51.2773	4.21494e-06	1.02993
0.00214541	50.2904	4.21494e-06	0.964711
0.00215384	47.0546	4.21494e-06	0.980398
0.00216227	45.8871	4.21494e-06	0.963517
0.0021707	44.4331	4.21494e-06	1.14185
0.00217913	41.8575	4.21494e-06	0.909259
0.00218756	39.8074	4.21494e-06	0.898595
0.00219599	38.3831	4.21494e-06	0.849192
0.00220442	37.1987	4.21494e-06	0.840023
0.00221285	35.3537	4.21494e-06	0.811289
0.00222127	33.6428	4.21494e-06	0.827409
0.0022297	30.7015	4.21494e-06	0.731959
0.00223813	31.3796	4.21494e-06	0.975917
0.00224656	26.3064	4.21494e-06	0.635901
0.00225499	27.6188	4.21494e-06	0.721228
0.00226342	26.2212	4.21494e-06	0.695059
0.00227185	24.4386	4.21494e-06	0.684307
0.00228028	22.4052	4.21494e-06	0.639326
0.00228871	23.351	4.21494e-06	0.610296
0.00229714	20.0298	4.21494e-06	0.550831
0.00230557	19.2992	4.21494e-06	0.533845
0.002314	18.7412	4.21494e-06	0.514606
0.00232243	17.9107	4.21494e-06	0.487939
0.00233086	15.6846	4.21494e-06	0.464088
0.00233929	14.8425	4.21494e-06	0.434883
0.00234772	14.5792	4.21494e-06	0.439277
0.00235615	13.5355	4.21494e-06	0.412716
0.00236458	12.4169	4.21494e-06	0.382273
0.00237301	11.7368	4.21494e-06	0.375674
0.00238144	11.2534	4.21494e-06	0.364981
0.00238987	9.6828	4.21494e-06	0.336828
0.0023983	9.80307	4.21494e-06	0.334013
0.00240673	8.9418	4.21494e-06	0.324215
0.00241516	8.12485	4.21494e-06	0.302343
0.00242359	7.53245	4.21494e-06	0.281481
0.00243202	7.10026	4.21494e-06	0.2795
0.00244045	6.22387	4.21494e-06	0.259355
0.00244888	6.20901	4.21494e-06	0.256466
0.00245731	5.40523	4.21494e-06	0.243758
0.00246574	5.00775	4.21494e-06	0.227757
0.00247417	4.53497	4.21494e-06	0.215088
0.0024826	3.85452	4.21494e-06	0.198285
0.00249103	3.77645	4.21494e-06	0.193336
0.00249946	3.05087	4.21494e-06	0.172507
0.00250789	2.78113	4.21494e-06	0.163032
0.00251632	2.23577	4.21494e-06	0.144031
0.00252475	1.99145	4.21494e-06	0.13549
0.00253318	1.83437	4.21494e-06	0.129712
0.00254161	1.49169	4.21494e-06	0.117319
0.00255004	0.926792	4.21494e-06	0.0891633
0.00255847	0.729419	4.21494e-06	0.0787991
0.0025669	0.483561	4.21494e-06	0.065455
0.00257533	0.181226	4.21494e-06	0.0396602
0.00258376	0.0331622	4.21494e-06	0.0165866
