4.21494e-06	0.0347366	4.21494e-06	0.0161115
1.26448e-05	0.298102	4.21494e-06	0.0547791
2.10747e-05	0.866407	4.21494e-06	0.159834
2.95046e-05	1.57725	4.21494e-06	0.141114
3.79345e-05	2.48585	4.21494e-06	0.181504
4.63644e-05	3.73016	4.21494e-06	0.247561
5.47943e-05	5.78061	4.21494e-06	0.305671
6.32241e-05	7.03649	4.21494e-06	0.384402
7.1654e-05	9.1314	4.21494e-06	0.383828
8.00839e-05	12.134	4.21494e-06	0.511306
8.85138e-05	14.1329	4.21494e-06	0.518229
9.69437e-05	19.2779	4.21494e-06	1.23284
0.000105374	20.4893	4.21494e-06	0.603632
0.000113803	23.9001	4.21494e-06	0.720414
0.000122233	27.7376	4.21494e-06	0.719599
0.000130663	32.2098	4.21494e-06	0.784954
0.000139093	38.2267	4.21494e-06	1.10114
0.000147523	39.4183	4.21494e-06	1.14836
0.000155953	47.27	4.21494e-06	1.38679
0.000164383	49.7728	4.21494e-06	1.19984
0.000172813	55.5245	4.21494e-06	1.09822
0.000181243	60.2699	4.21494e-06	1.15671
0.000189672	65.0505	4.21494e-06	1.11271
0.000198102	72.4152	4.21494e-06	1.45018
0.000206532	75.9916	4.21494e-06	1.21446
0.000214962	86.9774	4.21494e-06	1.59396
0.000223392	97.2176	4.21494e-06	2.54856
0.000231822	100.151	4.21494e-06	1.57091
0.000240252	106.152	4.21494e-06	1.65462
0.000248682	113.446	4.21494e-06	2.28956
0.000257112	119.254	4.21494e-06	1.71847
0.000265541	125.477	4.21494e-06	1.70885
0.000273971	139.094	4.21494e-06	2.80535
0.000282401	145.753	4.21494e-06	2.03084
0.000290831	152.587	4.21494e-06	2.18665
0.000299261	163.54	4.21494e-06	2.49967
0.000307691	168.741	4.21494e-06	2.2264
0.000316121	175.991	4.21494e-06	2.07526
0.000324551	191.123	4.21494e-06	2.54228
0.00033298	201.025	4.21494e-06	2.40369
0.00034141	206.948	4.21494e-06	2.33612
0.00034984	220.551	4.21494e-06	2.86468
0.00035827	228.103	4.21494e-06	4.28098
0.0003667	234.477	4.21494e-06	2.99639
0.00037513	250.353	4.21494e-06	3.54936
0.00038356	258.852	4.21494e-06	2.8587
0.00039199	264.718	4.21494e-06	2.93763
0.00040042	277.88	4.21494e-06	3.88994
0.000408849	287.934	4.21494e-06	3.968
0.000417279	296.412	4.21494e-06	2.84547
0.000425709	304.776	4.21494e-06	2.82127
0.000434139	319.693	4.21494e-06	2.96835
0.000442569	330.834	4.21494e-06	2.92805
0.000450999	345.306	4.21494e-06	3.35494
0.000459429	351.554	4.21494e-06	3.41888
0.000467859	364.316	4.21494e-06	3.13679
0.000476289	372.064	4.21494e-06	3.25504
0.000484718	382.469	4.21494e-06	4.60505
0.000493148	401.793	4.21494e-06	3.58551
0.000501578	419.415	4.21494e-06	4.29931
0.000510008	423.223	4.21494e-06	3.7571
0.000518438	433.581	4.21494e-06	3.54593
0.000526868	454.452	4.21494e-06	7.21309
0.000535298	459.745	4.21494e-06	4.03972
0.000543728	467.419	4.21494e-06	3.73032
0.000552158	486.748	4.21494e-06	4.43182
0.000560587	492.451	4.21494e-06	4.27928
0.000569017	551.14	4.21494e-06	32.2867
0.000577447	520.283	4.21494e-06	4.22385
0.000585877	523.357	4.21494e-06	3.94916
0.000594307	549.305	4.21494e-06	4.80348
0.000602737	557.705	4.21494e-06	5.33105
0.000611167	567.144	4.21494e-06	4.30299
0.000619597	576.092	4.21494e-06	4.24851
0.000628026	585.49	4.21494e-06	4.69646
0.000636456	602.369	4.21494e-06	4.6983
0.000644886	616.958	4.21494e-06	4.43547
0.000653316	698.645	4.21494e-06	42.6894
0.000661746	652.131	4.21494e-06	13.3499
0.000670176	645.011	4.21494e-06	4.9024
0.000678606	651.287	4.21494e-06	4.40109
0.000687036	664.283	4.21494e-06	5.96095
0.000695466	684.701	4.21494e-06	6.70018
0.000703895	683.552	4.21494e-06	4.92614
0.000712325	694.481	4.21494e-06	4.81163
0.000720755	708.564	4.21494e-06	4.71142
0.000729185	722.209	4.21494e-06	4.85542
0.000737615	728.632	4.21494e-06	5.85097
0.000746045	738.608	4.21494e-06	5.28784
0.000754475	752.636	4.21494e-06	7.85504
0.000762905	750.332	4.21494e-06	4.8915
0.000771335	757.55	4.21494e-06	5.0773
0.000779764	776.192	4.21494e-06	5.6864
0.000788194	799.832	4.21494e-06	6.86688
0.000796624	793.583	4.21494e-06	5.15088
0.000805054	795.822	4.21494e-06	5.34315
0.000813484	796.426	4.21494e-06	5.24251
0.000821914	797.008	4.21494e-06	4.65144
0.000830344	822.48	4.21494e-06	5.16796
0.000838774	830.569	4.21494e-06	6.29098
0.000847204	828.285	4.21494e-06	5.23939
0.000855633	835.348	4.21494e-06	5.51876
0.000864063	839.462	4.21494e-06	5.21716
0.000872493	854.505	4.21494e-06	6.63833
0.000880923	853.764	4.21494e-06	5.20829
0.000889353	873.584	4.21494e-06	6.69065
0.000897783	875.495	4.21494e-06	5.83573
0.000906213	871.736	4.21494e-06	5.80009
0.000914643	882.368	4.21494e-06	5.54405
0.000923072	874.997	4.21494e-06	6.19854
0.000931502	881.012	4.21494e-06	6.01042
0.000939932	878.599	4.21494e-06	5.46085
0.000948362	883.289	4.21494e-06	5.34756
0.000956792	900.727	4.21494e-06	5.9681
0.000965222	897.061	4.21494e-06	5.73913
0.000973652	903.409	4.21494e-06	5.74606
0.000982082	903.851	4.21494e-06	5.50732
0.000990512	904.992	4.21494e-06	5.51787
0.000998941	902.526	4.21494e-06	5.71689
0.00100737	904.582	4.21494e-06	5.7458
0.0010158	913.989	4.21494e-06	8.29968
0.00102423	905.361	4.21494e-06	5.79394
0.00103266	906.01	4.21494e-06	5.42532
0.00104109	912.56	4.21494e-06	6.6998
0.00104952	905.382	4.21494e-06	5.57524
0.00105795	903.645	4.21494e-06	6.68589
0.00106638	908.381	4.21494e-06	5.68231
0.00107481	914.729	4.21494e-06	7.72828
0.00108324	904.604	4.21494e-06	6.62262
0.00109167	902.395	4.21494e-06	5.91028
0.0011001	894.542	4.21494e-06	5.99764
0.00110853	916.266	4.21494e-06	19.0829
0.00111696	898.152	4.21494e-06	6.31548
0.00112539	899.644	4.21494e-06	6.82646
0.00113382	888.762	4.21494e-06	9.16631
0.00114225	886.1	4.21494e-06	6.82345
0.00115068	882.215	4.21494e-06	6.45563
0.00115911	871.578	4.21494e-06	5.59921
0.00116754	870.322	4.21494e-06	6.48743
0.00117597	867.02	4.21494e-06	5.58844
0.0011844	860.211	4.21494e-06	6.06652
0.00119283	869.806	4.21494e-06	6.64292
0.00120126	877.977	4.21494e-06	10.7885
0.00120969	849.165	4.21494e-06	6.42628
0.00121812	834.844	4.21494e-06	6.01291
0.00122655	826.115	4.21494e-06	5.33226
0.00123498	826.024	4.21494e-06	5.8802
0.00124341	836.887	4.21494e-06	6.41404
0.00125184	816.532	4.21494e-06	6.04259
0.00126027	805.119	4.21494e-06	6.20762
0.0012687	807.135	4.21494e-06	7.33918
0.00127713	785.059	4.21494e-06	5.18711
0.00128556	788.162	4.21494e-06	5.66647
0.00129399	778.322	4.21494e-06	5.507
0.00130242	773.446	4.21494e-06	5.46574
0.00131085	761.173	4.21494e-06	5.13987
0.00131928	748.554	4.21494e-06	5.55561
0.00132771	749.917	4.21494e-06	8.01924
0.00133614	735.312	4.21494e-06	5.11628
0.00134457	728.099	4.21494e-06	5.46356
0.001353	732.396	4.21494e-06	5.96435
0.00136143	723.984	4.21494e-06	6.94004
0.00136986	706.454	4.21494e-06	5.44098
0.00137829	696.408	4.21494e-06	5.62048
0.00138672	676.32	4.21494e-06	4.81223
0.00139515	673.735	4.21494e-06	4.99467
0.00140358	664.225	4.21494e-06	4.86735
0.00141201	667.753	4.21494e-06	5.63594
0.00142044	648.333	4.21494e-06	5.55673
0.00142887	640.234	4.21494e-06	5.1836
0.0014373	630.234	4.21494e-06	5.11783
0.00144573	620.913	4.21494e-06	5.33406
0.00145416	614.583	4.21494e-06	5.72406
0.00146259	608.529	4.21494e-06	6.48631
0.00147102	586.052	4.21494e-06	4.57038
0.00147944	583.814	4.21494e-06	5.14311
0.00148787	575.308	4.21494e-06	5.3489
0.0014963	558.325	4.21494e-06	4.63776
0.00150473	545.928	4.21494e-06	4.5718
0.00151316	542.64	4.21494e-06	5.42536
0.00152159	535.836	4.21494e-06	6.94266
0.00153002	529.995	4.21494e-06	4.68642
0.00153845	517.572	4.21494e-06	6.8182
0.00154688	503.051	4.21494e-06	4.53733
0.00155531	485.747	4.21494e-06	4.23356
0.00156374	487.674	4.21494e-06	4.47305
0.00157217	477.596	4.21494e-06	4.87917
0.0015806	467.779	4.21494e-06	4.34413
0.00158903	461.989	4.21494e-06	5.23435
0.00159746	446.804	4.21494e-06	4.35448
0.00160589	439.197	4.21494e-06	4.28004
0.00161432	425.882	4.21494e-06	4.58857
0.00162275	424.743	4.21494e-06	4.82817
0.00163118	406.416	4.21494e-06	3.92285
0.00163961	392.24	4.21494e-06	3.81835
0.00164804	394.289	4.21494e-06	4.25573
0.00165647	386.118	4.21494e-06	4.4953
0.0016649	373.608	4.21494e-06	6.46357
0.00167333	363.206	4.21494e-06	3.98338
0.00168176	354.037	4.21494e-06	4.13585
0.00169019	351.669	4.21494e-06	3.89273
0.00169862	353.879	4.21494e-06	5.96966
0.00170705	330.118	4.21494e-06	3.81573
0.00171548	330.973	4.21494e-06	5.93568
0.00172391	317.098	4.21494e-06	3.69148
0.00173234	302.734	4.21494e-06	3.43395
0.00174077	296.321	4.21494e-06	3.46956
0.0017492	288.699	4.21494e-06	3.536
0.00175763	281.799	4.21494e-06	3.80688
0.00176606	270.444	4.21494e-06	3.21744
0.00177449	272.774	4.21494e-06	4.18282
0.00178292	258.836	4.21494e-06	3.2052
0.00179135	244.966	4.21494e-06	3.36653
0.00179978	247.851	4.21494e-06	3.36449
0.00180821	243.763	4.21494e-06	4.25949
0.00181664	242.303	4.21494e-06	3.97347
0.00182507	226.696	4.21494e-06	3.09884
0.0018335	214.55	4.21494e-06	3.02738
0.00184193	215.05	4.21494e-06	4.70149
0.00185036	204.428	4.21494e-06	2.90925
0.00185879	231.117	4.21494e-06	18.7299
0.00186722	204.058	4.21494e-06	6.50571
0.00187565	190.435	4.21494e-06	3.22092
0.00188408	182.44	4.21494e-06	2.97277
0.00189251	177.756	4.21494e-06	2.6948
0.00190094	178.221	4.21494e-06	3.49595
0.00190937	166.741	4.21494e-06	3.00599
0.0019178	161.928	4.21494e-06	2.64468
0.00192623	156.35	4.21494e-06	3.32255
0.00193466	145.799	4.21494e-06	2.45476
0.00194309	149.409	4.21494e-06	2.93434
0.00195152	139.975	4.21494e-06	2.22417
0.00195995	141.002	4.21494e-06	3.13739
0.00196838	145.302	4.21494e-06	12.7215
0.00197681	125.554	4.21494e-06	2.08521
0.00198524	125.425	4.21494e-06	3.74808
0.00199367	118.949	4.21494e-06	2.29343
0.0020021	111.224	4.21494e-06	2.22304
0.00201053	107.338	4.21494e-06	1.85885
0.00201896	105.939	4.21494e-06	2.10459
0.00202739	102.115	4.21494e-06	2.02945
0.00203582	106.357	4.21494e-06	7.27691
0.00204425	98.142	4.21494e-06	2.55661
0.00205268	91.6659	4.21494e-06	2.16479
0.00206111	94.9548	4.21494e-06	4.79034
0.00206954	87.5298	4.21494e-06	2.00473
0.00207797	81.8565	4.21494e-06	1.82983
0.0020864	75.4862	4.21494e-06	1.63284
0.00209483	88.6857	4.21494e-06	9.68605
0.00210326	73.1699	4.21494e-06	2.16318
0.00211169	68.176	4.21494e-06	1.66308
0.00212012	65.5179	4.21494e-06	1.51149
0.00212855	60.26	4.21494e-06	1.48178
0.00213698	62.2129	4.21494e-06	2.27455
0.00214541	60.6368	4.21494e-06	1.64658
0.00215384	60.9951	4.21494e-06	2.99229
0.00216227	52.4065	4.21494e-06	1.43836
0.0021707	51.7776	4.21494e-06	1.5288
0.00217913	48.031	4.21494e-06	1.38013
0.00218756	50.4959	4.21494e-06	3.59338
0.00219599	43.9846	4.21494e-06	1.24586
0.00220442	42.804	4.21494e-06	1.43383
0.00221285	42.3171	4.21494e-06	2.48285
0.00222127	39.1598	4.21494e-06	1.25931
0.0022297	36.8353	4.21494e-06	1.19446
0.00223813	36.9656	4.21494e-06	1.42358
0.00224656	33.0939	4.21494e-06	1.24838
0.00225499	30.7526	4.21494e-06	1.29805
0.00226342	30.5889	4.21494e-06	1.29082
0.00227185	28.378	4.21494e-06	1.06975
0.00228028	25.8214	4.21494e-06	1.03487
0.00228871	26.9166	4.21494e-06	1.14167
0.00229714	25.8251	4.21494e-06	1.12677
0.00230557	24.0525	4.21494e-06	1.12358
0.002314	21.7824	4.21494e-06	0.920347
0.00232243	21.1138	4.21494e-06	1.18487
0.00233086	19.7046	4.21494e-06	0.830002
0.00233929	19.4707	4.21494e-06	0.913736
0.00234772	17.1622	4.21494e-06	0.873926
0.00235615	15.0124	4.21494e-06	1.0179
0.00236458	15.6087	4.21494e-06	0.778046
0.00237301	13.2627	4.21494e-06	0.7431
0.00238144	13.6652	4.21494e-06	0.88565
0.00238987	13.5006	4.21494e-06	0.794263
0.0023983	13.2136	4.21494e-06	1.00453
0.00240673	11.3853	4.21494e-06	0.697872
0.00241516	10.1858	4.21494e-06	0.74878
0.00242359	10.2273	4.21494e-06	1.52593
0.00243202	8.86425	4.21494e-06	0.673474
0.00244045	8.37503	4.21494e-06	0.593081
0.00244888	7.65548	4.21494e-06	0.719127
0.00245731	7.27248	4.21494e-06	0.616462
0.00246574	6.12345	4.21494e-06	0.522985
0.00247417	5.00258	4.21494e-06	0.439191
0.0024826	4.31868	4.21494e-06	0.428918
0.00249103	4.76977	4.21494e-06	0.447899
0.00249946	3.57967	4.21494e-06	0.393395
0.00250789	3.35776	4.21494e-06	0.406775
0.00251632	2.93229	4.21494e-06	0.42102
0.00252475	2.7036	4.21494e-06	0.383016
0.00253318	1.5384	4.21494e-06	0.224976
0.00254161	1.98183	4.21494e-06	0.473898
0.00255004	0.900403	4.21494e-06	0.224483
0.00255847	1.00619	4.21494e-06	0.233526
0.0025669	0.865037	4.21494e-06	0.277719
0.00257533	0.298329	4.21494e-06	0.137896
0.00258376	0.0544789	4.21494e-06	0.0544789
