4.21494e-06	0.00728364	4.21494e-06	0.00728364
1.26448e-05	0.286674	4.21494e-06	0.0735074
2.10747e-05	0.73325	4.21494e-06	0.107371
2.95046e-05	1.55941	4.21494e-06	0.153121
3.79345e-05	2.5472	4.21494e-06	0.323811
4.63644e-05	3.38622	4.21494e-06	0.231879
5.47943e-05	4.98529	4.21494e-06	0.306483
6.32241e-05	6.70626	4.21494e-06	0.418735
7.1654e-05	8.22422	4.21494e-06	0.438322
8.00839e-05	10.9807	4.21494e-06	0.477599
8.85138e-05	13.0845	4.21494e-06	0.527154
9.69437e-05	16.7776	4.21494e-06	0.664126
0.000105374	18.5595	4.21494e-06	0.617813
0.000113803	22.577	4.21494e-06	0.756531
0.000122233	27.1382	4.21494e-06	0.804941
0.000130663	30.044	4.21494e-06	0.881653
0.000139093	32.6249	4.21494e-06	0.812595
0.000147523	35.6105	4.21494e-06	0.815438
0.000155953	41.6733	4.21494e-06	1.06725
0.000164383	45.4499	4.21494e-06	0.952524
0.000172813	52.1496	4.21494e-06	1.19994
0.000181243	55.6217	4.21494e-06	1.19982
0.000189672	61.9041	4.21494e-06	1.39968
0.000198102	74.5906	4.21494e-06	2.17183
0.000206532	74.5527	4.21494e-06	1.54876
0.000214962	76.4525	4.21494e-06	1.31381
0.000223392	86.3703	4.21494e-06	1.48853
0.000231822	93.4246	4.21494e-06	1.72814
0.000240252	99.5144	4.21494e-06	1.78514
0.000248682	106.326	4.21494e-06	1.60307
0.000257112	113.634	4.21494e-06	1.79664
0.000265541	120.543	4.21494e-06	1.75691
0.000273971	126.688	4.21494e-06	1.81195
0.000282401	136.13	4.21494e-06	1.79792
0.000290831	145.01	4.21494e-06	1.95573
0.000299261	155.197	4.21494e-06	2.18002
0.000307691	164.5	4.21494e-06	2.72646
0.000316121	170.774	4.21494e-06	2.22206
0.000324551	179.493	4.21494e-06	2.55196
0.00033298	186.688	4.21494e-06	2.18184
0.00034141	207.499	4.21494e-06	3.11188
0.00034984	204.924	4.21494e-06	2.19619
0.00035827	220.539	4.21494e-06	4.13768
0.0003667	240.364	4.21494e-06	7.39982
0.00037513	240.316	4.21494e-06	2.7769
0.00038356	249.467	4.21494e-06	2.76981
0.00039199	257.948	4.21494e-06	2.62224
0.00040042	269.104	4.21494e-06	3.07741
0.000408849	287.039	4.21494e-06	3.77978
0.000417279	287.433	4.21494e-06	2.85856
0.000425709	299.422	4.21494e-06	2.90001
0.000434139	307.151	4.21494e-06	3.39643
0.000442569	333.079	4.21494e-06	8.98601
0.000450999	326.968	4.21494e-06	2.90919
0.000459429	341.869	4.21494e-06	3.24032
0.000467859	359.609	4.21494e-06	3.33485
0.000476289	369.832	4.21494e-06	3.48916
0.000484718	372.165	4.21494e-06	3.3972
0.000493148	390.538	4.21494e-06	3.57605
0.000501578	405.643	4.21494e-06	3.57974
0.000510008	411.525	4.21494e-06	3.47187
0.000518438	424.889	4.21494e-06	3.72802
0.000526868	435.851	4.21494e-06	3.82653
0.000535298	441.573	4.21494e-06	3.7895
0.000543728	463.101	4.21494e-06	6.06957
0.000552158	485.148	4.21494e-06	4.75141
0.000560587	489.418	4.21494e-06	4.21585
0.000569017	493.937	4.21494e-06	4.18556
0.000577447	510.745	4.21494e-06	4.17849
0.000585877	528.794	4.21494e-06	4.23626
0.000594307	533.383	4.21494e-06	3.93084
0.000602737	545.75	4.21494e-06	4.2595
0.000611167	558.807	4.21494e-06	4.20634
0.000619597	576.367	4.21494e-06	4.21215
0.000628026	579.63	4.21494e-06	4.13107
0.000636456	588.423	4.21494e-06	5.26935
0.000644886	605.327	4.21494e-06	4.43173
0.000653316	619.946	4.21494e-06	5.22475
0.000661746	625.035	4.21494e-06	4.19078
0.000670176	645.207	4.21494e-06	5.94373
0.000678606	651.047	4.21494e-06	7.16511
0.000687036	659.191	4.21494e-06	4.54208
0.000695466	692.368	4.21494e-06	18.914
0.000703895	685.056	4.21494e-06	4.44092
0.000712325	698.769	4.21494e-06	6.16105
0.000720755	706.127	4.21494e-06	5.06625
0.000729185	715.643	4.21494e-06	4.94911
0.000737615	734.031	4.21494e-06	6.15366
0.000746045	724.869	4.21494e-06	5.10445
0.000754475	733.24	4.21494e-06	4.57439
0.000762905	747.447	4.21494e-06	4.74949
0.000771335	763.113	4.21494e-06	9.07738
0.000779764	757.982	4.21494e-06	4.90598
0.000788194	773.619	4.21494e-06	6.91634
0.000796624	793.838	4.21494e-06	9.80746
0.000805054	797.23	4.21494e-06	4.7827
0.000813484	798.765	4.21494e-06	4.76819
0.000821914	813.406	4.21494e-06	5.50405
0.000830344	829.446	4.21494e-06	6.20339
0.000838774	842.15	4.21494e-06	10.0133
0.000847204	828.165	4.21494e-06	4.96283
0.000855633	844.086	4.21494e-06	6.02592
0.000864063	844.936	4.21494e-06	5.34035
0.000872493	848.865	4.21494e-06	5.9636
0.000880923	862.33	4.21494e-06	5.88914
0.000889353	877.164	4.21494e-06	8.47084
0.000897783	867.167	4.21494e-06	5.84517
0.000906213	886.467	4.21494e-06	6.03518
0.000914643	872.674	4.21494e-06	4.96994
0.000923072	881.128	4.21494e-06	5.40398
0.000931502	888.309	4.21494e-06	5.81475
0.000939932	884.322	4.21494e-06	5.49684
0.000948362	901.355	4.21494e-06	6.21795
0.000956792	909.481	4.21494e-06	6.24914
0.000965222	917.01	4.21494e-06	7.65139
0.000973652	903.326	4.21494e-06	5.33813
0.000982082	929.177	4.21494e-06	6.54914
0.000990512	912.904	4.21494e-06	5.62271
0.000998941	914.303	4.21494e-06	5.99586
0.00100737	915.193	4.21494e-06	6.54024
0.0010158	915.351	4.21494e-06	5.74891
0.00102423	914.133	4.21494e-06	5.46445
0.00103266	910.915	4.21494e-06	5.57122
0.00104109	915.478	4.21494e-06	5.65722
0.00104952	915.432	4.21494e-06	5.79624
0.00105795	917.838	4.21494e-06	6.0248
0.00106638	913.439	4.21494e-06	5.78222
0.00107481	903.592	4.21494e-06	5.31737
0.00108324	931.349	4.21494e-06	10.8487
0.00109167	913.525	4.21494e-06	6.6253
0.0011001	904.468	4.21494e-06	5.69927
0.00110853	904.347	4.21494e-06	5.73509
0.00111696	898.099	4.21494e-06	6.07031
0.00112539	890.282	4.21494e-06	5.39864
0.00113382	900.522	4.21494e-06	6.22914
0.00114225	905.712	4.21494e-06	6.70192
0.00115068	885.494	4.21494e-06	5.97264
0.00115911	880.452	4.21494e-06	6.36198
0.00116754	874.537	4.21494e-06	5.64196
0.00117597	861.789	4.21494e-06	4.97359
0.0011844	871.724	4.21494e-06	8.59736
0.00119283	877.461	4.21494e-06	7.88354
0.00120126	866.361	4.21494e-06	6.67949
0.00120969	856.685	4.21494e-06	6.26745
0.00121812	849.063	4.21494e-06	5.37449
0.00122655	840.758	4.21494e-06	5.91138
0.00123498	841.644	4.21494e-06	7.69084
0.00124341	830.297	4.21494e-06	5.69863
0.00125184	820.16	4.21494e-06	5.93707
0.00126027	822.286	4.21494e-06	6.2176
0.0012687	812.576	4.21494e-06	7.23794
0.00127713	800.168	4.21494e-06	6.11169
0.00128556	794.199	4.21494e-06	5.77484
0.00129399	797.089	4.21494e-06	5.0871
0.00130242	772.521	4.21494e-06	5.57735
0.00131085	767.381	4.21494e-06	4.96689
0.00131928	766.1	4.21494e-06	5.6883
0.00132771	765.601	4.21494e-06	7.93225
0.00133614	741.7	4.21494e-06	4.88572
0.00134457	739.165	4.21494e-06	5.29533
0.001353	737.403	4.21494e-06	6.02987
0.00136143	723.794	4.21494e-06	5.43501
0.00136986	726.96	4.21494e-06	10.1007
0.00137829	707.657	4.21494e-06	6.61236
0.00138672	704.389	4.21494e-06	8.88593
0.00139515	686.825	4.21494e-06	4.76466
0.00140358	684.562	4.21494e-06	6.18244
0.00141201	660.662	4.21494e-06	5.79906
0.00142044	659.942	4.21494e-06	5.08406
0.00142887	664.308	4.21494e-06	11.6754
0.0014373	640.556	4.21494e-06	4.61113
0.00144573	626.283	4.21494e-06	6.29168
0.00145416	620.408	4.21494e-06	5.31536
0.00146259	608.135	4.21494e-06	6.73126
0.00147102	589.206	4.21494e-06	4.31031
0.00147944	582.771	4.21494e-06	4.28266
0.00148787	585.959	4.21494e-06	6.8825
0.0014963	565.641	4.21494e-06	4.2592
0.00150473	555.988	4.21494e-06	4.80867
0.00151316	545.764	4.21494e-06	4.18953
0.00152159	537.946	4.21494e-06	5.34554
0.00153002	527.126	4.21494e-06	5.39091
0.00153845	526.306	4.21494e-06	4.62189
0.00154688	498.755	4.21494e-06	3.7182
0.00155531	496.398	4.21494e-06	4.10811
0.00156374	500.786	4.21494e-06	5.90001
0.00157217	478.516	4.21494e-06	4.72551
0.0015806	479.912	4.21494e-06	4.46256
0.00158903	453.369	4.21494e-06	3.77095
0.00159746	440.813	4.21494e-06	3.6161
0.00160589	438.793	4.21494e-06	3.79239
0.00161432	431.955	4.21494e-06	4.72269
0.00162275	418.987	4.21494e-06	3.6704
0.00163118	410.898	4.21494e-06	4.05976
0.00163961	399.072	4.21494e-06	3.76836
0.00164804	395.254	4.21494e-06	4.04452
0.00165647	381.205	4.21494e-06	3.60957
0.0016649	372.038	4.21494e-06	3.51102
0.00167333	364.245	4.21494e-06	3.4187
0.00168176	363.262	4.21494e-06	6.82133
0.00169019	349.916	4.21494e-06	3.36291
0.00169862	340.55	4.21494e-06	3.43358
0.00170705	337.499	4.21494e-06	6.71923
0.00171548	330.536	4.21494e-06	4.87341
0.00172391	329.24	4.21494e-06	7.00058
0.00173234	310.44	4.21494e-06	3.61044
0.00174077	306.542	4.21494e-06	3.65508
0.0017492	295.265	4.21494e-06	3.0325
0.00175763	286.565	4.21494e-06	3.0327
0.00176606	276.21	4.21494e-06	3.39682
0.00177449	276.872	4.21494e-06	5.06074
0.00178292	259.659	4.21494e-06	2.76024
0.00179135	254.542	4.21494e-06	3.02639
0.00179978	250.71	4.21494e-06	3.06518
0.00180821	238.002	4.21494e-06	2.58619
0.00181664	233.997	4.21494e-06	2.64132
0.00182507	235.4	4.21494e-06	4.47179
0.0018335	220.938	4.21494e-06	2.51884
0.00184193	213.969	4.21494e-06	2.64492
0.00185036	205.018	4.21494e-06	2.78022
0.00185879	205.667	4.21494e-06	2.79215
0.00186722	197.648	4.21494e-06	2.74387
0.00187565	192.209	4.21494e-06	3.22407
0.00188408	183.44	4.21494e-06	2.49586
0.00189251	177.674	4.21494e-06	2.32586
0.00190094	174.498	4.21494e-06	2.6423
0.00190937	167.296	4.21494e-06	2.19641
0.0019178	160.555	4.21494e-06	2.32855
0.00192623	155.076	4.21494e-06	2.18263
0.00193466	152.174	4.21494e-06	2.23654
0.00194309	151.193	4.21494e-06	2.54104
0.00195152	144.135	4.21494e-06	2.40259
0.00195995	140.749	4.21494e-06	2.90707
0.00196838	139.554	4.21494e-06	3.73796
0.00197681	126.746	4.21494e-06	2.12072
0.00198524	125.217	4.21494e-06	2.08856
0.00199367	123.872	4.21494e-06	4.37688
0.0020021	115.181	4.21494e-06	1.85177
0.00201053	108.976	4.21494e-06	1.7784
0.00201896	104.967	4.21494e-06	1.77122
0.00202739	104.066	4.21494e-06	1.99403
0.00203582	99.0713	4.21494e-06	1.72661
0.00204425	94.8428	4.21494e-06	1.73762
0.00205268	89.6803	4.21494e-06	2.27539
0.00206111	89.9191	4.21494e-06	1.67875
0.00206954	83.4499	4.21494e-06	1.55961
0.00207797	81.8971	4.21494e-06	1.6118
0.0020864	77.7518	4.21494e-06	1.44203
0.00209483	77.4354	4.21494e-06	1.56966
0.00210326	72.5011	4.21494e-06	1.59123
0.00211169	70.263	4.21494e-06	1.48435
0.00212012	66.5447	4.21494e-06	1.60441
0.00212855	67.2273	4.21494e-06	2.90916
0.00213698	60.2832	4.21494e-06	1.47006
0.00214541	58.6606	4.21494e-06	1.39578
0.00215384	54.6784	4.21494e-06	1.36406
0.00216227	52.3823	4.21494e-06	1.45373
0.0021707	49.3685	4.21494e-06	1.22571
0.00217913	48.4684	4.21494e-06	1.20531
0.00218756	47.6028	4.21494e-06	1.30076
0.00219599	45.4322	4.21494e-06	1.12316
0.00220442	44.2986	4.21494e-06	1.23245
0.00221285	38.8026	4.21494e-06	1.1285
0.00222127	39.2504	4.21494e-06	0.979762
0.0022297	38.5971	4.21494e-06	1.36074
0.00223813	35.0071	4.21494e-06	1.10907
0.00224656	32.8533	4.21494e-06	1.00745
0.00225499	33.3849	4.21494e-06	1.19749
0.00226342	31.5553	4.21494e-06	1.15916
0.00227185	30.1512	4.21494e-06	1.04284
0.00228028	27.5187	4.21494e-06	1.22723
0.00228871	25.158	4.21494e-06	0.847769
0.00229714	24.6579	4.21494e-06	0.961899
0.00230557	25.6816	4.21494e-06	2.26124
0.002314	21.7672	4.21494e-06	0.88517
0.00232243	21.6827	4.21494e-06	1.12944
0.00233086	19.4465	4.21494e-06	0.781146
0.00233929	17.1179	4.21494e-06	0.613738
0.00234772	19.0507	4.21494e-06	1.86497
0.00235615	15.8181	4.21494e-06	0.65121
0.00236458	15.6815	4.21494e-06	0.91135
0.00237301	15.6195	4.21494e-06	0.968789
0.00238144	12.4963	4.21494e-06	0.552944
0.00238987	12.9043	4.21494e-06	0.717815
0.0023983	12.1718	4.21494e-06	1.04687
0.00240673	10.4412	4.21494e-06	0.488847
0.00241516	10.7709	4.21494e-06	0.553201
0.00242359	9.67985	4.21494e-06	0.88841
0.00243202	8.87886	4.21494e-06	0.507423
0.00244045	7.58059	4.21494e-06	0.405277
0.00244888	7.52959	4.21494e-06	0.436203
0.00245731	7.12051	4.21494e-06	0.472427
0.00246574	6.10853	4.21494e-06	0.346478
0.00247417	5.06897	4.21494e-06	0.335808
0.0024826	4.28933	4.21494e-06	0.292696
0.00249103	4.15791	4.21494e-06	0.311078
0.00249946	3.95202	4.21494e-06	0.308
0.00250789	3.49942	4.21494e-06	0.386564
0.00251632	2.57225	4.21494e-06	0.245757
0.00252475	2.3213	4.21494e-06	0.204826
0.00253318	2.03721	4.21494e-06	0.189656
0.00254161	1.49339	4.21494e-06	0.158503
0.00255004	1.08087	4.21494e-06	0.131741
0.00255847	0.868414	4.21494e-06	0.118065
0.0025669	0.431732	4.21494e-06	0.0815729
0.00257533	0.223067	4.21494e-06	0.0601174
0.00258376	0.0456462	4.21494e-06	0.0264942
