4.21494e-06	0	4.21494e-06	0
1.26448e-05	0.466989	4.21494e-06	0.161969
2.10747e-05	0.969063	4.21494e-06	0.210562
2.95046e-05	1.55792	4.21494e-06	0.212874
3.79345e-05	2.7689	4.21494e-06	0.319139
4.63644e-05	3.37439	4.21494e-06	0.322345
5.47943e-05	4.59661	4.21494e-06	0.322521
6.32241e-05	6.17925	4.21494e-06	0.389715
7.1654e-05	9.14752	4.21494e-06	0.914275
8.00839e-05	10.5695	4.21494e-06	0.505068
8.85138e-05	14.2388	4.21494e-06	0.814144
9.69437e-05	15.0904	4.21494e-06	0.807306
0.000105374	18.2946	4.21494e-06	0.824042
0.000113803	20.4298	4.21494e-06	0.789415
0.000122233	26.2611	4.21494e-06	0.854449
0.000130663	26.7367	4.21494e-06	0.9915
0.000139093	32.4781	4.21494e-06	1.01003
0.000147523	39.2588	4.21494e-06	1.42445
0.000155953	40.9417	4.21494e-06	1.06149
0.000164383	44.956	4.21494e-06	1.30585
0.000172813	50.5878	4.21494e-06	1.1421
0.000181243	59.1304	4.21494e-06	1.66001
0.000189672	60.7357	4.21494e-06	1.3599
0.000198102	66.8076	4.21494e-06	1.71454
0.000206532	70.4574	4.21494e-06	1.43344
0.000214962	78.0291	4.21494e-06	1.60309
0.000223392	84.8224	4.21494e-06	1.60685
0.000231822	92.4598	4.21494e-06	1.72202
0.000240252	98.1889	4.21494e-06	1.80662
0.000248682	106.737	4.21494e-06	1.74625
0.000257112	115.218	4.21494e-06	2.36874
0.000265541	123.199	4.21494e-06	3.98091
0.000273971	128.179	4.21494e-06	2.06173
0.000282401	138.029	4.21494e-06	2.33197
0.000290831	142.761	4.21494e-06	2.05819
0.000299261	154.472	4.21494e-06	2.26163
0.000307691	164.073	4.21494e-06	2.53352
0.000316121	177.454	4.21494e-06	3.3917
0.000324551	178.816	4.21494e-06	2.3071
0.00033298	190.476	4.21494e-06	2.52085
0.00034141	196.899	4.21494e-06	2.49352
0.00034984	205.337	4.21494e-06	2.70563
0.00035827	214.847	4.21494e-06	2.65011
0.0003667	226.92	4.21494e-06	2.47918
0.00037513	238.052	4.21494e-06	3.37737
0.00038356	251.488	4.21494e-06	2.79329
0.00039199	263.454	4.21494e-06	3.8168
0.00040042	275.344	4.21494e-06	3.70804
0.000408849	281.7	4.21494e-06	2.95523
0.000417279	294.218	4.21494e-06	3.83294
0.000425709	300.113	4.21494e-06	3.52886
0.000434139	313.776	4.21494e-06	3.91005
0.000442569	322.276	4.21494e-06	3.07349
0.000450999	338.096	4.21494e-06	3.16772
0.000459429	352.716	4.21494e-06	4.20015
0.000467859	360.434	4.21494e-06	3.24441
0.000476289	373.904	4.21494e-06	4.05638
0.000484718	386.042	4.21494e-06	3.55096
0.000493148	391.295	4.21494e-06	3.44967
0.000501578	414.034	4.21494e-06	3.7775
0.000510008	415.533	4.21494e-06	3.82344
0.000518438	428.53	4.21494e-06	3.49075
0.000526868	446.699	4.21494e-06	4.84932
0.000535298	451.756	4.21494e-06	3.54138
0.000543728	462.054	4.21494e-06	3.7227
0.000552158	487.271	4.21494e-06	6.99024
0.000560587	493.53	4.21494e-06	3.97903
0.000569017	503.613	4.21494e-06	3.6542
0.000577447	513.559	4.21494e-06	3.69727
0.000585877	532.805	4.21494e-06	5.51811
0.000594307	540.481	4.21494e-06	3.92473
0.000602737	551.123	4.21494e-06	4.38642
0.000611167	567.373	4.21494e-06	4.13185
0.000619597	571.061	4.21494e-06	4.43419
0.000628026	592.229	4.21494e-06	4.64427
0.000636456	611.743	4.21494e-06	5.26852
0.000644886	604.879	4.21494e-06	3.73338
0.000653316	626.06	4.21494e-06	4.74737
0.000661746	640.396	4.21494e-06	6.75727
0.000670176	648.275	4.21494e-06	4.52178
0.000678606	663.311	4.21494e-06	5.92782
0.000687036	681.943	4.21494e-06	6.87216
0.000695466	690.037	4.21494e-06	6.20366
0.000703895	693.583	4.21494e-06	4.87359
0.000712325	705.278	4.21494e-06	4.67995
0.000720755	715.601	4.21494e-06	4.2449
0.000729185	714.383	4.21494e-06	4.48937
0.000737615	726.637	4.21494e-06	4.12649
0.000746045	736.712	4.21494e-06	4.30187
0.000754475	747.271	4.21494e-06	4.42343
0.000762905	765.316	4.21494e-06	4.68032
0.000771335	769.75	4.21494e-06	4.39788
0.000779764	781.568	4.21494e-06	4.43071
0.000788194	792.971	4.21494e-06	6.84484
0.000796624	805.456	4.21494e-06	9.57886
0.000805054	800.793	4.21494e-06	4.43504
0.000813484	813.517	4.21494e-06	4.60013
0.000821914	822.562	4.21494e-06	4.55915
0.000830344	830.855	4.21494e-06	4.49193
0.000838774	835.583	4.21494e-06	4.86265
0.000847204	837.521	4.21494e-06	4.17119
0.000855633	837.176	4.21494e-06	4.13717
0.000864063	848.197	4.21494e-06	4.40025
0.000872493	864.672	4.21494e-06	4.68157
0.000880923	869.209	4.21494e-06	6.44455
0.000889353	882.26	4.21494e-06	6.26688
0.000897783	877.61	4.21494e-06	4.26599
0.000906213	878.645	4.21494e-06	4.28027
0.000914643	886.34	4.21494e-06	4.79063
0.000923072	894.349	4.21494e-06	5.27785
0.000931502	893.693	4.21494e-06	4.68676
0.000939932	904.643	4.21494e-06	4.60056
0.000948362	900.442	4.21494e-06	6.17632
0.000956792	907.912	4.21494e-06	4.89239
0.000965222	914.843	4.21494e-06	4.99843
0.000973652	912.917	4.21494e-06	4.78696
0.000982082	907.286	4.21494e-06	4.96677
0.000990512	920.291	4.21494e-06	5.21563
0.000998941	930.774	4.21494e-06	6.04313
0.00100737	918.891	4.21494e-06	5.67402
0.0010158	915.329	4.21494e-06	4.4518
0.00102423	938.474	4.21494e-06	8.38269
0.00103266	924.221	4.21494e-06	4.62694
0.00104109	919.084	4.21494e-06	4.24213
0.00104952	925.946	4.21494e-06	8.07021
0.00105795	922.33	4.21494e-06	4.44367
0.00106638	914.277	4.21494e-06	4.32471
0.00107481	909.718	4.21494e-06	4.23625
0.00108324	925.57	4.21494e-06	6.53182
0.00109167	922.445	4.21494e-06	5.9382
0.0011001	913.24	4.21494e-06	4.499
0.00110853	955.441	4.21494e-06	29.9951
0.00111696	902.753	4.21494e-06	4.21528
0.00112539	904.988	4.21494e-06	4.02919
0.00113382	898.074	4.21494e-06	4.19562
0.00114225	893.691	4.21494e-06	4.08592
0.00115068	894.173	4.21494e-06	4.52887
0.00115911	889.243	4.21494e-06	4.76151
0.00116754	878.517	4.21494e-06	4.25224
0.00117597	874.07	4.21494e-06	4.20037
0.0011844	871.316	4.21494e-06	4.16923
0.00119283	876.338	4.21494e-06	7.96328
0.00120126	867.986	4.21494e-06	4.15675
0.00120969	853.771	4.21494e-06	4.41863
0.00121812	847.774	4.21494e-06	3.78999
0.00122655	849.613	4.21494e-06	4.01044
0.00123498	842.349	4.21494e-06	4.05772
0.00124341	830.87	4.21494e-06	3.76551
0.00125184	825.739	4.21494e-06	3.70295
0.00126027	816.865	4.21494e-06	4.57268
0.0012687	802.926	4.21494e-06	3.60189
0.00127713	799.392	4.21494e-06	3.62088
0.00128556	791.648	4.21494e-06	3.62139
0.00129399	786.526	4.21494e-06	3.57248
0.00130242	777.397	4.21494e-06	3.86947
0.00131085	770.18	4.21494e-06	3.91055
0.00131928	773.151	4.21494e-06	9.13472
0.00132771	760.179	4.21494e-06	4.07304
0.00133614	752.163	4.21494e-06	8.98505
0.00134457	730.973	4.21494e-06	3.49941
0.001353	719.796	4.21494e-06	3.33651
0.00136143	716.748	4.21494e-06	3.82358
0.00136986	707.257	4.21494e-06	3.6757
0.00137829	699.824	4.21494e-06	3.47943
0.00138672	686.856	4.21494e-06	3.4105
0.00139515	683.007	4.21494e-06	3.22883
0.00140358	674.214	4.21494e-06	3.40669
0.00141201	660.944	4.21494e-06	4.2244
0.00142044	647.471	4.21494e-06	3.2319
0.00142887	642.47	4.21494e-06	6.18474
0.0014373	633.209	4.21494e-06	3.36643
0.00144573	625.025	4.21494e-06	3.11406
0.00145416	610.426	4.21494e-06	3.05796
0.00146259	598.988	4.21494e-06	2.96533
0.00147102	588.749	4.21494e-06	3.03733
0.00147944	582.586	4.21494e-06	3.08787
0.00148787	568.428	4.21494e-06	3.10866
0.0014963	561.559	4.21494e-06	2.86002
0.00150473	550.419	4.21494e-06	2.7622
0.00151316	542.505	4.21494e-06	2.78221
0.00152159	530.843	4.21494e-06	3.11745
0.00153002	523.185	4.21494e-06	2.64689
0.00153845	514.996	4.21494e-06	2.7085
0.00154688	503.549	4.21494e-06	2.70822
0.00155531	495.757	4.21494e-06	2.65811
0.00156374	481.432	4.21494e-06	2.53982
0.00157217	470.157	4.21494e-06	2.62293
0.0015806	462.273	4.21494e-06	2.55408
0.00158903	455.835	4.21494e-06	2.50268
0.00159746	443.832	4.21494e-06	2.5785
0.00160589	434.312	4.21494e-06	2.5557
0.00161432	425.655	4.21494e-06	2.36445
0.00162275	416.747	4.21494e-06	2.64836
0.00163118	407.268	4.21494e-06	2.33511
0.00163961	393.091	4.21494e-06	2.24126
0.00164804	389.103	4.21494e-06	2.40575
0.00165647	380.045	4.21494e-06	2.32589
0.0016649	370.713	4.21494e-06	2.21415
0.00167333	361.84	4.21494e-06	2.1735
0.00168176	352.33	4.21494e-06	2.09673
0.00169019	345.062	4.21494e-06	2.21965
0.00169862	335.453	4.21494e-06	2.07824
0.00170705	331.717	4.21494e-06	2.23776
0.00171548	317.682	4.21494e-06	2.00666
0.00172391	313.301	4.21494e-06	2.04202
0.00173234	300.878	4.21494e-06	1.93002
0.00174077	296.271	4.21494e-06	1.95685
0.0017492	289.374	4.21494e-06	1.96344
0.00175763	279.469	4.21494e-06	1.94815
0.00176606	269.972	4.21494e-06	1.82552
0.00177449	266.01	4.21494e-06	1.86451
0.00178292	256.932	4.21494e-06	1.8653
0.00179135	246.008	4.21494e-06	1.93726
0.00179978	243.186	4.21494e-06	1.69741
0.00180821	236.273	4.21494e-06	1.69898
0.00181664	226.542	4.21494e-06	1.626
0.00182507	224.693	4.21494e-06	1.62356
0.0018335	216.133	4.21494e-06	1.61639
0.00184193	212.871	4.21494e-06	1.59005
0.00185036	201.686	4.21494e-06	1.53313
0.00185879	201.804	4.21494e-06	1.55475
0.00186722	190.562	4.21494e-06	1.49094
0.00187565	188.199	4.21494e-06	1.46376
0.00188408	183.246	4.21494e-06	1.44181
0.00189251	175.609	4.21494e-06	1.42843
0.00190094	168.402	4.21494e-06	1.39154
0.00190937	163.111	4.21494e-06	1.35675
0.0019178	159.466	4.21494e-06	1.35442
0.00192623	152.602	4.21494e-06	1.31296
0.00193466	149.502	4.21494e-06	1.40652
0.00194309	142.834	4.21494e-06	1.2668
0.00195152	139.06	4.21494e-06	1.2524
0.00195995	133.894	4.21494e-06	1.27086
0.00196838	129.84	4.21494e-06	1.19576
0.00197681	127.38	4.21494e-06	1.18186
0.00198524	120.155	4.21494e-06	1.15986
0.00199367	116.829	4.21494e-06	1.13248
0.0020021	112.279	4.21494e-06	1.1211
0.00201053	108.417	4.21494e-06	1.09411
0.00201896	103.084	4.21494e-06	1.0674
0.00202739	99.9875	4.21494e-06	1.03936
0.00203582	95.8987	4.21494e-06	1.01398
0.00204425	93.2523	4.21494e-06	1.00627
0.00205268	88.1591	4.21494e-06	0.97938
0.00206111	87.0492	4.21494e-06	0.964086
0.00206954	82.506	4.21494e-06	0.935271
0.00207797	80.0875	4.21494e-06	0.924373
0.0020864	75.4366	4.21494e-06	0.889865
0.00209483	72.0587	4.21494e-06	0.882572
0.00210326	69.5647	4.21494e-06	0.85902
0.00211169	68.1468	4.21494e-06	0.859295
0.00212012	64.68	4.21494e-06	0.821174
0.00212855	60.2803	4.21494e-06	0.797268
0.00213698	58.5534	4.21494e-06	0.787018
0.00214541	57.3572	4.21494e-06	0.780957
0.00215384	54.364	4.21494e-06	0.751018
0.00216227	52.3278	4.21494e-06	0.739945
0.0021707	50.4462	4.21494e-06	0.726215
0.00217913	47.8264	4.21494e-06	0.711709
0.00218756	46.4892	4.21494e-06	0.696051
0.00219599	42.8975	4.21494e-06	0.689835
0.00220442	41.6942	4.21494e-06	0.660579
0.00221285	38.4105	4.21494e-06	0.622976
0.00222127	37.6569	4.21494e-06	0.617276
0.0022297	35.9594	4.21494e-06	0.612669
0.00223813	34.034	4.21494e-06	0.582495
0.00224656	32.3045	4.21494e-06	0.565629
0.00225499	30.6671	4.21494e-06	0.550719
0.00226342	29.6346	4.21494e-06	0.550651
0.00227185	28.6253	4.21494e-06	0.533561
0.00228028	26.14	4.21494e-06	0.509076
0.00228871	24.9827	4.21494e-06	0.505845
0.00229714	22.9327	4.21494e-06	0.476517
0.00230557	21.7246	4.21494e-06	0.46048
0.002314	21.7984	4.21494e-06	0.459803
0.00232243	19.4443	4.21494e-06	0.437225
0.00233086	18.5335	4.21494e-06	0.464911
0.00233929	17.7678	4.21494e-06	0.414995
0.00234772	16.193	4.21494e-06	0.3965
0.00235615	15.8822	4.21494e-06	0.394389
0.00236458	13.5985	4.21494e-06	0.36165
0.00237301	14.0806	4.21494e-06	0.371959
0.00238144	11.4584	4.21494e-06	0.32955
0.00238987	11.5014	4.21494e-06	0.341252
0.0023983	11.024	4.21494e-06	0.319478
0.00240673	10.3692	4.21494e-06	0.311603
0.00241516	9.41398	4.21494e-06	0.296773
0.00242359	8.92051	4.21494e-06	0.286333
0.00243202	7.86945	4.21494e-06	0.272707
0.00244045	7.57863	4.21494e-06	0.265684
0.00244888	6.70775	4.21494e-06	0.249361
0.00245731	6.36726	4.21494e-06	0.239844
0.00246574	5.84022	4.21494e-06	0.228108
0.00247417	4.98931	4.21494e-06	0.21356
0.0024826	4.53949	4.21494e-06	0.200617
0.00249103	4.21224	4.21494e-06	0.245589
0.00249946	3.38	4.21494e-06	0.172
0.00250789	3.33741	4.21494e-06	0.170064
0.00251632	2.61184	4.21494e-06	0.150242
0.00252475	2.25127	4.21494e-06	0.140367
0.00253318	1.91604	4.21494e-06	0.1284
0.00254161	1.45473	4.21494e-06	0.111654
0.00255004	1.16361	4.21494e-06	0.0994627
0.00255847	0.82898	4.21494e-06	0.0837688
0.0025669	0.526625	4.21494e-06	0.0669002
0.00257533	0.217398	4.21494e-06	0.0426385
0.00258376	0.0167119	4.21494e-06	0.0118173
