4.21494e-06	0.0492226	4.21494e-06	0.0274029
1.26448e-05	0.536282	4.21494e-06	0.301489
2.10747e-05	0.685763	4.21494e-06	0.0869244
2.95046e-05	1.68275	4.21494e-06	0.22428
3.79345e-05	2.80049	4.21494e-06	0.221838
4.63644e-05	4.41248	4.21494e-06	0.379324
5.47943e-05	4.92174	4.21494e-06	0.299119
6.32241e-05	6.86883	4.21494e-06	0.424729
7.1654e-05	9.43365	4.21494e-06	0.417402
8.00839e-05	11.43	4.21494e-06	0.566776
8.85138e-05	15.4656	4.21494e-06	0.859227
9.69437e-05	16.853	4.21494e-06	0.661515
0.000105374	20.4205	4.21494e-06	0.733238
0.000113803	22.8556	4.21494e-06	0.680332
0.000122233	24.241	4.21494e-06	0.65977
0.000130663	28.741	4.21494e-06	0.734062
0.000139093	36.7001	4.21494e-06	0.95948
0.000147523	37.1699	4.21494e-06	0.877337
0.000155953	41.6334	4.21494e-06	1.05017
0.000164383	46.1694	4.21494e-06	0.964272
0.000172813	51.7969	4.21494e-06	1.14027
0.000181243	58.2972	4.21494e-06	1.32135
0.000189672	65.0708	4.21494e-06	1.42734
0.000198102	69.2885	4.21494e-06	1.28424
0.000206532	79.5289	4.21494e-06	2.97224
0.000214962	82.7574	4.21494e-06	1.49517
0.000223392	86.7512	4.21494e-06	1.47787
0.000231822	94.1365	4.21494e-06	1.48623
0.000240252	101.96	4.21494e-06	1.6389
0.000248682	106.454	4.21494e-06	1.94928
0.000257112	113.743	4.21494e-06	1.67303
0.000265541	124.401	4.21494e-06	1.73551
0.000273971	128.806	4.21494e-06	1.77419
0.000282401	136.519	4.21494e-06	1.92796
0.000290831	150.493	4.21494e-06	1.95384
0.000299261	155.568	4.21494e-06	2.49151
0.000307691	163.661	4.21494e-06	2.03786
0.000316121	169.706	4.21494e-06	1.97015
0.000324551	188.183	4.21494e-06	4.04811
0.00033298	192.314	4.21494e-06	2.70765
0.00034141	197.172	4.21494e-06	2.26479
0.00034984	210.648	4.21494e-06	2.67041
0.00035827	219.679	4.21494e-06	2.53768
0.0003667	232.013	4.21494e-06	2.74722
0.00037513	244.899	4.21494e-06	3.01487
0.00038356	244.158	4.21494e-06	2.41822
0.00039199	262.185	4.21494e-06	3.18526
0.00040042	272.864	4.21494e-06	2.79533
0.000408849	275.83	4.21494e-06	2.52672
0.000417279	286.143	4.21494e-06	2.64228
0.000425709	299.034	4.21494e-06	3.24527
0.000434139	309.06	4.21494e-06	2.84006
0.000442569	319.241	4.21494e-06	2.82415
0.000450999	331.534	4.21494e-06	3.01012
0.000459429	344.958	4.21494e-06	3.16699
0.000467859	351.054	4.21494e-06	2.84163
0.000476289	373.466	4.21494e-06	3.60673
0.000484718	383.644	4.21494e-06	3.46951
0.000493148	401.561	4.21494e-06	3.70551
0.000501578	401.816	4.21494e-06	3.54126
0.000510008	420.286	4.21494e-06	3.84568
0.000518438	434.45	4.21494e-06	4.70725
0.000526868	440.181	4.21494e-06	3.71745
0.000535298	444.535	4.21494e-06	3.73034
0.000543728	468.095	4.21494e-06	5.3032
0.000552158	482.943	4.21494e-06	3.94827
0.000560587	494.956	4.21494e-06	4.8083
0.000569017	504.7	4.21494e-06	5.19372
0.000577447	511.384	4.21494e-06	4.39204
0.000585877	524.444	4.21494e-06	4.21645
0.000594307	531.407	4.21494e-06	3.88543
0.000602737	552.503	4.21494e-06	7.32101
0.000611167	556.308	4.21494e-06	4.26668
0.000619597	577.729	4.21494e-06	4.70851
0.000628026	580.723	4.21494e-06	4.09514
0.000636456	597.494	4.21494e-06	4.25954
0.000644886	604.479	4.21494e-06	5.14403
0.000653316	619.18	4.21494e-06	6.22264
0.000661746	631.075	4.21494e-06	5.04228
0.000670176	629.685	4.21494e-06	4.17223
0.000678606	652.6	4.21494e-06	6.66899
0.000687036	677.346	4.21494e-06	8.18418
0.000695466	673.249	4.21494e-06	5.08089
0.000703895	681.649	4.21494e-06	4.64108
0.000712325	683.342	4.21494e-06	4.31327
0.000720755	691.338	4.21494e-06	4.47256
0.000729185	746.937	4.21494e-06	22.9451
0.000737615	714.073	4.21494e-06	4.63273
0.000746045	740.087	4.21494e-06	7.95134
0.000754475	743.643	4.21494e-06	6.29638
0.000762905	756.216	4.21494e-06	5.40186
0.000771335	750.081	4.21494e-06	4.75608
0.000779764	765.07	4.21494e-06	4.93735
0.000788194	779.783	4.21494e-06	5.15416
0.000796624	794.419	4.21494e-06	6.73481
0.000805054	797.126	4.21494e-06	4.7907
0.000813484	789.96	4.21494e-06	4.58084
0.000821914	810.344	4.21494e-06	5.1331
0.000830344	825.97	4.21494e-06	7.0949
0.000838774	827.789	4.21494e-06	5.51166
0.000847204	837.717	4.21494e-06	5.37212
0.000855633	841.941	4.21494e-06	5.97062
0.000864063	843.447	4.21494e-06	6.40476
0.000872493	855.093	4.21494e-06	5.87542
0.000880923	859.123	4.21494e-06	5.53528
0.000889353	870.043	4.21494e-06	5.89076
0.000897783	862.547	4.21494e-06	5.43502
0.000906213	870.178	4.21494e-06	5.5888
0.000914643	891.06	4.21494e-06	6.9869
0.000923072	878.209	4.21494e-06	5.45823
0.000931502	893.616	4.21494e-06	7.97989
0.000939932	889.538	4.21494e-06	5.85701
0.000948362	899.955	4.21494e-06	5.72362
0.000956792	898.711	4.21494e-06	6.00231
0.000965222	893.547	4.21494e-06	5.44795
0.000973652	917.68	4.21494e-06	5.96437
0.000982082	906.107	4.21494e-06	5.68472
0.000990512	906.18	4.21494e-06	5.79358
0.000998941	926.355	4.21494e-06	7.8828
0.00100737	904.084	4.21494e-06	5.13934
0.0010158	915.655	4.21494e-06	8.15353
0.00102423	911.004	4.21494e-06	5.28357
0.00103266	918.857	4.21494e-06	5.44828
0.00104109	910.738	4.21494e-06	5.66491
0.00104952	913.48	4.21494e-06	5.97785
0.00105795	921.703	4.21494e-06	6.67787
0.00106638	921.016	4.21494e-06	7.70219
0.00107481	923.476	4.21494e-06	6.51166
0.00108324	909.627	4.21494e-06	6.55891
0.00109167	903.698	4.21494e-06	6.42646
0.0011001	915.169	4.21494e-06	7.87972
0.00110853	902.721	4.21494e-06	5.67733
0.00111696	901.138	4.21494e-06	6.01844
0.00112539	897.28	4.21494e-06	5.46416
0.00113382	895.582	4.21494e-06	6.00045
0.00114225	893.6	4.21494e-06	6.61296
0.00115068	888.413	4.21494e-06	5.95389
0.00115911	883.601	4.21494e-06	6.40062
0.00116754	886.842	4.21494e-06	5.97733
0.00117597	880.658	4.21494e-06	5.75085
0.0011844	865.447	4.21494e-06	5.65214
0.00119283	861.968	4.21494e-06	5.45384
0.00120126	883.939	4.21494e-06	12.0665
0.00120969	849.212	4.21494e-06	5.20355
0.00121812	851.387	4.21494e-06	6.30598
0.00122655	843.625	4.21494e-06	6.0732
0.00123498	830.173	4.21494e-06	6.01995
0.00124341	825.066	4.21494e-06	5.34413
0.00125184	837.527	4.21494e-06	9.36041
0.00126027	818.325	4.21494e-06	5.77133
0.0012687	808.171	4.21494e-06	5.79461
0.00127713	794.926	4.21494e-06	6.48822
0.00128556	797.226	4.21494e-06	8.65104
0.00129399	788.989	4.21494e-06	5.53566
0.00130242	786.417	4.21494e-06	6.28832
0.00131085	766.236	4.21494e-06	5.36241
0.00131928	764.407	4.21494e-06	5.6635
0.00132771	749.298	4.21494e-06	5.24759
0.00133614	744.201	4.21494e-06	5.44269
0.00134457	737.818	4.21494e-06	5.59587
0.001353	728.035	4.21494e-06	6.14533
0.00136143	727.05	4.21494e-06	6.2917
0.00136986	716.047	4.21494e-06	8.80814
0.00137829	704.509	4.21494e-06	5.63164
0.00138672	694.644	4.21494e-06	5.09042
0.00139515	683.377	4.21494e-06	7.29334
0.00140358	675.465	4.21494e-06	5.2955
0.00141201	661.139	4.21494e-06	4.82835
0.00142044	646.189	4.21494e-06	4.58675
0.00142887	641.621	4.21494e-06	4.82898
0.0014373	639.865	4.21494e-06	5.36718
0.00144573	636.605	4.21494e-06	7.36116
0.00145416	622.484	4.21494e-06	5.09175
0.00146259	604.484	4.21494e-06	4.92609
0.00147102	597.116	4.21494e-06	5.10189
0.00147944	579.118	4.21494e-06	4.60829
0.00148787	571.637	4.21494e-06	4.41866
0.0014963	565.633	4.21494e-06	5.08194
0.00150473	551.105	4.21494e-06	4.26935
0.00151316	546.214	4.21494e-06	5.30406
0.00152159	534.43	4.21494e-06	5.47531
0.00153002	525.828	4.21494e-06	5.15631
0.00153845	515.657	4.21494e-06	4.39736
0.00154688	515.335	4.21494e-06	5.02118
0.00155531	491.813	4.21494e-06	3.99551
0.00156374	496.676	4.21494e-06	6.48229
0.00157217	485.648	4.21494e-06	4.71944
0.0015806	480.622	4.21494e-06	4.94281
0.00158903	461.311	4.21494e-06	4.22593
0.00159746	452.667	4.21494e-06	5.79272
0.00160589	439.498	4.21494e-06	3.97527
0.00161432	437.367	4.21494e-06	6.55162
0.00162275	421.881	4.21494e-06	4.0584
0.00163118	414.205	4.21494e-06	4.19787
0.00163961	406.237	4.21494e-06	4.94711
0.00164804	393.879	4.21494e-06	3.84278
0.00165647	388.365	4.21494e-06	4.24377
0.0016649	379.366	4.21494e-06	4.67186
0.00167333	364.369	4.21494e-06	3.69726
0.00168176	356.369	4.21494e-06	4.05983
0.00169019	341.72	4.21494e-06	3.18584
0.00169862	340.23	4.21494e-06	4.00152
0.00170705	328.132	4.21494e-06	3.33428
0.00171548	324.908	4.21494e-06	4.01182
0.00172391	322.749	4.21494e-06	4.18572
0.00173234	312.987	4.21494e-06	3.92141
0.00174077	295.443	4.21494e-06	3.25726
0.0017492	285.708	4.21494e-06	3.1167
0.00175763	288.098	4.21494e-06	3.60629
0.00176606	276.185	4.21494e-06	3.18308
0.00177449	275.611	4.21494e-06	3.82882
0.00178292	265.515	4.21494e-06	3.59303
0.00179135	255.667	4.21494e-06	3.24877
0.00179978	252.164	4.21494e-06	4.07768
0.00180821	247.361	4.21494e-06	4.00822
0.00181664	235.555	4.21494e-06	3.10287
0.00182507	229.052	4.21494e-06	3.05527
0.0018335	219.936	4.21494e-06	2.77319
0.00184193	214.628	4.21494e-06	3.18748
0.00185036	219.36	4.21494e-06	7.32342
0.00185879	207.871	4.21494e-06	3.42943
0.00186722	207.347	4.21494e-06	4.37825
0.00187565	190.538	4.21494e-06	2.90323
0.00188408	188.889	4.21494e-06	3.13334
0.00189251	175.014	4.21494e-06	2.4159
0.00190094	171.804	4.21494e-06	2.63177
0.00190937	176.704	4.21494e-06	7.57491
0.0019178	164.003	4.21494e-06	2.44555
0.00192623	153.611	4.21494e-06	2.33919
0.00193466	152.693	4.21494e-06	2.51059
0.00194309	147.264	4.21494e-06	2.60916
0.00195152	142.825	4.21494e-06	2.86241
0.00195995	135.018	4.21494e-06	2.40249
0.00196838	133.293	4.21494e-06	2.287
0.00197681	130.551	4.21494e-06	2.86093
0.00198524	127.877	4.21494e-06	2.27654
0.00199367	118.356	4.21494e-06	2.37812
0.0020021	121.294	4.21494e-06	2.82315
0.00201053	112.145	4.21494e-06	2.11537
0.00201896	104.981	4.21494e-06	2.0135
0.00202739	102.514	4.21494e-06	1.85449
0.00203582	99.7414	4.21494e-06	1.96232
0.00204425	94.7429	4.21494e-06	1.77287
0.00205268	88.6766	4.21494e-06	1.69291
0.00206111	92.8226	4.21494e-06	2.26769
0.00206954	86.4046	4.21494e-06	1.83258
0.00207797	82.862	4.21494e-06	1.63587
0.0020864	78.5446	4.21494e-06	1.5881
0.00209483	78.1207	4.21494e-06	1.92992
0.00210326	74.0422	4.21494e-06	1.7197
0.00211169	68.0258	4.21494e-06	1.68728
0.00212012	65.2837	4.21494e-06	1.50392
0.00212855	63.1184	4.21494e-06	1.36193
0.00213698	63.1577	4.21494e-06	1.8568
0.00214541	60.0941	4.21494e-06	1.45883
0.00215384	53.4374	4.21494e-06	1.32696
0.00216227	53.3371	4.21494e-06	1.3859
0.0021707	50.7552	4.21494e-06	1.54424
0.00217913	49.9113	4.21494e-06	1.47056
0.00218756	44.2309	4.21494e-06	1.14214
0.00219599	45.2873	4.21494e-06	1.45852
0.00220442	45.7653	4.21494e-06	1.72524
0.00221285	40.2302	4.21494e-06	1.1323
0.00222127	39.0793	4.21494e-06	1.24955
0.0022297	38.1345	4.21494e-06	1.31221
0.00223813	34.653	4.21494e-06	1.13392
0.00224656	33.6482	4.21494e-06	1.11306
0.00225499	31.2456	4.21494e-06	1.06506
0.00226342	33.8076	4.21494e-06	2.88299
0.00227185	28.5226	4.21494e-06	1.34404
0.00228028	28.4818	4.21494e-06	1.10691
0.00228871	26.2964	4.21494e-06	0.941226
0.00229714	27.4138	4.21494e-06	1.43928
0.00230557	25.3658	4.21494e-06	1.41783
0.002314	22.9239	4.21494e-06	0.88646
0.00232243	21.0496	4.21494e-06	1.03604
0.00233086	19.8712	4.21494e-06	0.883388
0.00233929	18.4619	4.21494e-06	0.815585
0.00234772	17.1005	4.21494e-06	0.827254
0.00235615	15.8265	4.21494e-06	0.700079
0.00236458	15.1046	4.21494e-06	0.664704
0.00237301	15.0222	4.21494e-06	0.760248
0.00238144	14.2172	4.21494e-06	1.08666
0.00238987	13.0383	4.21494e-06	0.696556
0.0023983	11.5603	4.21494e-06	0.709768
0.00240673	9.9745	4.21494e-06	0.56716
0.00241516	11.1292	4.21494e-06	0.797451
0.00242359	10.0127	4.21494e-06	0.754568
0.00243202	8.51534	4.21494e-06	0.613078
0.00244045	8.45604	4.21494e-06	0.721825
0.00244888	6.7525	4.21494e-06	0.433759
0.00245731	6.22408	4.21494e-06	0.466631
0.00246574	7.25146	4.21494e-06	0.835489
0.00247417	5.8598	4.21494e-06	0.700705
0.0024826	4.0691	4.21494e-06	0.374739
0.00249103	4.65256	4.21494e-06	0.502573
0.00249946	4.35244	4.21494e-06	0.631164
0.00250789	3.41947	4.21494e-06	0.565103
0.00251632	2.40882	4.21494e-06	0.281371
0.00252475	1.93876	4.21494e-06	0.25129
0.00253318	2.8286	4.21494e-06	0.375763
0.00254161	1.48451	4.21494e-06	0.220626
0.00255004	0.96647	4.21494e-06	0.160247
0.00255847	0.707152	4.21494e-06	0.151057
0.0025669	0.508921	4.21494e-06	0.115752
0.00257533	0.362746	4.21494e-06	0.0889952
0.00258376	0.0214394	4.21494e-06	0.0214394
