4.21494e-06	0.0511912	4.21494e-06	0.0268743
1.26448e-05	0.596875	4.21494e-06	0.0882989
2.10747e-05	1.65488	4.21494e-06	0.53401
2.95046e-05	2.68042	4.21494e-06	0.269688
3.79345e-05	4.63027	4.21494e-06	0.298789
4.63644e-05	6.28598	4.21494e-06	0.555843
5.47943e-05	9.6743	4.21494e-06	0.493485
6.32241e-05	12.1821	4.21494e-06	0.564342
7.1654e-05	15.3176	4.21494e-06	0.643922
8.00839e-05	20.3267	4.21494e-06	0.917566
8.85138e-05	25.6747	4.21494e-06	1.1798
9.69437e-05	28.8864	4.21494e-06	1.18335
0.000105374	36.3283	4.21494e-06	1.52366
0.000113803	38.5164	4.21494e-06	1.03342
0.000122233	44.1536	4.21494e-06	1.13561
0.000130663	49.9843	4.21494e-06	1.15664
0.000139093	59.9955	4.21494e-06	1.71834
0.000147523	66.3093	4.21494e-06	1.37661
0.000155953	73.6262	4.21494e-06	1.72546
0.000164383	81.436	4.21494e-06	1.59646
0.000172813	88.8208	4.21494e-06	1.77923
0.000181243	96.8775	4.21494e-06	2.22532
0.000189672	109.446	4.21494e-06	2.55572
0.000198102	114.305	4.21494e-06	1.93788
0.000206532	135.761	4.21494e-06	6.48588
0.000214962	132.107	4.21494e-06	2.04235
0.000223392	145.192	4.21494e-06	2.27304
0.000231822	150.67	4.21494e-06	2.33328
0.000240252	161.11	4.21494e-06	2.34556
0.000248682	169.989	4.21494e-06	2.32681
0.000257112	184.533	4.21494e-06	2.63018
0.000265541	195.025	4.21494e-06	2.50513
0.000273971	201.996	4.21494e-06	2.43159
0.000282401	220.165	4.21494e-06	2.93002
0.000290831	230.243	4.21494e-06	3.7107
0.000299261	243.724	4.21494e-06	3.18602
0.000307691	251.728	4.21494e-06	2.81528
0.000316121	267.58	4.21494e-06	3.29311
0.000324551	277.933	4.21494e-06	3.11387
0.00033298	291.118	4.21494e-06	3.57101
0.00034141	298.289	4.21494e-06	3.54429
0.00034984	315.998	4.21494e-06	3.73564
0.00035827	324.293	4.21494e-06	3.81989
0.0003667	337.911	4.21494e-06	3.60146
0.00037513	348.959	4.21494e-06	3.58795
0.00038356	366.163	4.21494e-06	4.20464
0.00039199	378.445	4.21494e-06	8.4085
0.00040042	391.232	4.21494e-06	3.77889
0.000408849	399.418	4.21494e-06	3.69824
0.000417279	411.826	4.21494e-06	3.62993
0.000425709	437.01	4.21494e-06	4.70866
0.000434139	448.898	4.21494e-06	4.08458
0.000442569	453.129	4.21494e-06	4.45053
0.000450999	458.584	4.21494e-06	3.74003
0.000459429	481.591	4.21494e-06	4.30474
0.000467859	502.457	4.21494e-06	4.95212
0.000476289	506.326	4.21494e-06	4.006
0.000484718	519.883	4.21494e-06	4.40884
0.000493148	537.099	4.21494e-06	5.1967
0.000501578	534.162	4.21494e-06	4.21023
0.000510008	569.325	4.21494e-06	4.91165
0.000518438	574.505	4.21494e-06	6.31069
0.000526868	584.317	4.21494e-06	4.47041
0.000535298	591.15	4.21494e-06	4.64187
0.000543728	607.324	4.21494e-06	5.00951
0.000552158	620.966	4.21494e-06	4.64863
0.000560587	625.65	4.21494e-06	4.25794
0.000569017	641.02	4.21494e-06	4.37443
0.000577447	661.382	4.21494e-06	4.94429
0.000585877	668.899	4.21494e-06	4.5238
0.000594307	691.493	4.21494e-06	4.89866
0.000602737	689.834	4.21494e-06	4.57882
0.000611167	708.232	4.21494e-06	4.58976
0.000619597	721.192	4.21494e-06	6.92804
0.000628026	740.367	4.21494e-06	6.11803
0.000636456	738.323	4.21494e-06	4.7008
0.000644886	752.902	4.21494e-06	5.83333
0.000653316	758.182	4.21494e-06	4.77679
0.000661746	763.986	4.21494e-06	4.97137
0.000670176	786.04	4.21494e-06	6.22544
0.000678606	776.301	4.21494e-06	4.9097
0.000687036	786.477	4.21494e-06	4.85064
0.000695466	806.659	4.21494e-06	5.77688
0.000703895	812.755	4.21494e-06	6.71923
0.000712325	805.731	4.21494e-06	5.26635
0.000720755	828.466	4.21494e-06	6.14577
0.000729185	839.326	4.21494e-06	6.68534
0.000737615	858.882	4.21494e-06	5.6881
0.000746045	838.011	4.21494e-06	5.11089
0.000754475	851.664	4.21494e-06	5.09542
0.000762905	858.683	4.21494e-06	4.99983
0.000771335	866.831	4.21494e-06	5.19183
0.000779764	870.276	4.21494e-06	5.00857
0.000788194	874.967	4.21494e-06	5.17695
0.000796624	875.479	4.21494e-06	4.94607
0.000805054	900.76	4.21494e-06	7.24716
0.000813484	902.951	4.21494e-06	11.9693
0.000821914	895.791	4.21494e-06	5.07975
0.000830344	902.37	4.21494e-06	5.62423
0.000838774	911.546	4.21494e-06	5.82724
0.000847204	911.524	4.21494e-06	5.09124
0.000855633	912.614	4.21494e-06	4.94505
0.000864063	925.072	4.21494e-06	5.28602
0.000872493	929.657	4.21494e-06	5.09594
0.000880923	931.115	4.21494e-06	5.89925
0.000889353	929.16	4.21494e-06	6.07717
0.000897783	939.786	4.21494e-06	6.27223
0.000906213	931.909	4.21494e-06	6.04027
0.000914643	940.897	4.21494e-06	4.84626
0.000923072	941.93	4.21494e-06	6.44789
0.000931502	941.736	4.21494e-06	5.74075
0.000939932	926.019	4.21494e-06	4.75889
0.000948362	936.363	4.21494e-06	5.73888
0.000956792	944.878	4.21494e-06	6.00865
0.000965222	934.106	4.21494e-06	5.55249
0.000973652	931.002	4.21494e-06	5.33676
0.000982082	913.976	4.21494e-06	5.06589
0.000990512	935.04	4.21494e-06	8.03601
0.000998941	922.744	4.21494e-06	4.88233
0.00100737	918.142	4.21494e-06	6.45505
0.0010158	911.152	4.21494e-06	5.86764
0.00102423	894.843	4.21494e-06	4.73223
0.00103266	910.159	4.21494e-06	4.93141
0.00104109	895.265	4.21494e-06	5.1877
0.00104952	891.121	4.21494e-06	4.74857
0.00105795	902.37	4.21494e-06	5.96278
0.00106638	887.114	4.21494e-06	4.8262
0.00107481	886.434	4.21494e-06	6.61673
0.00108324	883.032	4.21494e-06	5.35249
0.00109167	865.383	4.21494e-06	4.48167
0.0011001	868.708	4.21494e-06	4.4186
0.00110853	888.935	4.21494e-06	14.8848
0.00111696	866.356	4.21494e-06	4.46765
0.00112539	853.437	4.21494e-06	4.37858
0.00113382	852.166	4.21494e-06	4.50887
0.00114225	847.279	4.21494e-06	5.2738
0.00115068	841.894	4.21494e-06	4.65328
0.00115911	832.275	4.21494e-06	4.07413
0.00116754	839.488	4.21494e-06	4.96483
0.00117597	824.704	4.21494e-06	4.60924
0.0011844	820.813	4.21494e-06	4.30547
0.00119283	811.138	4.21494e-06	4.26833
0.00120126	799.43	4.21494e-06	4.9553
0.00120969	797.826	4.21494e-06	4.02895
0.00121812	783.69	4.21494e-06	4.08736
0.00122655	775.165	4.21494e-06	3.92105
0.00123498	772.88	4.21494e-06	5.2433
0.00124341	758.535	4.21494e-06	4.4218
0.00125184	743.616	4.21494e-06	4.04013
0.00126027	730.401	4.21494e-06	3.80804
0.0012687	724.901	4.21494e-06	3.87669
0.00127713	716.829	4.21494e-06	3.91874
0.00128556	696.894	4.21494e-06	3.49756
0.00129399	686.418	4.21494e-06	3.69861
0.00130242	685.935	4.21494e-06	4.43247
0.00131085	670.451	4.21494e-06	3.94947
0.00131928	652.769	4.21494e-06	3.39777
0.00132771	650.003	4.21494e-06	3.66486
0.00133614	636.094	4.21494e-06	3.6381
0.00134457	632.556	4.21494e-06	3.47568
0.001353	621.171	4.21494e-06	3.52609
0.00136143	606.771	4.21494e-06	3.39404
0.00136986	598.317	4.21494e-06	4.38938
0.00137829	590.343	4.21494e-06	3.2105
0.00138672	576.034	4.21494e-06	3.27705
0.00139515	589.551	4.21494e-06	14.248
0.00140358	569.875	4.21494e-06	7.72147
0.00141201	541.006	4.21494e-06	3.04635
0.00142044	535.354	4.21494e-06	3.46714
0.00142887	534.665	4.21494e-06	3.98444
0.0014373	516.751	4.21494e-06	3.06079
0.00144573	510.35	4.21494e-06	3.04928
0.00145416	492.525	4.21494e-06	2.86616
0.00146259	484.921	4.21494e-06	2.90859
0.00147102	479.279	4.21494e-06	2.80517
0.00147944	481.155	4.21494e-06	4.37074
0.00148787	460.217	4.21494e-06	2.97427
0.0014963	458.81	4.21494e-06	3.19265
0.00150473	447.094	4.21494e-06	3.01469
0.00151316	432.6	4.21494e-06	2.79006
0.00152159	424.835	4.21494e-06	3.61518
0.00153002	412.151	4.21494e-06	2.58984
0.00153845	410.205	4.21494e-06	3.16734
0.00154688	403.479	4.21494e-06	3.35598
0.00155531	393.971	4.21494e-06	3.43731
0.00156374	385.245	4.21494e-06	2.99002
0.00157217	369.85	4.21494e-06	2.4095
0.0015806	368.047	4.21494e-06	3.66303
0.00158903	354.351	4.21494e-06	2.76646
0.00159746	342.309	4.21494e-06	2.41757
0.00160589	332.443	4.21494e-06	2.15828
0.00161432	333.982	4.21494e-06	7.13121
0.00162275	319.609	4.21494e-06	2.44051
0.00163118	309.389	4.21494e-06	2.10955
0.00163961	303.652	4.21494e-06	2.17338
0.00164804	301.327	4.21494e-06	3.13608
0.00165647	285.441	4.21494e-06	2.11158
0.0016649	280.184	4.21494e-06	2.03184
0.00167333	271.423	4.21494e-06	2.05315
0.00168176	264.863	4.21494e-06	1.96361
0.00169019	261.455	4.21494e-06	1.85829
0.00169862	259.918	4.21494e-06	1.85213
0.00170705	253.284	4.21494e-06	1.86675
0.00171548	246.889	4.21494e-06	1.81828
0.00172391	238.675	4.21494e-06	1.82304
0.00173234	231.742	4.21494e-06	1.90655
0.00174077	223.575	4.21494e-06	1.69067
0.0017492	219.798	4.21494e-06	1.65624
0.00175763	211.932	4.21494e-06	1.62589
0.00176606	204.853	4.21494e-06	1.68972
0.00177449	199.59	4.21494e-06	2.92509
0.00178292	189.868	4.21494e-06	1.46825
0.00179135	184.279	4.21494e-06	1.45967
0.00179978	179.421	4.21494e-06	1.44149
0.00180821	173.554	4.21494e-06	1.41072
0.00181664	170.066	4.21494e-06	1.38123
0.00182507	162.662	4.21494e-06	1.3508
0.0018335	159.046	4.21494e-06	1.33143
0.00184193	154.241	4.21494e-06	1.32243
0.00185036	148.202	4.21494e-06	1.27757
0.00185879	143.087	4.21494e-06	1.24657
0.00186722	138.016	4.21494e-06	1.2192
0.00187565	131.255	4.21494e-06	1.20687
0.00188408	131.424	4.21494e-06	1.19136
0.00189251	123.752	4.21494e-06	1.13872
0.00190094	120.233	4.21494e-06	1.13881
0.00190937	111.935	4.21494e-06	1.084
0.0019178	109.14	4.21494e-06	1.07735
0.00192623	106.891	4.21494e-06	1.06529
0.00193466	102.658	4.21494e-06	1.03635
0.00194309	98.6806	4.21494e-06	1.00632
0.00195152	94.5073	4.21494e-06	0.995748
0.00195995	92.4877	4.21494e-06	0.98122
0.00196838	86.4735	4.21494e-06	0.941693
0.00197681	82.7514	4.21494e-06	0.920493
0.00198524	80.831	4.21494e-06	0.911083
0.00199367	77.9833	4.21494e-06	0.889615
0.0020021	74.4306	4.21494e-06	0.87405
0.00201053	70.2475	4.21494e-06	0.843049
0.00201896	67.4245	4.21494e-06	0.824391
0.00202739	65.658	4.21494e-06	0.813866
0.00203582	63.2831	4.21494e-06	0.796452
0.00204425	59.0261	4.21494e-06	0.762054
0.00205268	58.5946	4.21494e-06	0.761904
0.00206111	54.4586	4.21494e-06	0.734351
0.00206954	52.0582	4.21494e-06	0.722109
0.00207797	49.9591	4.21494e-06	0.703619
0.0020864	47.8951	4.21494e-06	0.682316
0.00209483	45.7005	4.21494e-06	0.670714
0.00210326	44.1334	4.21494e-06	0.657103
0.00211169	42.2173	4.21494e-06	0.644138
0.00212012	40.2694	4.21494e-06	0.628438
0.00212855	36.7202	4.21494e-06	0.590014
0.00213698	34.7302	4.21494e-06	0.57545
0.00214541	32.8287	4.21494e-06	0.570428
0.00215384	32.4175	4.21494e-06	0.553464
0.00216227	31.2973	4.21494e-06	0.541734
0.0021707	29.8472	4.21494e-06	0.534094
0.00217913	27.2013	4.21494e-06	0.502534
0.00218756	27.2457	4.21494e-06	0.49794
0.00219599	26.7749	4.21494e-06	0.495761
0.00220442	25.2397	4.21494e-06	0.482569
0.00221285	24.2316	4.21494e-06	0.473996
0.00222127	21.9478	4.21494e-06	0.446073
0.0022297	21.4013	4.21494e-06	0.441215
0.00223813	20.1128	4.21494e-06	0.439458
0.00224656	18.2548	4.21494e-06	0.402265
0.00225499	17.8285	4.21494e-06	0.406771
0.00226342	16.8157	4.21494e-06	0.394415
0.00227185	15.6812	4.21494e-06	0.376235
0.00228028	14.6456	4.21494e-06	0.363288
0.00228871	13.6186	4.21494e-06	0.346614
0.00229714	12.4406	4.21494e-06	0.335338
0.00230557	12.2709	4.21494e-06	0.329606
0.002314	11.1838	4.21494e-06	0.314192
0.00232243	11.4935	4.21494e-06	0.314306
0.00233086	10.2823	4.21494e-06	0.295555
0.00233929	9.45423	4.21494e-06	0.286356
0.00234772	8.96356	4.21494e-06	0.276015
0.00235615	8.11296	4.21494e-06	0.259853
0.00236458	8.15156	4.21494e-06	0.261503
0.00237301	6.95257	4.21494e-06	0.239045
0.00238144	7.27429	4.21494e-06	0.251942
0.00238987	5.92597	4.21494e-06	0.230001
0.0023983	5.39459	4.21494e-06	0.209774
0.00240673	5.2376	4.21494e-06	0.20824
0.00241516	4.83977	4.21494e-06	0.200138
0.00242359	3.83192	4.21494e-06	0.182511
0.00243202	4.1208	4.21494e-06	0.186111
0.00244045	3.53821	4.21494e-06	0.169926
0.00244888	3.17918	4.21494e-06	0.160093
0.00245731	2.59946	4.21494e-06	0.142575
0.00246574	2.39506	4.21494e-06	0.140361
0.00247417	2.18332	4.21494e-06	0.132195
0.0024826	1.82479	4.21494e-06	0.121635
0.00249103	1.51781	4.21494e-06	0.108999
0.00249946	1.12898	4.21494e-06	0.0936621
0.00250789	1.30998	4.21494e-06	0.102332
0.00251632	0.884062	4.21494e-06	0.0894058
0.00252475	0.7661	4.21494e-06	0.0757917
0.00253318	0.613718	4.21494e-06	0.0672111
0.00254161	0.59458	4.21494e-06	0.0695803
0.00255004	0.292631	4.21494e-06	0.0465005
0.00255847	0.283365	4.21494e-06	0.0456462
0.0025669	0.141809	4.21494e-06	0.0317141
0.00257533	0.0421537	4.21494e-06	0.0172099
0.00258376	0	4.21494e-06	0
