4.21494e-06	0.00988422	4.21494e-06	0.00988422
1.26448e-05	0.207496	4.21494e-06	0.0557512
2.10747e-05	0.858865	4.21494e-06	0.195442
2.95046e-05	1.35811	4.21494e-06	0.166687
3.79345e-05	2.16561	4.21494e-06	0.223843
4.63644e-05	4.26218	4.21494e-06	0.509386
5.47943e-05	4.73829	4.21494e-06	0.320262
6.32241e-05	6.31273	4.21494e-06	0.528217
7.1654e-05	8.24715	4.21494e-06	0.543886
8.00839e-05	10.5736	4.21494e-06	0.544365
8.85138e-05	13.2025	4.21494e-06	0.659277
9.69437e-05	15.1999	4.21494e-06	0.861083
0.000105374	17.59	4.21494e-06	0.744791
0.000113803	21.7263	4.21494e-06	0.780368
0.000122233	25.9954	4.21494e-06	1.37994
0.000130663	28.0717	4.21494e-06	0.868411
0.000139093	33.3785	4.21494e-06	1.32739
0.000147523	37.4534	4.21494e-06	1.30235
0.000155953	41.4727	4.21494e-06	1.30746
0.000164383	45.1137	4.21494e-06	1.51264
0.000172813	53.5917	4.21494e-06	1.55173
0.000181243	53.819	4.21494e-06	1.22073
0.000189672	59.71	4.21494e-06	1.35971
0.000198102	66.2003	4.21494e-06	1.38018
0.000206532	69.7518	4.21494e-06	1.62722
0.000214962	81.7661	4.21494e-06	2.69036
0.000223392	85.1644	4.21494e-06	1.65133
0.000231822	95.1738	4.21494e-06	1.93685
0.000240252	96.0294	4.21494e-06	1.62159
0.000248682	105.29	4.21494e-06	1.89706
0.000257112	111.338	4.21494e-06	1.76275
0.000265541	123.622	4.21494e-06	2.13807
0.000273971	128.662	4.21494e-06	2.24994
0.000282401	139.803	4.21494e-06	2.49665
0.000290831	147.997	4.21494e-06	3.78118
0.000299261	151.146	4.21494e-06	2.13705
0.000307691	162.511	4.21494e-06	2.43076
0.000316121	168.409	4.21494e-06	2.46979
0.000324551	178.96	4.21494e-06	2.75855
0.00033298	183.186	4.21494e-06	2.19616
0.00034141	195.945	4.21494e-06	2.36442
0.00034984	208.917	4.21494e-06	3.10706
0.00035827	217.975	4.21494e-06	2.63879
0.0003667	228.656	4.21494e-06	2.64456
0.00037513	236.426	4.21494e-06	2.92687
0.00038356	254.783	4.21494e-06	3.45503
0.00039199	260.77	4.21494e-06	2.72549
0.00040042	270.204	4.21494e-06	2.9693
0.000408849	281.777	4.21494e-06	2.89193
0.000417279	289.376	4.21494e-06	3.1758
0.000425709	300.971	4.21494e-06	3.26338
0.000434139	316.033	4.21494e-06	3.37209
0.000442569	323.849	4.21494e-06	3.23448
0.000450999	331.722	4.21494e-06	3.04569
0.000459429	342.669	4.21494e-06	3.51242
0.000467859	364.528	4.21494e-06	4.19582
0.000476289	376.482	4.21494e-06	3.8929
0.000484718	384.941	4.21494e-06	3.97351
0.000493148	394.087	4.21494e-06	3.4779
0.000501578	419.772	4.21494e-06	8.62841
0.000510008	420.847	4.21494e-06	3.64311
0.000518438	435.958	4.21494e-06	3.6926
0.000526868	443.563	4.21494e-06	4.02554
0.000535298	454.863	4.21494e-06	4.0185
0.000543728	473.887	4.21494e-06	5.46551
0.000552158	482.241	4.21494e-06	3.78466
0.000560587	489.052	4.21494e-06	3.60061
0.000569017	500.609	4.21494e-06	3.73271
0.000577447	518.293	4.21494e-06	4.66117
0.000585877	532.697	4.21494e-06	4.48503
0.000594307	540.969	4.21494e-06	3.64843
0.000602737	548.661	4.21494e-06	3.78046
0.000611167	567.688	4.21494e-06	4.44277
0.000619597	585.631	4.21494e-06	7.08104
0.000628026	595.674	4.21494e-06	4.81591
0.000636456	590.408	4.21494e-06	3.90135
0.000644886	615.337	4.21494e-06	4.78957
0.000653316	627.621	4.21494e-06	3.95993
0.000661746	637.426	4.21494e-06	4.1921
0.000670176	642.187	4.21494e-06	4.01663
0.000678606	661.272	4.21494e-06	4.25681
0.000687036	670.313	4.21494e-06	4.48912
0.000695466	678.978	4.21494e-06	4.01885
0.000703895	697.854	4.21494e-06	6.6247
0.000712325	702.64	4.21494e-06	4.31121
0.000720755	708.08	4.21494e-06	5.54819
0.000729185	720.862	4.21494e-06	4.42641
0.000737615	722.538	4.21494e-06	4.20228
0.000746045	739.663	4.21494e-06	4.46632
0.000754475	748.729	4.21494e-06	4.60231
0.000762905	761.279	4.21494e-06	4.44003
0.000771335	781.617	4.21494e-06	5.52953
0.000779764	785.389	4.21494e-06	4.60961
0.000788194	783.645	4.21494e-06	4.3302
0.000796624	793.636	4.21494e-06	4.40108
0.000805054	812.971	4.21494e-06	5.01826
0.000813484	815.055	4.21494e-06	4.18355
0.000821914	823.527	4.21494e-06	5.00262
0.000830344	815.285	4.21494e-06	4.2704
0.000838774	832.18	4.21494e-06	4.37731
0.000847204	833.15	4.21494e-06	4.44378
0.000855633	844.351	4.21494e-06	4.29032
0.000864063	859.621	4.21494e-06	5.23465
0.000872493	867.631	4.21494e-06	4.46498
0.000880923	868.518	4.21494e-06	4.45871
0.000889353	872.856	4.21494e-06	5.04184
0.000897783	873.519	4.21494e-06	4.44223
0.000906213	892.417	4.21494e-06	6.52739
0.000914643	893.587	4.21494e-06	6.88101
0.000923072	901.62	4.21494e-06	9.35274
0.000931502	886.993	4.21494e-06	4.24342
0.000939932	900.911	4.21494e-06	5.03229
0.000948362	906.06	4.21494e-06	5.89601
0.000956792	915.827	4.21494e-06	4.90955
0.000965222	914.222	4.21494e-06	4.83813
0.000973652	918.846	4.21494e-06	5.47728
0.000982082	913.202	4.21494e-06	4.38217
0.000990512	913.34	4.21494e-06	4.46706
0.000998941	922.181	4.21494e-06	4.46111
0.00100737	924.578	4.21494e-06	4.49305
0.0010158	918.999	4.21494e-06	4.44251
0.00102423	922.347	4.21494e-06	4.18208
0.00103266	914.943	4.21494e-06	4.42789
0.00104109	919.177	4.21494e-06	4.21844
0.00104952	923.887	4.21494e-06	4.35077
0.00105795	926.993	4.21494e-06	4.304
0.00106638	918.788	4.21494e-06	5.7743
0.00107481	917.258	4.21494e-06	4.23717
0.00108324	903.155	4.21494e-06	4.26443
0.00109167	912.583	4.21494e-06	4.21792
0.0011001	910.836	4.21494e-06	3.94405
0.00110853	915.32	4.21494e-06	4.74819
0.00111696	908.014	4.21494e-06	5.09399
0.00112539	902.533	4.21494e-06	4.31191
0.00113382	899.878	4.21494e-06	4.10498
0.00114225	900.881	4.21494e-06	4.92637
0.00115068	886.123	4.21494e-06	3.9844
0.00115911	881.716	4.21494e-06	4.05185
0.00116754	884.245	4.21494e-06	4.17892
0.00117597	875.098	4.21494e-06	4.18758
0.0011844	871.075	4.21494e-06	5.15087
0.00119283	866.857	4.21494e-06	3.92915
0.00120126	863.063	4.21494e-06	4.00846
0.00120969	857.844	4.21494e-06	3.88351
0.00121812	846.933	4.21494e-06	4.01117
0.00122655	839.134	4.21494e-06	3.78972
0.00123498	835.77	4.21494e-06	3.89223
0.00124341	848.668	4.21494e-06	12.7589
0.00125184	829.422	4.21494e-06	5.0651
0.00126027	818.019	4.21494e-06	3.68933
0.0012687	813.232	4.21494e-06	3.92509
0.00127713	803.452	4.21494e-06	3.61007
0.00128556	798.526	4.21494e-06	3.5775
0.00129399	790.692	4.21494e-06	3.80983
0.00130242	777.167	4.21494e-06	3.6886
0.00131085	772.694	4.21494e-06	3.90652
0.00131928	761.092	4.21494e-06	3.73545
0.00132771	751.202	4.21494e-06	3.64648
0.00133614	746.532	4.21494e-06	3.49516
0.00134457	734.948	4.21494e-06	3.67396
0.001353	722.232	4.21494e-06	3.56216
0.00136143	717.193	4.21494e-06	3.4534
0.00136986	708.786	4.21494e-06	3.46515
0.00137829	700.27	4.21494e-06	3.64726
0.00138672	688.805	4.21494e-06	3.34903
0.00139515	683.547	4.21494e-06	3.62944
0.00140358	668.376	4.21494e-06	3.27132
0.00141201	676.868	4.21494e-06	3.85332
0.00142044	647.767	4.21494e-06	3.18949
0.00142887	642.047	4.21494e-06	3.23233
0.0014373	633.049	4.21494e-06	3.20465
0.00144573	621.977	4.21494e-06	3.15233
0.00145416	616.626	4.21494e-06	3.1571
0.00146259	603.197	4.21494e-06	3.16337
0.00147102	593.395	4.21494e-06	4.18732
0.00147944	584.816	4.21494e-06	2.9397
0.00148787	575.24	4.21494e-06	3.19123
0.0014963	565.063	4.21494e-06	2.89211
0.00150473	557.386	4.21494e-06	2.92634
0.00151316	541.695	4.21494e-06	3.01749
0.00152159	531.704	4.21494e-06	2.82619
0.00153002	523.981	4.21494e-06	2.98195
0.00153845	515.683	4.21494e-06	2.9568
0.00154688	503.801	4.21494e-06	3.20841
0.00155531	492.154	4.21494e-06	2.64227
0.00156374	483.032	4.21494e-06	2.64897
0.00157217	472.062	4.21494e-06	2.60243
0.0015806	464.399	4.21494e-06	2.53503
0.00158903	462.109	4.21494e-06	2.64419
0.00159746	447.194	4.21494e-06	2.47846
0.00160589	434.589	4.21494e-06	2.45649
0.00161432	425.374	4.21494e-06	2.41654
0.00162275	418.317	4.21494e-06	2.50745
0.00163118	404.085	4.21494e-06	2.2829
0.00163961	392.436	4.21494e-06	2.26437
0.00164804	389.405	4.21494e-06	2.35879
0.00165647	380.236	4.21494e-06	2.36274
0.0016649	370.812	4.21494e-06	2.21155
0.00167333	361.281	4.21494e-06	2.12017
0.00168176	349.511	4.21494e-06	2.11098
0.00169019	348.291	4.21494e-06	2.13213
0.00169862	338.141	4.21494e-06	2.15969
0.00170705	330.085	4.21494e-06	2.14453
0.00171548	320.383	4.21494e-06	2.05635
0.00172391	313.932	4.21494e-06	2.42603
0.00173234	305.862	4.21494e-06	3.49876
0.00174077	298.269	4.21494e-06	2.07041
0.0017492	289.309	4.21494e-06	2.14857
0.00175763	280.024	4.21494e-06	1.94087
0.00176606	277.067	4.21494e-06	1.89286
0.00177449	267.992	4.21494e-06	1.8521
0.00178292	256.471	4.21494e-06	1.87123
0.00179135	249.723	4.21494e-06	1.77324
0.00179978	243.954	4.21494e-06	1.69829
0.00180821	237.367	4.21494e-06	1.68499
0.00181664	232.041	4.21494e-06	1.70133
0.00182507	225.108	4.21494e-06	1.65567
0.0018335	220.091	4.21494e-06	1.63617
0.00184193	208.794	4.21494e-06	1.56253
0.00185036	205.062	4.21494e-06	1.5761
0.00185879	194.653	4.21494e-06	1.52956
0.00186722	193.037	4.21494e-06	1.50014
0.00187565	188.012	4.21494e-06	1.50036
0.00188408	181.243	4.21494e-06	1.47752
0.00189251	173.097	4.21494e-06	1.41693
0.00190094	170.224	4.21494e-06	1.4005
0.00190937	163.707	4.21494e-06	1.38263
0.0019178	158.696	4.21494e-06	1.3473
0.00192623	152.279	4.21494e-06	1.30811
0.00193466	148.656	4.21494e-06	1.29987
0.00194309	143.556	4.21494e-06	1.27741
0.00195152	138.286	4.21494e-06	1.2452
0.00195995	133.191	4.21494e-06	1.21859
0.00196838	132.79	4.21494e-06	2.48634
0.00197681	125.771	4.21494e-06	1.18406
0.00198524	120.555	4.21494e-06	1.16082
0.00199367	117.071	4.21494e-06	1.13648
0.0020021	111.507	4.21494e-06	1.11296
0.00201053	108.251	4.21494e-06	1.09598
0.00201896	102.238	4.21494e-06	1.05407
0.00202739	99.7874	4.21494e-06	1.04727
0.00203582	96.8093	4.21494e-06	1.02766
0.00204425	93.0873	4.21494e-06	1.00967
0.00205268	89.3085	4.21494e-06	0.980767
0.00206111	85.1852	4.21494e-06	0.960516
0.00206954	82.6134	4.21494e-06	0.946626
0.00207797	80.5405	4.21494e-06	0.929119
0.0020864	76.0052	4.21494e-06	0.903196
0.00209483	74.3034	4.21494e-06	0.893087
0.00210326	70.1935	4.21494e-06	0.864271
0.00211169	67.4594	4.21494e-06	0.856788
0.00212012	64.8534	4.21494e-06	0.829423
0.00212855	62.4181	4.21494e-06	0.817562
0.00213698	59.052	4.21494e-06	0.783452
0.00214541	55.7193	4.21494e-06	0.769408
0.00215384	53.9625	4.21494e-06	0.751445
0.00216227	52.1869	4.21494e-06	0.735994
0.0021707	49.2708	4.21494e-06	0.714433
0.00217913	49.7275	4.21494e-06	0.719344
0.00218756	45.0739	4.21494e-06	0.679618
0.00219599	43.3485	4.21494e-06	0.677372
0.00220442	41.0728	4.21494e-06	0.650474
0.00221285	38.5543	4.21494e-06	0.627074
0.00222127	37.3962	4.21494e-06	0.620336
0.0022297	35.7151	4.21494e-06	0.607435
0.00223813	33.5736	4.21494e-06	0.577345
0.00224656	32.2757	4.21494e-06	0.570442
0.00225499	30.7751	4.21494e-06	0.559923
0.00226342	29.1181	4.21494e-06	0.543429
0.00227185	27.2095	4.21494e-06	0.520093
0.00228028	26.0125	4.21494e-06	0.507287
0.00228871	24.9954	4.21494e-06	0.498506
0.00229714	23.4208	4.21494e-06	0.488816
0.00230557	21.6741	4.21494e-06	0.46751
0.002314	21.3992	4.21494e-06	0.462049
0.00232243	19.4619	4.21494e-06	0.43907
0.00233086	18.8088	4.21494e-06	0.432233
0.00233929	17.7013	4.21494e-06	0.415672
0.00234772	16.4602	4.21494e-06	0.399469
0.00235615	15.4082	4.21494e-06	0.38527
0.00236458	14.7821	4.21494e-06	0.382555
0.00237301	13.7675	4.21494e-06	0.361417
0.00238144	12.5733	4.21494e-06	0.347776
0.00238987	11.8229	4.21494e-06	0.338442
0.0023983	10.7753	4.21494e-06	0.319023
0.00240673	10.0895	4.21494e-06	0.309172
0.00241516	9.12809	4.21494e-06	0.2985
0.00242359	8.86427	4.21494e-06	0.299934
0.00243202	7.73728	4.21494e-06	0.273896
0.00244045	7.93791	4.21494e-06	0.271758
0.00244888	6.27688	4.21494e-06	0.23886
0.00245731	6.03131	4.21494e-06	0.235268
0.00246574	5.77141	4.21494e-06	0.228004
0.00247417	5.20975	4.21494e-06	0.221286
0.0024826	4.21221	4.21494e-06	0.194151
0.00249103	3.85439	4.21494e-06	0.188617
0.00249946	3.77994	4.21494e-06	0.183283
0.00250789	3.12029	4.21494e-06	0.165239
0.00251632	2.51439	4.21494e-06	0.147955
0.00252475	2.23795	4.21494e-06	0.139238
0.00253318	1.76615	4.21494e-06	0.123564
0.00254161	1.34758	4.21494e-06	0.107634
0.00255004	1.19243	4.21494e-06	0.101212
0.00255847	1.03919	4.21494e-06	0.0941313
0.0025669	0.592271	4.21494e-06	0.0708069
0.00257533	0.287911	4.21494e-06	0.0493839
0.00258376	0.0254752	4.21494e-06	0.0147087
