4.21494e-06	0.0206159	4.21494e-06	0.0119118
1.26448e-05	0.30475	4.21494e-06	0.0724061
2.10747e-05	0.688364	4.21494e-06	0.105429
2.95046e-05	1.35935	4.21494e-06	0.177084
3.79345e-05	2.30901	4.21494e-06	0.205253
4.63644e-05	3.87113	4.21494e-06	0.46992
5.47943e-05	5.1504	4.21494e-06	0.347729
6.32241e-05	6.46087	4.21494e-06	0.369726
7.1654e-05	8.75923	4.21494e-06	0.417647
8.00839e-05	10.576	4.21494e-06	0.744941
8.85138e-05	13.2043	4.21494e-06	0.712282
9.69437e-05	15.5481	4.21494e-06	0.754714
0.000105374	17.7173	4.21494e-06	0.725837
0.000113803	24.3403	4.21494e-06	1.64493
0.000122233	25.4502	4.21494e-06	0.8982
0.000130663	27.9126	4.21494e-06	0.808908
0.000139093	32.7565	4.21494e-06	1.13128
0.000147523	37.7232	4.21494e-06	1.13843
0.000155953	40.9906	4.21494e-06	1.18904
0.000164383	45.6645	4.21494e-06	1.15191
0.000172813	49.4839	4.21494e-06	1.07763
0.000181243	56.3428	4.21494e-06	1.41762
0.000189672	61.2268	4.21494e-06	1.48983
0.000198102	69.1688	4.21494e-06	1.51396
0.000206532	73.7895	4.21494e-06	1.48827
0.000214962	79.1218	4.21494e-06	1.43664
0.000223392	82.8435	4.21494e-06	1.34361
0.000231822	93.8575	4.21494e-06	1.63679
0.000240252	101.689	4.21494e-06	2.10518
0.000248682	103.714	4.21494e-06	1.60135
0.000257112	112.061	4.21494e-06	1.7538
0.000265541	120.828	4.21494e-06	1.70955
0.000273971	124.03	4.21494e-06	1.76122
0.000282401	136.191	4.21494e-06	2.02264
0.000290831	145.062	4.21494e-06	2.86757
0.000299261	152.71	4.21494e-06	2.01304
0.000307691	160.208	4.21494e-06	2.09467
0.000316121	173.623	4.21494e-06	2.25342
0.000324551	181.326	4.21494e-06	3.83482
0.00033298	185.344	4.21494e-06	2.2791
0.00034141	203.004	4.21494e-06	2.91654
0.00034984	203.523	4.21494e-06	2.21329
0.00035827	219.444	4.21494e-06	3.38687
0.0003667	226.827	4.21494e-06	2.7403
0.00037513	238.774	4.21494e-06	3.21287
0.00038356	246.753	4.21494e-06	2.75038
0.00039199	252.644	4.21494e-06	2.58082
0.00040042	270.859	4.21494e-06	2.93638
0.000408849	277.928	4.21494e-06	2.7351
0.000417279	286.469	4.21494e-06	2.88702
0.000425709	296.926	4.21494e-06	3.01167
0.000434139	312.249	4.21494e-06	3.32087
0.000442569	317.222	4.21494e-06	2.90821
0.000450999	330.942	4.21494e-06	3.16514
0.000459429	342.386	4.21494e-06	3.02826
0.000467859	364.121	4.21494e-06	5.19102
0.000476289	366.965	4.21494e-06	3.20493
0.000484718	374.774	4.21494e-06	3.2778
0.000493148	388.223	4.21494e-06	3.50805
0.000501578	410.563	4.21494e-06	3.68113
0.000510008	418.294	4.21494e-06	3.48311
0.000518438	431.115	4.21494e-06	3.49814
0.000526868	433.803	4.21494e-06	3.74906
0.000535298	449.38	4.21494e-06	3.56202
0.000543728	464.181	4.21494e-06	4.2326
0.000552158	486.001	4.21494e-06	5.66316
0.000560587	487.597	4.21494e-06	3.98657
0.000569017	503.063	4.21494e-06	4.16055
0.000577447	515.335	4.21494e-06	4.89329
0.000585877	521.297	4.21494e-06	3.74393
0.000594307	535.212	4.21494e-06	4.59515
0.000602737	548.289	4.21494e-06	4.33578
0.000611167	562.843	4.21494e-06	6.17103
0.000619597	574.489	4.21494e-06	4.0564
0.000628026	584.707	4.21494e-06	4.53215
0.000636456	591.507	4.21494e-06	4.04241
0.000644886	606.319	4.21494e-06	4.28181
0.000653316	614.526	4.21494e-06	4.62271
0.000661746	632.961	4.21494e-06	4.53285
0.000670176	641.078	4.21494e-06	4.72437
0.000678606	646.868	4.21494e-06	4.09609
0.000687036	656.858	4.21494e-06	4.45573
0.000695466	674.023	4.21494e-06	5.31569
0.000703895	687.628	4.21494e-06	4.94323
0.000712325	694.467	4.21494e-06	4.68166
0.000720755	703.339	4.21494e-06	4.61153
0.000729185	723.32	4.21494e-06	5.53245
0.000737615	727.43	4.21494e-06	4.80768
0.000746045	745.272	4.21494e-06	5.3119
0.000754475	748.462	4.21494e-06	7.19985
0.000762905	757.499	4.21494e-06	5.39794
0.000771335	765.754	4.21494e-06	5.24145
0.000779764	776.595	4.21494e-06	7.22373
0.000788194	773.872	4.21494e-06	4.71354
0.000796624	815.324	4.21494e-06	16.3577
0.000805054	799.317	4.21494e-06	5.11665
0.000813484	806.316	4.21494e-06	4.9185
0.000821914	806.628	4.21494e-06	4.56046
0.000830344	828.251	4.21494e-06	5.73811
0.000838774	829.973	4.21494e-06	5.68449
0.000847204	841.895	4.21494e-06	5.14203
0.000855633	840.282	4.21494e-06	5.78094
0.000864063	856.488	4.21494e-06	5.25442
0.000872493	853.3	4.21494e-06	4.98822
0.000880923	873.272	4.21494e-06	6.59032
0.000889353	871.242	4.21494e-06	6.09415
0.000897783	876.914	4.21494e-06	5.00302
0.000906213	890.043	4.21494e-06	7.2725
0.000914643	885.775	4.21494e-06	4.97386
0.000923072	901.665	4.21494e-06	5.83138
0.000931502	884.786	4.21494e-06	4.96864
0.000939932	894.69	4.21494e-06	7.70911
0.000948362	902.252	4.21494e-06	5.95352
0.000956792	917.472	4.21494e-06	5.84984
0.000965222	909.999	4.21494e-06	6.76127
0.000973652	906.853	4.21494e-06	5.75814
0.000982082	911.023	4.21494e-06	5.34754
0.000990512	917.958	4.21494e-06	8.10472
0.000998941	921.914	4.21494e-06	5.98007
0.00100737	910.648	4.21494e-06	5.32566
0.0010158	916.059	4.21494e-06	4.93396
0.00102423	936.519	4.21494e-06	8.04436
0.00103266	920.902	4.21494e-06	5.19112
0.00104109	921.223	4.21494e-06	5.20484
0.00104952	924.468	4.21494e-06	5.46775
0.00105795	912.699	4.21494e-06	4.80653
0.00106638	909.444	4.21494e-06	5.12175
0.00107481	928.004	4.21494e-06	5.27427
0.00108324	906.805	4.21494e-06	5.26866
0.00109167	909.115	4.21494e-06	5.1353
0.0011001	909.333	4.21494e-06	5.43972
0.00110853	905.302	4.21494e-06	5.11452
0.00111696	909.93	4.21494e-06	5.44038
0.00112539	901.962	4.21494e-06	5.12785
0.00113382	897.67	4.21494e-06	5.25095
0.00114225	901.629	4.21494e-06	6.42122
0.00115068	895.597	4.21494e-06	5.52368
0.00115911	883.198	4.21494e-06	5.18651
0.00116754	878.274	4.21494e-06	4.66611
0.00117597	898.15	4.21494e-06	7.24623
0.0011844	877.661	4.21494e-06	5.99512
0.00119283	867.789	4.21494e-06	4.85064
0.00120126	863.739	4.21494e-06	5.13932
0.00120969	861.425	4.21494e-06	5.71341
0.00121812	863.643	4.21494e-06	9.47019
0.00122655	841.848	4.21494e-06	4.93772
0.00123498	822.901	4.21494e-06	4.53643
0.00124341	834.351	4.21494e-06	4.91915
0.00125184	823.549	4.21494e-06	5.00522
0.00126027	813.262	4.21494e-06	4.71821
0.0012687	821.536	4.21494e-06	6.67809
0.00127713	795.622	4.21494e-06	4.6125
0.00128556	799.635	4.21494e-06	5.06604
0.00129399	790.807	4.21494e-06	5.09025
0.00130242	775.136	4.21494e-06	4.72834
0.00131085	779.468	4.21494e-06	6.59575
0.00131928	761.3	4.21494e-06	5.18555
0.00132771	754.051	4.21494e-06	4.75432
0.00133614	744.936	4.21494e-06	4.32146
0.00134457	735.625	4.21494e-06	4.40263
0.001353	730.313	4.21494e-06	4.5715
0.00136143	721.613	4.21494e-06	5.20747
0.00136986	705.477	4.21494e-06	4.26023
0.00137829	699.641	4.21494e-06	4.52203
0.00138672	694.806	4.21494e-06	5.13633
0.00139515	681.604	4.21494e-06	5.63226
0.00140358	683.333	4.21494e-06	4.92453
0.00141201	664.221	4.21494e-06	4.29198
0.00142044	649.917	4.21494e-06	4.0565
0.00142887	639.737	4.21494e-06	4.29379
0.0014373	630.686	4.21494e-06	4.03497
0.00144573	615.2	4.21494e-06	3.80902
0.00145416	614.324	4.21494e-06	4.18255
0.00146259	614.383	4.21494e-06	4.99585
0.00147102	591.031	4.21494e-06	3.74239
0.00147944	592.24	4.21494e-06	4.74311
0.00148787	570.853	4.21494e-06	3.73552
0.0014963	568.158	4.21494e-06	4.03433
0.00150473	553.464	4.21494e-06	4.73582
0.00151316	549.228	4.21494e-06	3.94841
0.00152159	535.189	4.21494e-06	3.64929
0.00153002	525.487	4.21494e-06	3.67357
0.00153845	517.158	4.21494e-06	3.74873
0.00154688	505.426	4.21494e-06	3.57213
0.00155531	503.875	4.21494e-06	4.41133
0.00156374	482.429	4.21494e-06	3.40691
0.00157217	475.643	4.21494e-06	3.54339
0.0015806	469.811	4.21494e-06	3.78863
0.00158903	459.778	4.21494e-06	3.65173
0.00159746	446.625	4.21494e-06	3.90787
0.00160589	445.581	4.21494e-06	4.01096
0.00161432	431.518	4.21494e-06	3.38414
0.00162275	419.978	4.21494e-06	3.27343
0.00163118	425.495	4.21494e-06	8.73801
0.00163961	404.544	4.21494e-06	4.04993
0.00164804	397.137	4.21494e-06	3.60239
0.00165647	386.351	4.21494e-06	5.06156
0.0016649	375.858	4.21494e-06	3.46773
0.00167333	362.883	4.21494e-06	2.9972
0.00168176	356.809	4.21494e-06	3.50662
0.00169019	352.754	4.21494e-06	3.36703
0.00169862	339.768	4.21494e-06	2.86283
0.00170705	332.558	4.21494e-06	3.21146
0.00171548	321.028	4.21494e-06	2.95636
0.00172391	317.653	4.21494e-06	3.75928
0.00173234	306.695	4.21494e-06	3.2112
0.00174077	301.3	4.21494e-06	2.90211
0.0017492	292.083	4.21494e-06	2.77095
0.00175763	277.926	4.21494e-06	2.41961
0.00176606	275.04	4.21494e-06	2.78793
0.00177449	270.22	4.21494e-06	2.70193
0.00178292	261.516	4.21494e-06	2.67158
0.00179135	251.061	4.21494e-06	2.60054
0.00179978	245.473	4.21494e-06	2.55147
0.00180821	238.923	4.21494e-06	2.19099
0.00181664	237.76	4.21494e-06	3.55903
0.00182507	230.926	4.21494e-06	3.55113
0.0018335	227.638	4.21494e-06	7.02049
0.00184193	210.998	4.21494e-06	2.21088
0.00185036	208.919	4.21494e-06	2.44428
0.00185879	200.29	4.21494e-06	2.69136
0.00186722	194.25	4.21494e-06	2.50039
0.00187565	192.11	4.21494e-06	2.21301
0.00188408	180.561	4.21494e-06	2.09896
0.00189251	177.246	4.21494e-06	2.22202
0.00190094	173.965	4.21494e-06	2.28279
0.00190937	166.055	4.21494e-06	2.00803
0.0019178	164.709	4.21494e-06	2.04769
0.00192623	154.813	4.21494e-06	1.94138
0.00193466	152.255	4.21494e-06	1.86662
0.00194309	148.93	4.21494e-06	1.97438
0.00195152	142.914	4.21494e-06	1.85874
0.00195995	140.069	4.21494e-06	3.07841
0.00196838	129.445	4.21494e-06	1.74344
0.00197681	126.467	4.21494e-06	1.79303
0.00198524	125.115	4.21494e-06	2.13916
0.00199367	118.501	4.21494e-06	2.14911
0.0020021	116.781	4.21494e-06	2.06587
0.00201053	107.947	4.21494e-06	1.53183
0.00201896	105.238	4.21494e-06	1.54749
0.00202739	101.248	4.21494e-06	1.51346
0.00203582	100.167	4.21494e-06	1.6756
0.00204425	94.7477	4.21494e-06	1.64743
0.00205268	92.9662	4.21494e-06	1.53849
0.00206111	85.122	4.21494e-06	1.27878
0.00206954	85.1273	4.21494e-06	1.73026
0.00207797	81.8833	4.21494e-06	1.49701
0.0020864	79.5274	4.21494e-06	1.4354
0.00209483	75.327	4.21494e-06	1.21709
0.00210326	68.9917	4.21494e-06	1.1175
0.00211169	70.2352	4.21494e-06	1.25935
0.00212012	63.0743	4.21494e-06	1.05998
0.00212855	60.0608	4.21494e-06	1.01525
0.00213698	61.5061	4.21494e-06	1.66148
0.00214541	57.7271	4.21494e-06	1.11014
0.00215384	56.1293	4.21494e-06	1.26781
0.00216227	53.1432	4.21494e-06	1.02921
0.0021707	51.6729	4.21494e-06	1.00308
0.00217913	48.2242	4.21494e-06	1.08867
0.00218756	46.5306	4.21494e-06	1.05799
0.00219599	42.9732	4.21494e-06	0.83669
0.00220442	40.4635	4.21494e-06	0.892329
0.00221285	40.6265	4.21494e-06	1.0802
0.00222127	36.8198	4.21494e-06	0.855279
0.0022297	34.8791	4.21494e-06	0.785091
0.00223813	35.6983	4.21494e-06	0.915661
0.00224656	33.6277	4.21494e-06	0.884816
0.00225499	31.3251	4.21494e-06	0.79916
0.00226342	29.1414	4.21494e-06	0.684599
0.00227185	28.525	4.21494e-06	0.808404
0.00228028	26.3876	4.21494e-06	0.67963
0.00228871	25.5384	4.21494e-06	0.718621
0.00229714	24.4286	4.21494e-06	0.678092
0.00230557	22.8505	4.21494e-06	0.628197
0.002314	21.089	4.21494e-06	0.564929
0.00232243	21.0305	4.21494e-06	0.637369
0.00233086	19.8637	4.21494e-06	0.598432
0.00233929	17.9163	4.21494e-06	0.521903
0.00234772	17.9321	4.21494e-06	0.634306
0.00235615	15.6422	4.21494e-06	0.546382
0.00236458	15.4661	4.21494e-06	0.6158
0.00237301	14.9871	4.21494e-06	0.482661
0.00238144	12.7761	4.21494e-06	0.430641
0.00238987	12.6724	4.21494e-06	0.427254
0.0023983	11.0262	4.21494e-06	0.503106
0.00240673	10.7989	4.21494e-06	0.407407
0.00241516	10.1014	4.21494e-06	0.374088
0.00242359	8.89591	4.21494e-06	0.358246
0.00243202	8.7757	4.21494e-06	0.350453
0.00244045	7.11114	4.21494e-06	0.302076
0.00244888	6.76081	4.21494e-06	0.294673
0.00245731	6.16802	4.21494e-06	0.2774
0.00246574	5.52136	4.21494e-06	0.261022
0.00247417	4.82942	4.21494e-06	0.244646
0.0024826	5.31491	4.21494e-06	0.257915
0.00249103	4.25588	4.21494e-06	0.235755
0.00249946	3.49907	4.21494e-06	0.201006
0.00250789	3.35512	4.21494e-06	0.200252
0.00251632	2.63589	4.21494e-06	0.177521
0.00252475	2.18309	4.21494e-06	0.162373
0.00253318	1.90946	4.21494e-06	0.150591
0.00254161	1.62743	4.21494e-06	0.138439
0.00255004	1.14835	4.21494e-06	0.113575
0.00255847	0.87371	4.21494e-06	0.0986279
0.0025669	0.563112	4.21494e-06	0.0777331
0.00257533	0.152182	4.21494e-06	0.040776
0.00258376	0.0222713	4.21494e-06	0.015754
