4.21494e-06	0.0295416	4.21494e-06	0.0149078
1.26448e-05	0.260732	4.21494e-06	0.069687
2.10747e-05	0.829208	4.21494e-06	0.126875
2.95046e-05	1.39923	4.21494e-06	0.160197
3.79345e-05	2.33586	4.21494e-06	0.221649
4.63644e-05	3.62716	4.21494e-06	0.247728
5.47943e-05	4.8545	4.21494e-06	0.283336
6.32241e-05	7.19912	4.21494e-06	0.387598
7.1654e-05	9.00271	4.21494e-06	0.505622
8.00839e-05	10.5575	4.21494e-06	0.448295
8.85138e-05	13.7244	4.21494e-06	0.584291
9.69437e-05	17.283	4.21494e-06	0.727157
0.000105374	19.5627	4.21494e-06	0.776914
0.000113803	22.6262	4.21494e-06	0.695266
0.000122233	26.4728	4.21494e-06	0.803916
0.000130663	29.5452	4.21494e-06	0.786103
0.000139093	33.3909	4.21494e-06	0.937042
0.000147523	37.9102	4.21494e-06	1.00748
0.000155953	42.7716	4.21494e-06	1.01127
0.000164383	47.8822	4.21494e-06	1.42682
0.000172813	53.3043	4.21494e-06	1.43752
0.000181243	56.8672	4.21494e-06	1.14251
0.000189672	62.6337	4.21494e-06	1.36524
0.000198102	67.8465	4.21494e-06	1.69081
0.000206532	74.9789	4.21494e-06	1.74704
0.000214962	80.7242	4.21494e-06	1.42515
0.000223392	83.0696	4.21494e-06	1.38516
0.000231822	92.1083	4.21494e-06	1.62822
0.000240252	103.159	4.21494e-06	1.93653
0.000248682	109.422	4.21494e-06	1.9956
0.000257112	119.399	4.21494e-06	2.69693
0.000265541	125.153	4.21494e-06	2.37636
0.000273971	127.524	4.21494e-06	2.03617
0.000282401	135.779	4.21494e-06	1.8974
0.000290831	145.774	4.21494e-06	3.3237
0.000299261	151.229	4.21494e-06	1.93145
0.000307691	159.85	4.21494e-06	1.88902
0.000316121	175.16	4.21494e-06	3.33581
0.000324551	180.697	4.21494e-06	2.19928
0.00033298	192.063	4.21494e-06	2.84076
0.00034141	198.964	4.21494e-06	2.49014
0.00034984	209.632	4.21494e-06	2.38959
0.00035827	220.899	4.21494e-06	2.73785
0.0003667	236.707	4.21494e-06	7.02951
0.00037513	239.161	4.21494e-06	2.75353
0.00038356	249.546	4.21494e-06	2.77938
0.00039199	258.527	4.21494e-06	3.00838
0.00040042	264.556	4.21494e-06	2.7118
0.000408849	286.341	4.21494e-06	3.19227
0.000417279	291.672	4.21494e-06	3.08911
0.000425709	306.722	4.21494e-06	3.70018
0.000434139	308.471	4.21494e-06	2.84696
0.000442569	328.787	4.21494e-06	4.05862
0.000450999	338.603	4.21494e-06	5.53894
0.000459429	341.374	4.21494e-06	3.13545
0.000467859	356.258	4.21494e-06	3.51581
0.000476289	374.931	4.21494e-06	4.99908
0.000484718	379.86	4.21494e-06	3.79679
0.000493148	394.238	4.21494e-06	3.88537
0.000501578	400.352	4.21494e-06	3.5503
0.000510008	425.086	4.21494e-06	4.8517
0.000518438	428.829	4.21494e-06	4.03268
0.000526868	440.359	4.21494e-06	3.9914
0.000535298	448.599	4.21494e-06	3.50892
0.000543728	457.539	4.21494e-06	3.68165
0.000552158	476.703	4.21494e-06	4.22628
0.000560587	482.651	4.21494e-06	4.09522
0.000569017	498.503	4.21494e-06	4.22056
0.000577447	511.853	4.21494e-06	4.07917
0.000585877	536.412	4.21494e-06	6.90539
0.000594307	536.076	4.21494e-06	4.27196
0.000602737	545.584	4.21494e-06	4.06498
0.000611167	557.976	4.21494e-06	4.7463
0.000619597	562.877	4.21494e-06	3.79047
0.000628026	590.91	4.21494e-06	4.79156
0.000636456	595.679	4.21494e-06	4.84755
0.000644886	604.285	4.21494e-06	4.33009
0.000653316	615.736	4.21494e-06	4.21258
0.000661746	631.764	4.21494e-06	7.26683
0.000670176	633.351	4.21494e-06	4.47246
0.000678606	654.966	4.21494e-06	5.26714
0.000687036	664.786	4.21494e-06	6.1164
0.000695466	668.935	4.21494e-06	4.825
0.000703895	686.545	4.21494e-06	5.696
0.000712325	689.419	4.21494e-06	4.95421
0.000720755	707.04	4.21494e-06	7.27705
0.000729185	708.291	4.21494e-06	4.43518
0.000737615	737.51	4.21494e-06	8.51245
0.000746045	745.344	4.21494e-06	8.48333
0.000754475	747.262	4.21494e-06	4.84438
0.000762905	747.985	4.21494e-06	4.84584
0.000771335	756.533	4.21494e-06	4.8474
0.000779764	771.471	4.21494e-06	4.62704
0.000788194	787.234	4.21494e-06	5.67218
0.000796624	789.719	4.21494e-06	4.85712
0.000805054	797.669	4.21494e-06	5.25171
0.000813484	803.84	4.21494e-06	6.57827
0.000821914	817.195	4.21494e-06	5.63147
0.000830344	811.606	4.21494e-06	5.11311
0.000838774	827.218	4.21494e-06	5.51734
0.000847204	829.879	4.21494e-06	5.54313
0.000855633	835.849	4.21494e-06	5.36884
0.000864063	850.038	4.21494e-06	5.79336
0.000872493	854.34	4.21494e-06	5.3877
0.000880923	864.519	4.21494e-06	5.71001
0.000889353	876.76	4.21494e-06	6.76345
0.000897783	865.542	4.21494e-06	5.50584
0.000906213	872.097	4.21494e-06	5.44349
0.000914643	871.48	4.21494e-06	5.14723
0.000923072	882.887	4.21494e-06	6.01497
0.000931502	897.015	4.21494e-06	6.48649
0.000939932	889.029	4.21494e-06	5.68472
0.000948362	896.797	4.21494e-06	5.48462
0.000956792	908.429	4.21494e-06	5.79
0.000965222	898.442	4.21494e-06	5.20727
0.000973652	917.655	4.21494e-06	6.33074
0.000982082	913.723	4.21494e-06	5.61177
0.000990512	919.739	4.21494e-06	6.3594
0.000998941	922.109	4.21494e-06	7.55087
0.00100737	916.259	4.21494e-06	5.96684
0.0010158	906.184	4.21494e-06	5.31853
0.00102423	928.767	4.21494e-06	7.04469
0.00103266	901.68	4.21494e-06	5.15461
0.00104109	909.859	4.21494e-06	5.05768
0.00104952	921.912	4.21494e-06	5.71617
0.00105795	921.934	4.21494e-06	6.34252
0.00106638	916.603	4.21494e-06	5.86447
0.00107481	920.479	4.21494e-06	6.8653
0.00108324	922.932	4.21494e-06	7.03118
0.00109167	916.222	4.21494e-06	6.17456
0.0011001	904.839	4.21494e-06	5.5542
0.00110853	915.621	4.21494e-06	5.59571
0.00111696	908.81	4.21494e-06	7.19551
0.00112539	899.898	4.21494e-06	5.45719
0.00113382	895.247	4.21494e-06	5.83822
0.00114225	886.582	4.21494e-06	5.21066
0.00115068	882.091	4.21494e-06	5.65169
0.00115911	882.672	4.21494e-06	5.78592
0.00116754	878.775	4.21494e-06	5.02387
0.00117597	864.425	4.21494e-06	4.97203
0.0011844	875.126	4.21494e-06	6.09033
0.00119283	873.684	4.21494e-06	6.24699
0.00120126	863.13	4.21494e-06	7.07856
0.00120969	857.791	4.21494e-06	6.09032
0.00121812	843.901	4.21494e-06	5.20168
0.00122655	844.493	4.21494e-06	5.34822
0.00123498	834.206	4.21494e-06	5.29661
0.00124341	834.544	4.21494e-06	6.47353
0.00125184	824.191	4.21494e-06	5.62011
0.00126027	820.924	4.21494e-06	6.51438
0.0012687	809.265	4.21494e-06	5.78016
0.00127713	801.437	4.21494e-06	6.39101
0.00128556	805.385	4.21494e-06	5.64572
0.00129399	788.569	4.21494e-06	4.84647
0.00130242	776.748	4.21494e-06	5.32814
0.00131085	778.361	4.21494e-06	8.89803
0.00131928	763.584	4.21494e-06	5.58818
0.00132771	751.478	4.21494e-06	5.04593
0.00133614	751.221	4.21494e-06	6.22169
0.00134457	744.609	4.21494e-06	6.86228
0.001353	725.278	4.21494e-06	5.25808
0.00136143	716.949	4.21494e-06	5.29186
0.00136986	714.069	4.21494e-06	5.60449
0.00137829	708.365	4.21494e-06	5.98256
0.00138672	694.729	4.21494e-06	4.7064
0.00139515	675.535	4.21494e-06	4.73759
0.00140358	675.571	4.21494e-06	4.85398
0.00141201	657.971	4.21494e-06	4.67985
0.00142044	672.839	4.21494e-06	7.13254
0.00142887	650.621	4.21494e-06	5.64686
0.0014373	641.773	4.21494e-06	4.52289
0.00144573	615.585	4.21494e-06	4.34319
0.00145416	613.148	4.21494e-06	4.59865
0.00146259	608.817	4.21494e-06	7.54384
0.00147102	594.487	4.21494e-06	4.27603
0.00147944	583.224	4.21494e-06	4.46771
0.00148787	582.606	4.21494e-06	5.06514
0.0014963	561.225	4.21494e-06	4.05377
0.00150473	561.632	4.21494e-06	4.34758
0.00151316	536.259	4.21494e-06	3.94273
0.00152159	534.66	4.21494e-06	3.94882
0.00153002	537.093	4.21494e-06	4.75668
0.00153845	521.048	4.21494e-06	6.36526
0.00154688	508.342	4.21494e-06	4.06008
0.00155531	500.831	4.21494e-06	4.46182
0.00156374	494.133	4.21494e-06	4.21823
0.00157217	478.737	4.21494e-06	4.1265
0.0015806	461.657	4.21494e-06	3.63828
0.00158903	455.526	4.21494e-06	4.0694
0.00159746	449.311	4.21494e-06	3.94008
0.00160589	450.69	4.21494e-06	4.95868
0.00161432	429.737	4.21494e-06	3.69088
0.00162275	426.203	4.21494e-06	4.30645
0.00163118	412.187	4.21494e-06	4.08115
0.00163961	399.418	4.21494e-06	3.42777
0.00164804	396.549	4.21494e-06	3.80906
0.00165647	386.668	4.21494e-06	4.52092
0.0016649	376.805	4.21494e-06	3.81153
0.00167333	367.757	4.21494e-06	3.57382
0.00168176	356.452	4.21494e-06	3.53065
0.00169019	349.346	4.21494e-06	4.23378
0.00169862	342.163	4.21494e-06	3.30619
0.00170705	329.657	4.21494e-06	3.61415
0.00171548	326.445	4.21494e-06	4.81032
0.00172391	324.749	4.21494e-06	6.82031
0.00173234	309.761	4.21494e-06	3.55918
0.00174077	308.778	4.21494e-06	4.01954
0.0017492	293.424	4.21494e-06	3.90806
0.00175763	284.989	4.21494e-06	3.01194
0.00176606	279.146	4.21494e-06	3.14192
0.00177449	270.845	4.21494e-06	3.55748
0.00178292	264.283	4.21494e-06	3.27101
0.00179135	253.797	4.21494e-06	2.95863
0.00179978	247.302	4.21494e-06	3.48623
0.00180821	237.206	4.21494e-06	2.71115
0.00181664	231.169	4.21494e-06	2.93596
0.00182507	229.515	4.21494e-06	3.85735
0.0018335	221.177	4.21494e-06	2.76658
0.00184193	216.299	4.21494e-06	2.95934
0.00185036	209.37	4.21494e-06	3.0878
0.00185879	205.136	4.21494e-06	2.82129
0.00186722	191.825	4.21494e-06	2.38006
0.00187565	186.981	4.21494e-06	2.44912
0.00188408	185.289	4.21494e-06	2.60274
0.00189251	178.696	4.21494e-06	2.34752
0.00190094	169.803	4.21494e-06	2.26776
0.00190937	163.387	4.21494e-06	2.15715
0.0019178	163.334	4.21494e-06	2.33883
0.00192623	155.827	4.21494e-06	2.33384
0.00193466	153.177	4.21494e-06	2.17271
0.00194309	152.275	4.21494e-06	2.64597
0.00195152	144.628	4.21494e-06	2.78065
0.00195995	140.916	4.21494e-06	2.21688
0.00196838	137.334	4.21494e-06	2.57873
0.00197681	129.614	4.21494e-06	2.06316
0.00198524	128.11	4.21494e-06	3.62371
0.00199367	117.787	4.21494e-06	1.79928
0.0020021	114.427	4.21494e-06	1.95154
0.00201053	112.148	4.21494e-06	1.97346
0.00201896	110.82	4.21494e-06	2.05953
0.00202739	102.233	4.21494e-06	1.8004
0.00203582	99.1923	4.21494e-06	2.52277
0.00204425	94.2997	4.21494e-06	1.55003
0.00205268	92.4614	4.21494e-06	2.4275
0.00206111	87.7006	4.21494e-06	1.54695
0.00206954	83.7511	4.21494e-06	1.49003
0.00207797	83.241	4.21494e-06	1.78863
0.0020864	80.2182	4.21494e-06	1.84419
0.00209483	73.9765	4.21494e-06	1.54827
0.00210326	72.1075	4.21494e-06	1.45251
0.00211169	68.2176	4.21494e-06	1.34943
0.00212012	65.7612	4.21494e-06	1.52131
0.00212855	68.4197	4.21494e-06	4.29056
0.00213698	62.1505	4.21494e-06	1.5031
0.00214541	58.7675	4.21494e-06	1.26414
0.00215384	54.6409	4.21494e-06	1.26309
0.00216227	54.5986	4.21494e-06	1.48734
0.0021707	53.0733	4.21494e-06	1.58235
0.00217913	48.1701	4.21494e-06	1.18271
0.00218756	47.4711	4.21494e-06	1.18269
0.00219599	44.6964	4.21494e-06	1.14149
0.00220442	43.1301	4.21494e-06	1.21224
0.00221285	40.6858	4.21494e-06	1.12611
0.00222127	37.676	4.21494e-06	1.02589
0.0022297	37.2748	4.21494e-06	1.10616
0.00223813	33.0789	4.21494e-06	0.866212
0.00224656	33.2877	4.21494e-06	1.28738
0.00225499	33.8834	4.21494e-06	1.65744
0.00226342	29.923	4.21494e-06	0.843361
0.00227185	29.3619	4.21494e-06	1.25998
0.00228028	29.69	4.21494e-06	1.50831
0.00228871	27.1691	4.21494e-06	0.969903
0.00229714	24.4719	4.21494e-06	0.944492
0.00230557	23.8634	4.21494e-06	0.842982
0.002314	21.5454	4.21494e-06	0.727561
0.00232243	21.5335	4.21494e-06	0.862083
0.00233086	19.0104	4.21494e-06	0.729789
0.00233929	18.535	4.21494e-06	0.770405
0.00234772	15.6135	4.21494e-06	0.614731
0.00235615	16.6188	4.21494e-06	0.868823
0.00236458	15.9229	4.21494e-06	0.876543
0.00237301	13.5832	4.21494e-06	0.601975
0.00238144	12.3778	4.21494e-06	0.622638
0.00238987	11.3884	4.21494e-06	0.453518
0.0023983	11.2715	4.21494e-06	0.529196
0.00240673	9.58193	4.21494e-06	0.455304
0.00241516	10.3983	4.21494e-06	0.656049
0.00242359	9.34806	4.21494e-06	0.564326
0.00243202	8.24601	4.21494e-06	0.441467
0.00244045	7.62414	4.21494e-06	0.528133
0.00244888	7.06522	4.21494e-06	0.379548
0.00245731	7.07924	4.21494e-06	0.47344
0.00246574	6.2559	4.21494e-06	0.391949
0.00247417	5.43795	4.21494e-06	0.406108
0.0024826	4.83309	4.21494e-06	0.398567
0.00249103	3.93465	4.21494e-06	0.263519
0.00249946	3.558	4.21494e-06	0.261706
0.00250789	3.40342	4.21494e-06	0.25725
0.00251632	2.71186	4.21494e-06	0.221089
0.00252475	2.51349	4.21494e-06	0.209972
0.00253318	2.02629	4.21494e-06	0.184732
0.00254161	1.28025	4.21494e-06	0.144814
0.00255004	1.23882	4.21494e-06	0.143174
0.00255847	0.889723	4.21494e-06	0.117044
0.0025669	0.619628	4.21494e-06	0.0964494
0.00257533	0.319015	4.21494e-06	0.0704843
0.00258376	0.028328	4.21494e-06	0.0200432
