4.21494e-06	0.0254348	4.21494e-06	0.0146976
1.26448e-05	0.224815	4.21494e-06	0.0593517
2.10747e-05	0.783628	4.21494e-06	0.161877
2.95046e-05	1.52064	4.21494e-06	0.22811
3.79345e-05	2.20546	4.21494e-06	0.22887
4.63644e-05	3.71761	4.21494e-06	0.331742
5.47943e-05	4.73345	4.21494e-06	0.307457
6.32241e-05	6.59381	4.21494e-06	0.504098
7.1654e-05	8.69381	4.21494e-06	0.415413
8.00839e-05	10.3744	4.21494e-06	0.522588
8.85138e-05	12.8986	4.21494e-06	0.570078
9.69437e-05	16.6302	4.21494e-06	1.06954
0.000105374	19.6512	4.21494e-06	0.787873
0.000113803	22.9041	4.21494e-06	1.035
0.000122233	24.3017	4.21494e-06	0.717429
0.000130663	28.0575	4.21494e-06	0.870534
0.000139093	33.5153	4.21494e-06	0.967597
0.000147523	37.3692	4.21494e-06	1.46508
0.000155953	41.7915	4.21494e-06	1.13492
0.000164383	48.5437	4.21494e-06	1.87326
0.000172813	49.2361	4.21494e-06	1.42113
0.000181243	57.0471	4.21494e-06	1.5259
0.000189672	62.1922	4.21494e-06	1.54841
0.000198102	66.1718	4.21494e-06	1.38039
0.000206532	74.5133	4.21494e-06	1.48963
0.000214962	76.8422	4.21494e-06	1.53189
0.000223392	82.8211	4.21494e-06	1.49005
0.000231822	91.4374	4.21494e-06	1.73108
0.000240252	103.185	4.21494e-06	2.72508
0.000248682	108.775	4.21494e-06	3.4454
0.000257112	115.294	4.21494e-06	1.98128
0.000265541	123.02	4.21494e-06	2.05848
0.000273971	126.242	4.21494e-06	1.78496
0.000282401	134.801	4.21494e-06	1.96376
0.000290831	142.188	4.21494e-06	1.99975
0.000299261	148.246	4.21494e-06	2.03262
0.000307691	162.719	4.21494e-06	2.49741
0.000316121	174.863	4.21494e-06	3.6134
0.000324551	181.636	4.21494e-06	3.20993
0.00033298	186.734	4.21494e-06	2.36528
0.00034141	200.675	4.21494e-06	2.4839
0.00034984	207.616	4.21494e-06	2.45479
0.00035827	227.886	4.21494e-06	8.73118
0.0003667	234.111	4.21494e-06	3.48906
0.00037513	241.456	4.21494e-06	3.56348
0.00038356	254.215	4.21494e-06	4.26352
0.00039199	247.587	4.21494e-06	2.55615
0.00040042	272.151	4.21494e-06	2.91862
0.000408849	279.479	4.21494e-06	2.88161
0.000417279	285.826	4.21494e-06	2.88278
0.000425709	295.142	4.21494e-06	2.87754
0.000434139	314.435	4.21494e-06	3.39472
0.000442569	337.718	4.21494e-06	10.1772
0.000450999	336.371	4.21494e-06	3.28352
0.000459429	343.851	4.21494e-06	3.40552
0.000467859	359.576	4.21494e-06	3.47181
0.000476289	367.483	4.21494e-06	3.10232
0.000484718	388.14	4.21494e-06	3.72903
0.000493148	415.271	4.21494e-06	19.9325
0.000501578	400.303	4.21494e-06	3.22397
0.000510008	420.911	4.21494e-06	3.68126
0.000518438	433.024	4.21494e-06	5.21213
0.000526868	438.247	4.21494e-06	4.26637
0.000535298	456.254	4.21494e-06	4.29955
0.000543728	466.922	4.21494e-06	4.10023
0.000552158	476.741	4.21494e-06	3.62856
0.000560587	490.785	4.21494e-06	4.18135
0.000569017	492.088	4.21494e-06	3.57967
0.000577447	517.142	4.21494e-06	4.47332
0.000585877	518.809	4.21494e-06	4.21764
0.000594307	533.617	4.21494e-06	4.82207
0.000602737	547.696	4.21494e-06	4.6645
0.000611167	563.902	4.21494e-06	7.16156
0.000619597	572.574	4.21494e-06	4.44985
0.000628026	587.913	4.21494e-06	5.42262
0.000636456	604.952	4.21494e-06	4.81627
0.000644886	602.903	4.21494e-06	4.06759
0.000653316	613.744	4.21494e-06	4.31169
0.000661746	642.126	4.21494e-06	5.39112
0.000670176	645.343	4.21494e-06	5.92086
0.000678606	652.407	4.21494e-06	4.61452
0.000687036	667.796	4.21494e-06	4.96626
0.000695466	675.464	4.21494e-06	4.87416
0.000703895	683.376	4.21494e-06	4.38111
0.000712325	704.166	4.21494e-06	5.49271
0.000720755	701.305	4.21494e-06	4.42362
0.000729185	722.36	4.21494e-06	5.18156
0.000737615	728.996	4.21494e-06	5.09605
0.000746045	745.506	4.21494e-06	4.63811
0.000754475	749.518	4.21494e-06	4.42249
0.000762905	755.793	4.21494e-06	4.68406
0.000771335	764.59	4.21494e-06	5.06063
0.000779764	787.7	4.21494e-06	5.45692
0.000788194	781.349	4.21494e-06	4.58446
0.000796624	792.563	4.21494e-06	4.87348
0.000805054	801.507	4.21494e-06	5.29262
0.000813484	811.886	4.21494e-06	5.5178
0.000821914	812.291	4.21494e-06	4.61781
0.000830344	823.809	4.21494e-06	5.08964
0.000838774	827.003	4.21494e-06	5.24848
0.000847204	831.71	4.21494e-06	4.47277
0.000855633	841.565	4.21494e-06	4.7562
0.000864063	847.546	4.21494e-06	4.57907
0.000872493	860.393	4.21494e-06	5.00115
0.000880923	864.026	4.21494e-06	5.95663
0.000889353	861.543	4.21494e-06	5.26335
0.000897783	877.827	4.21494e-06	4.90684
0.000906213	882.709	4.21494e-06	5.70155
0.000914643	888.97	4.21494e-06	5.67403
0.000923072	889.219	4.21494e-06	5.00738
0.000931502	892.408	4.21494e-06	5.38702
0.000939932	901.877	4.21494e-06	5.63204
0.000948362	911.886	4.21494e-06	6.2638
0.000956792	908.504	4.21494e-06	5.6948
0.000965222	911.121	4.21494e-06	5.79907
0.000973652	921.373	4.21494e-06	5.97532
0.000982082	917.958	4.21494e-06	5.65011
0.000990512	911.649	4.21494e-06	5.14756
0.000998941	925.225	4.21494e-06	5.00144
0.00100737	914.973	4.21494e-06	4.76513
0.0010158	921.302	4.21494e-06	5.89513
0.00102423	916.909	4.21494e-06	4.93052
0.00103266	911.785	4.21494e-06	4.68566
0.00104109	914.933	4.21494e-06	4.93181
0.00104952	908.12	4.21494e-06	4.72013
0.00105795	914.597	4.21494e-06	4.68933
0.00106638	931.389	4.21494e-06	7.29102
0.00107481	907.341	4.21494e-06	4.61529
0.00108324	919.599	4.21494e-06	4.88809
0.00109167	909.006	4.21494e-06	4.90994
0.0011001	916.436	4.21494e-06	5.11274
0.00110853	917.393	4.21494e-06	6.55674
0.00111696	908.829	4.21494e-06	5.97675
0.00112539	896.072	4.21494e-06	4.73986
0.00113382	895.92	4.21494e-06	4.66516
0.00114225	896.199	4.21494e-06	4.95751
0.00115068	894.292	4.21494e-06	5.45992
0.00115911	882.658	4.21494e-06	4.89706
0.00116754	883.315	4.21494e-06	5.6241
0.00117597	876.04	4.21494e-06	5.50935
0.0011844	870.289	4.21494e-06	5.06374
0.00119283	863.614	4.21494e-06	4.85878
0.00120126	863.877	4.21494e-06	5.08981
0.00120969	855.334	4.21494e-06	4.31774
0.00121812	849.465	4.21494e-06	4.75253
0.00122655	845.562	4.21494e-06	6.35762
0.00123498	837.451	4.21494e-06	4.21835
0.00124341	831.776	4.21494e-06	4.75972
0.00125184	820.037	4.21494e-06	4.4062
0.00126027	822.892	4.21494e-06	6.28082
0.0012687	814.137	4.21494e-06	4.42578
0.00127713	803.375	4.21494e-06	4.19404
0.00128556	801.591	4.21494e-06	4.68124
0.00129399	787.764	4.21494e-06	4.37458
0.00130242	781.525	4.21494e-06	6.22491
0.00131085	768.765	4.21494e-06	4.31307
0.00131928	757.463	4.21494e-06	4.09456
0.00132771	764.165	4.21494e-06	5.07246
0.00133614	745.504	4.21494e-06	4.23534
0.00134457	744.564	4.21494e-06	4.30354
0.001353	723.303	4.21494e-06	3.93883
0.00136143	717.29	4.21494e-06	4.01833
0.00136986	715.343	4.21494e-06	4.66254
0.00137829	705.714	4.21494e-06	4.77825
0.00138672	695.026	4.21494e-06	4.54845
0.00139515	683.613	4.21494e-06	5.37244
0.00140358	676.98	4.21494e-06	4.34318
0.00141201	657.766	4.21494e-06	3.97903
0.00142044	658.337	4.21494e-06	3.77322
0.00142887	646.612	4.21494e-06	4.31194
0.0014373	637.497	4.21494e-06	3.84223
0.00144573	626.098	4.21494e-06	4.10247
0.00145416	614.956	4.21494e-06	3.78176
0.00146259	602.185	4.21494e-06	3.65411
0.00147102	595.283	4.21494e-06	4.55077
0.00147944	581.525	4.21494e-06	3.54504
0.00148787	576.577	4.21494e-06	3.90742
0.0014963	565.777	4.21494e-06	4.11339
0.00150473	554.286	4.21494e-06	3.44736
0.00151316	542.089	4.21494e-06	3.51599
0.00152159	544.475	4.21494e-06	4.52705
0.00153002	522.962	4.21494e-06	3.31359
0.00153845	517.358	4.21494e-06	3.31401
0.00154688	507.1	4.21494e-06	3.40453
0.00155531	494.735	4.21494e-06	3.4714
0.00156374	484.72	4.21494e-06	3.52163
0.00157217	471.874	4.21494e-06	3.11966
0.0015806	462.782	4.21494e-06	2.95895
0.00158903	460.962	4.21494e-06	3.51766
0.00159746	444.241	4.21494e-06	3.00243
0.00160589	438.212	4.21494e-06	3.17996
0.00161432	432.581	4.21494e-06	3.26113
0.00162275	416.653	4.21494e-06	3.08908
0.00163118	406.403	4.21494e-06	2.64286
0.00163961	395.245	4.21494e-06	2.7209
0.00164804	393.587	4.21494e-06	2.85959
0.00165647	400.671	4.21494e-06	11.0736
0.0016649	382.14	4.21494e-06	6.50995
0.00167333	365.264	4.21494e-06	2.95065
0.00168176	357.41	4.21494e-06	2.79575
0.00169019	348.481	4.21494e-06	2.54789
0.00169862	345.31	4.21494e-06	4.02738
0.00170705	333.753	4.21494e-06	2.55579
0.00171548	322.06	4.21494e-06	2.68774
0.00172391	311.446	4.21494e-06	2.4233
0.00173234	309.389	4.21494e-06	2.64527
0.00174077	299.983	4.21494e-06	5.69459
0.0017492	290.882	4.21494e-06	2.31044
0.00175763	280.13	4.21494e-06	2.36152
0.00176606	275.75	4.21494e-06	2.36015
0.00177449	269.127	4.21494e-06	2.46487
0.00178292	261.549	4.21494e-06	2.51869
0.00179135	248.053	4.21494e-06	2.06719
0.00179978	243.468	4.21494e-06	2.10513
0.00180821	239.23	4.21494e-06	2.07186
0.00181664	229.264	4.21494e-06	2.07045
0.00182507	223.388	4.21494e-06	2.16608
0.0018335	221.133	4.21494e-06	2.0972
0.00184193	209.306	4.21494e-06	2.087
0.00185036	206.904	4.21494e-06	2.52304
0.00185879	199.111	4.21494e-06	1.85234
0.00186722	194.303	4.21494e-06	2.2467
0.00187565	186.416	4.21494e-06	1.77341
0.00188408	181.608	4.21494e-06	1.85804
0.00189251	174.84	4.21494e-06	1.74162
0.00190094	170.8	4.21494e-06	1.85843
0.00190937	167.076	4.21494e-06	2.2213
0.0019178	160.3	4.21494e-06	2.08723
0.00192623	156.445	4.21494e-06	1.95384
0.00193466	151.431	4.21494e-06	1.75555
0.00194309	146.795	4.21494e-06	1.90944
0.00195152	138.152	4.21494e-06	1.58978
0.00195995	133.552	4.21494e-06	1.53034
0.00196838	133.073	4.21494e-06	1.68799
0.00197681	130.236	4.21494e-06	1.69081
0.00198524	120.609	4.21494e-06	1.33583
0.00199367	118.784	4.21494e-06	1.50712
0.0020021	114.248	4.21494e-06	1.60594
0.00201053	107.968	4.21494e-06	1.33016
0.00201896	107.887	4.21494e-06	1.49885
0.00202739	100.263	4.21494e-06	1.27848
0.00203582	99.8958	4.21494e-06	1.4235
0.00204425	96.0555	4.21494e-06	1.52349
0.00205268	92.2418	4.21494e-06	1.3427
0.00206111	89.5452	4.21494e-06	1.56165
0.00206954	83.9047	4.21494e-06	1.12564
0.00207797	80.0233	4.21494e-06	1.12307
0.0020864	77.1055	4.21494e-06	1.09575
0.00209483	72.6798	4.21494e-06	1.00676
0.00210326	71.4253	4.21494e-06	1.76253
0.00211169	67.8397	4.21494e-06	1.02074
0.00212012	65.5951	4.21494e-06	1.46781
0.00212855	63.4286	4.21494e-06	1.15557
0.00213698	58.7645	4.21494e-06	1.07018
0.00214541	58.3065	4.21494e-06	0.924389
0.00215384	54.5838	4.21494e-06	0.897104
0.00216227	51.5361	4.21494e-06	0.897494
0.0021707	50.1787	4.21494e-06	0.858959
0.00217913	47.2043	4.21494e-06	0.819433
0.00218756	46.7585	4.21494e-06	0.82125
0.00219599	44.9031	4.21494e-06	0.802664
0.00220442	41.0467	4.21494e-06	0.719181
0.00221285	40.1251	4.21494e-06	0.778893
0.00222127	37.8361	4.21494e-06	0.70348
0.0022297	35.7503	4.21494e-06	0.685984
0.00223813	35.0366	4.21494e-06	0.705482
0.00224656	32.1689	4.21494e-06	0.693277
0.00225499	30.9727	4.21494e-06	0.624746
0.00226342	30.0647	4.21494e-06	0.620272
0.00227185	28.6297	4.21494e-06	0.60903
0.00228028	27.118	4.21494e-06	0.581177
0.00228871	25.8159	4.21494e-06	0.576258
0.00229714	24.0025	4.21494e-06	0.541872
0.00230557	23.3657	4.21494e-06	0.545842
0.002314	21.2006	4.21494e-06	0.510957
0.00232243	20.6268	4.21494e-06	0.502312
0.00233086	19.934	4.21494e-06	0.493969
0.00233929	18.2471	4.21494e-06	0.462869
0.00234772	16.4091	4.21494e-06	0.439046
0.00235615	16.1352	4.21494e-06	0.43936
0.00236458	15.569	4.21494e-06	0.423555
0.00237301	13.6259	4.21494e-06	0.39557
0.00238144	12.8722	4.21494e-06	0.381243
0.00238987	11.6742	4.21494e-06	0.37548
0.0023983	11.7479	4.21494e-06	0.366758
0.00240673	10.1611	4.21494e-06	0.339094
0.00241516	10.2972	4.21494e-06	0.339594
0.00242359	8.74716	4.21494e-06	0.310446
0.00243202	7.85651	4.21494e-06	0.292546
0.00244045	7.21192	4.21494e-06	0.27725
0.00244888	6.47457	4.21494e-06	0.261477
0.00245731	6.18229	4.21494e-06	0.255149
0.00246574	5.87806	4.21494e-06	0.262939
0.00247417	5.20625	4.21494e-06	0.263003
0.0024826	4.40567	4.21494e-06	0.217241
0.00249103	4.04562	4.21494e-06	0.203213
0.00249946	3.38408	4.21494e-06	0.186187
0.00250789	3.23758	4.21494e-06	0.180295
0.00251632	2.81552	4.21494e-06	0.171954
0.00252475	2.66761	4.21494e-06	0.162115
0.00253318	1.99864	4.21494e-06	0.140587
0.00254161	1.41977	4.21494e-06	0.117306
0.00255004	1.19367	4.21494e-06	0.107802
0.00255847	0.812721	4.21494e-06	0.0896464
0.0025669	0.614607	4.21494e-06	0.0777223
0.00257533	0.188932	4.21494e-06	0.0422939
0.00258376	0.0485547	4.21494e-06	0.0217176
