4.21494e-06	0.0451999	4.21494e-06	0.02134
1.26448e-05	0.267298	4.21494e-06	0.0663949
2.10747e-05	0.886133	4.21494e-06	0.133991
2.95046e-05	1.45369	4.21494e-06	0.166607
3.79345e-05	2.81088	4.21494e-06	0.257062
4.63644e-05	3.61749	4.21494e-06	0.222585
5.47943e-05	6.03626	4.21494e-06	0.550258
6.32241e-05	7.05336	4.21494e-06	0.472319
7.1654e-05	9.82181	4.21494e-06	0.482364
8.00839e-05	10.8037	4.21494e-06	0.452614
8.85138e-05	13.9315	4.21494e-06	0.682387
9.69437e-05	16.4254	4.21494e-06	0.646497
0.000105374	21.7411	4.21494e-06	1.45481
0.000113803	23.6704	4.21494e-06	0.837208
0.000122233	25.6147	4.21494e-06	0.652979
0.000130663	31.5391	4.21494e-06	1.09454
0.000139093	35.5042	4.21494e-06	1.24881
0.000147523	39.0293	4.21494e-06	0.995066
0.000155953	43.4926	4.21494e-06	0.924662
0.000164383	46.3438	4.21494e-06	0.953232
0.000172813	53.9999	4.21494e-06	1.21904
0.000181243	58.2879	4.21494e-06	1.22447
0.000189672	65.2947	4.21494e-06	1.27037
0.000198102	67.5838	4.21494e-06	1.20807
0.000206532	75.4596	4.21494e-06	1.40602
0.000214962	79.0935	4.21494e-06	1.39905
0.000223392	87.2574	4.21494e-06	1.39632
0.000231822	94.3851	4.21494e-06	1.41437
0.000240252	100.325	4.21494e-06	1.42092
0.000248682	111.884	4.21494e-06	2.49597
0.000257112	114.765	4.21494e-06	1.67956
0.000265541	124.924	4.21494e-06	1.76864
0.000273971	128.078	4.21494e-06	1.64543
0.000282401	141.141	4.21494e-06	2.07022
0.000290831	147.579	4.21494e-06	1.96197
0.000299261	159.457	4.21494e-06	2.50309
0.000307691	166.547	4.21494e-06	2.14127
0.000316121	172.041	4.21494e-06	2.03903
0.000324551	189.749	4.21494e-06	4.45667
0.00033298	191.86	4.21494e-06	2.29418
0.00034141	197.945	4.21494e-06	2.17586
0.00034984	211.881	4.21494e-06	2.79249
0.00035827	223.648	4.21494e-06	3.05795
0.0003667	237.005	4.21494e-06	3.3383
0.00037513	238.31	4.21494e-06	2.28614
0.00038356	253.783	4.21494e-06	2.75447
0.00039199	261.717	4.21494e-06	2.5868
0.00040042	268.402	4.21494e-06	2.49288
0.000408849	279.617	4.21494e-06	2.89235
0.000417279	294.96	4.21494e-06	3.36757
0.000425709	304.213	4.21494e-06	3.16214
0.000434139	319.306	4.21494e-06	3.39195
0.000442569	327.35	4.21494e-06	3.3718
0.000450999	334.552	4.21494e-06	3.1206
0.000459429	355.847	4.21494e-06	4.86909
0.000467859	351.561	4.21494e-06	3.01876
0.000476289	408.045	4.21494e-06	15.7499
0.000484718	384.984	4.21494e-06	3.79465
0.000493148	395.182	4.21494e-06	3.38086
0.000501578	410.004	4.21494e-06	4.0686
0.000510008	418.639	4.21494e-06	3.82969
0.000518438	425.458	4.21494e-06	3.46049
0.000526868	443.557	4.21494e-06	4.25693
0.000535298	450.109	4.21494e-06	3.66072
0.000543728	463.499	4.21494e-06	4.10941
0.000552158	479.107	4.21494e-06	4.041
0.000560587	498.679	4.21494e-06	6.39773
0.000569017	502.336	4.21494e-06	4.32189
0.000577447	509.473	4.21494e-06	3.86515
0.000585877	519.799	4.21494e-06	4.18225
0.000594307	530.816	4.21494e-06	3.93774
0.000602737	548.072	4.21494e-06	4.0221
0.000611167	556.775	4.21494e-06	4.23806
0.000619597	579.091	4.21494e-06	5.00928
0.000628026	585.319	4.21494e-06	4.75778
0.000636456	601.441	4.21494e-06	4.33795
0.000644886	612.249	4.21494e-06	4.4984
0.000653316	614.391	4.21494e-06	4.40661
0.000661746	628.838	4.21494e-06	5.71249
0.000670176	632.774	4.21494e-06	4.31027
0.000678606	724.073	4.21494e-06	33.7588
0.000687036	662.633	4.21494e-06	4.41254
0.000695466	679.324	4.21494e-06	5.0372
0.000703895	684.846	4.21494e-06	5.48457
0.000712325	685.106	4.21494e-06	4.49897
0.000720755	706.942	4.21494e-06	8.61696
0.000729185	708.478	4.21494e-06	4.62154
0.000737615	718.103	4.21494e-06	4.41472
0.000746045	737.695	4.21494e-06	5.10099
0.000754475	730.223	4.21494e-06	4.54649
0.000762905	757.148	4.21494e-06	5.14286
0.000771335	765.435	4.21494e-06	5.24676
0.000779764	772.484	4.21494e-06	4.88013
0.000788194	781.484	4.21494e-06	5.39307
0.000796624	786.332	4.21494e-06	5.59019
0.000805054	800.894	4.21494e-06	6.7043
0.000813484	805.839	4.21494e-06	5.27857
0.000821914	808.196	4.21494e-06	5.24608
0.000830344	819.454	4.21494e-06	6.09782
0.000838774	817.287	4.21494e-06	5.30578
0.000847204	838.447	4.21494e-06	6.21248
0.000855633	841.549	4.21494e-06	6.01497
0.000864063	837.237	4.21494e-06	5.08997
0.000872493	845.029	4.21494e-06	5.08576
0.000880923	858.864	4.21494e-06	5.24358
0.000889353	861.319	4.21494e-06	5.09933
0.000897783	865.753	4.21494e-06	5.31657
0.000906213	872.828	4.21494e-06	6.30808
0.000914643	889.586	4.21494e-06	9.11105
0.000923072	879.619	4.21494e-06	5.28279
0.000931502	897.39	4.21494e-06	5.89745
0.000939932	903.863	4.21494e-06	9.55134
0.000948362	897.7	4.21494e-06	5.76963
0.000956792	909.828	4.21494e-06	5.85129
0.000965222	902.94	4.21494e-06	6.02996
0.000973652	915.336	4.21494e-06	8.57577
0.000982082	898.486	4.21494e-06	5.90419
0.000990512	910.695	4.21494e-06	5.45741
0.000998941	915.601	4.21494e-06	6.9589
0.00100737	924.577	4.21494e-06	10.9364
0.0010158	909.34	4.21494e-06	6.44534
0.00102423	919.669	4.21494e-06	6.87475
0.00103266	912.964	4.21494e-06	5.73363
0.00104109	918.69	4.21494e-06	7.00872
0.00104952	911.116	4.21494e-06	5.80319
0.00105795	906.465	4.21494e-06	5.65966
0.00106638	904.417	4.21494e-06	5.97791
0.00107481	904.137	4.21494e-06	5.42185
0.00108324	912.098	4.21494e-06	6.43824
0.00109167	890.409	4.21494e-06	5.3397
0.0011001	915.758	4.21494e-06	8.55849
0.00110853	891.734	4.21494e-06	5.64784
0.00111696	907.575	4.21494e-06	6.94157
0.00112539	897.437	4.21494e-06	6.00477
0.00113382	898.962	4.21494e-06	6.07926
0.00114225	884.892	4.21494e-06	5.70828
0.00115068	886.16	4.21494e-06	6.48945
0.00115911	881.425	4.21494e-06	5.51062
0.00116754	894.657	4.21494e-06	9.91804
0.00117597	885.585	4.21494e-06	6.87366
0.0011844	866.616	4.21494e-06	5.52776
0.00119283	858.072	4.21494e-06	5.48503
0.00120126	860.074	4.21494e-06	7.15643
0.00120969	852.987	4.21494e-06	5.54463
0.00121812	834.39	4.21494e-06	5.27662
0.00122655	850.183	4.21494e-06	6.27374
0.00123498	832.203	4.21494e-06	5.61145
0.00124341	823.663	4.21494e-06	6.0204
0.00125184	831.403	4.21494e-06	6.72339
0.00126027	811.851	4.21494e-06	5.54533
0.0012687	800.517	4.21494e-06	5.00034
0.00127713	805.685	4.21494e-06	7.03379
0.00128556	789.091	4.21494e-06	5.68975
0.00129399	783.594	4.21494e-06	5.8092
0.00130242	779.585	4.21494e-06	7.38011
0.00131085	771.817	4.21494e-06	5.51957
0.00131928	757.277	4.21494e-06	5.34522
0.00132771	752.974	4.21494e-06	5.86113
0.00133614	745.71	4.21494e-06	7.69575
0.00134457	735.645	4.21494e-06	5.61849
0.001353	716.395	4.21494e-06	5.17993
0.00136143	728.385	4.21494e-06	6.47252
0.00136986	705.445	4.21494e-06	5.05242
0.00137829	692.691	4.21494e-06	4.93242
0.00138672	702.482	4.21494e-06	9.2521
0.00139515	679.713	4.21494e-06	5.12065
0.00140358	675.388	4.21494e-06	6.92085
0.00141201	671.155	4.21494e-06	7.8158
0.00142044	660.969	4.21494e-06	5.42867
0.00142887	655.271	4.21494e-06	5.6882
0.0014373	640.317	4.21494e-06	6.3181
0.00144573	617.719	4.21494e-06	4.68356
0.00145416	610.476	4.21494e-06	5.02125
0.00146259	605.422	4.21494e-06	4.86098
0.00147102	593.038	4.21494e-06	5.86274
0.00147944	585.799	4.21494e-06	4.78176
0.00148787	575.84	4.21494e-06	5.77597
0.0014963	565.05	4.21494e-06	4.53638
0.00150473	570.197	4.21494e-06	8.34435
0.00151316	543.013	4.21494e-06	4.35423
0.00152159	546.71	4.21494e-06	6.94441
0.00153002	530.29	4.21494e-06	4.83506
0.00153845	520.484	4.21494e-06	5.40079
0.00154688	500.356	4.21494e-06	5.09447
0.00155531	492.509	4.21494e-06	4.38427
0.00156374	490.036	4.21494e-06	4.74092
0.00157217	470.252	4.21494e-06	4.00502
0.0015806	469.705	4.21494e-06	4.20006
0.00158903	463.096	4.21494e-06	6.24933
0.00159746	448.326	4.21494e-06	4.25688
0.00160589	435.274	4.21494e-06	4.15753
0.00161432	433.974	4.21494e-06	4.59104
0.00162275	424.982	4.21494e-06	8.38504
0.00163118	406.853	4.21494e-06	3.69019
0.00163961	396.437	4.21494e-06	3.5743
0.00164804	389.356	4.21494e-06	4.01419
0.00165647	385.678	4.21494e-06	5.13507
0.0016649	371.444	4.21494e-06	3.64259
0.00167333	369.163	4.21494e-06	3.67842
0.00168176	360.113	4.21494e-06	4.80912
0.00169019	351.746	4.21494e-06	3.91428
0.00169862	340.726	4.21494e-06	4.44009
0.00170705	329.566	4.21494e-06	3.33154
0.00171548	334.173	4.21494e-06	5.90268
0.00172391	322.713	4.21494e-06	4.05349
0.00173234	311.349	4.21494e-06	3.52095
0.00174077	290.403	4.21494e-06	3.33156
0.0017492	293.813	4.21494e-06	3.46634
0.00175763	279.664	4.21494e-06	3.22643
0.00176606	279.004	4.21494e-06	3.4924
0.00177449	265.504	4.21494e-06	2.91646
0.00178292	259.32	4.21494e-06	3.15398
0.00179135	258.32	4.21494e-06	3.36969
0.00179978	251.012	4.21494e-06	3.40169
0.00180821	239.408	4.21494e-06	2.68217
0.00181664	234.777	4.21494e-06	2.89048
0.00182507	231.953	4.21494e-06	3.28212
0.0018335	220.571	4.21494e-06	3.27738
0.00184193	210.355	4.21494e-06	2.68306
0.00185036	212.024	4.21494e-06	3.36565
0.00185879	201.914	4.21494e-06	2.9032
0.00186722	197.154	4.21494e-06	2.73578
0.00187565	192.255	4.21494e-06	2.79675
0.00188408	182.46	4.21494e-06	2.45793
0.00189251	178.322	4.21494e-06	2.59338
0.00190094	171.874	4.21494e-06	2.78648
0.00190937	173.281	4.21494e-06	5.74585
0.0019178	159.427	4.21494e-06	2.36455
0.00192623	167.213	4.21494e-06	3.35743
0.00193466	160.638	4.21494e-06	3.42022
0.00194309	147.377	4.21494e-06	2.48016
0.00195152	145.061	4.21494e-06	5.24063
0.00195995	139.699	4.21494e-06	3.28457
0.00196838	134.356	4.21494e-06	2.39834
0.00197681	126.052	4.21494e-06	2.11105
0.00198524	121.673	4.21494e-06	2.04337
0.00199367	119.058	4.21494e-06	2.3075
0.0020021	114.178	4.21494e-06	2.05562
0.00201053	113.645	4.21494e-06	2.62108
0.00201896	105.402	4.21494e-06	2.03748
0.00202739	103.236	4.21494e-06	2.10861
0.00203582	100.567	4.21494e-06	2.21124
0.00204425	93.7886	4.21494e-06	1.85837
0.00205268	92.261	4.21494e-06	1.90055
0.00206111	87.1299	4.21494e-06	1.79482
0.00206954	85.0853	4.21494e-06	1.92395
0.00207797	84.4336	4.21494e-06	1.95877
0.0020864	80.8941	4.21494e-06	1.91892
0.00209483	74.7956	4.21494e-06	1.90336
0.00210326	73.0747	4.21494e-06	1.78606
0.00211169	69.5734	4.21494e-06	1.99596
0.00212012	69.1015	4.21494e-06	1.77815
0.00212855	62.8754	4.21494e-06	1.49909
0.00213698	65.8044	4.21494e-06	2.50066
0.00214541	60.1318	4.21494e-06	2.26133
0.00215384	56.5389	4.21494e-06	1.4853
0.00216227	54.6673	4.21494e-06	1.38339
0.0021707	51.9397	4.21494e-06	1.37574
0.00217913	51.5174	4.21494e-06	1.36125
0.00218756	45.2655	4.21494e-06	1.22321
0.00219599	45.3347	4.21494e-06	1.20057
0.00220442	42.4829	4.21494e-06	1.22642
0.00221285	41.4843	4.21494e-06	1.18079
0.00222127	38.0327	4.21494e-06	1.09876
0.0022297	36.5672	4.21494e-06	1.28422
0.00223813	36.7935	4.21494e-06	1.96905
0.00224656	34.397	4.21494e-06	1.30538
0.00225499	33.8469	4.21494e-06	1.61248
0.00226342	30.634	4.21494e-06	1.29492
0.00227185	30.0823	4.21494e-06	1.2059
0.00228028	28.1299	4.21494e-06	1.17171
0.00228871	25.7349	4.21494e-06	1.21999
0.00229714	27.2736	4.21494e-06	1.94987
0.00230557	24.7472	4.21494e-06	1.09069
0.002314	25.2696	4.21494e-06	3.2829
0.00232243	21.5199	4.21494e-06	1.21873
0.00233086	20.5981	4.21494e-06	0.976848
0.00233929	19.9771	4.21494e-06	1.39759
0.00234772	17.1888	4.21494e-06	0.86393
0.00235615	15.1095	4.21494e-06	0.747086
0.00236458	15.9803	4.21494e-06	0.888944
0.00237301	14.3868	4.21494e-06	0.795413
0.00238144	13.9335	4.21494e-06	0.771624
0.00238987	12.9006	4.21494e-06	0.91118
0.0023983	11.9118	4.21494e-06	0.691935
0.00240673	12.5436	4.21494e-06	0.802303
0.00241516	10.9765	4.21494e-06	0.713603
0.00242359	10.4548	4.21494e-06	1.46038
0.00243202	9.94808	4.21494e-06	1.40009
0.00244045	8.27661	4.21494e-06	0.619459
0.00244888	8.39602	4.21494e-06	1.20109
0.00245731	6.42367	4.21494e-06	0.463316
0.00246574	7.35997	4.21494e-06	1.0129
0.00247417	4.96678	4.21494e-06	0.437091
0.0024826	5.61993	4.21494e-06	0.516155
0.00249103	4.51662	4.21494e-06	0.43665
0.00249946	3.64201	4.21494e-06	0.454133
0.00250789	3.02883	4.21494e-06	0.334174
0.00251632	2.26338	4.21494e-06	0.243649
0.00252475	1.69568	4.21494e-06	0.225829
0.00253318	1.81785	4.21494e-06	0.407338
0.00254161	1.74376	4.21494e-06	0.317717
0.00255004	2.03355	4.21494e-06	0.524577
0.00255847	0.887116	4.21494e-06	0.173421
0.0025669	0.364351	4.21494e-06	0.114888
0.00257533	0.346216	4.21494e-06	0.116176
0.00258376	0.0334284	4.21494e-06	0.0334284
