4.21494e-06	0.00668861	4.21494e-06	0.00668861
1.26448e-05	0.526714	4.21494e-06	0.181613
2.10747e-05	0.875575	4.21494e-06	0.232272
2.95046e-05	1.39718	4.21494e-06	0.246248
3.79345e-05	2.7985	4.21494e-06	0.212753
4.63644e-05	3.33693	4.21494e-06	0.338843
5.47943e-05	5.15172	4.21494e-06	0.340596
6.32241e-05	6.84704	4.21494e-06	0.336609
7.1654e-05	8.64639	4.21494e-06	0.474961
8.00839e-05	10.361	4.21494e-06	0.459194
8.85138e-05	13.8135	4.21494e-06	0.697886
9.69437e-05	15.6428	4.21494e-06	0.569913
0.000105374	19.3842	4.21494e-06	0.880181
0.000113803	21.3287	4.21494e-06	0.679579
0.000122233	24.6802	4.21494e-06	0.754767
0.000130663	28.9784	4.21494e-06	1.02551
0.000139093	33.8187	4.21494e-06	0.947247
0.000147523	38.7314	4.21494e-06	1.59722
0.000155953	44.7327	4.21494e-06	1.32163
0.000164383	44.6566	4.21494e-06	1.12493
0.000172813	53.2113	4.21494e-06	1.18199
0.000181243	56.0281	4.21494e-06	1.20445
0.000189672	61.4017	4.21494e-06	1.37183
0.000198102	67.5209	4.21494e-06	1.29724
0.000206532	72.631	4.21494e-06	1.31889
0.000214962	79.6914	4.21494e-06	1.4186
0.000223392	84.7723	4.21494e-06	1.50382
0.000231822	94.2618	4.21494e-06	1.90263
0.000240252	103.558	4.21494e-06	3.79024
0.000248682	109.702	4.21494e-06	1.823
0.000257112	114.394	4.21494e-06	1.78091
0.000265541	119.778	4.21494e-06	1.69315
0.000273971	131.066	4.21494e-06	2.20166
0.000282401	134.852	4.21494e-06	2.02896
0.000290831	146.686	4.21494e-06	2.05134
0.000299261	154.503	4.21494e-06	1.9018
0.000307691	160.645	4.21494e-06	2.24559
0.000316121	172.485	4.21494e-06	2.59829
0.000324551	177.503	4.21494e-06	2.16885
0.00033298	185.25	4.21494e-06	2.58408
0.00034141	198.119	4.21494e-06	3.09477
0.00034984	209.334	4.21494e-06	2.79666
0.00035827	219.259	4.21494e-06	2.77062
0.0003667	221.888	4.21494e-06	2.33562
0.00037513	237.741	4.21494e-06	3.03391
0.00038356	249.159	4.21494e-06	3.30127
0.00039199	257.217	4.21494e-06	2.64684
0.00040042	267.053	4.21494e-06	2.85803
0.000408849	276.429	4.21494e-06	2.72271
0.000417279	295.509	4.21494e-06	4.79215
0.000425709	298.054	4.21494e-06	2.92293
0.000434139	304.161	4.21494e-06	2.81328
0.000442569	322.141	4.21494e-06	3.35515
0.000450999	334.157	4.21494e-06	3.43868
0.000459429	349.325	4.21494e-06	5.01214
0.000467859	353.44	4.21494e-06	3.23214
0.000476289	377.628	4.21494e-06	4.41437
0.000484718	381.76	4.21494e-06	3.37775
0.000493148	405.693	4.21494e-06	6.89291
0.000501578	397.673	4.21494e-06	3.55643
0.000510008	423.75	4.21494e-06	4.4767
0.000518438	430.9	4.21494e-06	3.61511
0.000526868	442.645	4.21494e-06	4.09296
0.000535298	442.316	4.21494e-06	3.64991
0.000543728	466.527	4.21494e-06	4.14788
0.000552158	478.892	4.21494e-06	6.14036
0.000560587	484.74	4.21494e-06	3.67516
0.000569017	494.479	4.21494e-06	4.88336
0.000577447	510.787	4.21494e-06	4.20313
0.000585877	525.607	4.21494e-06	4.97383
0.000594307	531.809	4.21494e-06	3.91337
0.000602737	537.374	4.21494e-06	3.69849
0.000611167	557.792	4.21494e-06	4.25331
0.000619597	575.514	4.21494e-06	4.45668
0.000628026	609.905	4.21494e-06	18.3162
0.000636456	584.784	4.21494e-06	3.96474
0.000644886	616.012	4.21494e-06	7.14523
0.000653316	613.074	4.21494e-06	4.14963
0.000661746	631.611	4.21494e-06	5.27775
0.000670176	643.068	4.21494e-06	4.47136
0.000678606	655.502	4.21494e-06	4.50022
0.000687036	675.003	4.21494e-06	5.53408
0.000695466	667.368	4.21494e-06	4.49136
0.000703895	689.185	4.21494e-06	6.64653
0.000712325	693.344	4.21494e-06	4.9359
0.000720755	702.564	4.21494e-06	4.39674
0.000729185	709.597	4.21494e-06	4.74173
0.000737615	727.903	4.21494e-06	5.05742
0.000746045	738.889	4.21494e-06	5.42112
0.000754475	753.565	4.21494e-06	9.01308
0.000762905	753.985	4.21494e-06	4.89313
0.000771335	758.23	4.21494e-06	4.99008
0.000779764	757.175	4.21494e-06	4.32411
0.000788194	779.192	4.21494e-06	5.2781
0.000796624	791.242	4.21494e-06	4.80175
0.000805054	806.109	4.21494e-06	5.6486
0.000813484	820.758	4.21494e-06	6.99113
0.000821914	807.448	4.21494e-06	4.95939
0.000830344	824.536	4.21494e-06	5.05975
0.000838774	822.167	4.21494e-06	4.97727
0.000847204	847.621	4.21494e-06	6.00626
0.000855633	835.091	4.21494e-06	5.14885
0.000864063	843.836	4.21494e-06	4.98109
0.000872493	845.201	4.21494e-06	5.03469
0.000880923	857.245	4.21494e-06	5.50812
0.000889353	874.236	4.21494e-06	5.96039
0.000897783	860.051	4.21494e-06	4.91902
0.000906213	877.84	4.21494e-06	5.38229
0.000914643	891.864	4.21494e-06	6.28531
0.000923072	897.962	4.21494e-06	7.75584
0.000931502	889.165	4.21494e-06	5.63097
0.000939932	884.418	4.21494e-06	5.51919
0.000948362	909.489	4.21494e-06	6.85607
0.000956792	901.366	4.21494e-06	5.86199
0.000965222	912.363	4.21494e-06	6.26249
0.000973652	907.952	4.21494e-06	6.24635
0.000982082	904.392	4.21494e-06	5.30351
0.000990512	902.625	4.21494e-06	5.41132
0.000998941	908.844	4.21494e-06	5.41276
0.00100737	918.459	4.21494e-06	5.85288
0.0010158	914.798	4.21494e-06	6.05043
0.00102423	932.357	4.21494e-06	7.02308
0.00103266	907.037	4.21494e-06	5.55249
0.00104109	917.471	4.21494e-06	6.49784
0.00104952	918.13	4.21494e-06	5.53015
0.00105795	922.168	4.21494e-06	9.89361
0.00106638	909.915	4.21494e-06	5.29826
0.00107481	908.143	4.21494e-06	6.97943
0.00108324	905.059	4.21494e-06	7.2207
0.00109167	906.777	4.21494e-06	5.41942
0.0011001	908.518	4.21494e-06	5.52199
0.00110853	900.278	4.21494e-06	5.73193
0.00111696	900.684	4.21494e-06	5.67487
0.00112539	909.917	4.21494e-06	5.66182
0.00113382	899.945	4.21494e-06	5.80044
0.00114225	895.194	4.21494e-06	5.40196
0.00115068	899.27	4.21494e-06	6.5964
0.00115911	882.719	4.21494e-06	5.30005
0.00116754	889.361	4.21494e-06	6.18243
0.00117597	871.187	4.21494e-06	4.83808
0.0011844	887.956	4.21494e-06	9.99362
0.00119283	868.776	4.21494e-06	5.41648
0.00120126	845.379	4.21494e-06	4.73787
0.00120969	868.173	4.21494e-06	8.51722
0.00121812	852.995	4.21494e-06	7.72489
0.00122655	832.07	4.21494e-06	4.95194
0.00123498	841.975	4.21494e-06	5.06197
0.00124341	825.248	4.21494e-06	5.72865
0.00125184	825.265	4.21494e-06	5.5023
0.00126027	818.023	4.21494e-06	5.13511
0.0012687	817.39	4.21494e-06	5.73436
0.00127713	800.848	4.21494e-06	6.18427
0.00128556	794.153	4.21494e-06	5.1216
0.00129399	796.548	4.21494e-06	5.2383
0.00130242	769.271	4.21494e-06	4.88736
0.00131085	771.585	4.21494e-06	4.70241
0.00131928	770.509	4.21494e-06	5.58239
0.00132771	757.297	4.21494e-06	4.81298
0.00133614	745.337	4.21494e-06	4.90389
0.00134457	744.579	4.21494e-06	5.4045
0.001353	732.716	4.21494e-06	4.80938
0.00136143	718.801	4.21494e-06	4.85001
0.00136986	716.79	4.21494e-06	5.40786
0.00137829	700.149	4.21494e-06	4.75536
0.00138672	691.161	4.21494e-06	5.23371
0.00139515	686.83	4.21494e-06	4.97053
0.00140358	668.931	4.21494e-06	4.46611
0.00141201	663.245	4.21494e-06	5.14546
0.00142044	654.047	4.21494e-06	4.52608
0.00142887	646.066	4.21494e-06	4.70843
0.0014373	644.062	4.21494e-06	5.14179
0.00144573	634.977	4.21494e-06	5.37075
0.00145416	622.333	4.21494e-06	4.73625
0.00146259	612.144	4.21494e-06	4.6539
0.00147102	601.545	4.21494e-06	4.88105
0.00147944	589.371	4.21494e-06	4.51694
0.00148787	573.399	4.21494e-06	4.1648
0.0014963	568.533	4.21494e-06	4.80601
0.00150473	558.803	4.21494e-06	4.74091
0.00151316	546.191	4.21494e-06	4.31226
0.00152159	547.893	4.21494e-06	4.31056
0.00153002	521.319	4.21494e-06	4.01136
0.00153845	513.607	4.21494e-06	4.45821
0.00154688	509.845	4.21494e-06	4.82373
0.00155531	505.486	4.21494e-06	10.3294
0.00156374	492.506	4.21494e-06	4.27456
0.00157217	483.172	4.21494e-06	4.29822
0.0015806	470.559	4.21494e-06	4.14908
0.00158903	469.688	4.21494e-06	6.64325
0.00159746	447.322	4.21494e-06	3.63019
0.00160589	440.207	4.21494e-06	3.78702
0.00161432	431.341	4.21494e-06	3.68641
0.00162275	420.561	4.21494e-06	3.85345
0.00163118	409.742	4.21494e-06	4.18266
0.00163961	406.6	4.21494e-06	4.88838
0.00164804	404.968	4.21494e-06	6.99955
0.00165647	385.266	4.21494e-06	3.26723
0.0016649	379.503	4.21494e-06	3.98351
0.00167333	365.845	4.21494e-06	3.61265
0.00168176	360.148	4.21494e-06	5.36955
0.00169019	348.257	4.21494e-06	3.87344
0.00169862	337.978	4.21494e-06	3.11881
0.00170705	332.534	4.21494e-06	3.71955
0.00171548	326.182	4.21494e-06	3.10015
0.00172391	313.416	4.21494e-06	3.13013
0.00173234	310.678	4.21494e-06	3.55253
0.00174077	301.484	4.21494e-06	3.30746
0.0017492	288.576	4.21494e-06	2.84393
0.00175763	290.844	4.21494e-06	4.11787
0.00176606	278.546	4.21494e-06	3.31495
0.00177449	265.713	4.21494e-06	2.62087
0.00178292	267.51	4.21494e-06	6.55064
0.00179135	248.77	4.21494e-06	2.66336
0.00179978	252.398	4.21494e-06	4.05203
0.00180821	241.107	4.21494e-06	2.73385
0.00181664	237.634	4.21494e-06	2.65074
0.00182507	226.5	4.21494e-06	2.40223
0.0018335	221.365	4.21494e-06	2.76403
0.00184193	223.203	4.21494e-06	4.53852
0.00185036	206.824	4.21494e-06	2.48994
0.00185879	207.462	4.21494e-06	2.48847
0.00186722	193.348	4.21494e-06	2.55501
0.00187565	188.001	4.21494e-06	2.54782
0.00188408	189.891	4.21494e-06	3.50211
0.00189251	178.278	4.21494e-06	2.08213
0.00190094	172.324	4.21494e-06	2.1329
0.00190937	166.163	4.21494e-06	2.29337
0.0019178	164.679	4.21494e-06	2.83498
0.00192623	158.326	4.21494e-06	2.27423
0.00193466	152.556	4.21494e-06	2.45763
0.00194309	146.767	4.21494e-06	2.26788
0.00195152	137.42	4.21494e-06	1.853
0.00195995	137.544	4.21494e-06	2.03016
0.00196838	134.312	4.21494e-06	1.94456
0.00197681	127.736	4.21494e-06	1.92108
0.00198524	125.394	4.21494e-06	2.08435
0.00199367	119.503	4.21494e-06	2.02443
0.0020021	112.202	4.21494e-06	1.64535
0.00201053	110.269	4.21494e-06	1.76473
0.00201896	105.778	4.21494e-06	1.7393
0.00202739	104.163	4.21494e-06	1.75446
0.00203582	96.8004	4.21494e-06	1.63297
0.00204425	95.8263	4.21494e-06	1.76812
0.00205268	90.5975	4.21494e-06	1.56702
0.00206111	88.9201	4.21494e-06	1.589
0.00206954	86.1237	4.21494e-06	1.72002
0.00207797	79.9803	4.21494e-06	1.4947
0.0020864	78.7608	4.21494e-06	1.63896
0.00209483	75.6886	4.21494e-06	1.82553
0.00210326	70.381	4.21494e-06	1.45814
0.00211169	68.3801	4.21494e-06	1.30332
0.00212012	66.583	4.21494e-06	1.34613
0.00212855	63.6287	4.21494e-06	1.50272
0.00213698	62.0314	4.21494e-06	1.24857
0.00214541	59.0684	4.21494e-06	1.36072
0.00215384	53.9575	4.21494e-06	1.22831
0.00216227	52.7903	4.21494e-06	1.33049
0.0021707	51.1852	4.21494e-06	1.26281
0.00217913	49.0179	4.21494e-06	1.29859
0.00218756	47.224	4.21494e-06	1.19145
0.00219599	44.8205	4.21494e-06	1.0874
0.00220442	43.6728	4.21494e-06	1.07687
0.00221285	41.2929	4.21494e-06	1.18789
0.00222127	37.559	4.21494e-06	0.99598
0.0022297	37.2948	4.21494e-06	1.0566
0.00223813	35.9555	4.21494e-06	1.10471
0.00224656	33.4918	4.21494e-06	1.17208
0.00225499	32.3355	4.21494e-06	1.03245
0.00226342	30.4859	4.21494e-06	0.936357
0.00227185	28.1752	4.21494e-06	0.785601
0.00228028	27.5289	4.21494e-06	0.827944
0.00228871	25.2927	4.21494e-06	0.867952
0.00229714	23.6688	4.21494e-06	0.720113
0.00230557	22.9838	4.21494e-06	0.952295
0.002314	21.3384	4.21494e-06	0.761733
0.00232243	21.0377	4.21494e-06	0.71488
0.00233086	19.4959	4.21494e-06	0.722329
0.00233929	18.7017	4.21494e-06	0.627494
0.00234772	16.7912	4.21494e-06	0.713352
0.00235615	17.0817	4.21494e-06	1.07116
0.00236458	14.4062	4.21494e-06	0.588399
0.00237301	14.8698	4.21494e-06	0.684069
0.00238144	13.2298	4.21494e-06	0.588208
0.00238987	12.0238	4.21494e-06	0.686296
0.0023983	10.6012	4.21494e-06	0.426721
0.00240673	11.7126	4.21494e-06	0.552001
0.00241516	9.39262	4.21494e-06	0.423649
0.00242359	8.7301	4.21494e-06	0.394371
0.00243202	7.73998	4.21494e-06	0.365806
0.00244045	7.49917	4.21494e-06	0.370129
0.00244888	7.34538	4.21494e-06	0.419916
0.00245731	6.93898	4.21494e-06	0.37646
0.00246574	6.02589	4.21494e-06	0.340108
0.00247417	5.27232	4.21494e-06	0.29509
0.0024826	4.81567	4.21494e-06	0.305413
0.00249103	3.81324	4.21494e-06	0.234427
0.00249946	3.83531	4.21494e-06	0.245373
0.00250789	3.5733	4.21494e-06	0.240606
0.00251632	2.37292	4.21494e-06	0.186655
0.00252475	2.24062	4.21494e-06	0.183834
0.00253318	1.99817	4.21494e-06	0.174406
0.00254161	1.90378	4.21494e-06	0.162961
0.00255004	1.1734	4.21494e-06	0.126786
0.00255847	0.952389	4.21494e-06	0.11186
0.0025669	0.548773	4.21494e-06	0.0854862
0.00257533	0.186594	4.21494e-06	0.0483246
0.00258376	0.0397264	4.21494e-06	0.0229535
