4.21494e-06	0.00839814	4.21494e-06	0.00839814
1.26448e-05	0.175305	4.21494e-06	0.0471728
2.10747e-05	0.746638	4.21494e-06	0.119945
2.95046e-05	1.34606	4.21494e-06	0.144507
3.79345e-05	2.44007	4.21494e-06	0.209928
4.63644e-05	3.66521	4.21494e-06	0.399313
5.47943e-05	5.23785	4.21494e-06	0.490821
6.32241e-05	6.69252	4.21494e-06	0.342395
7.1654e-05	8.6996	4.21494e-06	0.421005
8.00839e-05	10.3406	4.21494e-06	0.440645
8.85138e-05	12.7429	4.21494e-06	0.517462
9.69437e-05	15.3577	4.21494e-06	0.530887
0.000105374	20.1271	4.21494e-06	0.796128
0.000113803	21.7963	4.21494e-06	0.694441
0.000122233	24.0926	4.21494e-06	0.674735
0.000130663	28.1795	4.21494e-06	0.934296
0.000139093	33.0404	4.21494e-06	1.0042
0.000147523	37.6628	4.21494e-06	0.968296
0.000155953	44.42	4.21494e-06	1.98052
0.000164383	45.5201	4.21494e-06	1.28327
0.000172813	50.4924	4.21494e-06	1.10801
0.000181243	56.937	4.21494e-06	1.40601
0.000189672	62.1293	4.21494e-06	1.37246
0.000198102	69.2186	4.21494e-06	2.18535
0.000206532	71.6496	4.21494e-06	1.33838
0.000214962	79.5068	4.21494e-06	1.81883
0.000223392	85.3887	4.21494e-06	1.67952
0.000231822	90.4919	4.21494e-06	1.53948
0.000240252	100.597	4.21494e-06	1.9698
0.000248682	107.623	4.21494e-06	1.76481
0.000257112	114.269	4.21494e-06	2.59352
0.000265541	122.318	4.21494e-06	2.21093
0.000273971	127.871	4.21494e-06	1.93073
0.000282401	142.256	4.21494e-06	7.16004
0.000290831	142.538	4.21494e-06	1.89789
0.000299261	151.947	4.21494e-06	2.00155
0.000307691	163.305	4.21494e-06	2.42883
0.000316121	171.761	4.21494e-06	2.45559
0.000324551	182.685	4.21494e-06	3.26649
0.00033298	196.274	4.21494e-06	3.89755
0.00034141	200.815	4.21494e-06	2.83017
0.00034984	206.263	4.21494e-06	2.46363
0.00035827	217.895	4.21494e-06	3.26211
0.0003667	222.905	4.21494e-06	2.45725
0.00037513	242.868	4.21494e-06	3.05055
0.00038356	250.355	4.21494e-06	3.65791
0.00039199	256.555	4.21494e-06	3.18334
0.00040042	266.018	4.21494e-06	2.79915
0.000408849	279.512	4.21494e-06	3.03041
0.000417279	291.496	4.21494e-06	3.62077
0.000425709	305.572	4.21494e-06	3.21344
0.000434139	315.858	4.21494e-06	4.03921
0.000442569	320.781	4.21494e-06	3.16913
0.000450999	333.472	4.21494e-06	4.02802
0.000459429	343.966	4.21494e-06	3.38945
0.000467859	355.572	4.21494e-06	3.3861
0.000476289	361.911	4.21494e-06	3.13519
0.000484718	381.788	4.21494e-06	3.60783
0.000493148	384.614	4.21494e-06	3.78029
0.000501578	411.494	4.21494e-06	5.12827
0.000510008	416.684	4.21494e-06	4.07105
0.000518438	429.679	4.21494e-06	3.53424
0.000526868	439.863	4.21494e-06	3.57831
0.000535298	450.313	4.21494e-06	4.5485
0.000543728	468.834	4.21494e-06	5.6008
0.000552158	479.405	4.21494e-06	4.50761
0.000560587	479.166	4.21494e-06	4.64354
0.000569017	500.955	4.21494e-06	3.78967
0.000577447	505.442	4.21494e-06	4.06217
0.000585877	516.598	4.21494e-06	3.78386
0.000594307	537.238	4.21494e-06	4.07818
0.000602737	550.23	4.21494e-06	4.5774
0.000611167	556.261	4.21494e-06	4.21407
0.000619597	568.78	4.21494e-06	3.91647
0.000628026	583.175	4.21494e-06	4.19084
0.000636456	596.538	4.21494e-06	5.64792
0.000644886	595.525	4.21494e-06	3.96206
0.000653316	624.373	4.21494e-06	4.57727
0.000661746	625.698	4.21494e-06	4.5547
0.000670176	632.225	4.21494e-06	4.17663
0.000678606	652.747	4.21494e-06	4.39203
0.000687036	675.564	4.21494e-06	5.84725
0.000695466	677.3	4.21494e-06	5.09235
0.000703895	678.426	4.21494e-06	4.93841
0.000712325	701.859	4.21494e-06	6.42789
0.000720755	700.818	4.21494e-06	4.57349
0.000729185	717.979	4.21494e-06	5.48913
0.000737615	724.084	4.21494e-06	4.9094
0.000746045	735.598	4.21494e-06	5.35807
0.000754475	735.387	4.21494e-06	4.4537
0.000762905	758.224	4.21494e-06	5.02997
0.000771335	763.054	4.21494e-06	5.85889
0.000779764	786.55	4.21494e-06	5.69758
0.000788194	786.65	4.21494e-06	4.94026
0.000796624	792.195	4.21494e-06	5.12394
0.000805054	791.174	4.21494e-06	4.82113
0.000813484	805.077	4.21494e-06	5.6817
0.000821914	827.308	4.21494e-06	8.25797
0.000830344	827.135	4.21494e-06	5.97784
0.000838774	873.088	4.21494e-06	29.6104
0.000847204	833.378	4.21494e-06	4.99218
0.000855633	840.055	4.21494e-06	5.36294
0.000864063	863.342	4.21494e-06	8.73109
0.000872493	860.316	4.21494e-06	6.14057
0.000880923	858.935	4.21494e-06	5.48773
0.000889353	863.473	4.21494e-06	5.02712
0.000897783	876.245	4.21494e-06	9.85853
0.000906213	880.26	4.21494e-06	5.79766
0.000914643	884.458	4.21494e-06	7.24874
0.000923072	887.851	4.21494e-06	6.98052
0.000931502	893.072	4.21494e-06	7.32259
0.000939932	871.38	4.21494e-06	4.90297
0.000948362	903.107	4.21494e-06	5.51156
0.000956792	895.885	4.21494e-06	5.75904
0.000965222	900.826	4.21494e-06	5.39924
0.000973652	903.931	4.21494e-06	6.53511
0.000982082	918.394	4.21494e-06	5.82369
0.000990512	916.945	4.21494e-06	5.31317
0.000998941	917.623	4.21494e-06	5.54701
0.00100737	929.575	4.21494e-06	15.1589
0.0010158	922.724	4.21494e-06	6.66695
0.00102423	929.508	4.21494e-06	6.40292
0.00103266	924.08	4.21494e-06	5.78939
0.00104109	929.365	4.21494e-06	6.48433
0.00104952	911.017	4.21494e-06	5.10524
0.00105795	919.528	4.21494e-06	5.79602
0.00106638	918.161	4.21494e-06	5.49859
0.00107481	917.863	4.21494e-06	5.84069
0.00108324	907.333	4.21494e-06	5.37792
0.00109167	916.579	4.21494e-06	7.22196
0.0011001	904.099	4.21494e-06	5.1065
0.00110853	910.639	4.21494e-06	5.99904
0.00111696	892.374	4.21494e-06	5.43234
0.00112539	902.269	4.21494e-06	6.67202
0.00113382	896.439	4.21494e-06	5.65978
0.00114225	905.841	4.21494e-06	7.5196
0.00115068	893.663	4.21494e-06	5.34381
0.00115911	881.207	4.21494e-06	5.4455
0.00116754	893.661	4.21494e-06	7.01975
0.00117597	883.532	4.21494e-06	5.06189
0.0011844	878.916	4.21494e-06	6.05514
0.00119283	862.752	4.21494e-06	5.06634
0.00120126	863.152	4.21494e-06	5.24591
0.00120969	861.344	4.21494e-06	5.6958
0.00121812	847.453	4.21494e-06	5.43744
0.00122655	854.037	4.21494e-06	6.89739
0.00123498	838.485	4.21494e-06	5.15286
0.00124341	828.064	4.21494e-06	5.52923
0.00125184	814.318	4.21494e-06	5.49645
0.00126027	812.626	4.21494e-06	4.9306
0.0012687	803.472	4.21494e-06	4.93836
0.00127713	801.865	4.21494e-06	4.91221
0.00128556	793.442	4.21494e-06	4.84897
0.00129399	789.126	4.21494e-06	5.24785
0.00130242	774.573	4.21494e-06	4.55989
0.00131085	770.045	4.21494e-06	5.96906
0.00131928	763.164	4.21494e-06	5.60878
0.00132771	764.218	4.21494e-06	7.94865
0.00133614	740.289	4.21494e-06	4.52669
0.00134457	741.006	4.21494e-06	5.23558
0.001353	729.489	4.21494e-06	4.89824
0.00136143	719.135	4.21494e-06	4.71416
0.00136986	710.847	4.21494e-06	4.9506
0.00137829	709.9	4.21494e-06	6.36353
0.00138672	689.86	4.21494e-06	5.08325
0.00139515	691.253	4.21494e-06	5.14955
0.00140358	679.452	4.21494e-06	6.38673
0.00141201	666.391	4.21494e-06	6.73354
0.00142044	651.528	4.21494e-06	4.35158
0.00142887	649.012	4.21494e-06	5.09967
0.0014373	637.214	4.21494e-06	4.5065
0.00144573	626.494	4.21494e-06	4.42612
0.00145416	616.393	4.21494e-06	5.52949
0.00146259	604.723	4.21494e-06	4.04225
0.00147102	598.185	4.21494e-06	4.47244
0.00147944	593.79	4.21494e-06	4.4551
0.00148787	575.708	4.21494e-06	4.48402
0.0014963	563.127	4.21494e-06	4.95076
0.00150473	556.856	4.21494e-06	4.7172
0.00151316	539.866	4.21494e-06	3.69824
0.00152159	534.325	4.21494e-06	5.08426
0.00153002	520.05	4.21494e-06	3.83322
0.00153845	510.396	4.21494e-06	3.65797
0.00154688	513.892	4.21494e-06	5.27449
0.00155531	503.881	4.21494e-06	5.15367
0.00156374	491.345	4.21494e-06	4.07441
0.00157217	487.554	4.21494e-06	5.83649
0.0015806	472.649	4.21494e-06	6.04331
0.00158903	461.261	4.21494e-06	3.67778
0.00159746	452.37	4.21494e-06	3.83525
0.00160589	436.636	4.21494e-06	3.44354
0.00161432	428.391	4.21494e-06	3.30102
0.00162275	421.444	4.21494e-06	4.48012
0.00163118	414.505	4.21494e-06	3.90589
0.00163961	403.91	4.21494e-06	3.68995
0.00164804	395.429	4.21494e-06	4.02739
0.00165647	383.768	4.21494e-06	3.35569
0.0016649	368.639	4.21494e-06	3.19397
0.00167333	367.931	4.21494e-06	3.30016
0.00168176	358.738	4.21494e-06	3.53673
0.00169019	346.204	4.21494e-06	3.00269
0.00169862	351.117	4.21494e-06	7.4107
0.00170705	329.544	4.21494e-06	2.89093
0.00171548	318.4	4.21494e-06	2.92913
0.00172391	317.792	4.21494e-06	3.24829
0.00173234	305.883	4.21494e-06	3.43186
0.00174077	297.014	4.21494e-06	2.65671
0.0017492	290.686	4.21494e-06	3.04381
0.00175763	277.705	4.21494e-06	2.4514
0.00176606	283.502	4.21494e-06	3.29917
0.00177449	272.767	4.21494e-06	3.63229
0.00178292	257.379	4.21494e-06	2.52548
0.00179135	258.31	4.21494e-06	3.19722
0.00179978	243.408	4.21494e-06	2.45595
0.00180821	242.764	4.21494e-06	2.79507
0.00181664	255.122	4.21494e-06	18.215
0.00182507	226.798	4.21494e-06	2.40137
0.0018335	216.438	4.21494e-06	2.50061
0.00184193	211.893	4.21494e-06	2.25706
0.00185036	209.14	4.21494e-06	2.27819
0.00185879	202.837	4.21494e-06	2.70502
0.00186722	192.9	4.21494e-06	2.38888
0.00187565	187.228	4.21494e-06	2.15561
0.00188408	185.375	4.21494e-06	2.84788
0.00189251	180.84	4.21494e-06	3.37876
0.00190094	171.983	4.21494e-06	2.06108
0.00190937	168.609	4.21494e-06	3.16224
0.0019178	161.823	4.21494e-06	2.23575
0.00192623	158.049	4.21494e-06	2.11943
0.00193466	152.229	4.21494e-06	1.92015
0.00194309	144.269	4.21494e-06	1.8505
0.00195152	139.165	4.21494e-06	2.00728
0.00195995	138.794	4.21494e-06	3.07101
0.00196838	130.496	4.21494e-06	1.93856
0.00197681	127.318	4.21494e-06	1.94302
0.00198524	122.572	4.21494e-06	1.78962
0.00199367	114.269	4.21494e-06	1.573
0.0020021	113.906	4.21494e-06	1.79199
0.00201053	110.466	4.21494e-06	2.15499
0.00201896	105.22	4.21494e-06	1.5215
0.00202739	105.733	4.21494e-06	1.93222
0.00203582	95.8965	4.21494e-06	1.4547
0.00204425	94.9984	4.21494e-06	1.64451
0.00205268	91.5256	4.21494e-06	1.67962
0.00206111	86.5968	4.21494e-06	1.53622
0.00206954	83.1083	4.21494e-06	1.54518
0.00207797	80.5966	4.21494e-06	1.51709
0.0020864	76.7647	4.21494e-06	1.28918
0.00209483	71.9013	4.21494e-06	1.26886
0.00210326	72.6433	4.21494e-06	1.42466
0.00211169	72.1587	4.21494e-06	1.40909
0.00212012	65.9259	4.21494e-06	1.45618
0.00212855	64.5917	4.21494e-06	1.54556
0.00213698	60.2886	4.21494e-06	1.09588
0.00214541	59.6892	4.21494e-06	1.36233
0.00215384	56.7955	4.21494e-06	1.21287
0.00216227	52.1142	4.21494e-06	1.0743
0.0021707	52.4666	4.21494e-06	1.31164
0.00217913	48.2337	4.21494e-06	1.06513
0.00218756	44.8109	4.21494e-06	0.920602
0.00219599	43.8801	4.21494e-06	1.00394
0.00220442	44.0357	4.21494e-06	1.17007
0.00221285	42.2936	4.21494e-06	1.09618
0.00222127	38.5516	4.21494e-06	1.06726
0.0022297	43.6166	4.21494e-06	5.39193
0.00223813	35.1952	4.21494e-06	0.904314
0.00224656	33.1121	4.21494e-06	0.947513
0.00225499	30.7943	4.21494e-06	0.769815
0.00226342	27.9975	4.21494e-06	0.731257
0.00227185	27.6088	4.21494e-06	0.759177
0.00228028	26.5182	4.21494e-06	0.784964
0.00228871	24.624	4.21494e-06	0.754682
0.00229714	25.0806	4.21494e-06	1.04642
0.00230557	22.905	4.21494e-06	0.69971
0.002314	20.968	4.21494e-06	0.625148
0.00232243	21.1903	4.21494e-06	0.864944
0.00233086	20.147	4.21494e-06	1.00498
0.00233929	17.9876	4.21494e-06	0.558079
0.00234772	18.7987	4.21494e-06	1.58439
0.00235615	15.8778	4.21494e-06	0.545993
0.00236458	14.4661	4.21494e-06	0.480386
0.00237301	13.2689	4.21494e-06	0.446108
0.00238144	12.8127	4.21494e-06	0.474263
0.00238987	12.1833	4.21494e-06	0.476858
0.0023983	11.2257	4.21494e-06	0.441823
0.00240673	10.0016	4.21494e-06	0.38806
0.00241516	10.6978	4.21494e-06	0.508698
0.00242359	8.74854	4.21494e-06	0.35673
0.00243202	9.01159	4.21494e-06	0.423004
0.00244045	6.95582	4.21494e-06	0.333787
0.00244888	7.08853	4.21494e-06	0.343286
0.00245731	6.44753	4.21494e-06	0.314504
0.00246574	6.44678	4.21494e-06	0.30951
0.00247417	5.47587	4.21494e-06	0.288418
0.0024826	4.43942	4.21494e-06	0.262454
0.00249103	3.91584	4.21494e-06	0.229232
0.00249946	3.78261	4.21494e-06	0.23319
0.00250789	3.23006	4.21494e-06	0.204559
0.00251632	2.33658	4.21494e-06	0.173501
0.00252475	2.31436	4.21494e-06	0.173671
0.00253318	2.11456	4.21494e-06	0.165648
0.00254161	1.60987	4.21494e-06	0.143632
0.00255004	0.955467	4.21494e-06	0.107374
0.00255847	0.88887	4.21494e-06	0.10403
0.0025669	0.568568	4.21494e-06	0.0820833
0.00257533	0.245318	4.21494e-06	0.0550934
0.00258376	0.0240089	4.21494e-06	0.0169787
