4.21494e-06	0.0644661	4.21494e-06	0.0271078
1.26448e-05	0.392682	4.21494e-06	0.0780427
2.10747e-05	1.47611	4.21494e-06	0.172263
2.95046e-05	2.80762	4.21494e-06	0.313425
3.79345e-05	4.5959	4.21494e-06	0.282853
4.63644e-05	7.25792	4.21494e-06	0.462478
5.47943e-05	9.33035	4.21494e-06	0.542846
6.32241e-05	12.6498	4.21494e-06	0.558837
7.1654e-05	18.0758	4.21494e-06	1.11141
8.00839e-05	22.2057	4.21494e-06	0.990276
8.85138e-05	24.0369	4.21494e-06	0.807771
9.69437e-05	29.4238	4.21494e-06	0.925489
0.000105374	36.7178	4.21494e-06	1.42013
0.000113803	39.4349	4.21494e-06	1.15323
0.000122233	46.7535	4.21494e-06	1.39149
0.000130663	52.5859	4.21494e-06	1.29406
0.000139093	60.5439	4.21494e-06	1.4164
0.000147523	68.3498	4.21494e-06	1.54703
0.000155953	72.185	4.21494e-06	1.68486
0.000164383	81.5191	4.21494e-06	1.94798
0.000172813	90.4339	4.21494e-06	1.8528
0.000181243	98.4382	4.21494e-06	1.80469
0.000189672	111.152	4.21494e-06	2.89728
0.000198102	114.249	4.21494e-06	1.95026
0.000206532	122.464	4.21494e-06	1.98667
0.000214962	129.376	4.21494e-06	2.03992
0.000223392	142.782	4.21494e-06	1.99358
0.000231822	153.037	4.21494e-06	2.40087
0.000240252	161.808	4.21494e-06	2.25224
0.000248682	172.111	4.21494e-06	2.09434
0.000257112	188.964	4.21494e-06	2.87909
0.000265541	193.834	4.21494e-06	2.38178
0.000273971	204.744	4.21494e-06	2.63039
0.000282401	220.685	4.21494e-06	2.74764
0.000290831	230.823	4.21494e-06	2.8061
0.000299261	242.942	4.21494e-06	2.74875
0.000307691	259.61	4.21494e-06	2.84717
0.000316121	269.73	4.21494e-06	3.04404
0.000324551	281.691	4.21494e-06	3.91303
0.00033298	289.21	4.21494e-06	3.07407
0.00034141	303.898	4.21494e-06	3.11309
0.00034984	321.123	4.21494e-06	5.29616
0.00035827	328.884	4.21494e-06	3.78213
0.0003667	340.56	4.21494e-06	3.57684
0.00037513	357.166	4.21494e-06	3.55108
0.00038356	362.107	4.21494e-06	3.63262
0.00039199	375.116	4.21494e-06	3.84685
0.00040042	406.811	4.21494e-06	8.76934
0.000408849	410.573	4.21494e-06	4.35363
0.000417279	431.6	4.21494e-06	5.11481
0.000425709	432.076	4.21494e-06	3.66221
0.000434139	458.534	4.21494e-06	5.6904
0.000442569	459.372	4.21494e-06	4.16135
0.000450999	474.993	4.21494e-06	5.15296
0.000459429	483.037	4.21494e-06	3.93249
0.000467859	511.779	4.21494e-06	5.28528
0.000476289	526.271	4.21494e-06	5.70781
0.000484718	529.209	4.21494e-06	4.38745
0.000493148	536.025	4.21494e-06	4.32541
0.000501578	562.229	4.21494e-06	10.4843
0.000510008	567.017	4.21494e-06	6.16465
0.000518438	575.572	4.21494e-06	4.52286
0.000526868	595.426	4.21494e-06	5.96477
0.000535298	608.697	4.21494e-06	6.08737
0.000543728	611.632	4.21494e-06	5.28478
0.000552158	636.33	4.21494e-06	4.76326
0.000560587	646.672	4.21494e-06	5.16259
0.000569017	660.703	4.21494e-06	4.71255
0.000577447	662.522	4.21494e-06	4.67708
0.000585877	683.629	4.21494e-06	4.96753
0.000594307	715.556	4.21494e-06	12.2345
0.000602737	698.363	4.21494e-06	4.51705
0.000611167	720.653	4.21494e-06	5.84112
0.000619597	726.022	4.21494e-06	5.39228
0.000628026	734.317	4.21494e-06	4.76474
0.000636456	760.988	4.21494e-06	6.42293
0.000644886	756.169	4.21494e-06	7.4936
0.000653316	765.96	4.21494e-06	5.70677
0.000661746	776.947	4.21494e-06	6.26126
0.000670176	772.451	4.21494e-06	4.59442
0.000678606	792.698	4.21494e-06	5.6068
0.000687036	797.171	4.21494e-06	5.08779
0.000695466	804.192	4.21494e-06	5.57771
0.000703895	810.966	4.21494e-06	6.24551
0.000712325	821.199	4.21494e-06	8.12485
0.000720755	826.99	4.21494e-06	5.18436
0.000729185	837.255	4.21494e-06	5.25629
0.000737615	849.056	4.21494e-06	5.24134
0.000746045	851.868	4.21494e-06	4.87878
0.000754475	857.323	4.21494e-06	5.14808
0.000762905	870.924	4.21494e-06	5.44172
0.000771335	884.391	4.21494e-06	5.94994
0.000779764	870.137	4.21494e-06	5.14813
0.000788194	892.218	4.21494e-06	6.98803
0.000796624	880.068	4.21494e-06	5.08237
0.000805054	903.414	4.21494e-06	5.99649
0.000813484	896.573	4.21494e-06	5.45433
0.000821914	898.798	4.21494e-06	5.35742
0.000830344	908.444	4.21494e-06	5.18889
0.000838774	900.25	4.21494e-06	5.17752
0.000847204	916.85	4.21494e-06	5.29268
0.000855633	924.38	4.21494e-06	5.62262
0.000864063	925.748	4.21494e-06	5.10615
0.000872493	936.766	4.21494e-06	5.44897
0.000880923	935.336	4.21494e-06	5.4304
0.000889353	929.948	4.21494e-06	5.06305
0.000897783	931.238	4.21494e-06	5.08159
0.000906213	934.363	4.21494e-06	5.44563
0.000914643	940.242	4.21494e-06	5.77595
0.000923072	937.419	4.21494e-06	5.4104
0.000931502	934.689	4.21494e-06	5.23008
0.000939932	939.316	4.21494e-06	5.8728
0.000948362	936.346	4.21494e-06	5.78521
0.000956792	932.183	4.21494e-06	4.94978
0.000965222	924.336	4.21494e-06	4.80183
0.000973652	935.397	4.21494e-06	5.06284
0.000982082	917.064	4.21494e-06	4.7699
0.000990512	923.683	4.21494e-06	5.32723
0.000998941	926.975	4.21494e-06	6.7767
0.00100737	918.085	4.21494e-06	5.40583
0.0010158	911.076	4.21494e-06	5.04418
0.00102423	912.512	4.21494e-06	5.01229
0.00103266	898.993	4.21494e-06	4.81376
0.00104109	896.427	4.21494e-06	4.72989
0.00104952	894.722	4.21494e-06	5.31186
0.00105795	877.923	4.21494e-06	4.22625
0.00106638	886.819	4.21494e-06	5.39771
0.00107481	881.687	4.21494e-06	5.98678
0.00108324	870.665	4.21494e-06	4.54533
0.00109167	869.848	4.21494e-06	4.25885
0.0011001	887.164	4.21494e-06	8.52921
0.00110853	889.116	4.21494e-06	8.71462
0.00111696	869.282	4.21494e-06	4.4261
0.00112539	856.557	4.21494e-06	4.21013
0.00113382	851.099	4.21494e-06	4.30051
0.00114225	832.129	4.21494e-06	4.02549
0.00115068	842.617	4.21494e-06	4.3346
0.00115911	833.588	4.21494e-06	4.29777
0.00116754	833.163	4.21494e-06	4.36994
0.00117597	823.493	4.21494e-06	4.18025
0.0011844	816.035	4.21494e-06	4.19339
0.00119283	816.876	4.21494e-06	4.31701
0.00120126	801.839	4.21494e-06	4.20347
0.00120969	792.24	4.21494e-06	4.17513
0.00121812	781.112	4.21494e-06	3.84667
0.00122655	770.083	4.21494e-06	4.25857
0.00123498	765.139	4.21494e-06	4.02509
0.00124341	759.167	4.21494e-06	4.10576
0.00125184	740.086	4.21494e-06	3.84588
0.00126027	735.557	4.21494e-06	3.88121
0.0012687	725.795	4.21494e-06	5.16198
0.00127713	717.343	4.21494e-06	4.02295
0.00128556	701.64	4.21494e-06	4.5514
0.00129399	687.186	4.21494e-06	4.077
0.00130242	675.551	4.21494e-06	3.60179
0.00131085	664.905	4.21494e-06	3.59932
0.00131928	654.497	4.21494e-06	3.45191
0.00132771	643.84	4.21494e-06	3.51567
0.00133614	636.193	4.21494e-06	3.54583
0.00134457	627.107	4.21494e-06	3.5989
0.001353	615.879	4.21494e-06	3.37049
0.00136143	604.679	4.21494e-06	3.25678
0.00136986	589.61	4.21494e-06	3.24938
0.00137829	584.182	4.21494e-06	3.14546
0.00138672	571.818	4.21494e-06	3.1764
0.00139515	566.675	4.21494e-06	3.41773
0.00140358	557.234	4.21494e-06	3.25244
0.00141201	544.885	4.21494e-06	3.45401
0.00142044	535.414	4.21494e-06	3.14867
0.00142887	523.613	4.21494e-06	3.31537
0.0014373	507.351	4.21494e-06	3.11586
0.00144573	501.94	4.21494e-06	3.26697
0.00145416	495.996	4.21494e-06	2.91286
0.00146259	489.103	4.21494e-06	3.08693
0.00147102	474.452	4.21494e-06	2.79975
0.00147944	475.073	4.21494e-06	3.76115
0.00148787	452.606	4.21494e-06	2.79969
0.0014963	447.885	4.21494e-06	2.85621
0.00150473	435.545	4.21494e-06	2.60108
0.00151316	429.293	4.21494e-06	2.57488
0.00152159	421.254	4.21494e-06	2.66316
0.00153002	407.331	4.21494e-06	2.48069
0.00153845	400.854	4.21494e-06	2.57441
0.00154688	397.933	4.21494e-06	5.77631
0.00155531	378.606	4.21494e-06	2.3973
0.00156374	373.887	4.21494e-06	2.41228
0.00157217	362.796	4.21494e-06	2.36079
0.0015806	350.49	4.21494e-06	2.22082
0.00158903	348.234	4.21494e-06	2.30937
0.00159746	347.053	4.21494e-06	4.03828
0.00160589	329.342	4.21494e-06	2.54055
0.00161432	325.375	4.21494e-06	2.16342
0.00162275	313.752	4.21494e-06	2.09416
0.00163118	303.718	4.21494e-06	2.04989
0.00163961	297.697	4.21494e-06	1.97715
0.00164804	290.265	4.21494e-06	1.99532
0.00165647	282.332	4.21494e-06	1.94002
0.0016649	276.635	4.21494e-06	2.14174
0.00167333	266.238	4.21494e-06	1.83295
0.00168176	263.488	4.21494e-06	1.80606
0.00169019	257.531	4.21494e-06	1.77223
0.00169862	253.088	4.21494e-06	1.73822
0.00170705	249.063	4.21494e-06	1.78322
0.00171548	242.587	4.21494e-06	1.71
0.00172391	237.93	4.21494e-06	1.6872
0.00173234	227.014	4.21494e-06	1.61315
0.00174077	223.394	4.21494e-06	1.59352
0.0017492	213.222	4.21494e-06	1.56062
0.00175763	208.181	4.21494e-06	1.54462
0.00176606	203.567	4.21494e-06	1.50786
0.00177449	196.455	4.21494e-06	1.48387
0.00178292	189.768	4.21494e-06	1.45033
0.00179135	182.898	4.21494e-06	1.41555
0.00179978	177.799	4.21494e-06	1.39208
0.00180821	171.942	4.21494e-06	1.36506
0.00181664	165.823	4.21494e-06	1.33604
0.00182507	162.022	4.21494e-06	1.31061
0.0018335	157.529	4.21494e-06	1.30043
0.00184193	151.001	4.21494e-06	1.26428
0.00185036	144.24	4.21494e-06	1.22611
0.00185879	141.206	4.21494e-06	1.21451
0.00186722	134.832	4.21494e-06	1.19174
0.00187565	130.77	4.21494e-06	1.1958
0.00188408	125.239	4.21494e-06	1.13353
0.00189251	120.212	4.21494e-06	1.12059
0.00190094	118.316	4.21494e-06	1.10749
0.00190937	111.507	4.21494e-06	1.07138
0.0019178	108.727	4.21494e-06	1.04845
0.00192623	103.292	4.21494e-06	1.0439
0.00193466	99.9337	4.21494e-06	1.01194
0.00194309	94.6468	4.21494e-06	0.984231
0.00195152	92.562	4.21494e-06	0.964053
0.00195995	86.9611	4.21494e-06	0.926817
0.00196838	86.2269	4.21494e-06	0.939455
0.00197681	81.4691	4.21494e-06	0.913436
0.00198524	79.2298	4.21494e-06	0.890484
0.00199367	76.1824	4.21494e-06	0.88487
0.0020021	72.4547	4.21494e-06	0.840846
0.00201053	68.9506	4.21494e-06	0.824047
0.00201896	66.0457	4.21494e-06	0.80963
0.00202739	62.3206	4.21494e-06	0.779852
0.00203582	60.3961	4.21494e-06	0.7634
0.00204425	58.8957	4.21494e-06	0.766887
0.00205268	54.5327	4.21494e-06	0.732836
0.00206111	52.7003	4.21494e-06	0.712135
0.00206954	51.6775	4.21494e-06	0.706912
0.00207797	48.479	4.21494e-06	0.687306
0.0020864	47.539	4.21494e-06	0.685771
0.00209483	44.329	4.21494e-06	0.65179
0.00210326	42.6681	4.21494e-06	0.636377
0.00211169	39.4286	4.21494e-06	0.607688
0.00212012	38.7456	4.21494e-06	0.602486
0.00212855	36.1338	4.21494e-06	0.583281
0.00213698	34.2526	4.21494e-06	0.565489
0.00214541	31.9973	4.21494e-06	0.547678
0.00215384	31.3061	4.21494e-06	0.536648
0.00216227	29.7893	4.21494e-06	0.526104
0.0021707	28.3973	4.21494e-06	0.512282
0.00217913	26.365	4.21494e-06	0.492039
0.00218756	28.5565	4.21494e-06	0.509565
0.00219599	26.3576	4.21494e-06	0.492464
0.00220442	23.8522	4.21494e-06	0.462403
0.00221285	23.7491	4.21494e-06	0.460812
0.00222127	22.0379	4.21494e-06	0.446979
0.0022297	20.3983	4.21494e-06	0.423234
0.00223813	19.2748	4.21494e-06	0.413379
0.00224656	18.8306	4.21494e-06	0.414182
0.00225499	16.5929	4.21494e-06	0.39368
0.00226342	16.4541	4.21494e-06	0.379945
0.00227185	15.5208	4.21494e-06	0.370221
0.00228028	13.8761	4.21494e-06	0.347203
0.00228871	13.204	4.21494e-06	0.342869
0.00229714	13.0431	4.21494e-06	0.342007
0.00230557	11.8419	4.21494e-06	0.325462
0.002314	11.2762	4.21494e-06	0.31076
0.00232243	10.3358	4.21494e-06	0.296205
0.00233086	9.49234	4.21494e-06	0.283005
0.00233929	9.17278	4.21494e-06	0.274409
0.00234772	8.70837	4.21494e-06	0.269991
0.00235615	8.15683	4.21494e-06	0.260238
0.00236458	7.75567	4.21494e-06	0.250872
0.00237301	6.98709	4.21494e-06	0.240747
0.00238144	6.37604	4.21494e-06	0.226876
0.00238987	5.96424	4.21494e-06	0.222312
0.0023983	4.95	4.21494e-06	0.201932
0.00240673	4.70707	4.21494e-06	0.198057
0.00241516	3.93838	4.21494e-06	0.179344
0.00242359	3.86714	4.21494e-06	0.174909
0.00243202	3.47977	4.21494e-06	0.167355
0.00244045	3.23058	4.21494e-06	0.166107
0.00244888	2.80804	4.21494e-06	0.14842
0.00245731	2.12987	4.21494e-06	0.129886
0.00246574	2.23331	4.21494e-06	0.133389
0.00247417	1.89031	4.21494e-06	0.121734
0.0024826	1.77805	4.21494e-06	0.11723
0.00249103	1.54172	4.21494e-06	0.109108
0.00249946	1.2618	4.21494e-06	0.104055
0.00250789	1.24344	4.21494e-06	0.0957511
0.00251632	1.07015	4.21494e-06	0.0898433
0.00252475	0.673492	4.21494e-06	0.0706238
0.00253318	0.690382	4.21494e-06	0.0784547
0.00254161	0.463089	4.21494e-06	0.0580862
0.00255004	0.331129	4.21494e-06	0.0489944
0.00255847	0.198508	4.21494e-06	0.0375683
0.0025669	0.105689	4.21494e-06	0.0273113
0.00257533	0.0300094	4.21494e-06	0.0151399
0.00258376	0	4.21494e-06	0
