4.21494e-06	0.0791385	4.21494e-06	0.0416318
1.26448e-05	0.361067	4.21494e-06	0.101063
2.10747e-05	0.621137	4.21494e-06	0.156053
2.95046e-05	1.48138	4.21494e-06	0.180731
3.79345e-05	8.38962	4.21494e-06	3.5815
4.63644e-05	4.22515	4.21494e-06	0.458391
5.47943e-05	6.22242	4.21494e-06	0.725379
6.32241e-05	6.30496	4.21494e-06	0.371737
7.1654e-05	8.43704	4.21494e-06	0.39178
8.00839e-05	10.7672	4.21494e-06	0.654614
8.85138e-05	12.771	4.21494e-06	0.5309
9.69437e-05	15.1527	4.21494e-06	0.558654
0.000105374	18.6273	4.21494e-06	0.769272
0.000113803	21.8532	4.21494e-06	0.70942
0.000122233	27.4917	4.21494e-06	1.77686
0.000130663	29.6361	4.21494e-06	1.21289
0.000139093	35.3367	4.21494e-06	1.16447
0.000147523	37.3626	4.21494e-06	0.968627
0.000155953	40.2028	4.21494e-06	1.09658
0.000164383	44.8438	4.21494e-06	1.01442
0.000172813	47.0733	4.21494e-06	1.06865
0.000181243	58.7968	4.21494e-06	1.88835
0.000189672	59.3137	4.21494e-06	1.27265
0.000198102	68.3946	4.21494e-06	1.40998
0.000206532	72.725	4.21494e-06	1.37373
0.000214962	79.1728	4.21494e-06	1.5299
0.000223392	84.3003	4.21494e-06	1.57896
0.000231822	91.9143	4.21494e-06	2.18221
0.000240252	98.8119	4.21494e-06	1.95612
0.000248682	107.981	4.21494e-06	1.91205
0.000257112	111.838	4.21494e-06	1.75648
0.000265541	123.446	4.21494e-06	2.39272
0.000273971	127.961	4.21494e-06	2.2053
0.000282401	147.99	4.21494e-06	8.25091
0.000290831	142.597	4.21494e-06	2.01002
0.000299261	151.214	4.21494e-06	2.4358
0.000307691	163.564	4.21494e-06	2.17896
0.000316121	178.45	4.21494e-06	3.13579
0.000324551	177.504	4.21494e-06	2.18341
0.00033298	189.034	4.21494e-06	2.34377
0.00034141	198.98	4.21494e-06	2.48154
0.00034984	212.541	4.21494e-06	4.89842
0.00035827	217.917	4.21494e-06	2.77205
0.0003667	228.128	4.21494e-06	2.98779
0.00037513	240.603	4.21494e-06	3.30278
0.00038356	241.926	4.21494e-06	2.49386
0.00039199	261.047	4.21494e-06	4.04116
0.00040042	265.402	4.21494e-06	3.00325
0.000408849	280.122	4.21494e-06	3.1457
0.000417279	289.709	4.21494e-06	3.61432
0.000425709	297.661	4.21494e-06	2.94364
0.000434139	309.474	4.21494e-06	3.30323
0.000442569	324.057	4.21494e-06	3.39098
0.000450999	329.941	4.21494e-06	3.12302
0.000459429	352.444	4.21494e-06	3.5025
0.000467859	362.618	4.21494e-06	4.21892
0.000476289	370.705	4.21494e-06	3.46703
0.000484718	383.144	4.21494e-06	3.57527
0.000493148	396.629	4.21494e-06	3.48641
0.000501578	398.887	4.21494e-06	3.65081
0.000510008	411.357	4.21494e-06	3.36226
0.000518438	433.188	4.21494e-06	3.89427
0.000526868	441.13	4.21494e-06	4.16884
0.000535298	452.465	4.21494e-06	3.96392
0.000543728	461.569	4.21494e-06	4.10624
0.000552158	473.907	4.21494e-06	3.59432
0.000560587	489.658	4.21494e-06	4.03127
0.000569017	497.624	4.21494e-06	4.11999
0.000577447	506.003	4.21494e-06	3.98173
0.000585877	529.674	4.21494e-06	5.65153
0.000594307	543.078	4.21494e-06	4.92213
0.000602737	546.151	4.21494e-06	4.02647
0.000611167	555.007	4.21494e-06	4.53129
0.000619597	576.203	4.21494e-06	5.3511
0.000628026	591.282	4.21494e-06	4.59575
0.000636456	583.717	4.21494e-06	3.96753
0.000644886	603.79	4.21494e-06	3.99182
0.000653316	618.153	4.21494e-06	4.6012
0.000661746	635.505	4.21494e-06	5.3664
0.000670176	638.778	4.21494e-06	4.81587
0.000678606	651.264	4.21494e-06	4.65297
0.000687036	665.651	4.21494e-06	5.01568
0.000695466	676.007	4.21494e-06	5.62597
0.000703895	687.982	4.21494e-06	4.95974
0.000712325	692.398	4.21494e-06	4.58291
0.000720755	708.017	4.21494e-06	4.67843
0.000729185	714.369	4.21494e-06	5.99654
0.000737615	741.389	4.21494e-06	6.33153
0.000746045	735.97	4.21494e-06	5.83648
0.000754475	751.219	4.21494e-06	4.80021
0.000762905	751.68	4.21494e-06	4.74114
0.000771335	754.264	4.21494e-06	4.92584
0.000779764	781.026	4.21494e-06	4.99012
0.000788194	781.252	4.21494e-06	5.09383
0.000796624	794.193	4.21494e-06	5.83426
0.000805054	808.169	4.21494e-06	5.31714
0.000813484	808.028	4.21494e-06	5.05334
0.000821914	814.359	4.21494e-06	4.91188
0.000830344	816.396	4.21494e-06	5.00959
0.000838774	827.397	4.21494e-06	5.01432
0.000847204	838.068	4.21494e-06	4.84757
0.000855633	843.535	4.21494e-06	5.13652
0.000864063	849.429	4.21494e-06	5.34858
0.000872493	855.049	4.21494e-06	5.27352
0.000880923	845.431	4.21494e-06	4.82255
0.000889353	867.748	4.21494e-06	5.60732
0.000897783	876.624	4.21494e-06	5.33692
0.000906213	875.089	4.21494e-06	5.23239
0.000914643	886.846	4.21494e-06	5.46018
0.000923072	896.051	4.21494e-06	8.36108
0.000931502	901.841	4.21494e-06	5.55337
0.000939932	886.782	4.21494e-06	4.83475
0.000948362	901.242	4.21494e-06	5.77931
0.000956792	902.658	4.21494e-06	5.10651
0.000965222	906.74	4.21494e-06	5.34152
0.000973652	912.542	4.21494e-06	5.03845
0.000982082	908.098	4.21494e-06	6.79917
0.000990512	916.723	4.21494e-06	5.60904
0.000998941	922.09	4.21494e-06	5.29925
0.00100737	926.012	4.21494e-06	5.55601
0.0010158	922.452	4.21494e-06	5.45416
0.00102423	915.948	4.21494e-06	5.79411
0.00103266	916.748	4.21494e-06	5.19695
0.00104109	925.579	4.21494e-06	6.32094
0.00104952	920.825	4.21494e-06	5.31968
0.00105795	926.884	4.21494e-06	6.03638
0.00106638	923.158	4.21494e-06	5.77578
0.00107481	924.569	4.21494e-06	6.20879
0.00108324	915.569	4.21494e-06	6.11764
0.00109167	910.113	4.21494e-06	5.17791
0.0011001	912.623	4.21494e-06	6.62504
0.00110853	907.079	4.21494e-06	5.73083
0.00111696	905.022	4.21494e-06	5.3185
0.00112539	903.689	4.21494e-06	6.07692
0.00113382	896.869	4.21494e-06	5.51096
0.00114225	895.559	4.21494e-06	6.49026
0.00115068	892.618	4.21494e-06	5.53361
0.00115911	875.967	4.21494e-06	4.72039
0.00116754	893.06	4.21494e-06	14.1227
0.00117597	879.35	4.21494e-06	4.84949
0.0011844	864.537	4.21494e-06	4.9753
0.00119283	864.832	4.21494e-06	5.28048
0.00120126	860.589	4.21494e-06	4.65271
0.00120969	855.289	4.21494e-06	5.11914
0.00121812	856.627	4.21494e-06	5.19041
0.00122655	834.586	4.21494e-06	4.94314
0.00123498	832.25	4.21494e-06	4.61938
0.00124341	838.965	4.21494e-06	5.3744
0.00125184	823.841	4.21494e-06	4.89302
0.00126027	816.073	4.21494e-06	4.62643
0.0012687	821.234	4.21494e-06	5.60659
0.00127713	794.065	4.21494e-06	4.79573
0.00128556	803.886	4.21494e-06	7.12104
0.00129399	782.681	4.21494e-06	4.46844
0.00130242	784.878	4.21494e-06	5.07047
0.00131085	765.247	4.21494e-06	4.44538
0.00131928	784.743	4.21494e-06	13.8794
0.00132771	751.802	4.21494e-06	4.32823
0.00133614	751.851	4.21494e-06	5.33609
0.00134457	740.2	4.21494e-06	4.70289
0.001353	725.671	4.21494e-06	4.48679
0.00136143	731.104	4.21494e-06	4.73062
0.00136986	715.778	4.21494e-06	4.61751
0.00137829	724.892	4.21494e-06	16.9295
0.00138672	695.151	4.21494e-06	4.45429
0.00139515	678.731	4.21494e-06	4.31753
0.00140358	671.082	4.21494e-06	4.2323
0.00141201	672.123	4.21494e-06	4.42284
0.00142044	646.568	4.21494e-06	4.37127
0.00142887	644.401	4.21494e-06	4.34437
0.0014373	631.484	4.21494e-06	4.03418
0.00144573	626.401	4.21494e-06	4.39774
0.00145416	625.149	4.21494e-06	5.30458
0.00146259	599.025	4.21494e-06	3.9246
0.00147102	590.68	4.21494e-06	4.08343
0.00147944	590.905	4.21494e-06	4.07805
0.00148787	576.186	4.21494e-06	3.81877
0.0014963	562.627	4.21494e-06	3.96022
0.00150473	564.92	4.21494e-06	6.73146
0.00151316	538.118	4.21494e-06	3.77114
0.00152159	538.585	4.21494e-06	3.7363
0.00153002	528.642	4.21494e-06	3.88715
0.00153845	515.3	4.21494e-06	3.50674
0.00154688	506.948	4.21494e-06	4.25724
0.00155531	498.878	4.21494e-06	3.60917
0.00156374	484.792	4.21494e-06	3.45544
0.00157217	476.904	4.21494e-06	3.69706
0.0015806	468.279	4.21494e-06	3.44513
0.00158903	456.024	4.21494e-06	3.34355
0.00159746	448.21	4.21494e-06	3.55785
0.00160589	444.597	4.21494e-06	4.61665
0.00161432	430.053	4.21494e-06	3.38951
0.00162275	423.634	4.21494e-06	3.23038
0.00163118	420.514	4.21494e-06	6.01375
0.00163961	400.255	4.21494e-06	3.47688
0.00164804	391.808	4.21494e-06	3.24546
0.00165647	381.675	4.21494e-06	3.14276
0.0016649	374.778	4.21494e-06	2.98934
0.00167333	368.846	4.21494e-06	3.67238
0.00168176	354.169	4.21494e-06	2.9207
0.00169019	349.754	4.21494e-06	2.84078
0.00169862	345.261	4.21494e-06	3.78958
0.00170705	329.746	4.21494e-06	3.35798
0.00171548	320.4	4.21494e-06	2.81015
0.00172391	318.764	4.21494e-06	3.25953
0.00173234	306.076	4.21494e-06	2.47465
0.00174077	300.192	4.21494e-06	2.66385
0.0017492	290.238	4.21494e-06	2.90622
0.00175763	281.599	4.21494e-06	2.5545
0.00176606	277.758	4.21494e-06	2.7488
0.00177449	270.108	4.21494e-06	2.49015
0.00178292	256.834	4.21494e-06	2.56639
0.00179135	252.455	4.21494e-06	2.43142
0.00179978	245.587	4.21494e-06	2.53325
0.00180821	239.19	4.21494e-06	2.3887
0.00181664	239.056	4.21494e-06	4.55907
0.00182507	222.187	4.21494e-06	2.14123
0.0018335	224.815	4.21494e-06	3.00712
0.00184193	214.218	4.21494e-06	2.11927
0.00185036	212.808	4.21494e-06	2.83336
0.00185879	198.48	4.21494e-06	2.0659
0.00186722	194.851	4.21494e-06	1.99022
0.00187565	185.626	4.21494e-06	1.96625
0.00188408	183.561	4.21494e-06	2.29459
0.00189251	177.402	4.21494e-06	2.13574
0.00190094	171.529	4.21494e-06	2.21498
0.00190937	164.613	4.21494e-06	2.03558
0.0019178	161.117	4.21494e-06	2.12898
0.00192623	156.595	4.21494e-06	2.48479
0.00193466	151.916	4.21494e-06	1.86267
0.00194309	148.428	4.21494e-06	2.76656
0.00195152	136.943	4.21494e-06	1.7106
0.00195995	133.696	4.21494e-06	1.68564
0.00196838	134.009	4.21494e-06	1.96584
0.00197681	127.041	4.21494e-06	1.73098
0.00198524	124.506	4.21494e-06	1.69391
0.00199367	116.763	4.21494e-06	1.63678
0.0020021	115.112	4.21494e-06	1.80546
0.00201053	106.9	4.21494e-06	1.4823
0.00201896	105.138	4.21494e-06	1.52475
0.00202739	102.133	4.21494e-06	1.39353
0.00203582	99.8424	4.21494e-06	1.46727
0.00204425	97.6395	4.21494e-06	2.67376
0.00205268	90.619	4.21494e-06	1.31085
0.00206111	89.1473	4.21494e-06	1.4626
0.00206954	80.5448	4.21494e-06	1.25102
0.00207797	80.4392	4.21494e-06	1.37694
0.0020864	77.8029	4.21494e-06	1.34616
0.00209483	76.5589	4.21494e-06	1.6728
0.00210326	72.878	4.21494e-06	1.19649
0.00211169	70.0704	4.21494e-06	1.50384
0.00212012	65.071	4.21494e-06	1.06247
0.00212855	64.2948	4.21494e-06	1.30924
0.00213698	61.7809	4.21494e-06	1.18691
0.00214541	57.2306	4.21494e-06	1.13773
0.00215384	57.981	4.21494e-06	2.23565
0.00216227	53.2721	4.21494e-06	1.02833
0.0021707	50.9901	4.21494e-06	0.980424
0.00217913	50.7085	4.21494e-06	1.69419
0.00218756	44.7225	4.21494e-06	0.891386
0.00219599	45.482	4.21494e-06	1.09815
0.00220442	42.0771	4.21494e-06	0.892363
0.00221285	39.6924	4.21494e-06	0.865522
0.00222127	37.6938	4.21494e-06	0.845989
0.0022297	39.9263	4.21494e-06	2.46495
0.00223813	35.8191	4.21494e-06	0.89755
0.00224656	32.6076	4.21494e-06	0.749269
0.00225499	30.811	4.21494e-06	0.6835
0.00226342	29.7541	4.21494e-06	0.653367
0.00227185	28.9148	4.21494e-06	0.800968
0.00228028	26.809	4.21494e-06	0.691394
0.00228871	24.0437	4.21494e-06	0.635485
0.00229714	24.056	4.21494e-06	0.602258
0.00230557	23.0602	4.21494e-06	0.621604
0.002314	21.0034	4.21494e-06	0.97951
0.00232243	19.4992	4.21494e-06	0.545217
0.00233086	18.7397	4.21494e-06	0.522873
0.00233929	17.0758	4.21494e-06	0.477777
0.00234772	16.9977	4.21494e-06	0.504952
0.00235615	16.4576	4.21494e-06	0.495855
0.00236458	15.0499	4.21494e-06	0.463224
0.00237301	14.4598	4.21494e-06	0.487509
0.00238144	12.4152	4.21494e-06	0.403647
0.00238987	11.5264	4.21494e-06	0.410592
0.0023983	11.2827	4.21494e-06	0.381298
0.00240673	10.6313	4.21494e-06	0.377419
0.00241516	9.62943	4.21494e-06	0.361317
0.00242359	8.82742	4.21494e-06	0.340845
0.00243202	8.62811	4.21494e-06	0.333843
0.00244045	7.90395	4.21494e-06	0.31831
0.00244888	6.66172	4.21494e-06	0.289892
0.00245731	6.35321	4.21494e-06	0.276312
0.00246574	5.66426	4.21494e-06	0.261809
0.00247417	5.29773	4.21494e-06	0.251763
0.0024826	4.40361	4.21494e-06	0.226416
0.00249103	4.45767	4.21494e-06	0.227863
0.00249946	3.60108	4.21494e-06	0.20329
0.00250789	3.41633	4.21494e-06	0.202407
0.00251632	2.97995	4.21494e-06	0.18433
0.00252475	2.37088	4.21494e-06	0.163708
0.00253318	1.98519	4.21494e-06	0.149193
0.00254161	1.70071	4.21494e-06	0.137244
0.00255004	1.27196	4.21494e-06	0.116986
0.00255847	0.917967	4.21494e-06	0.0993605
0.0025669	0.571581	4.21494e-06	0.078243
0.00257533	0.246312	4.21494e-06	0.0514753
0.00258376	0	4.21494e-06	0
