0	3533.15	9.26301e-06	3590.7
1.8526e-05	1738.42	9.26301e-06	89.4635
3.7052e-05	1612.82	9.26301e-06	31.3004
5.55781e-05	1551.85	9.26301e-06	19.4701
7.41041e-05	1508.71	9.26301e-06	14.9392
9.26301e-05	1471.74	9.26301e-06	12.3419
0.000111156	1439.61	9.26301e-06	10.8111
0.000129682	1411.92	9.26301e-06	9.8716
0.000148208	1385.96	9.26301e-06	9.20494
0.000166734	1360.47	9.26301e-06	8.67522
0.00018526	1336.53	9.26301e-06	8.27219
0.000203786	1311.35	9.26301e-06	7.88666
0.000222312	1286.87	9.26301e-06	7.56385
0.000240838	1261.77	9.26301e-06	7.26877
0.000259364	1235.77	9.26301e-06	6.96459
0.00027789	1210.7	9.26301e-06	6.72352
0.000296416	1183.99	9.26301e-06	6.45677
0.000314942	1157.25	9.26301e-06	6.21741
0.000333468	1130.54	9.26301e-06	5.98821
0.000351994	1103.1	9.26301e-06	5.76053
0.00037052	1076.03	9.26301e-06	5.56328
0.000389046	1049.91	9.26301e-06	5.38819
0.000407572	1022.66	9.26301e-06	5.21193
0.000426098	994.272	9.26301e-06	5.01531
0.000444625	967.01	9.26301e-06	4.85399
0.000463151	940.344	9.26301e-06	4.7009
0.000481677	912.113	9.26301e-06	4.53099
0.000500203	885.618	9.26301e-06	4.39182
0.000518729	858.107	9.26301e-06	4.23734
0.000537255	830.473	9.26301e-06	4.07743
0.000555781	803.251	9.26301e-06	3.93776
0.000574307	777.127	9.26301e-06	3.80743
0.000592833	750.919	9.26301e-06	3.66365
0.000611359	724.489	9.26301e-06	3.50512
0.000629885	698.028	9.26301e-06	3.24288
0.000648411	673.462	9.26301e-06	3.14105
0.000666937	648.411	9.26301e-06	3.00183
0.000685463	623.516	9.26301e-06	2.8842
0.000703989	599.122	9.26301e-06	2.68179
0.000722515	574.71	9.26301e-06	2.55992
0.000741041	551.685	9.26301e-06	2.46358
0.000759567	529.22	9.26301e-06	2.37176
0.000778093	506.849	9.26301e-06	2.26075
0.000796619	485.274	9.26301e-06	2.17438
0.000815145	464.186	9.26301e-06	2.09055
0.000833671	443.916	9.26301e-06	2.01409
0.000852197	424.25	9.26301e-06	1.94096
0.000870723	404.253	9.26301e-06	1.85349
0.000889249	384.998	9.26301e-06	1.78019
0.000907775	366.65	9.26301e-06	1.71637
0.000926301	348.554	9.26301e-06	1.65018
0.000944827	330.968	9.26301e-06	1.58115
0.000963353	313.869	9.26301e-06	1.51728
0.000981879	297.329	9.26301e-06	1.45402
0.00100041	281.95	9.26301e-06	1.40085
0.00101893	266.685	9.26301e-06	1.34695
0.00103746	252	9.26301e-06	1.29292
0.00105598	238.152	9.26301e-06	1.24292
0.00107451	224.488	9.26301e-06	1.18606
0.00109304	211.614	9.26301e-06	1.14186
0.00111156	199.489	9.26301e-06	1.09874
0.00113009	187.45	9.26301e-06	1.05265
0.00114861	176.107	9.26301e-06	1.00276
0.00116714	165.149	9.26301e-06	0.949952
0.00118567	154.506	9.26301e-06	0.908927
0.00120419	144.675	9.26301e-06	0.869479
0.00122272	135.059	9.26301e-06	0.833032
0.00124124	126.589	9.26301e-06	0.80499
0.00125977	118.389	9.26301e-06	0.774688
0.0012783	110.467	9.26301e-06	0.744565
0.00129682	103.19	9.26301e-06	0.720468
0.00131535	95.7893	9.26301e-06	0.689303
0.00133387	88.9661	9.26301e-06	0.664268
0.0013524	82.6258	9.26301e-06	0.639812
0.00137093	76.7748	9.26301e-06	0.615399
0.00138945	71.2918	9.26301e-06	0.596976
0.00140798	65.7961	9.26301e-06	0.573859
0.0014265	60.7727	9.26301e-06	0.554316
0.00144503	55.9977	9.26301e-06	0.533154
0.00146356	51.658	9.26301e-06	0.514566
0.00148208	47.5781	9.26301e-06	0.489027
0.00150061	43.7355	9.26301e-06	0.469494
0.00151913	39.8592	9.26301e-06	0.427487
0.00153766	36.3105	9.26301e-06	0.409801
0.00155619	33.1632	9.26301e-06	0.395487
0.00157471	30.2743	9.26301e-06	0.38359
0.00159324	27.6306	9.26301e-06	0.371428
0.00161176	25.1842	9.26301e-06	0.359392
0.00163029	23.0279	9.26301e-06	0.350854
0.00164882	20.9958	9.26301e-06	0.341489
0.00166734	19.0727	9.26301e-06	0.330725
0.00168587	17.1393	9.26301e-06	0.318813
0.00170439	15.5685	9.26301e-06	0.308042
0.00172292	14.1403	9.26301e-06	0.30103
0.00174145	12.6297	9.26301e-06	0.290178
0.00175997	11.3851	9.26301e-06	0.281947
0.0017785	10.2528	9.26301e-06	0.275891
0.00179702	9.21805	9.26301e-06	0.270755
0.00181555	8.20037	9.26301e-06	0.265551
0.00183408	7.39394	9.26301e-06	0.261385
0.0018526	6.65695	9.26301e-06	0.256978
0.00187113	5.98535	9.26301e-06	0.253699
0.00188965	5.31912	9.26301e-06	0.250024
0.00190818	4.54667	9.26301e-06	0.224269
0.00192671	4.01182	9.26301e-06	0.220978
0.00194523	3.54422	9.26301e-06	0.21802
0.00196376	3.12025	9.26301e-06	0.214998
0.00198228	2.77532	9.26301e-06	0.213428
0.00200081	2.45771	9.26301e-06	0.211356
0.00201934	2.15135	9.26301e-06	0.209475
0.00203786	1.87693	9.26301e-06	0.207825
0.00205639	1.62456	9.26301e-06	0.205855
0.00207491	1.44208	9.26301e-06	0.20495
0.00209344	1.28937	9.26301e-06	0.203962
0.00211197	1.1475	9.26301e-06	0.203135
0.00213049	0.995691	9.26301e-06	0.202169
0.00214902	0.84236	9.26301e-06	0.200155
0.00216754	0.721514	9.26301e-06	0.199502
0.00218607	0.598189	9.26301e-06	0.198215
0.0022046	0.513342	9.26301e-06	0.19755
0.00222312	0.173534	9.26301e-06	0.0213308
0.00224165	0.128483	9.26301e-06	0.019357
0.00226017	0.0874469	9.26301e-06	0.0166495
0.0022787	0.0725226	9.26301e-06	0.0159317
0.00229723	0.0441633	9.26301e-06	0.0128432
0.00231575	0.0345252	9.26301e-06	0.0121856
0.00233428	0.0168298	9.26301e-06	0.00863006
0.0023528	0.0168298	9.26301e-06	0.00863006
0.00237133	0.0102237	9.26301e-06	0.00725016
0.00238986	0.0102237	9.26301e-06	0.00725016
0.00240838	0.00549918	9.26301e-06	0.00549934
