0	4636.24	7.32643e-06	4619.56
1.46529e-05	2327.26	7.32643e-06	116.579
2.93057e-05	2164.61	7.32643e-06	42.5532
4.39586e-05	2083.24	7.32643e-06	27.3009
5.86114e-05	2024.89	7.32643e-06	21.5102
7.32643e-05	1976.63	7.32643e-06	18.5826
8.79171e-05	1931.82	7.32643e-06	16.6091
0.00010257	1892.14	7.32643e-06	15.3537
0.000117223	1854.47	7.32643e-06	14.47
0.000131876	1812.39	7.32643e-06	13.3158
0.000146529	1775.51	7.32643e-06	12.7017
0.000161181	1735.98	7.32643e-06	12.0873
0.000175834	1695.75	7.32643e-06	11.5236
0.000190487	1655.99	7.32643e-06	11.0389
0.00020514	1614.72	7.32643e-06	10.5356
0.000219793	1572.71	7.32643e-06	9.66694
0.000234446	1533.82	7.32643e-06	9.27411
0.000249099	1493.8	7.32643e-06	8.89396
0.000263751	1454.23	7.32643e-06	8.56036
0.000278404	1415.39	7.32643e-06	8.26301
0.000293057	1374.12	7.32643e-06	7.94521
0.00030771	1333.75	7.32643e-06	7.64386
0.000322363	1294.13	7.32643e-06	7.38836
0.000337016	1254.66	7.32643e-06	7.14195
0.000351669	1214.95	7.32643e-06	6.89655
0.000366321	1175.24	7.32643e-06	6.6303
0.000380974	1136.91	7.32643e-06	6.41035
0.000395627	1097.73	7.32643e-06	6.15828
0.00041028	1058.81	7.32643e-06	5.91295
0.000424933	1021.54	7.32643e-06	5.73383
0.000439586	984.807	7.32643e-06	5.54735
0.000454239	948.347	7.32643e-06	5.37694
0.000468891	913.607	7.32643e-06	5.21607
0.000483544	879.29	7.32643e-06	5.07341
0.000498197	845.867	7.32643e-06	4.93943
0.00051285	812.447	7.32643e-06	4.81688
0.000527503	779.681	7.32643e-06	4.68958
0.000542156	748.73	7.32643e-06	4.58832
0.000556809	717.561	7.32643e-06	4.48312
0.000571461	685.955	7.32643e-06	4.36995
0.000586114	655.524	7.32643e-06	4.26229
0.000600767	625.854	7.32643e-06	4.15949
0.00061542	596.508	7.32643e-06	3.99685
0.000630073	568.644	7.32643e-06	3.90793
0.000644726	541.931	7.32643e-06	3.8365
0.000659379	516.691	7.32643e-06	3.76169
0.000674031	491.851	7.32643e-06	3.68936
0.000688684	468.371	7.32643e-06	3.63228
0.000703337	445.183	7.32643e-06	3.57234
0.00071799	422.914	7.32643e-06	3.52054
0.000732643	398.591	7.32643e-06	2.18751
0.000747296	378.26	7.32643e-06	2.11821
0.000761949	358.133	7.32643e-06	2.04423
0.000776601	339.731	7.32643e-06	1.97585
0.000791254	320.874	7.32643e-06	1.85003
0.000805907	303.103	7.32643e-06	1.76636
0.00082056	285.905	7.32643e-06	1.70557
0.000835213	268.617	7.32643e-06	1.47932
0.000849866	252.997	7.32643e-06	1.42022
0.000864519	238.522	7.32643e-06	1.37045
0.000879171	224.823	7.32643e-06	1.32497
0.000893824	211.107	7.32643e-06	1.27231
0.000908477	198.615	7.32643e-06	1.22952
0.00092313	186.663	7.32643e-06	1.19037
0.000937783	175.224	7.32643e-06	1.15161
0.000952436	163.795	7.32643e-06	1.09732
0.000967089	153.101	7.32643e-06	1.05962
0.000981741	143.349	7.32643e-06	1.02886
0.000996394	133.998	7.32643e-06	0.995632
0.00101105	125.32	7.32643e-06	0.969194
0.0010257	116.46	7.32643e-06	0.924145
0.00104035	108.671	7.32643e-06	0.892468
0.00105501	100.631	7.32643e-06	0.854814
0.00106966	93.5241	7.32643e-06	0.796845
0.00108431	86.573	7.32643e-06	0.765321
0.00109896	80.4515	7.32643e-06	0.736158
0.00111362	74.5629	7.32643e-06	0.709724
0.00112827	68.9042	7.32643e-06	0.684346
0.00114292	63.7328	7.32643e-06	0.665964
0.00115758	58.9426	7.32643e-06	0.648044
0.00117223	54.4179	7.32643e-06	0.632021
0.00118688	50.196	7.32643e-06	0.615375
0.00120153	46.2335	7.32643e-06	0.588696
0.00121619	42.2418	7.32643e-06	0.496394
0.00123084	38.8385	7.32643e-06	0.477808
0.00124549	35.6679	7.32643e-06	0.458955
0.00126015	32.5497	7.32643e-06	0.442673
0.0012748	29.6419	7.32643e-06	0.42202
0.00128945	27.0063	7.32643e-06	0.406281
0.0013041	24.5567	7.32643e-06	0.3798
0.00131876	22.4491	7.32643e-06	0.366733
0.00133341	20.4514	7.32643e-06	0.354065
0.00134806	18.5611	7.32643e-06	0.343073
0.00136272	16.7981	7.32643e-06	0.33116
0.00137737	15.0217	7.32643e-06	0.313472
0.00139202	13.4705	7.32643e-06	0.298093
0.00140667	12.2974	7.32643e-06	0.290907
0.00142133	11.0468	7.32643e-06	0.27981
0.00143598	9.76967	7.32643e-06	0.211866
0.00145063	8.75154	7.32643e-06	0.20138
0.00146529	7.74117	7.32643e-06	0.188463
0.00147994	6.83252	7.32643e-06	0.176826
0.00149459	6.0311	7.32643e-06	0.163949
0.00150924	5.32094	7.32643e-06	0.155294
0.0015239	4.63591	7.32643e-06	0.145641
0.00153855	4.0146	7.32643e-06	0.133251
0.0015532	3.53429	7.32643e-06	0.126457
0.00156786	3.04283	7.32643e-06	0.117366
0.00158251	2.73848	7.32643e-06	0.113342
0.00159716	2.39135	7.32643e-06	0.106505
0.00161181	1.99526	7.32643e-06	0.0979301
0.00162647	1.69028	7.32643e-06	0.092625
0.00164112	1.45884	7.32643e-06	0.0875686
0.00165577	1.23301	7.32643e-06	0.0817751
0.00167043	1.05374	7.32643e-06	0.0780601
0.00168508	0.890132	7.32643e-06	0.0737931
0.00169973	0.722246	7.32643e-06	0.067671
0.00171438	0.586559	7.32643e-06	0.0631323
0.00172904	0.470275	7.32643e-06	0.0556473
0.00174369	0.362854	7.32643e-06	0.0456439
0.00175834	0.280584	7.32643e-06	0.0396028
0.001773	0.219661	7.32643e-06	0.03639
0.00178765	0.184355	7.32643e-06	0.0336523
0.0018023	0.143635	7.32643e-06	0.0317326
0.00181695	0.089866	7.32643e-06	0.0244206
0.00183161	0.0516817	7.32643e-06	0.0176915
0.00184626	0.043545	7.32643e-06	0.0157092
0.00186091	0.0286465	7.32643e-06	0.0137361
0.00187557	0.0279402	7.32643e-06	0.013718
0.00189022	0.0234657	7.32643e-06	0.0129676
0.00190487	0.00638889	7.32643e-06	0.00564632
0.00191952	0.00558924	7.32643e-06	0.0055894
