0	4033.96	8.32602e-06	4011.27
1.6652e-05	2029.07	8.32602e-06	103.93
3.33041e-05	1884.13	8.32602e-06	37.9855
4.99561e-05	1809.65	8.32602e-06	23.4246
6.66082e-05	1757.3	8.32602e-06	17.9527
8.32602e-05	1716.53	8.32602e-06	15.4345
9.99123e-05	1680.29	8.32602e-06	13.9104
0.000116564	1647.17	8.32602e-06	12.8997
0.000133216	1612.12	8.32602e-06	11.7213
0.000149868	1580.15	8.32602e-06	11.0284
0.00016652	1547.99	8.32602e-06	10.4621
0.000183173	1515.09	8.32602e-06	9.94772
0.000199825	1479.83	8.32602e-06	9.39295
0.000216477	1446.08	8.32602e-06	8.94154
0.000233129	1412.16	8.32602e-06	8.54149
0.000249781	1379.24	8.32602e-06	8.20194
0.000266433	1342.79	8.32602e-06	7.73872
0.000283085	1307.11	8.32602e-06	7.35192
0.000299737	1271.54	8.32602e-06	7.00915
0.000316389	1237.84	8.32602e-06	6.73728
0.000333041	1204.72	8.32602e-06	6.48588
0.000349693	1170.16	8.32602e-06	6.22189
0.000366345	1137.35	8.32602e-06	5.9869
0.000382997	1103.67	8.32602e-06	5.75089
0.000399649	1068.93	8.32602e-06	5.51177
0.000416301	1036.29	8.32602e-06	5.31677
0.000432953	1003.72	8.32602e-06	5.13476
0.000449605	970.567	8.32602e-06	4.93601
0.000466257	937.05	8.32602e-06	4.74172
0.000482909	904.47	8.32602e-06	4.55508
0.000499561	872.784	8.32602e-06	4.39061
0.000516214	840.681	8.32602e-06	4.21812
0.000532866	810.835	8.32602e-06	4.08568
0.000549518	779.123	8.32602e-06	3.71094
0.00056617	749.881	8.32602e-06	3.57553
0.000582822	721.351	8.32602e-06	3.45039
0.000599474	692.214	8.32602e-06	3.32
0.000616126	663.871	8.32602e-06	3.18118
0.000632778	637.032	8.32602e-06	3.06768
0.00064943	610.918	8.32602e-06	2.961
0.000666082	585.687	8.32602e-06	2.85785
0.000682734	560.451	8.32602e-06	2.75026
0.000699386	535.209	8.32602e-06	2.60845
0.000716038	511.15	8.32602e-06	2.51367
0.00073269	487.412	8.32602e-06	2.41828
0.000749342	464.628	8.32602e-06	2.33298
0.000765994	441.759	8.32602e-06	2.23191
0.000782646	419.985	8.32602e-06	2.14156
0.000799298	399.374	8.32602e-06	2.06792
0.00081595	379.661	8.32602e-06	1.99822
0.000832602	360.395	8.32602e-06	1.93371
0.000849255	341.645	8.32602e-06	1.8618
0.000865907	323.974	8.32602e-06	1.80171
0.000882559	306.368	8.32602e-06	1.70083
0.000899211	289.847	8.32602e-06	1.63975
0.000915863	274.34	8.32602e-06	1.58848
0.000932515	259.376	8.32602e-06	1.53629
0.000949167	244.734	8.32602e-06	1.46081
0.000965819	230.738	8.32602e-06	1.41539
0.000982471	215.937	8.32602e-06	1.20798
0.000999123	202.992	8.32602e-06	1.16054
0.00101577	191.004	8.32602e-06	1.11835
0.00103243	179.015	8.32602e-06	1.05226
0.00104908	167.682	8.32602e-06	1.00441
0.00106573	157.09	8.32602e-06	0.964077
0.00108238	147.113	8.32602e-06	0.928543
0.00109904	137.116	8.32602e-06	0.888304
0.00111569	128.185	8.32602e-06	0.851948
0.00113234	119.797	8.32602e-06	0.820145
0.00114899	111.713	8.32602e-06	0.78674
0.00116564	103.939	8.32602e-06	0.756342
0.0011823	96.8422	8.32602e-06	0.731405
0.00119895	89.8778	8.32602e-06	0.689114
0.0012156	83.352	8.32602e-06	0.647832
0.00123225	77.7351	8.32602e-06	0.627954
0.0012489	72.3679	8.32602e-06	0.603661
0.00126556	67.2113	8.32602e-06	0.583343
0.00128221	62.276	8.32602e-06	0.561986
0.00129886	57.5884	8.32602e-06	0.541696
0.00131551	53.363	8.32602e-06	0.524783
0.00133216	48.9082	8.32602e-06	0.497892
0.00134882	44.8978	8.32602e-06	0.480708
0.00136547	41.204	8.32602e-06	0.46141
0.00138212	37.7709	8.32602e-06	0.443933
0.00139877	34.6335	8.32602e-06	0.42612
0.00141542	31.6776	8.32602e-06	0.411904
0.00143208	28.9461	8.32602e-06	0.394979
0.00144873	26.5191	8.32602e-06	0.38217
0.00146538	24.2178	8.32602e-06	0.370182
0.00148203	22.0338	8.32602e-06	0.356871
0.00149868	19.9604	8.32602e-06	0.341994
0.00151534	18.0789	8.32602e-06	0.329825
0.00153199	16.4481	8.32602e-06	0.321679
0.00154864	15.0091	8.32602e-06	0.3142
0.00156529	13.5745	8.32602e-06	0.306287
0.00158194	12.0664	8.32602e-06	0.235525
0.0015986	10.8495	8.32602e-06	0.222639
0.00161525	9.71281	8.32602e-06	0.19806
0.0016319	8.76107	8.32602e-06	0.18991
0.00164855	7.8187	8.32602e-06	0.182032
0.0016652	6.97556	8.32602e-06	0.172592
0.00168186	6.2257	8.32602e-06	0.165938
0.00169851	5.51908	8.32602e-06	0.158386
0.00171516	4.91076	8.32602e-06	0.151867
0.00173181	4.30438	8.32602e-06	0.145006
0.00174847	3.81333	8.32602e-06	0.138566
0.00176512	3.33695	8.32602e-06	0.132158
0.00178177	2.78494	8.32602e-06	0.113636
0.00179842	2.42125	8.32602e-06	0.105333
0.00181507	2.10594	8.32602e-06	0.0976837
0.00183173	1.75711	8.32602e-06	0.0834882
0.00184838	1.48453	8.32602e-06	0.0768348
0.00186503	1.25712	8.32602e-06	0.0718238
0.00188168	1.08196	8.32602e-06	0.0686605
0.00189833	0.882529	8.32602e-06	0.0595171
0.00191499	0.696852	8.32602e-06	0.0540763
0.00193164	0.582284	8.32602e-06	0.0511845
0.00194829	0.468553	8.32602e-06	0.04696
0.00196494	0.375936	8.32602e-06	0.0442213
0.00198159	0.267768	8.32602e-06	0.0304944
0.00199825	0.222027	8.32602e-06	0.0289501
0.0020149	0.16745	8.32602e-06	0.0257111
0.00203155	0.120953	8.32602e-06	0.0217232
0.0020482	0.0801596	8.32602e-06	0.0170603
0.00206485	0.0439008	8.32602e-06	0.0127429
0.00208151	0.0326509	8.32602e-06	0.011573
0.00209816	0.0193772	8.32602e-06	0.00916927
0.00211481	0.0129419	8.32602e-06	0.0076699
0.00213146	0.0108644	8.32602e-06	0.0075231
0.00214811	0.00752952	8.32602e-06	0.00674352
0.00216477	0.00752952	8.32602e-06	0.00674352
0.00218142	0.000838534	8.32602e-06	0.000838557
0.00219807	0.000838534	8.32602e-06	0.000838557
