0	4213.75	8.07846e-06	4197
1.61569e-05	2116.07	8.07846e-06	112.506
3.23138e-05	1958.43	8.07846e-06	39.85
4.84708e-05	1879.4	8.07846e-06	23.9831
6.46277e-05	1828.83	8.07846e-06	19.0723
8.07846e-05	1785.01	8.07846e-06	16.3199
9.69415e-05	1747.01	8.07846e-06	14.7334
0.000113098	1710.05	8.07846e-06	13.5446
0.000129255	1673.44	8.07846e-06	12.5727
0.000145412	1636.85	8.07846e-06	11.6666
0.000161569	1602.23	8.07846e-06	11.0449
0.000177726	1569.3	8.07846e-06	10.5633
0.000193883	1535.13	8.07846e-06	10.101
0.00021004	1501.47	8.07846e-06	9.69889
0.000226197	1463.7	8.07846e-06	9.15111
0.000242354	1428.38	8.07846e-06	8.77977
0.000258511	1391.12	8.07846e-06	8.21845
0.000274668	1355.53	8.07846e-06	7.89667
0.000290825	1319.01	8.07846e-06	7.54632
0.000306982	1281.27	8.07846e-06	7.09302
0.000323138	1244.47	8.07846e-06	6.70866
0.000339295	1207.25	8.07846e-06	6.40791
0.000355452	1170.44	8.07846e-06	6.07885
0.000371609	1136.01	8.07846e-06	5.85587
0.000387766	1099.99	8.07846e-06	5.60812
0.000403923	1065.12	8.07846e-06	5.37592
0.00042008	1030.38	8.07846e-06	5.16199
0.000436237	993.743	8.07846e-06	4.9026
0.000452394	960.425	8.07846e-06	4.7162
0.000468551	927.187	8.07846e-06	4.53122
0.000484708	894.205	8.07846e-06	4.35808
0.000500865	861.639	8.07846e-06	4.19051
0.000517021	830.54	8.07846e-06	4.0395
0.000533178	798.979	8.07846e-06	3.88589
0.000549335	768.461	8.07846e-06	3.74017
0.000565492	738.197	8.07846e-06	3.59268
0.000581649	708.767	8.07846e-06	3.45957
0.000597806	679.908	8.07846e-06	3.32739
0.000613963	651.305	8.07846e-06	3.20409
0.00063012	623.774	8.07846e-06	3.0875
0.000646277	595.965	8.07846e-06	2.92858
0.000662434	569.787	8.07846e-06	2.81906
0.000678591	544.194	8.07846e-06	2.71229
0.000694748	519.329	8.07846e-06	2.56997
0.000710905	495.488	8.07846e-06	2.4731
0.000727061	472.389	8.07846e-06	2.38823
0.000743218	449.308	8.07846e-06	2.2929
0.000759375	427.351	8.07846e-06	2.20099
0.000775532	406.235	8.07846e-06	2.09108
0.000791689	385.917	8.07846e-06	2.01487
0.000807846	365.757	8.07846e-06	1.93003
0.000824003	346.11	8.07846e-06	1.83553
0.00084016	327.995	8.07846e-06	1.77478
0.000856317	310.81	8.07846e-06	1.71844
0.000872474	293.762	8.07846e-06	1.65403
0.000888631	278.228	8.07846e-06	1.60565
0.000904788	261.804	8.07846e-06	1.44321
0.000920945	246.438	8.07846e-06	1.37424
0.000937101	232.139	8.07846e-06	1.32226
0.000953258	218.631	8.07846e-06	1.2788
0.000969415	205.847	8.07846e-06	1.23387
0.000985572	192.945	8.07846e-06	1.16216
0.00100173	180.808	8.07846e-06	1.11528
0.00101789	169.37	8.07846e-06	1.07396
0.00103404	157.941	8.07846e-06	0.978926
0.0010502	147.907	8.07846e-06	0.94083
0.00106636	138.387	8.07846e-06	0.895457
0.00108251	129.762	8.07846e-06	0.865519
0.00109867	121.327	8.07846e-06	0.82984
0.00111483	113.29	8.07846e-06	0.795566
0.00113098	105.774	8.07846e-06	0.767082
0.00114714	98.5139	8.07846e-06	0.738138
0.0011633	91.6276	8.07846e-06	0.709378
0.00117946	85.1367	8.07846e-06	0.679512
0.00119561	79.0696	8.07846e-06	0.647376
0.00121177	73.2531	8.07846e-06	0.619639
0.00122793	67.7949	8.07846e-06	0.595419
0.00124408	62.9035	8.07846e-06	0.573779
0.00126024	58.1434	8.07846e-06	0.549655
0.0012764	53.5189	8.07846e-06	0.512249
0.00129255	49.3378	8.07846e-06	0.49249
0.00130871	45.2778	8.07846e-06	0.468814
0.00132487	41.4645	8.07846e-06	0.44317
0.00134102	38.169	8.07846e-06	0.426307
0.00135718	35.1451	8.07846e-06	0.411608
0.00137334	32.1941	8.07846e-06	0.394382
0.0013895	29.3631	8.07846e-06	0.37558
0.00140565	26.8112	8.07846e-06	0.36264
0.00142181	24.2609	8.07846e-06	0.344464
0.00143797	22.0701	8.07846e-06	0.330737
0.00145412	20.194	8.07846e-06	0.311909
0.00147028	18.4409	8.07846e-06	0.301525
0.00148644	16.6709	8.07846e-06	0.290782
0.00150259	15.0003	8.07846e-06	0.254768
0.00151875	13.6248	8.07846e-06	0.245234
0.00153491	12.1626	8.07846e-06	0.232212
0.00155106	10.9516	8.07846e-06	0.221925
0.00156722	9.84005	8.07846e-06	0.211841
0.00158338	8.86387	8.07846e-06	0.204137
0.00159954	7.96319	8.07846e-06	0.196001
0.00161569	7.1066	8.07846e-06	0.186453
0.00163185	6.29285	8.07846e-06	0.169054
0.00164801	5.54846	8.07846e-06	0.160535
0.00166416	4.95379	8.07846e-06	0.154183
0.00168032	4.32229	8.07846e-06	0.1457
0.00169648	3.85672	8.07846e-06	0.141648
0.00171263	3.42696	8.07846e-06	0.135918
0.00172879	2.9673	8.07846e-06	0.128201
0.00174495	2.62681	8.07846e-06	0.124271
0.0017611	2.31318	8.07846e-06	0.12016
0.00177726	1.95842	8.07846e-06	0.112569
0.00179342	1.63475	8.07846e-06	0.0908972
0.00180958	1.43558	8.07846e-06	0.0876629
0.00182573	1.20404	8.07846e-06	0.0833112
0.00184189	1.00212	8.07846e-06	0.0786027
0.00185805	0.766536	8.07846e-06	0.0526149
0.0018742	0.63529	8.07846e-06	0.0488482
0.00189036	0.528321	8.07846e-06	0.0459194
0.00190652	0.460577	8.07846e-06	0.0437491
0.00192267	0.367829	8.07846e-06	0.0397476
0.00193883	0.262193	8.07846e-06	0.0322825
0.00195499	0.21745	8.07846e-06	0.0303178
0.00197114	0.166239	8.07846e-06	0.0279791
0.0019873	0.10751	8.07846e-06	0.0214658
0.00200346	0.0688689	8.07846e-06	0.0171852
0.00201962	0.0434399	8.07846e-06	0.012698
0.00203577	0.0273348	8.07846e-06	0.00922166
0.00205193	0.0137269	8.07846e-06	0.00663
0.00206809	0.000523469	8.07846e-06	0.000523484
