0	4413.11	7.81459e-06	4440.33
1.56292e-05	2193.86	7.81459e-06	118.197
3.12584e-05	2027.51	7.81459e-06	40.5446
4.68875e-05	1948.06	7.81459e-06	25.072
6.25167e-05	1892.47	7.81459e-06	19.3034
7.81459e-05	1848.82	7.81459e-06	16.6326
9.37751e-05	1807.95	7.81459e-06	14.8194
0.000109404	1769.14	7.81459e-06	13.4921
0.000125033	1732.05	7.81459e-06	12.5133
0.000140663	1697.98	7.81459e-06	11.8193
0.000156292	1661.87	7.81459e-06	11.1314
0.000171921	1625.51	7.81459e-06	10.5388
0.00018755	1588.66	7.81459e-06	10.0022
0.000203179	1551.74	7.81459e-06	9.50663
0.000218808	1514.51	7.81459e-06	9.05063
0.000234438	1477.79	7.81459e-06	8.6328
0.000250067	1439.63	7.81459e-06	8.21517
0.000265696	1402.13	7.81459e-06	7.85111
0.000281325	1364.93	7.81459e-06	7.52586
0.000296954	1326.96	7.81459e-06	7.20111
0.000312584	1289.97	7.81459e-06	6.90827
0.000328213	1251.62	7.81459e-06	6.61137
0.000343842	1214.25	7.81459e-06	6.32879
0.000359471	1176.01	7.81459e-06	6.02838
0.0003751	1139.92	7.81459e-06	5.80165
0.000390729	1103.2	7.81459e-06	5.57093
0.000406359	1066.02	7.81459e-06	5.32754
0.000421988	1029.75	7.81459e-06	5.09199
0.000437617	992.799	7.81459e-06	4.85983
0.000453246	957.598	7.81459e-06	4.6666
0.000468875	922.608	7.81459e-06	4.46509
0.000484504	888.013	7.81459e-06	4.27877
0.000500134	854.524	7.81459e-06	4.10825
0.000515763	821.367	7.81459e-06	3.93859
0.000531392	789.815	7.81459e-06	3.7885
0.000547021	759.643	7.81459e-06	3.65506
0.00056265	729.365	7.81459e-06	3.5249
0.000578279	700.114	7.81459e-06	3.39555
0.000593909	670.735	7.81459e-06	3.26235
0.000609538	641.641	7.81459e-06	3.13552
0.000625167	612.549	7.81459e-06	2.96342
0.000640796	586.383	7.81459e-06	2.86108
0.000656425	559.111	7.81459e-06	2.69488
0.000672055	533.724	7.81459e-06	2.59541
0.000687684	509.493	7.81459e-06	2.49529
0.000703313	485.292	7.81459e-06	2.3962
0.000718942	462.404	7.81459e-06	2.31608
0.000734571	439.906	7.81459e-06	2.22154
0.0007502	417.969	7.81459e-06	2.1403
0.00076583	396.327	7.81459e-06	2.04684
0.000781459	375.606	7.81459e-06	1.91856
0.000797088	355.739	7.81459e-06	1.83547
0.000812717	336.789	7.81459e-06	1.75864
0.000828346	319.147	7.81459e-06	1.69856
0.000843975	301.56	7.81459e-06	1.61918
0.000859605	284.981	7.81459e-06	1.55549
0.000875234	269.429	7.81459e-06	1.50137
0.000890863	253.839	7.81459e-06	1.44715
0.000906492	238.492	7.81459e-06	1.38686
0.000922121	224.453	7.81459e-06	1.3363
0.000937751	210.819	7.81459e-06	1.26126
0.00095338	198.13	7.81459e-06	1.21095
0.000969009	186.023	7.81459e-06	1.16972
0.000984638	174.329	7.81459e-06	1.1294
0.00100027	163.076	7.81459e-06	1.08383
0.0010159	152.481	7.81459e-06	1.0442
0.00103153	142.642	7.81459e-06	1.00792
0.00104715	133.37	7.81459e-06	0.975288
0.00106278	124.365	7.81459e-06	0.937927
0.00107841	115.997	7.81459e-06	0.909784
0.00109404	108.019	7.81459e-06	0.860346
0.00110967	100.556	7.81459e-06	0.820655
0.0011253	93.5928	7.81459e-06	0.794223
0.00114093	86.6043	7.81459e-06	0.72938
0.00115656	80.4604	7.81459e-06	0.700435
0.00117219	74.4826	7.81459e-06	0.676298
0.00118782	68.9676	7.81459e-06	0.655875
0.00120345	63.9086	7.81459e-06	0.634988
0.00121908	59.3033	7.81459e-06	0.61627
0.0012347	54.8184	7.81459e-06	0.593945
0.00125033	50.4228	7.81459e-06	0.573627
0.00126596	46.6823	7.81459e-06	0.558462
0.00128159	42.9514	7.81459e-06	0.542652
0.00129722	39.4685	7.81459e-06	0.526414
0.00131285	36.2148	7.81459e-06	0.510719
0.00132848	33.2738	7.81459e-06	0.488653
0.00134411	30.365	7.81459e-06	0.47151
0.00135974	27.7955	7.81459e-06	0.453777
0.00137537	25.285	7.81459e-06	0.397343
0.001391	23.2049	7.81459e-06	0.387677
0.00140663	21.2489	7.81459e-06	0.377074
0.00142225	19.0627	7.81459e-06	0.326158
0.00143788	17.3669	7.81459e-06	0.314702
0.00145351	15.7658	7.81459e-06	0.304221
0.00146914	14.2564	7.81459e-06	0.295699
0.00148477	12.7031	7.81459e-06	0.239798
0.0015004	11.5072	7.81459e-06	0.23166
0.00151603	10.4016	7.81459e-06	0.222526
0.00153166	9.26064	7.81459e-06	0.209945
0.00154729	8.29928	7.81459e-06	0.194532
0.00156292	7.33343	7.81459e-06	0.18308
0.00157855	6.57905	7.81459e-06	0.17714
0.00159418	5.73137	7.81459e-06	0.167674
0.00160981	5.10405	7.81459e-06	0.161792
0.00162543	4.51186	7.81459e-06	0.1557
0.00164106	3.96246	7.81459e-06	0.149428
0.00165669	3.45582	7.81459e-06	0.143616
0.00167232	2.98393	7.81459e-06	0.122237
0.00168795	2.58214	7.81459e-06	0.116286
0.00170358	2.19587	7.81459e-06	0.109218
0.00171921	1.92647	7.81459e-06	0.104894
0.00173484	1.59811	7.81459e-06	0.0983902
0.00175047	1.34494	7.81459e-06	0.0940159
0.0017661	1.13522	7.81459e-06	0.0862373
0.00178173	0.971193	7.81459e-06	0.0823357
0.00179736	0.823132	7.81459e-06	0.0796495
0.00181298	0.637172	7.81459e-06	0.0548811
0.00182861	0.489155	7.81459e-06	0.048825
0.00184424	0.421601	7.81459e-06	0.0462729
0.00185987	0.365364	7.81459e-06	0.0449862
0.0018755	0.258445	7.81459e-06	0.0399894
0.00189113	0.231225	7.81459e-06	0.0389604
0.00190676	0.163165	7.81459e-06	0.0311083
0.00192239	0.131347	7.81459e-06	0.0294933
0.00193802	0.0710208	7.81459e-06	0.0165822
0.00195365	0.0601313	7.81459e-06	0.0159954
0.00196928	0.0328696	7.81459e-06	0.0117446
0.00198491	0.00930423	7.81459e-06	0.00592573
0.00200053	0.00795842	7.81459e-06	0.00587446
0.00201616	0.00795842	7.81459e-06	0.00587446
0.00203179	0.00595823	7.81459e-06	0.00552343
0.00204742	0.00550461	7.81459e-06	0.00550477
