6.70163e-06	1261.31	6.70163e-06	18.7997
2.01049e-05	294.413	6.70163e-06	16.5092
3.35082e-05	227.05	6.70163e-06	7.9974
4.69114e-05	209.518	6.70163e-06	6.81041
6.03147e-05	248.174	6.70163e-06	15.0789
7.37179e-05	277.856	6.70163e-06	9.10055
8.71212e-05	285.59	6.70163e-06	8.82432
0.000100524	327.56	6.70163e-06	9.39611
0.000113928	345.521	6.70163e-06	10.029
0.000127331	380.307	6.70163e-06	10.9153
0.000140734	429.584	6.70163e-06	11.4148
0.000154138	478.535	6.70163e-06	13.028
0.000167541	483.554	6.70163e-06	10.7466
0.000180944	538.595	6.70163e-06	13.0963
0.000194347	588.041	6.70163e-06	12.4675
0.000207751	643.871	6.70163e-06	15.2552
0.000221154	712.199	6.70163e-06	17.8072
0.000234557	718.47	6.70163e-06	16.8118
0.00024796	761.508	6.70163e-06	14.5021
0.000261364	806.682	6.70163e-06	19.9395
0.000274767	935.44	6.70163e-06	33.0978
0.00028817	889.261	6.70163e-06	15.7612
0.000301573	945.724	6.70163e-06	18.6036
0.000314977	969.993	6.70163e-06	19.8228
0.00032838	1014.55	6.70163e-06	19.4548
0.000341783	1025.78	6.70163e-06	17.7262
0.000355186	1044.73	6.70163e-06	17.6354
0.00036859	1115.37	6.70163e-06	30.4356
0.000381993	1131.87	6.70163e-06	21.8232
0.000395396	1155.42	6.70163e-06	20.2876
0.0004088	1161.06	6.70163e-06	24.6722
0.000422203	1209.54	6.70163e-06	32.9121
0.000435606	1247.31	6.70163e-06	22.1183
0.000449009	1249.28	6.70163e-06	31.9173
0.000462413	1248.22	6.70163e-06	22.9748
0.000475816	1248.2	6.70163e-06	21.6481
0.000489219	1246.28	6.70163e-06	21.2611
0.000502622	1281.84	6.70163e-06	22.7654
0.000516026	1258.6	6.70163e-06	22.6427
0.000529429	1239.52	6.70163e-06	22.9616
0.000542832	1269.2	6.70163e-06	25.0473
0.000556235	1240.39	6.70163e-06	20.956
0.000569639	1303.02	6.70163e-06	24.935
0.000583042	1298.08	6.70163e-06	31.6859
0.000596445	1238.41	6.70163e-06	21.9676
0.000609848	1220.54	6.70163e-06	24.119
0.000623252	1213.09	6.70163e-06	20.0029
0.000636655	1178.78	6.70163e-06	20.6489
0.000650058	1179.52	6.70163e-06	21.7899
0.000663462	1179.51	6.70163e-06	20.7174
0.000676865	1181.16	6.70163e-06	24.8009
0.000690268	1168.38	6.70163e-06	31.9409
0.000703671	1131.93	6.70163e-06	21.6912
0.000717075	1105.54	6.70163e-06	20.2858
0.000730478	1106.2	6.70163e-06	26.7356
0.000743881	1014.5	6.70163e-06	21.2648
0.000757284	1032.18	6.70163e-06	23.7241
0.000770688	988.048	6.70163e-06	22.5892
0.000784091	956.921	6.70163e-06	19.2898
0.000797494	927.095	6.70163e-06	17.7929
0.000810897	888.539	6.70163e-06	19.5584
0.000824301	869.347	6.70163e-06	19.5739
0.000837704	856.479	6.70163e-06	18.6196
0.000851107	840.764	6.70163e-06	32.1418
0.00086451	818.054	6.70163e-06	18.1013
0.000877914	811.115	6.70163e-06	20.9266
0.000891317	756.307	6.70163e-06	17.8935
0.00090472	732.22	6.70163e-06	19.1687
0.000918124	709.19	6.70163e-06	16.3478
0.000931527	695.515	6.70163e-06	21.5853
0.00094493	662.155	6.70163e-06	15.5363
0.000958333	654.331	6.70163e-06	19.1369
0.000971737	604.237	6.70163e-06	15.901
0.00098514	582.755	6.70163e-06	17.8072
0.000998543	565.144	6.70163e-06	14.1059
0.00101195	511.49	6.70163e-06	21.1284
0.00102535	527.864	6.70163e-06	14.3115
0.00103875	468.503	6.70163e-06	13.7468
0.00105216	475.399	6.70163e-06	13.8452
0.00106556	450.232	6.70163e-06	12.5202
0.00107896	382.821	6.70163e-06	11.3375
0.00109237	396.64	6.70163e-06	13.9471
0.00110577	368.334	6.70163e-06	12.4227
0.00111917	342.136	6.70163e-06	12.2563
0.00113258	313.146	6.70163e-06	11.1164
0.00114598	328.193	6.70163e-06	12.0081
0.00115938	286.904	6.70163e-06	10.477
0.00117279	259.483	6.70163e-06	10.3366
0.00118619	257.403	6.70163e-06	9.2276
0.00119959	253.151	6.70163e-06	9.90033
0.001213	221.303	6.70163e-06	11.9842
0.0012264	196.251	6.70163e-06	8.66842
0.0012398	210.685	6.70163e-06	9.78958
0.00125321	164.78	6.70163e-06	8.50482
0.00126661	164.609	6.70163e-06	10.0049
0.00128001	151.738	6.70163e-06	8.90088
0.00129341	128.863	6.70163e-06	6.83736
0.00130682	114.257	6.70163e-06	6.70724
0.00132022	112.771	6.70163e-06	8.12946
0.00133362	115.483	6.70163e-06	9.28582
0.00134703	136.235	6.70163e-06	41.0287
0.00136043	81.9716	6.70163e-06	5.28982
0.00137383	81.4618	6.70163e-06	5.86283
0.00138724	64.5732	6.70163e-06	5.18344
0.00140064	61.7534	6.70163e-06	5.1301
0.00141404	57.4587	6.70163e-06	7.48623
0.00142745	51.1379	6.70163e-06	5.09626
0.00144085	48.937	6.70163e-06	5.06925
0.00145425	37.7964	6.70163e-06	4.49716
0.00146766	27.6633	6.70163e-06	3.74203
0.00148106	24.6681	6.70163e-06	3.59233
0.00149446	24.6248	6.70163e-06	3.83057
0.00150787	21.656	6.70163e-06	3.79823
0.00152127	15.0752	6.70163e-06	3.0378
0.00153467	10.9943	6.70163e-06	2.72685
0.00154808	15.7419	6.70163e-06	4.38268
0.00156148	6.04373	6.70163e-06	1.91117
0.00157488	11.244	6.70163e-06	3.41221
0.00158829	3.38414	6.70163e-06	1.40865
0.00160169	3.37052	6.70163e-06	1.66904
0.00161509	3.00278	6.70163e-06	1.82233
0.0016285	0.065147	6.70163e-06	0.065147
0.0016419	0	6.70163e-06	0
0.0016553	0	6.70163e-06	0
0.00166871	2.42897	6.70163e-06	2.42897
