7.09464e-06	1201.37	7.09464e-06	17.9844
2.12839e-05	263.979	7.09464e-06	7.52141
3.54732e-05	224.504	7.09464e-06	7.39715
4.96625e-05	221.712	7.09464e-06	8.16187
6.38517e-05	238.718	7.09464e-06	12.9859
7.8041e-05	255.739	7.09464e-06	9.07563
9.22303e-05	276.507	7.09464e-06	8.28411
0.00010642	291.304	7.09464e-06	8.11609
0.000120609	337.653	7.09464e-06	8.76449
0.000134798	370.728	7.09464e-06	10.6969
0.000148987	403.2	7.09464e-06	12.6957
0.000163177	437.803	7.09464e-06	11.2785
0.000177366	483.751	7.09464e-06	11.1144
0.000191555	541.568	7.09464e-06	12.595
0.000205744	596.877	7.09464e-06	13.5931
0.000219934	646.734	7.09464e-06	17.2627
0.000234123	676.244	7.09464e-06	15.9507
0.000248312	692.433	7.09464e-06	13.2102
0.000262502	821.207	7.09464e-06	23.3788
0.000276691	841.442	7.09464e-06	26.5948
0.00029088	858.285	7.09464e-06	18.2246
0.000305069	863.312	7.09464e-06	16.014
0.000319259	899.53	7.09464e-06	18.2302
0.000333448	962.237	7.09464e-06	17.6666
0.000347637	993.033	7.09464e-06	19.2946
0.000361826	1032.12	7.09464e-06	21.5666
0.000376016	1000.23	7.09464e-06	15.6505
0.000390205	1050.42	7.09464e-06	19.9064
0.000404394	1123.25	7.09464e-06	22.7091
0.000418584	1116.2	7.09464e-06	22.3971
0.000432773	1159.52	7.09464e-06	19.2736
0.000446962	1151.05	7.09464e-06	19.303
0.000461151	1188.3	7.09464e-06	26.3389
0.000475341	1185.2	7.09464e-06	25.7993
0.00048953	1244.92	7.09464e-06	36.2899
0.000503719	1225.61	7.09464e-06	21.4916
0.000517909	1178.87	7.09464e-06	18.3486
0.000532098	1229.44	7.09464e-06	23.7624
0.000546287	1228.2	7.09464e-06	22.8665
0.000560476	1188.67	7.09464e-06	19.2147
0.000574666	1189.32	7.09464e-06	19.678
0.000588855	1167.28	7.09464e-06	20.6157
0.000603044	1204.18	7.09464e-06	23.247
0.000617233	1153.3	7.09464e-06	20.7246
0.000631423	1179.78	7.09464e-06	19.9002
0.000645612	1157.02	7.09464e-06	19.8285
0.000659801	1174.9	7.09464e-06	28.4144
0.000673991	1131.84	7.09464e-06	19.4036
0.00068818	1110.41	7.09464e-06	19.7402
0.000702369	1086.66	7.09464e-06	22.2217
0.000716558	1063.8	7.09464e-06	22.1031
0.000730748	1052.53	7.09464e-06	18.894
0.000744937	1029.13	7.09464e-06	21.3933
0.000759126	1017.59	7.09464e-06	19.1722
0.000773315	1017.46	7.09464e-06	24.0069
0.000787505	975.006	7.09464e-06	17.6641
0.000801694	972.56	7.09464e-06	21.6304
0.000815883	899.891	7.09464e-06	18.3397
0.000830073	926.235	7.09464e-06	27.9933
0.000844262	897.447	7.09464e-06	18.0291
0.000858451	854.828	7.09464e-06	26.6182
0.00087264	808.613	7.09464e-06	16.4299
0.00088683	791.367	7.09464e-06	15.645
0.000901019	778.809	7.09464e-06	17.5255
0.000915208	758.099	7.09464e-06	16.3525
0.000929397	720.677	7.09464e-06	16.2921
0.000943587	715.802	7.09464e-06	17.2546
0.000957776	699.618	7.09464e-06	16.1368
0.000971965	634.493	7.09464e-06	14.6414
0.000986155	614.184	7.09464e-06	15.5794
0.00100034	603.536	7.09464e-06	18.4322
0.00101453	584.864	7.09464e-06	17.0199
0.00102872	557.05	7.09464e-06	18.4536
0.00104291	513.551	7.09464e-06	13.7561
0.0010571	512.576	7.09464e-06	14.2733
0.00107129	467.104	7.09464e-06	12.7815
0.00108548	451.412	7.09464e-06	12.8335
0.00109967	486.959	7.09464e-06	40.6142
0.00111386	407.82	7.09464e-06	12.4889
0.00112805	385.579	7.09464e-06	11.4367
0.00114224	353.312	7.09464e-06	10.7347
0.00115643	342.152	7.09464e-06	10.9331
0.00117062	324.153	7.09464e-06	15.3142
0.0011848	311.289	7.09464e-06	13.9087
0.00119899	274.897	7.09464e-06	9.39315
0.00121318	265.71	7.09464e-06	10.6465
0.00122737	246.359	7.09464e-06	9.09923
0.00124156	232.562	7.09464e-06	9.2226
0.00125575	214.05	7.09464e-06	15.9129
0.00126994	205.361	7.09464e-06	9.31343
0.00128413	205.283	7.09464e-06	9.52012
0.00129832	174.643	7.09464e-06	7.78162
0.00131251	176.682	7.09464e-06	14.5297
0.0013267	165.382	7.09464e-06	8.24647
0.00134089	141.076	7.09464e-06	7.90845
0.00135508	135.022	7.09464e-06	8.20004
0.00136926	117.148	7.09464e-06	6.41559
0.00138345	119.908	7.09464e-06	6.98748
0.00139764	99.8767	7.09464e-06	5.99014
0.00141183	106.136	7.09464e-06	8.19208
0.00142602	84.5378	7.09464e-06	6.05035
0.00144021	80.4743	7.09464e-06	5.62053
0.0014544	74.9351	7.09464e-06	6.86564
0.00146859	68.1203	7.09464e-06	5.46033
0.00148278	58.8314	7.09464e-06	4.87859
0.00149697	57.9054	7.09464e-06	5.73474
0.00151116	51.2463	7.09464e-06	5.08856
0.00152535	50.3434	7.09464e-06	7.49851
0.00153954	30.7522	7.09464e-06	3.48636
0.00155373	39.1422	7.09464e-06	11.853
0.00156791	32.3856	7.09464e-06	4.18686
0.0015821	24.8745	7.09464e-06	3.22793
0.00159629	17.2581	7.09464e-06	2.3896
0.00161048	21.8829	7.09464e-06	3.316
0.00162467	24.0128	7.09464e-06	3.54274
0.00163886	17.4775	7.09464e-06	2.85888
0.00165305	13.7085	7.09464e-06	2.47469
0.00166724	14.577	7.09464e-06	2.63202
0.00168143	10.6784	7.09464e-06	2.34479
0.00169562	6.93955	7.09464e-06	2.15372
0.00170981	7.88605	7.09464e-06	2.72158
0.001724	6.80315	7.09464e-06	2.11766
0.00173819	4.94957	7.09464e-06	1.74058
0.00175238	2.19344	7.09464e-06	1.16067
0.00176656	4.12781	7.09464e-06	1.79286
0.00178075	1.16645	7.09464e-06	0.812749
0.00179494	0.0996881	7.09464e-06	0.0996881
0.00180913	0	7.09464e-06	0
0.00182332	2.31515	7.09464e-06	1.28868
