8.58087e-06	987.854	8.58087e-06	16.4956
2.57426e-05	213.517	8.58087e-06	7.69056
4.29044e-05	165.387	8.58087e-06	5.09609
6.00661e-05	157.851	8.58087e-06	4.60097
7.72279e-05	180.393	8.58087e-06	8.60858
9.43896e-05	189.382	8.58087e-06	7.41087
0.000111551	234.692	8.58087e-06	10.0173
0.000128713	240.955	8.58087e-06	8.00042
0.000145875	259.418	8.58087e-06	6.66238
0.000163037	293.78	8.58087e-06	8.84663
0.000180198	317.652	8.58087e-06	7.61642
0.00019736	355.753	8.58087e-06	8.49945
0.000214522	399.263	8.58087e-06	9.60409
0.000231684	414.614	8.58087e-06	9.59823
0.000248845	453.346	8.58087e-06	13.0051
0.000266007	479.656	8.58087e-06	12.0278
0.000283169	535.013	8.58087e-06	10.8885
0.000300331	560.936	8.58087e-06	11.4346
0.000317492	660.105	8.58087e-06	33.9571
0.000334654	644.245	8.58087e-06	12.6303
0.000351816	648.175	8.58087e-06	11.6834
0.000368978	690.543	8.58087e-06	13.6786
0.000386139	743.586	8.58087e-06	14.9749
0.000403301	756.622	8.58087e-06	16.5387
0.000420463	779.083	8.58087e-06	13.6244
0.000437625	801.687	8.58087e-06	14.7123
0.000454786	825.158	8.58087e-06	13.8373
0.000471948	871.165	8.58087e-06	16.6407
0.00048911	852.925	8.58087e-06	14.1528
0.000506271	909.079	8.58087e-06	17.3039
0.000523433	923.581	8.58087e-06	19.3267
0.000540595	958.959	8.58087e-06	25.6053
0.000557757	997.738	8.58087e-06	40.7759
0.000574918	989.925	8.58087e-06	25.7753
0.00059208	955.35	8.58087e-06	16.2676
0.000609242	982.659	8.58087e-06	15.4693
0.000626404	990.376	8.58087e-06	17.6929
0.000643565	954.077	8.58087e-06	14.6036
0.000660727	1005.3	8.58087e-06	18.2229
0.000677889	986.855	8.58087e-06	15.9338
0.000695051	987.864	8.58087e-06	14.9901
0.000712212	980.792	8.58087e-06	16.6568
0.000729374	988.02	8.58087e-06	16.7437
0.000746536	1006.81	8.58087e-06	27.4629
0.000763698	982.428	8.58087e-06	16.0252
0.000780859	979.368	8.58087e-06	16.3315
0.000798021	946.766	8.58087e-06	14.909
0.000815183	991.768	8.58087e-06	29.0116
0.000832345	960.243	8.58087e-06	18.2896
0.000849506	939.177	8.58087e-06	16.9417
0.000866668	913.749	8.58087e-06	16.7085
0.00088383	895.14	8.58087e-06	18.9419
0.000900992	871.607	8.58087e-06	14.4882
0.000918153	850.095	8.58087e-06	14.9553
0.000935315	830.328	8.58087e-06	14.2634
0.000952477	847.004	8.58087e-06	22.3097
0.000969639	823.66	8.58087e-06	15.5021
0.0009868	828.509	8.58087e-06	16.0663
0.00100396	802.657	8.58087e-06	16.9309
0.00102112	753.157	8.58087e-06	18.2429
0.00103829	734.534	8.58087e-06	16.5896
0.00105545	696.628	8.58087e-06	18.9402
0.00107261	658.422	8.58087e-06	12.9015
0.00108977	688.568	8.58087e-06	21.9155
0.00110693	623.98	8.58087e-06	12.8563
0.00112409	619.738	8.58087e-06	14.2939
0.00114126	597.738	8.58087e-06	15.2806
0.00115842	561.927	8.58087e-06	12.9005
0.00117558	549.548	8.58087e-06	17.5937
0.00119274	532.312	8.58087e-06	14.3346
0.0012099	505.092	8.58087e-06	12.0816
0.00122706	504.732	8.58087e-06	13.7521
0.00124423	445.694	8.58087e-06	10.8691
0.00126139	433.648	8.58087e-06	12.7008
0.00127855	417.851	8.58087e-06	13.4361
0.00129571	428.379	8.58087e-06	17.9888
0.00131287	381.621	8.58087e-06	10.0738
0.00133004	364.008	8.58087e-06	20.3958
0.0013472	335.918	8.58087e-06	12.1818
0.00136436	327.784	8.58087e-06	12.4599
0.00138152	288.596	8.58087e-06	9.49597
0.00139868	294.01	8.58087e-06	8.8452
0.00141584	274.111	8.58087e-06	10.1767
0.00143301	269.703	8.58087e-06	9.02799
0.00145017	243.88	8.58087e-06	12.9585
0.00146733	229.907	8.58087e-06	8.19626
0.00148449	215.762	8.58087e-06	8.38918
0.00150165	208.648	8.58087e-06	7.75565
0.00151881	190.493	8.58087e-06	10.1579
0.00153598	171.028	8.58087e-06	8.74853
0.00155314	156.942	8.58087e-06	6.89741
0.0015703	149.48	8.58087e-06	7.9257
0.00158746	138.832	8.58087e-06	6.48079
0.00160462	127.545	8.58087e-06	6.30714
0.00162178	122.734	8.58087e-06	5.73606
0.00163895	109.105	8.58087e-06	5.49309
0.00165611	112.852	8.58087e-06	6.85892
0.00167327	110.807	8.58087e-06	6.24307
0.00169043	97.2126	8.58087e-06	5.72889
0.00170759	88.4522	8.58087e-06	5.75333
0.00172476	70.6901	8.58087e-06	4.92753
0.00174192	61.7528	8.58087e-06	4.02558
0.00175908	62.0159	8.58087e-06	4.47595
0.00177624	69.5133	8.58087e-06	7.6453
0.0017934	54.6005	8.58087e-06	4.03434
0.00181056	51.9148	8.58087e-06	4.33112
0.00182773	44.6742	8.58087e-06	4.20279
0.00184489	33.7025	8.58087e-06	2.9942
0.00186205	34.5266	8.58087e-06	2.9837
0.00187921	29.3252	8.58087e-06	2.97334
0.00189637	25.6614	8.58087e-06	2.76507
0.00191353	23.1261	8.58087e-06	2.73761
0.0019307	34.6999	8.58087e-06	5.52695
0.00194786	20.5605	8.58087e-06	2.87413
0.00196502	14.4452	8.58087e-06	2.20509
0.00198218	11.4162	8.58087e-06	1.81627
0.00199934	12.217	8.58087e-06	2.97086
0.00201651	13.2682	8.58087e-06	2.11118
0.00203367	11.8622	8.58087e-06	2.2759
0.00205083	5.7855	8.58087e-06	1.37574
0.00206799	7.2554	8.58087e-06	1.9286
0.00208515	3.68352	8.58087e-06	1.14262
0.00210231	5.6416	8.58087e-06	1.78447
0.00211948	3.43611	8.58087e-06	1.62023
0.00213664	4.44298	8.58087e-06	1.25818
0.0021538	0.314182	8.58087e-06	0.228748
0.00217096	1.88806	8.58087e-06	1.02475
0.00218812	0.551105	8.58087e-06	0.426581
0.00220528	1.20965	8.58087e-06	0.916331
0.00222245	0.932718	8.58087e-06	0.749552
