9.51476e-06	863.581	9.51476e-06	14.6703
2.85443e-05	172.079	9.51476e-06	5.06514
4.75738e-05	152.953	9.51476e-06	7.45303
6.66033e-05	147.353	9.51476e-06	5.19072
8.56328e-05	138.09	9.51476e-06	5.21855
0.000104662	152.112	9.51476e-06	6.31591
0.000123692	168.271	9.51476e-06	5.87376
0.000142721	176.139	9.51476e-06	7.2033
0.000161751	197.653	9.51476e-06	8.32148
0.00018078	193.281	9.51476e-06	5.55089
0.00019981	222.706	9.51476e-06	6.11409
0.000218839	240.629	9.51476e-06	6.22491
0.000237869	285.012	9.51476e-06	11.1388
0.000256899	291.514	9.51476e-06	8.49468
0.000275928	316.188	9.51476e-06	7.5057
0.000294958	346.214	9.51476e-06	8.23052
0.000313987	380.69	9.51476e-06	9.30974
0.000333017	393.216	9.51476e-06	8.13389
0.000352046	438.763	9.51476e-06	11.1723
0.000371076	459.025	9.51476e-06	10.8647
0.000390105	500.364	9.51476e-06	9.86767
0.000409135	528.068	9.51476e-06	11.9727
0.000428164	530.983	9.51476e-06	11.9635
0.000447194	584.845	9.51476e-06	12.8939
0.000466223	609.022	9.51476e-06	11.9835
0.000485253	639.936	9.51476e-06	15.5326
0.000504282	638.45	9.51476e-06	11.7011
0.000523312	765.906	9.51476e-06	44.9693
0.000542341	700.314	9.51476e-06	13.825
0.000561371	714.459	9.51476e-06	12.6243
0.0005804	747.338	9.51476e-06	13.4437
0.00059943	768.983	9.51476e-06	14.6938
0.000618459	783.988	9.51476e-06	14.1852
0.000637489	806.845	9.51476e-06	15.743
0.000656518	798.572	9.51476e-06	16.6424
0.000675548	829.677	9.51476e-06	18.5445
0.000694577	853.596	9.51476e-06	16.1496
0.000713607	835.664	9.51476e-06	13.905
0.000732636	891.927	9.51476e-06	19.264
0.000751666	901.555	9.51476e-06	20.6261
0.000770696	885.856	9.51476e-06	30.5513
0.000789725	872.302	9.51476e-06	14.6285
0.000808755	873.587	9.51476e-06	20.9364
0.000827784	871.665	9.51476e-06	14.8124
0.000846814	901.745	9.51476e-06	18.989
0.000865843	888.793	9.51476e-06	15.212
0.000884873	891.586	9.51476e-06	14.5904
0.000903902	877.518	9.51476e-06	14.8102
0.000922932	862.783	9.51476e-06	14.0812
0.000941961	901.861	9.51476e-06	16.5084
0.000960991	904.267	9.51476e-06	29.5736
0.00098002	860.942	9.51476e-06	15.4461
0.00099905	892.392	9.51476e-06	25.2477
0.00101808	841.349	9.51476e-06	16.8763
0.00103711	1034.07	9.51476e-06	162.936
0.00105614	824.413	9.51476e-06	21.7214
0.00107517	764.82	9.51476e-06	13.1943
0.0010942	762.782	9.51476e-06	18.2589
0.00111323	765.415	9.51476e-06	14.5721
0.00113226	732.324	9.51476e-06	13.5343
0.00115129	713.236	9.51476e-06	18.8082
0.00117032	704.325	9.51476e-06	12.8586
0.00118934	655.195	9.51476e-06	12.5712
0.00120837	694.282	9.51476e-06	17.4147
0.0012274	660.303	9.51476e-06	14.5259
0.00124643	632.185	9.51476e-06	19.4922
0.00126546	619.733	9.51476e-06	17.3818
0.00128449	589.342	9.51476e-06	15.5483
0.00130352	547.145	9.51476e-06	11.5956
0.00132255	530.81	9.51476e-06	12.4208
0.00134158	510.526	9.51476e-06	11.2686
0.00136061	522.493	9.51476e-06	17.0345
0.00137964	473.913	9.51476e-06	11.1823
0.00139867	461.848	9.51476e-06	11.5014
0.0014177	436.613	9.51476e-06	10.5141
0.00143673	411.015	9.51476e-06	9.89803
0.00145576	420.831	9.51476e-06	12.6721
0.00147479	384.847	9.51476e-06	10.1154
0.00149382	366.826	9.51476e-06	10.1681
0.00151285	325.766	9.51476e-06	9.27319
0.00153188	318.746	9.51476e-06	9.059
0.00155091	321.148	9.51476e-06	21.9281
0.00156994	287.616	9.51476e-06	8.17079
0.00158896	269.127	9.51476e-06	8.40847
0.00160799	286.5	9.51476e-06	17.1529
0.00162702	250.923	9.51476e-06	8.51343
0.00164605	243.693	9.51476e-06	10.5829
0.00166508	217.251	9.51476e-06	8.92998
0.00168411	191.532	9.51476e-06	6.75662
0.00170314	193.866	9.51476e-06	6.99973
0.00172217	167.962	9.51476e-06	6.30399
0.0017412	162.469	9.51476e-06	6.80629
0.00176023	145.75	9.51476e-06	5.82285
0.00177926	123.439	9.51476e-06	5.21019
0.00179829	129.3	9.51476e-06	5.95767
0.00181732	106.962	9.51476e-06	4.72352
0.00183635	101.832	9.51476e-06	4.85524
0.00185538	95.8544	9.51476e-06	5.74381
0.00187441	88.9312	9.51476e-06	5.01662
0.00189344	83.3502	9.51476e-06	4.8477
0.00191247	83.6386	9.51476e-06	4.57149
0.0019315	71.5473	9.51476e-06	4.53309
0.00195053	75.3676	9.51476e-06	6.19327
0.00196956	56.3832	9.51476e-06	3.5655
0.00198858	55.3747	9.51476e-06	3.4761
0.00200761	43.137	9.51476e-06	3.34612
0.00202664	48.8978	9.51476e-06	4.59139
0.00204567	37.5483	9.51476e-06	3.80134
0.0020647	32.1141	9.51476e-06	3.05014
0.00208373	30.5462	9.51476e-06	2.98017
0.00210276	28.8895	9.51476e-06	2.59001
0.00212179	20.8657	9.51476e-06	1.9978
0.00214082	18.4254	9.51476e-06	2.05039
0.00215985	18.7715	9.51476e-06	2.23857
0.00217888	15.3809	9.51476e-06	1.74385
0.00219791	15.9468	9.51476e-06	2.02238
0.00221694	13.5823	9.51476e-06	2.01854
0.00223597	9.44876	9.51476e-06	1.4231
0.002255	10.4349	9.51476e-06	1.89229
0.00227403	7.14713	9.51476e-06	1.26194
0.00229306	5.75752	9.51476e-06	1.59347
0.00231209	5.9105	9.51476e-06	1.43501
0.00233112	5.71013	9.51476e-06	1.32947
0.00235015	4.14157	9.51476e-06	1.26998
0.00236918	3.13884	9.51476e-06	1.07753
0.0023882	2.60027	9.51476e-06	0.861899
0.00240723	0.764441	9.51476e-06	0.440702
0.00242626	1.19155	9.51476e-06	0.937873
0.00244529	1.31918	9.51476e-06	0.651695
0.00246432	0	9.51476e-06	0
0.00248335	2.02855	9.51476e-06	1.09932
