9.8363e-06	875.5	9.8363e-06	15.1921
2.95089e-05	174.458	9.8363e-06	5.54305
4.91815e-05	133.385	9.8363e-06	4.91498
6.88541e-05	148.497	9.8363e-06	12.1662
8.85267e-05	142.128	9.8363e-06	5.78182
0.000108199	143.85	9.8363e-06	6.70401
0.000127872	144.561	9.8363e-06	5.15445
0.000147544	168.861	9.8363e-06	8.56643
0.000167217	166.177	9.8363e-06	6.56852
0.00018689	185.428	9.8363e-06	7.37903
0.000206562	219.244	9.8363e-06	12.6352
0.000226235	214.619	9.8363e-06	6.51524
0.000245907	238.776	9.8363e-06	6.12458
0.00026558	258.223	9.8363e-06	7.02778
0.000285253	295.856	9.8363e-06	8.84407
0.000304925	304.309	9.8363e-06	7.15194
0.000324598	333.6	9.8363e-06	7.50328
0.00034427	383.585	9.8363e-06	12.8512
0.000363943	392.565	9.8363e-06	10.9966
0.000383616	426.53	9.8363e-06	9.45677
0.000403288	437.867	9.8363e-06	8.62293
0.000422961	482.358	9.8363e-06	10.3144
0.000442633	487.782	9.8363e-06	9.29838
0.000462306	505.402	9.8363e-06	10.3217
0.000481979	533.498	9.8363e-06	9.79963
0.000501651	585.263	9.8363e-06	15.0856
0.000521324	590.699	9.8363e-06	11.0819
0.000540996	647.316	9.8363e-06	18.1314
0.000560669	661.025	9.8363e-06	14.1207
0.000580341	687.003	9.8363e-06	21.57
0.000600014	686.227	9.8363e-06	11.9031
0.000619687	725.634	9.8363e-06	13.7615
0.000639359	735.899	9.8363e-06	13.6867
0.000659032	730.866	9.8363e-06	12.4835
0.000678704	804.071	9.8363e-06	14.9465
0.000698377	801.198	9.8363e-06	17.0243
0.00071805	813.561	9.8363e-06	14.4893
0.000737722	830.782	9.8363e-06	16.154
0.000757395	816.22	9.8363e-06	13.1402
0.000777067	819.729	9.8363e-06	13.9172
0.00079674	818.805	9.8363e-06	13.7924
0.000816413	832.312	9.8363e-06	12.6483
0.000836085	867.994	9.8363e-06	14.1867
0.000855758	877.628	9.8363e-06	17.985
0.00087543	861.671	9.8363e-06	13.8839
0.000895103	899.721	9.8363e-06	15.6036
0.000914776	892.142	9.8363e-06	16.1211
0.000934448	884.35	9.8363e-06	15.6766
0.000954121	888.656	9.8363e-06	19.7346
0.000973793	882.423	9.8363e-06	14.6667
0.000993466	893.814	9.8363e-06	15.1601
0.00101314	855.889	9.8363e-06	14.7699
0.00103281	850.696	9.8363e-06	14.7124
0.00105248	817.635	9.8363e-06	15.6447
0.00107216	812.165	9.8363e-06	14.192
0.00109183	803.686	9.8363e-06	14.5015
0.0011115	796.916	9.8363e-06	19.3143
0.00113117	793.433	9.8363e-06	16.5556
0.00115085	781.718	9.8363e-06	18.258
0.00117052	756.08	9.8363e-06	13.4175
0.00119019	710.488	9.8363e-06	14.29
0.00120986	689.442	9.8363e-06	12.9274
0.00122954	707.885	9.8363e-06	14.0702
0.00124921	695.893	9.8363e-06	15.3569
0.00126888	645.693	9.8363e-06	11.7291
0.00128855	610.903	9.8363e-06	11.5988
0.00130823	613.385	9.8363e-06	14.5335
0.0013279	583.618	9.8363e-06	11.5162
0.00134757	566.393	9.8363e-06	12.4383
0.00136725	543.181	9.8363e-06	11.635
0.00138692	524.853	9.8363e-06	13.8036
0.00140659	515.914	9.8363e-06	11.0547
0.00142626	491.751	9.8363e-06	11.1573
0.00144594	476.663	9.8363e-06	11.4992
0.00146561	457.012	9.8363e-06	10.6917
0.00148528	430.783	9.8363e-06	11.2635
0.00150495	401.121	9.8363e-06	10.5149
0.00152463	385.34	9.8363e-06	9.81175
0.0015443	352.607	9.8363e-06	8.87157
0.00156397	347.139	9.8363e-06	11.468
0.00158364	327.506	9.8363e-06	9.26321
0.00160332	317.054	9.8363e-06	10.2145
0.00162299	276.325	9.8363e-06	8.43442
0.00164266	277.349	9.8363e-06	8.81246
0.00166233	268.117	9.8363e-06	8.91884
0.00168201	235.974	9.8363e-06	8.11441
0.00170168	248.561	9.8363e-06	9.28634
0.00172135	207.634	9.8363e-06	8.66617
0.00174102	194.139	9.8363e-06	6.46629
0.0017607	179.543	9.8363e-06	6.23752
0.00178037	171.791	9.8363e-06	6.47604
0.00180004	156.484	9.8363e-06	6.86029
0.00181971	145.681	9.8363e-06	5.60129
0.00183939	135.192	9.8363e-06	5.59234
0.00185906	137.188	9.8363e-06	5.73947
0.00187873	120.895	9.8363e-06	4.82305
0.00189841	105.775	9.8363e-06	5.97766
0.00191808	102.329	9.8363e-06	5.61517
0.00193775	93.0593	9.8363e-06	6.82663
0.00195742	87.0962	9.8363e-06	4.99084
0.0019771	76.8865	9.8363e-06	5.59265
0.00199677	69.3877	9.8363e-06	4.60538
0.00201644	64.3172	9.8363e-06	3.96852
0.00203611	56.9447	9.8363e-06	4.20011
0.00205579	48.9053	9.8363e-06	3.11389
0.00207546	46.8099	9.8363e-06	3.20039
0.00209513	39.3474	9.8363e-06	2.97835
0.0021148	38.6361	9.8363e-06	3.84198
0.00213448	35.7549	9.8363e-06	3.0852
0.00215415	29.3313	9.8363e-06	2.73819
0.00217382	25.853	9.8363e-06	2.37491
0.00219349	26.4894	9.8363e-06	3.06458
0.00221317	21.3375	9.8363e-06	2.26257
0.00223284	17.4865	9.8363e-06	2.16651
0.00225251	13.5613	9.8363e-06	1.67221
0.00227218	12.8754	9.8363e-06	1.70831
0.00229186	15.5746	9.8363e-06	2.42669
0.00231153	10.6021	9.8363e-06	2.14851
0.0023312	9.32451	9.8363e-06	1.44574
0.00235087	7.42585	9.8363e-06	1.31545
0.00237055	7.92023	9.8363e-06	1.46065
0.00239022	5.15383	9.8363e-06	1.15778
0.00240989	4.71066	9.8363e-06	1.30552
0.00242957	2.49686	9.8363e-06	0.716876
0.00244924	1.92606	9.8363e-06	0.722548
0.00246891	2.27303	9.8363e-06	0.905359
0.00248858	0.713252	9.8363e-06	0.41611
0.00250826	2.0518	9.8363e-06	1.48751
