9.38409e-06	880.904	9.38409e-06	12.3295
2.81523e-05	184.428	9.38409e-06	6.05482
4.69204e-05	140.604	9.38409e-06	4.71845
6.56886e-05	147.039	9.38409e-06	6.03516
8.44568e-05	148.505	9.38409e-06	7.5016
0.000103225	148.086	9.38409e-06	4.72025
0.000121993	167.906	9.38409e-06	7.53495
0.000140761	188.092	9.38409e-06	6.10624
0.00015953	196.969	9.38409e-06	6.6922
0.000178298	215.181	9.38409e-06	6.58786
0.000197066	257.843	9.38409e-06	13.5948
0.000215834	283.67	9.38409e-06	8.50366
0.000234602	292.482	9.38409e-06	8.73055
0.00025337	324.237	9.38409e-06	8.32598
0.000272139	357.013	9.38409e-06	8.0919
0.000290907	394.183	9.38409e-06	13.3147
0.000309675	401.809	9.38409e-06	9.53031
0.000328443	430.163	9.38409e-06	9.42381
0.000347211	476.535	9.38409e-06	13.4508
0.000365979	492.796	9.38409e-06	12.4408
0.000384748	519.693	9.38409e-06	12.8796
0.000403516	539.899	9.38409e-06	10.7921
0.000422284	580.826	9.38409e-06	11.629
0.000441052	598.725	9.38409e-06	11.7077
0.00045982	646.632	9.38409e-06	16.045
0.000478589	695.232	9.38409e-06	21.4766
0.000497357	678.69	9.38409e-06	13.119
0.000516125	703.261	9.38409e-06	13.6088
0.000534893	712.636	9.38409e-06	14.4779
0.000553661	762.838	9.38409e-06	17.2076
0.000572429	758.954	9.38409e-06	14.8887
0.000591198	780.45	9.38409e-06	13.8882
0.000609966	822.511	9.38409e-06	13.4512
0.000628734	851.585	9.38409e-06	26.0361
0.000647502	860.639	9.38409e-06	14.3685
0.00066627	845.923	9.38409e-06	14.7679
0.000685038	864.394	9.38409e-06	15.1872
0.000703807	856.306	9.38409e-06	14.9498
0.000722575	903.186	9.38409e-06	14.9005
0.000741343	895.148	9.38409e-06	16.2707
0.000760111	901.602	9.38409e-06	16.1367
0.000778879	923.595	9.38409e-06	15.9095
0.000797648	901.672	9.38409e-06	17.7068
0.000816416	965.202	9.38409e-06	29.0396
0.000835184	894.82	9.38409e-06	17.219
0.000853952	901.759	9.38409e-06	16.0982
0.00087272	896.275	9.38409e-06	16.6356
0.000891488	917.723	9.38409e-06	19.1039
0.000910257	934.423	9.38409e-06	21.1049
0.000929025	892.695	9.38409e-06	16.8126
0.000947793	907.298	9.38409e-06	22.182
0.000966561	886.361	9.38409e-06	17.8674
0.000985329	853.739	9.38409e-06	16.6499
0.0010041	845.985	9.38409e-06	17.0087
0.00102287	818.444	9.38409e-06	13.7183
0.00104163	812.589	9.38409e-06	16.6396
0.0010604	787.097	9.38409e-06	14.0544
0.00107917	781.815	9.38409e-06	14.0524
0.00109794	745.176	9.38409e-06	14.3759
0.00111671	737.095	9.38409e-06	14.1673
0.00113547	725.628	9.38409e-06	14.6475
0.00115424	691.51	9.38409e-06	13.2657
0.00117301	692.05	9.38409e-06	13.9646
0.00119178	656.172	9.38409e-06	12.0102
0.00121055	638.015	9.38409e-06	13.3804
0.00122932	631.417	9.38409e-06	13.5006
0.00124808	613.661	9.38409e-06	13.7015
0.00126685	605.696	9.38409e-06	14.1304
0.00128562	542.622	9.38409e-06	12.0593
0.00130439	520.638	9.38409e-06	10.9506
0.00132316	510.063	9.38409e-06	12.593
0.00134192	510.103	9.38409e-06	19.1798
0.00136069	483.267	9.38409e-06	11.3614
0.00137946	466.097	9.38409e-06	13.6968
0.00139823	423.472	9.38409e-06	10.462
0.001417	414.453	9.38409e-06	12.4102
0.00143577	377.823	9.38409e-06	9.49048
0.00145453	389.19	9.38409e-06	10.1596
0.0014733	356.632	9.38409e-06	9.3088
0.00149207	331.088	9.38409e-06	11.853
0.00151084	322.361	9.38409e-06	9.94621
0.00152961	310.971	9.38409e-06	11.1141
0.00154837	276.478	9.38409e-06	8.40441
0.00156714	267.316	9.38409e-06	10.0503
0.00158591	237.045	9.38409e-06	8.1663
0.00160468	239.768	9.38409e-06	11.5011
0.00162345	226.001	9.38409e-06	8.26989
0.00164222	185.948	9.38409e-06	6.37521
0.00166098	188.408	9.38409e-06	6.92948
0.00167975	189.283	9.38409e-06	8.3259
0.00169852	159.624	9.38409e-06	6.35589
0.00171729	150.641	9.38409e-06	5.67887
0.00173606	152.691	9.38409e-06	7.01653
0.00175482	138.814	9.38409e-06	6.4224
0.00177359	139.907	9.38409e-06	17.6859
0.00179236	108.672	9.38409e-06	5.01951
0.00181113	100.905	9.38409e-06	5.16108
0.0018299	102.761	9.38409e-06	6.39282
0.00184867	99.5984	9.38409e-06	5.18842
0.00186743	86.0586	9.38409e-06	4.8963
0.0018862	77.5261	9.38409e-06	5.21411
0.00190497	60.4935	9.38409e-06	3.62333
0.00192374	63.1984	9.38409e-06	4.02271
0.00194251	60.973	9.38409e-06	3.94185
0.00196127	71.2301	9.38409e-06	17.4404
0.00198004	50.2163	9.38409e-06	4.23762
0.00199881	37.6731	9.38409e-06	2.96661
0.00201758	36.6208	9.38409e-06	3.13617
0.00203635	28.1697	9.38409e-06	2.66994
0.00205512	27.2425	9.38409e-06	2.3853
0.00207388	25.1182	9.38409e-06	2.6031
0.00209265	27.8292	9.38409e-06	4.91637
0.00211142	23.8363	9.38409e-06	2.63717
0.00213019	20.4585	9.38409e-06	2.58624
0.00214896	13.5088	9.38409e-06	1.68468
0.00216772	10.9684	9.38409e-06	1.5468
0.00218649	14.9764	9.38409e-06	2.11774
0.00220526	10.5861	9.38409e-06	2.1006
0.00222403	9.49411	9.38409e-06	1.84644
0.0022428	7.31321	9.38409e-06	1.43155
0.00226157	8.10061	9.38409e-06	1.59213
0.00228033	5.95723	9.38409e-06	1.52173
0.0022991	5.37068	9.38409e-06	1.19587
0.00231787	2.5593	9.38409e-06	0.768326
0.00233664	1.56882	9.38409e-06	0.648725
0.00235541	0.396652	9.38409e-06	0.246363
0.00237417	4.44497	9.38409e-06	3.48275
0.00239294	0.766055	9.38409e-06	0.564149
0.00241171	0.216928	9.38409e-06	0.216928
0.00243048	0.677907	9.38409e-06	0.480046
