8.83545e-06	960.408	8.83545e-06	15.3536
2.65064e-05	196.647	8.83545e-06	6.08975
4.41773e-05	167.373	8.83545e-06	5.70923
6.18482e-05	161.42	8.83545e-06	5.69645
7.95191e-05	176.526	8.83545e-06	6.73534
9.719e-05	190.269	8.83545e-06	8.57382
0.000114861	198.406	8.83545e-06	6.03071
0.000132532	210.346	8.83545e-06	5.68861
0.000150203	261.617	8.83545e-06	7.51656
0.000167874	262.843	8.83545e-06	7.59353
0.000185545	294.358	8.83545e-06	7.9909
0.000203215	332.666	8.83545e-06	8.79383
0.000220886	365.793	8.83545e-06	9.27309
0.000238557	392.223	8.83545e-06	9.69851
0.000256228	420.265	8.83545e-06	9.61074
0.000273899	468.65	8.83545e-06	10.9632
0.00029157	498.813	8.83545e-06	11.7899
0.000309241	527.695	8.83545e-06	11.832
0.000326912	582.595	8.83545e-06	19.8844
0.000344583	595.344	8.83545e-06	12.383
0.000362254	628.504	8.83545e-06	14.1075
0.000379924	652.962	8.83545e-06	12.3721
0.000397595	694.948	8.83545e-06	16.6842
0.000415266	720.296	8.83545e-06	12.4047
0.000432937	763.732	8.83545e-06	13.336
0.000450608	773.191	8.83545e-06	13.8302
0.000468279	800.317	8.83545e-06	17.9872
0.00048595	815.984	8.83545e-06	14.2606
0.000503621	808.245	8.83545e-06	14.4032
0.000521292	964.52	8.83545e-06	59.01
0.000538963	867.021	8.83545e-06	15.279
0.000556634	903.29	8.83545e-06	16.9123
0.000574304	906.909	8.83545e-06	17.741
0.000591975	894.233	8.83545e-06	15.3994
0.000609646	900.79	8.83545e-06	15.1005
0.000627317	919.165	8.83545e-06	15.6197
0.000644988	938.817	8.83545e-06	16.7356
0.000662659	951.897	8.83545e-06	16.5166
0.00068033	995.291	8.83545e-06	31.8527
0.000698001	987.352	8.83545e-06	16.6832
0.000715672	1012.47	8.83545e-06	22.293
0.000733343	1023.55	8.83545e-06	26.1895
0.000751014	1000.07	8.83545e-06	21.8735
0.000768684	992.425	8.83545e-06	26.7676
0.000786355	972.894	8.83545e-06	15.8264
0.000804026	941.958	8.83545e-06	16.1873
0.000821697	963.671	8.83545e-06	18.8
0.000839368	939.28	8.83545e-06	16.9942
0.000857039	892.224	8.83545e-06	14.1352
0.00087471	902.792	8.83545e-06	15.8427
0.000892381	899.364	8.83545e-06	16.1537
0.000910052	877.181	8.83545e-06	14.6412
0.000927723	861.24	8.83545e-06	18.0725
0.000945394	829.387	8.83545e-06	14.3738
0.000963064	817.476	8.83545e-06	14.955
0.000980735	803.394	8.83545e-06	14.1824
0.000998406	811.503	8.83545e-06	15.2709
0.00101608	791.026	8.83545e-06	19.4216
0.00103375	763.279	8.83545e-06	14.6987
0.00105142	732.048	8.83545e-06	13.6095
0.00106909	737.52	8.83545e-06	16.0211
0.00108676	710.746	8.83545e-06	17.1149
0.00110443	672.385	8.83545e-06	14.6539
0.0011221	642.819	8.83545e-06	12.4653
0.00113977	604.376	8.83545e-06	12.3239
0.00115744	587.108	8.83545e-06	12.5829
0.00117512	581.135	8.83545e-06	12.8886
0.00119279	556.66	8.83545e-06	12.074
0.00121046	543.67	8.83545e-06	12.4213
0.00122813	543.047	8.83545e-06	15.1481
0.0012458	514.554	8.83545e-06	15.0369
0.00126347	482.186	8.83545e-06	11.4707
0.00128114	450.334	8.83545e-06	11.1354
0.00129881	458.572	8.83545e-06	15.5151
0.00131648	417.365	8.83545e-06	10.6401
0.00133415	408.58	8.83545e-06	11.461
0.00135182	376.113	8.83545e-06	12.3806
0.0013695	370.887	8.83545e-06	14.1939
0.00138717	340.158	8.83545e-06	10.9998
0.00140484	331.272	8.83545e-06	9.97992
0.00142251	307.623	8.83545e-06	10.6166
0.00144018	311.997	8.83545e-06	10.7332
0.00145785	257.096	8.83545e-06	7.98802
0.00147552	249.493	8.83545e-06	9.2431
0.00149319	226.978	8.83545e-06	7.86869
0.00151086	225.151	8.83545e-06	7.99855
0.00152853	208.291	8.83545e-06	8.2141
0.0015462	191.214	8.83545e-06	6.65662
0.00156388	186.351	8.83545e-06	7.62126
0.00158155	182.203	8.83545e-06	8.76312
0.00159922	169.076	8.83545e-06	6.84429
0.00161689	167.685	8.83545e-06	7.63016
0.00163456	133.535	8.83545e-06	5.60524
0.00165223	141.782	8.83545e-06	7.80546
0.0016699	123.143	8.83545e-06	7.17835
0.00168757	114.097	8.83545e-06	6.56643
0.00170524	117.566	8.83545e-06	8.13748
0.00172291	99.0138	8.83545e-06	6.62139
0.00174058	91.9857	8.83545e-06	6.0121
0.00175826	81.6763	8.83545e-06	5.01721
0.00177593	72.9353	8.83545e-06	5.18701
0.0017936	71.2977	8.83545e-06	4.88942
0.00181127	58.1212	8.83545e-06	3.8809
0.00182894	57.0771	8.83545e-06	3.98387
0.00184661	46.7244	8.83545e-06	3.32391
0.00186428	43.5368	8.83545e-06	3.63009
0.00188195	39.4537	8.83545e-06	3.22566
0.00189962	37.7327	8.83545e-06	3.28975
0.00191729	38.3212	8.83545e-06	3.82425
0.00193496	33.2303	8.83545e-06	4.20082
0.00195264	25.939	8.83545e-06	2.70605
0.00197031	25.4869	8.83545e-06	2.97401
0.00198798	23.1963	8.83545e-06	2.72598
0.00200565	19.9608	8.83545e-06	2.56043
0.00202332	18.2258	8.83545e-06	2.5726
0.00204099	19.1527	8.83545e-06	2.55794
0.00205866	10.6203	8.83545e-06	1.8155
0.00207633	13.3938	8.83545e-06	2.62117
0.002094	9.21407	8.83545e-06	1.77027
0.00211167	6.37517	8.83545e-06	1.57681
0.00212934	6.12629	8.83545e-06	1.56639
0.00214702	4.80867	8.83545e-06	1.34383
0.00216469	1.67471	8.83545e-06	0.673657
0.00218236	2.25702	8.83545e-06	0.75063
0.00220003	5.04706	8.83545e-06	1.97875
0.0022177	1.22746	8.83545e-06	0.532954
0.00223537	2.28534	8.83545e-06	0.947294
0.00225304	2.30362	8.83545e-06	1.14883
0.00227071	0.0698632	8.83545e-06	0.0698632
