1.0224e-05	1200.5	1.0224e-05	17.5492
3.06721e-05	228.888	1.0224e-05	6.28362
5.11202e-05	184.582	1.0224e-05	7.7099
7.15683e-05	166.683	1.0224e-05	6.93625
9.20164e-05	144.616	1.0224e-05	5.48096
0.000112464	129.886	1.0224e-05	4.57404
0.000132913	152.629	1.0224e-05	6.43082
0.000153361	136.464	1.0224e-05	5.69124
0.000173809	165.171	1.0224e-05	12.8531
0.000194257	158.26	1.0224e-05	5.79082
0.000214705	166.268	1.0224e-05	7.24892
0.000235153	184.759	1.0224e-05	8.85814
0.000255601	245.928	1.0224e-05	42.6193
0.000276049	204.407	1.0224e-05	6.39329
0.000296497	218.207	1.0224e-05	6.65856
0.000316945	244.292	1.0224e-05	8.37139
0.000337393	259.541	1.0224e-05	7.74595
0.000357841	272.389	1.0224e-05	7.87321
0.000378289	282.967	1.0224e-05	7.47125
0.000398738	329.951	1.0224e-05	8.91392
0.000419186	345.388	1.0224e-05	10.0705
0.000439634	355.029	1.0224e-05	8.95795
0.000460082	405.577	1.0224e-05	11.1688
0.00048053	431.756	1.0224e-05	12.5557
0.000500978	451.422	1.0224e-05	11.3062
0.000521426	468.646	1.0224e-05	10.2129
0.000541874	507.442	1.0224e-05	11.9899
0.000562322	549.971	1.0224e-05	18.8964
0.00058277	538.161	1.0224e-05	11.9842
0.000603218	580.295	1.0224e-05	13.1259
0.000623666	587.303	1.0224e-05	12.4978
0.000644115	638.375	1.0224e-05	14.6647
0.000664563	642.856	1.0224e-05	12.7685
0.000685011	659.346	1.0224e-05	12.0865
0.000705459	677.197	1.0224e-05	14.0327
0.000725907	716.15	1.0224e-05	13.6325
0.000746355	723.655	1.0224e-05	13.5994
0.000766803	758.058	1.0224e-05	14.3213
0.000787251	766.809	1.0224e-05	13.588
0.000807699	824.716	1.0224e-05	21.8749
0.000828147	786.732	1.0224e-05	13.9626
0.000848595	806.282	1.0224e-05	14.4188
0.000869043	822.434	1.0224e-05	14.6341
0.000889492	858.091	1.0224e-05	24.305
0.00090994	848.612	1.0224e-05	15.5802
0.000930388	864.047	1.0224e-05	16.4839
0.000950836	849.534	1.0224e-05	13.7094
0.000971284	870.503	1.0224e-05	25.5072
0.000991732	855.625	1.0224e-05	13.3467
0.00101218	853.428	1.0224e-05	26.3652
0.00103263	850.433	1.0224e-05	13.3045
0.00105308	870.355	1.0224e-05	17.4716
0.00107352	839.623	1.0224e-05	12.6481
0.00109397	879.793	1.0224e-05	27.3441
0.00111442	839.862	1.0224e-05	17.9193
0.00113487	827.766	1.0224e-05	15.8368
0.00115532	830.284	1.0224e-05	15.668
0.00117576	803.916	1.0224e-05	15.9119
0.00119621	793.385	1.0224e-05	15.0355
0.00121666	769.475	1.0224e-05	13.989
0.00123711	769.313	1.0224e-05	15.3065
0.00125756	736.614	1.0224e-05	13.1585
0.00127801	712.864	1.0224e-05	12.8898
0.00129845	694.414	1.0224e-05	13.7678
0.0013189	661.764	1.0224e-05	11.6064
0.00133935	653.378	1.0224e-05	18.1233
0.0013598	653.064	1.0224e-05	14.8982
0.00138025	632.811	1.0224e-05	19.9648
0.00140069	596.2	1.0224e-05	12.2046
0.00142114	578.68	1.0224e-05	10.9611
0.00144159	565.018	1.0224e-05	10.9749
0.00146204	569.547	1.0224e-05	37.4167
0.00148249	501.769	1.0224e-05	10.3316
0.00150293	475.059	1.0224e-05	9.61997
0.00152338	471.862	1.0224e-05	13.4758
0.00154383	439.788	1.0224e-05	9.8953
0.00156428	403.772	1.0224e-05	9.2147
0.00158473	387.668	1.0224e-05	8.70666
0.00160517	359.659	1.0224e-05	8.27757
0.00162562	366.792	1.0224e-05	9.6299
0.00164607	324.498	1.0224e-05	8.4496
0.00166652	319.467	1.0224e-05	8.93563
0.00168697	303.91	1.0224e-05	9.13891
0.00170741	265.918	1.0224e-05	6.98901
0.00172786	250.73	1.0224e-05	7.76119
0.00174831	252.071	1.0224e-05	7.82096
0.00176876	233.927	1.0224e-05	9.66519
0.00178921	198.465	1.0224e-05	5.28912
0.00180966	177.565	1.0224e-05	4.70052
0.0018301	169.634	1.0224e-05	5.28873
0.00185055	167.245	1.0224e-05	5.19072
0.001871	151.228	1.0224e-05	4.77613
0.00189145	139.497	1.0224e-05	4.33872
0.0019119	127.827	1.0224e-05	4.44254
0.00193234	126.106	1.0224e-05	5.37736
0.00195279	101.205	1.0224e-05	3.43598
0.00197324	105.762	1.0224e-05	4.6316
0.00199369	90.9276	1.0224e-05	3.75421
0.00201414	79.9125	1.0224e-05	3.80142
0.00203458	79.1898	1.0224e-05	3.74574
0.00205503	66.5966	1.0224e-05	2.93246
0.00207548	60.1983	1.0224e-05	2.98884
0.00209593	55.9919	1.0224e-05	2.65039
0.00211638	52.8211	1.0224e-05	3.21761
0.00213682	53.0298	1.0224e-05	4.06317
0.00215727	40.5378	1.0224e-05	2.47917
0.00217772	40.2469	1.0224e-05	6.65455
0.00219817	30.1624	1.0224e-05	2.18959
0.00221862	29.095	1.0224e-05	2.14881
0.00223906	25.0645	1.0224e-05	1.74174
0.00225951	21.9236	1.0224e-05	1.76871
0.00227996	18.9936	1.0224e-05	1.42053
0.00230041	16.0604	1.0224e-05	1.36053
0.00232086	15.2038	1.0224e-05	1.36141
0.00234131	14.7162	1.0224e-05	1.76164
0.00236175	10.6126	1.0224e-05	0.99024
0.0023822	7.78433	1.0224e-05	0.85601
0.00240265	5.26923	1.0224e-05	0.762286
0.0024231	4.59715	1.0224e-05	0.555805
0.00244355	4.80852	1.0224e-05	0.710563
0.00246399	4.25069	1.0224e-05	0.577073
0.00248444	2.49631	1.0224e-05	0.428297
0.00250489	1.6799	1.0224e-05	0.344823
0.00252534	1.36813	1.0224e-05	0.279314
0.00254579	0.878863	1.0224e-05	0.250426
0.00256623	0.0560793	1.0224e-05	0.0560793
0.00258668	0.055917	1.0224e-05	0.055917
