7.32643e-06	1154.49	7.32643e-06	17.4765
2.19793e-05	243.987	7.32643e-06	6.86562
3.66321e-05	203.419	7.32643e-06	6.18658
5.1285e-05	204.221	7.32643e-06	7.60889
6.59379e-05	217.151	7.32643e-06	6.94457
8.05907e-05	246.471	7.32643e-06	9.62475
9.52436e-05	257.927	7.32643e-06	10.9917
0.000109896	282.546	7.32643e-06	7.94762
0.000124549	357.681	7.32643e-06	23.3749
0.000139202	350.332	7.32643e-06	9.05965
0.000153855	415.022	7.32643e-06	10.81
0.000168508	462.716	7.32643e-06	11.884
0.000183161	496.977	7.32643e-06	11.3053
0.000197814	557.111	7.32643e-06	16.614
0.000212466	609.15	7.32643e-06	43.8744
0.000227119	602.768	7.32643e-06	16.5927
0.000241772	660.462	7.32643e-06	16.676
0.000256425	692.352	7.32643e-06	14.765
0.000271078	718.648	7.32643e-06	14.2493
0.000285731	804.715	7.32643e-06	15.9894
0.000300384	827.594	7.32643e-06	18.5608
0.000315036	851.691	7.32643e-06	14.3581
0.000329689	888.097	7.32643e-06	15.9565
0.000344342	933.189	7.32643e-06	18.0446
0.000358995	972.915	7.32643e-06	24.185
0.000373648	977.423	7.32643e-06	19.8961
0.000388301	1038.36	7.32643e-06	26.2594
0.000402954	1070.18	7.32643e-06	26.9284
0.000417606	1062.36	7.32643e-06	17.4644
0.000432259	1083.55	7.32643e-06	21.9455
0.000446912	1112.04	7.32643e-06	20.0603
0.000461565	1094.3	7.32643e-06	22.002
0.000476218	1115.31	7.32643e-06	19.3055
0.000490871	1119.68	7.32643e-06	19.7082
0.000505524	1152.99	7.32643e-06	17.5007
0.000520176	1163.2	7.32643e-06	21.2484
0.000534829	1129.72	7.32643e-06	17.135
0.000549482	1168.84	7.32643e-06	19.2487
0.000564135	1216.81	7.32643e-06	22.0495
0.000578788	1202.05	7.32643e-06	22.8911
0.000593441	1201.64	7.32643e-06	23.2297
0.000608094	1217.84	7.32643e-06	37.7298
0.000622746	1184.22	7.32643e-06	22.2088
0.000637399	1162	7.32643e-06	18.2543
0.000652052	1123.2	7.32643e-06	22.1033
0.000666705	1130.22	7.32643e-06	22.3303
0.000681358	1091.84	7.32643e-06	18.7718
0.000696011	1101.41	7.32643e-06	20.8963
0.000710664	1080.07	7.32643e-06	19.1909
0.000725316	1203.94	7.32643e-06	134.359
0.000739969	1026.73	7.32643e-06	18.6432
0.000754622	1036.56	7.32643e-06	20.289
0.000769275	966.078	7.32643e-06	20.4702
0.000783928	1008.88	7.32643e-06	31.9727
0.000798581	968.538	7.32643e-06	24.1427
0.000813234	954.48	7.32643e-06	18.8254
0.000827886	976.775	7.32643e-06	44.7364
0.000842539	898.129	7.32643e-06	17.9626
0.000857192	846.759	7.32643e-06	16.3025
0.000871845	815.131	7.32643e-06	15.6943
0.000886498	829.833	7.32643e-06	17.6785
0.000901151	768.2	7.32643e-06	15.7754
0.000915804	747.008	7.32643e-06	15.0745
0.000930456	726.39	7.32643e-06	15.333
0.000945109	737.2	7.32643e-06	19.4248
0.000959762	700.433	7.32643e-06	15.3149
0.000974415	648.515	7.32643e-06	13.7471
0.000989068	631.22	7.32643e-06	14.7997
0.00100372	594.388	7.32643e-06	12.9788
0.00101837	615.783	7.32643e-06	18.2616
0.00103303	549.166	7.32643e-06	15.0112
0.00104768	574.834	7.32643e-06	16.4837
0.00106233	515.246	7.32643e-06	21.2778
0.00107698	510.908	7.32643e-06	14.7554
0.00109164	456.049	7.32643e-06	14.3375
0.00110629	444.587	7.32643e-06	13.5347
0.00112094	432.891	7.32643e-06	13.2295
0.0011356	400.785	7.32643e-06	11.0607
0.00115025	376.028	7.32643e-06	11.0527
0.0011649	359.72	7.32643e-06	10.4479
0.00117955	339.857	7.32643e-06	10.8042
0.00119421	322.944	7.32643e-06	14.0596
0.00120886	329.321	7.32643e-06	25.8022
0.00122351	284.176	7.32643e-06	10.7079
0.00123817	267.916	7.32643e-06	10.7726
0.00125282	266.605	7.32643e-06	9.87896
0.00126747	251.527	7.32643e-06	11.1877
0.00128212	230.612	7.32643e-06	9.63667
0.00129678	216.79	7.32643e-06	12.5315
0.00131143	188.63	7.32643e-06	8.58474
0.00132608	180.79	7.32643e-06	8.4139
0.00134074	172.969	7.32643e-06	7.78339
0.00135539	163.076	7.32643e-06	8.10048
0.00137004	166.087	7.32643e-06	9.82495
0.00138469	146.588	7.32643e-06	9.03224
0.00139935	112.036	7.32643e-06	6.10122
0.001414	120.681	7.32643e-06	7.57721
0.00142865	124.522	7.32643e-06	17.7747
0.00144331	100.286	7.32643e-06	6.40357
0.00145796	100.532	7.32643e-06	6.98804
0.00147261	91.3188	7.32643e-06	6.48934
0.00148726	81.3447	7.32643e-06	6.67559
0.00150192	72.7917	7.32643e-06	5.34096
0.00151657	70.9	7.32643e-06	5.53603
0.00153122	64.9274	7.32643e-06	6.11139
0.00154588	50.6724	7.32643e-06	4.40564
0.00156053	52.3407	7.32643e-06	4.98983
0.00157518	32.7173	7.32643e-06	3.26142
0.00158983	37.6634	7.32643e-06	4.19225
0.00160449	43.3724	7.32643e-06	4.56739
0.00161914	33.7001	7.32643e-06	3.50004
0.00163379	25.8055	7.32643e-06	3.35767
0.00164845	25.4055	7.32643e-06	3.51653
0.0016631	20.3475	7.32643e-06	2.7599
0.00167775	18.7332	7.32643e-06	2.91003
0.0016924	19.3908	7.32643e-06	3.39488
0.00170706	15.8076	7.32643e-06	2.83533
0.00172171	13.6633	7.32643e-06	3.50161
0.00173636	12.7294	7.32643e-06	3.77051
0.00175102	9.83127	7.32643e-06	2.7106
0.00176567	7.34118	7.32643e-06	1.88186
0.00178032	4.28967	7.32643e-06	1.6821
0.00179497	4.98822	7.32643e-06	1.37186
0.00180963	6.6405	7.32643e-06	2.50191
0.00182428	4.75396	7.32643e-06	2.09546
0.00183893	1.02115	7.32643e-06	1.02115
0.00185359	1.88466	7.32643e-06	0.964095
0.00186824	0.0900555	7.32643e-06	0.0900555
0.00188289	0.574972	7.32643e-06	0.574972
0.00189754	2.21144	7.32643e-06	1.51167
0.0019122	0.104354	7.32643e-06	0.104354
0.00192685	0.734985	7.32643e-06	0.734985
