0	2863.18	1.06463e-05	2370.48
2.12926e-05	1678.47	1.06463e-05	66.6693
4.25853e-05	1588.18	1.06463e-05	28.334
6.38779e-05	1536.03	1.06463e-05	18.8778
8.51706e-05	1497.66	1.06463e-05	15.2655
0.000106463	1466.58	1.06463e-05	13.5479
0.000127756	1438.3	1.06463e-05	12.4843
0.000149048	1409.11	1.06463e-05	11.594
0.000170341	1381.88	1.06463e-05	10.9689
0.000191634	1352.26	1.06463e-05	10.3342
0.000212926	1323.21	1.06463e-05	9.83374
0.000234219	1296.35	1.06463e-05	9.46681
0.000255512	1266.47	1.06463e-05	9.05785
0.000276804	1236.55	1.06463e-05	8.70249
0.000298097	1206.97	1.06463e-05	8.39018
0.00031939	1173.25	1.06463e-05	7.9801
0.000340682	1141.27	1.06463e-05	7.66512
0.000361975	1109.59	1.06463e-05	7.37938
0.000383267	1077.21	1.06463e-05	7.10404
0.00040456	1045.6	1.06463e-05	6.86058
0.000425853	1012.99	1.06463e-05	6.60302
0.000447145	980.799	1.06463e-05	6.3653
0.000468438	947.691	1.06463e-05	6.09918
0.000489731	912.531	1.06463e-05	5.64452
0.000511023	880.343	1.06463e-05	5.43979
0.000532316	846.36	1.06463e-05	5.16929
0.000553609	813.965	1.06463e-05	4.97158
0.000574901	782.806	1.06463e-05	4.79492
0.000596194	750.652	1.06463e-05	4.59146
0.000617487	720.121	1.06463e-05	4.42793
0.000638779	689.22	1.06463e-05	4.0876
0.000660072	660.36	1.06463e-05	3.93706
0.000681364	631.655	1.06463e-05	3.79425
0.000702657	601.341	1.06463e-05	3.56266
0.00072395	573.742	1.06463e-05	3.40649
0.000745242	547.027	1.06463e-05	3.27744
0.000766535	520.363	1.06463e-05	3.14311
0.000787828	494.665	1.06463e-05	3.02862
0.00080912	469.923	1.06463e-05	2.92053
0.000830413	444.74	1.06463e-05	2.80272
0.000851706	420.424	1.06463e-05	2.68784
0.000872998	397.423	1.06463e-05	2.5629
0.000894291	374.78	1.06463e-05	2.45855
0.000915583	352.709	1.06463e-05	2.34544
0.000936876	332.138	1.06463e-05	2.26519
0.000958169	312.734	1.06463e-05	2.18308
0.000979461	293.277	1.06463e-05	2.07823
0.00100075	275.587	1.06463e-05	2.009
0.00102205	257.842	1.06463e-05	1.80444
0.00104334	241.277	1.06463e-05	1.72826
0.00106463	225.3	1.06463e-05	1.63953
0.00108592	210.118	1.06463e-05	1.56531
0.00110722	196.086	1.06463e-05	1.50363
0.00112851	181.909	1.06463e-05	1.39248
0.0011498	169.174	1.06463e-05	1.34056
0.0011711	157.217	1.06463e-05	1.29443
0.00119239	145.505	1.06463e-05	1.23934
0.00121368	134.869	1.06463e-05	1.1953
0.00123497	125.138	1.06463e-05	1.15769
0.00125627	115.53	1.06463e-05	1.11395
0.00127756	106.214	1.06463e-05	1.05732
0.00129885	97.0898	1.06463e-05	0.952777
0.00132014	89.0991	1.06463e-05	0.917368
0.00134144	81.8443	1.06463e-05	0.883347
0.00136273	75.1551	1.06463e-05	0.852247
0.00138402	68.4192	1.06463e-05	0.807863
0.00140531	62.1402	1.06463e-05	0.773862
0.00142661	56.4347	1.06463e-05	0.735583
0.0014479	51.4743	1.06463e-05	0.71285
0.00146919	46.6981	1.06463e-05	0.692131
0.00149048	42.2338	1.06463e-05	0.545153
0.00151178	38.1251	1.06463e-05	0.516705
0.00153307	34.2705	1.06463e-05	0.484323
0.00155436	30.8324	1.06463e-05	0.453749
0.00157566	27.8503	1.06463e-05	0.43118
0.00159695	24.7417	1.06463e-05	0.391471
0.00161824	21.9794	1.06463e-05	0.369238
0.00163953	19.5904	1.06463e-05	0.351597
0.00166083	17.6514	1.06463e-05	0.338651
0.00168212	15.5689	1.06463e-05	0.306008
0.00170341	13.7361	1.06463e-05	0.282027
0.0017247	12.1571	1.06463e-05	0.270434
0.001746	10.8204	1.06463e-05	0.257903
0.00176729	9.55295	1.06463e-05	0.237782
0.00178858	8.32792	1.06463e-05	0.223576
0.00180987	7.14472	1.06463e-05	0.208734
0.00183117	6.13231	1.06463e-05	0.194247
0.00185246	5.2927	1.06463e-05	0.177307
0.00187375	4.62659	1.06463e-05	0.167374
0.00189504	3.9959	1.06463e-05	0.153921
0.00191634	3.31072	1.06463e-05	0.136478
0.00193763	2.7759	1.06463e-05	0.120828
0.00195892	2.30645	1.06463e-05	0.107813
0.00198022	1.94668	1.06463e-05	0.101115
0.00200151	1.65909	1.06463e-05	0.0954122
0.0020228	1.41495	1.06463e-05	0.0910739
0.00204409	1.20493	1.06463e-05	0.0871248
0.00206539	0.967271	1.06463e-05	0.078185
0.00208668	0.780965	1.06463e-05	0.0714515
0.00210797	0.623549	1.06463e-05	0.0660445
0.00212926	0.459956	1.06463e-05	0.0600423
0.00215056	0.364627	1.06463e-05	0.0558867
0.00217185	0.279085	1.06463e-05	0.0526283
0.00219314	0.186243	1.06463e-05	0.03593
0.00221443	0.109113	1.06463e-05	0.0261948
0.00223573	0.0685829	1.06463e-05	0.0219949
0.00225702	0.0375415	1.06463e-05	0.0170599
0.00227831	0.0181743	1.06463e-05	0.0121272
0.0022996	0.00400988	1.06463e-05	0.00401005
