0	3130.99	1.01497e-05	2624.5
2.02993e-05	1819.31	1.01497e-05	72.223
4.05987e-05	1720.43	1.01497e-05	29.1801
6.0898e-05	1671.03	1.01497e-05	21.3313
8.11973e-05	1632.48	1.01497e-05	18.1935
0.000101497	1597.97	1.01497e-05	16.4226
0.000121796	1560.82	1.01497e-05	14.8686
0.000142095	1522.38	1.01497e-05	13.5256
0.000162395	1488.45	1.01497e-05	12.6161
0.000182694	1453.21	1.01497e-05	11.7215
0.000202993	1418.64	1.01497e-05	11.0992
0.000223293	1384.76	1.01497e-05	10.5764
0.000243592	1349.35	1.01497e-05	10.0372
0.000263891	1314.76	1.01497e-05	9.5777
0.000284191	1279.74	1.01497e-05	9.1731
0.00030449	1244.15	1.01497e-05	8.77797
0.000324789	1207.11	1.01497e-05	8.36558
0.000345089	1170.88	1.01497e-05	8.02342
0.000365388	1135.29	1.01497e-05	7.71236
0.000385687	1096.27	1.01497e-05	7.12698
0.000405987	1059.38	1.01497e-05	6.82227
0.000426286	1021.78	1.01497e-05	6.51786
0.000446585	984.306	1.01497e-05	6.18212
0.000466885	949.637	1.01497e-05	5.94734
0.000487184	913.32	1.01497e-05	5.68343
0.000507483	878.768	1.01497e-05	5.46927
0.000527783	844.385	1.01497e-05	5.25632
0.000548082	808.379	1.01497e-05	4.91867
0.000568381	774.306	1.01497e-05	4.70258
0.000588681	740.22	1.01497e-05	4.42528
0.00060898	706.495	1.01497e-05	4.22057
0.000629279	672.932	1.01497e-05	3.98078
0.000649579	640.802	1.01497e-05	3.79108
0.000669878	610.593	1.01497e-05	3.6322
0.000690177	581.319	1.01497e-05	3.47302
0.000710477	552.659	1.01497e-05	3.32956
0.000730776	524.599	1.01497e-05	3.17812
0.000751075	496.681	1.01497e-05	3.01639
0.000771375	470.085	1.01497e-05	2.86585
0.000791674	444.945	1.01497e-05	2.74778
0.000811973	419.451	1.01497e-05	2.58104
0.000832273	395.738	1.01497e-05	2.45953
0.000852572	373.065	1.01497e-05	2.35775
0.000872871	350.877	1.01497e-05	2.23051
0.000893171	329.818	1.01497e-05	2.13287
0.00091347	310.162	1.01497e-05	2.05471
0.000933769	291.372	1.01497e-05	1.97687
0.000954069	273.419	1.01497e-05	1.8944
0.000974368	255.68	1.01497e-05	1.81238
0.000994667	239.221	1.01497e-05	1.74566
0.00101497	222.687	1.01497e-05	1.66648
0.00103527	207.419	1.01497e-05	1.60565
0.00105557	192.737	1.01497e-05	1.51163
0.00107586	179.432	1.01497e-05	1.43776
0.00109616	166.54	1.01497e-05	1.36943
0.00111646	154.624	1.01497e-05	1.31943
0.00113676	143.199	1.01497e-05	1.26699
0.00115706	132.684	1.01497e-05	1.22126
0.00117736	122.239	1.01497e-05	1.17705
0.00119766	112.308	1.01497e-05	1.05708
0.00121796	103.158	1.01497e-05	1.01589
0.00123826	94.5802	1.01497e-05	0.969234
0.00125856	86.7918	1.01497e-05	0.929193
0.00127886	79.5474	1.01497e-05	0.89071
0.00129916	72.572	1.01497e-05	0.861521
0.00131946	66.5194	1.01497e-05	0.836286
0.00133976	60.9168	1.01497e-05	0.810804
0.00136006	55.3623	1.01497e-05	0.771783
0.00138035	50.2832	1.01497e-05	0.745418
0.00140065	45.3677	1.01497e-05	0.669994
0.00142095	40.9719	1.01497e-05	0.641732
0.00144125	37.2093	1.01497e-05	0.620123
0.00146155	33.7646	1.01497e-05	0.59972
0.00148185	30.5192	1.01497e-05	0.582802
0.00150215	27.326	1.01497e-05	0.554381
0.00152245	24.4193	1.01497e-05	0.536424
0.00154275	21.8311	1.01497e-05	0.519206
0.00156305	19.5217	1.01497e-05	0.505895
0.00158335	17.4494	1.01497e-05	0.493337
0.00160365	15.4886	1.01497e-05	0.46852
0.00162395	13.877	1.01497e-05	0.459866
0.00164425	11.9943	1.01497e-05	0.289841
0.00166455	10.5295	1.01497e-05	0.270302
0.00168484	9.18839	1.01497e-05	0.256598
0.00170514	8.01191	1.01497e-05	0.240991
0.00172544	7.09662	1.01497e-05	0.23283
0.00174574	6.15875	1.01497e-05	0.220068
0.00176604	5.34105	1.01497e-05	0.209736
0.00178634	4.4655	1.01497e-05	0.155894
0.00180664	3.78561	1.01497e-05	0.141761
0.00182694	3.28061	1.01497e-05	0.132413
0.00184724	2.73594	1.01497e-05	0.119596
0.00186754	2.20789	1.01497e-05	0.108664
0.00188784	1.83161	1.01497e-05	0.0991781
0.00190814	1.54171	1.01497e-05	0.0929452
0.00192844	1.29104	1.01497e-05	0.0860401
0.00194874	1.07642	1.01497e-05	0.079801
0.00196904	0.842885	1.01497e-05	0.0683476
0.00198933	0.685807	1.01497e-05	0.0634122
0.00200963	0.544416	1.01497e-05	0.058478
0.00202993	0.448878	1.01497e-05	0.0541677
0.00205023	0.349499	1.01497e-05	0.0485591
0.00207053	0.283392	1.01497e-05	0.0452186
0.00209083	0.227866	1.01497e-05	0.0407529
0.00211113	0.17396	1.01497e-05	0.0354784
0.00213143	0.138976	1.01497e-05	0.0331906
0.00215173	0.108105	1.01497e-05	0.0299192
0.00217203	0.0818623	1.01497e-05	0.027226
0.00219233	0.0339761	1.01497e-05	0.0153174
0.00221263	0.0210885	1.01497e-05	0.0122847
