0	2677.36	1.12748e-05	2307.32
2.25496e-05	1524.26	1.12748e-05	64.3562
4.50992e-05	1434.21	1.12748e-05	22.8968
6.76489e-05	1394.15	1.12748e-05	16.2722
9.01985e-05	1363.3	1.12748e-05	13.6002
0.000112748	1335.52	1.12748e-05	12.0426
0.000135298	1310.23	1.12748e-05	11.0622
0.000157847	1287.4	1.12748e-05	10.4518
0.000180397	1264.76	1.12748e-05	9.94002
0.000202947	1241	1.12748e-05	9.49499
0.000225496	1214.75	1.12748e-05	8.96481
0.000248046	1191.64	1.12748e-05	8.65058
0.000270595	1165.65	1.12748e-05	8.31591
0.000293145	1140.99	1.12748e-05	8.04899
0.000315695	1114.59	1.12748e-05	7.76503
0.000338244	1088.85	1.12748e-05	7.52923
0.000360794	1063.16	1.12748e-05	7.31502
0.000383344	1036.29	1.12748e-05	7.10033
0.000405893	1010.01	1.12748e-05	6.91131
0.000428443	983.077	1.12748e-05	6.72944
0.000450992	956.282	1.12748e-05	6.5583
0.000473542	926.293	1.12748e-05	6.10782
0.000496092	896.498	1.12748e-05	5.81223
0.000518641	868.08	1.12748e-05	5.62887
0.000541191	839.467	1.12748e-05	5.45845
0.00056374	808.95	1.12748e-05	4.8322
0.00058629	780.888	1.12748e-05	4.67079
0.00060884	751.798	1.12748e-05	4.48772
0.000631389	722.373	1.12748e-05	4.29243
0.000653939	694.993	1.12748e-05	4.13956
0.000676489	668.109	1.12748e-05	4.00386
0.000699038	641.229	1.12748e-05	3.86143
0.000721588	614.636	1.12748e-05	3.71601
0.000744137	588.016	1.12748e-05	3.5547
0.000766687	562.277	1.12748e-05	3.41553
0.000789237	537.516	1.12748e-05	3.25146
0.000811786	512.556	1.12748e-05	3.12058
0.000834336	488.356	1.12748e-05	3.00532
0.000856885	463.898	1.12748e-05	2.87055
0.000879435	439.677	1.12748e-05	2.74338
0.000901985	416.811	1.12748e-05	2.64466
0.000924534	394.023	1.12748e-05	2.48375
0.000947084	372.689	1.12748e-05	2.39277
0.000969634	352.172	1.12748e-05	2.31139
0.000992183	332.591	1.12748e-05	2.23353
0.00101473	313.698	1.12748e-05	2.16496
0.00103728	295.465	1.12748e-05	2.09121
0.00105983	278.575	1.12748e-05	2.0302
0.00108238	261.787	1.12748e-05	1.97179
0.00110493	245.529	1.12748e-05	1.91101
0.00112748	229.195	1.12748e-05	1.81531
0.00115003	214.385	1.12748e-05	1.75679
0.00117258	200.166	1.12748e-05	1.70868
0.00119513	186.106	1.12748e-05	1.65847
0.00121768	172.921	1.12748e-05	1.5782
0.00124023	160.598	1.12748e-05	1.52758
0.00126278	148.968	1.12748e-05	1.48845
0.00128533	138.349	1.12748e-05	1.45684
0.00130788	127.991	1.12748e-05	1.42114
0.00133043	117.487	1.12748e-05	1.37144
0.00135298	108.199	1.12748e-05	1.34028
0.00137553	99.3459	1.12748e-05	1.30967
0.00139808	91.0344	1.12748e-05	1.28179
0.00142063	83.4225	1.12748e-05	1.25418
0.00144318	76.3844	1.12748e-05	1.22602
0.00146573	70.2266	1.12748e-05	1.20538
0.00148827	64.0379	1.12748e-05	1.18465
0.00151082	58.1007	1.12748e-05	1.16755
0.00153337	52.9227	1.12748e-05	1.15453
0.00155592	48.0816	1.12748e-05	1.13633
0.00157847	42.3057	1.12748e-05	0.515875
0.00160102	38.0837	1.12748e-05	0.488905
0.00162357	34.3518	1.12748e-05	0.467748
0.00164612	30.9336	1.12748e-05	0.446544
0.00166867	27.9023	1.12748e-05	0.428795
0.00169122	25.1207	1.12748e-05	0.410921
0.00171377	22.4967	1.12748e-05	0.395221
0.00173632	19.9405	1.12748e-05	0.376042
0.00175887	17.4406	1.12748e-05	0.303427
0.00178142	15.4337	1.12748e-05	0.285848
0.00180397	13.574	1.12748e-05	0.266769
0.00182652	11.9561	1.12748e-05	0.251602
0.00184907	10.3673	1.12748e-05	0.237267
0.00187162	9.04788	1.12748e-05	0.223993
0.00189417	7.92365	1.12748e-05	0.211455
0.00191672	6.85436	1.12748e-05	0.194796
0.00193927	5.92879	1.12748e-05	0.183597
0.00196182	5.10004	1.12748e-05	0.173525
0.00198437	4.44001	1.12748e-05	0.164761
0.00200692	3.81661	1.12748e-05	0.143294
0.00202947	3.24691	1.12748e-05	0.134474
0.00205202	2.69668	1.12748e-05	0.111121
0.00207456	2.22345	1.12748e-05	0.102144
0.00209711	1.86022	1.12748e-05	0.0955652
0.00211966	1.55919	1.12748e-05	0.0870802
0.00214221	1.30216	1.12748e-05	0.0782321
0.00216476	1.10325	1.12748e-05	0.071834
0.00218731	0.89309	1.12748e-05	0.0657335
0.00220986	0.67749	1.12748e-05	0.0561955
0.00223241	0.564256	1.12748e-05	0.0524259
0.00225496	0.475999	1.12748e-05	0.0495694
0.00227751	0.393231	1.12748e-05	0.0465172
0.00230006	0.297882	1.12748e-05	0.0423781
0.00232261	0.227082	1.12748e-05	0.0393188
0.00234516	0.163648	1.12748e-05	0.0312718
0.00236771	0.113635	1.12748e-05	0.0274148
0.00239026	0.0883001	1.12748e-05	0.0254348
0.00241281	0.0326174	1.12748e-05	0.0131065
0.00243536	0.01873	1.12748e-05	0.0110019
0.00245791	0.0142257	1.12748e-05	0.0103862
