0	2727.43	1.10521e-05	2330.1
2.21042e-05	1562.87	1.10521e-05	61.5698
4.42083e-05	1478.94	1.10521e-05	25.4898
6.63125e-05	1437.01	1.10521e-05	19.102
8.84166e-05	1403.79	1.10521e-05	16.4623
0.000110521	1376.71	1.10521e-05	15.2652
0.000132625	1350.86	1.10521e-05	14.4805
0.000154729	1326.28	1.10521e-05	13.9402
0.000176833	1302.77	1.10521e-05	13.5465
0.000198937	1279.15	1.10521e-05	13.2309
0.000221042	1254.83	1.10521e-05	12.9363
0.000243146	1231.61	1.10521e-05	12.7219
0.00026525	1205.77	1.10521e-05	12.501
0.000287354	1178.21	1.10521e-05	12.2697
0.000309458	1150.94	1.10521e-05	12.0728
0.000331562	1110.5	1.10521e-05	7.04842
0.000353667	1082.22	1.10521e-05	6.75028
0.000375771	1054.17	1.10521e-05	6.48418
0.000397875	1025.84	1.10521e-05	6.23888
0.000419979	998.442	1.10521e-05	6.02919
0.000442083	970.313	1.10521e-05	5.81516
0.000464187	939.736	1.10521e-05	5.55605
0.000486291	911.321	1.10521e-05	5.36501
0.000508396	882.181	1.10521e-05	5.17295
0.0005305	853.316	1.10521e-05	4.99137
0.000552604	823.879	1.10521e-05	4.76739
0.000574708	794.046	1.10521e-05	4.5802
0.000596812	764.562	1.10521e-05	4.4016
0.000618916	734.229	1.10521e-05	4.19919
0.000641021	705.452	1.10521e-05	4.02974
0.000663125	677.898	1.10521e-05	3.88911
0.000685229	650.152	1.10521e-05	3.7184
0.000707333	623.633	1.10521e-05	3.58187
0.000729437	596.544	1.10521e-05	3.44432
0.000751541	570.609	1.10521e-05	3.29016
0.000773646	544.509	1.10521e-05	3.15777
0.00079575	518.378	1.10521e-05	2.99541
0.000817854	493.249	1.10521e-05	2.87321
0.000839958	468.384	1.10521e-05	2.75904
0.000862062	444.263	1.10521e-05	2.63167
0.000884166	421.767	1.10521e-05	2.53246
0.000906271	399.023	1.10521e-05	2.42496
0.000928375	376.925	1.10521e-05	2.32552
0.000950479	355.85	1.10521e-05	2.21566
0.000972583	335.508	1.10521e-05	2.11932
0.000994687	315.885	1.10521e-05	2.03259
0.00101679	297.384	1.10521e-05	1.94296
0.0010389	279.363	1.10521e-05	1.85385
0.001061	261.723	1.10521e-05	1.7819
0.0010831	244.712	1.10521e-05	1.70222
0.00110521	229.266	1.10521e-05	1.62155
0.00112731	214.071	1.10521e-05	1.55263
0.00114942	199.858	1.10521e-05	1.49384
0.00117152	185.996	1.10521e-05	1.41951
0.00119362	172.222	1.10521e-05	1.306
0.00121573	159.962	1.10521e-05	1.24981
0.00123783	147.856	1.10521e-05	1.16413
0.00125994	136.573	1.10521e-05	1.10723
0.00128204	126.375	1.10521e-05	1.06507
0.00130415	116.493	1.10521e-05	1.02057
0.00132625	106.738	1.10521e-05	0.91238
0.00134835	98.032	1.10521e-05	0.872144
0.00137046	90.157	1.10521e-05	0.837559
0.00139256	82.7394	1.10521e-05	0.794905
0.00141467	75.7564	1.10521e-05	0.756776
0.00143677	69.4241	1.10521e-05	0.729502
0.00145887	63.2411	1.10521e-05	0.693115
0.00148098	57.7313	1.10521e-05	0.667393
0.00150308	52.5547	1.10521e-05	0.635603
0.00152519	47.3936	1.10521e-05	0.592103
0.00154729	43.0937	1.10521e-05	0.555627
0.0015694	38.9347	1.10521e-05	0.52298
0.0015915	35.2753	1.10521e-05	0.49851
0.0016136	31.3991	1.10521e-05	0.45107
0.00163571	28.2061	1.10521e-05	0.42726
0.00165781	25.2252	1.10521e-05	0.393889
0.00167992	22.4442	1.10521e-05	0.369355
0.00170202	20.2324	1.10521e-05	0.355499
0.00172412	17.9639	1.10521e-05	0.337852
0.00174623	15.969	1.10521e-05	0.318612
0.00176833	14.1124	1.10521e-05	0.293478
0.00179044	12.2422	1.10521e-05	0.270658
0.00181254	10.8297	1.10521e-05	0.257362
0.00183465	9.45871	1.10521e-05	0.240061
0.00185675	8.31477	1.10521e-05	0.22766
0.00187885	7.14043	1.10521e-05	0.196859
0.00190096	6.15131	1.10521e-05	0.181156
0.00192306	5.22782	1.10521e-05	0.161015
0.00194517	4.47809	1.10521e-05	0.15207
0.00196727	3.68753	1.10521e-05	0.137328
0.00198937	3.12588	1.10521e-05	0.123013
0.00201148	2.60117	1.10521e-05	0.111859
0.00203358	2.23726	1.10521e-05	0.106826
0.00205569	1.92832	1.10521e-05	0.0997474
0.00207779	1.59543	1.10521e-05	0.0909769
0.0020999	1.30009	1.10521e-05	0.0825281
0.002122	1.06392	1.10521e-05	0.0778123
0.0021441	0.868179	1.10521e-05	0.0727003
0.00216621	0.745386	1.10521e-05	0.0701697
0.00218831	0.638226	1.10521e-05	0.0672774
0.00221042	0.488513	1.10521e-05	0.0566484
0.00223252	0.390348	1.10521e-05	0.053199
0.00225462	0.308449	1.10521e-05	0.0483412
0.00227673	0.230441	1.10521e-05	0.0449506
0.00229883	0.181867	1.10521e-05	0.042447
0.00232094	0.138595	1.10521e-05	0.0400356
0.00234304	0.102038	1.10521e-05	0.0380311
0.00236515	0.071577	1.10521e-05	0.0351969
0.00238725	0.0528726	1.10521e-05	0.0343032
0.00240935	0.0462295	1.10521e-05	0.0340646
