1.12748e-05	576.553	1.12748e-05	15.4895
3.38244e-05	135.067	1.12748e-05	5.59134
5.6374e-05	100.153	1.12748e-05	4.10559
7.89237e-05	107.992	1.12748e-05	5.07773
0.000101473	124.99	1.12748e-05	6.10729
0.000124023	139.113	1.12748e-05	6.74381
0.000146573	148.362	1.12748e-05	5.82175
0.000169122	169.825	1.12748e-05	8.61873
0.000191672	201.918	1.12748e-05	7.78466
0.000214221	249.423	1.12748e-05	13.9264
0.000236771	242.688	1.12748e-05	8.72111
0.000259321	298.781	1.12748e-05	8.71374
0.00028187	308.249	1.12748e-05	8.62567
0.00030442	356.417	1.12748e-05	11.0166
0.000326969	373.284	1.12748e-05	9.77389
0.000349519	398.129	1.12748e-05	10.207
0.000372069	443.433	1.12748e-05	10.9677
0.000394618	459.901	1.12748e-05	10.9754
0.000417168	498.251	1.12748e-05	11.1236
0.000439718	522.497	1.12748e-05	12.1148
0.000462267	614.779	1.12748e-05	38.7103
0.000484817	640.599	1.12748e-05	27.2205
0.000507366	639.4	1.12748e-05	15.9524
0.000529916	672.415	1.12748e-05	14.9926
0.000552466	747.664	1.12748e-05	54.1943
0.000575015	715.566	1.12748e-05	14.4901
0.000597565	770.898	1.12748e-05	18.1972
0.000620114	809.191	1.12748e-05	20.7581
0.000642664	780.31	1.12748e-05	17.2442
0.000665214	793.081	1.12748e-05	15.4578
0.000687763	819.848	1.12748e-05	17.8755
0.000710313	837.682	1.12748e-05	19.6518
0.000732863	865.163	1.12748e-05	23.0258
0.000755412	862.255	1.12748e-05	20.6421
0.000777962	854.249	1.12748e-05	26.2466
0.000800511	886.058	1.12748e-05	20.6893
0.000823061	883.321	1.12748e-05	18.8417
0.000845611	917.162	1.12748e-05	22.703
0.00086816	932.529	1.12748e-05	21.7135
0.00089071	903.196	1.12748e-05	17.5256
0.00091326	922.898	1.12748e-05	28.8832
0.000935809	885.386	1.12748e-05	17.5772
0.000958359	871.975	1.12748e-05	16.4474
0.000980908	851.743	1.12748e-05	16.9176
0.00100346	840.752	1.12748e-05	15.501
0.00102601	829.609	1.12748e-05	17.8158
0.00104856	785.389	1.12748e-05	16.0764
0.00107111	797.431	1.12748e-05	15.6691
0.00109366	788.511	1.12748e-05	17.0528
0.00111621	808.504	1.12748e-05	24.6382
0.00113876	747.937	1.12748e-05	17.7126
0.00116131	732.258	1.12748e-05	15.4925
0.00118385	738.169	1.12748e-05	16.3806
0.0012064	705.388	1.12748e-05	23.8705
0.00122895	671.594	1.12748e-05	17.7507
0.0012515	645.459	1.12748e-05	15.1076
0.00127405	600.012	1.12748e-05	13.5819
0.0012966	595.569	1.12748e-05	15.2455
0.00131915	614.493	1.12748e-05	19.0938
0.0013417	552.616	1.12748e-05	14.5907
0.00136425	535.611	1.12748e-05	14.7831
0.0013868	511.159	1.12748e-05	14.2891
0.00140935	475.743	1.12748e-05	14.6828
0.0014319	446.923	1.12748e-05	15.2337
0.00145445	397.172	1.12748e-05	13.0708
0.001477	405.366	1.12748e-05	13.2038
0.00149955	394.819	1.12748e-05	11.9413
0.0015221	349.516	1.12748e-05	10.5302
0.00154465	331.618	1.12748e-05	13.1252
0.0015672	401.421	1.12748e-05	70.1297
0.00158975	297.652	1.12748e-05	10.8103
0.0016123	266.829	1.12748e-05	9.4628
0.00163485	247.818	1.12748e-05	9.49825
0.0016574	222.803	1.12748e-05	8.64535
0.00167995	207.228	1.12748e-05	8.69299
0.0017025	198.113	1.12748e-05	8.0783
0.00172505	195.553	1.12748e-05	8.94626
0.0017476	193.738	1.12748e-05	17.0321
0.00177014	157.542	1.12748e-05	7.73354
0.00179269	147.845	1.12748e-05	7.94851
0.00181524	130.245	1.12748e-05	6.95201
0.00183779	129.486	1.12748e-05	6.63505
0.00186034	108.851	1.12748e-05	6.31906
0.00188289	93.8736	1.12748e-05	6.06661
0.00190544	90.3548	1.12748e-05	6.86879
0.00192799	79.1368	1.12748e-05	5.48833
0.00195054	71.6862	1.12748e-05	5.12111
0.00197309	57.7527	1.12748e-05	4.71842
0.00199564	55.1707	1.12748e-05	7.16967
0.00201819	50.9885	1.12748e-05	4.39324
0.00204074	49.7956	1.12748e-05	6.83172
0.00206329	43.3007	1.12748e-05	3.97541
0.00208584	33.5989	1.12748e-05	3.3162
0.00210839	28.1461	1.12748e-05	3.66847
0.00213094	24.2898	1.12748e-05	3.60502
0.00215349	18.9954	1.12748e-05	2.95248
0.00217604	20.2806	1.12748e-05	2.78764
0.00219859	21.021	1.12748e-05	3.31796
0.00222114	11.1535	1.12748e-05	1.98993
0.00224369	8.7816	1.12748e-05	1.69606
0.00226624	8.31818	1.12748e-05	1.7191
0.00228879	9.67787	1.12748e-05	1.94465
0.00231134	7.25705	1.12748e-05	1.61891
0.00233389	6.56543	1.12748e-05	2.46596
0.00235644	5.22628	1.12748e-05	1.57142
0.00237898	2.67287	1.12748e-05	1.0789
0.00240153	5.93021	1.12748e-05	2.32081
0.00242408	1.4929	1.12748e-05	0.765609
0.00244663	0.488709	1.12748e-05	0.393731
0.00246918	1.55772	1.12748e-05	1.1372
