1.14476e-05	576.441	1.14476e-05	12.6851
3.43428e-05	131.949	1.14476e-05	6.81866
5.7238e-05	97.4568	1.14476e-05	4.53359
8.01332e-05	105.961	1.14476e-05	4.87508
0.000103028	110.77	1.14476e-05	4.64672
0.000125924	115.044	1.14476e-05	5.32693
0.000148819	140.268	1.14476e-05	7.93451
0.000171714	141.952	1.14476e-05	5.82786
0.000194609	160.914	1.14476e-05	6.58198
0.000217504	203.15	1.14476e-05	14.7967
0.0002404	214.624	1.14476e-05	8.82711
0.000263295	252.843	1.14476e-05	13.0138
0.00028619	251.785	1.14476e-05	7.62508
0.000309085	300.936	1.14476e-05	10.7075
0.00033198	323.221	1.14476e-05	9.60399
0.000354876	344.294	1.14476e-05	9.52109
0.000377771	386.04	1.14476e-05	10.8911
0.000400666	425.32	1.14476e-05	14.8313
0.000423561	454.186	1.14476e-05	12.6959
0.000446456	470.422	1.14476e-05	10.9381
0.000469352	493.173	1.14476e-05	12.3743
0.000492247	552.491	1.14476e-05	16.2723
0.000515142	564.967	1.14476e-05	12.6313
0.000538037	611.877	1.14476e-05	17.4114
0.000560932	649.297	1.14476e-05	17.2923
0.000583828	661.544	1.14476e-05	14.7265
0.000606723	676.82	1.14476e-05	13.9094
0.000629618	738.691	1.14476e-05	14.3756
0.000652513	781.97	1.14476e-05	18.5184
0.000675408	787.899	1.14476e-05	16.8565
0.000698304	758.195	1.14476e-05	14.4582
0.000721199	795.9	1.14476e-05	16.3572
0.000744094	833.796	1.14476e-05	19.9019
0.000766989	848.567	1.14476e-05	15.5963
0.000789884	857.549	1.14476e-05	21.8043
0.00081278	872.636	1.14476e-05	18.8393
0.000835675	857.144	1.14476e-05	18.8178
0.00085857	849.623	1.14476e-05	15.8239
0.000881465	871.714	1.14476e-05	16.5667
0.00090436	862.788	1.14476e-05	18.6133
0.000927256	933.684	1.14476e-05	32.7294
0.000950151	910.353	1.14476e-05	22.158
0.000973046	891.396	1.14476e-05	18.4703
0.000995941	891.603	1.14476e-05	23.1555
0.00101884	874.848	1.14476e-05	18.849
0.00104173	857.268	1.14476e-05	16.9986
0.00106463	819.096	1.14476e-05	16.8177
0.00108752	855.688	1.14476e-05	18.9075
0.00111042	799.617	1.14476e-05	16.9881
0.00113331	819.034	1.14476e-05	17.6478
0.00115621	799.982	1.14476e-05	16.9873
0.0011791	781.66	1.14476e-05	16.9197
0.001202	728.92	1.14476e-05	14.4589
0.00122489	716.434	1.14476e-05	19.8161
0.00124779	694.586	1.14476e-05	14.8534
0.00127068	654.087	1.14476e-05	14.6973
0.00129358	681.95	1.14476e-05	18.7613
0.00131647	628.05	1.14476e-05	14.0467
0.00133937	596.48	1.14476e-05	15.0403
0.00136226	578.655	1.14476e-05	20.4351
0.00138516	553.529	1.14476e-05	15.3735
0.00140805	528.448	1.14476e-05	14.0332
0.00143095	504.905	1.14476e-05	13.126
0.00145385	470.557	1.14476e-05	12.5197
0.00147674	427.425	1.14476e-05	10.7732
0.00149964	430.729	1.14476e-05	12.095
0.00152253	432.508	1.14476e-05	20.7918
0.00154543	394.172	1.14476e-05	14.1201
0.00156832	344.758	1.14476e-05	11.3755
0.00159122	322.826	1.14476e-05	11.3054
0.00161411	317.226	1.14476e-05	10.8214
0.00163701	305.72	1.14476e-05	11.4208
0.0016599	289.165	1.14476e-05	33.2192
0.0016828	248.078	1.14476e-05	8.56742
0.00170569	237.092	1.14476e-05	9.18549
0.00172859	225.638	1.14476e-05	9.4939
0.00175148	203.838	1.14476e-05	8.38234
0.00177438	174.427	1.14476e-05	7.30393
0.00179727	165.092	1.14476e-05	7.73825
0.00182017	158.005	1.14476e-05	7.37424
0.00184306	151.158	1.14476e-05	7.26658
0.00186596	127.924	1.14476e-05	6.87553
0.00188885	142.31	1.14476e-05	21.0403
0.00191175	103.08	1.14476e-05	6.76326
0.00193464	104.843	1.14476e-05	5.70768
0.00195754	89.2358	1.14476e-05	5.56159
0.00198043	65.8615	1.14476e-05	4.60467
0.00200333	62.2778	1.14476e-05	4.29352
0.00202623	55.8832	1.14476e-05	4.32663
0.00204912	56.9355	1.14476e-05	5.37987
0.00207202	48.7249	1.14476e-05	4.46237
0.00209491	53.5853	1.14476e-05	5.51229
0.00211781	36.125	1.14476e-05	3.07751
0.0021407	24.5935	1.14476e-05	2.27133
0.0021636	24.5429	1.14476e-05	2.75257
0.00218649	23.0732	1.14476e-05	2.54211
0.00220939	23.6932	1.14476e-05	3.02247
0.00223228	14.4388	1.14476e-05	1.95376
0.00225518	14.651	1.14476e-05	2.23305
0.00227807	13.1788	1.14476e-05	1.86913
0.00230097	12.9225	1.14476e-05	2.54832
0.00232386	10.9851	1.14476e-05	1.76716
0.00234676	7.41605	1.14476e-05	1.27416
0.00236965	5.94236	1.14476e-05	1.43305
0.00239255	5.03868	1.14476e-05	1.49756
0.00241544	6.09197	1.14476e-05	1.78314
0.00243834	4.90456	1.14476e-05	1.6246
0.00246123	2.80657	1.14476e-05	1.00938
0.00248413	1.93192	1.14476e-05	1.23413
0.00250702	1.37892	1.14476e-05	0.812725
