8.33634e-06	795.908	8.33634e-06	19.708
2.5009e-05	174.835	8.33634e-06	6.83568
4.16817e-05	176.296	8.33634e-06	7.6363
5.83544e-05	184.498	8.33634e-06	11.0196
7.50271e-05	208.858	8.33634e-06	8.29608
9.16997e-05	202.688	8.33634e-06	6.8223
0.000108372	268.489	8.33634e-06	9.2693
0.000125045	323.687	8.33634e-06	11.536
0.000141718	359.491	8.33634e-06	13.3686
0.00015839	385.653	8.33634e-06	11.0287
0.000175063	459.184	8.33634e-06	12.3852
0.000191736	532.634	8.33634e-06	16.236
0.000208408	590.189	8.33634e-06	23.859
0.000225081	618.477	8.33634e-06	16.594
0.000241754	672.408	8.33634e-06	18.9629
0.000258427	682.856	8.33634e-06	16.2194
0.000275099	772.286	8.33634e-06	16.8848
0.000291772	818.307	8.33634e-06	24.6535
0.000308445	855.497	8.33634e-06	18.669
0.000325117	880.056	8.33634e-06	18.5519
0.00034179	955.73	8.33634e-06	22.9503
0.000358463	1010.24	8.33634e-06	36.6802
0.000375135	1007.54	8.33634e-06	20.8053
0.000391808	1062.32	8.33634e-06	23.4531
0.000408481	1075.23	8.33634e-06	25.4264
0.000425153	1115.53	8.33634e-06	44.6326
0.000441826	1132.63	8.33634e-06	23.3537
0.000458499	1204.86	8.33634e-06	26.8201
0.000475171	1197.25	8.33634e-06	38.5472
0.000491844	1176.68	8.33634e-06	25.5357
0.000508517	1195.19	8.33634e-06	27.3659
0.000525189	1236.31	8.33634e-06	27.5307
0.000541862	1180.83	8.33634e-06	24.6167
0.000558535	1215.77	8.33634e-06	27.2288
0.000575207	1275.45	8.33634e-06	49.8297
0.00059188	1210.81	8.33634e-06	23.8283
0.000608553	1192.09	8.33634e-06	23.6107
0.000625225	1215.71	8.33634e-06	32.9149
0.000641898	1162.62	8.33634e-06	23.6411
0.000658571	1167.32	8.33634e-06	24.5177
0.000675244	1181.04	8.33634e-06	26.7894
0.000691916	1139.87	8.33634e-06	23.8263
0.000708589	1111.92	8.33634e-06	24.6947
0.000725262	1095.06	8.33634e-06	22.1677
0.000741934	1055.47	8.33634e-06	21.1702
0.000758607	1042.86	8.33634e-06	22.6338
0.00077528	1002.59	8.33634e-06	31.4721
0.000791952	983.642	8.33634e-06	23.4982
0.000808625	969.019	8.33634e-06	25.5067
0.000825298	971.448	8.33634e-06	29.3284
0.00084197	896.288	8.33634e-06	19.6617
0.000858643	916.839	8.33634e-06	23.4832
0.000875316	891.645	8.33634e-06	27.701
0.000891988	798.126	8.33634e-06	18.8784
0.000908661	819.26	8.33634e-06	20.0674
0.000925334	748.535	8.33634e-06	19.2984
0.000942006	749.281	8.33634e-06	19.9667
0.000958679	736.162	8.33634e-06	21.845
0.000975352	670.838	8.33634e-06	19.1087
0.000992024	649.949	8.33634e-06	17.5559
0.0010087	628.234	8.33634e-06	21.3635
0.00102537	582.008	8.33634e-06	19.8562
0.00104204	548.395	8.33634e-06	16.1158
0.00105872	511.107	8.33634e-06	16.9667
0.00107539	469.029	8.33634e-06	14.8007
0.00109206	447.766	8.33634e-06	14.4208
0.00110873	450.337	8.33634e-06	25.3568
0.00112541	379.151	8.33634e-06	14.0404
0.00114208	401.545	8.33634e-06	20.4065
0.00115875	366.007	8.33634e-06	13.5627
0.00117542	327.7	8.33634e-06	11.9914
0.0011921	301.374	8.33634e-06	11.8662
0.00120877	271.227	8.33634e-06	14.4835
0.00122544	238.454	8.33634e-06	10.2751
0.00124211	248.568	8.33634e-06	10.7133
0.00125879	229.604	8.33634e-06	11.0823
0.00127546	219.563	8.33634e-06	12.2317
0.00129213	207.841	8.33634e-06	10.1923
0.00130881	172.899	8.33634e-06	9.3563
0.00132548	191.445	8.33634e-06	21.1352
0.00134215	163.78	8.33634e-06	17.0823
0.00135882	136.798	8.33634e-06	9.12304
0.0013755	112.609	8.33634e-06	6.84845
0.00139217	92.306	8.33634e-06	6.38908
0.00140884	96.5962	8.33634e-06	7.03499
0.00142551	82.9688	8.33634e-06	6.37235
0.00144219	91.0342	8.33634e-06	9.03918
0.00145886	87.3233	8.33634e-06	9.67019
0.00147553	71.6915	8.33634e-06	5.93895
0.0014922	61.8319	8.33634e-06	6.00333
0.00150888	52.3902	8.33634e-06	5.96463
0.00152555	64.6808	8.33634e-06	11.9236
0.00154222	43.0942	8.33634e-06	5.10873
0.0015589	40.9212	8.33634e-06	5.79481
0.00157557	39.7014	8.33634e-06	5.405
0.00159224	24.5393	8.33634e-06	3.54651
0.00160891	31.249	8.33634e-06	4.90083
0.00162559	21.494	8.33634e-06	4.28552
0.00164226	24.5893	8.33634e-06	4.87152
0.00165893	12.7078	8.33634e-06	2.91032
0.0016756	10.0831	8.33634e-06	2.65874
0.00169228	6.09814	8.33634e-06	2.17397
0.00170895	10.3175	8.33634e-06	2.87724
0.00172562	4.35939	8.33634e-06	1.70386
0.00174229	12.3315	8.33634e-06	4.71943
0.00175897	1.47736	8.33634e-06	0.722269
0.00177564	2.89006	8.33634e-06	1.6731
0.00179231	2.53855	8.33634e-06	1.40714
0.00180899	1.44968	8.33634e-06	1.03246
