9.79859e-06	650.424	9.79859e-06	12.5613
2.93958e-05	164.942	9.79859e-06	6.42852
4.89929e-05	137.777	9.79859e-06	9.75459
6.85901e-05	139.619	9.79859e-06	5.61111
8.81873e-05	180.536	9.79859e-06	9.76446
0.000107784	203.469	9.79859e-06	11.1822
0.000127382	212.689	9.79859e-06	7.12629
0.000146979	247.203	9.79859e-06	7.68156
0.000166576	295.318	9.79859e-06	11.144
0.000186173	324.674	9.79859e-06	9.8361
0.00020577	362.535	9.79859e-06	9.82518
0.000225367	392.182	9.79859e-06	9.91793
0.000244965	452.152	9.79859e-06	12.5741
0.000264562	503.93	9.79859e-06	16.4064
0.000284159	573.839	9.79859e-06	16.0243
0.000303756	610.068	9.79859e-06	13.751
0.000323353	621.178	9.79859e-06	13.8103
0.00034295	674.991	9.79859e-06	16.5741
0.000362548	694.677	9.79859e-06	14.9472
0.000382145	747.775	9.79859e-06	15.3045
0.000401742	788.637	9.79859e-06	15.6211
0.000421339	835.396	9.79859e-06	17.1019
0.000440936	839.054	9.79859e-06	16.8572
0.000460534	866.975	9.79859e-06	17.0584
0.000480131	954.191	9.79859e-06	22.3262
0.000499728	945.391	9.79859e-06	18.5184
0.000519325	960.612	9.79859e-06	18.1474
0.000538922	990.712	9.79859e-06	22.1981
0.000558519	1023.9	9.79859e-06	26.1644
0.000578117	987.205	9.79859e-06	18.48
0.000597714	1030.85	9.79859e-06	25.5627
0.000617311	1019.83	9.79859e-06	20.202
0.000636908	1005.55	9.79859e-06	19.743
0.000656505	1030.86	9.79859e-06	24.6285
0.000676102	1031.62	9.79859e-06	18.3565
0.0006957	1013.91	9.79859e-06	21.1864
0.000715297	1115.41	9.79859e-06	83.6761
0.000734894	1025.67	9.79859e-06	20.6225
0.000754491	1015.19	9.79859e-06	22.9621
0.000774088	1022.63	9.79859e-06	22.9013
0.000793685	994.342	9.79859e-06	19.4465
0.000813283	994.961	9.79859e-06	23.4306
0.00083288	943.45	9.79859e-06	19.2088
0.000852477	915.891	9.79859e-06	18.8954
0.000872074	930.653	9.79859e-06	18.5436
0.000891671	928.914	9.79859e-06	20.5231
0.000911268	921.529	9.79859e-06	25.9437
0.000930866	846.507	9.79859e-06	21.5363
0.000950463	833.421	9.79859e-06	21.5099
0.00097006	822.942	9.79859e-06	21.8604
0.000989657	807.007	9.79859e-06	24.9631
0.00100925	781.205	9.79859e-06	19.2233
0.00102885	758.328	9.79859e-06	19.0215
0.00104845	685.293	9.79859e-06	32.9623
0.00106805	673.315	9.79859e-06	16.3722
0.00108764	652.827	9.79859e-06	17.5787
0.00110724	624.782	9.79859e-06	17.8316
0.00112684	605.036	9.79859e-06	16.8017
0.00114643	575.276	9.79859e-06	15.3013
0.00116603	554.031	9.79859e-06	14.6527
0.00118563	545.802	9.79859e-06	16.4286
0.00120523	473.907	9.79859e-06	13.8435
0.00122482	455.743	9.79859e-06	15.3473
0.00124442	440.17	9.79859e-06	13.5644
0.00126402	419.041	9.79859e-06	17.4828
0.00128361	407.901	9.79859e-06	15.7167
0.00130321	381.421	9.79859e-06	14.4345
0.00132281	349.549	9.79859e-06	11.7225
0.00134241	347.089	9.79859e-06	17.071
0.001362	301.647	9.79859e-06	12.6159
0.0013816	301.354	9.79859e-06	18.3521
0.0014012	252.5	9.79859e-06	10.9377
0.00142079	242.158	9.79859e-06	9.42715
0.00144039	228.52	9.79859e-06	9.37448
0.00145999	221.35	9.79859e-06	11.334
0.00147959	178.152	9.79859e-06	8.80065
0.00149918	189.256	9.79859e-06	8.83022
0.00151878	168.439	9.79859e-06	8.36133
0.00153838	161.892	9.79859e-06	9.31954
0.00155798	143.83	9.79859e-06	15.5695
0.00157757	127.766	9.79859e-06	7.10031
0.00159717	124.989	9.79859e-06	7.19243
0.00161677	128.949	9.79859e-06	8.5569
0.00163636	105.407	9.79859e-06	7.36543
0.00165596	95.3915	9.79859e-06	6.36586
0.00167556	83.8107	9.79859e-06	6.65944
0.00169516	81.8995	9.79859e-06	5.99394
0.00171475	63.4656	9.79859e-06	5.59052
0.00173435	73.0017	9.79859e-06	6.22259
0.00175395	46.3108	9.79859e-06	4.03879
0.00177354	50.375	9.79859e-06	5.20975
0.00179314	48.8847	9.79859e-06	4.97865
0.00181274	35.5938	9.79859e-06	3.68838
0.00183234	34.6214	9.79859e-06	4.47587
0.00185193	28.3673	9.79859e-06	4.11335
0.00187153	21.9105	9.79859e-06	3.24304
0.00189113	22.8946	9.79859e-06	3.71957
0.00191072	18.9629	9.79859e-06	2.94794
0.00193032	18.0525	9.79859e-06	3.53719
0.00194992	10.4491	9.79859e-06	1.95319
0.00196952	9.40625	9.79859e-06	2.3068
0.00198911	13.295	9.79859e-06	3.0547
0.00200871	5.53729	9.79859e-06	1.56342
0.00202831	3.54211	9.79859e-06	1.12509
0.0020479	8.57919	9.79859e-06	2.40487
0.0020675	3.35196	9.79859e-06	1.77787
0.0020871	4.29753	9.79859e-06	2.15346
0.0021067	1.51027	9.79859e-06	0.895075
0.00212629	4.08395	9.79859e-06	2.21336
0.00214589	0.0737067	9.79859e-06	0.0737067
