1.18355e-05	625.308	1.18355e-05	15.1345
3.55064e-05	147.626	1.18355e-05	9.4075
5.91773e-05	114.93	1.18355e-05	14.7688
8.28482e-05	97.0994	1.18355e-05	5.21778
0.000106519	98.8697	1.18355e-05	4.44656
0.00013019	102.697	1.18355e-05	4.86821
0.000153861	119.075	1.18355e-05	6.19421
0.000177532	116.449	1.18355e-05	5.91108
0.000201203	139.32	1.18355e-05	5.07668
0.000224874	153.91	1.18355e-05	5.99599
0.000248545	176.012	1.18355e-05	6.76421
0.000272216	216.67	1.18355e-05	11.2659
0.000295887	216.57	1.18355e-05	8.87044
0.000319558	235.149	1.18355e-05	7.6788
0.000343228	266.784	1.18355e-05	11.8682
0.000366899	299.004	1.18355e-05	9.9692
0.00039057	306.033	1.18355e-05	8.5195
0.000414241	352.747	1.18355e-05	11.2441
0.000437912	456.926	1.18355e-05	37.7919
0.000461583	419.371	1.18355e-05	15.4845
0.000485254	472.019	1.18355e-05	12.7289
0.000508925	450.18	1.18355e-05	10.9096
0.000532596	485.956	1.18355e-05	14.5842
0.000556267	516.691	1.18355e-05	11.9382
0.000579938	543.471	1.18355e-05	13.2988
0.000603609	596.166	1.18355e-05	17.2085
0.00062728	615.027	1.18355e-05	15.5995
0.000650951	655.658	1.18355e-05	15.8814
0.000674621	658.827	1.18355e-05	13.5705
0.000698292	681.633	1.18355e-05	14.0645
0.000721963	690.49	1.18355e-05	14.2929
0.000745634	741.307	1.18355e-05	15.8657
0.000769305	780.38	1.18355e-05	16.259
0.000792976	787.177	1.18355e-05	15.3293
0.000816647	845.277	1.18355e-05	18.6517
0.000840318	837.11	1.18355e-05	17.4771
0.000863989	822.729	1.18355e-05	20.4523
0.00088766	843.675	1.18355e-05	15.5813
0.000911331	860.879	1.18355e-05	31.8241
0.000935002	858.579	1.18355e-05	15.5958
0.000958673	837.036	1.18355e-05	19.2729
0.000982344	860.014	1.18355e-05	17.264
0.00100601	882.364	1.18355e-05	21.8983
0.00102969	893.726	1.18355e-05	23.0798
0.00105336	842.828	1.18355e-05	15.967
0.00107703	849.532	1.18355e-05	16.4745
0.0011007	912.184	1.18355e-05	43.6765
0.00112437	854.933	1.18355e-05	23.2819
0.00114804	826.035	1.18355e-05	18.1246
0.00117171	802.559	1.18355e-05	17.5572
0.00119538	800.441	1.18355e-05	18.6853
0.00121905	774.85	1.18355e-05	16.901
0.00124272	783.149	1.18355e-05	29.4005
0.00126639	730.41	1.18355e-05	17.1244
0.00129007	709.641	1.18355e-05	14.7898
0.00131374	694.811	1.18355e-05	18.458
0.00133741	665.056	1.18355e-05	14.1182
0.00136108	654.449	1.18355e-05	14.8139
0.00138475	635.94	1.18355e-05	15.6483
0.00140842	637.625	1.18355e-05	20.1842
0.00143209	573.419	1.18355e-05	16.5021
0.00145576	519.74	1.18355e-05	11.6212
0.00147943	524.879	1.18355e-05	15.8264
0.0015031	500.55	1.18355e-05	12.4903
0.00152677	466.826	1.18355e-05	12.8183
0.00155045	440.466	1.18355e-05	13.0213
0.00157412	420.904	1.18355e-05	13.73
0.00159779	391.134	1.18355e-05	10.9014
0.00162146	356.712	1.18355e-05	11.9345
0.00164513	331.249	1.18355e-05	10.295
0.0016688	312.121	1.18355e-05	9.1736
0.00169247	309.585	1.18355e-05	10.1351
0.00171614	268.735	1.18355e-05	8.81268
0.00173981	253.746	1.18355e-05	8.66888
0.00176348	249.175	1.18355e-05	10.9197
0.00178716	219.205	1.18355e-05	8.09777
0.00181083	206.332	1.18355e-05	7.84332
0.0018345	193.566	1.18355e-05	8.40612
0.00185817	174.226	1.18355e-05	6.81372
0.00188184	157.549	1.18355e-05	6.61724
0.00190551	136.098	1.18355e-05	5.63563
0.00192918	128.979	1.18355e-05	7.35236
0.00195285	143.723	1.18355e-05	9.29199
0.00197652	106.018	1.18355e-05	7.07609
0.00200019	108.024	1.18355e-05	7.40879
0.00202386	81.6682	1.18355e-05	4.18996
0.00204754	77.4662	1.18355e-05	5.05423
0.00207121	77.307	1.18355e-05	5.39643
0.00209488	55.0612	1.18355e-05	3.30946
0.00211855	57.0372	1.18355e-05	3.7982
0.00214222	50.7039	1.18355e-05	3.95563
0.00216589	45.4867	1.18355e-05	3.48578
0.00218956	38.9051	1.18355e-05	3.37693
0.00221323	30.3887	1.18355e-05	2.54434
0.0022369	36.24	1.18355e-05	5.50324
0.00226057	22.1663	1.18355e-05	2.1107
0.00228424	21.2781	1.18355e-05	2.24903
0.00230792	21.1962	1.18355e-05	3.47882
0.00233159	20.319	1.18355e-05	3.31981
0.00235526	12.6818	1.18355e-05	1.98365
0.00237893	11.4994	1.18355e-05	1.65811
0.0024026	9.93298	1.18355e-05	1.651
0.00242627	15.4102	1.18355e-05	8.35293
0.00244994	5.66182	1.18355e-05	1.02737
0.00247361	5.25224	1.18355e-05	1.58941
0.00249728	3.20365	1.18355e-05	0.887099
0.00252095	2.01855	1.18355e-05	1.03921
0.00254462	0.52959	1.18355e-05	0.390114
0.0025683	0.172775	1.18355e-05	0.172775
