0	1138.12	7.36216e-06	4.13418
1.47243e-05	1137.64	7.36216e-06	4.01551
2.94486e-05	1137.03	7.36216e-06	3.99226
4.41729e-05	1136.21	7.36216e-06	3.97629
5.88973e-05	1134.55	7.36216e-06	3.94367
7.36216e-05	1132.88	7.36216e-06	3.92298
8.83459e-05	1130.8	7.36216e-06	3.90045
0.00010307	1128.07	7.36216e-06	3.87336
0.000117795	1125.18	7.36216e-06	3.85021
0.000132519	1121.53	7.36216e-06	3.821
0.000147243	1117.23	7.36216e-06	3.78182
0.000161967	1113.17	7.36216e-06	3.75756
0.000176692	1108.26	7.36216e-06	3.72411
0.000191416	1102.73	7.36216e-06	3.69054
0.00020614	1096.9	7.36216e-06	3.6565
0.000220865	1090.34	7.36216e-06	3.61191
0.000235589	1084.31	7.36216e-06	3.58563
0.000250313	1075.05	7.36216e-06	3.3369
0.000265038	1067.53	7.36216e-06	3.30251
0.000279762	1059.7	7.36216e-06	3.26748
0.000294486	1050.41	7.36216e-06	3.2111
0.000309211	1041.94	7.36216e-06	3.17595
0.000323935	1032.78	7.36216e-06	3.13695
0.000338659	1023.28	7.36216e-06	3.09627
0.000353384	1013.74	7.36216e-06	3.06062
0.000368108	1003.67	7.36216e-06	3.0233
0.000382832	993.251	7.36216e-06	2.98526
0.000397556	982.924	7.36216e-06	2.95212
0.000412281	972.005	7.36216e-06	2.91546
0.000427005	960.742	7.36216e-06	2.87711
0.000441729	949.151	7.36216e-06	2.84134
0.000456454	937.904	7.36216e-06	2.80857
0.000471178	926.199	7.36216e-06	2.77428
0.000485902	913.666	7.36216e-06	2.73406
0.000500627	901.113	7.36216e-06	2.6988
0.000515351	888.802	7.36216e-06	2.667
0.000530075	875.656	7.36216e-06	2.63073
0.0005448	862.724	7.36216e-06	2.59736
0.000559524	849.675	7.36216e-06	2.56534
0.000574248	835.525	7.36216e-06	2.5239
0.000588973	822.21	7.36216e-06	2.49222
0.000603697	808.547	7.36216e-06	2.45805
0.000618421	794.098	7.36216e-06	2.41274
0.000633145	780.362	7.36216e-06	2.38128
0.00064787	765.94	7.36216e-06	2.3441
0.000662594	752.252	7.36216e-06	2.31529
0.000677318	737.585	7.36216e-06	2.26441
0.000692043	722.861	7.36216e-06	2.22005
0.000706767	708.329	7.36216e-06	2.18737
0.000721491	693.685	7.36216e-06	2.15395
0.000736216	678.614	7.36216e-06	2.10848
0.00075094	663.787	7.36216e-06	2.0763
0.000765664	649.127	7.36216e-06	2.0427
0.000780389	634.315	7.36216e-06	2.0092
0.000795113	619.702	7.36216e-06	1.97865
0.000809837	604.476	7.36216e-06	1.93583
0.000824562	589.561	7.36216e-06	1.89709
0.000839286	575.22	7.36216e-06	1.86956
0.00085401	560.984	7.36216e-06	1.84116
0.000868734	546.048	7.36216e-06	1.80401
0.000883459	531.311	7.36216e-06	1.7708
0.000898183	517.062	7.36216e-06	1.74206
0.000912907	502.594	7.36216e-06	1.71621
0.000927632	488.777	7.36216e-06	1.69199
0.000942356	474.454	7.36216e-06	1.66305
0.00095708	460.604	7.36216e-06	1.63831
0.000971805	446.846	7.36216e-06	1.60449
0.000986529	433.21	7.36216e-06	1.58161
0.00100125	419.445	7.36216e-06	1.55258
0.00101598	406.269	7.36216e-06	1.5272
0.0010307	392.766	7.36216e-06	1.46105
0.00104543	379.478	7.36216e-06	1.40847
0.00106015	367.396	7.36216e-06	1.38992
0.00107487	354.596	7.36216e-06	1.33018
0.0010896	342.229	7.36216e-06	1.26209
0.00110432	330.197	7.36216e-06	1.24017
0.00111905	318.559	7.36216e-06	1.2183
0.00113377	307.179	7.36216e-06	1.19865
0.0011485	295.902	7.36216e-06	1.17878
0.00116322	284.95	7.36216e-06	1.16072
0.00117795	273.366	7.36216e-06	0.99428
0.00119267	262.651	7.36216e-06	0.966681
0.00120739	251.957	7.36216e-06	0.918537
0.00122212	241.845	7.36216e-06	0.893547
0.00123684	232.022	7.36216e-06	0.870674
0.00125157	222.554	7.36216e-06	0.851469
0.00126629	213.372	7.36216e-06	0.834003
0.00128102	204.103	7.36216e-06	0.813005
0.00129574	195.397	7.36216e-06	0.795946
0.00131046	186.661	7.36216e-06	0.77344
0.00132519	178.569	7.36216e-06	0.752769
0.00133991	170.628	7.36216e-06	0.737922
0.00135464	162.476	7.36216e-06	0.714858
0.00136936	154.946	7.36216e-06	0.688089
0.00138409	147.623	7.36216e-06	0.673139
0.00139881	140.763	7.36216e-06	0.660369
0.00141353	134.183	7.36216e-06	0.648128
0.00142826	127.554	7.36216e-06	0.629626
0.00144298	121.1	7.36216e-06	0.612351
0.00145771	114.925	7.36216e-06	0.573365
0.00147243	109.066	7.36216e-06	0.56143
0.00148716	103.434	7.36216e-06	0.546383
0.00150188	97.8891	7.36216e-06	0.518716
0.0015166	92.5811	7.36216e-06	0.50173
0.00153133	87.5597	7.36216e-06	0.488608
0.00154605	82.7595	7.36216e-06	0.477101
0.00156078	78.1282	7.36216e-06	0.464963
0.0015755	73.7334	7.36216e-06	0.451737
0.00159023	69.5431	7.36216e-06	0.439111
0.00160495	65.6764	7.36216e-06	0.431572
0.00161967	61.826	7.36216e-06	0.4199
0.0016344	58.1402	7.36216e-06	0.411113
0.00164912	54.4158	7.36216e-06	0.396555
0.00166385	51.1232	7.36216e-06	0.388113
0.00167857	48.0598	7.36216e-06	0.380538
0.0016933	45.0135	7.36216e-06	0.371573
0.00170802	42.309	7.36216e-06	0.358197
0.00172274	39.5138	7.36216e-06	0.349395
0.00173747	36.6226	7.36216e-06	0.260644
0.00175219	34.1852	7.36216e-06	0.25191
0.00176692	31.9272	7.36216e-06	0.242189
0.00178164	29.8044	7.36216e-06	0.233552
0.00179637	27.7171	7.36216e-06	0.22605
0.00181109	25.7949	7.36216e-06	0.219098
0.00182581	23.9939	7.36216e-06	0.212221
0.00184054	22.2484	7.36216e-06	0.201833
0.00185526	20.6091	7.36216e-06	0.189989
0.00186999	19.1868	7.36216e-06	0.185446
0.00188471	17.715	7.36216e-06	0.172099
0.00189944	16.4463	7.36216e-06	0.16636
0.00191416	15.1597	7.36216e-06	0.154581
0.00192889	13.9134	7.36216e-06	0.146615
0.00194361	12.9064	7.36216e-06	0.142067
0.00195833	11.8675	7.36216e-06	0.135975
0.00197306	10.9152	7.36216e-06	0.131398
0.00198778	10.0272	7.36216e-06	0.127124
0.00200251	9.20012	7.36216e-06	0.116186
0.00201723	8.39628	7.36216e-06	0.108737
0.00203196	7.66433	7.36216e-06	0.103201
0.00204668	6.97917	7.36216e-06	0.0975091
0.0020614	6.31016	7.36216e-06	0.0905418
0.00207613	5.78142	7.36216e-06	0.0872108
0.00209085	5.24803	7.36216e-06	0.0817747
0.00210558	4.78087	7.36216e-06	0.0788525
0.0021203	4.31089	7.36216e-06	0.0751319
0.00213503	3.90793	7.36216e-06	0.0718597
0.00214975	3.5371	7.36216e-06	0.0687817
0.00216447	3.17776	7.36216e-06	0.0652688
0.0021792	2.87253	7.36216e-06	0.061741
0.00219392	2.58485	7.36216e-06	0.0593351
0.00220865	2.30796	7.36216e-06	0.0554109
0.00222337	2.08265	7.36216e-06	0.0518896
0.0022381	1.84662	7.36216e-06	0.0483479
0.00225282	1.6275	7.36216e-06	0.0454765
0.00226754	1.40537	7.36216e-06	0.0413317
0.00228227	1.2028	7.36216e-06	0.0358441
0.00229699	1.02738	7.36216e-06	0.0328084
0.00231172	0.900299	7.36216e-06	0.0309509
0.00232644	0.762672	7.36216e-06	0.0286985
0.00234117	0.66416	7.36216e-06	0.0269291
0.00235589	0.567621	7.36216e-06	0.025315
0.00237061	0.483857	7.36216e-06	0.0238278
0.00238534	0.40344	7.36216e-06	0.0219235
0.00240006	0.325696	7.36216e-06	0.0198122
0.00241479	0.274659	7.36216e-06	0.0187523
0.00242951	0.218167	7.36216e-06	0.0154369
0.00244424	0.185153	7.36216e-06	0.0145985
0.00245896	0.154956	7.36216e-06	0.0135806
0.00247368	0.114279	7.36216e-06	0.0101286
0.00248841	0.0814959	7.36216e-06	0.00818711
0.00250313	0.0530234	7.36216e-06	0.00608196
0.00251786	0.0339775	7.36216e-06	0.00493678
0.00253258	0.0205889	7.36216e-06	0.00400975
0.00254731	0.00989937	7.36216e-06	0.00255462
0.00256203	0.00440372	7.36216e-06	0.00144218
0.00257675	0.000620234	7.36216e-06	0.000620244
