0	1263.87	7.20155e-06	4.91229
1.44031e-05	1263.56	7.20155e-06	4.86805
2.88062e-05	1262.68	7.20155e-06	4.82877
4.32093e-05	1260.9	7.20155e-06	4.7677
5.76124e-05	1258.52	7.20155e-06	4.70712
7.20155e-05	1255.2	7.20155e-06	4.63995
8.64186e-05	1251.39	7.20155e-06	4.57565
0.000100822	1246.59	7.20155e-06	4.4927
0.000115225	1241.17	7.20155e-06	4.42194
0.000129628	1234.94	7.20155e-06	4.34474
0.000144031	1228.99	7.20155e-06	4.2872
0.000158434	1221.84	7.20155e-06	4.21711
0.000172837	1213.96	7.20155e-06	4.13515
0.00018724	1205.93	7.20155e-06	4.07542
0.000201643	1196.93	7.20155e-06	4.00526
0.000216047	1187.7	7.20155e-06	3.94371
0.00023045	1177.46	7.20155e-06	3.87386
0.000244853	1167.07	7.20155e-06	3.80824
0.000259256	1156.76	7.20155e-06	3.75186
0.000273659	1145.32	7.20155e-06	3.68823
0.000288062	1133.94	7.20155e-06	3.62803
0.000302465	1121.49	7.20155e-06	3.56368
0.000316868	1108.36	7.20155e-06	3.48676
0.000331271	1095.13	7.20155e-06	3.42008
0.000345674	1081.82	7.20155e-06	3.35858
0.000360078	1068.36	7.20155e-06	3.29905
0.000374481	1053.47	7.20155e-06	3.2217
0.000388884	1040.05	7.20155e-06	3.17162
0.000403287	1025.51	7.20155e-06	3.1146
0.00041769	1010.44	7.20155e-06	3.05417
0.000432093	995.75	7.20155e-06	3.00057
0.000446496	980.747	7.20155e-06	2.94851
0.000460899	965.466	7.20155e-06	2.89488
0.000475302	950.086	7.20155e-06	2.84374
0.000489705	933.772	7.20155e-06	2.77168
0.000504109	918.291	7.20155e-06	2.72335
0.000518512	902.283	7.20155e-06	2.67228
0.000532915	885.816	7.20155e-06	2.61968
0.000547318	868.881	7.20155e-06	2.56298
0.000561721	851.631	7.20155e-06	2.5013
0.000576124	834.816	7.20155e-06	2.44977
0.000590527	818.009	7.20155e-06	2.40171
0.00060493	801.218	7.20155e-06	2.35427
0.000619333	784.114	7.20155e-06	2.30586
0.000633736	766.782	7.20155e-06	2.23166
0.00064814	749.692	7.20155e-06	2.17856
0.000662543	733.281	7.20155e-06	2.13494
0.000676946	716.309	7.20155e-06	2.08926
0.000691349	699.322	7.20155e-06	2.04576
0.000705752	682.178	7.20155e-06	1.99614
0.000720155	665.988	7.20155e-06	1.9574
0.000734558	649.159	7.20155e-06	1.89492
0.000748961	632.347	7.20155e-06	1.84788
0.000763364	615.828	7.20155e-06	1.80655
0.000777767	599.615	7.20155e-06	1.76902
0.000792171	583.441	7.20155e-06	1.73126
0.000806574	567.243	7.20155e-06	1.6888
0.000820977	550.979	7.20155e-06	1.64952
0.00083538	535.21	7.20155e-06	1.61136
0.000849783	519.273	7.20155e-06	1.57124
0.000864186	503.092	7.20155e-06	1.53075
0.000878589	487.313	7.20155e-06	1.48418
0.000892992	472.211	7.20155e-06	1.45116
0.000907395	457.132	7.20155e-06	1.40835
0.000921798	442.466	7.20155e-06	1.37412
0.000936202	428.032	7.20155e-06	1.30831
0.000950605	413.665	7.20155e-06	1.26755
0.000965008	399.802	7.20155e-06	1.23503
0.000979411	386.553	7.20155e-06	1.20792
0.000993814	373.447	7.20155e-06	1.17991
0.00100822	360.509	7.20155e-06	1.15107
0.00102262	347.539	7.20155e-06	1.12106
0.00103702	334.975	7.20155e-06	1.09402
0.00105143	322.91	7.20155e-06	1.07136
0.00106583	310.651	7.20155e-06	1.041
0.00108023	298.917	7.20155e-06	1.0136
0.00109464	287.387	7.20155e-06	0.992088
0.00110904	275.724	7.20155e-06	0.941017
0.00112344	265.001	7.20155e-06	0.921165
0.00113784	254.121	7.20155e-06	0.89343
0.00115225	243.716	7.20155e-06	0.872286
0.00116665	233.577	7.20155e-06	0.851528
0.00118105	223.919	7.20155e-06	0.834937
0.00119546	214.555	7.20155e-06	0.816843
0.00120986	205.02	7.20155e-06	0.787807
0.00122426	195.648	7.20155e-06	0.653402
0.00123867	186.988	7.20155e-06	0.633598
0.00125307	178.671	7.20155e-06	0.616899
0.00126747	170.665	7.20155e-06	0.597522
0.00128188	162.841	7.20155e-06	0.582051
0.00129628	155.237	7.20155e-06	0.565956
0.00131068	147.993	7.20155e-06	0.548926
0.00132509	140.825	7.20155e-06	0.521187
0.00133949	133.866	7.20155e-06	0.506893
0.00135389	127.221	7.20155e-06	0.492897
0.00136829	120.898	7.20155e-06	0.479779
0.0013827	114.672	7.20155e-06	0.457145
0.0013971	108.809	7.20155e-06	0.44375
0.0014115	103.211	7.20155e-06	0.43133
0.00142591	97.7456	7.20155e-06	0.420736
0.00144031	92.6535	7.20155e-06	0.409663
0.00145471	87.6471	7.20155e-06	0.390066
0.00146912	82.7573	7.20155e-06	0.372709
0.00148352	78.1814	7.20155e-06	0.353148
0.00149792	73.8128	7.20155e-06	0.343295
0.00151233	69.6203	7.20155e-06	0.335123
0.00152673	65.7206	7.20155e-06	0.32707
0.00154113	61.979	7.20155e-06	0.317682
0.00155553	58.2042	7.20155e-06	0.302058
0.00156994	54.5096	7.20155e-06	0.245659
0.00158434	51.199	7.20155e-06	0.236707
0.00159874	48.1053	7.20155e-06	0.228962
0.00161315	45.0089	7.20155e-06	0.209309
0.00162755	42.1382	7.20155e-06	0.199857
0.00164195	39.4837	7.20155e-06	0.192837
0.00165636	36.8688	7.20155e-06	0.182463
0.00167076	34.4359	7.20155e-06	0.17301
0.00168516	32.2149	7.20155e-06	0.165726
0.00169957	30.0266	7.20155e-06	0.155357
0.00171397	28.0513	7.20155e-06	0.149559
0.00172837	26.0938	7.20155e-06	0.142711
0.00174278	24.3215	7.20155e-06	0.137545
0.00175718	22.5504	7.20155e-06	0.130873
0.00177158	20.9656	7.20155e-06	0.124882
0.00178598	19.4136	7.20155e-06	0.117011
0.00180039	17.9804	7.20155e-06	0.111635
0.00181479	16.7145	7.20155e-06	0.107557
0.00182919	15.4755	7.20155e-06	0.102462
0.0018436	14.2853	7.20155e-06	0.0972191
0.001858	13.1917	7.20155e-06	0.0931054
0.0018724	12.1771	7.20155e-06	0.0888552
0.00188681	11.25	7.20155e-06	0.0849413
0.00190121	10.3504	7.20155e-06	0.0813416
0.00191561	9.53913	7.20155e-06	0.078214
0.00193002	8.73603	7.20155e-06	0.0744648
0.00194442	8.01858	7.20155e-06	0.0712383
0.00195882	7.34705	7.20155e-06	0.0677007
0.00197322	6.71705	7.20155e-06	0.0640129
0.00198763	6.15749	7.20155e-06	0.0615553
0.00200203	5.62313	7.20155e-06	0.0591648
0.00201643	5.08475	7.20155e-06	0.0492705
0.00203084	4.59989	7.20155e-06	0.0459131
0.00204524	4.19393	7.20155e-06	0.0436726
0.00205964	3.78487	7.20155e-06	0.040673
0.00207405	3.44564	7.20155e-06	0.0384561
0.00208845	3.12687	7.20155e-06	0.0364223
0.00210285	2.8343	7.20155e-06	0.0345006
0.00211726	2.54165	7.20155e-06	0.032161
0.00213166	2.27911	7.20155e-06	0.0301085
0.00214606	2.02981	7.20155e-06	0.028084
0.00216047	1.81143	7.20155e-06	0.0263577
0.00217487	1.6037	7.20155e-06	0.0246487
0.00218927	1.42446	7.20155e-06	0.0230182
0.00220367	1.27356	7.20155e-06	0.0215546
0.00221808	1.11811	7.20155e-06	0.0199498
0.00223248	0.980586	7.20155e-06	0.0185217
0.00224688	0.855959	7.20155e-06	0.0171927
0.00226129	0.747647	7.20155e-06	0.0159839
0.00227569	0.651081	7.20155e-06	0.0148455
0.00229009	0.559907	7.20155e-06	0.0136794
0.0023045	0.473441	7.20155e-06	0.0123995
0.0023189	0.404198	7.20155e-06	0.0113757
0.0023333	0.342383	7.20155e-06	0.0103623
0.00234771	0.288401	7.20155e-06	0.00943528
0.00236211	0.239004	7.20155e-06	0.00855715
0.00237651	0.192505	7.20155e-06	0.00765496
0.00239091	0.152932	7.20155e-06	0.00677269
0.00240532	0.124243	7.20155e-06	0.00608435
0.00241972	0.0951386	7.20155e-06	0.0053349
0.00243412	0.0741487	7.20155e-06	0.00466642
0.00244853	0.0588716	7.20155e-06	0.00416854
0.00246293	0.042658	7.20155e-06	0.00350294
0.00247733	0.0319535	7.20155e-06	0.00305885
0.00249174	0.0232272	7.20155e-06	0.00256098
0.00250614	0.0133272	7.20155e-06	0.0018948
0.00252054	0.00803085	7.20155e-06	0.00146694
0.00253495	0.00251372	7.20155e-06	0.000801798
0.00254935	0.000261632	7.20155e-06	0.000261636
