0	1169.43	7.35249e-06	4.40427
1.4705e-05	1169.28	7.35249e-06	4.39351
2.94099e-05	1168.48	7.35249e-06	4.35501
4.41149e-05	1167.11	7.35249e-06	4.31544
5.88199e-05	1165.39	7.35249e-06	4.27298
7.35249e-05	1163.31	7.35249e-06	4.24399
8.82298e-05	1160.17	7.35249e-06	4.19747
0.000102935	1156.57	7.35249e-06	4.15343
0.00011764	1152.66	7.35249e-06	4.1149
0.000132345	1149.03	7.35249e-06	4.08796
0.00014705	1144.26	7.35249e-06	4.05025
0.000161755	1138.77	7.35249e-06	4.00234
0.00017646	1133.08	7.35249e-06	3.96477
0.000191165	1126.97	7.35249e-06	3.92788
0.00020587	1120.48	7.35249e-06	3.89216
0.000220575	1112.85	7.35249e-06	3.8387
0.00023528	1105.08	7.35249e-06	3.79693
0.000249985	1097.12	7.35249e-06	3.75845
0.000264689	1088.39	7.35249e-06	3.71259
0.000279394	1079.67	7.35249e-06	3.67437
0.000294099	1070.59	7.35249e-06	3.63469
0.000308804	1061.17	7.35249e-06	3.59033
0.000323509	1051.41	7.35249e-06	3.55192
0.000338214	1041.52	7.35249e-06	3.5166
0.000352919	1031.24	7.35249e-06	3.48124
0.000367624	1019.99	7.35249e-06	3.44078
0.000382329	1008.07	7.35249e-06	3.38078
0.000397034	996.735	7.35249e-06	3.34332
0.000411739	984.727	7.35249e-06	3.29791
0.000426444	972.43	7.35249e-06	3.25002
0.000441149	959.922	7.35249e-06	3.21313
0.000455854	947.288	7.35249e-06	3.17526
0.000470559	933.295	7.35249e-06	3.05309
0.000485264	920.215	7.35249e-06	3.01492
0.000499969	907.242	7.35249e-06	2.9812
0.000514674	894.001	7.35249e-06	2.94746
0.000529379	879.981	7.35249e-06	2.90523
0.000544084	866.418	7.35249e-06	2.87135
0.000558789	852.604	7.35249e-06	2.83905
0.000573494	838.05	7.35249e-06	2.80018
0.000588199	823.405	7.35249e-06	2.76382
0.000602904	808.878	7.35249e-06	2.72638
0.000617609	794.686	7.35249e-06	2.69641
0.000632314	780.061	7.35249e-06	2.66397
0.000647019	763.299	7.35249e-06	2.35789
0.000661724	748.135	7.35249e-06	2.3174
0.000676429	733.187	7.35249e-06	2.28232
0.000691134	717.839	7.35249e-06	2.24027
0.000705839	702.729	7.35249e-06	2.19798
0.000720544	686.196	7.35249e-06	2.11025
0.000735249	670.836	7.35249e-06	2.07341
0.000749954	655.794	7.35249e-06	2.04142
0.000764659	640.462	7.35249e-06	1.99119
0.000779364	625.369	7.35249e-06	1.95609
0.000794068	609.552	7.35249e-06	1.8719
0.000808773	594.767	7.35249e-06	1.83354
0.000823478	580.281	7.35249e-06	1.80512
0.000838183	564.973	7.35249e-06	1.76242
0.000852888	550.133	7.35249e-06	1.73007
0.000867593	535.283	7.35249e-06	1.69597
0.000882298	519.347	7.35249e-06	1.61717
0.000897003	504.996	7.35249e-06	1.5879
0.000911708	490.381	7.35249e-06	1.55364
0.000926413	475.862	7.35249e-06	1.51989
0.000941118	462.183	7.35249e-06	1.48701
0.000955823	447.917	7.35249e-06	1.45158
0.000970528	434.276	7.35249e-06	1.42092
0.000985233	420.891	7.35249e-06	1.39383
0.000999938	407.33	7.35249e-06	1.36142
0.00101464	393.63	7.35249e-06	1.33074
0.00102935	380.49	7.35249e-06	1.30245
0.00104405	367.689	7.35249e-06	1.27564
0.00105876	355.335	7.35249e-06	1.2505
0.00107346	342.649	7.35249e-06	1.21525
0.00108817	330.674	7.35249e-06	1.19173
0.00110287	318.487	7.35249e-06	1.15763
0.00111758	306.738	7.35249e-06	1.13544
0.00113228	295.152	7.35249e-06	1.11261
0.00114699	284.292	7.35249e-06	1.09345
0.00116169	272.752	7.35249e-06	0.984076
0.0011764	262.166	7.35249e-06	0.960011
0.0011911	251.812	7.35249e-06	0.937198
0.00120581	241.889	7.35249e-06	0.919043
0.00122051	232.184	7.35249e-06	0.900643
0.00123522	222.567	7.35249e-06	0.881794
0.00124992	213.004	7.35249e-06	0.856923
0.00126463	203.926	7.35249e-06	0.824907
0.00127933	195.175	7.35249e-06	0.807354
0.00129404	186.488	7.35249e-06	0.781068
0.00130874	178.147	7.35249e-06	0.7549
0.00132345	169.813	7.35249e-06	0.734457
0.00133815	162.147	7.35249e-06	0.720035
0.00135286	154.194	7.35249e-06	0.685846
0.00136756	146.858	7.35249e-06	0.669113
0.00138227	139.9	7.35249e-06	0.655941
0.00139697	132.941	7.35249e-06	0.635926
0.00141168	126.519	7.35249e-06	0.62199
0.00142638	120.217	7.35249e-06	0.604442
0.00144109	114.003	7.35249e-06	0.584509
0.00145579	108.197	7.35249e-06	0.570405
0.0014705	102.662	7.35249e-06	0.557851
0.0014852	97.4952	7.35249e-06	0.548945
0.00149991	92.223	7.35249e-06	0.537515
0.00151461	87.1884	7.35249e-06	0.520435
0.00152932	82.1972	7.35249e-06	0.507839
0.00154402	77.6442	7.35249e-06	0.495508
0.00155873	73.2842	7.35249e-06	0.485882
0.00157343	68.954	7.35249e-06	0.475531
0.00158814	65.1039	7.35249e-06	0.468866
0.00160284	61.2912	7.35249e-06	0.458465
0.00161755	57.7291	7.35249e-06	0.451678
0.00163225	54.5677	7.35249e-06	0.446941
0.00164696	51.4475	7.35249e-06	0.441848
0.00166166	48.2729	7.35249e-06	0.434622
0.00167637	45.3023	7.35249e-06	0.42765
0.00169107	42.34	7.35249e-06	0.421677
0.00170578	39.7704	7.35249e-06	0.41699
0.00172048	37.112	7.35249e-06	0.404358
0.00173519	34.7766	7.35249e-06	0.399866
0.00174989	32.4901	7.35249e-06	0.39525
0.0017646	29.8948	7.35249e-06	0.231908
0.0017793	27.8042	7.35249e-06	0.223245
0.00179401	25.8287	7.35249e-06	0.213749
0.00180871	23.9502	7.35249e-06	0.205514
0.00182342	22.2386	7.35249e-06	0.199725
0.00183812	20.6352	7.35249e-06	0.193822
0.00185283	19.0524	7.35249e-06	0.157827
0.00186753	17.7104	7.35249e-06	0.151917
0.00188224	16.3321	7.35249e-06	0.144611
0.00189694	15.2148	7.35249e-06	0.141094
0.00191165	14.0305	7.35249e-06	0.133429
0.00192635	12.8814	7.35249e-06	0.126511
0.00194106	11.9374	7.35249e-06	0.122951
0.00195576	11.0881	7.35249e-06	0.120038
0.00197047	10.2003	7.35249e-06	0.115641
0.00198517	9.36045	7.35249e-06	0.11017
0.00199988	8.54314	7.35249e-06	0.105999
0.00201458	7.83861	7.35249e-06	0.102343
0.00202929	7.18477	7.35249e-06	0.0992066
0.00204399	6.55196	7.35249e-06	0.0929023
0.0020587	5.98799	7.35249e-06	0.0888397
0.0020734	5.4632	7.35249e-06	0.0855318
0.00208811	4.97639	7.35249e-06	0.0828788
0.00210281	4.5277	7.35249e-06	0.0797882
0.00211752	4.03137	7.35249e-06	0.0733155
0.00213222	3.61751	7.35249e-06	0.0696294
0.00214693	3.21976	7.35249e-06	0.0654833
0.00216163	2.93258	7.35249e-06	0.0638232
0.00217634	2.6481	7.35249e-06	0.0614426
0.00219104	2.35739	7.35249e-06	0.0584874
0.00220575	2.10056	7.35249e-06	0.0563555
0.00222045	1.86657	7.35249e-06	0.053441
0.00223516	1.66314	7.35249e-06	0.0522158
0.00224986	1.46259	7.35249e-06	0.0498066
0.00226457	1.27291	7.35249e-06	0.0474795
0.00227927	1.10284	7.35249e-06	0.045709
0.00229398	0.947549	7.35249e-06	0.0443207
0.00230868	0.771408	7.35249e-06	0.021013
0.00232339	0.664904	7.35249e-06	0.0191815
0.00233809	0.578965	7.35249e-06	0.0180464
0.0023528	0.487436	7.35249e-06	0.016117
0.0023675	0.412279	7.35249e-06	0.0142066
0.00238221	0.345473	7.35249e-06	0.0128332
0.00239691	0.28985	7.35249e-06	0.0117137
0.00241162	0.239278	7.35249e-06	0.0104195
0.00242632	0.195378	7.35249e-06	0.00939417
0.00244103	0.156015	7.35249e-06	0.00832864
0.00245573	0.120981	7.35249e-06	0.00716483
0.00247044	0.0909998	7.35249e-06	0.00614134
0.00248514	0.0625652	7.35249e-06	0.00519343
0.00249985	0.0441586	7.35249e-06	0.00443035
0.00251455	0.0279611	7.35249e-06	0.00360218
0.00252926	0.019704	7.35249e-06	0.0031865
0.00254396	0.010917	7.35249e-06	0.00265671
0.00255867	0.00464235	7.35249e-06	0.00121234
0.00257337	0.000334465	7.35249e-06	0.000334471
