0	1183.14	7.35192e-06	4.32352
1.47038e-05	1183.08	7.35192e-06	4.3213
2.94077e-05	1181.97	7.35192e-06	4.25162
4.41115e-05	1180.82	7.35192e-06	4.22123
5.88154e-05	1178.37	7.35192e-06	4.14467
7.35192e-05	1175.56	7.35192e-06	4.08478
8.8223e-05	1172.79	7.35192e-06	4.04877
0.000102927	1169.11	7.35192e-06	4.00206
0.000117631	1164.72	7.35192e-06	3.95096
0.000132335	1159.98	7.35192e-06	3.89845
0.000147038	1154.58	7.35192e-06	3.82259
0.000161742	1149.07	7.35192e-06	3.77906
0.000176446	1142.73	7.35192e-06	3.72777
0.00019115	1136.31	7.35192e-06	3.68482
0.000205854	1129.78	7.35192e-06	3.64626
0.000220558	1121.73	7.35192e-06	3.57497
0.000235261	1113.93	7.35192e-06	3.52962
0.000249965	1105.41	7.35192e-06	3.48239
0.000264669	1096.46	7.35192e-06	3.43144
0.000279373	1087.14	7.35192e-06	3.37628
0.000294077	1077.49	7.35192e-06	3.32835
0.000308781	1067.33	7.35192e-06	3.28098
0.000323484	1057.02	7.35192e-06	3.23525
0.000338188	1046.35	7.35192e-06	3.19078
0.000352892	1035.6	7.35192e-06	3.14741
0.000367596	1024.8	7.35192e-06	3.1051
0.0003823	1013.61	7.35192e-06	3.0649
0.000397004	1001.46	7.35192e-06	3.01545
0.000411708	988.729	7.35192e-06	2.96124
0.000426411	976.223	7.35192e-06	2.91763
0.000441115	963.403	7.35192e-06	2.87402
0.000455819	950.208	7.35192e-06	2.83067
0.000470523	937.367	7.35192e-06	2.79281
0.000485227	923.332	7.35192e-06	2.71693
0.000499931	909.479	7.35192e-06	2.66925
0.000514634	895.602	7.35192e-06	2.62572
0.000529338	880.836	7.35192e-06	2.57235
0.000544042	865.36	7.35192e-06	2.48082
0.000558746	851.323	7.35192e-06	2.44296
0.00057345	836.441	7.35192e-06	2.39206
0.000588154	821.669	7.35192e-06	2.35072
0.000602857	807.225	7.35192e-06	2.31312
0.000617561	792.105	7.35192e-06	2.27127
0.000632265	777.282	7.35192e-06	2.2298
0.000646969	761.724	7.35192e-06	2.18169
0.000661673	746.243	7.35192e-06	2.13955
0.000676377	730.603	7.35192e-06	2.09804
0.00069108	715.108	7.35192e-06	2.05659
0.000705784	699.836	7.35192e-06	2.01751
0.000720488	684.208	7.35192e-06	1.97765
0.000735192	667.976	7.35192e-06	1.91597
0.000749896	652.274	7.35192e-06	1.87226
0.0007646	636.668	7.35192e-06	1.83412
0.000779304	620.743	7.35192e-06	1.78152
0.000794007	605.193	7.35192e-06	1.74069
0.000808711	590.213	7.35192e-06	1.70665
0.000823415	575.156	7.35192e-06	1.67236
0.000838119	560.051	7.35192e-06	1.63793
0.000852823	545.112	7.35192e-06	1.60458
0.000867527	530.007	7.35192e-06	1.56929
0.00088223	514.983	7.35192e-06	1.53003
0.000896934	500.162	7.35192e-06	1.47266
0.000911638	485.996	7.35192e-06	1.44207
0.000926342	471.364	7.35192e-06	1.40177
0.000941046	457.171	7.35192e-06	1.36909
0.00095575	442.919	7.35192e-06	1.33094
0.000970453	429.197	7.35192e-06	1.30112
0.000985157	415.44	7.35192e-06	1.2703
0.000999861	402.32	7.35192e-06	1.24469
0.00101456	388.845	7.35192e-06	1.2143
0.00102927	375.682	7.35192e-06	1.18481
0.00104397	362.716	7.35192e-06	1.15425
0.00105868	350.075	7.35192e-06	1.12649
0.00107338	337.375	7.35192e-06	1.09008
0.00108808	325.589	7.35192e-06	1.06648
0.00110279	313.784	7.35192e-06	1.0353
0.00111749	301.952	7.35192e-06	0.995814
0.0011322	290.722	7.35192e-06	0.970828
0.0011469	279.532	7.35192e-06	0.942773
0.0011616	268.718	7.35192e-06	0.920386
0.00117631	258.215	7.35192e-06	0.89402
0.00119101	247.896	7.35192e-06	0.872183
0.00120571	237.892	7.35192e-06	0.845303
0.00122042	227.99	7.35192e-06	0.823149
0.00123512	218.53	7.35192e-06	0.801588
0.00124983	209.351	7.35192e-06	0.782413
0.00126453	199.872	7.35192e-06	0.750413
0.00127923	191.111	7.35192e-06	0.727071
0.00129394	182.561	7.35192e-06	0.700141
0.00130864	174.42	7.35192e-06	0.682118
0.00132335	166.293	7.35192e-06	0.651548
0.00133805	158.847	7.35192e-06	0.63307
0.00135275	151.467	7.35192e-06	0.615291
0.00136746	144.304	7.35192e-06	0.596593
0.00138216	137.49	7.35192e-06	0.580148
0.00139686	130.653	7.35192e-06	0.562916
0.00141157	124.304	7.35192e-06	0.54893
0.00142627	117.942	7.35192e-06	0.532211
0.00144098	111.941	7.35192e-06	0.517475
0.00145568	106.116	7.35192e-06	0.505167
0.00147038	100.447	7.35192e-06	0.482126
0.00148509	95.2734	7.35192e-06	0.471839
0.00149979	90.1089	7.35192e-06	0.454809
0.0015145	85.3237	7.35192e-06	0.444306
0.0015292	80.5469	7.35192e-06	0.43202
0.0015439	76.0353	7.35192e-06	0.417643
0.00155861	71.8363	7.35192e-06	0.408265
0.00157331	67.778	7.35192e-06	0.399182
0.00158801	63.7737	7.35192e-06	0.380979
0.00160272	60.0928	7.35192e-06	0.37097
0.00161742	56.4056	7.35192e-06	0.35749
0.00163213	52.9543	7.35192e-06	0.347341
0.00164683	49.8092	7.35192e-06	0.337472
0.00166153	46.7319	7.35192e-06	0.329373
0.00167624	43.9209	7.35192e-06	0.323221
0.00169094	41.2134	7.35192e-06	0.313036
0.00170565	38.6494	7.35192e-06	0.306538
0.00172035	36.0142	7.35192e-06	0.284505
0.00173505	33.5229	7.35192e-06	0.255745
0.00174976	31.3064	7.35192e-06	0.248751
0.00176446	29.1744	7.35192e-06	0.236501
0.00177916	27.1948	7.35192e-06	0.230862
0.00179387	25.2424	7.35192e-06	0.224413
0.00180857	23.4349	7.35192e-06	0.216164
0.00182328	21.7397	7.35192e-06	0.21045
0.00183798	20.2665	7.35192e-06	0.206172
0.00185268	18.8324	7.35192e-06	0.202108
0.00186739	17.4258	7.35192e-06	0.196663
0.00188209	15.9354	7.35192e-06	0.148157
0.0018968	14.6355	7.35192e-06	0.129516
0.0019115	13.5162	7.35192e-06	0.124602
0.0019262	12.4349	7.35192e-06	0.117055
0.00194091	11.4275	7.35192e-06	0.11201
0.00195561	10.4496	7.35192e-06	0.101069
0.00197031	9.54763	7.35192e-06	0.0964991
0.00198502	8.75104	7.35192e-06	0.0920777
0.00199972	8.03505	7.35192e-06	0.0879222
0.00201443	7.35831	7.35192e-06	0.0846688
0.00202913	6.68947	7.35192e-06	0.0800692
0.00204383	6.11155	7.35192e-06	0.0759956
0.00205854	5.56579	7.35192e-06	0.0728244
0.00207324	5.08786	7.35192e-06	0.0699887
0.00208795	4.64558	7.35192e-06	0.0676986
0.00210265	4.20868	7.35192e-06	0.0647231
0.00211735	3.80549	7.35192e-06	0.0617336
0.00213206	3.43357	7.35192e-06	0.0586957
0.00214676	3.09893	7.35192e-06	0.0563908
0.00216146	2.74652	7.35192e-06	0.0489083
0.00217617	2.43138	7.35192e-06	0.0447779
0.00219087	2.16457	7.35192e-06	0.0427544
0.00220558	1.93118	7.35192e-06	0.0403287
0.00222028	1.72157	7.35192e-06	0.0361958
0.00223498	1.5339	7.35192e-06	0.0345016
0.00224969	1.37641	7.35192e-06	0.03308
0.00226439	1.22022	7.35192e-06	0.030489
0.0022791	1.07181	7.35192e-06	0.0286352
0.0022938	0.919641	7.35192e-06	0.0242899
0.0023085	0.784687	7.35192e-06	0.0219677
0.00232321	0.666613	7.35192e-06	0.0191218
0.00233791	0.576282	7.35192e-06	0.0176568
0.00235261	0.48718	7.35192e-06	0.0154765
0.00236732	0.401957	7.35192e-06	0.0138005
0.00238202	0.330636	7.35192e-06	0.0122801
0.00239673	0.267285	7.35192e-06	0.0106591
0.00241143	0.216971	7.35192e-06	0.00931145
0.00242613	0.167851	7.35192e-06	0.00795799
0.00244084	0.132182	7.35192e-06	0.0068931
0.00245554	0.102647	7.35192e-06	0.00605228
0.00247025	0.0794507	7.35192e-06	0.00527944
0.00248495	0.0580475	7.35192e-06	0.00448603
0.00249965	0.0426303	7.35192e-06	0.00385439
0.00251436	0.0251472	7.35192e-06	0.00291099
0.00252906	0.0132064	7.35192e-06	0.00203429
0.00254376	0.00756548	7.35192e-06	0.00150339
0.00255847	0.00209089	7.35192e-06	0.000792969
0.00257317	0.00060334	7.35192e-06	0.000426646
