0	1233.23	7.26396e-06	5.41012
1.45279e-05	1232.55	7.26396e-06	5.22682
2.90558e-05	1231.67	7.26396e-06	5.19023
4.35838e-05	1229.92	7.26396e-06	5.12654
5.81117e-05	1227.76	7.26396e-06	5.08358
7.26396e-05	1224.94	7.26396e-06	5.0349
8.71675e-05	1221.66	7.26396e-06	4.99333
0.000101695	1217.28	7.26396e-06	4.94021
0.000116223	1212.7	7.26396e-06	4.89585
0.000130751	1207.23	7.26396e-06	4.84316
0.000145279	1201.18	7.26396e-06	4.7887
0.000159807	1194.53	7.26396e-06	4.73365
0.000174335	1187.29	7.26396e-06	4.6818
0.000188863	1179.49	7.26396e-06	4.6305
0.000203391	1171.75	7.26396e-06	4.58309
0.000217919	1163.55	7.26396e-06	4.54069
0.000232447	1151.58	7.26396e-06	3.85417
0.000246975	1142.17	7.26396e-06	3.79936
0.000261503	1132.41	7.26396e-06	3.74684
0.000276031	1122.04	7.26396e-06	3.68888
0.000290558	1111.42	7.26396e-06	3.63713
0.000305086	1100.79	7.26396e-06	3.59173
0.000319614	1089.28	7.26396e-06	3.54169
0.000334142	1076.9	7.26396e-06	3.47824
0.00034867	1064.52	7.26396e-06	3.41973
0.000363198	1051.67	7.26396e-06	3.35619
0.000377726	1038.74	7.26396e-06	3.30523
0.000392254	1024.92	7.26396e-06	3.2496
0.000406782	1011.22	7.26396e-06	3.19731
0.00042131	998.069	7.26396e-06	3.15505
0.000435838	983.772	7.26396e-06	3.10053
0.000450366	969.791	7.26396e-06	3.05169
0.000464894	954.114	7.26396e-06	2.94586
0.000479421	939.814	7.26396e-06	2.90266
0.000493949	924.05	7.26396e-06	2.80929
0.000508477	907.879	7.26396e-06	2.73931
0.000523005	892.32	7.26396e-06	2.68973
0.000537533	877.109	7.26396e-06	2.64449
0.000552061	860.608	7.26396e-06	2.58063
0.000566589	844.744	7.26396e-06	2.5283
0.000581117	828.738	7.26396e-06	2.48164
0.000595645	812.799	7.26396e-06	2.43747
0.000610173	796.464	7.26396e-06	2.39074
0.000624701	780.551	7.26396e-06	2.34926
0.000639229	764.405	7.26396e-06	2.308
0.000653757	748.495	7.26396e-06	2.2689
0.000668284	732.308	7.26396e-06	2.22951
0.000682812	715.764	7.26396e-06	2.18535
0.00069734	699.074	7.26396e-06	2.11662
0.000711868	682.708	7.26396e-06	2.07521
0.000726396	666.145	7.26396e-06	2.02475
0.000740924	649.812	7.26396e-06	1.98075
0.000755452	633.25	7.26396e-06	1.93107
0.00076998	616.407	7.26396e-06	1.87462
0.000784508	599.842	7.26396e-06	1.82281
0.000799036	583.851	7.26396e-06	1.78159
0.000813564	567.883	7.26396e-06	1.73041
0.000828092	552.409	7.26396e-06	1.69492
0.00084262	537.012	7.26396e-06	1.66233
0.000857147	521.599	7.26396e-06	1.61852
0.000871675	506.951	7.26396e-06	1.58606
0.000886203	492.59	7.26396e-06	1.55861
0.000900731	477.681	7.26396e-06	1.52637
0.000915259	463.446	7.26396e-06	1.49694
0.000929787	449.097	7.26396e-06	1.46704
0.000944315	434.653	7.26396e-06	1.43339
0.000958843	420.81	7.26396e-06	1.40522
0.000973371	406.917	7.26396e-06	1.35648
0.000987899	393.24	7.26396e-06	1.3284
0.00100243	379.853	7.26396e-06	1.30111
0.00101695	366.251	7.26396e-06	1.25951
0.00103148	353.231	7.26396e-06	1.23149
0.00104601	340.828	7.26396e-06	1.20951
0.00106054	328.629	7.26396e-06	1.18562
0.00107507	315.844	7.26396e-06	1.10462
0.00108959	304.093	7.26396e-06	1.08231
0.00110412	292.509	7.26396e-06	1.05663
0.00111865	281.271	7.26396e-06	1.03607
0.00113318	270.164	7.26396e-06	1.01178
0.00114771	259.496	7.26396e-06	0.990403
0.00116223	248.088	7.26396e-06	0.86896
0.00117676	238.017	7.26396e-06	0.845069
0.00119129	228.092	7.26396e-06	0.817602
0.00120582	218.275	7.26396e-06	0.789037
0.00122035	208.869	7.26396e-06	0.76774
0.00123487	199.724	7.26396e-06	0.747672
0.0012494	190.984	7.26396e-06	0.726566
0.00126393	182.456	7.26396e-06	0.703586
0.00127846	174.292	7.26396e-06	0.687544
0.00129299	166.399	7.26396e-06	0.671627
0.00130751	158.74	7.26396e-06	0.656941
0.00132204	151.372	7.26396e-06	0.643023
0.00133657	143.764	7.26396e-06	0.606877
0.0013511	136.633	7.26396e-06	0.581685
0.00136562	129.907	7.26396e-06	0.567692
0.00138015	123.497	7.26396e-06	0.555119
0.00139468	117.122	7.26396e-06	0.537883
0.00140921	111.2	7.26396e-06	0.52428
0.00142374	105.742	7.26396e-06	0.514013
0.00143826	100.093	7.26396e-06	0.497109
0.00145279	94.7927	7.26396e-06	0.486578
0.00146732	89.6787	7.26396e-06	0.473826
0.00148185	84.8529	7.26396e-06	0.464886
0.00149638	80.3005	7.26396e-06	0.457217
0.0015109	75.7543	7.26396e-06	0.443529
0.00152543	71.4737	7.26396e-06	0.431882
0.00153996	67.4409	7.26396e-06	0.423407
0.00155449	63.6357	7.26396e-06	0.417251
0.00156902	59.9781	7.26396e-06	0.405206
0.00158354	56.4389	7.26396e-06	0.396255
0.00159807	52.5876	7.26396e-06	0.256029
0.0016126	49.401	7.26396e-06	0.244273
0.00162713	46.3805	7.26396e-06	0.231693
0.00164166	43.5325	7.26396e-06	0.223537
0.00165618	40.8009	7.26396e-06	0.215406
0.00167071	38.307	7.26396e-06	0.207588
0.00168524	35.7944	7.26396e-06	0.199701
0.00169977	33.4953	7.26396e-06	0.192973
0.00171429	31.2445	7.26396e-06	0.183418
0.00172882	29.1154	7.26396e-06	0.176637
0.00174335	27.1403	7.26396e-06	0.170784
0.00175788	25.2837	7.26396e-06	0.157715
0.00177241	23.5059	7.26396e-06	0.15099
0.00178693	21.7471	7.26396e-06	0.14409
0.00180146	20.1678	7.26396e-06	0.137765
0.00181599	18.7177	7.26396e-06	0.131546
0.00183052	17.406	7.26396e-06	0.127376
0.00184505	16.1629	7.26396e-06	0.122896
0.00185957	14.8958	7.26396e-06	0.113121
0.0018741	13.7704	7.26396e-06	0.10846
0.00188863	12.7417	7.26396e-06	0.104302
0.00190316	11.7769	7.26396e-06	0.10085
0.00191769	10.8614	7.26396e-06	0.0969337
0.00193221	10.0054	7.26396e-06	0.0934151
0.00194674	9.1586	7.26396e-06	0.0881699
0.00196127	8.38457	7.26396e-06	0.0834932
0.0019758	7.70311	7.26396e-06	0.0804673
0.00199033	7.0755	7.26396e-06	0.0776413
0.00200485	6.43521	7.26396e-06	0.0693121
0.00201938	5.864	7.26396e-06	0.0660779
0.00203391	5.35565	7.26396e-06	0.0636379
0.00204844	4.88123	7.26396e-06	0.0611204
0.00206297	4.40118	7.26396e-06	0.0564742
0.00207749	3.9776	7.26396e-06	0.0540054
0.00209202	3.60118	7.26396e-06	0.0503237
0.00210655	3.20179	7.26396e-06	0.0394279
0.00212108	2.87838	7.26396e-06	0.0372427
0.0021356	2.58392	7.26396e-06	0.0348151
0.00215013	2.32246	7.26396e-06	0.0328409
0.00216466	2.06895	7.26396e-06	0.0308775
0.00217919	1.82288	7.26396e-06	0.0282891
0.00219372	1.6238	7.26396e-06	0.0263925
0.00220824	1.42057	7.26396e-06	0.0242404
0.00222277	1.24303	7.26396e-06	0.0224612
0.0022373	1.09697	7.26396e-06	0.0209013
0.00225183	0.960847	7.26396e-06	0.0190698
0.00226636	0.841624	7.26396e-06	0.01773
0.00228088	0.738124	7.26396e-06	0.0165064
0.00229541	0.643774	7.26396e-06	0.0153879
0.00230994	0.559886	7.26396e-06	0.014232
0.00232447	0.472422	7.26396e-06	0.0128571
0.002339	0.405423	7.26396e-06	0.0118265
0.00235352	0.344931	7.26396e-06	0.0108306
0.00236805	0.282699	7.26396e-06	0.00967825
0.00238258	0.236672	7.26396e-06	0.00881301
0.00239711	0.188392	7.26396e-06	0.00774359
0.00241164	0.159284	7.26396e-06	0.00711773
0.00242616	0.122995	7.26396e-06	0.00622093
0.00244069	0.0980042	7.26396e-06	0.00554037
0.00245522	0.0765783	7.26396e-06	0.0048746
0.00246975	0.0595329	7.26396e-06	0.00426184
0.00248427	0.040465	7.26396e-06	0.00341007
0.0024988	0.0265727	7.26396e-06	0.00275519
0.00251333	0.0193905	7.26396e-06	0.00237384
0.00252786	0.0104882	7.26396e-06	0.00169729
0.00254239	0.00581855	7.26396e-06	0.00121999
0.00255691	0.00250328	7.26396e-06	0.000794044
0.00257144	0.000241623	7.26396e-06	0.000241627
