0	1195.46	7.31894e-06	4.83378
1.46379e-05	1194.46	7.31894e-06	4.35377
2.92758e-05	1193.9	7.31894e-06	4.33478
4.39136e-05	1192.56	7.31894e-06	4.29589
5.85515e-05	1190.78	7.31894e-06	4.26066
7.31894e-05	1188.39	7.31894e-06	4.22211
8.78273e-05	1185.41	7.31894e-06	4.18117
0.000102465	1181.66	7.31894e-06	4.13233
0.000117103	1176.98	7.31894e-06	4.06996
0.000131741	1172.41	7.31894e-06	4.02119
0.000146379	1167.18	7.31894e-06	3.97556
0.000161017	1161.87	7.31894e-06	3.93722
0.000175655	1155.66	7.31894e-06	3.8898
0.000190292	1148.36	7.31894e-06	3.83328
0.00020493	1140.77	7.31894e-06	3.77906
0.000219568	1133.19	7.31894e-06	3.73467
0.000234206	1125.04	7.31894e-06	3.68894
0.000248844	1116.62	7.31894e-06	3.64484
0.000263482	1108.03	7.31894e-06	3.60437
0.00027812	1098.62	7.31894e-06	3.55772
0.000292758	1088.99	7.31894e-06	3.51446
0.000307396	1078.69	7.31894e-06	3.46948
0.000322033	1068.57	7.31894e-06	3.42936
0.000336671	1057.53	7.31894e-06	3.38332
0.000351309	1046.28	7.31894e-06	3.33926
0.000365947	1034.6	7.31894e-06	3.29294
0.000380585	1022.05	7.31894e-06	3.24145
0.000395223	1009.49	7.31894e-06	3.19603
0.000409861	996.847	7.31894e-06	3.15166
0.000424499	984.09	7.31894e-06	3.10853
0.000439136	971.047	7.31894e-06	3.06678
0.000453774	957.84	7.31894e-06	3.02564
0.000468412	943.866	7.31894e-06	2.98002
0.00048305	929.787	7.31894e-06	2.93768
0.000497688	915.541	7.31894e-06	2.89346
0.000512326	901.104	7.31894e-06	2.85046
0.000526964	886.266	7.31894e-06	2.80312
0.000541602	871.186	7.31894e-06	2.75639
0.000556239	855.253	7.31894e-06	2.66697
0.000570877	840.276	7.31894e-06	2.62577
0.000585515	825.224	7.31894e-06	2.58169
0.000600153	809.207	7.31894e-06	2.51258
0.000614791	793.833	7.31894e-06	2.46826
0.000629429	778.282	7.31894e-06	2.42193
0.000644067	762.548	7.31894e-06	2.38164
0.000658705	746.642	7.31894e-06	2.3326
0.000673343	731.241	7.31894e-06	2.29479
0.00068798	715.666	7.31894e-06	2.25973
0.000702618	700.25	7.31894e-06	2.22164
0.000717256	684.139	7.31894e-06	2.17607
0.000731894	668.268	7.31894e-06	2.13728
0.000746532	652.417	7.31894e-06	2.09649
0.00076117	636.229	7.31894e-06	2.04567
0.000775808	620.914	7.31894e-06	2.01248
0.000790446	605.635	7.31894e-06	1.98015
0.000805083	589.26	7.31894e-06	1.85135
0.000819721	574.195	7.31894e-06	1.82084
0.000834359	558.731	7.31894e-06	1.78329
0.000848997	542.883	7.31894e-06	1.70394
0.000863635	528.042	7.31894e-06	1.67182
0.000878273	513.115	7.31894e-06	1.64093
0.000892911	498.452	7.31894e-06	1.60797
0.000907549	483.896	7.31894e-06	1.57702
0.000922187	469.97	7.31894e-06	1.5508
0.000936824	454.847	7.31894e-06	1.45592
0.000951462	441.101	7.31894e-06	1.43036
0.0009661	427.018	7.31894e-06	1.39032
0.000980738	413.456	7.31894e-06	1.36241
0.000995376	400.107	7.31894e-06	1.33283
0.00101001	386.596	7.31894e-06	1.30231
0.00102465	373.581	7.31894e-06	1.2767
0.00103929	360.603	7.31894e-06	1.25185
0.00105393	348.022	7.31894e-06	1.22769
0.00106857	335.594	7.31894e-06	1.19431
0.0010832	323.041	7.31894e-06	1.16053
0.00109784	311.206	7.31894e-06	1.13295
0.00111248	299.719	7.31894e-06	1.10979
0.00112712	288.381	7.31894e-06	1.08968
0.00114175	277.562	7.31894e-06	1.07099
0.00115639	266.974	7.31894e-06	1.05048
0.00117103	256.179	7.31894e-06	1.00713
0.00118567	245.756	7.31894e-06	0.95983
0.00120031	236.131	7.31894e-06	0.944187
0.00121494	226.117	7.31894e-06	0.921407
0.00122958	216.526	7.31894e-06	0.901273
0.00124422	207.739	7.31894e-06	0.888484
0.00125886	199.095	7.31894e-06	0.874944
0.0012735	189.629	7.31894e-06	0.743938
0.00128813	181.35	7.31894e-06	0.728802
0.00130277	172.987	7.31894e-06	0.7083
0.00131741	165.106	7.31894e-06	0.692031
0.00133205	157.472	7.31894e-06	0.675303
0.00134669	150.068	7.31894e-06	0.657788
0.00136132	142.881	7.31894e-06	0.639071
0.00137596	136.132	7.31894e-06	0.628044
0.0013906	129.47	7.31894e-06	0.6134
0.00140524	123.203	7.31894e-06	0.602008
0.00141987	116.974	7.31894e-06	0.588426
0.00143451	111.058	7.31894e-06	0.573949
0.00144915	105.241	7.31894e-06	0.537658
0.00146379	99.6949	7.31894e-06	0.518563
0.00147843	94.3366	7.31894e-06	0.494954
0.00149306	89.2215	7.31894e-06	0.477687
0.0015077	84.3404	7.31894e-06	0.466066
0.00152234	79.8538	7.31894e-06	0.457954
0.00153698	75.4888	7.31894e-06	0.449113
0.00155162	71.1891	7.31894e-06	0.431225
0.00156625	67.2084	7.31894e-06	0.423208
0.00158089	63.2993	7.31894e-06	0.412151
0.00159553	59.5359	7.31894e-06	0.402817
0.00161017	56.0918	7.31894e-06	0.395372
0.0016248	52.6727	7.31894e-06	0.387876
0.00163944	49.1949	7.31894e-06	0.372105
0.00165408	45.9362	7.31894e-06	0.344788
0.00166872	42.9631	7.31894e-06	0.324792
0.00168336	40.2779	7.31894e-06	0.318746
0.00169799	37.6678	7.31894e-06	0.312684
0.00171263	35.1687	7.31894e-06	0.306745
0.00172727	32.9153	7.31894e-06	0.302284
0.00174191	30.6841	7.31894e-06	0.277562
0.00175655	28.7289	7.31894e-06	0.273784
0.00177118	26.4583	7.31894e-06	0.195518
0.00178582	24.5494	7.31894e-06	0.175407
0.00180046	22.7514	7.31894e-06	0.166284
0.0018151	21.2035	7.31894e-06	0.160165
0.00182974	19.7243	7.31894e-06	0.155599
0.00184437	18.373	7.31894e-06	0.151444
0.00185901	16.9576	7.31894e-06	0.136304
0.00187365	15.6403	7.31894e-06	0.130246
0.00188829	14.4209	7.31894e-06	0.121745
0.00190292	13.2816	7.31894e-06	0.112004
0.00191756	12.2457	7.31894e-06	0.107724
0.0019322	11.2966	7.31894e-06	0.10332
0.00194684	10.3041	7.31894e-06	0.0956642
0.00196148	9.46256	7.31894e-06	0.0908454
0.00197611	8.70914	7.31894e-06	0.0875975
0.00199075	8.01595	7.31894e-06	0.0835354
0.00200539	7.34001	7.31894e-06	0.0799401
0.00202003	6.71156	7.31894e-06	0.0766139
0.00203467	6.10038	7.31894e-06	0.0729908
0.0020493	5.52336	7.31894e-06	0.0661709
0.00206394	5.01979	7.31894e-06	0.0628802
0.00207858	4.55555	7.31894e-06	0.0601153
0.00209322	4.15698	7.31894e-06	0.0579655
0.00210785	3.77636	7.31894e-06	0.0553052
0.00212249	3.39115	7.31894e-06	0.0516182
0.00213713	3.02849	7.31894e-06	0.0454906
0.00215177	2.72551	7.31894e-06	0.0432076
0.00216641	2.4677	7.31894e-06	0.0410501
0.00218104	2.19757	7.31894e-06	0.0387084
0.00219568	1.94168	7.31894e-06	0.0355418
0.00221032	1.7351	7.31894e-06	0.0333117
0.00222496	1.55067	7.31894e-06	0.0304389
0.0022396	1.36398	7.31894e-06	0.0282334
0.00225423	1.1909	7.31894e-06	0.0260507
0.00226887	1.02755	7.31894e-06	0.0229873
0.00228351	0.891097	7.31894e-06	0.021356
0.00229815	0.773124	7.31894e-06	0.0199916
0.00231279	0.660325	7.31894e-06	0.0170438
0.00232742	0.563403	7.31894e-06	0.0155795
0.00234206	0.475103	7.31894e-06	0.0136365
0.0023567	0.409278	7.31894e-06	0.0125464
0.00237134	0.344738	7.31894e-06	0.0114167
0.00238597	0.280146	7.31894e-06	0.0100974
0.00240061	0.229787	7.31894e-06	0.00897819
0.00241525	0.182761	7.31894e-06	0.00795263
0.00242989	0.149398	7.31894e-06	0.00716739
0.00244453	0.118273	7.31894e-06	0.00630827
0.00245916	0.0954425	7.31894e-06	0.00567232
0.0024738	0.0717051	7.31894e-06	0.0048446
0.00248844	0.048015	7.31894e-06	0.00390035
0.00250308	0.0325005	7.31894e-06	0.00321097
0.00251772	0.019432	7.31894e-06	0.00245428
0.00253235	0.0109951	7.31894e-06	0.00182851
0.00254699	0.00397311	7.31894e-06	0.00103737
0.00256163	0.00134447	7.31894e-06	0.00060798
