0	1104.39	7.29901e-06	3.58173
1.4598e-05	1103.89	7.29901e-06	3.42991
2.9196e-05	1103.76	7.29901e-06	3.42829
4.3794e-05	1102.97	7.29901e-06	3.40433
5.83921e-05	1102.03	7.29901e-06	3.39091
7.29901e-05	1100.78	7.29901e-06	3.37476
8.75881e-05	1099.14	7.29901e-06	3.35643
0.000102186	1096.74	7.29901e-06	3.32897
0.000116784	1094.45	7.29901e-06	3.31051
0.000131382	1091.8	7.29901e-06	3.29023
0.00014598	1088.39	7.29901e-06	3.26052
0.000160578	1084.69	7.29901e-06	3.23174
0.000175176	1080.85	7.29901e-06	3.20819
0.000189774	1076.71	7.29901e-06	3.18544
0.000204372	1071.93	7.29901e-06	3.15389
0.00021897	1067.29	7.29901e-06	3.1307
0.000233568	1061.5	7.29901e-06	3.09345
0.000248166	1056.27	7.29901e-06	3.07147
0.000262764	1050.03	7.29901e-06	3.04266
0.000277362	1044.02	7.29901e-06	3.01939
0.00029196	1037.1	7.29901e-06	2.98227
0.000306558	1029.38	7.29901e-06	2.9289
0.000321156	1021.05	7.29901e-06	2.87023
0.000335754	1012.57	7.29901e-06	2.83028
0.000350352	1003.97	7.29901e-06	2.78339
0.00036495	995.188	7.29901e-06	2.7473
0.000379548	986.289	7.29901e-06	2.71473
0.000394146	977.135	7.29901e-06	2.68115
0.000408744	967.789	7.29901e-06	2.64154
0.000423342	957.569	7.29901e-06	2.59497
0.00043794	947.309	7.29901e-06	2.56084
0.000452538	937.255	7.29901e-06	2.52955
0.000467136	926.9	7.29901e-06	2.50013
0.000481734	916.051	7.29901e-06	2.46922
0.000496332	904.786	7.29901e-06	2.43486
0.00051093	893.506	7.29901e-06	2.40343
0.000525528	881.532	7.29901e-06	2.36497
0.000540127	869.38	7.29901e-06	2.33106
0.000554725	856.819	7.29901e-06	2.28706
0.000569323	844.385	7.29901e-06	2.25004
0.000583921	831.476	7.29901e-06	2.21207
0.000598519	818.283	7.29901e-06	2.17359
0.000613117	805.535	7.29901e-06	2.14388
0.000627715	792.338	7.29901e-06	2.11079
0.000642313	778.73	7.29901e-06	2.07582
0.000656911	765.334	7.29901e-06	2.04467
0.000671509	751.612	7.29901e-06	2.00941
0.000686107	738.168	7.29901e-06	1.97855
0.000700705	724.28	7.29901e-06	1.94523
0.000715303	710.12	7.29901e-06	1.9038
0.000729901	695.871	7.29901e-06	1.87112
0.000744499	681.208	7.29901e-06	1.8326
0.000759097	666.636	7.29901e-06	1.7982
0.000773695	652.579	7.29901e-06	1.76861
0.000788293	638.394	7.29901e-06	1.73819
0.000802891	624.255	7.29901e-06	1.70838
0.000817489	609.653	7.29901e-06	1.66577
0.000832087	595.186	7.29901e-06	1.63463
0.000846685	579.668	7.29901e-06	1.53702
0.000861283	565.264	7.29901e-06	1.50597
0.000875881	550.734	7.29901e-06	1.46999
0.000890479	536.557	7.29901e-06	1.4392
0.000905077	522.422	7.29901e-06	1.4069
0.000919675	508.179	7.29901e-06	1.37521
0.000934273	493.87	7.29901e-06	1.34234
0.000948871	479.874	7.29901e-06	1.3128
0.000963469	466.271	7.29901e-06	1.28494
0.000978067	452.796	7.29901e-06	1.25823
0.000992665	439.199	7.29901e-06	1.23176
0.00100726	425.654	7.29901e-06	1.19963
0.00102186	412.439	7.29901e-06	1.17354
0.00103646	399.612	7.29901e-06	1.1496
0.00105106	386.386	7.29901e-06	1.11658
0.00106566	373.702	7.29901e-06	1.09041
0.00108025	361.12	7.29901e-06	1.05921
0.00109485	348.787	7.29901e-06	1.03345
0.00110945	336.506	7.29901e-06	1.00493
0.00112405	324.633	7.29901e-06	0.969615
0.00113865	312.992	7.29901e-06	0.942506
0.00115324	301.597	7.29901e-06	0.919927
0.00116784	290.192	7.29901e-06	0.891527
0.00118244	279.344	7.29901e-06	0.871432
0.00119704	268.767	7.29901e-06	0.848423
0.00121164	258.121	7.29901e-06	0.793814
0.00122623	247.893	7.29901e-06	0.773909
0.00124083	237.856	7.29901e-06	0.751306
0.00125543	228.043	7.29901e-06	0.727534
0.00127003	218.797	7.29901e-06	0.711364
0.00128463	209.544	7.29901e-06	0.692418
0.00129922	200.771	7.29901e-06	0.675973
0.00131382	192.052	7.29901e-06	0.653236
0.00132842	183.689	7.29901e-06	0.637044
0.00134302	175.619	7.29901e-06	0.622431
0.00135762	167.69	7.29901e-06	0.6067
0.00137221	160.078	7.29901e-06	0.592799
0.00138681	152.652	7.29901e-06	0.578119
0.00140141	145.538	7.29901e-06	0.564466
0.00141601	138.605	7.29901e-06	0.551996
0.00143061	131.813	7.29901e-06	0.537236
0.0014452	125.509	7.29901e-06	0.527036
0.0014598	119.067	7.29901e-06	0.51084
0.0014744	113.041	7.29901e-06	0.497762
0.001489	107.235	7.29901e-06	0.486818
0.0015036	101.73	7.29901e-06	0.477339
0.00151819	96.316	7.29901e-06	0.467449
0.00153279	91.1134	7.29901e-06	0.456775
0.00154739	85.629	7.29901e-06	0.34798
0.00156199	80.9263	7.29901e-06	0.335918
0.00157659	76.4766	7.29901e-06	0.324003
0.00159118	72.1645	7.29901e-06	0.313459
0.00160578	68.117	7.29901e-06	0.303829
0.00162038	64.2936	7.29901e-06	0.295413
0.00163498	60.512	7.29901e-06	0.285108
0.00164958	56.9331	7.29901e-06	0.274887
0.00166417	53.4723	7.29901e-06	0.26628
0.00167877	50.2271	7.29901e-06	0.256747
0.00169337	47.1953	7.29901e-06	0.248484
0.00170797	44.3612	7.29901e-06	0.242038
0.00172257	41.5144	7.29901e-06	0.232639
0.00173716	38.9611	7.29901e-06	0.224091
0.00175176	36.3828	7.29901e-06	0.213899
0.00176636	34.0215	7.29901e-06	0.206476
0.00178096	31.7006	7.29901e-06	0.196419
0.00179556	29.5628	7.29901e-06	0.190985
0.00181015	27.6102	7.29901e-06	0.185978
0.00182475	25.6712	7.29901e-06	0.173882
0.00183935	23.8829	7.29901e-06	0.167076
0.00185395	22.0902	7.29901e-06	0.159415
0.00186855	20.5025	7.29901e-06	0.154591
0.00188314	19.0128	7.29901e-06	0.150047
0.00189774	17.5354	7.29901e-06	0.14373
0.00191234	16.1669	7.29901e-06	0.135659
0.00192694	14.8976	7.29901e-06	0.129261
0.00194154	13.7668	7.29901e-06	0.125282
0.00195613	12.6715	7.29901e-06	0.117598
0.00197073	11.6586	7.29901e-06	0.112979
0.00198533	10.7401	7.29901e-06	0.109584
0.00199993	9.84819	7.29901e-06	0.106248
0.00201453	9.03677	7.29901e-06	0.102844
0.00202912	8.26202	7.29901e-06	0.09929
0.00204372	7.55044	7.29901e-06	0.0958454
0.00205832	6.86849	7.29901e-06	0.0914124
0.00207292	6.25302	7.29901e-06	0.087529
0.00208752	5.71462	7.29901e-06	0.0848449
0.00210211	5.18688	7.29901e-06	0.0817846
0.00211671	4.70304	7.29901e-06	0.0793155
0.00213131	4.24852	7.29901e-06	0.0768361
0.00214591	3.84442	7.29901e-06	0.0750335
0.00216051	3.45608	7.29901e-06	0.0731928
0.0021751	3.13508	7.29901e-06	0.0718664
0.0021897	2.80274	7.29901e-06	0.0704498
0.0022043	2.53077	7.29901e-06	0.0689637
0.0022189	2.23417	7.29901e-06	0.0674811
0.0022335	1.9395	7.29901e-06	0.0331123
0.00224809	1.73811	7.29901e-06	0.0311764
0.00226269	1.5307	7.29901e-06	0.0289192
0.00227729	1.34865	7.29901e-06	0.0271559
0.00229189	1.19384	7.29901e-06	0.0256482
0.00230649	1.04759	7.29901e-06	0.024198
0.00232108	0.891318	7.29901e-06	0.0214974
0.00233568	0.759614	7.29901e-06	0.0194708
0.00235028	0.640671	7.29901e-06	0.0174892
0.00236488	0.546449	7.29901e-06	0.0160264
0.00237948	0.460085	7.29901e-06	0.0144471
0.00239407	0.384431	7.29901e-06	0.0132184
0.00240867	0.314125	7.29901e-06	0.0118088
0.00242327	0.247339	7.29901e-06	0.0103925
0.00243787	0.194393	7.29901e-06	0.00916821
0.00245247	0.152884	7.29901e-06	0.00819248
0.00246706	0.115826	7.29901e-06	0.00700098
0.00248166	0.0854095	7.29901e-06	0.00602822
0.00249626	0.0600829	7.29901e-06	0.00489556
0.00251086	0.0388724	7.29901e-06	0.00389469
0.00252546	0.0237264	7.29901e-06	0.00292632
0.00254005	0.0120381	7.29901e-06	0.0020833
0.00255465	0.00500337	7.29901e-06	0.00134638
0.00256925	0.00188049	7.29901e-06	0.00084245
