7.33228e-06	0.074817	7.33228e-06	0.0529533
2.19968e-05	0.972027	7.33228e-06	0.210679
3.66614e-05	3.57964	7.33228e-06	0.609249
5.1326e-05	6.15199	7.33228e-06	0.744714
6.59905e-05	12.2687	7.33228e-06	1.71451
8.06551e-05	17.7204	7.33228e-06	2.20088
9.53196e-05	22.9533	7.33228e-06	1.64961
0.000109984	26.3238	7.33228e-06	1.65593
0.000124649	35.4121	7.33228e-06	2.2267
0.000139313	41.726	7.33228e-06	1.98483
0.000153978	48.9685	7.33228e-06	3.08067
0.000168642	58.3088	7.33228e-06	2.38396
0.000183307	84.6236	7.33228e-06	5.84779
0.000197972	87.2481	7.33228e-06	3.28326
0.000212636	98.4726	7.33228e-06	3.93518
0.000227301	116.276	7.33228e-06	4.64695
0.000241965	118.279	7.33228e-06	3.27094
0.00025663	136.805	7.33228e-06	4.39766
0.000271294	148.432	7.33228e-06	4.21621
0.000285959	167.627	7.33228e-06	4.21886
0.000300623	184.877	7.33228e-06	5.76799
0.000315288	201.335	7.33228e-06	5.17664
0.000329953	227.511	7.33228e-06	6.20019
0.000344617	227.33	7.33228e-06	5.51711
0.000359282	277.376	7.33228e-06	13.0187
0.000373946	270.674	7.33228e-06	5.63538
0.000388611	301.94	7.33228e-06	7.8021
0.000403275	300.436	7.33228e-06	7.66158
0.00041794	331.33	7.33228e-06	7.65086
0.000432605	345.104	7.33228e-06	7.34864
0.000447269	367.478	7.33228e-06	7.3514
0.000461934	395.609	7.33228e-06	8.1795
0.000476598	418.322	7.33228e-06	9.41647
0.000491263	423.268	7.33228e-06	7.15466
0.000505927	459.275	7.33228e-06	8.62727
0.000520592	486.586	7.33228e-06	12.0101
0.000535256	503.166	7.33228e-06	9.47795
0.000549921	502.337	7.33228e-06	8.57557
0.000564586	552.461	7.33228e-06	14.1934
0.00057925	574.503	7.33228e-06	12.3265
0.000593915	611.806	7.33228e-06	19.0296
0.000608579	579.902	7.33228e-06	8.67289
0.000623244	623.824	7.33228e-06	9.73932
0.000637908	619.262	7.33228e-06	8.92553
0.000652573	661.553	7.33228e-06	10.0653
0.000667237	678.615	7.33228e-06	12.1244
0.000681902	689.875	7.33228e-06	10.6264
0.000696567	733.865	7.33228e-06	20.3994
0.000711231	718.277	7.33228e-06	11.1477
0.000725896	720.654	7.33228e-06	10.896
0.00074056	841.52	7.33228e-06	65.2055
0.000755225	778.389	7.33228e-06	11.4856
0.000769889	781.72	7.33228e-06	11.228
0.000784554	815.028	7.33228e-06	13.6933
0.000799218	812.708	7.33228e-06	12.4159
0.000813883	834.9	7.33228e-06	13.585
0.000828548	830.123	7.33228e-06	13.5193
0.000843212	856.535	7.33228e-06	15.5853
0.000857877	834.171	7.33228e-06	11.3935
0.000872541	854.063	7.33228e-06	12.286
0.000887206	889.764	7.33228e-06	14.3581
0.00090187	899.005	7.33228e-06	13.3065
0.000916535	889.254	7.33228e-06	13.3309
0.0009312	890.375	7.33228e-06	11.7208
0.000945864	879.127	7.33228e-06	14.3644
0.000960529	991.511	7.33228e-06	43.6339
0.000975193	893.453	7.33228e-06	13.4662
0.000989858	909.305	7.33228e-06	16.5824
0.00100452	944.352	7.33228e-06	15.2047
0.00101919	892.1	7.33228e-06	11.4822
0.00103385	904.39	7.33228e-06	14.7538
0.00104852	900.709	7.33228e-06	14.8289
0.00106318	907.405	7.33228e-06	14.0604
0.00107785	910.294	7.33228e-06	14.0984
0.00109251	914.531	7.33228e-06	14.5406
0.00110717	898.001	7.33228e-06	18.4445
0.00112184	950.374	7.33228e-06	22.4962
0.0011365	854.148	7.33228e-06	11.8704
0.00115117	881.424	7.33228e-06	24.1317
0.00116583	838.708	7.33228e-06	12.0313
0.0011805	823.388	7.33228e-06	11.0123
0.00119516	864.696	7.33228e-06	27.2397
0.00120983	834.247	7.33228e-06	18.9224
0.00122449	809.851	7.33228e-06	12.6701
0.00123916	778.343	7.33228e-06	11.5606
0.00125382	803.805	7.33228e-06	14.5994
0.00126848	766.683	7.33228e-06	11.1096
0.00128315	768.43	7.33228e-06	14.9105
0.00129781	742.84	7.33228e-06	10.5612
0.00131248	865.995	7.33228e-06	94.1586
0.00132714	730.798	7.33228e-06	12.2245
0.00134181	707.752	7.33228e-06	13.8286
0.00135647	684.415	7.33228e-06	13.5821
0.00137114	681.036	7.33228e-06	13.097
0.0013858	653.425	7.33228e-06	10.973
0.00140047	639.211	7.33228e-06	12.0325
0.00141513	610.915	7.33228e-06	9.88788
0.00142979	578.509	7.33228e-06	9.30689
0.00144446	597.535	7.33228e-06	18.6034
0.00145912	570.231	7.33228e-06	11.1113
0.00147379	534.948	7.33228e-06	8.62971
0.00148845	534.064	7.33228e-06	9.40576
0.00150312	496.489	7.33228e-06	9.38535
0.00151778	505.636	7.33228e-06	10.0911
0.00153245	502.262	7.33228e-06	10.2757
0.00154711	461.531	7.33228e-06	8.3849
0.00156178	452.675	7.33228e-06	8.15392
0.00157644	458.759	7.33228e-06	11.8987
0.0015911	419.117	7.33228e-06	8.07009
0.00160577	416.876	7.33228e-06	8.66735
0.00162043	398.706	7.33228e-06	11.4064
0.0016351	389.834	7.33228e-06	7.85049
0.00164976	353.4	7.33228e-06	8.04728
0.00166443	345.358	7.33228e-06	8.15554
0.00167909	324.045	7.33228e-06	9.69636
0.00169376	310.271	7.33228e-06	7.01318
0.00170842	315.376	7.33228e-06	10.1231
0.00172309	292.14	7.33228e-06	7.3558
0.00173775	282.217	7.33228e-06	7.73595
0.00175241	274.943	7.33228e-06	8.58698
0.00176708	264.437	7.33228e-06	7.88881
0.00178174	237.497	7.33228e-06	6.17125
0.00179641	235.012	7.33228e-06	6.27118
0.00181107	211.378	7.33228e-06	5.84174
0.00182574	202.324	7.33228e-06	5.57881
0.0018404	197.427	7.33228e-06	6.25224
0.00185507	186.624	7.33228e-06	6.11308
0.00186973	174.016	7.33228e-06	5.22764
0.0018844	167.225	7.33228e-06	5.40444
0.00189906	153.455	7.33228e-06	4.2758
0.00191372	159.867	7.33228e-06	6.84483
0.00192839	149.062	7.33228e-06	5.11953
0.00194305	140.761	7.33228e-06	8.55113
0.00195772	119.359	7.33228e-06	4.0762
0.00197238	116.744	7.33228e-06	4.20402
0.00198705	102.295	7.33228e-06	3.5475
0.00200171	101.443	7.33228e-06	3.6429
0.00201638	92.2631	7.33228e-06	3.80823
0.00203104	80.3786	7.33228e-06	3.08182
0.00204571	84.1371	7.33228e-06	3.98844
0.00206037	78.0741	7.33228e-06	3.54709
0.00207504	74.5905	7.33228e-06	3.89557
0.0020897	71.0342	7.33228e-06	3.19604
0.00210436	64.8366	7.33228e-06	3.0764
0.00211903	54.9545	7.33228e-06	2.66214
0.00213369	54.3497	7.33228e-06	2.54007
0.00214836	49.3985	7.33228e-06	2.63593
0.00216302	48.6429	7.33228e-06	3.37977
0.00217769	45.9298	7.33228e-06	2.90006
0.00219235	43.3599	7.33228e-06	2.92052
0.00220702	40.2835	7.33228e-06	2.89716
0.00222168	32.5864	7.33228e-06	2.06585
0.00223635	29.7814	7.33228e-06	1.73759
0.00225101	29.3116	7.33228e-06	1.96794
0.00226567	28.7369	7.33228e-06	2.27068
0.00228034	27.9738	7.33228e-06	2.29298
0.002295	21.3511	7.33228e-06	1.54425
0.00230967	18.9799	7.33228e-06	1.51577
0.00232433	17.2259	7.33228e-06	1.62785
0.002339	14.6378	7.33228e-06	1.38256
0.00235366	13.5072	7.33228e-06	1.17323
0.00236833	13.4738	7.33228e-06	1.45197
0.00238299	11.1304	7.33228e-06	1.2767
0.00239766	7.81378	7.33228e-06	1.1539
0.00241232	8.43748	7.33228e-06	0.812936
0.00242698	8.04139	7.33228e-06	0.935502
0.00244165	6.03831	7.33228e-06	0.759388
0.00245631	5.05408	7.33228e-06	0.610521
0.00247098	4.50839	7.33228e-06	0.605411
0.00248564	3.76876	7.33228e-06	0.59683
0.00250031	2.53361	7.33228e-06	0.418005
0.00251497	2.69732	7.33228e-06	0.487126
0.00252964	1.27813	7.33228e-06	0.322253
0.0025443	1.41051	7.33228e-06	0.345278
0.00255897	0.994147	7.33228e-06	0.252286
0.00257363	0.280046	7.33228e-06	0.125413
