7.3502e-06	0.0688414	7.3502e-06	0.0487215
2.20506e-05	0.782165	7.3502e-06	0.282614
3.6751e-05	1.95441	7.3502e-06	0.334677
5.14514e-05	4.18703	7.3502e-06	0.616177
6.61518e-05	7.85387	7.3502e-06	0.83408
8.08522e-05	12.5726	7.3502e-06	1.05103
9.55526e-05	14.8139	7.3502e-06	1.23925
0.000110253	19.8941	7.3502e-06	1.30935
0.000124953	26.4537	7.3502e-06	1.61851
0.000139654	35.0758	7.3502e-06	2.12377
0.000154354	41.7218	7.3502e-06	1.94889
0.000169055	46.6357	7.3502e-06	2.01822
0.000183755	67.7653	7.3502e-06	4.111
0.000198455	61.3775	7.3502e-06	2.169
0.000213156	78.8632	7.3502e-06	2.88674
0.000227856	95.6019	7.3502e-06	3.53757
0.000242557	103.181	7.3502e-06	3.37074
0.000257257	119.481	7.3502e-06	3.89102
0.000271957	131.195	7.3502e-06	3.74203
0.000286658	149.306	7.3502e-06	8.33321
0.000301358	155.015	7.3502e-06	4.8187
0.000316059	180.003	7.3502e-06	8.73419
0.000330759	176.379	7.3502e-06	4.41644
0.000345459	204.632	7.3502e-06	5.11548
0.00036016	223.195	7.3502e-06	4.77202
0.00037486	232.32	7.3502e-06	5.09015
0.000389561	254.7	7.3502e-06	7.21151
0.000404261	273.667	7.3502e-06	5.81408
0.000418961	296.448	7.3502e-06	6.50523
0.000433662	316.896	7.3502e-06	8.2221
0.000448362	324.47	7.3502e-06	6.43822
0.000463063	346.265	7.3502e-06	6.1027
0.000477763	373.085	7.3502e-06	7.73878
0.000492463	414.605	7.3502e-06	11.6441
0.000507164	420.452	7.3502e-06	8.50971
0.000521864	432.24	7.3502e-06	8.71942
0.000536565	442.356	7.3502e-06	7.69609
0.000551265	463.128	7.3502e-06	7.87832
0.000565965	481.836	7.3502e-06	8.27719
0.000580666	515.039	7.3502e-06	7.90601
0.000595366	540.266	7.3502e-06	8.91654
0.000610067	573.068	7.3502e-06	14.3613
0.000624767	614.738	7.3502e-06	14.9587
0.000639467	588.425	7.3502e-06	9.4458
0.000654168	604.984	7.3502e-06	8.77654
0.000668868	626.833	7.3502e-06	9.12519
0.000683569	645.928	7.3502e-06	10.3188
0.000698269	662.337	7.3502e-06	10.4564
0.000712969	726.487	7.3502e-06	15.9088
0.00072767	685.278	7.3502e-06	9.69724
0.00074237	737.207	7.3502e-06	13.6591
0.000757071	726.037	7.3502e-06	9.941
0.000771771	749.261	7.3502e-06	10.5237
0.000786471	778.914	7.3502e-06	12.7075
0.000801172	776.319	7.3502e-06	12.0018
0.000815872	808.005	7.3502e-06	14.2055
0.000830573	783.479	7.3502e-06	10.9788
0.000845273	823.174	7.3502e-06	11.5251
0.000859973	832.558	7.3502e-06	11.8604
0.000874674	851.334	7.3502e-06	11.9696
0.000889374	869.527	7.3502e-06	16.1175
0.000904075	865.478	7.3502e-06	14.3886
0.000918775	876.441	7.3502e-06	12.1589
0.000933476	859.061	7.3502e-06	11.5516
0.000948176	897.261	7.3502e-06	11.8454
0.000962876	885.804	7.3502e-06	13.0833
0.000977577	901.35	7.3502e-06	14.4303
0.000992277	915.786	7.3502e-06	14.554
0.00100698	914.111	7.3502e-06	13.1908
0.00102168	901.624	7.3502e-06	12.3157
0.00103638	927.935	7.3502e-06	13.1986
0.00105108	901.524	7.3502e-06	12.1884
0.00106578	921.354	7.3502e-06	27.7885
0.00108048	915.583	7.3502e-06	17.0465
0.00109518	906.155	7.3502e-06	19.623
0.00110988	901.176	7.3502e-06	11.9986
0.00112458	911.108	7.3502e-06	13.8159
0.00113928	872.987	7.3502e-06	12.8097
0.00115398	927.455	7.3502e-06	25.2506
0.00116868	871.154	7.3502e-06	14.6851
0.00118338	869.693	7.3502e-06	12.3368
0.00119808	910.717	7.3502e-06	19.4126
0.00121278	843.583	7.3502e-06	14.4485
0.00122748	849.481	7.3502e-06	15.126
0.00124218	804.373	7.3502e-06	11.2492
0.00125688	819.25	7.3502e-06	21.4662
0.00127158	811.157	7.3502e-06	12.7598
0.00128629	828.601	7.3502e-06	27.3641
0.00130099	775.495	7.3502e-06	14.746
0.00131569	742.167	7.3502e-06	12.5633
0.00133039	742.472	7.3502e-06	11.5666
0.00134509	790.296	7.3502e-06	40.3197
0.00135979	717.4	7.3502e-06	14.6025
0.00137449	702.13	7.3502e-06	18.5815
0.00138919	680.205	7.3502e-06	11.0185
0.00140389	662.303	7.3502e-06	11.9618
0.00141859	676.981	7.3502e-06	13.7482
0.00143329	627.316	7.3502e-06	11.7795
0.00144799	628.185	7.3502e-06	12.8239
0.00146269	602.794	7.3502e-06	10.141
0.00147739	588.317	7.3502e-06	10.8649
0.00149209	565.721	7.3502e-06	11.0054
0.00150679	582.105	7.3502e-06	23.1722
0.00152149	544.331	7.3502e-06	12.946
0.00153619	545.73	7.3502e-06	13.9256
0.00155089	495.109	7.3502e-06	10.4371
0.00156559	472.317	7.3502e-06	12.6304
0.00158029	468.369	7.3502e-06	11.0918
0.00159499	453.406	7.3502e-06	9.19882
0.00160969	433.223	7.3502e-06	10.4174
0.00162439	424.397	7.3502e-06	9.75535
0.00163909	421.064	7.3502e-06	12.4119
0.0016538	383.111	7.3502e-06	8.50903
0.0016685	473.196	7.3502e-06	73.5334
0.0016832	341.737	7.3502e-06	6.97087
0.0016979	339.371	7.3502e-06	8.42113
0.0017126	329.539	7.3502e-06	7.53204
0.0017273	315.446	7.3502e-06	8.39334
0.001742	306.479	7.3502e-06	9.22014
0.0017567	297.654	7.3502e-06	7.62184
0.0017714	269.765	7.3502e-06	7.48434
0.0017861	273.612	7.3502e-06	8.50757
0.0018008	247.953	7.3502e-06	6.61216
0.0018155	245.091	7.3502e-06	7.00616
0.0018302	219.617	7.3502e-06	7.47157
0.0018449	211.016	7.3502e-06	6.36579
0.0018596	198.575	7.3502e-06	5.8269
0.0018743	192.659	7.3502e-06	8.36762
0.001889	169.601	7.3502e-06	4.96659
0.0019037	169.312	7.3502e-06	5.61178
0.0019184	161.97	7.3502e-06	6.1488
0.0019331	169.7	7.3502e-06	8.81604
0.0019478	159.083	7.3502e-06	8.47765
0.0019625	132.861	7.3502e-06	6.98273
0.0019772	128.981	7.3502e-06	5.28847
0.0019919	116.466	7.3502e-06	4.3498
0.0020066	125.979	7.3502e-06	6.66473
0.00202131	107.446	7.3502e-06	4.65611
0.00203601	100.735	7.3502e-06	5.0972
0.00205071	90.5642	7.3502e-06	4.24814
0.00206541	82.6281	7.3502e-06	3.89828
0.00208011	76.5236	7.3502e-06	3.83179
0.00209481	75.598	7.3502e-06	4.03016
0.00210951	65.2751	7.3502e-06	3.00847
0.00212421	62.3942	7.3502e-06	3.18463
0.00213891	59.6327	7.3502e-06	3.38688
0.00215361	53.2981	7.3502e-06	2.74691
0.00216831	56.5266	7.3502e-06	4.09781
0.00218301	54.6228	7.3502e-06	3.7586
0.00219771	50.4585	7.3502e-06	6.06618
0.00221241	45.8137	7.3502e-06	3.09707
0.00222711	39.1817	7.3502e-06	2.76228
0.00224181	31.5539	7.3502e-06	2.09345
0.00225651	33.7773	7.3502e-06	2.61633
0.00227121	28.907	7.3502e-06	2.28316
0.00228591	25.9522	7.3502e-06	3.06048
0.00230061	29.6274	7.3502e-06	2.84491
0.00231531	20.6921	7.3502e-06	1.77353
0.00233001	25.0206	7.3502e-06	4.29027
0.00234471	23.4893	7.3502e-06	2.7263
0.00235941	19.7973	7.3502e-06	2.14319
0.00237411	14.763	7.3502e-06	1.43448
0.00238882	14.721	7.3502e-06	1.82029
0.00240352	10.2975	7.3502e-06	1.26395
0.00241822	8.79084	7.3502e-06	1.22373
0.00243292	7.42125	7.3502e-06	1.209
0.00244762	5.41405	7.3502e-06	0.807256
0.00246232	3.8016	7.3502e-06	0.856635
0.00247702	4.56522	7.3502e-06	0.913519
0.00249172	5.95646	7.3502e-06	1.23683
0.00250642	2.32423	7.3502e-06	0.61086
0.00252112	3.59897	7.3502e-06	0.858494
0.00253582	1.73959	7.3502e-06	0.513902
0.00255052	0.899844	7.3502e-06	0.446905
0.00256522	1.06126	7.3502e-06	0.541
