7.30399e-06	0.369796	7.30399e-06	0.335886
2.1912e-05	1.92951	7.30399e-06	0.524918
3.652e-05	4.24333	7.30399e-06	0.997233
5.11279e-05	6.18269	7.30399e-06	0.68673
6.57359e-05	12.1816	7.30399e-06	1.18803
8.03439e-05	20.3163	7.30399e-06	2.75409
9.49519e-05	22.7585	7.30399e-06	1.63767
0.00010956	30.029	7.30399e-06	1.78006
0.000124168	43.8932	7.30399e-06	2.12995
0.000138776	51.5728	7.30399e-06	2.64882
0.000153384	60.4419	7.30399e-06	2.41677
0.000167992	83.7553	7.30399e-06	3.27661
0.0001826	91.7631	7.30399e-06	4.34837
0.000197208	105.185	7.30399e-06	5.81693
0.000211816	111.566	7.30399e-06	3.34309
0.000226424	139.713	7.30399e-06	6.45817
0.000241032	144.332	7.30399e-06	4.2855
0.00025564	164.987	7.30399e-06	5.15587
0.000270248	188.731	7.30399e-06	5.19367
0.000284856	206.978	7.30399e-06	5.52044
0.000299464	220.347	7.30399e-06	6.15533
0.000314072	231.014	7.30399e-06	6.07943
0.00032868	256.778	7.30399e-06	6.39034
0.000343288	299.969	7.30399e-06	8.46992
0.000357896	300.488	7.30399e-06	8.20271
0.000372504	323.806	7.30399e-06	8.16733
0.000387112	337.399	7.30399e-06	7.35407
0.00040172	377.174	7.30399e-06	8.05988
0.000416328	387.738	7.30399e-06	8.47981
0.000430936	392.698	7.30399e-06	7.01681
0.000445543	423.943	7.30399e-06	8.18709
0.000460151	461.521	7.30399e-06	11.4988
0.000474759	475.9	7.30399e-06	8.61062
0.000489367	479.854	7.30399e-06	8.6252
0.000503975	520.239	7.30399e-06	10.3654
0.000518583	526.792	7.30399e-06	11.6847
0.000533191	564.456	7.30399e-06	12.0961
0.000547799	596.472	7.30399e-06	15.8116
0.000562407	580.76	7.30399e-06	10.3468
0.000577015	628.855	7.30399e-06	12.9402
0.000591623	632.961	7.30399e-06	9.35405
0.000606231	670.785	7.30399e-06	11.8428
0.000620839	678.542	7.30399e-06	10.239
0.000635447	698.195	7.30399e-06	11.5927
0.000650055	714.457	7.30399e-06	11.5265
0.000664663	719.247	7.30399e-06	10.0693
0.000679271	743.247	7.30399e-06	10.5628
0.000693879	768.05	7.30399e-06	11.6135
0.000708487	767.036	7.30399e-06	11.551
0.000723095	770.69	7.30399e-06	10.6339
0.000737703	797.808	7.30399e-06	11.5972
0.000752311	820.841	7.30399e-06	11.2966
0.000766919	815.112	7.30399e-06	11.4074
0.000781527	850.209	7.30399e-06	11.9096
0.000796135	892.482	7.30399e-06	14.6229
0.000810743	848.562	7.30399e-06	11.0829
0.000825351	853.928	7.30399e-06	11.217
0.000839959	892.449	7.30399e-06	12.9547
0.000854567	900.647	7.30399e-06	15.2041
0.000869175	898.91	7.30399e-06	12.9733
0.000883783	907.786	7.30399e-06	11.9982
0.000898391	910.545	7.30399e-06	13.1759
0.000912999	943.252	7.30399e-06	15.9736
0.000927607	935.609	7.30399e-06	25.2369
0.000942215	901.112	7.30399e-06	11.3846
0.000956823	906.88	7.30399e-06	15.0272
0.000971431	908.584	7.30399e-06	12.2354
0.000986039	910.324	7.30399e-06	12.3834
0.00100065	923.668	7.30399e-06	15.1806
0.00101525	930.552	7.30399e-06	16.8755
0.00102986	899.263	7.30399e-06	13.1031
0.00104447	913.901	7.30399e-06	14.9692
0.00105908	885.056	7.30399e-06	12.9879
0.00107369	898.334	7.30399e-06	13.5881
0.00108829	864.45	7.30399e-06	12.4772
0.0011029	888.174	7.30399e-06	13.9729
0.00111751	893.383	7.30399e-06	19.5774
0.00113212	846.355	7.30399e-06	11.4566
0.00114673	845.159	7.30399e-06	13.0204
0.00116133	846.664	7.30399e-06	18.6952
0.00117594	795.849	7.30399e-06	10.2349
0.00119055	819.304	7.30399e-06	13.5728
0.00120516	798.949	7.30399e-06	12.1459
0.00121977	793.69	7.30399e-06	13.5199
0.00123437	744.097	7.30399e-06	9.64318
0.00124898	781.328	7.30399e-06	20.2071
0.00126359	732.418	7.30399e-06	12.7977
0.0012782	714.073	7.30399e-06	9.81006
0.00129281	716.729	7.30399e-06	15.6175
0.00130741	701.246	7.30399e-06	10.0203
0.00132202	682.953	7.30399e-06	9.68408
0.00133663	695.759	7.30399e-06	14.0139
0.00135124	646.796	7.30399e-06	9.6428
0.00136585	643.608	7.30399e-06	16.1212
0.00138045	621.776	7.30399e-06	9.62202
0.00139506	597.994	7.30399e-06	10.1381
0.00140967	586.368	7.30399e-06	9.45009
0.00142428	563.672	7.30399e-06	8.60352
0.00143889	563.628	7.30399e-06	14.8455
0.00145349	536.745	7.30399e-06	9.83547
0.0014681	522.519	7.30399e-06	11.838
0.00148271	517.359	7.30399e-06	12.189
0.00149732	478.273	7.30399e-06	7.66582
0.00151193	451.453	7.30399e-06	7.03923
0.00152653	464.426	7.30399e-06	10.6949
0.00154114	442.668	7.30399e-06	8.36927
0.00155575	418.261	7.30399e-06	8.03235
0.00157036	412.165	7.30399e-06	7.35638
0.00158497	385.065	7.30399e-06	7.46164
0.00159957	394.696	7.30399e-06	8.61889
0.00161418	373.046	7.30399e-06	8.74839
0.00162879	356.678	7.30399e-06	7.29407
0.0016434	343.546	7.30399e-06	7.15759
0.00165801	314.257	7.30399e-06	6.27766
0.00167261	291.726	7.30399e-06	6.29941
0.00168722	283.477	7.30399e-06	5.86673
0.00170183	286.872	7.30399e-06	7.24095
0.00171644	261.745	7.30399e-06	5.74448
0.00173105	260.751	7.30399e-06	8.85443
0.00174565	249.298	7.30399e-06	6.29241
0.00176026	224.028	7.30399e-06	4.78029
0.00177487	217.503	7.30399e-06	4.98715
0.00178948	201.837	7.30399e-06	4.69331
0.00180409	191.041	7.30399e-06	4.49288
0.00181869	180.078	7.30399e-06	4.7177
0.0018333	170.925	7.30399e-06	4.33764
0.00184791	168.464	7.30399e-06	4.76189
0.00186252	172.532	7.30399e-06	14.9508
0.00187713	146.949	7.30399e-06	4.32487
0.00189173	139.8	7.30399e-06	5.04824
0.00190634	134.813	7.30399e-06	4.80983
0.00192095	123.584	7.30399e-06	3.78168
0.00193556	120.563	7.30399e-06	4.10473
0.00195017	110.729	7.30399e-06	3.49196
0.00196477	103.517	7.30399e-06	3.89659
0.00197938	92.0619	7.30399e-06	2.96698
0.00199399	95.9455	7.30399e-06	5.33602
0.0020086	85.0791	7.30399e-06	3.25918
0.00202321	76.7302	7.30399e-06	2.76794
0.00203781	72.3256	7.30399e-06	2.88392
0.00205242	63.663	7.30399e-06	2.31029
0.00206703	65.0568	7.30399e-06	2.5924
0.00208164	59.5629	7.30399e-06	2.42489
0.00209625	58.3639	7.30399e-06	2.90431
0.00211085	51.6365	7.30399e-06	2.22831
0.00212546	42.8458	7.30399e-06	1.88906
0.00214007	67.4871	7.30399e-06	17.1495
0.00215468	38.8226	7.30399e-06	1.92397
0.00216929	36.0542	7.30399e-06	1.79715
0.00218389	33.948	7.30399e-06	1.69613
0.0021985	29.1889	7.30399e-06	1.50205
0.00221311	28.1752	7.30399e-06	1.55147
0.00222772	26.0518	7.30399e-06	1.43745
0.00224233	23.728	7.30399e-06	1.30119
0.00225693	22.7092	7.30399e-06	1.3243
0.00227154	18.986	7.30399e-06	1.12963
0.00228615	18.8395	7.30399e-06	1.21222
0.00230076	15.6774	7.30399e-06	1.02419
0.00231537	14.0837	7.30399e-06	0.991189
0.00232997	14.1285	7.30399e-06	0.977749
0.00234458	12.2359	7.30399e-06	0.880841
0.00235919	11.1119	7.30399e-06	0.831917
0.0023738	10.9246	7.30399e-06	0.826831
0.00238841	8.02288	7.30399e-06	0.692379
0.00240301	6.23133	7.30399e-06	0.61988
0.00241762	7.00657	7.30399e-06	0.631927
0.00243223	5.794	7.30399e-06	0.562064
0.00244684	4.31567	7.30399e-06	0.503558
0.00246145	4.37033	7.30399e-06	0.495031
0.00247605	3.22564	7.30399e-06	0.490629
0.00249066	2.64088	7.30399e-06	0.371268
0.00250527	2.09964	7.30399e-06	0.34214
0.00251988	1.96901	7.30399e-06	0.296238
0.00253449	1.35609	7.30399e-06	0.283419
0.00254909	0.864379	7.30399e-06	0.200053
0.0025637	0.431413	7.30399e-06	0.145222
