7.31472e-06	0.214691	7.31472e-06	0.124317
2.19442e-05	0.567449	7.31472e-06	0.172392
3.65736e-05	2.16207	7.31472e-06	0.48989
5.1203e-05	4.12942	7.31472e-06	0.518584
6.58325e-05	8.13661	7.31472e-06	1.06358
8.04619e-05	9.6575	7.31472e-06	0.929959
9.50913e-05	12.3426	7.31472e-06	0.968739
0.000109721	18.4773	7.31472e-06	1.29692
0.00012435	27.4377	7.31472e-06	2.44401
0.00013898	29.0893	7.31472e-06	1.69554
0.000153609	36.3978	7.31472e-06	1.94539
0.000168239	49.6067	7.31472e-06	2.5101
0.000182868	62.3815	7.31472e-06	3.82886
0.000197497	55.3774	7.31472e-06	2.26867
0.000212127	75.0059	7.31472e-06	3.23395
0.000226756	92.2053	7.31472e-06	3.66604
0.000241386	93.5372	7.31472e-06	3.12636
0.000256015	106.881	7.31472e-06	3.44395
0.000270645	125.997	7.31472e-06	3.91975
0.000285274	135.107	7.31472e-06	4.33241
0.000299903	153.259	7.31472e-06	5.02783
0.000314533	166.895	7.31472e-06	4.46894
0.000329162	181.154	7.31472e-06	4.9076
0.000343792	202.91	7.31472e-06	5.38193
0.000358421	209.772	7.31472e-06	7.42951
0.000373051	217.425	7.31472e-06	4.83273
0.00038768	236.967	7.31472e-06	5.94922
0.00040231	268.475	7.31472e-06	6.00161
0.000416939	284.893	7.31472e-06	6.16334
0.000431568	305.592	7.31472e-06	6.74455
0.000446198	307.797	7.31472e-06	6.10377
0.000460827	342.417	7.31472e-06	10.4838
0.000475457	362.978	7.31472e-06	6.92885
0.000490086	374.17	7.31472e-06	7.06283
0.000504716	397.309	7.31472e-06	7.37668
0.000519345	471.594	7.31472e-06	45.4681
0.000533974	462.577	7.31472e-06	15.4703
0.000548604	449.24	7.31472e-06	7.68134
0.000563233	479.407	7.31472e-06	8.28518
0.000577863	504.06	7.31472e-06	10.4325
0.000592492	523.875	7.31472e-06	8.78219
0.000607122	548.304	7.31472e-06	9.08208
0.000621751	561.59	7.31472e-06	10.157
0.00063638	580.107	7.31472e-06	12.9892
0.00065101	577.924	7.31472e-06	10.4228
0.000665639	625.428	7.31472e-06	10.7404
0.000680269	643.994	7.31472e-06	10.5601
0.000694898	643.731	7.31472e-06	9.49392
0.000709528	682.096	7.31472e-06	11.2668
0.000724157	669.084	7.31472e-06	10.1682
0.000738787	733.659	7.31472e-06	11.5203
0.000753416	736.695	7.31472e-06	10.8111
0.000768045	778.094	7.31472e-06	12.139
0.000782675	770.041	7.31472e-06	19.4131
0.000797304	779.5	7.31472e-06	14.8773
0.000811934	785.44	7.31472e-06	11.9469
0.000826563	812.743	7.31472e-06	12.3692
0.000841193	824.853	7.31472e-06	15.0064
0.000855822	837.931	7.31472e-06	11.8129
0.000870451	885.707	7.31472e-06	20.8788
0.000885081	839.56	7.31472e-06	11.6389
0.00089971	868.937	7.31472e-06	14.2245
0.00091434	866.696	7.31472e-06	13.3725
0.000928969	872.809	7.31472e-06	12.4135
0.000943599	872.362	7.31472e-06	13.6754
0.000958228	874.238	7.31472e-06	12.6331
0.000972858	877.543	7.31472e-06	13.8904
0.000987487	898.2	7.31472e-06	11.6035
0.00100212	909.696	7.31472e-06	18.6864
0.00101675	938.954	7.31472e-06	26.3413
0.00103138	946.72	7.31472e-06	16.9148
0.001046	906.884	7.31472e-06	12.0582
0.00106063	951.649	7.31472e-06	19.2826
0.00107526	884.008	7.31472e-06	11.3411
0.00108989	887.639	7.31472e-06	11.5154
0.00110452	893.106	7.31472e-06	13.4193
0.00111915	918.679	7.31472e-06	15.1818
0.00113378	904.58	7.31472e-06	11.9442
0.00114841	870.872	7.31472e-06	12.6767
0.00116304	879.133	7.31472e-06	12.2299
0.00117767	859.668	7.31472e-06	11.2753
0.0011923	897.985	7.31472e-06	34.5336
0.00120693	861.962	7.31472e-06	13.2201
0.00122156	840.809	7.31472e-06	14.8134
0.00123619	836.717	7.31472e-06	19.1069
0.00125082	824.091	7.31472e-06	12.788
0.00126545	797.759	7.31472e-06	12.8372
0.00128008	807.699	7.31472e-06	12.0103
0.00129471	779.28	7.31472e-06	11.9551
0.00130933	756.739	7.31472e-06	11.0429
0.00132396	763.504	7.31472e-06	14.3184
0.00133859	748.295	7.31472e-06	12.5405
0.00135322	720.957	7.31472e-06	10.2472
0.00136785	719.626	7.31472e-06	11.0162
0.00138248	742.411	7.31472e-06	25.1591
0.00139711	662.373	7.31472e-06	9.92924
0.00141174	865.424	7.31472e-06	147.349
0.00142637	637.599	7.31472e-06	12.1253
0.001441	645.676	7.31472e-06	16.9024
0.00145563	630.046	7.31472e-06	13.8899
0.00147026	593.42	7.31472e-06	10.519
0.00148489	724.531	7.31472e-06	91.7738
0.00149952	563.158	7.31472e-06	10.7358
0.00151415	545.117	7.31472e-06	10.6741
0.00152878	525.271	7.31472e-06	10.0177
0.00154341	503.774	7.31472e-06	9.07038
0.00155803	499.53	7.31472e-06	10.0248
0.00157266	462.253	7.31472e-06	8.04994
0.00158729	464.371	7.31472e-06	9.13035
0.00160192	449.754	7.31472e-06	9.1268
0.00161655	436.774	7.31472e-06	8.40793
0.00163118	436.434	7.31472e-06	13.2172
0.00164581	391.441	7.31472e-06	7.88506
0.00166044	371.462	7.31472e-06	7.31019
0.00167507	348.72	7.31472e-06	7.06066
0.0016897	371.075	7.31472e-06	23.6807
0.00170433	447.801	7.31472e-06	82.8938
0.00171896	317.699	7.31472e-06	7.24724
0.00173359	312.844	7.31472e-06	11.8789
0.00174822	291.791	7.31472e-06	7.24954
0.00176285	292.177	7.31472e-06	9.83784
0.00177748	270.454	7.31472e-06	6.70577
0.00179211	263.586	7.31472e-06	7.05566
0.00180674	242.676	7.31472e-06	6.7555
0.00182136	233.817	7.31472e-06	6.83154
0.00183599	238.186	7.31472e-06	9.88124
0.00185062	217.756	7.31472e-06	8.0353
0.00186525	202.112	7.31472e-06	9.28889
0.00187988	185.888	7.31472e-06	5.39532
0.00189451	178.844	7.31472e-06	7.36842
0.00190914	175.346	7.31472e-06	6.39889
0.00192377	161.323	7.31472e-06	5.54354
0.0019384	145.182	7.31472e-06	4.92065
0.00195303	137.936	7.31472e-06	4.39542
0.00196766	136.945	7.31472e-06	4.78983
0.00198229	118.012	7.31472e-06	4.08691
0.00199692	125.915	7.31472e-06	5.20602
0.00201155	104.839	7.31472e-06	3.733
0.00202618	105.703	7.31472e-06	3.94322
0.00204081	95.8784	7.31472e-06	4.47183
0.00205544	86.3074	7.31472e-06	3.45546
0.00207007	75.5647	7.31472e-06	2.99883
0.00208469	80.5702	7.31472e-06	3.84134
0.00209932	69.3853	7.31472e-06	2.93019
0.00211395	63.7263	7.31472e-06	2.83064
0.00212858	62.6409	7.31472e-06	3.53546
0.00214321	56.9769	7.31472e-06	2.80848
0.00215784	52.7378	7.31472e-06	3.01858
0.00217247	47.7697	7.31472e-06	2.59209
0.0021871	52.1353	7.31472e-06	3.85394
0.00220173	46.7449	7.31472e-06	3.0613
0.00221636	37.321	7.31472e-06	2.14127
0.00223099	38.9676	7.31472e-06	2.3372
0.00224562	31.1937	7.31472e-06	2.01115
0.00226025	36.7874	7.31472e-06	3.00892
0.00227488	28.0329	7.31472e-06	2.28577
0.00228951	25.3887	7.31472e-06	2.00988
0.00230414	26.7489	7.31472e-06	5.1211
0.00231877	19.6197	7.31472e-06	1.99289
0.0023334	22.6625	7.31472e-06	2.71629
0.00234802	17.2027	7.31472e-06	1.39259
0.00236265	14.517	7.31472e-06	1.51426
0.00237728	15.3145	7.31472e-06	2.53813
0.00239191	14.2659	7.31472e-06	2.19673
0.00240654	10.1071	7.31472e-06	1.11641
0.00242117	6.52232	7.31472e-06	0.812422
0.0024358	6.19266	7.31472e-06	0.696841
0.00245043	7.90178	7.31472e-06	1.29429
0.00246506	6.85847	7.31472e-06	1.19815
0.00247969	4.55426	7.31472e-06	0.688625
0.00249432	4.10924	7.31472e-06	0.951053
0.00250895	3.16429	7.31472e-06	0.712963
0.00252358	2.66952	7.31472e-06	0.541705
0.00253821	2.86448	7.31472e-06	0.748649
0.00255284	1.47127	7.31472e-06	0.552131
0.00256747	1.12449	7.31472e-06	0.451451
0.0025821	0.130208	7.31472e-06	0.130208
