7.04858e-06	0.479721	7.04858e-06	0.276183
2.11457e-05	1.7433	7.04858e-06	0.469555
3.52429e-05	5.38168	7.04858e-06	0.885106
4.93401e-05	10.491	7.04858e-06	1.08636
6.34372e-05	15.5954	7.04858e-06	1.40369
7.75344e-05	25.8422	7.04858e-06	2.79633
9.16316e-05	30.4053	7.04858e-06	1.91911
0.000105729	49.3155	7.04858e-06	3.58682
0.000119826	50.8404	7.04858e-06	2.40516
0.000133923	65.3115	7.04858e-06	2.88733
0.00014802	78.3815	7.04858e-06	3.33762
0.000162117	94.3851	7.04858e-06	3.69887
0.000176215	104.743	7.04858e-06	3.92684
0.000190312	117.56	7.04858e-06	3.82575
0.000204409	148.01	7.04858e-06	4.69663
0.000218506	163.562	7.04858e-06	4.95846
0.000232603	187.097	7.04858e-06	4.97049
0.0002467	207.988	7.04858e-06	6.49847
0.000260798	216.693	7.04858e-06	5.33343
0.000274895	244.806	7.04858e-06	6.30376
0.000288992	275.349	7.04858e-06	7.02586
0.000303089	319.039	7.04858e-06	14.2155
0.000317186	317.064	7.04858e-06	9.07186
0.000331283	341.151	7.04858e-06	8.40877
0.000345381	357.18	7.04858e-06	8.07784
0.000359478	373.832	7.04858e-06	7.17642
0.000373575	408.558	7.04858e-06	8.82668
0.000387672	440.946	7.04858e-06	10.4338
0.000401769	448.399	7.04858e-06	8.79205
0.000415866	476.22	7.04858e-06	9.70349
0.000429964	503.646	7.04858e-06	16.8389
0.000444061	522.322	7.04858e-06	9.65727
0.000458158	557.185	7.04858e-06	9.69093
0.000472255	579.572	7.04858e-06	11.1435
0.000486352	588.902	7.04858e-06	9.68006
0.000500449	619.26	7.04858e-06	10.8844
0.000514547	616.006	7.04858e-06	10.4702
0.000528644	666.218	7.04858e-06	10.5731
0.000542741	690.364	7.04858e-06	11.0527
0.000556838	723.178	7.04858e-06	12.1907
0.000570935	711.261	7.04858e-06	10.8273
0.000585032	736.435	7.04858e-06	14.6506
0.00059913	778.964	7.04858e-06	16.6194
0.000613227	772.544	7.04858e-06	10.269
0.000627324	788.12	7.04858e-06	12.3625
0.000641421	793.662	7.04858e-06	11.6544
0.000655518	823.834	7.04858e-06	12.7708
0.000669615	848.94	7.04858e-06	12.6828
0.000683713	823.225	7.04858e-06	10.8524
0.00069781	868.984	7.04858e-06	14.2442
0.000711907	870.165	7.04858e-06	11.0394
0.000726004	907.908	7.04858e-06	28.5112
0.000740101	903.34	7.04858e-06	12.1668
0.000754198	890.884	7.04858e-06	11.3502
0.000768296	909.052	7.04858e-06	11.9855
0.000782393	930.372	7.04858e-06	11.7552
0.00079649	912.001	7.04858e-06	11.0189
0.000810587	1051.21	7.04858e-06	91.5887
0.000824684	956.553	7.04858e-06	15.5577
0.000838781	1001.09	7.04858e-06	22.4588
0.000852879	943.949	7.04858e-06	12.1248
0.000866976	929.425	7.04858e-06	12.0736
0.000881073	936.848	7.04858e-06	11.5365
0.00089517	940.663	7.04858e-06	11.874
0.000909267	964.092	7.04858e-06	14.0936
0.000923364	953.932	7.04858e-06	13.1795
0.000937462	953.693	7.04858e-06	19.5273
0.000951559	940.115	7.04858e-06	12.1843
0.000965656	930.606	7.04858e-06	13.4537
0.000979753	915.425	7.04858e-06	12.87
0.00099385	929.142	7.04858e-06	12.6396
0.00100795	933.241	7.04858e-06	11.851
0.00102204	904.113	7.04858e-06	10.4988
0.00103614	886.529	7.04858e-06	11.474
0.00105024	850.286	7.04858e-06	10.5199
0.00106434	857.68	7.04858e-06	10.0254
0.00107843	874.159	7.04858e-06	12.5943
0.00109253	881.02	7.04858e-06	14.1835
0.00110663	829.474	7.04858e-06	10.4782
0.00112072	820.338	7.04858e-06	11.3992
0.00113482	819.157	7.04858e-06	12.4115
0.00114892	776.684	7.04858e-06	10.0938
0.00116302	765.104	7.04858e-06	11.6421
0.00117711	748.78	7.04858e-06	9.69746
0.00119121	767.463	7.04858e-06	10.2191
0.00120531	746.252	7.04858e-06	9.52658
0.0012194	719.867	7.04858e-06	9.90966
0.0012335	709.496	7.04858e-06	9.21459
0.0012476	668.654	7.04858e-06	8.50428
0.0012617	681.938	7.04858e-06	11.5506
0.00127579	654.215	7.04858e-06	11.2875
0.00128989	668.924	7.04858e-06	24.1776
0.00130399	620.177	7.04858e-06	8.52063
0.00131809	601.923	7.04858e-06	8.77583
0.00133218	611.419	7.04858e-06	10.9497
0.00134628	573.513	7.04858e-06	8.30847
0.00136038	564.721	7.04858e-06	8.56976
0.00137447	536.827	7.04858e-06	7.22626
0.00138857	529.899	7.04858e-06	14.0129
0.00140267	515.235	7.04858e-06	9.00079
0.00141677	482.174	7.04858e-06	6.87489
0.00143086	482.635	7.04858e-06	9.6775
0.00144496	453.33	7.04858e-06	6.96147
0.00145906	442.815	7.04858e-06	8.63468
0.00147315	423.114	7.04858e-06	6.71723
0.00148725	404.43	7.04858e-06	6.36997
0.00150135	394.244	7.04858e-06	5.77957
0.00151545	390.076	7.04858e-06	6.2549
0.00152954	369.096	7.04858e-06	5.82554
0.00154364	363.212	7.04858e-06	6.33968
0.00155774	339.105	7.04858e-06	5.81369
0.00157183	318.268	7.04858e-06	5.54798
0.00158593	309.002	7.04858e-06	5.13651
0.00160003	598.689	7.04858e-06	211.559
0.00161413	274.742	7.04858e-06	4.71219
0.00162822	253.17	7.04858e-06	4.37334
0.00164232	254.542	7.04858e-06	4.49818
0.00165642	241.431	7.04858e-06	4.43871
0.00167051	234.537	7.04858e-06	4.51143
0.00168461	219.076	7.04858e-06	4.06837
0.00169871	206.148	7.04858e-06	3.85576
0.00171281	198.405	7.04858e-06	3.89796
0.0017269	191.669	7.04858e-06	3.82894
0.001741	182.079	7.04858e-06	3.62025
0.0017551	169.655	7.04858e-06	3.51611
0.00176919	160.193	7.04858e-06	3.344
0.00178329	147.728	7.04858e-06	3.21653
0.00179739	142.892	7.04858e-06	3.09937
0.00181149	132.329	7.04858e-06	2.94515
0.00182558	125.601	7.04858e-06	2.9883
0.00183968	126.543	7.04858e-06	2.98463
0.00185378	116.11	7.04858e-06	2.76965
0.00186787	106.972	7.04858e-06	2.70149
0.00188197	100.167	7.04858e-06	2.52695
0.00189607	92.8576	7.04858e-06	2.46204
0.00191017	88.5249	7.04858e-06	2.33758
0.00192426	84.5308	7.04858e-06	2.28736
0.00193836	75.8648	7.04858e-06	2.21505
0.00195246	74.4075	7.04858e-06	2.10681
0.00196655	68.2193	7.04858e-06	2.06265
0.00198065	65.3913	7.04858e-06	2.00543
0.00199475	59.475	7.04858e-06	1.88866
0.00200885	50.9076	7.04858e-06	1.71038
0.00202294	47.1723	7.04858e-06	1.64307
0.00203704	43.9727	7.04858e-06	1.60411
0.00205114	42.7726	7.04858e-06	1.58051
0.00206523	41.4421	7.04858e-06	1.52209
0.00207933	33.7216	7.04858e-06	1.36365
0.00209343	33.3739	7.04858e-06	1.53405
0.00210753	34.1174	7.04858e-06	1.43506
0.00212162	28.5446	7.04858e-06	1.26362
0.00213572	26.3378	7.04858e-06	1.2444
0.00214982	22.8685	7.04858e-06	1.10566
0.00216391	21.716	7.04858e-06	1.0818
0.00217801	20.5553	7.04858e-06	1.21347
0.00219211	17.0008	7.04858e-06	0.976537
0.00220621	15.6915	7.04858e-06	0.908438
0.0022203	13.3362	7.04858e-06	0.842582
0.0022344	13.5633	7.04858e-06	0.964425
0.0022485	12.4319	7.04858e-06	0.838383
0.0022626	11.5653	7.04858e-06	0.770139
0.00227669	10.0784	7.04858e-06	0.724855
0.00229079	9.25295	7.04858e-06	0.691008
0.00230489	5.91964	7.04858e-06	0.53934
0.00231898	6.60436	7.04858e-06	0.580104
0.00233308	5.41849	7.04858e-06	0.525754
0.00234718	5.35944	7.04858e-06	0.521735
0.00236128	4.40609	7.04858e-06	0.480734
0.00237537	4.16879	7.04858e-06	0.467543
0.00238947	2.86089	7.04858e-06	0.385043
0.00240357	2.138	7.04858e-06	0.333169
0.00241766	2.02735	7.04858e-06	0.314458
0.00243176	2.24703	7.04858e-06	0.392022
0.00244586	1.09619	7.04858e-06	0.227342
0.00245996	0.861873	7.04858e-06	0.214822
0.00247405	0.794795	7.04858e-06	0.225297
0.00248815	0.72667	7.04858e-06	0.195969
0.00250225	0.483694	7.04858e-06	0.154651
0.00251634	0.312208	7.04858e-06	0.130232
0.00253044	0.224945	7.04858e-06	0.102289
0.00254454	0.0858474	7.04858e-06	0.0611933
0.00255864	0.0471674	7.04858e-06	0.0471674
0.00257273	0.0458485	7.04858e-06	0.0458485
