7.2533e-06	0.225531	7.2533e-06	0.115543
2.17599e-05	0.954099	7.2533e-06	0.228694
3.62665e-05	5.1652	7.2533e-06	0.947114
5.07731e-05	17.0923	7.2533e-06	4.2348
6.52797e-05	20.1946	7.2533e-06	3.12635
7.97863e-05	24.9032	7.2533e-06	4.21358
9.42929e-05	30.3951	7.2533e-06	2.29446
0.0001088	37.495	7.2533e-06	2.13187
0.000123306	47.1298	7.2533e-06	2.33665
0.000137813	64.5452	7.2533e-06	4.50698
0.000152319	68.3344	7.2533e-06	3.07882
0.000166826	87.0011	7.2533e-06	4.11831
0.000181333	104.594	7.2533e-06	4.78871
0.000195839	111.362	7.2533e-06	3.65398
0.000210346	144.446	7.2533e-06	5.90214
0.000224852	148.617	7.2533e-06	5.98821
0.000239359	170.479	7.2533e-06	5.5938
0.000253866	185.422	7.2533e-06	6.01042
0.000268372	198.253	7.2533e-06	5.94652
0.000282879	219.441	7.2533e-06	5.66863
0.000297385	250.85	7.2533e-06	8.56358
0.000311892	256.257	7.2533e-06	6.41635
0.000326399	284.567	7.2533e-06	9.19257
0.000340905	308.225	7.2533e-06	10.6027
0.000355412	331.525	7.2533e-06	9.96181
0.000369918	354.425	7.2533e-06	8.32803
0.000384425	362.06	7.2533e-06	7.72898
0.000398932	386.301	7.2533e-06	8.16048
0.000413438	403.561	7.2533e-06	8.27811
0.000427945	453.221	7.2533e-06	15.8391
0.000442452	450.173	7.2533e-06	11.1472
0.000456958	565.431	7.2533e-06	54.7358
0.000471465	519.19	7.2533e-06	9.78839
0.000485971	514.478	7.2533e-06	10.1906
0.000500478	529.727	7.2533e-06	9.06112
0.000514985	569.415	7.2533e-06	10.079
0.000529491	629.439	7.2533e-06	21.8185
0.000543998	607.235	7.2533e-06	10.1397
0.000558504	637.194	7.2533e-06	11.3114
0.000573011	632.801	7.2533e-06	10.3944
0.000587518	673.011	7.2533e-06	10.9583
0.000602024	710.058	7.2533e-06	14.5496
0.000616531	706.135	7.2533e-06	11.1039
0.000631037	722.045	7.2533e-06	15.161
0.000645544	733.059	7.2533e-06	10.211
0.000660051	765.247	7.2533e-06	11.5624
0.000674557	767.533	7.2533e-06	11.4169
0.000689064	807.045	7.2533e-06	15.1423
0.00070357	791.417	7.2533e-06	11.7249
0.000718077	813.709	7.2533e-06	11.2405
0.000732584	828.678	7.2533e-06	12.274
0.00074709	818.691	7.2533e-06	10.4277
0.000761597	867.292	7.2533e-06	14.0095
0.000776103	863.015	7.2533e-06	14.7983
0.00079061	855.805	7.2533e-06	11.1255
0.000805117	867.746	7.2533e-06	13.3064
0.000819623	883.922	7.2533e-06	12.4023
0.00083413	910.749	7.2533e-06	15.5684
0.000848637	921.105	7.2533e-06	17.21
0.000863143	919.987	7.2533e-06	12.8912
0.00087765	915.32	7.2533e-06	14.8796
0.000892156	928.163	7.2533e-06	13.7617
0.000906663	912.904	7.2533e-06	11.854
0.00092117	923.196	7.2533e-06	12.3412
0.000935676	907.761	7.2533e-06	11.7549
0.000950183	909.345	7.2533e-06	11.253
0.000964689	923.186	7.2533e-06	12.6438
0.000979196	924.068	7.2533e-06	19.0466
0.000993703	931.097	7.2533e-06	14.4288
0.00100821	901.76	7.2533e-06	14.093
0.00102272	900.048	7.2533e-06	11.8338
0.00103722	914.624	7.2533e-06	12.5496
0.00105173	902.693	7.2533e-06	12.2666
0.00106624	869.38	7.2533e-06	10.9553
0.00108074	887.118	7.2533e-06	11.997
0.00109525	869.279	7.2533e-06	11.8397
0.00110976	859.134	7.2533e-06	11.8558
0.00112426	847.463	7.2533e-06	12.1254
0.00113877	830.578	7.2533e-06	14.0672
0.00115328	836.955	7.2533e-06	12.8414
0.00116778	842.199	7.2533e-06	25.6054
0.00118229	790.273	7.2533e-06	10.8567
0.0011968	831.358	7.2533e-06	15.8402
0.0012113	774.847	7.2533e-06	11.9712
0.00122581	773.23	7.2533e-06	10.8644
0.00124031	725.016	7.2533e-06	10.9222
0.00125482	735.086	7.2533e-06	10.3537
0.00126933	711.076	7.2533e-06	9.8239
0.00128383	719.322	7.2533e-06	21.3505
0.00129834	673.815	7.2533e-06	10.1519
0.00131285	657.753	7.2533e-06	9.7991
0.00132735	632.97	7.2533e-06	9.08166
0.00134186	634.649	7.2533e-06	9.9444
0.00135637	612.628	7.2533e-06	9.75215
0.00137087	587.524	7.2533e-06	9.12682
0.00138538	598.788	7.2533e-06	10.0175
0.00139989	565.231	7.2533e-06	8.85523
0.00141439	522.259	7.2533e-06	7.92334
0.0014289	531.944	7.2533e-06	8.35826
0.00144341	521.497	7.2533e-06	7.8516
0.00145791	511.143	7.2533e-06	9.72087
0.00147242	494.967	7.2533e-06	7.43874
0.00148693	449.515	7.2533e-06	6.88051
0.00150143	459.698	7.2533e-06	8.30087
0.00151594	445.003	7.2533e-06	8.01706
0.00153045	426.785	7.2533e-06	7.63321
0.00154495	400.34	7.2533e-06	6.22781
0.00155946	399.119	7.2533e-06	7.19701
0.00157397	386.61	7.2533e-06	10.0637
0.00158847	352.046	7.2533e-06	6.39199
0.00160298	355.31	7.2533e-06	10.8409
0.00161749	342.406	7.2533e-06	8.92216
0.00163199	319.912	7.2533e-06	6.21474
0.0016465	306.453	7.2533e-06	5.71471
0.00166101	291.288	7.2533e-06	6.2998
0.00167551	273.152	7.2533e-06	5.58566
0.00169002	270.764	7.2533e-06	5.6364
0.00170453	254.273	7.2533e-06	5.12186
0.00171903	248.899	7.2533e-06	6.85911
0.00173354	227.773	7.2533e-06	4.60481
0.00174805	210.678	7.2533e-06	4.59517
0.00176255	205.655	7.2533e-06	4.48926
0.00177706	194.475	7.2533e-06	4.66615
0.00179157	197.292	7.2533e-06	6.20026
0.00180607	169.414	7.2533e-06	3.94398
0.00182058	168.683	7.2533e-06	3.71826
0.00183509	155.457	7.2533e-06	3.48548
0.00184959	150.139	7.2533e-06	3.84532
0.0018641	142.476	7.2533e-06	4.29661
0.00187861	124.89	7.2533e-06	3.23936
0.00189311	126.08	7.2533e-06	3.3845
0.00190762	109.206	7.2533e-06	3.01913
0.00192213	110.702	7.2533e-06	3.76306
0.00193663	99.2702	7.2533e-06	3.01643
0.00195114	97.9543	7.2533e-06	2.94164
0.00196565	94.3842	7.2533e-06	3.31534
0.00198015	89.5087	7.2533e-06	3.28437
0.00199466	81.1685	7.2533e-06	2.74984
0.00200917	76.7185	7.2533e-06	3.55462
0.00202367	81.4228	7.2533e-06	3.70548
0.00203818	63.1198	7.2533e-06	2.23651
0.00205268	62.0131	7.2533e-06	2.34123
0.00206719	53.5177	7.2533e-06	2.03657
0.0020817	50.9223	7.2533e-06	2.04346
0.0020962	46.9726	7.2533e-06	1.79569
0.00211071	46.0948	7.2533e-06	1.82838
0.00212522	38.6186	7.2533e-06	1.60813
0.00213972	39.5343	7.2533e-06	1.82613
0.00215423	38.7478	7.2533e-06	1.67111
0.00216874	32.9538	7.2533e-06	1.50465
0.00218324	31.024	7.2533e-06	1.48271
0.00219775	25.7335	7.2533e-06	1.29322
0.00221226	24.4592	7.2533e-06	1.24
0.00222676	22.1192	7.2533e-06	1.193
0.00224127	19.4669	7.2533e-06	1.09385
0.00225578	17.5424	7.2533e-06	1.02268
0.00227028	15.6649	7.2533e-06	0.985409
0.00228479	13.8627	7.2533e-06	0.928397
0.0022993	12.3782	7.2533e-06	0.837933
0.0023138	11.7647	7.2533e-06	0.816473
0.00232831	10.322	7.2533e-06	0.763329
0.00234282	9.20347	7.2533e-06	0.715371
0.00235732	8.85139	7.2533e-06	0.677424
0.00237183	8.41237	7.2533e-06	0.677219
0.00238634	6.9897	7.2533e-06	0.652833
0.00240084	4.77235	7.2533e-06	0.500929
0.00241535	5.43484	7.2533e-06	0.528191
0.00242986	3.64904	7.2533e-06	0.440739
0.00244436	3.28814	7.2533e-06	0.403175
0.00245887	2.90979	7.2533e-06	0.38653
0.00247338	2.29511	7.2533e-06	0.332687
0.00248788	1.74562	7.2533e-06	0.334867
0.00250239	1.32283	7.2533e-06	0.255317
0.0025169	1.24742	7.2533e-06	0.237512
0.0025314	1.06295	7.2533e-06	0.224181
0.00254591	0.9048	7.2533e-06	0.20471
0.00256042	0.126391	7.2533e-06	0.0731327
0.00257492	0.121557	7.2533e-06	0.0701969
