0	1135.64	7.38807e-06	4.01463
1.47761e-05	1135.21	7.38807e-06	3.91206
2.95523e-05	1134.27	7.38807e-06	3.85194
4.43284e-05	1133.49	7.38807e-06	3.83669
5.91046e-05	1132.04	7.38807e-06	3.80819
7.38807e-05	1130.02	7.38807e-06	3.77385
8.86568e-05	1127.51	7.38807e-06	3.74029
0.000103433	1124.78	7.38807e-06	3.71055
0.000118209	1121.51	7.38807e-06	3.67594
0.000132985	1117.72	7.38807e-06	3.63296
0.000147761	1112.96	7.38807e-06	3.56275
0.000162538	1108.72	7.38807e-06	3.53354
0.000177314	1104	7.38807e-06	3.50359
0.00019209	1098.81	7.38807e-06	3.47139
0.000206866	1093.03	7.38807e-06	3.43621
0.000221642	1087.16	7.38807e-06	3.40397
0.000236418	1080.41	7.38807e-06	3.36603
0.000251194	1073.52	7.38807e-06	3.33119
0.000265971	1066.51	7.38807e-06	3.29852
0.000280747	1058.05	7.38807e-06	3.25503
0.000295523	1050.01	7.38807e-06	3.21729
0.000310299	1041.39	7.38807e-06	3.1775
0.000325075	1032.86	7.38807e-06	3.14333
0.000339851	1022.41	7.38807e-06	3.04456
0.000354627	1012.13	7.38807e-06	2.99008
0.000369403	1002.19	7.38807e-06	2.94549
0.00038418	992.045	7.38807e-06	2.90905
0.000398956	981.549	7.38807e-06	2.86879
0.000413732	970.77	7.38807e-06	2.82992
0.000428508	959.325	7.38807e-06	2.75837
0.000443284	947.812	7.38807e-06	2.71432
0.00045806	935.495	7.38807e-06	2.6429
0.000472836	923.887	7.38807e-06	2.60721
0.000487613	912.05	7.38807e-06	2.57212
0.000502389	899.597	7.38807e-06	2.53376
0.000517165	886.659	7.38807e-06	2.48835
0.000531941	873.7	7.38807e-06	2.4506
0.000546717	860.511	7.38807e-06	2.41125
0.000561493	847.541	7.38807e-06	2.37609
0.000576269	833.774	7.38807e-06	2.33424
0.000591046	819.842	7.38807e-06	2.29057
0.000605822	806.006	7.38807e-06	2.2524
0.000620598	791.605	7.38807e-06	2.20607
0.000635374	777.323	7.38807e-06	2.16849
0.00065015	762.995	7.38807e-06	2.13032
0.000664926	749.06	7.38807e-06	2.09721
0.000679702	734.196	7.38807e-06	2.05729
0.000694479	719.875	7.38807e-06	2.02353
0.000709255	705.116	7.38807e-06	1.9878
0.000724031	690.735	7.38807e-06	1.95482
0.000738807	676.015	7.38807e-06	1.9175
0.000753583	660.91	7.38807e-06	1.83983
0.000768359	645.925	7.38807e-06	1.8021
0.000783135	630.606	7.38807e-06	1.74321
0.000797912	616.166	7.38807e-06	1.71151
0.000812688	601.729	7.38807e-06	1.67924
0.000827464	587.114	7.38807e-06	1.64778
0.00084224	572.053	7.38807e-06	1.61112
0.000857016	557.258	7.38807e-06	1.57136
0.000871792	542.697	7.38807e-06	1.53925
0.000886568	528.829	7.38807e-06	1.51175
0.000901344	514.159	7.38807e-06	1.47441
0.000916121	500.139	7.38807e-06	1.44497
0.000930897	485.988	7.38807e-06	1.41427
0.000945673	471.739	7.38807e-06	1.37978
0.000960449	457.556	7.38807e-06	1.32839
0.000975225	444.06	7.38807e-06	1.30225
0.000990001	430.354	7.38807e-06	1.26924
0.00100478	416.872	7.38807e-06	1.24119
0.00101955	402.713	7.38807e-06	1.11022
0.00103433	389.89	7.38807e-06	1.08363
0.00104911	377.093	7.38807e-06	1.0555
0.00106388	364.647	7.38807e-06	1.02952
0.00107866	352.35	7.38807e-06	1.00313
0.00109343	340.471	7.38807e-06	0.979813
0.00110821	328.303	7.38807e-06	0.937582
0.00112299	316.503	7.38807e-06	0.909327
0.00113776	304.878	7.38807e-06	0.884288
0.00115254	293.504	7.38807e-06	0.8553
0.00116731	282.445	7.38807e-06	0.831103
0.00118209	271.86	7.38807e-06	0.809781
0.00119687	261.178	7.38807e-06	0.781937
0.00121164	250.865	7.38807e-06	0.756747
0.00122642	240.369	7.38807e-06	0.724283
0.0012412	230.611	7.38807e-06	0.701899
0.00125597	221.336	7.38807e-06	0.684369
0.00127075	212.144	7.38807e-06	0.665413
0.00128552	203.38	7.38807e-06	0.648275
0.0013003	194.761	7.38807e-06	0.631908
0.00131508	186.173	7.38807e-06	0.615125
0.00132985	177.788	7.38807e-06	0.59482
0.00134463	169.6	7.38807e-06	0.573411
0.0013594	161.358	7.38807e-06	0.544306
0.00137418	153.687	7.38807e-06	0.516596
0.00138896	146.582	7.38807e-06	0.499827
0.00140373	139.488	7.38807e-06	0.482203
0.00141851	132.686	7.38807e-06	0.467516
0.00143329	126.185	7.38807e-06	0.453197
0.00144806	119.816	7.38807e-06	0.438711
0.00146284	113.649	7.38807e-06	0.423099
0.00147761	107.801	7.38807e-06	0.409914
0.00149239	102.264	7.38807e-06	0.396663
0.00150717	96.688	7.38807e-06	0.362537
0.00152194	91.5574	7.38807e-06	0.351252
0.00153672	86.5319	7.38807e-06	0.338879
0.00155149	81.7838	7.38807e-06	0.323757
0.00156627	77.2737	7.38807e-06	0.309415
0.00158105	72.9103	7.38807e-06	0.298814
0.00159582	68.8116	7.38807e-06	0.287649
0.0016106	64.79	7.38807e-06	0.27617
0.00162538	61.0483	7.38807e-06	0.266033
0.00164015	57.4243	7.38807e-06	0.256089
0.00165493	53.9796	7.38807e-06	0.246338
0.0016697	50.7101	7.38807e-06	0.237591
0.00168448	47.7059	7.38807e-06	0.230636
0.00169926	44.7763	7.38807e-06	0.222985
0.00171403	41.9441	7.38807e-06	0.215126
0.00172881	39.2412	7.38807e-06	0.2084
0.00174358	36.7006	7.38807e-06	0.201187
0.00175836	34.3429	7.38807e-06	0.195465
0.00177314	31.9101	7.38807e-06	0.1782
0.00178791	29.7816	7.38807e-06	0.172256
0.00180269	27.7742	7.38807e-06	0.166473
0.00181747	25.8108	7.38807e-06	0.158469
0.00183224	23.964	7.38807e-06	0.153402
0.00184702	22.2258	7.38807e-06	0.142367
0.00186179	20.6148	7.38807e-06	0.137164
0.00187657	19.0824	7.38807e-06	0.120545
0.00189135	17.678	7.38807e-06	0.115562
0.00190612	16.3947	7.38807e-06	0.111076
0.0019209	15.1272	7.38807e-06	0.10501
0.00193567	13.9771	7.38807e-06	0.10107
0.00195045	12.8772	7.38807e-06	0.0961964
0.00196523	11.8379	7.38807e-06	0.09132
0.00198	10.8926	7.38807e-06	0.087748
0.00199478	10.0158	7.38807e-06	0.0840764
0.00200955	9.17079	7.38807e-06	0.0806534
0.00202433	8.40363	7.38807e-06	0.0769991
0.00203911	7.70562	7.38807e-06	0.0734698
0.00205388	7.04999	7.38807e-06	0.0696766
0.00206866	6.43018	7.38807e-06	0.0662426
0.00208344	5.85001	7.38807e-06	0.0633504
0.00209821	5.28833	7.38807e-06	0.0539683
0.00211299	4.81454	7.38807e-06	0.0510487
0.00212776	4.35327	7.38807e-06	0.0482297
0.00214254	3.90832	7.38807e-06	0.0447436
0.00215732	3.53669	7.38807e-06	0.0425847
0.00217209	3.19085	7.38807e-06	0.0405576
0.00218687	2.85701	7.38807e-06	0.038469
0.00220164	2.56511	7.38807e-06	0.0366932
0.00221642	2.30392	7.38807e-06	0.0346396
0.0022312	2.046	7.38807e-06	0.0300525
0.00224597	1.80973	7.38807e-06	0.0278423
0.00226075	1.58939	7.38807e-06	0.0256604
0.00227553	1.41362	7.38807e-06	0.0238607
0.0022903	1.22381	7.38807e-06	0.0219775
0.00230508	1.06171	7.38807e-06	0.0203464
0.00231985	0.920736	7.38807e-06	0.0187254
0.00233463	0.793671	7.38807e-06	0.0171071
0.00234941	0.687342	7.38807e-06	0.015855
0.00236418	0.596144	7.38807e-06	0.0146853
0.00237896	0.498899	7.38807e-06	0.013317
0.00239373	0.419624	7.38807e-06	0.0121396
0.00240851	0.349751	7.38807e-06	0.0109643
0.00242329	0.284869	7.38807e-06	0.00971616
0.00243806	0.233871	7.38807e-06	0.00877776
0.00245284	0.180551	7.38807e-06	0.00769537
0.00246762	0.133573	7.38807e-06	0.00659037
0.00248239	0.0995794	7.38807e-06	0.00566396
0.00249717	0.0724111	7.38807e-06	0.00478002
0.00251194	0.048989	7.38807e-06	0.00389415
0.00252672	0.0274805	7.38807e-06	0.00287335
0.0025415	0.0158007	7.38807e-06	0.00216103
0.00255627	0.00781571	7.38807e-06	0.00153829
0.00257105	0.00144125	7.38807e-06	0.000645656
