0	1122.83	7.37236e-06	3.84377
1.47447e-05	1122.69	7.37236e-06	3.83269
2.94894e-05	1122.07	7.37236e-06	3.80497
4.42341e-05	1121.26	7.37236e-06	3.78634
5.89788e-05	1119.59	7.37236e-06	3.74745
7.37236e-05	1118.11	7.37236e-06	3.72995
8.84683e-05	1115.59	7.37236e-06	3.69649
0.000103213	1112.68	7.37236e-06	3.65715
0.000117958	1110.04	7.37236e-06	3.63517
0.000132702	1106.38	7.37236e-06	3.60329
0.000147447	1102.52	7.37236e-06	3.57404
0.000162192	1098.49	7.37236e-06	3.5478
0.000176937	1093.43	7.37236e-06	3.50354
0.000191681	1088.24	7.37236e-06	3.47007
0.000206426	1083.02	7.37236e-06	3.44182
0.000221171	1076.84	7.37236e-06	3.40786
0.000235915	1070.57	7.37236e-06	3.36802
0.00025066	1063.93	7.37236e-06	3.33463
0.000265405	1057.3	7.37236e-06	3.30726
0.00028015	1050.01	7.37236e-06	3.2759
0.000294894	1042	7.37236e-06	3.243
0.000309639	1034.1	7.37236e-06	3.21302
0.000324384	1024.62	7.37236e-06	3.13667
0.000339128	1015.92	7.37236e-06	3.10197
0.000353873	1006.87	7.37236e-06	3.06736
0.000368618	997.648	7.37236e-06	3.03553
0.000383362	987.867	7.37236e-06	3.00309
0.000398107	977.668	7.37236e-06	2.94969
0.000412852	966.844	7.37236e-06	2.91051
0.000427597	955.87	7.37236e-06	2.86592
0.000442341	944.14	7.37236e-06	2.80396
0.000457086	933.101	7.37236e-06	2.77227
0.000471831	921.796	7.37236e-06	2.73946
0.000486575	909.829	7.37236e-06	2.70238
0.00050132	897.918	7.37236e-06	2.66965
0.000516065	885.858	7.37236e-06	2.63766
0.00053081	873.846	7.37236e-06	2.60878
0.000545554	860.866	7.37236e-06	2.57281
0.000560299	847.419	7.37236e-06	2.52362
0.000575044	833.988	7.37236e-06	2.48983
0.000589788	820.53	7.37236e-06	2.45006
0.000604533	807.509	7.37236e-06	2.42045
0.000619278	794.095	7.37236e-06	2.3903
0.000634023	780.412	7.37236e-06	2.34091
0.000648767	766.417	7.37236e-06	2.30327
0.000663512	752.123	7.37236e-06	2.26654
0.000678257	738.277	7.37236e-06	2.23626
0.000693001	723.897	7.37236e-06	2.20308
0.000707746	709.241	7.37236e-06	2.16585
0.000722491	695.219	7.37236e-06	2.13745
0.000737236	680.462	7.37236e-06	2.10113
0.00075198	666.077	7.37236e-06	2.07156
0.000766725	651.265	7.37236e-06	2.03942
0.00078147	636.97	7.37236e-06	2.01022
0.000796214	622.369	7.37236e-06	1.9784
0.000810959	607.526	7.37236e-06	1.93585
0.000825704	592.698	7.37236e-06	1.90342
0.000840449	578.618	7.37236e-06	1.87762
0.000855193	563.945	7.37236e-06	1.8464
0.000869938	549.961	7.37236e-06	1.82216
0.000884683	535.698	7.37236e-06	1.7914
0.000899427	521.224	7.37236e-06	1.76346
0.000914172	507.502	7.37236e-06	1.74032
0.000928917	493.143	7.37236e-06	1.70749
0.000943661	479.373	7.37236e-06	1.68267
0.000958406	465.631	7.37236e-06	1.6592
0.000973151	451.808	7.37236e-06	1.63576
0.000987896	438.888	7.37236e-06	1.61566
0.00100264	425.576	7.37236e-06	1.59345
0.00101739	412.483	7.37236e-06	1.57069
0.00103213	399.62	7.37236e-06	1.54951
0.00104687	385.748	7.37236e-06	1.4773
0.00106162	373.15	7.37236e-06	1.45711
0.00107636	360.323	7.37236e-06	1.41616
0.00109111	347.889	7.37236e-06	1.39281
0.00110585	335.723	7.37236e-06	1.36941
0.0011206	323.652	7.37236e-06	1.33911
0.00113534	312.332	7.37236e-06	1.32003
0.00115009	300.99	7.37236e-06	1.30023
0.00116483	289.877	7.37236e-06	1.28233
0.00117958	278.751	7.37236e-06	1.26247
0.00119432	268.123	7.37236e-06	1.24241
0.00120907	257.793	7.37236e-06	1.22768
0.00122381	247.334	7.37236e-06	1.20978
0.00123856	237.489	7.37236e-06	1.19022
0.0012533	227.977	7.37236e-06	1.17482
0.00126805	218.458	7.37236e-06	1.16184
0.00128279	209.005	7.37236e-06	1.14382
0.00129753	200.12	7.37236e-06	1.13225
0.00131228	191.341	7.37236e-06	1.11803
0.00132702	183.113	7.37236e-06	1.10738
0.00134177	175.066	7.37236e-06	1.096
0.00135651	167.199	7.37236e-06	1.08475
0.00137126	159.739	7.37236e-06	1.07481
0.001386	151.641	7.37236e-06	0.973089
0.00140075	144.415	7.37236e-06	0.961713
0.00141549	137.247	7.37236e-06	0.943511
0.00143024	130.623	7.37236e-06	0.932986
0.00144498	124.287	7.37236e-06	0.925656
0.00145973	118.286	7.37236e-06	0.918852
0.00147447	112.163	7.37236e-06	0.89431
0.00148922	106.174	7.37236e-06	0.8808
0.00150396	99.7421	7.37236e-06	0.454337
0.00151871	94.5232	7.37236e-06	0.442683
0.00153345	89.3055	7.37236e-06	0.426303
0.00154819	84.4857	7.37236e-06	0.414084
0.00156294	79.8807	7.37236e-06	0.402869
0.00157768	75.4258	7.37236e-06	0.39005
0.00159243	71.2152	7.37236e-06	0.380381
0.00160717	67.1166	7.37236e-06	0.365813
0.00162192	63.2911	7.37236e-06	0.345622
0.00163666	59.5838	7.37236e-06	0.333971
0.00165141	55.9707	7.37236e-06	0.318127
0.00166615	52.5167	7.37236e-06	0.307376
0.0016809	49.2549	7.37236e-06	0.297267
0.00169564	46.1537	7.37236e-06	0.285226
0.00171039	43.2199	7.37236e-06	0.276691
0.00172513	40.4145	7.37236e-06	0.267849
0.00173988	37.8603	7.37236e-06	0.260482
0.00175462	35.3808	7.37236e-06	0.251524
0.00176937	33.0256	7.37236e-06	0.235493
0.00178411	30.7816	7.37236e-06	0.22631
0.00179885	28.6051	7.37236e-06	0.205699
0.0018136	26.6184	7.37236e-06	0.199256
0.00182834	24.8225	7.37236e-06	0.193839
0.00184309	23.1012	7.37236e-06	0.187094
0.00185783	21.488	7.37236e-06	0.180581
0.00187258	19.972	7.37236e-06	0.175178
0.00188732	18.4522	7.37236e-06	0.168023
0.00190207	17.0343	7.37236e-06	0.157727
0.00191681	15.8385	7.37236e-06	0.153251
0.00193156	14.5219	7.37236e-06	0.139588
0.0019463	13.4151	7.37236e-06	0.134793
0.00196105	12.4147	7.37236e-06	0.130507
0.00197579	11.3609	7.37236e-06	0.123241
0.00199054	10.4023	7.37236e-06	0.117802
0.00200528	9.53672	7.37236e-06	0.11356
0.00202003	8.75109	7.37236e-06	0.109518
0.00203477	7.97999	7.37236e-06	0.101433
0.00204951	7.3181	7.37236e-06	0.0978045
0.00206426	6.69138	7.37236e-06	0.0943208
0.002079	6.13666	7.37236e-06	0.0917489
0.00209375	5.60174	7.37236e-06	0.0889224
0.00210849	5.09353	7.37236e-06	0.0861313
0.00212324	4.65457	7.37236e-06	0.0833189
0.00213798	4.18228	7.37236e-06	0.0790841
0.00215273	3.80455	7.37236e-06	0.0765071
0.00216747	3.35567	7.37236e-06	0.0690991
0.00218222	3.0116	7.37236e-06	0.0662227
0.00219696	2.67335	7.37236e-06	0.0629039
0.00221171	2.3944	7.37236e-06	0.0604714
0.00222645	2.13716	7.37236e-06	0.0586541
0.0022412	1.87681	7.37236e-06	0.0561561
0.00225594	1.68286	7.37236e-06	0.054654
0.00227069	1.48808	7.37236e-06	0.0532144
0.00228543	1.31127	7.37236e-06	0.051511
0.00230017	1.14666	7.37236e-06	0.0501976
0.00231492	0.999726	7.37236e-06	0.0488029
0.00232966	0.866866	7.37236e-06	0.0479095
0.00234441	0.719382	7.37236e-06	0.0445284
0.00235915	0.612434	7.37236e-06	0.0437665
0.0023739	0.538787	7.37236e-06	0.0433205
0.00238864	0.464186	7.37236e-06	0.0426147
0.00240339	0.399506	7.37236e-06	0.0418701
0.00241813	0.347092	7.37236e-06	0.0414904
0.00243288	0.281114	7.37236e-06	0.040623
0.00244762	0.237272	7.37236e-06	0.0399443
0.00246237	0.191471	7.37236e-06	0.0391059
0.00247711	0.111099	7.37236e-06	0.0102309
0.00249186	0.0725424	7.37236e-06	0.00675561
0.0025066	0.0516462	7.37236e-06	0.00580576
0.00252135	0.034391	7.37236e-06	0.00442219
0.00253609	0.0201722	7.37236e-06	0.003159
0.00255083	0.00944153	7.37236e-06	0.00208478
0.00256558	0.00178336	7.37236e-06	0.000907905
