0	1121.56	7.36764e-06	5.0058
1.47353e-05	1121.26	7.36764e-06	4.96614
2.94705e-05	1120.82	7.36764e-06	4.95638
4.42058e-05	1120.01	7.36764e-06	4.94367
5.89411e-05	1118.21	7.36764e-06	4.90792
7.36764e-05	1116.31	7.36764e-06	4.88209
8.84116e-05	1114.14	7.36764e-06	4.86084
0.000103147	1111.79	7.36764e-06	4.84401
0.000117882	1108.59	7.36764e-06	4.81261
0.000132617	1105.57	7.36764e-06	4.79456
0.000147353	1101.95	7.36764e-06	4.77548
0.000162088	1097.19	7.36764e-06	4.73738
0.000176823	1092.79	7.36764e-06	4.71786
0.000191559	1087.91	7.36764e-06	4.69689
0.000206294	1081.18	7.36764e-06	4.5102
0.000221029	1075.6	7.36764e-06	4.48536
0.000235764	1069.79	7.36764e-06	4.46239
0.0002505	1063.41	7.36764e-06	4.43842
0.000265235	1055.27	7.36764e-06	4.36676
0.00027997	1048.52	7.36764e-06	4.34747
0.000294705	1041.23	7.36764e-06	4.32646
0.000309441	1033.52	7.36764e-06	4.30336
0.000324176	1025.37	7.36764e-06	4.27996
0.000338911	1016.88	7.36764e-06	4.25582
0.000353647	1008.11	7.36764e-06	4.23388
0.000368382	999.27	7.36764e-06	4.21366
0.000383117	989.363	7.36764e-06	4.18395
0.000397852	979.078	7.36764e-06	4.15818
0.000412588	969.282	7.36764e-06	4.13564
0.000427323	958.864	7.36764e-06	4.11282
0.000442058	948.179	7.36764e-06	4.08958
0.000456793	937.069	7.36764e-06	4.06506
0.000471529	925.944	7.36764e-06	4.0437
0.000486264	914.224	7.36764e-06	4.0201
0.000500999	898.684	7.36764e-06	2.63095
0.000515735	885.83	7.36764e-06	2.58211
0.00053047	873.753	7.36764e-06	2.55051
0.000545205	861.148	7.36764e-06	2.51643
0.00055994	848.332	7.36764e-06	2.48361
0.000574676	835.301	7.36764e-06	2.44799
0.000589411	821.746	7.36764e-06	2.40976
0.000604146	808.333	7.36764e-06	2.37122
0.000618881	794.747	7.36764e-06	2.33189
0.000633617	781.275	7.36764e-06	2.29764
0.000648352	767.534	7.36764e-06	2.26204
0.000663087	753.122	7.36764e-06	2.22603
0.000677823	738.538	7.36764e-06	2.18839
0.000692558	724.81	7.36764e-06	2.15853
0.000707293	710.823	7.36764e-06	2.12651
0.000722028	696.657	7.36764e-06	2.09628
0.000736764	682.033	7.36764e-06	2.05325
0.000751499	667.202	7.36764e-06	2.01673
0.000766234	652.522	7.36764e-06	1.98392
0.000780969	638.21	7.36764e-06	1.95186
0.000795705	623.069	7.36764e-06	1.91532
0.00081044	608.491	7.36764e-06	1.8795
0.000825175	593.789	7.36764e-06	1.83568
0.000839911	579.172	7.36764e-06	1.80297
0.000854646	564.766	7.36764e-06	1.77223
0.000869381	549.971	7.36764e-06	1.70253
0.000884116	535.904	7.36764e-06	1.6703
0.000898852	521.687	7.36764e-06	1.63672
0.000913587	507.626	7.36764e-06	1.60964
0.000928322	493.291	7.36764e-06	1.57448
0.000943057	479.561	7.36764e-06	1.54923
0.000957793	465.86	7.36764e-06	1.52447
0.000972528	451.969	7.36764e-06	1.48429
0.000987263	437.86	7.36764e-06	1.44787
0.001002	424.054	7.36764e-06	1.40449
0.00101673	410.791	7.36764e-06	1.37102
0.00103147	397.61	7.36764e-06	1.3431
0.0010462	384.791	7.36764e-06	1.3199
0.00106094	372.273	7.36764e-06	1.29505
0.00107567	359.967	7.36764e-06	1.27287
0.00109041	347.563	7.36764e-06	1.24455
0.00110515	335.637	7.36764e-06	1.22211
0.00111988	323.841	7.36764e-06	1.19494
0.00113462	312.377	7.36764e-06	1.17619
0.00114935	301.101	7.36764e-06	1.15829
0.00116409	289.708	7.36764e-06	1.13715
0.00117882	278.976	7.36764e-06	1.11702
0.00119356	268.283	7.36764e-06	1.09737
0.00120829	258.109	7.36764e-06	1.08032
0.00122303	247.908	7.36764e-06	1.05905
0.00123776	238.082	7.36764e-06	1.043
0.0012525	228.248	7.36764e-06	1.01118
0.00126723	218.781	7.36764e-06	0.99474
0.00128197	209.737	7.36764e-06	0.978845
0.0012967	200.236	7.36764e-06	0.864691
0.00131144	191.536	7.36764e-06	0.84855
0.00132617	182.971	7.36764e-06	0.83054
0.00134091	174.867	7.36764e-06	0.816769
0.00135565	166.986	7.36764e-06	0.784339
0.00137038	159.056	7.36764e-06	0.767782
0.00138512	151.705	7.36764e-06	0.75388
0.00139985	144.885	7.36764e-06	0.743224
0.00141459	137.784	7.36764e-06	0.715078
0.00142932	130.925	7.36764e-06	0.697532
0.00144406	124.446	7.36764e-06	0.684049
0.00145879	118.393	7.36764e-06	0.6745
0.00147353	112.434	7.36764e-06	0.660546
0.00148826	106.618	7.36764e-06	0.650197
0.001503	101.146	7.36764e-06	0.641655
0.00151773	95.9308	7.36764e-06	0.633708
0.00153247	90.8041	7.36764e-06	0.624353
0.0015472	85.6283	7.36764e-06	0.570337
0.00156194	80.9918	7.36764e-06	0.563196
0.00157667	76.1238	7.36764e-06	0.533327
0.00159141	71.9687	7.36764e-06	0.526773
0.00160614	67.9358	7.36764e-06	0.518115
0.00162088	64.0987	7.36764e-06	0.511367
0.00163562	60.4028	7.36764e-06	0.502655
0.00165035	56.6118	7.36764e-06	0.490261
0.00166509	53.202	7.36764e-06	0.482953
0.00167982	49.9996	7.36764e-06	0.47673
0.00169456	47.0079	7.36764e-06	0.472359
0.00170929	44.1253	7.36764e-06	0.467471
0.00172403	41.3335	7.36764e-06	0.462521
0.00173876	38.6804	7.36764e-06	0.458172
0.0017535	36.1303	7.36764e-06	0.453599
0.00176823	33.7042	7.36764e-06	0.447787
0.00178297	31.4925	7.36764e-06	0.444593
0.0017977	29.3477	7.36764e-06	0.440054
0.00181244	26.8558	7.36764e-06	0.190402
0.00182717	24.9741	7.36764e-06	0.181647
0.00184191	23.1581	7.36764e-06	0.169822
0.00185664	21.5547	7.36764e-06	0.164455
0.00187138	19.9753	7.36764e-06	0.15844
0.00188611	18.5124	7.36764e-06	0.152895
0.00190085	17.1447	7.36764e-06	0.148214
0.00191559	15.8427	7.36764e-06	0.141079
0.00193032	14.6776	7.36764e-06	0.136358
0.00194506	13.5003	7.36764e-06	0.130335
0.00195979	12.4291	7.36764e-06	0.124115
0.00197453	11.4643	7.36764e-06	0.11985
0.00198926	10.4717	7.36764e-06	0.112677
0.002004	9.57958	7.36764e-06	0.107789
0.00201873	8.81207	7.36764e-06	0.104715
0.00203347	8.06783	7.36764e-06	0.0973049
0.0020482	7.30078	7.36764e-06	0.0885668
0.00206294	6.70982	7.36764e-06	0.0856024
0.00207767	6.1154	7.36764e-06	0.0813837
0.00209241	5.53586	7.36764e-06	0.0753662
0.00210714	5.01424	7.36764e-06	0.0722182
0.00212188	4.53626	7.36764e-06	0.0694402
0.00213661	4.12717	7.36764e-06	0.0670819
0.00215135	3.73384	7.36764e-06	0.0648186
0.00216609	3.34094	7.36764e-06	0.0615272
0.00218082	2.97073	7.36764e-06	0.0533708
0.00219556	2.6395	7.36764e-06	0.0493993
0.00221029	2.36441	7.36764e-06	0.0447054
0.00222503	2.10446	7.36764e-06	0.0419912
0.00223976	1.83145	7.36764e-06	0.0356432
0.0022545	1.64085	7.36764e-06	0.0334667
0.00226923	1.43204	7.36764e-06	0.0308305
0.00228397	1.23668	7.36764e-06	0.0276171
0.0022987	1.08027	7.36764e-06	0.0257424
0.00231344	0.927551	7.36764e-06	0.0237467
0.00232817	0.782196	7.36764e-06	0.0212821
0.00234291	0.671155	7.36764e-06	0.019527
0.00235764	0.569918	7.36764e-06	0.0181508
0.00237238	0.465717	7.36764e-06	0.0159602
0.00238711	0.392953	7.36764e-06	0.0147438
0.00240185	0.322734	7.36764e-06	0.0131403
0.00241658	0.265041	7.36764e-06	0.0118732
0.00243132	0.218553	7.36764e-06	0.0108202
0.00244606	0.181939	7.36764e-06	0.0097418
0.00246079	0.134944	7.36764e-06	0.00841287
0.00247553	0.0998028	7.36764e-06	0.00686477
0.00249026	0.0712139	7.36764e-06	0.00578178
0.002505	0.044948	7.36764e-06	0.00445449
0.00251973	0.0277586	7.36764e-06	0.00347594
0.00253447	0.0157641	7.36764e-06	0.00260197
0.0025492	0.00814211	7.36764e-06	0.00175698
0.00256394	0.00148968	7.36764e-06	0.000746376
