0	1119.85	7.35945e-06	3.9314
1.47189e-05	1119.24	7.35945e-06	3.72728
2.94378e-05	1118.65	7.35945e-06	3.70451
4.41567e-05	1117.69	7.35945e-06	3.67884
5.88756e-05	1116.42	7.35945e-06	3.65809
7.35945e-05	1114.37	7.35945e-06	3.61209
8.83134e-05	1112.4	7.35945e-06	3.59067
0.000103032	1109.72	7.35945e-06	3.56243
0.000117751	1107.26	7.35945e-06	3.54381
0.00013247	1104.23	7.35945e-06	3.52021
0.000147189	1100.74	7.35945e-06	3.49655
0.000161908	1096.79	7.35945e-06	3.46952
0.000176627	1092.35	7.35945e-06	3.44102
0.000191346	1087.21	7.35945e-06	3.40979
0.000206065	1081.89	7.35945e-06	3.38009
0.000220784	1076.49	7.35945e-06	3.35401
0.000235503	1070.63	7.35945e-06	3.32542
0.000250221	1064.07	7.35945e-06	3.29481
0.00026494	1056.87	7.35945e-06	3.25406
0.000279659	1048.82	7.35945e-06	3.20516
0.000294378	1041.64	7.35945e-06	3.17808
0.000309097	1033.84	7.35945e-06	3.14803
0.000323816	1025.45	7.35945e-06	3.11337
0.000338535	1016.93	7.35945e-06	3.08117
0.000353254	1007.39	7.35945e-06	3.03577
0.000367973	998.196	7.35945e-06	3.00143
0.000382692	988.016	7.35945e-06	2.93782
0.00039741	977.739	7.35945e-06	2.9022
0.000412129	967.794	7.35945e-06	2.87229
0.000426848	957.035	7.35945e-06	2.83405
0.000441567	945.909	7.35945e-06	2.79459
0.000456286	934.841	7.35945e-06	2.75962
0.000471005	923.355	7.35945e-06	2.72593
0.000485724	911.959	7.35945e-06	2.6962
0.000500443	900.138	7.35945e-06	2.66299
0.000515162	888.251	7.35945e-06	2.63351
0.000529881	875.606	7.35945e-06	2.59623
0.0005446	862.714	7.35945e-06	2.56027
0.000559318	849.921	7.35945e-06	2.52593
0.000574037	836.836	7.35945e-06	2.48432
0.000588756	823.748	7.35945e-06	2.45271
0.000603475	810.57	7.35945e-06	2.42037
0.000618194	797.419	7.35945e-06	2.39072
0.000632913	783.673	7.35945e-06	2.3449
0.000647632	769.81	7.35945e-06	2.31347
0.000662351	755.783	7.35945e-06	2.2449
0.00067707	740.839	7.35945e-06	2.16559
0.000691789	726.24	7.35945e-06	2.1311
0.000706508	711.922	7.35945e-06	2.09216
0.000721226	697.338	7.35945e-06	2.05811
0.000735945	682.68	7.35945e-06	2.02585
0.000750664	668.498	7.35945e-06	1.99609
0.000765383	653.861	7.35945e-06	1.96403
0.000780102	639.668	7.35945e-06	1.93633
0.000794821	625.284	7.35945e-06	1.90571
0.00080954	611.071	7.35945e-06	1.87724
0.000824259	596.679	7.35945e-06	1.84358
0.000838978	581.532	7.35945e-06	1.74475
0.000853697	566.344	7.35945e-06	1.69742
0.000868416	551.807	7.35945e-06	1.66818
0.000883134	537.6	7.35945e-06	1.6389
0.000897853	523.534	7.35945e-06	1.61136
0.000912572	509.13	7.35945e-06	1.571
0.000927291	494.579	7.35945e-06	1.52963
0.00094201	479.928	7.35945e-06	1.48593
0.000956729	466.284	7.35945e-06	1.45145
0.000971448	452.822	7.35945e-06	1.4254
0.000986167	439.279	7.35945e-06	1.3991
0.00100089	425.679	7.35945e-06	1.37021
0.0010156	412.438	7.35945e-06	1.3442
0.00103032	399.519	7.35945e-06	1.31776
0.00104504	386.581	7.35945e-06	1.29326
0.00105976	373.11	7.35945e-06	1.20014
0.00107448	360.506	7.35945e-06	1.17628
0.0010892	348.6	7.35945e-06	1.1546
0.00110392	336.79	7.35945e-06	1.13212
0.00111864	325.242	7.35945e-06	1.11191
0.00113336	313.956	7.35945e-06	1.09178
0.00114807	302.504	7.35945e-06	1.0599
0.00116279	291.44	7.35945e-06	1.03689
0.00117751	280.855	7.35945e-06	1.01951
0.00119223	269.82	7.35945e-06	0.984907
0.00120695	259.271	7.35945e-06	0.959461
0.00122167	248.895	7.35945e-06	0.929013
0.00123639	239.183	7.35945e-06	0.90748
0.00125111	229.245	7.35945e-06	0.882019
0.00126583	219.656	7.35945e-06	0.854652
0.00128054	210.217	7.35945e-06	0.825611
0.00129526	201.19	7.35945e-06	0.80634
0.00130998	192.406	7.35945e-06	0.778367
0.0013247	184.112	7.35945e-06	0.758814
0.00133942	175.882	7.35945e-06	0.741094
0.00135414	167.947	7.35945e-06	0.725169
0.00136886	160.268	7.35945e-06	0.708398
0.00138358	152.695	7.35945e-06	0.687621
0.0013983	145.565	7.35945e-06	0.670436
0.00141302	138.613	7.35945e-06	0.655592
0.00142773	131.978	7.35945e-06	0.64131
0.00144245	125.393	7.35945e-06	0.626656
0.00145717	119.235	7.35945e-06	0.61407
0.00147189	113.121	7.35945e-06	0.598814
0.00148661	107.071	7.35945e-06	0.582884
0.00150133	101.523	7.35945e-06	0.570988
0.00151605	96.2035	7.35945e-06	0.559474
0.00153077	91.1363	7.35945e-06	0.549206
0.00154549	86.112	7.35945e-06	0.534721
0.0015602	81.2686	7.35945e-06	0.510405
0.00157492	76.9642	7.35945e-06	0.502978
0.00158964	72.6986	7.35945e-06	0.488733
0.00160436	68.582	7.35945e-06	0.475477
0.00161908	64.2114	7.35945e-06	0.373332
0.0016338	60.4785	7.35945e-06	0.362241
0.00164852	56.9984	7.35945e-06	0.353326
0.00166324	53.6899	7.35945e-06	0.34511
0.00167796	50.3737	7.35945e-06	0.331867
0.00169267	47.1963	7.35945e-06	0.320292
0.00170739	44.2942	7.35945e-06	0.311974
0.00172211	41.5534	7.35945e-06	0.303098
0.00173683	38.998	7.35945e-06	0.296086
0.00175155	36.4339	7.35945e-06	0.286456
0.00176627	34.005	7.35945e-06	0.278755
0.00178099	31.6383	7.35945e-06	0.26755
0.00179571	29.477	7.35945e-06	0.256605
0.00181043	27.2391	7.35945e-06	0.220445
0.00182514	25.3541	7.35945e-06	0.213573
0.00183986	23.5507	7.35945e-06	0.206821
0.00185458	21.7723	7.35945e-06	0.19758
0.0018693	20.2152	7.35945e-06	0.191104
0.00188402	18.6962	7.35945e-06	0.183871
0.00189874	17.299	7.35945e-06	0.177028
0.00191346	15.9088	7.35945e-06	0.169374
0.00192818	14.6658	7.35945e-06	0.16416
0.0019429	13.49	7.35945e-06	0.157778
0.00195761	12.4418	7.35945e-06	0.152022
0.00197233	11.5132	7.35945e-06	0.148146
0.00198705	10.5804	7.35945e-06	0.143553
0.00200177	9.60208	7.35945e-06	0.126035
0.00201649	8.83782	7.35945e-06	0.122234
0.00203121	8.05194	7.35945e-06	0.117228
0.00204593	7.37996	7.35945e-06	0.111781
0.00206065	6.78949	7.35945e-06	0.108796
0.00207537	6.2235	7.35945e-06	0.105646
0.00209008	5.66378	7.35945e-06	0.0973934
0.0021048	5.11994	7.35945e-06	0.0941227
0.00211952	4.61346	7.35945e-06	0.0837928
0.00213424	4.18591	7.35945e-06	0.0805573
0.00214896	3.76505	7.35945e-06	0.0732299
0.00216368	3.35519	7.35945e-06	0.0689705
0.0021784	3.01937	7.35945e-06	0.0641965
0.00219312	2.69115	7.35945e-06	0.0606206
0.00220784	2.40823	7.35945e-06	0.0574262
0.00222255	2.15213	7.35945e-06	0.0550529
0.00223727	1.90281	7.35945e-06	0.0522448
0.00225199	1.69696	7.35945e-06	0.0503244
0.00226671	1.44772	7.35945e-06	0.0446711
0.00228143	1.28795	7.35945e-06	0.0431846
0.00229615	1.11885	7.35945e-06	0.0405352
0.00231087	0.972395	7.35945e-06	0.0379433
0.00232559	0.828907	7.35945e-06	0.0354091
0.00234031	0.718488	7.35945e-06	0.0337388
0.00235503	0.616354	7.35945e-06	0.0318751
0.00236974	0.529198	7.35945e-06	0.0304962
0.00238446	0.451214	7.35945e-06	0.0293662
0.00239918	0.374652	7.35945e-06	0.0278301
0.0024139	0.318389	7.35945e-06	0.0264306
0.00242862	0.259907	7.35945e-06	0.0254485
0.00244334	0.213385	7.35945e-06	0.0236949
0.00245806	0.174619	7.35945e-06	0.0227952
0.00247278	0.108663	7.35945e-06	0.0113011
0.0024875	0.0758636	7.35945e-06	0.00990875
0.00250221	0.0454902	7.35945e-06	0.00783393
0.00251693	0.0231238	7.35945e-06	0.00497364
0.00253165	0.0148271	7.35945e-06	0.00426288
0.00254637	0.00970889	7.35945e-06	0.00363652
0.00256109	0.00287868	7.35945e-06	0.00186418
