0	1123.81	7.38403e-06	3.78334
1.47681e-05	1123.54	7.38403e-06	3.74353
2.95361e-05	1122.73	7.38403e-06	3.69657
4.43042e-05	1121.95	7.38403e-06	3.68007
5.90723e-05	1120.43	7.38403e-06	3.64534
7.38403e-05	1118.35	7.38403e-06	3.57964
8.86084e-05	1116.41	7.38403e-06	3.5588
0.000103376	1113.6	7.38403e-06	3.5262
0.000118145	1110.48	7.38403e-06	3.49371
0.000132913	1106.92	7.38403e-06	3.46297
0.000147681	1103.33	7.38403e-06	3.43741
0.000162449	1099.31	7.38403e-06	3.4116
0.000177217	1094.59	7.38403e-06	3.37897
0.000191985	1089.48	7.38403e-06	3.3445
0.000206753	1083.94	7.38403e-06	3.31217
0.000221521	1077.92	7.38403e-06	3.27164
0.000236289	1071.68	7.38403e-06	3.23949
0.000251057	1064.95	7.38403e-06	3.20572
0.000265825	1058.39	7.38403e-06	3.17851
0.000280593	1051.25	7.38403e-06	3.14894
0.000295361	1043.23	7.38403e-06	3.11393
0.000310129	1034.94	7.38403e-06	3.07124
0.000324897	1026.31	7.38403e-06	3.03365
0.000339666	1017.3	7.38403e-06	2.9982
0.000354434	1007.95	7.38403e-06	2.96298
0.000369202	998.208	7.38403e-06	2.92632
0.00038397	988.083	7.38403e-06	2.86435
0.000398738	977.331	7.38403e-06	2.8158
0.000413506	966.742	7.38403e-06	2.77955
0.000428274	956.017	7.38403e-06	2.74305
0.000443042	944.769	7.38403e-06	2.70699
0.00045781	933.527	7.38403e-06	2.67206
0.000472578	921.566	7.38403e-06	2.6292
0.000487346	910.074	7.38403e-06	2.59716
0.000502114	898.119	7.38403e-06	2.56247
0.000516882	885.999	7.38403e-06	2.52974
0.00053165	873.586	7.38403e-06	2.49662
0.000546418	860.126	7.38403e-06	2.43857
0.000561187	846.867	7.38403e-06	2.39868
0.000575955	833.073	7.38403e-06	2.35524
0.000590723	819.951	7.38403e-06	2.32158
0.000605491	806.701	7.38403e-06	2.29061
0.000620259	793.356	7.38403e-06	2.25796
0.000635027	779.374	7.38403e-06	2.22018
0.000649795	765.167	7.38403e-06	2.18201
0.000664563	751.021	7.38403e-06	2.14656
0.000679331	736.829	7.38403e-06	2.11234
0.000694099	722.478	7.38403e-06	2.07827
0.000708867	708.136	7.38403e-06	2.0415
0.000723635	693.795	7.38403e-06	2.00682
0.000738403	678.752	7.38403e-06	1.9182
0.000753171	664.576	7.38403e-06	1.88758
0.000767939	649.917	7.38403e-06	1.8544
0.000782708	635.236	7.38403e-06	1.8209
0.000797476	620.6	7.38403e-06	1.7856
0.000812244	606.274	7.38403e-06	1.7549
0.000827012	592.086	7.38403e-06	1.72695
0.00084178	577.631	7.38403e-06	1.6924
0.000856548	563.301	7.38403e-06	1.65838
0.000871316	548.537	7.38403e-06	1.62022
0.000886084	534.367	7.38403e-06	1.5893
0.000900852	519.713	7.38403e-06	1.5455
0.00091562	505.513	7.38403e-06	1.51296
0.000930388	491.499	7.38403e-06	1.48172
0.000945156	477.601	7.38403e-06	1.45308
0.000959924	463.493	7.38403e-06	1.42126
0.000974692	449.356	7.38403e-06	1.37049
0.00098946	435.986	7.38403e-06	1.34387
0.00100423	422.497	7.38403e-06	1.31426
0.001019	408.869	7.38403e-06	1.27659
0.00103376	395.939	7.38403e-06	1.25263
0.00104853	382.464	7.38403e-06	1.21856
0.0010633	369.538	7.38403e-06	1.17962
0.00107807	356.91	7.38403e-06	1.13712
0.00109284	344.594	7.38403e-06	1.10649
0.00110761	332.684	7.38403e-06	1.08133
0.00112237	321.286	7.38403e-06	1.06041
0.00113714	309.884	7.38403e-06	1.03766
0.00115191	298.669	7.38403e-06	1.01511
0.00116668	287.446	7.38403e-06	0.981819
0.00118145	276.505	7.38403e-06	0.951302
0.00119621	265.895	7.38403e-06	0.928445
0.00121098	255.307	7.38403e-06	0.898501
0.00122575	245.21	7.38403e-06	0.871119
0.00124052	235.246	7.38403e-06	0.85182
0.00125529	225.647	7.38403e-06	0.824677
0.00127005	216.015	7.38403e-06	0.80016
0.00128482	206.796	7.38403e-06	0.782593
0.00129959	197.616	7.38403e-06	0.758351
0.00131436	189.025	7.38403e-06	0.742773
0.00132913	180.475	7.38403e-06	0.72495
0.00134389	172.394	7.38403e-06	0.709691
0.00135866	164.463	7.38403e-06	0.677337
0.00137343	156.982	7.38403e-06	0.659527
0.0013882	149.643	7.38403e-06	0.642285
0.00140297	142.438	7.38403e-06	0.622226
0.00141773	135.454	7.38403e-06	0.605081
0.0014325	128.556	7.38403e-06	0.586153
0.00144727	122.238	7.38403e-06	0.56668
0.00146204	116.117	7.38403e-06	0.551928
0.00147681	110.385	7.38403e-06	0.538576
0.00149157	104.636	7.38403e-06	0.519954
0.00150634	99.1725	7.38403e-06	0.506308
0.00152111	94.1412	7.38403e-06	0.496936
0.00153588	88.9917	7.38403e-06	0.484066
0.00155065	84.2078	7.38403e-06	0.474344
0.00156542	79.5896	7.38403e-06	0.464069
0.00158018	75.1442	7.38403e-06	0.453953
0.00159495	71.1142	7.38403e-06	0.446119
0.00160972	66.8974	7.38403e-06	0.403084
0.00162449	62.9361	7.38403e-06	0.389764
0.00163926	59.1358	7.38403e-06	0.375025
0.00165402	55.6454	7.38403e-06	0.365783
0.00166879	52.3534	7.38403e-06	0.356877
0.00168356	49.2531	7.38403e-06	0.348807
0.00169833	46.2303	7.38403e-06	0.339979
0.0017131	43.1953	7.38403e-06	0.308758
0.00172786	40.5077	7.38403e-06	0.296055
0.00174263	37.8501	7.38403e-06	0.285642
0.0017574	35.2262	7.38403e-06	0.255473
0.00177217	32.9211	7.38403e-06	0.248442
0.00178694	30.6222	7.38403e-06	0.236367
0.0018017	28.5471	7.38403e-06	0.229185
0.00181647	26.6304	7.38403e-06	0.223052
0.00183124	24.7901	7.38403e-06	0.217518
0.00184601	23.1293	7.38403e-06	0.211902
0.00186078	21.5448	7.38403e-06	0.206024
0.00187554	19.8844	7.38403e-06	0.195725
0.00189031	18.3967	7.38403e-06	0.189163
0.00190508	17.0303	7.38403e-06	0.183243
0.00191985	15.7815	7.38403e-06	0.177451
0.00193462	14.5895	7.38403e-06	0.171861
0.00194938	13.5103	7.38403e-06	0.168068
0.00196415	12.4632	7.38403e-06	0.163115
0.00197892	11.4264	7.38403e-06	0.157026
0.00199369	10.5043	7.38403e-06	0.151399
0.00200846	9.6964	7.38403e-06	0.148546
0.00202323	8.84562	7.38403e-06	0.133095
0.00203799	8.05315	7.38403e-06	0.127683
0.00205276	7.37581	7.38403e-06	0.123453
0.00206753	6.75745	7.38403e-06	0.120105
0.0020823	6.18376	7.38403e-06	0.117532
0.00209707	5.63018	7.38403e-06	0.113927
0.00211183	5.15782	7.38403e-06	0.111791
0.0021266	4.61219	7.38403e-06	0.0942706
0.00214137	4.10579	7.38403e-06	0.0760795
0.00215614	3.69034	7.38403e-06	0.0717924
0.00217091	3.31321	7.38403e-06	0.0687557
0.00218567	2.9739	7.38403e-06	0.0660063
0.00220044	2.65781	7.38403e-06	0.0636408
0.00221521	2.35702	7.38403e-06	0.0589555
0.00222998	2.11238	7.38403e-06	0.0570435
0.00224475	1.8768	7.38403e-06	0.0539378
0.00225951	1.6687	7.38403e-06	0.0520372
0.00227428	1.44828	7.38403e-06	0.0493112
0.00228905	1.25743	7.38403e-06	0.0465752
0.00230382	1.05971	7.38403e-06	0.0333373
0.00231859	0.922571	7.38403e-06	0.031309
0.00233335	0.801235	7.38403e-06	0.0296914
0.00234812	0.698403	7.38403e-06	0.0284177
0.00236289	0.60555	7.38403e-06	0.0269256
0.00237766	0.51297	7.38403e-06	0.0253826
0.00239243	0.432376	7.38403e-06	0.0238374
0.00240719	0.356934	7.38403e-06	0.0224444
0.00242196	0.285654	7.38403e-06	0.0207122
0.00243673	0.217713	7.38403e-06	0.0170529
0.0024515	0.178608	7.38403e-06	0.0150971
0.00246627	0.136415	7.38403e-06	0.0127989
0.00248104	0.100266	7.38403e-06	0.0103408
0.0024958	0.0767305	7.38403e-06	0.00954909
0.00251057	0.0587931	7.38403e-06	0.00883644
0.00252534	0.0263748	7.38403e-06	0.00407146
0.00254011	0.0157593	7.38403e-06	0.00316242
0.00255488	0.00602851	7.38403e-06	0.00190136
0.00256964	0.0020423	7.38403e-06	0.00120756
