7.3588e-06	0.617617	7.3588e-06	0.442297
2.20764e-05	1.03231	7.3588e-06	0.266114
3.6794e-05	2.69156	7.3588e-06	0.570468
5.15116e-05	5.34168	7.3588e-06	0.932062
6.62292e-05	9.61469	7.3588e-06	1.24917
8.09468e-05	12.9003	7.3588e-06	1.43974
9.56644e-05	17.5526	7.3588e-06	1.43891
0.000110382	30.2185	7.3588e-06	2.92423
0.0001251	30.0331	7.3588e-06	1.95762
0.000139817	44.3172	7.3588e-06	3.22926
0.000154535	49.6459	7.3588e-06	2.95834
0.000169252	65.1687	7.3588e-06	6.07852
0.00018397	77.5536	7.3588e-06	4.04228
0.000198688	73.1584	7.3588e-06	3.14629
0.000213405	97.1877	7.3588e-06	4.67704
0.000228123	108.185	7.3588e-06	4.3519
0.00024284	125.321	7.3588e-06	5.81296
0.000257558	143.181	7.3588e-06	5.49804
0.000272276	148.346	7.3588e-06	5.36042
0.000286993	164.671	7.3588e-06	4.76415
0.000301711	189.51	7.3588e-06	8.92563
0.000316428	183.303	7.3588e-06	5.30914
0.000331146	220.933	7.3588e-06	6.45409
0.000345864	236.257	7.3588e-06	7.64229
0.000360581	261.917	7.3588e-06	13.0592
0.000375299	256.142	7.3588e-06	5.93247
0.000390016	277.35	7.3588e-06	7.38578
0.000404734	312.868	7.3588e-06	7.28753
0.000419452	317.953	7.3588e-06	7.61585
0.000434169	339.502	7.3588e-06	7.35964
0.000448887	357.804	7.3588e-06	7.02901
0.000463604	396.346	7.3588e-06	11.1535
0.000478322	406.545	7.3588e-06	8.5195
0.00049304	433.73	7.3588e-06	11.222
0.000507757	444.733	7.3588e-06	8.46361
0.000522475	476.97	7.3588e-06	8.60145
0.000537192	496.242	7.3588e-06	10.4942
0.00055191	512.774	7.3588e-06	9.44452
0.000566628	525.934	7.3588e-06	8.40701
0.000581345	565.521	7.3588e-06	12.0768
0.000596063	562.885	7.3588e-06	10.5466
0.00061078	585.558	7.3588e-06	9.2352
0.000625498	632.303	7.3588e-06	15.2189
0.000640216	609.036	7.3588e-06	9.17141
0.000654933	634.703	7.3588e-06	8.97409
0.000669651	704.301	7.3588e-06	20.7258
0.000684368	692.923	7.3588e-06	10.7063
0.000699086	718.574	7.3588e-06	10.9899
0.000713804	730.462	7.3588e-06	12.6536
0.000728521	739.916	7.3588e-06	11.9969
0.000743239	756.441	7.3588e-06	10.0499
0.000757956	781.504	7.3588e-06	16.1872
0.000772674	803.499	7.3588e-06	12.693
0.000787392	799.282	7.3588e-06	13.2037
0.000802109	814.462	7.3588e-06	12.1939
0.000816827	806.702	7.3588e-06	9.61758
0.000831544	852.37	7.3588e-06	12.0072
0.000846262	862.313	7.3588e-06	13.0163
0.00086098	880.664	7.3588e-06	14.2249
0.000875697	876.952	7.3588e-06	11.5302
0.000890415	866.494	7.3588e-06	12.1975
0.000905132	885.553	7.3588e-06	11.962
0.00091985	898.406	7.3588e-06	14.2446
0.000934568	881.675	7.3588e-06	10.6037
0.000949285	930.793	7.3588e-06	25.8415
0.000964003	886.578	7.3588e-06	9.62005
0.00097872	894.627	7.3588e-06	12.1923
0.000993438	919.236	7.3588e-06	11.0746
0.00100816	925.885	7.3588e-06	12.9998
0.00102287	922.46	7.3588e-06	11.7477
0.00103759	924.519	7.3588e-06	11.0494
0.00105231	900.745	7.3588e-06	10.9244
0.00106703	882.558	7.3588e-06	10.3541
0.00108174	897.248	7.3588e-06	9.43004
0.00109646	895.633	7.3588e-06	11.4449
0.00111118	912.877	7.3588e-06	13.4594
0.0011259	886.269	7.3588e-06	12.925
0.00114061	879.43	7.3588e-06	9.98428
0.00115533	856.338	7.3588e-06	9.6088
0.00117005	857.287	7.3588e-06	9.41999
0.00118477	854.477	7.3588e-06	10.9362
0.00119948	836.805	7.3588e-06	12.6709
0.0012142	821.261	7.3588e-06	9.21943
0.00122892	814.543	7.3588e-06	9.37131
0.00124364	802.349	7.3588e-06	13.5452
0.00125835	813.412	7.3588e-06	9.69825
0.00127307	756.593	7.3588e-06	8.27181
0.00128779	769.181	7.3588e-06	8.55067
0.00130251	743.96	7.3588e-06	8.88993
0.00131723	739.22	7.3588e-06	8.26091
0.00133194	726.308	7.3588e-06	8.80368
0.00134666	715.002	7.3588e-06	9.08836
0.00136138	715.495	7.3588e-06	9.59028
0.0013761	653.958	7.3588e-06	7.63825
0.00139081	654.907	7.3588e-06	7.88663
0.00140553	650.817	7.3588e-06	10.6108
0.00142025	635.329	7.3588e-06	11.3509
0.00143497	616.071	7.3588e-06	8.77455
0.00144968	597.008	7.3588e-06	7.75475
0.0014644	570.76	7.3588e-06	7.26387
0.00147912	556.868	7.3588e-06	8.21376
0.00149384	535.452	7.3588e-06	8.08893
0.00150855	513.368	7.3588e-06	6.69047
0.00152327	508.149	7.3588e-06	7.23796
0.00153799	505.805	7.3588e-06	6.36547
0.00155271	478.511	7.3588e-06	6.56744
0.00156742	447.031	7.3588e-06	5.90769
0.00158214	456.68	7.3588e-06	6.4251
0.00159686	420.093	7.3588e-06	5.66868
0.00161158	410.935	7.3588e-06	6.61451
0.00162629	391.977	7.3588e-06	5.82771
0.00164101	377.801	7.3588e-06	5.80826
0.00165573	363.734	7.3588e-06	5.17347
0.00167045	346.149	7.3588e-06	5.00943
0.00168517	341.35	7.3588e-06	6.01561
0.00169988	320.642	7.3588e-06	6.32031
0.0017146	306.456	7.3588e-06	4.75723
0.00172932	298.342	7.3588e-06	4.82034
0.00174404	277.313	7.3588e-06	4.42487
0.00175875	277.126	7.3588e-06	4.5847
0.00177347	253.438	7.3588e-06	4.3758
0.00178819	238.485	7.3588e-06	5.32329
0.00180291	233.788	7.3588e-06	4.46677
0.00181762	223.684	7.3588e-06	4.04337
0.00183234	208.847	7.3588e-06	3.82278
0.00184706	199.617	7.3588e-06	3.64995
0.00186178	187.536	7.3588e-06	3.57691
0.00187649	177.876	7.3588e-06	3.50246
0.00189121	170.759	7.3588e-06	3.35396
0.00190593	157.177	7.3588e-06	3.26961
0.00192065	154.143	7.3588e-06	3.336
0.00193536	140.866	7.3588e-06	3.05343
0.00195008	140.649	7.3588e-06	3.01983
0.0019648	125.007	7.3588e-06	2.78918
0.00197952	114.207	7.3588e-06	2.71649
0.00199423	113.341	7.3588e-06	2.65922
0.00200895	103.339	7.3588e-06	2.56781
0.00202367	96.6971	7.3588e-06	2.50079
0.00203839	96.0139	7.3588e-06	2.46345
0.0020531	84.8873	7.3588e-06	2.31907
0.00206782	81.1199	7.3588e-06	2.26011
0.00208254	75.9652	7.3588e-06	2.17453
0.00209726	67.1357	7.3588e-06	1.97285
0.00211198	65.7107	7.3588e-06	1.97902
0.00212669	59.6763	7.3588e-06	1.87171
0.00214141	56.7844	7.3588e-06	1.82805
0.00215613	51.2701	7.3588e-06	1.70578
0.00217085	46.7204	7.3588e-06	1.64328
0.00218556	44.8659	7.3588e-06	1.62096
0.00220028	39.4116	7.3588e-06	1.4879
0.002215	35.3281	7.3588e-06	1.42512
0.00222972	34.7382	7.3588e-06	1.39978
0.00224443	32.6829	7.3588e-06	1.34345
0.00225915	29.5885	7.3588e-06	1.29635
0.00227387	26.1571	7.3588e-06	1.20886
0.00228859	21.5602	7.3588e-06	1.0859
0.0023033	21.3266	7.3588e-06	1.07942
0.00231802	19.0713	7.3588e-06	1.01392
0.00233274	16.896	7.3588e-06	0.952048
0.00234746	16.053	7.3588e-06	0.924054
0.00236217	13.1766	7.3588e-06	0.835805
0.00237689	12.5841	7.3588e-06	0.817821
0.00239161	12.3146	7.3588e-06	0.804072
0.00240633	10.1236	7.3588e-06	0.724009
0.00242104	10.0016	7.3588e-06	0.713262
0.00243576	7.9023	7.3588e-06	0.633375
0.00245048	6.21303	7.3588e-06	0.558963
0.0024652	5.89939	7.3588e-06	0.5498
0.00247992	3.91138	7.3588e-06	0.442673
0.00249463	3.2698	7.3588e-06	0.397426
0.00250935	2.76832	7.3588e-06	0.367586
0.00252407	2.05773	7.3588e-06	0.318405
0.00253879	1.63499	7.3588e-06	0.280852
0.0025535	1.11755	7.3588e-06	0.233962
0.00256822	0.562936	7.3588e-06	0.162626
0.00258294	0.138949	7.3588e-06	0.0802228
