7.33727e-06	0.0720187	7.33727e-06	0.0720187
2.20118e-05	1.08436	7.33727e-06	0.380486
3.66863e-05	1.99512	7.33727e-06	0.44587
5.13609e-05	5.38923	7.33727e-06	0.832997
6.60354e-05	10.0589	7.33727e-06	1.33576
8.071e-05	12.9842	7.33727e-06	1.48722
9.53845e-05	17.3414	7.33727e-06	2.4566
0.000110059	21.2587	7.33727e-06	1.8139
0.000124734	29.7801	7.33727e-06	2.34192
0.000139408	38.6871	7.33727e-06	2.67872
0.000154083	42.9824	7.33727e-06	3.22481
0.000168757	49.9187	7.33727e-06	2.77678
0.000183432	59.9315	7.33727e-06	3.40275
0.000198106	65.9949	7.33727e-06	3.301
0.000212781	84.6136	7.33727e-06	4.6775
0.000227455	90.9946	7.33727e-06	4.26517
0.00024213	110.444	7.33727e-06	4.28422
0.000256804	125.802	7.33727e-06	5.58322
0.000271479	130.236	7.33727e-06	4.59805
0.000286153	138.565	7.33727e-06	4.71048
0.000300828	161.854	7.33727e-06	5.61107
0.000315503	187.059	7.33727e-06	8.14237
0.000330177	185.575	7.33727e-06	5.08914
0.000344852	203.639	7.33727e-06	5.44821
0.000359526	243.315	7.33727e-06	20.1463
0.000374201	240.452	7.33727e-06	6.47551
0.000388875	272.327	7.33727e-06	7.81733
0.00040355	278.705	7.33727e-06	7.52834
0.000418224	282.518	7.33727e-06	6.81484
0.000432899	316.639	7.33727e-06	7.10501
0.000447573	322.314	7.33727e-06	7.20503
0.000462248	346.372	7.33727e-06	7.45263
0.000476922	379.259	7.33727e-06	7.44521
0.000491597	392.189	7.33727e-06	7.61991
0.000506272	423.972	7.33727e-06	8.66069
0.000520946	424.758	7.33727e-06	7.36462
0.000535621	449.533	7.33727e-06	8.04245
0.000550295	477.446	7.33727e-06	8.25436
0.00056497	499.648	7.33727e-06	9.08606
0.000579644	509.024	7.33727e-06	8.6939
0.000594319	546.406	7.33727e-06	9.88799
0.000608993	559.549	7.33727e-06	9.5266
0.000623668	588.445	7.33727e-06	10.7186
0.000638342	582.678	7.33727e-06	9.02973
0.000653017	627.853	7.33727e-06	10.8159
0.000667691	669.718	7.33727e-06	13.0505
0.000682366	648.386	7.33727e-06	9.11393
0.000697041	666.856	7.33727e-06	10.322
0.000711715	695.052	7.33727e-06	11.2197
0.00072639	699.682	7.33727e-06	9.26184
0.000741064	771.113	7.33727e-06	28.4867
0.000755739	747.33	7.33727e-06	9.99798
0.000770413	754.193	7.33727e-06	9.96612
0.000785088	773.105	7.33727e-06	10.049
0.000799762	871.422	7.33727e-06	65.282
0.000814437	829.498	7.33727e-06	10.4807
0.000829111	830.063	7.33727e-06	10.4943
0.000843786	856.238	7.33727e-06	11.1124
0.00085846	872.804	7.33727e-06	16.2748
0.000873135	854.629	7.33727e-06	11.246
0.00088781	881.019	7.33727e-06	11.2951
0.000902484	863.025	7.33727e-06	9.74366
0.000917159	890.679	7.33727e-06	10.2352
0.000931833	889.635	7.33727e-06	9.58395
0.000946508	910.125	7.33727e-06	14.0257
0.000961182	909.618	7.33727e-06	10.7881
0.000975857	889.862	7.33727e-06	9.45475
0.000990531	888.612	7.33727e-06	9.26953
0.00100521	927.323	7.33727e-06	10.1838
0.00101988	901.822	7.33727e-06	10.5725
0.00103455	912.957	7.33727e-06	9.81183
0.00104923	916.743	7.33727e-06	12.6187
0.0010639	896.663	7.33727e-06	9.3565
0.00107858	961.824	7.33727e-06	41.2915
0.00109325	889.728	7.33727e-06	8.96364
0.00110793	891.812	7.33727e-06	9.42246
0.0011226	895.276	7.33727e-06	9.05825
0.00113728	883.997	7.33727e-06	8.8753
0.00115195	872.091	7.33727e-06	9.07955
0.00116663	897.171	7.33727e-06	11.7323
0.0011813	849.965	7.33727e-06	9.14144
0.00119597	871.979	7.33727e-06	8.84669
0.00121065	842.037	7.33727e-06	9.4929
0.00122532	842.209	7.33727e-06	8.91785
0.00124	827.237	7.33727e-06	9.13033
0.00125467	825.387	7.33727e-06	8.83438
0.00126935	797.103	7.33727e-06	8.64694
0.00128402	794.265	7.33727e-06	8.54383
0.0012987	780.409	7.33727e-06	8.42227
0.00131337	783.459	7.33727e-06	9.4254
0.00132805	751.73	7.33727e-06	8.15112
0.00134272	738.691	7.33727e-06	8.21572
0.00135739	709.624	7.33727e-06	7.81879
0.00137207	725.19	7.33727e-06	8.53616
0.00138674	685.175	7.33727e-06	7.82162
0.00140142	665.35	7.33727e-06	7.40385
0.00141609	654.434	7.33727e-06	7.34808
0.00143077	623.192	7.33727e-06	7.03721
0.00144544	614.355	7.33727e-06	7.00415
0.00146012	591.114	7.33727e-06	6.61654
0.00147479	592.044	7.33727e-06	6.75099
0.00148947	568.239	7.33727e-06	6.63279
0.00150414	554.307	7.33727e-06	7.4424
0.00151881	529.983	7.33727e-06	6.50513
0.00153349	513.187	7.33727e-06	6.04908
0.00154816	498.567	7.33727e-06	6.27531
0.00156284	492.237	7.33727e-06	6.7942
0.00157751	463.968	7.33727e-06	5.8878
0.00159219	442.499	7.33727e-06	5.6202
0.00160686	437.071	7.33727e-06	5.78569
0.00162154	425.029	7.33727e-06	5.30358
0.00163621	414.516	7.33727e-06	6.1148
0.00165089	391.21	7.33727e-06	5.31128
0.00166556	373.509	7.33727e-06	5.04255
0.00168023	356.261	7.33727e-06	4.84757
0.00169491	336.465	7.33727e-06	4.70267
0.00170958	328.571	7.33727e-06	4.67774
0.00172426	308.391	7.33727e-06	4.49767
0.00173893	297.505	7.33727e-06	4.3685
0.00175361	284.378	7.33727e-06	4.33802
0.00176828	276.18	7.33727e-06	4.17759
0.00178296	260.503	7.33727e-06	4.18593
0.00179763	247.843	7.33727e-06	3.98129
0.00181231	235.6	7.33727e-06	3.837
0.00182698	228.631	7.33727e-06	3.80346
0.00184165	215.495	7.33727e-06	3.65093
0.00185633	195.638	7.33727e-06	3.51528
0.001871	192.592	7.33727e-06	3.43449
0.00188568	181.192	7.33727e-06	3.29962
0.00190035	173.04	7.33727e-06	3.25338
0.00191503	154.275	7.33727e-06	3.05304
0.0019297	155.808	7.33727e-06	3.48761
0.00194438	143.944	7.33727e-06	2.93333
0.00195905	133.856	7.33727e-06	2.83724
0.00197373	127.541	7.33727e-06	2.73591
0.0019884	116.898	7.33727e-06	2.63421
0.00200307	117.225	7.33727e-06	2.62876
0.00201775	104.024	7.33727e-06	2.46684
0.00203242	94.1735	7.33727e-06	2.35455
0.0020471	98.9538	7.33727e-06	2.43498
0.00206177	89.4698	7.33727e-06	2.28634
0.00207645	82.4555	7.33727e-06	2.17091
0.00209112	75.8733	7.33727e-06	2.0995
0.0021058	69.3498	7.33727e-06	1.9838
0.00212047	63.371	7.33727e-06	1.90575
0.00213515	64.0331	7.33727e-06	1.9086
0.00214982	55.4092	7.33727e-06	1.76286
0.00216449	53.2451	7.33727e-06	1.71554
0.00217917	48.9494	7.33727e-06	1.6579
0.00219384	44.3425	7.33727e-06	1.56628
0.00220852	43.0355	7.33727e-06	1.53592
0.00222319	40.1958	7.33727e-06	1.48643
0.00223787	35.0669	7.33727e-06	1.37793
0.00225254	31.7031	7.33727e-06	1.31811
0.00226722	30.6123	7.33727e-06	1.30744
0.00228189	27.9407	7.33727e-06	1.22721
0.00229657	24.5634	7.33727e-06	1.15655
0.00231124	25.137	7.33727e-06	1.15942
0.00232591	21.5214	7.33727e-06	1.06936
0.00234059	18.0523	7.33727e-06	0.978488
0.00235526	16.0659	7.33727e-06	0.926318
0.00236994	15.8111	7.33727e-06	0.993422
0.00238461	14.195	7.33727e-06	0.860922
0.00239929	12.6194	7.33727e-06	0.813337
0.00241396	10.3843	7.33727e-06	0.768959
0.00242864	9.44253	7.33727e-06	0.695031
0.00244331	8.40243	7.33727e-06	0.652835
0.00245798	7.08504	7.33727e-06	0.602696
0.00247266	6.16508	7.33727e-06	0.556192
0.00248733	4.87262	7.33727e-06	0.492426
0.00250201	3.76694	7.33727e-06	0.432272
0.00251668	3.35728	7.33727e-06	0.468633
0.00253136	2.29166	7.33727e-06	0.334313
0.00254603	1.26473	7.33727e-06	0.24806
0.00256071	1.06384	7.33727e-06	0.22682
0.00257538	0.143757	7.33727e-06	0.0829983
