7.37321e-06	0.035932	7.37321e-06	0.035932
2.21196e-05	0.906752	7.37321e-06	0.239666
3.6866e-05	1.99575	7.37321e-06	0.383317
5.16125e-05	7.1931	7.37321e-06	0.996722
6.63589e-05	9.13093	7.37321e-06	0.934532
8.11053e-05	12.3459	7.37321e-06	0.991409
9.58517e-05	16.7011	7.37321e-06	1.1865
0.000110598	21.4614	7.37321e-06	1.48691
0.000125345	28.8833	7.37321e-06	1.85921
0.000140091	36.369	7.37321e-06	1.92548
0.000154837	44.3154	7.37321e-06	2.23036
0.000169584	55.0906	7.37321e-06	2.66902
0.00018433	64.4963	7.37321e-06	3.07356
0.000199077	89.4117	7.37321e-06	9.39232
0.000213823	91.0681	7.37321e-06	4.80701
0.000228569	102.641	7.37321e-06	4.35188
0.000243316	113.046	7.37321e-06	5.30781
0.000258062	121.086	7.37321e-06	3.99411
0.000272809	148.492	7.37321e-06	7.33379
0.000287555	159.073	7.37321e-06	4.68964
0.000302302	166.719	7.37321e-06	6.21614
0.000317048	186.998	7.37321e-06	5.46918
0.000331794	220.426	7.37321e-06	6.44546
0.000346541	227.623	7.37321e-06	7.87337
0.000361287	247.104	7.37321e-06	7.5699
0.000376034	262.618	7.37321e-06	7.00773
0.00039078	263.228	7.37321e-06	6.37753
0.000405526	295.932	7.37321e-06	7.53959
0.000420273	324.275	7.37321e-06	13.5033
0.000435019	322.06	7.37321e-06	6.76919
0.000449766	355.981	7.37321e-06	8.90377
0.000464512	369.439	7.37321e-06	7.72109
0.000479259	390.646	7.37321e-06	8.27601
0.000494005	410.921	7.37321e-06	7.53271
0.000508751	419.577	7.37321e-06	7.20294
0.000523498	461.404	7.37321e-06	8.93501
0.000538244	466.57	7.37321e-06	8.351
0.000552991	488.983	7.37321e-06	9.26207
0.000567737	526.312	7.37321e-06	10.4904
0.000582484	532.3	7.37321e-06	10.4093
0.00059723	627.089	7.37321e-06	38.9983
0.000611976	576.06	7.37321e-06	10.596
0.000626723	606.953	7.37321e-06	15.407
0.000641469	639.072	7.37321e-06	20.6608
0.000656216	658.19	7.37321e-06	21.5314
0.000670962	656.159	7.37321e-06	11.5515
0.000685708	768.331	7.37321e-06	60.8958
0.000700455	689.54	7.37321e-06	12.7591
0.000715201	715.804	7.37321e-06	11.9044
0.000729948	700.517	7.37321e-06	9.54233
0.000744694	812.513	7.37321e-06	44.6662
0.000759441	758.711	7.37321e-06	11.7966
0.000774187	748.323	7.37321e-06	10.893
0.000788933	772.797	7.37321e-06	11.2474
0.00080368	812.057	7.37321e-06	17.2353
0.000818426	809.284	7.37321e-06	13.1594
0.000833173	799.231	7.37321e-06	11.0395
0.000847919	866.324	7.37321e-06	33.0574
0.000862665	853.31	7.37321e-06	10.5753
0.000877412	858.291	7.37321e-06	12.1102
0.000892158	859.611	7.37321e-06	10.9409
0.000906905	874.429	7.37321e-06	11.4435
0.000921651	886.221	7.37321e-06	12.6287
0.000936398	909.153	7.37321e-06	14.0153
0.000951144	895.809	7.37321e-06	11.4221
0.00096589	899.447	7.37321e-06	13.279
0.000980637	948.707	7.37321e-06	50.022
0.000995383	898.545	7.37321e-06	11.9378
0.00101013	874.238	7.37321e-06	10.8368
0.00102488	922.913	7.37321e-06	14.6235
0.00103962	943.457	7.37321e-06	25.0889
0.00105437	898.922	7.37321e-06	11.6085
0.00106912	894.162	7.37321e-06	11.4952
0.00108386	885.553	7.37321e-06	11.9129
0.00109861	896.344	7.37321e-06	12.2949
0.00111335	873.562	7.37321e-06	11.333
0.0011281	863.915	7.37321e-06	11.3422
0.00114285	876.835	7.37321e-06	11.6628
0.00115759	891.962	7.37321e-06	20.9902
0.00117234	871.859	7.37321e-06	13.6403
0.00118709	830.959	7.37321e-06	10.2883
0.00120183	819.352	7.37321e-06	10.5853
0.00121658	836.08	7.37321e-06	12.4988
0.00123133	831.097	7.37321e-06	12.0403
0.00124607	829.087	7.37321e-06	21.2711
0.00126082	805.167	7.37321e-06	10.9623
0.00127557	775.788	7.37321e-06	10.0846
0.00129031	767.001	7.37321e-06	10.9086
0.00130506	744.332	7.37321e-06	10.3649
0.0013198	748.834	7.37321e-06	11.119
0.00133455	808.622	7.37321e-06	45.3237
0.0013493	719.767	7.37321e-06	10.2374
0.00136404	697.778	7.37321e-06	10.1577
0.00137879	682.553	7.37321e-06	12.5229
0.00139354	638.759	7.37321e-06	8.7234
0.00140828	634.64	7.37321e-06	8.88769
0.00142303	620.407	7.37321e-06	8.98771
0.00143778	625.269	7.37321e-06	10.2769
0.00145252	595.968	7.37321e-06	9.24352
0.00146727	571.1	7.37321e-06	8.35603
0.00148202	566.776	7.37321e-06	8.4018
0.00149676	551.942	7.37321e-06	8.37335
0.00151151	559.064	7.37321e-06	13.5797
0.00152625	512.481	7.37321e-06	7.61811
0.001541	496.988	7.37321e-06	7.29181
0.00155575	495.741	7.37321e-06	8.8461
0.00157049	468.08	7.37321e-06	9.20648
0.00158524	431.779	7.37321e-06	7.78272
0.00159999	437.974	7.37321e-06	9.44868
0.00161473	420.243	7.37321e-06	8.48624
0.00162948	398.466	7.37321e-06	6.60053
0.00164423	388.884	7.37321e-06	6.59765
0.00165897	367.13	7.37321e-06	7.52646
0.00167372	351.138	7.37321e-06	6.57904
0.00168846	348.311	7.37321e-06	6.4861
0.00170321	331.661	7.37321e-06	7.1393
0.00171796	314.29	7.37321e-06	6.01045
0.0017327	304.961	7.37321e-06	6.50225
0.00174745	281.923	7.37321e-06	5.51094
0.0017622	280.027	7.37321e-06	5.9918
0.00177694	275.999	7.37321e-06	7.40122
0.00179169	253.634	7.37321e-06	5.80592
0.00180644	242.822	7.37321e-06	6.40668
0.00182118	223.802	7.37321e-06	4.44876
0.00183593	207.149	7.37321e-06	4.33957
0.00185068	196.525	7.37321e-06	4.72567
0.00186542	192.565	7.37321e-06	4.71162
0.00188017	173.729	7.37321e-06	4.07423
0.00189491	178.032	7.37321e-06	5.3459
0.00190966	157.547	7.37321e-06	3.92328
0.00192441	167.644	7.37321e-06	7.35934
0.00193915	140.633	7.37321e-06	3.65029
0.0019539	128.572	7.37321e-06	3.70563
0.00196865	129.013	7.37321e-06	3.67558
0.00198339	124.404	7.37321e-06	3.87647
0.00199814	111.72	7.37321e-06	3.35837
0.00201289	109.878	7.37321e-06	3.78173
0.00202763	99.8591	7.37321e-06	3.01163
0.00204238	93.9194	7.37321e-06	3.65397
0.00205713	84.9301	7.37321e-06	2.72968
0.00207187	82.8971	7.37321e-06	2.86295
0.00208662	79.2915	7.37321e-06	3.11241
0.00210136	71.3771	7.37321e-06	2.5348
0.00211611	69.8059	7.37321e-06	2.63656
0.00213086	62.3967	7.37321e-06	2.44984
0.0021456	53.7212	7.37321e-06	2.17877
0.00216035	51.0238	7.37321e-06	1.96853
0.0021751	44.6762	7.37321e-06	1.96341
0.00218984	47.2796	7.37321e-06	2.09014
0.00220459	42.1118	7.37321e-06	1.90774
0.00221934	39.2038	7.37321e-06	2.57961
0.00223408	32.0675	7.37321e-06	1.48902
0.00224883	35.3697	7.37321e-06	1.82327
0.00226358	31.6018	7.37321e-06	1.57437
0.00227832	27.2588	7.37321e-06	1.54025
0.00229307	27.9676	7.37321e-06	3.2221
0.00230781	24.3065	7.37321e-06	1.41817
0.00232256	19.7755	7.37321e-06	1.15648
0.00233731	16.9929	7.37321e-06	1.05322
0.00235205	15.2225	7.37321e-06	1.00079
0.0023668	15.684	7.37321e-06	1.05357
0.00238155	14.4875	7.37321e-06	1.01406
0.00239629	11.836	7.37321e-06	0.899279
0.00241104	11.5977	7.37321e-06	0.870583
0.00242579	7.45777	7.37321e-06	0.673204
0.00244053	7.55646	7.37321e-06	0.666914
0.00245528	6.99658	7.37321e-06	0.634158
0.00247003	5.51287	7.37321e-06	0.564125
0.00248477	4.83315	7.37321e-06	0.55111
0.00249952	5.25769	7.37321e-06	0.569168
0.00251426	2.8572	7.37321e-06	0.401364
0.00252901	1.59075	7.37321e-06	0.301245
0.00254376	1.94328	7.37321e-06	0.318965
0.0025585	0.836015	7.37321e-06	0.217432
0.00257325	0.428355	7.37321e-06	0.151685
