7.35945e-06	0.302902	7.35945e-06	0.15437
2.20784e-05	0.88045	7.35945e-06	0.190205
3.67973e-05	2.41344	7.35945e-06	0.502902
5.15162e-05	4.42822	7.35945e-06	0.51364
6.62351e-05	9.24416	7.35945e-06	1.59775
8.0954e-05	10.8544	7.35945e-06	0.87793
9.56729e-05	17.374	7.35945e-06	1.17988
0.000110392	18.4399	7.35945e-06	1.18172
0.000125111	25.8005	7.35945e-06	1.68266
0.00013983	33.188	7.35945e-06	1.66695
0.000154549	41.4631	7.35945e-06	2.27338
0.000169267	51.052	7.35945e-06	2.51813
0.000183986	64.2264	7.35945e-06	2.65049
0.000198705	71.7971	7.35945e-06	2.90949
0.000213424	78.3532	7.35945e-06	2.77928
0.000228143	90.8474	7.35945e-06	3.39569
0.000242862	108.187	7.35945e-06	3.49052
0.000257581	126.033	7.35945e-06	5.4647
0.0002723	148.841	7.35945e-06	6.58444
0.000287019	140.029	7.35945e-06	3.76567
0.000301738	160.015	7.35945e-06	4.35498
0.000316456	180.34	7.35945e-06	5.4733
0.000331175	191.614	7.35945e-06	5.33347
0.000345894	224.227	7.35945e-06	7.89424
0.000360613	225.251	7.35945e-06	6.31743
0.000375332	259.593	7.35945e-06	11.9172
0.000390051	272.34	7.35945e-06	6.36325
0.00040477	273.472	7.35945e-06	5.63088
0.000419489	306.634	7.35945e-06	7.84093
0.000434208	328.221	7.35945e-06	8.33647
0.000448927	337.579	7.35945e-06	7.6273
0.000463646	361.818	7.35945e-06	7.17352
0.000478364	370.356	7.35945e-06	6.35629
0.000493083	396.017	7.35945e-06	7.7448
0.000507802	410.102	7.35945e-06	6.67468
0.000522521	448.871	7.35945e-06	9.2659
0.00053724	470.56	7.35945e-06	8.99068
0.000551959	479.739	7.35945e-06	9.05153
0.000566678	503.802	7.35945e-06	11.7386
0.000581397	516.977	7.35945e-06	8.49722
0.000596116	533.697	7.35945e-06	9.20775
0.000610835	545.755	7.35945e-06	8.52842
0.000625554	584.208	7.35945e-06	14.2497
0.000640272	603.06	7.35945e-06	9.20785
0.000654991	624.18	7.35945e-06	20.5478
0.00066971	679.974	7.35945e-06	22.3805
0.000684429	678.834	7.35945e-06	10.3604
0.000699148	680.108	7.35945e-06	12.8855
0.000713867	707.334	7.35945e-06	10.9397
0.000728586	725.553	7.35945e-06	10.3894
0.000743305	716.216	7.35945e-06	10.2036
0.000758024	753.768	7.35945e-06	11.0697
0.000772743	745.163	7.35945e-06	9.8122
0.000787462	769.536	7.35945e-06	11.397
0.00080218	774.59	7.35945e-06	10.8557
0.000816899	798.766	7.35945e-06	13.3681
0.000831618	855.836	7.35945e-06	30.0433
0.000846337	873.277	7.35945e-06	17.549
0.000861056	850.404	7.35945e-06	11.2013
0.000875775	845.356	7.35945e-06	11.8752
0.000890494	850.984	7.35945e-06	11.3884
0.000905213	885.834	7.35945e-06	16.6839
0.000919932	909.441	7.35945e-06	17.011
0.000934651	930.364	7.35945e-06	17.796
0.000949369	880.016	7.35945e-06	15.3363
0.000964088	881.73	7.35945e-06	11.8452
0.000978807	900.659	7.35945e-06	12.0415
0.000993526	917.949	7.35945e-06	13.4037
0.00100825	907.02	7.35945e-06	12.4897
0.00102296	897.909	7.35945e-06	13.1535
0.00103768	912.076	7.35945e-06	12.2688
0.0010524	963.2	7.35945e-06	31.7095
0.00106712	913.768	7.35945e-06	11.798
0.00108184	875.154	7.35945e-06	11.4579
0.00109656	879.802	7.35945e-06	12.0739
0.00111128	871.866	7.35945e-06	11.1883
0.001126	863.374	7.35945e-06	11.5028
0.00114072	887.556	7.35945e-06	16.7565
0.00115543	868.503	7.35945e-06	13.2237
0.00117015	841.561	7.35945e-06	10.67
0.00118487	888.264	7.35945e-06	18.104
0.00119959	859.737	7.35945e-06	14.7431
0.00121431	856.022	7.35945e-06	16.8434
0.00122903	811.003	7.35945e-06	13.4679
0.00124375	839.771	7.35945e-06	15.052
0.00125847	819.832	7.35945e-06	15.9842
0.00127319	816.46	7.35945e-06	16.6136
0.0012879	789.87	7.35945e-06	12.6211
0.00130262	777.365	7.35945e-06	16.4331
0.00131734	742.313	7.35945e-06	13.1136
0.00133206	744.867	7.35945e-06	12.2451
0.00134678	726.027	7.35945e-06	11.512
0.0013615	710.259	7.35945e-06	12.1143
0.00137622	708.077	7.35945e-06	14.0078
0.00139094	673.827	7.35945e-06	12.553
0.00140566	663.892	7.35945e-06	11.4541
0.00142037	640.302	7.35945e-06	11.3335
0.00143509	642.036	7.35945e-06	11.5447
0.00144981	606.579	7.35945e-06	10.6573
0.00146453	608.312	7.35945e-06	12.0755
0.00147925	608.015	7.35945e-06	12.3906
0.00149397	563.176	7.35945e-06	10.5182
0.00150869	545.214	7.35945e-06	10.4143
0.00152341	524.453	7.35945e-06	9.81195
0.00153813	525.034	7.35945e-06	12.0918
0.00155284	510.979	7.35945e-06	16.1058
0.00156756	458.428	7.35945e-06	8.17553
0.00158228	458.551	7.35945e-06	12.0437
0.001597	446.652	7.35945e-06	11.5553
0.00161172	478.573	7.35945e-06	31.9449
0.00162644	412.485	7.35945e-06	9.25642
0.00164116	388.036	7.35945e-06	8.19733
0.00165588	372.209	7.35945e-06	7.85368
0.0016706	376.387	7.35945e-06	10.2221
0.00168531	363.808	7.35945e-06	9.42715
0.00170003	335.192	7.35945e-06	7.85734
0.00171475	319.308	7.35945e-06	8.15959
0.00172947	300.255	7.35945e-06	7.17514
0.00174419	303.852	7.35945e-06	8.49687
0.00175891	290.247	7.35945e-06	7.50068
0.00177363	285.194	7.35945e-06	9.12595
0.00178835	262.594	7.35945e-06	8.94505
0.00180307	274.141	7.35945e-06	15.9327
0.00181779	232.791	7.35945e-06	6.47615
0.0018325	224.534	7.35945e-06	6.38294
0.00184722	223.189	7.35945e-06	7.46309
0.00186194	196.968	7.35945e-06	6.15265
0.00187666	193.668	7.35945e-06	6.46399
0.00189138	179.541	7.35945e-06	6.23114
0.0019061	180.033	7.35945e-06	6.52175
0.00192082	162.207	7.35945e-06	5.298
0.00193554	154.624	7.35945e-06	5.84369
0.00195026	138.885	7.35945e-06	5.49625
0.00196497	123.969	7.35945e-06	4.45751
0.00197969	125.465	7.35945e-06	4.83378
0.00199441	132.559	7.35945e-06	9.26035
0.00200913	104.322	7.35945e-06	4.12298
0.00202385	108.058	7.35945e-06	4.69521
0.00203857	93.069	7.35945e-06	4.84531
0.00205329	82.3707	7.35945e-06	3.5303
0.00206801	79.522	7.35945e-06	3.60799
0.00208273	79.2003	7.35945e-06	5.76494
0.00209744	77.4963	7.35945e-06	3.52475
0.00211216	72.68	7.35945e-06	6.13096
0.00212688	61.782	7.35945e-06	3.30464
0.0021416	61.2345	7.35945e-06	4.86606
0.00215632	60.0441	7.35945e-06	3.58212
0.00217104	49.534	7.35945e-06	3.70385
0.00218576	48.7404	7.35945e-06	3.12007
0.00220048	42.2961	7.35945e-06	2.88932
0.0022152	38.5434	7.35945e-06	2.44553
0.00222991	37.772	7.35945e-06	2.61791
0.00224463	31.3924	7.35945e-06	2.13036
0.00225935	38.2585	7.35945e-06	3.54849
0.00227407	24.6848	7.35945e-06	1.75836
0.00228879	26.2939	7.35945e-06	2.30973
0.00230351	22.9209	7.35945e-06	2.22721
0.00231823	22.5993	7.35945e-06	2.14257
0.00233295	17.5014	7.35945e-06	1.69981
0.00234767	16.2903	7.35945e-06	1.76083
0.00236238	13.9886	7.35945e-06	1.48589
0.0023771	12.5944	7.35945e-06	1.326
0.00239182	12.4413	7.35945e-06	1.52124
0.00240654	9.19894	7.35945e-06	1.42366
0.00242126	9.62039	7.35945e-06	1.17276
0.00243598	7.69936	7.35945e-06	1.53565
0.0024507	6.45446	7.35945e-06	1.07618
0.00246542	11.0477	7.35945e-06	3.31527
0.00248014	5.52673	7.35945e-06	0.915082
0.00249485	5.14829	7.35945e-06	1.02797
0.00250957	3.81347	7.35945e-06	1.03172
0.00252429	1.4229	7.35945e-06	0.439342
0.00253901	0.882882	7.35945e-06	0.38367
0.00255373	1.18504	7.35945e-06	0.541686
0.00256845	0.50233	7.35945e-06	0.325286
