7.38283e-06	0.0463495	7.38283e-06	0.0463495
2.21485e-05	0.977762	7.38283e-06	0.280817
3.69141e-05	4.21757	7.38283e-06	1.05285
5.16798e-05	4.78077	7.38283e-06	0.853088
6.64455e-05	8.11543	7.38283e-06	0.906348
8.12111e-05	15.001	7.38283e-06	1.62632
9.59768e-05	17.6668	7.38283e-06	1.30172
0.000110742	23.5526	7.38283e-06	1.76569
0.000125508	37.7372	7.38283e-06	6.47002
0.000140274	40.9114	7.38283e-06	2.84298
0.000155039	44.2217	7.38283e-06	2.41966
0.000169805	64.1199	7.38283e-06	4.31462
0.000184571	64.8009	7.38283e-06	2.65105
0.000199336	96.1781	7.38283e-06	7.25833
0.000214102	93.1098	7.38283e-06	5.36382
0.000228868	107.746	7.38283e-06	4.2903
0.000243633	105.532	7.38283e-06	3.39888
0.000258399	145.284	7.38283e-06	8.60638
0.000273165	146.026	7.38283e-06	4.75431
0.00028793	166.586	7.38283e-06	5.67742
0.000302696	165.623	7.38283e-06	4.80004
0.000317462	189.226	7.38283e-06	5.33187
0.000332227	206.674	7.38283e-06	5.94614
0.000346993	229.417	7.38283e-06	7.66929
0.000361759	247.55	7.38283e-06	7.22859
0.000376524	243.955	7.38283e-06	5.4282
0.00039129	275.35	7.38283e-06	6.30356
0.000406056	309.698	7.38283e-06	7.56492
0.000420821	306.841	7.38283e-06	6.73977
0.000435587	328.891	7.38283e-06	7.33271
0.000450353	369.221	7.38283e-06	8.74745
0.000465118	376.953	7.38283e-06	9.94117
0.000479884	400.149	7.38283e-06	7.75222
0.00049465	431.031	7.38283e-06	9.24643
0.000509415	451.251	7.38283e-06	8.50727
0.000524181	464.479	7.38283e-06	8.56468
0.000538947	488.438	7.38283e-06	11.6938
0.000553712	515.434	7.38283e-06	9.33459
0.000568478	511.634	7.38283e-06	8.70444
0.000583244	532.694	7.38283e-06	8.69082
0.000598009	579.577	7.38283e-06	14.0498
0.000612775	604.172	7.38283e-06	11.1431
0.00062754	609.186	7.38283e-06	11.4764
0.000642306	633.884	7.38283e-06	11.6302
0.000657072	618.046	7.38283e-06	9.01021
0.000671837	679.66	7.38283e-06	13.4603
0.000686603	686.99	7.38283e-06	11.2101
0.000701369	691.748	7.38283e-06	10.7347
0.000716134	728.903	7.38283e-06	12.8828
0.0007309	733.285	7.38283e-06	11.8344
0.000745666	746.451	7.38283e-06	9.8755
0.000760431	753.905	7.38283e-06	10.8543
0.000775197	795.92	7.38283e-06	11.5825
0.000789963	808.295	7.38283e-06	10.8528
0.000804728	819.959	7.38283e-06	12.006
0.000819494	814.459	7.38283e-06	10.6892
0.00083426	845.649	7.38283e-06	12.3948
0.000849025	865.201	7.38283e-06	14.7981
0.000863791	869.293	7.38283e-06	12.8262
0.000878557	853.334	7.38283e-06	10.2803
0.000893322	863.873	7.38283e-06	11.5381
0.000908088	874.405	7.38283e-06	11.1128
0.000922854	878.908	7.38283e-06	10.8482
0.000937619	903.947	7.38283e-06	11.071
0.000952385	892.848	7.38283e-06	10.8007
0.000967151	892.051	7.38283e-06	11.3376
0.000981916	893.044	7.38283e-06	10.6965
0.000996682	901.106	7.38283e-06	10.7351
0.00101145	904.467	7.38283e-06	11.3008
0.00102621	935.931	7.38283e-06	17.0297
0.00104098	905.075	7.38283e-06	10.73
0.00105574	920.954	7.38283e-06	11.6406
0.00107051	917.125	7.38283e-06	15.0206
0.00108528	894.251	7.38283e-06	11.4301
0.00110004	901.206	7.38283e-06	10.0886
0.00111481	890.68	7.38283e-06	13.221
0.00112957	876.746	7.38283e-06	10.0615
0.00114434	872.415	7.38283e-06	10.0498
0.0011591	866.217	7.38283e-06	10.6854
0.00117387	856.288	7.38283e-06	10.0256
0.00118864	862.361	7.38283e-06	10.9462
0.0012034	847.256	7.38283e-06	11.7227
0.00121817	830.735	7.38283e-06	12.208
0.00123293	821.041	7.38283e-06	10.0261
0.0012477	808.054	7.38283e-06	17.626
0.00126246	795.937	7.38283e-06	10.4262
0.00127723	771.564	7.38283e-06	9.4079
0.001292	774.096	7.38283e-06	9.43074
0.00130676	766.075	7.38283e-06	11.065
0.00132153	727.178	7.38283e-06	9.51532
0.00133629	716.337	7.38283e-06	9.02147
0.00135106	698.052	7.38283e-06	8.65534
0.00136582	681.173	7.38283e-06	9.6349
0.00138059	655.118	7.38283e-06	8.43111
0.00139535	654.221	7.38283e-06	8.14257
0.00141012	649.209	7.38283e-06	8.16118
0.00142489	634.096	7.38283e-06	8.3006
0.00143965	616.216	7.38283e-06	9.31065
0.00145442	613.055	7.38283e-06	10.3954
0.00146918	573.447	7.38283e-06	7.51003
0.00148395	561.93	7.38283e-06	7.73821
0.00149871	540.967	7.38283e-06	7.82314
0.00151348	519.284	7.38283e-06	6.88054
0.00152825	522.583	7.38283e-06	8.22974
0.00154301	496.363	7.38283e-06	8.43581
0.00155778	483.99	7.38283e-06	7.28327
0.00157254	456.336	7.38283e-06	6.91119
0.00158731	453.136	7.38283e-06	7.99179
0.00160207	449.276	7.38283e-06	7.35064
0.00161684	397.046	7.38283e-06	5.84501
0.00163161	404.745	7.38283e-06	6.82154
0.00164637	392.957	7.38283e-06	6.70617
0.00166114	380.638	7.38283e-06	8.03423
0.0016759	344.822	7.38283e-06	5.73779
0.00169067	336.559	7.38283e-06	5.85278
0.00170543	324.723	7.38283e-06	6.3849
0.0017202	309.213	7.38283e-06	5.66255
0.00173496	290.525	7.38283e-06	5.15889
0.00174973	272.347	7.38283e-06	4.85183
0.0017645	267.261	7.38283e-06	4.66477
0.00177926	266.52	7.38283e-06	5.24703
0.00179403	252.651	7.38283e-06	5.86955
0.00180879	234.833	7.38283e-06	7.14113
0.00182356	218.885	7.38283e-06	4.35021
0.00183832	208.698	7.38283e-06	4.19997
0.00185309	206.376	7.38283e-06	4.66223
0.00186786	188.74	7.38283e-06	4.04325
0.00188262	174.998	7.38283e-06	3.93582
0.00189739	171.762	7.38283e-06	3.75315
0.00191215	161.938	7.38283e-06	3.9611
0.00192692	152.729	7.38283e-06	5.02916
0.00194168	143.832	7.38283e-06	3.84332
0.00195645	138.054	7.38283e-06	3.97627
0.00197122	128.433	7.38283e-06	3.22964
0.00198598	118.917	7.38283e-06	3.42638
0.00200075	113.384	7.38283e-06	5.07973
0.00201551	103.853	7.38283e-06	3.36478
0.00203028	101.3	7.38283e-06	3.00621
0.00204504	91.2917	7.38283e-06	2.57335
0.00205981	84.6845	7.38283e-06	2.44133
0.00207458	77.7492	7.38283e-06	2.46919
0.00208934	76.2318	7.38283e-06	2.42416
0.00210411	76.2909	7.38283e-06	2.92617
0.00211887	66.6828	7.38283e-06	2.245
0.00213364	55.9998	7.38283e-06	1.90655
0.0021484	58.3443	7.38283e-06	1.99908
0.00216317	55.5229	7.38283e-06	3.29639
0.00217793	45.7868	7.38283e-06	1.8204
0.0021927	45.966	7.38283e-06	1.83387
0.00220747	41.8268	7.38283e-06	1.75691
0.00222223	34.6262	7.38283e-06	1.64355
0.002237	33.4325	7.38283e-06	1.49057
0.00225176	33.0041	7.38283e-06	1.55182
0.00226653	30.6556	7.38283e-06	1.46288
0.00228129	27.9125	7.38283e-06	1.35431
0.00229606	25.5801	7.38283e-06	1.27449
0.00231083	22.6357	7.38283e-06	1.16961
0.00232559	17.6367	7.38283e-06	1.01295
0.00234036	17.512	7.38283e-06	1.03531
0.00235512	15.2509	7.38283e-06	0.951564
0.00236989	14.9531	7.38283e-06	0.945148
0.00238465	14.0112	7.38283e-06	0.896938
0.00239942	11.2414	7.38283e-06	0.794364
0.00241419	10.5358	7.38283e-06	0.761419
0.00242895	7.67365	7.38283e-06	0.647826
0.00244372	6.91983	7.38283e-06	0.615626
0.00245848	6.17564	7.38283e-06	0.57366
0.00247325	6.22674	7.38283e-06	0.579996
0.00248801	4.69735	7.38283e-06	0.499834
0.00250278	4.13675	7.38283e-06	0.465988
0.00251754	3.15018	7.38283e-06	0.407894
0.00253231	1.51782	7.38283e-06	0.274623
0.00254708	1.37535	7.38283e-06	0.261164
0.00256184	0.880323	7.38283e-06	0.208102
0.00257661	0.197308	7.38283e-06	0.0987146
