7.4161e-06	6.98164	7.4161e-06	0.906656
2.22483e-05	15.0323	7.4161e-06	0.904475
3.70805e-05	19.6391	7.4161e-06	1.00041
5.19127e-05	27.9728	7.4161e-06	1.32391
6.67449e-05	33.1322	7.4161e-06	1.36384
8.15771e-05	43.1617	7.4161e-06	1.64408
9.64093e-05	56.0871	7.4161e-06	2.38129
0.000111241	63.2379	7.4161e-06	2.27608
0.000126074	74.5371	7.4161e-06	2.75801
0.000140906	86.3685	7.4161e-06	3.02859
0.000155738	99.4991	7.4161e-06	3.24808
0.00017057	105.777	7.4161e-06	2.94553
0.000185402	124.797	7.4161e-06	4.83397
0.000200235	133.452	7.4161e-06	3.56357
0.000215067	164.331	7.4161e-06	5.88733
0.000229899	164.492	7.4161e-06	3.83398
0.000244731	190.626	7.4161e-06	6.1017
0.000259563	195.739	7.4161e-06	4.27651
0.000274396	230.929	7.4161e-06	6.02651
0.000289228	241.753	7.4161e-06	4.89336
0.00030406	260.72	7.4161e-06	6.54952
0.000318892	279.717	7.4161e-06	5.668
0.000333724	310.184	7.4161e-06	8.06507
0.000348557	315.717	7.4161e-06	6.3627
0.000363389	345.963	7.4161e-06	7.62639
0.000378221	361.309	7.4161e-06	9.87999
0.000393053	379.567	7.4161e-06	7.05639
0.000407885	400.765	7.4161e-06	7.07352
0.000422718	425.001	7.4161e-06	10.7726
0.00043755	510.359	7.4161e-06	47.735
0.000452382	461.469	7.4161e-06	8.25964
0.000467214	490.843	7.4161e-06	10.5965
0.000482046	540.678	7.4161e-06	15.8648
0.000496879	534.951	7.4161e-06	11.9498
0.000511711	681.493	7.4161e-06	72.7605
0.000526543	567.389	7.4161e-06	8.73708
0.000541375	576.07	7.4161e-06	8.72172
0.000556207	621.383	7.4161e-06	13.6842
0.00057104	637.915	7.4161e-06	9.8514
0.000585872	655.063	7.4161e-06	10.0052
0.000600704	670.523	7.4161e-06	10.6332
0.000615536	695.82	7.4161e-06	13.3596
0.000630368	716.052	7.4161e-06	14.2558
0.000645201	707.525	7.4161e-06	10.8301
0.000660033	744.573	7.4161e-06	12.1548
0.000674865	761.702	7.4161e-06	11.4542
0.000689697	758.891	7.4161e-06	12.3205
0.000704529	785.167	7.4161e-06	12.0046
0.000719362	789.092	7.4161e-06	10.724
0.000734194	850.791	7.4161e-06	38.4368
0.000749026	790.47	7.4161e-06	10.6454
0.000763858	827.364	7.4161e-06	12.0193
0.00077869	832.977	7.4161e-06	12.5566
0.000793523	865.14	7.4161e-06	26.4364
0.000808355	895.793	7.4161e-06	27.8575
0.000823187	884.7	7.4161e-06	16.4414
0.000838019	860.602	7.4161e-06	12.9763
0.000852851	915.763	7.4161e-06	27.6022
0.000867684	876.636	7.4161e-06	13.3913
0.000882516	895.696	7.4161e-06	14.7346
0.000897348	877.537	7.4161e-06	13.2685
0.00091218	912.15	7.4161e-06	14.0749
0.000927012	908.999	7.4161e-06	17.3962
0.000941845	906.596	7.4161e-06	15.2743
0.000956677	923.722	7.4161e-06	14.6335
0.000971509	879.802	7.4161e-06	13.0096
0.000986341	891.1	7.4161e-06	13.9759
0.00100117	884.456	7.4161e-06	12.367
0.00101601	885.075	7.4161e-06	14.1668
0.00103084	916.124	7.4161e-06	35.0286
0.00104567	855.044	7.4161e-06	12.2358
0.0010605	886.039	7.4161e-06	13.9277
0.00107533	867.878	7.4161e-06	13.6602
0.00109017	842.179	7.4161e-06	16.6579
0.001105	826.234	7.4161e-06	12.1114
0.00111983	832.867	7.4161e-06	12.1948
0.00113466	831.624	7.4161e-06	14.6797
0.0011495	809.569	7.4161e-06	12.3869
0.00116433	812.405	7.4161e-06	12.7473
0.00117916	825.683	7.4161e-06	27.6203
0.00119399	770.761	7.4161e-06	13.0391
0.00120882	804.621	7.4161e-06	34.9454
0.00122366	768.435	7.4161e-06	15.9793
0.00123849	738.701	7.4161e-06	16.5065
0.00125332	723.54	7.4161e-06	14.1853
0.00126815	731.846	7.4161e-06	16.0277
0.00128299	694.96	7.4161e-06	12.0314
0.00129782	680.339	7.4161e-06	16.1145
0.00131265	667.257	7.4161e-06	14.0814
0.00132748	636.748	7.4161e-06	11.3745
0.00134231	633.436	7.4161e-06	13.0357
0.00135715	651.117	7.4161e-06	20.4877
0.00137198	590.922	7.4161e-06	11.8507
0.00138681	555.315	7.4161e-06	9.96975
0.00140164	603.302	7.4161e-06	36.6019
0.00141648	542.651	7.4161e-06	11.2409
0.00143131	526.527	7.4161e-06	12.605
0.00144614	527.612	7.4161e-06	12.8574
0.00146097	498.379	7.4161e-06	10.9457
0.0014758	481.742	7.4161e-06	13.0868
0.00149064	476.533	7.4161e-06	11.2047
0.00150547	460.265	7.4161e-06	10.8132
0.0015203	429.065	7.4161e-06	9.17547
0.00153513	416.569	7.4161e-06	9.29036
0.00154996	425.254	7.4161e-06	13.7685
0.0015648	392.684	7.4161e-06	10.5683
0.00157963	370.245	7.4161e-06	9.69182
0.00159446	365.884	7.4161e-06	10.0856
0.00160929	339.377	7.4161e-06	8.36288
0.00162413	320.114	7.4161e-06	8.48289
0.00163896	332.348	7.4161e-06	12.1739
0.00165379	301.328	7.4161e-06	8.54562
0.00166862	287.084	7.4161e-06	9.19126
0.00168345	274.389	7.4161e-06	7.92245
0.00169829	279.13	7.4161e-06	10.046
0.00171312	251.915	7.4161e-06	8.0048
0.00172795	246.489	7.4161e-06	8.29779
0.00174278	237.147	7.4161e-06	10.8756
0.00175762	226.93	7.4161e-06	17.9476
0.00177245	189.538	7.4161e-06	6.58059
0.00178728	197.636	7.4161e-06	7.02303
0.00180211	189.181	7.4161e-06	7.87964
0.00181694	166.492	7.4161e-06	5.78258
0.00183178	160.165	7.4161e-06	6.56962
0.00184661	168.632	7.4161e-06	9.34607
0.00186144	145.43	7.4161e-06	5.4886
0.00187627	144.712	7.4161e-06	5.71329
0.00189111	138.402	7.4161e-06	6.28661
0.00190594	134.05	7.4161e-06	12.0712
0.00192077	117.747	7.4161e-06	11.1684
0.0019356	108.431	7.4161e-06	5.23639
0.00195043	108.259	7.4161e-06	7.65805
0.00196527	92.6055	7.4161e-06	4.36732
0.0019801	90.6262	7.4161e-06	4.87855
0.00199493	81.6829	7.4161e-06	4.08028
0.00200976	78.7646	7.4161e-06	4.49844
0.0020246	77.2222	7.4161e-06	3.96525
0.00203943	101.605	7.4161e-06	17.3767
0.00205426	66.4018	7.4161e-06	5.70416
0.00206909	57.9275	7.4161e-06	3.19827
0.00208392	54.522	7.4161e-06	3.67309
0.00209876	53.7689	7.4161e-06	3.84302
0.00211359	43.2547	7.4161e-06	2.97491
0.00212842	38.4517	7.4161e-06	2.69869
0.00214325	34.6673	7.4161e-06	2.85111
0.00215809	34.9721	7.4161e-06	2.73048
0.00217292	38.3653	7.4161e-06	4.45569
0.00218775	32.5972	7.4161e-06	2.77283
0.00220258	29.3038	7.4161e-06	2.44978
0.00221741	30.9532	7.4161e-06	5.30187
0.00223225	25.4482	7.4161e-06	4.80788
0.00224708	24.4564	7.4161e-06	3.0445
0.00226191	24.0429	7.4161e-06	3.60506
0.00227674	16.4005	7.4161e-06	2.46078
0.00229157	18.6477	7.4161e-06	2.29124
0.00230641	17.888	7.4161e-06	2.60846
0.00232124	12.8041	7.4161e-06	1.80317
0.00233607	10.4317	7.4161e-06	1.43555
0.0023509	13.5586	7.4161e-06	3.4698
0.00236574	8.61857	7.4161e-06	1.3039
0.00238057	6.50285	7.4161e-06	1.50035
0.0023954	8.30745	7.4161e-06	1.66023
0.00241023	4.39503	7.4161e-06	0.937449
0.00242506	4.75013	7.4161e-06	1.32231
0.0024399	5.90532	7.4161e-06	1.56093
0.00245473	4.69686	7.4161e-06	1.01379
0.00246956	3.65031	7.4161e-06	0.849523
0.00248439	3.80381	7.4161e-06	0.903521
0.00249923	2.3869	7.4161e-06	1.07097
0.00251406	0.608955	7.4161e-06	0.257028
0.00252889	0.425775	7.4161e-06	0.203642
0.00254372	0.541664	7.4161e-06	0.287522
0.00255855	0.544326	7.4161e-06	0.248127
0.00257339	0.280622	7.4161e-06	0.162477
