7.08546e-06	11.9254	7.08546e-06	0.786471
2.12564e-05	25.6829	7.08546e-06	1.20955
3.54273e-05	36.0167	7.08546e-06	1.45957
4.95982e-05	44.9881	7.08546e-06	1.68123
6.37692e-05	58.9655	7.08546e-06	1.84399
7.79401e-05	74.207	7.08546e-06	2.54763
9.2111e-05	83.4373	7.08546e-06	2.28891
0.000106282	100.659	7.08546e-06	2.79519
0.000120453	121.816	7.08546e-06	3.16427
0.000134624	137.494	7.08546e-06	3.38597
0.000148795	155.075	7.08546e-06	3.91678
0.000162966	174.578	7.08546e-06	4.43709
0.000177137	189.63	7.08546e-06	4.38651
0.000191307	218.033	7.08546e-06	4.93806
0.000205478	240.179	7.08546e-06	5.23913
0.000219649	264.838	7.08546e-06	6.28968
0.00023382	294.336	7.08546e-06	5.90768
0.000247991	305.457	7.08546e-06	5.7968
0.000262162	343.357	7.08546e-06	12.3228
0.000276333	356.433	7.08546e-06	7.4627
0.000290504	379.892	7.08546e-06	7.2566
0.000304675	404.426	7.08546e-06	11.1647
0.000318846	410.383	7.08546e-06	8.88988
0.000333017	456.759	7.08546e-06	8.3597
0.000347188	495.509	7.08546e-06	17.796
0.000361359	497.604	7.08546e-06	9.30364
0.000375529	537.238	7.08546e-06	9.78626
0.0003897	572.499	7.08546e-06	11.1425
0.000403871	591.79	7.08546e-06	10.088
0.000418042	596.367	7.08546e-06	10.0746
0.000432213	621.579	7.08546e-06	9.9791
0.000446384	642.667	7.08546e-06	12.4588
0.000460555	647.615	7.08546e-06	10.2501
0.000474726	683.546	7.08546e-06	10.246
0.000488897	694.627	7.08546e-06	10.9693
0.000503068	711.74	7.08546e-06	11.0973
0.000517239	742.744	7.08546e-06	13.9282
0.00053141	739.914	7.08546e-06	10.8332
0.000545581	789.183	7.08546e-06	12.2693
0.000559751	837.856	7.08546e-06	22.12
0.000573922	797.99	7.08546e-06	11.2902
0.000588093	847.938	7.08546e-06	14.3593
0.000602264	856.045	7.08546e-06	15.1571
0.000616435	928.497	7.08546e-06	49.4202
0.000630606	863.564	7.08546e-06	14.7414
0.000644777	856.696	7.08546e-06	11.78
0.000658948	882.819	7.08546e-06	17.7046
0.000673119	897.378	7.08546e-06	13.632
0.00068729	918.389	7.08546e-06	14.1976
0.000701461	924.05	7.08546e-06	19.2069
0.000715632	914.909	7.08546e-06	12.4967
0.000729803	922.997	7.08546e-06	13.26
0.000743973	941.239	7.08546e-06	15.6596
0.000758144	922.299	7.08546e-06	12.7515
0.000772315	928.113	7.08546e-06	13.8282
0.000786486	943.175	7.08546e-06	14.5326
0.000800657	972.577	7.08546e-06	17.7299
0.000814828	955.08	7.08546e-06	14.1947
0.000828999	929.1	7.08546e-06	14.1408
0.00084317	937.12	7.08546e-06	17.1268
0.000857341	947.874	7.08546e-06	20.0159
0.000871512	939.253	7.08546e-06	14.7489
0.000885683	927.009	7.08546e-06	15.0212
0.000899854	922.326	7.08546e-06	14.4656
0.000914025	940.302	7.08546e-06	17.06
0.000928195	933.991	7.08546e-06	14.03
0.000942366	899.009	7.08546e-06	15.5706
0.000956537	881.733	7.08546e-06	12.5654
0.000970708	888.078	7.08546e-06	13.8008
0.000984879	889.498	7.08546e-06	18.3116
0.00099905	891.63	7.08546e-06	15.2776
0.00101322	841.253	7.08546e-06	15.389
0.00102739	821.943	7.08546e-06	12.6988
0.00104156	859.662	7.08546e-06	21.6943
0.00105573	824.607	7.08546e-06	15.0407
0.0010699	831.206	7.08546e-06	25.1027
0.00108408	785.757	7.08546e-06	15.7924
0.00109825	760.332	7.08546e-06	12.8484
0.00111242	776.195	7.08546e-06	22.0274
0.00112659	761.778	7.08546e-06	16.2572
0.00114076	722.204	7.08546e-06	12.5746
0.00115493	692.348	7.08546e-06	12.1885
0.0011691	706.783	7.08546e-06	16.8235
0.00118327	703.234	7.08546e-06	14.3203
0.00119744	675.377	7.08546e-06	16.8615
0.00121161	756.819	7.08546e-06	75.3014
0.00122578	638.348	7.08546e-06	13.6241
0.00123996	613.798	7.08546e-06	16.0951
0.00125413	619.129	7.08546e-06	16.519
0.0012683	578.234	7.08546e-06	12.7242
0.00128247	576.3	7.08546e-06	16.8695
0.00129664	528.775	7.08546e-06	10.118
0.00131081	561.158	7.08546e-06	14.486
0.00132498	532.558	7.08546e-06	18.0459
0.00133915	491.919	7.08546e-06	12.0219
0.00135332	492.237	7.08546e-06	11.8068
0.00136749	460.251	7.08546e-06	11.0447
0.00138166	458.063	7.08546e-06	11.5257
0.00139584	441.423	7.08546e-06	11.945
0.00141001	406.715	7.08546e-06	9.37763
0.00142418	390.299	7.08546e-06	9.28327
0.00143835	399.246	7.08546e-06	12.7973
0.00145252	381.117	7.08546e-06	10.4783
0.00146669	361.592	7.08546e-06	9.63941
0.00148086	352.189	7.08546e-06	10.5664
0.00149503	333.2	7.08546e-06	9.34734
0.0015092	325.79	7.08546e-06	10.6769
0.00152337	300.517	7.08546e-06	11.2404
0.00153755	291.43	7.08546e-06	10.877
0.00155172	288.29	7.08546e-06	8.70203
0.00156589	273.528	7.08546e-06	9.32492
0.00158006	268.326	7.08546e-06	8.63849
0.00159423	244.685	7.08546e-06	9.12119
0.0016084	234.418	7.08546e-06	7.52945
0.00162257	224.619	7.08546e-06	8.40892
0.00163674	213.331	7.08546e-06	7.78679
0.00165091	226.18	7.08546e-06	10.7412
0.00166508	195.174	7.08546e-06	8.32206
0.00167925	184.552	7.08546e-06	7.62857
0.00169343	180.036	7.08546e-06	6.81145
0.0017076	158.466	7.08546e-06	7.08247
0.00172177	164.806	7.08546e-06	8.22493
0.00173594	152.962	7.08546e-06	10.6082
0.00175011	146.54	7.08546e-06	6.75412
0.00176428	124.565	7.08546e-06	5.17995
0.00177845	131.675	7.08546e-06	7.834
0.00179262	118.03	7.08546e-06	5.43451
0.00180679	103.245	7.08546e-06	4.86635
0.00182096	104.22	7.08546e-06	5.6174
0.00183513	90.4353	7.08546e-06	4.59825
0.00184931	89.544	7.08546e-06	5.20869
0.00186348	91.0334	7.08546e-06	5.88167
0.00187765	79.501	7.08546e-06	4.17278
0.00189182	72.9144	7.08546e-06	4.37243
0.00190599	88.6754	7.08546e-06	15.1783
0.00192016	59.3606	7.08546e-06	3.41867
0.00193433	56.9886	7.08546e-06	3.36533
0.0019485	60.6878	7.08546e-06	4.84142
0.00196267	53.0642	7.08546e-06	3.50222
0.00197684	48.1981	7.08546e-06	3.67939
0.00199101	50.1743	7.08546e-06	4.67152
0.00200519	37.7383	7.08546e-06	3.37372
0.00201936	34.0014	7.08546e-06	2.8199
0.00203353	34.9069	7.08546e-06	3.19702
0.0020477	33.9439	7.08546e-06	3.83348
0.00206187	32.9325	7.08546e-06	3.27008
0.00207604	29.884	7.08546e-06	4.94223
0.00209021	25.9202	7.08546e-06	2.42242
0.00210438	28.1196	7.08546e-06	5.75369
0.00211855	24.5319	7.08546e-06	2.49407
0.00213272	12.9723	7.08546e-06	1.70333
0.00214689	17.8479	7.08546e-06	3.17714
0.00216107	10.9983	7.08546e-06	1.24835
0.00217524	15.0071	7.08546e-06	2.0672
0.00218941	11.4241	7.08546e-06	1.75588
0.00220358	15.2213	7.08546e-06	2.06308
0.00221775	14.5595	7.08546e-06	2.39443
0.00223192	10.3095	7.08546e-06	1.52696
0.00224609	7.10546	7.08546e-06	1.13544
0.00226026	9.45985	7.08546e-06	2.28119
0.00227443	5.92384	7.08546e-06	0.855409
0.0022886	5.59602	7.08546e-06	0.981297
0.00230277	5.33788	7.08546e-06	1.10004
0.00231695	3.74039	7.08546e-06	0.894839
0.00233112	2.51557	7.08546e-06	0.588356
0.00234529	2.57534	7.08546e-06	0.679676
0.00235946	3.20361	7.08546e-06	0.68758
0.00237363	1.65482	7.08546e-06	0.446652
0.0023878	1.5374	7.08546e-06	0.41117
0.00240197	1.24065	7.08546e-06	0.357398
0.00241614	0.62229	7.08546e-06	0.228246
0.00243031	0.525615	7.08546e-06	0.213856
0.00244448	0.674568	7.08546e-06	0.232429
0.00245866	0.330458	7.08546e-06	0.164106
0.00247283	0.360468	7.08546e-06	0.167486
0.002487	0	7.08546e-06	0
0.00250117	0.214877	7.08546e-06	0.124915
0.00251534	0.0638225	7.08546e-06	0.0638225
0.00252951	0.129892	7.08546e-06	0.0974918
0.00254368	0.0599451	7.08546e-06	0.0599451
0.00255785	0.0560644	7.08546e-06	0.0560644
0.00257202	0.0478984	7.08546e-06	0.0478984
