7.13265e-06	11.6974	7.13265e-06	0.713709
2.13979e-05	27.2566	7.13265e-06	1.51763
3.56632e-05	37.3318	7.13265e-06	1.54124
4.99285e-05	44.223	7.13265e-06	1.63327
6.41938e-05	58.1568	7.13265e-06	1.82333
7.84591e-05	76.4629	7.13265e-06	2.53957
9.27244e-05	86.0637	7.13265e-06	2.46633
0.00010699	102.569	7.13265e-06	3.1611
0.000121255	119.985	7.13265e-06	3.0168
0.00013552	130.118	7.13265e-06	3.31415
0.000149786	150.499	7.13265e-06	3.52376
0.000164051	172.217	7.13265e-06	4.51084
0.000178316	185.943	7.13265e-06	3.92955
0.000192582	208.258	7.13265e-06	4.30559
0.000206847	245.246	7.13265e-06	6.41663
0.000221112	267.773	7.13265e-06	6.02608
0.000235377	289.916	7.13265e-06	6.00978
0.000249643	297.207	7.13265e-06	5.75805
0.000263908	322.711	7.13265e-06	7.67643
0.000278173	357.183	7.13265e-06	8.89151
0.000292439	362.295	7.13265e-06	6.6899
0.000306704	407.821	7.13265e-06	11.1187
0.000320969	432.214	7.13265e-06	9.71451
0.000335235	452.693	7.13265e-06	8.29563
0.0003495	477.326	7.13265e-06	7.96953
0.000363765	494.589	7.13265e-06	12.3442
0.00037803	504.03	7.13265e-06	7.92891
0.000392296	548.89	7.13265e-06	8.82973
0.000406561	559.607	7.13265e-06	9.23341
0.000420826	585	7.13265e-06	9.52647
0.000435092	600.585	7.13265e-06	9.61203
0.000449357	661.453	7.13265e-06	11.7275
0.000463622	669.26	7.13265e-06	11.3275
0.000477888	685.277	7.13265e-06	10.3581
0.000492153	676.417	7.13265e-06	10.0591
0.000506418	731.574	7.13265e-06	12.976
0.000520683	742.318	7.13265e-06	10.0464
0.000534949	772.759	7.13265e-06	12.8685
0.000549214	766.147	7.13265e-06	11.1546
0.000563479	799.364	7.13265e-06	13.5895
0.000577745	814.416	7.13265e-06	14.0366
0.00059201	863.922	7.13265e-06	23.3065
0.000606275	815.173	7.13265e-06	11.1468
0.000620541	853.595	7.13265e-06	15.939
0.000634806	862.364	7.13265e-06	12.2633
0.000649071	857.815	7.13265e-06	14.3279
0.000663336	884.239	7.13265e-06	12.869
0.000677602	916.214	7.13265e-06	19.3119
0.000691867	936.144	7.13265e-06	15.5523
0.000706132	904.098	7.13265e-06	12.8312
0.000720398	932.847	7.13265e-06	16.0958
0.000734663	943.917	7.13265e-06	17.9027
0.000748928	921.351	7.13265e-06	14.6107
0.000763194	966.388	7.13265e-06	22.8712
0.000777459	933.522	7.13265e-06	13.6016
0.000791724	945.187	7.13265e-06	14.1352
0.000805989	953.83	7.13265e-06	16.4681
0.000820255	909.878	7.13265e-06	12.8568
0.00083452	915.482	7.13265e-06	12.1256
0.000848785	923.143	7.13265e-06	12.8108
0.000863051	917.435	7.13265e-06	13.9888
0.000877316	955.709	7.13265e-06	16.2828
0.000891581	907.397	7.13265e-06	14.1898
0.000905847	938.486	7.13265e-06	17.0958
0.000920112	900.616	7.13265e-06	13.0969
0.000934377	936.041	7.13265e-06	23.2525
0.000948642	895.181	7.13265e-06	19.0052
0.000962908	893.424	7.13265e-06	17.5667
0.000977173	898.171	7.13265e-06	21.1108
0.000991438	863.882	7.13265e-06	13.1028
0.0010057	882.124	7.13265e-06	15.2713
0.00101997	842.934	7.13265e-06	15.8911
0.00103423	828.776	7.13265e-06	13.2383
0.0010485	848.903	7.13265e-06	15.8377
0.00106276	814.352	7.13265e-06	14.3146
0.00107703	791.297	7.13265e-06	12.9613
0.0010913	785.03	7.13265e-06	13.1331
0.00110556	802.171	7.13265e-06	15.0643
0.00111983	784.925	7.13265e-06	19.3836
0.00113409	737.192	7.13265e-06	12.1208
0.00114836	724.321	7.13265e-06	16.4951
0.00116262	708.537	7.13265e-06	12.7685
0.00117689	705.98	7.13265e-06	14.1894
0.00119115	705.833	7.13265e-06	18.4508
0.00120542	676.918	7.13265e-06	17.3075
0.00121968	656.014	7.13265e-06	14.4467
0.00123395	628.476	7.13265e-06	13.5186
0.00124821	610.969	7.13265e-06	12.3895
0.00126248	594.372	7.13265e-06	12.1106
0.00127674	588.865	7.13265e-06	11.3442
0.00129101	555.903	7.13265e-06	10.8693
0.00130527	549.357	7.13265e-06	13.9096
0.00131954	520.391	7.13265e-06	11.2917
0.00133381	537.704	7.13265e-06	19.2651
0.00134807	495.521	7.13265e-06	11.9534
0.00136234	478.374	7.13265e-06	11.2962
0.0013766	483.542	7.13265e-06	14.2792
0.00139087	460.754	7.13265e-06	14.014
0.00140513	464.651	7.13265e-06	13.3495
0.0014194	417.933	7.13265e-06	12.7001
0.00143366	422.76	7.13265e-06	20.2824
0.00144793	394.505	7.13265e-06	11.0198
0.00146219	356.503	7.13265e-06	9.42119
0.00147646	346.893	7.13265e-06	9.16983
0.00149072	340.431	7.13265e-06	10.3598
0.00150499	317.957	7.13265e-06	8.86271
0.00151925	322.954	7.13265e-06	9.51186
0.00153352	317.421	7.13265e-06	13.6102
0.00154779	294.309	7.13265e-06	9.96694
0.00156205	287.68	7.13265e-06	10.3076
0.00157632	295.493	7.13265e-06	13.5079
0.00159058	276.394	7.13265e-06	9.69537
0.00160485	236.381	7.13265e-06	8.66347
0.00161911	231.537	7.13265e-06	8.601
0.00163338	230.59	7.13265e-06	10.4677
0.00164764	226.498	7.13265e-06	11.8931
0.00166191	194.095	7.13265e-06	6.68348
0.00167617	203.965	7.13265e-06	10.8073
0.00169044	184.703	7.13265e-06	7.23641
0.0017047	177.3	7.13265e-06	8.53002
0.00171897	167.533	7.13265e-06	8.47378
0.00173323	145.673	7.13265e-06	6.06169
0.0017475	149.464	7.13265e-06	7.11847
0.00176176	130.687	7.13265e-06	5.24753
0.00177603	134.003	7.13265e-06	5.94599
0.0017903	119.282	7.13265e-06	5.59466
0.00180456	122.687	7.13265e-06	8.6255
0.00181883	117.529	7.13265e-06	7.05832
0.00183309	100.494	7.13265e-06	5.03175
0.00184736	97.3284	7.13265e-06	5.37703
0.00186162	94.4532	7.13265e-06	5.81802
0.00187589	83.5478	7.13265e-06	4.70772
0.00189015	76.0532	7.13265e-06	4.18326
0.00190442	64.9781	7.13265e-06	3.66749
0.00191868	72.1528	7.13265e-06	4.30793
0.00193295	95.4197	7.13265e-06	23.5407
0.00194721	58.4377	7.13265e-06	3.81553
0.00196148	50.5444	7.13265e-06	3.52571
0.00197574	70.4214	7.13265e-06	13.7742
0.00199001	45.8098	7.13265e-06	3.64714
0.00200427	44.5446	7.13265e-06	3.9475
0.00201854	36.4801	7.13265e-06	2.97722
0.00203281	39.8211	7.13265e-06	3.31812
0.00204707	37.0341	7.13265e-06	4.50033
0.00206134	28.2248	7.13265e-06	2.87425
0.0020756	28.6718	7.13265e-06	3.51967
0.00208987	31.9531	7.13265e-06	3.69231
0.00210413	36.5517	7.13265e-06	8.591
0.0021184	23.6586	7.13265e-06	3.93942
0.00213266	15.255	7.13265e-06	1.76315
0.00214693	20.9765	7.13265e-06	3.47632
0.00216119	19.9032	7.13265e-06	2.43681
0.00217546	15.8528	7.13265e-06	2.09511
0.00218972	13.2361	7.13265e-06	1.95767
0.00220399	13.6323	7.13265e-06	2.41682
0.00221825	15.2513	7.13265e-06	3.71435
0.00223252	8.17379	7.13265e-06	1.09107
0.00224678	9.25847	7.13265e-06	1.25751
0.00226105	8.6468	7.13265e-06	1.46818
0.00227532	5.1174	7.13265e-06	0.862226
0.00228958	3.97067	7.13265e-06	0.785
0.00230385	4.66941	7.13265e-06	0.966664
0.00231811	3.51576	7.13265e-06	0.591121
0.00233238	3.05345	7.13265e-06	0.546627
0.00234664	3.8906	7.13265e-06	0.751484
0.00236091	1.60708	7.13265e-06	0.402402
0.00237517	2.12305	7.13265e-06	0.497112
0.00238944	1.19921	7.13265e-06	0.347109
0.0024037	1.55712	7.13265e-06	0.434527
0.00241797	1.57137	7.13265e-06	0.389307
0.00243223	0.49592	7.13265e-06	0.226226
0.0024465	1.4782	7.13265e-06	0.345731
0.00246076	0.659632	7.13265e-06	0.229713
0.00247503	0.142665	7.13265e-06	0.103627
0.00248929	0.244402	7.13265e-06	0.124697
0.00250356	0.0704299	7.13265e-06	0.0704299
0.00251783	0.221098	7.13265e-06	0.128531
0.00253209	0.122897	7.13265e-06	0.0871659
0.00254636	0.0470657	7.13265e-06	0.0470657
