5.99683e-06	24.9662	5.99683e-06	1.3135
1.79905e-05	47.6758	5.99683e-06	2.04849
2.99842e-05	70.3408	5.99683e-06	2.31966
4.19778e-05	85.0377	5.99683e-06	2.74286
5.39715e-05	105.558	5.99683e-06	2.97695
6.59651e-05	127.12	5.99683e-06	3.8257
7.79588e-05	146.536	5.99683e-06	3.78392
8.99525e-05	173.09	5.99683e-06	5.50794
0.000101946	201.386	5.99683e-06	4.95588
0.00011394	216.43	5.99683e-06	4.39904
0.000125933	236.207	5.99683e-06	4.99167
0.000137927	276.624	5.99683e-06	5.63342
0.000149921	309.403	5.99683e-06	6.25969
0.000161914	323.045	5.99683e-06	8.32259
0.000173908	363.004	5.99683e-06	9.09328
0.000185902	380.888	5.99683e-06	6.58344
0.000197895	421.101	5.99683e-06	7.93447
0.000209889	448.859	5.99683e-06	7.71392
0.000221883	483.907	5.99683e-06	9.08317
0.000233876	535.861	5.99683e-06	11.8155
0.00024587	540.826	5.99683e-06	8.8305
0.000257864	576.802	5.99683e-06	10.5231
0.000269857	608.596	5.99683e-06	10.6402
0.000281851	628.693	5.99683e-06	9.99421
0.000293845	656.61	5.99683e-06	9.80894
0.000305838	708.724	5.99683e-06	11.8434
0.000317832	729.727	5.99683e-06	10.9539
0.000329826	747.352	5.99683e-06	11.6277
0.000341819	762.52	5.99683e-06	12.221
0.000353813	807.586	5.99683e-06	16.5461
0.000365807	840.285	5.99683e-06	14.1908
0.0003778	884.217	5.99683e-06	17.7756
0.000389794	886.719	5.99683e-06	13.2144
0.000401788	944.568	5.99683e-06	15.7146
0.000413781	943.402	5.99683e-06	13.4374
0.000425775	950.006	5.99683e-06	15.4465
0.000437769	979.329	5.99683e-06	15.8932
0.000449762	989.037	5.99683e-06	19.1811
0.000461756	1008.28	5.99683e-06	13.5692
0.00047375	1058.84	5.99683e-06	19.8976
0.000485743	1041.02	5.99683e-06	14.6606
0.000497737	1082.99	5.99683e-06	20.6726
0.000509731	1057.09	5.99683e-06	13.9793
0.000521724	1084.03	5.99683e-06	14.7839
0.000533718	1133.38	5.99683e-06	20.5451
0.000545712	1093.08	5.99683e-06	15.812
0.000557705	1198.15	5.99683e-06	51.1642
0.000569699	1114.52	5.99683e-06	30.5348
0.000581693	1132.57	5.99683e-06	16.9752
0.000593686	1128.11	5.99683e-06	17.5683
0.00060568	1140.49	5.99683e-06	20.5495
0.000617674	1097.77	5.99683e-06	15.0535
0.000629667	1119.83	5.99683e-06	16.0347
0.000641661	1142.61	5.99683e-06	17.6155
0.000653655	1105.86	5.99683e-06	15.3118
0.000665648	1125.83	5.99683e-06	17.9906
0.000677642	1132.06	5.99683e-06	16.3583
0.000689636	1088.63	5.99683e-06	16.3453
0.000701629	1101.36	5.99683e-06	16.463
0.000713623	1091.04	5.99683e-06	18.2872
0.000725617	1113.69	5.99683e-06	18.5625
0.00073761	1075.82	5.99683e-06	17.8046
0.000749604	1082.99	5.99683e-06	14.8852
0.000761598	1051.58	5.99683e-06	15.6625
0.000773591	1061.82	5.99683e-06	18.8728
0.000785585	1027.06	5.99683e-06	16.4992
0.000797579	1041.92	5.99683e-06	19.0766
0.000809572	992.175	5.99683e-06	15.0921
0.000821566	946.768	5.99683e-06	13.6645
0.00083356	990.689	5.99683e-06	16.7199
0.000845553	982.182	5.99683e-06	17.5769
0.000857547	933.628	5.99683e-06	14.8458
0.000869541	949.67	5.99683e-06	30.4955
0.000881534	932.981	5.99683e-06	17.5218
0.000893528	923.209	5.99683e-06	26.7606
0.000905522	914.971	5.99683e-06	17.0183
0.000917515	843.948	5.99683e-06	14.358
0.000929509	823.521	5.99683e-06	15.7648
0.000941503	828.081	5.99683e-06	16.1558
0.000953496	833.978	5.99683e-06	17.7331
0.00096549	768.035	5.99683e-06	14.0765
0.000977483	778.006	5.99683e-06	15.4735
0.000989477	753.926	5.99683e-06	16.7694
0.00100147	749.367	5.99683e-06	14.8384
0.00101346	728.384	5.99683e-06	14.5341
0.00102546	698.973	5.99683e-06	14.6404
0.00103745	672.054	5.99683e-06	14.1678
0.00104945	667.679	5.99683e-06	20.7191
0.00106144	637.591	5.99683e-06	15.4951
0.00107343	643.749	5.99683e-06	17.687
0.00108543	612.091	5.99683e-06	14.8452
0.00109742	547.861	5.99683e-06	12.4848
0.00110941	581.43	5.99683e-06	14.083
0.00112141	534.429	5.99683e-06	11.8208
0.0011334	557.019	5.99683e-06	32.1933
0.00114539	516.873	5.99683e-06	15.4822
0.00115739	473.918	5.99683e-06	10.6194
0.00116938	471.001	5.99683e-06	11.9921
0.00118138	444.723	5.99683e-06	10.1645
0.00119337	458.235	5.99683e-06	18.0056
0.00120536	428.52	5.99683e-06	10.7644
0.00121736	417.253	5.99683e-06	13.926
0.00122935	394.002	5.99683e-06	10.7749
0.00124134	374.791	5.99683e-06	12.4436
0.00125334	352.843	5.99683e-06	9.37494
0.00126533	341.673	5.99683e-06	10.3562
0.00127733	328.464	5.99683e-06	9.8387
0.00128932	323.589	5.99683e-06	8.97326
0.00130131	308.45	5.99683e-06	10.0288
0.00131331	282.795	5.99683e-06	8.9497
0.0013253	269.626	5.99683e-06	10.2066
0.00133729	256.818	5.99683e-06	7.88555
0.00134929	259.742	5.99683e-06	9.28977
0.00136128	260.573	5.99683e-06	10.2042
0.00137327	234.047	5.99683e-06	9.12457
0.00138527	217.212	5.99683e-06	8.34186
0.00139726	198.254	5.99683e-06	7.2024
0.00140926	181.06	5.99683e-06	7.09113
0.00142125	188.222	5.99683e-06	8.55555
0.00143324	176.63	5.99683e-06	7.57731
0.00144524	166.908	5.99683e-06	6.98466
0.00145723	155.798	5.99683e-06	6.98074
0.00146922	152.475	5.99683e-06	6.81886
0.00148122	145.143	5.99683e-06	6.05279
0.00149321	141.68	5.99683e-06	6.74271
0.0015052	124.342	5.99683e-06	6.02669
0.0015172	112.474	5.99683e-06	5.31706
0.00152919	115.171	5.99683e-06	5.91087
0.00154119	106.56	5.99683e-06	5.20659
0.00155318	98.2671	5.99683e-06	6.50493
0.00156517	85.0173	5.99683e-06	4.55602
0.00157717	85.2694	5.99683e-06	4.92996
0.00158916	80.0786	5.99683e-06	5.8183
0.00160115	75.9489	5.99683e-06	3.96456
0.00161315	69.1993	5.99683e-06	4.42271
0.00162514	71.9387	5.99683e-06	9.22207
0.00163713	70.8841	5.99683e-06	5.57878
0.00164913	51.9428	5.99683e-06	3.30421
0.00166112	48.1256	5.99683e-06	2.75817
0.00167312	45.3904	5.99683e-06	3.15281
0.00168511	50.1512	5.99683e-06	3.36318
0.0016971	42.9448	5.99683e-06	3.32293
0.0017091	36.6892	5.99683e-06	2.25924
0.00172109	32.6809	5.99683e-06	2.40786
0.00173308	30.0749	5.99683e-06	2.00305
0.00174508	26.513	5.99683e-06	1.78782
0.00175707	26.8195	5.99683e-06	1.91469
0.00176907	23.5703	5.99683e-06	1.67358
0.00178106	22.8006	5.99683e-06	1.58154
0.00179305	19.2782	5.99683e-06	1.59684
0.00180505	16.2915	5.99683e-06	1.26488
0.00181704	15.9764	5.99683e-06	1.23242
0.00182903	16.8501	5.99683e-06	1.45209
0.00184103	13.7454	5.99683e-06	1.10173
0.00185302	13.0063	5.99683e-06	1.07428
0.00186501	11.1908	5.99683e-06	0.953086
0.00187701	9.90681	5.99683e-06	0.950294
0.001889	8.45632	5.99683e-06	0.83592
0.001901	9.80371	5.99683e-06	0.968871
0.00191299	7.62182	5.99683e-06	0.787632
0.00192498	6.69789	5.99683e-06	0.711472
0.00193698	5.53525	5.99683e-06	0.665061
0.00194897	3.88254	5.99683e-06	0.55679
0.00196096	4.32938	5.99683e-06	0.574215
0.00197296	5.65743	5.99683e-06	0.703048
0.00198495	3.37134	5.99683e-06	0.482791
0.00199694	2.82341	5.99683e-06	0.495453
0.00200894	2.68705	5.99683e-06	0.451868
0.00202093	3.18307	5.99683e-06	0.466305
0.00203293	2.397	5.99683e-06	0.440088
0.00204492	1.84356	5.99683e-06	0.344514
0.00205691	1.68357	5.99683e-06	0.341084
0.00206891	1.59457	5.99683e-06	0.308541
0.0020809	2.02688	5.99683e-06	0.371005
0.00209289	1.66207	5.99683e-06	0.381399
0.00210489	1.6549	5.99683e-06	0.334578
0.00211688	0.932868	5.99683e-06	0.250357
0.00212888	0.971715	5.99683e-06	0.292877
0.00214087	0.585351	5.99683e-06	0.181031
0.00215286	1.17426	5.99683e-06	0.311885
0.00216486	0.459079	5.99683e-06	0.187417
0.00217685	0.581769	5.99683e-06	0.222469
0.00218884	0.904503	5.99683e-06	0.284157
0.00220084	0.377979	5.99683e-06	0.149268
0.00221283	0.106543	5.99683e-06	0.0754002
0.00222482	0.639839	5.99683e-06	0.245568
0.00223682	0.386707	5.99683e-06	0.148064
0.00224881	0.539729	5.99683e-06	0.205315
0.00226081	0.124548	5.99683e-06	0.0886094
0.0022728	0	5.99683e-06	0
0.00228479	0.227895	5.99683e-06	0.102003
0.00229679	0.185052	5.99683e-06	0.0932573
0.00230878	0.188197	5.99683e-06	0.0955548
0.00232077	0.167642	5.99683e-06	0.0973259
0.00233277	0.153825	5.99683e-06	0.0888941
0.00234476	0.0902614	5.99683e-06	0.0638881
0.00235675	0	5.99683e-06	0
0.00236875	0.10308	5.99683e-06	0.0738152
0.00238074	0.0443078	5.99683e-06	0.0443078
0.00239274	0.0458855	5.99683e-06	0.0458855
0.00240473	0	5.99683e-06	0
0.00241672	0	5.99683e-06	0
0.00242872	0.03616	5.99683e-06	0.03616
0.00244071	0	5.99683e-06	0
0.0024527	0.0830096	5.99683e-06	0.0830096
0.0024647	0	5.99683e-06	0
0.00247669	0.0484043	5.99683e-06	0.0484043
0.00248868	0	5.99683e-06	0
0.00250068	0	5.99683e-06	0
0.00251267	0.0446136	5.99683e-06	0.0446136
