7.42393e-06	4.33009	7.42393e-06	0.490442
2.22718e-05	8.2929	7.42393e-06	0.678191
3.71197e-05	14.2494	7.42393e-06	1.03181
5.19675e-05	17.7821	7.42393e-06	1.04109
6.68154e-05	23.7973	7.42393e-06	1.28658
8.16632e-05	29.5613	7.42393e-06	1.67499
9.65111e-05	35.3367	7.42393e-06	1.51568
0.000111359	45.0279	7.42393e-06	2.23118
0.000126207	47.2353	7.42393e-06	1.87511
0.000141055	58.5471	7.42393e-06	2.16167
0.000155903	94.8246	7.42393e-06	14.833
0.00017075	81.0208	7.42393e-06	2.62615
0.000185598	87.9061	7.42393e-06	2.71936
0.000200446	102.217	7.42393e-06	3.52725
0.000215294	114.428	7.42393e-06	3.09487
0.000230142	124.282	7.42393e-06	3.28854
0.00024499	144.846	7.42393e-06	4.79053
0.000259838	157.412	7.42393e-06	5.15739
0.000274685	173.334	7.42393e-06	4.26593
0.000289533	190.41	7.42393e-06	7.3943
0.000304381	202.748	7.42393e-06	5.56343
0.000319229	222.498	7.42393e-06	5.4229
0.000334077	246.42	7.42393e-06	5.37294
0.000348925	270.551	7.42393e-06	9.54908
0.000363773	283.971	7.42393e-06	7.22971
0.00037862	310.909	7.42393e-06	6.79587
0.000393468	304.06	7.42393e-06	5.98467
0.000408316	334.178	7.42393e-06	6.95414
0.000423164	346.868	7.42393e-06	9.42859
0.000438012	365.361	7.42393e-06	6.47219
0.00045286	388.587	7.42393e-06	6.9058
0.000467708	416.941	7.42393e-06	7.5267
0.000482555	409.104	7.42393e-06	6.57657
0.000497403	459.901	7.42393e-06	7.80438
0.000512251	472.266	7.42393e-06	7.95358
0.000527099	496.611	7.42393e-06	8.87619
0.000541947	553.57	7.42393e-06	31.0724
0.000556795	541.197	7.42393e-06	9.14472
0.000571643	558.368	7.42393e-06	9.10565
0.000586491	594.901	7.42393e-06	15.5782
0.000601338	582.772	7.42393e-06	8.63964
0.000616186	630.718	7.42393e-06	10.9442
0.000631034	621.839	7.42393e-06	9.95223
0.000645882	654.265	7.42393e-06	11.4734
0.00066073	683.91	7.42393e-06	10.2816
0.000675578	671.573	7.42393e-06	8.83948
0.000690426	710.725	7.42393e-06	10.95
0.000705273	731.123	7.42393e-06	10.9075
0.000720121	749.086	7.42393e-06	15.6733
0.000734969	760.063	7.42393e-06	15.2773
0.000749817	790.827	7.42393e-06	11.7181
0.000764665	782.865	7.42393e-06	11.2234
0.000779513	801.589	7.42393e-06	12.6967
0.000794361	807.005	7.42393e-06	10.515
0.000809208	820.732	7.42393e-06	13.2008
0.000824056	832.036	7.42393e-06	12.5599
0.000838904	866.516	7.42393e-06	21.2898
0.000853752	860.34	7.42393e-06	11.8596
0.0008686	854.161	7.42393e-06	11.9856
0.000883448	872.606	7.42393e-06	13.0062
0.000898296	896.352	7.42393e-06	19.5292
0.000913143	890.737	7.42393e-06	13.0742
0.000927991	887.653	7.42393e-06	13.4936
0.000942839	910.211	7.42393e-06	17.5791
0.000957687	907.112	7.42393e-06	12.962
0.000972535	910.488	7.42393e-06	12.9589
0.000987383	894.562	7.42393e-06	11.837
0.00100223	903.676	7.42393e-06	12.4183
0.00101708	889.35	7.42393e-06	11.8658
0.00103193	881.228	7.42393e-06	11.9879
0.00104677	924.423	7.42393e-06	13.2372
0.00106162	893.664	7.42393e-06	12.2687
0.00107647	892.831	7.42393e-06	12.1309
0.00109132	885.761	7.42393e-06	12.8742
0.00110617	881.016	7.42393e-06	12.7165
0.00112101	881.218	7.42393e-06	16.9695
0.00113586	853.481	7.42393e-06	12.1432
0.00115071	831.81	7.42393e-06	11.4249
0.00116556	841.642	7.42393e-06	12.42
0.0011804	854.009	7.42393e-06	15.9745
0.00119525	837.292	7.42393e-06	13.7118
0.0012101	810.111	7.42393e-06	12.5957
0.00122495	794.005	7.42393e-06	13.3129
0.0012398	802.7	7.42393e-06	12.1467
0.00125464	776.434	7.42393e-06	12.9982
0.00126949	761.696	7.42393e-06	11.8494
0.00128434	742.004	7.42393e-06	11.874
0.00129919	756.018	7.42393e-06	13.3905
0.00131404	736.333	7.42393e-06	15.2662
0.00132888	859.105	7.42393e-06	116.536
0.00134373	678.161	7.42393e-06	11.3377
0.00135858	661.227	7.42393e-06	10.8791
0.00137343	662.809	7.42393e-06	12.2012
0.00138828	620.527	7.42393e-06	10.6187
0.00140312	616.613	7.42393e-06	11.1904
0.00141797	603.169	7.42393e-06	11.0852
0.00143282	583.22	7.42393e-06	13.6147
0.00144767	591.147	7.42393e-06	12.3405
0.00146251	537.759	7.42393e-06	9.13589
0.00147736	552.432	7.42393e-06	10.1417
0.00149221	517.951	7.42393e-06	10.1538
0.00150706	498.361	7.42393e-06	9.25814
0.00152191	491.887	7.42393e-06	10.2472
0.00153675	478.855	7.42393e-06	11.4887
0.0015516	466.761	7.42393e-06	11.6888
0.00156645	438.647	7.42393e-06	9.71232
0.0015813	424.548	7.42393e-06	9.02415
0.00159615	411.342	7.42393e-06	9.35425
0.00161099	394.946	7.42393e-06	10.3102
0.00162584	388.208	7.42393e-06	17.4837
0.00164069	378.432	7.42393e-06	9.61075
0.00165554	353.811	7.42393e-06	9.42976
0.00167038	327.697	7.42393e-06	7.65547
0.00168523	325.089	7.42393e-06	8.95115
0.00170008	311.857	7.42393e-06	10.1905
0.00171493	281.005	7.42393e-06	6.94796
0.00172978	289.103	7.42393e-06	16.1825
0.00174462	264.367	7.42393e-06	7.27877
0.00175947	262.164	7.42393e-06	7.64014
0.00177432	244.264	7.42393e-06	7.2872
0.00178917	224.85	7.42393e-06	6.9358
0.00180402	217.85	7.42393e-06	6.70176
0.00181886	236.537	7.42393e-06	23.2519
0.00183371	215.911	7.42393e-06	11.663
0.00184856	192.921	7.42393e-06	7.79921
0.00186341	167.934	7.42393e-06	5.038
0.00187825	169.757	7.42393e-06	6.52755
0.0018931	158.129	7.42393e-06	7.2044
0.00190795	153.087	7.42393e-06	6.55735
0.0019228	142.715	7.42393e-06	5.8846
0.00193765	134.909	7.42393e-06	8.83744
0.00195249	130.407	7.42393e-06	5.75688
0.00196734	106.654	7.42393e-06	3.88802
0.00198219	120.249	7.42393e-06	7.50757
0.00199704	99.8874	7.42393e-06	3.75563
0.00201189	91.1439	7.42393e-06	3.90858
0.00202673	102.073	7.42393e-06	5.40259
0.00204158	82.5817	7.42393e-06	4.1899
0.00205643	81.6341	7.42393e-06	3.96157
0.00207128	68.5106	7.42393e-06	5.81502
0.00208612	68.8168	7.42393e-06	3.60699
0.00210097	69.9233	7.42393e-06	4.49244
0.00211582	63.2115	7.42393e-06	4.02832
0.00213067	53.569	7.42393e-06	3.86644
0.00214552	52.6251	7.42393e-06	3.18147
0.00216036	52.0816	7.42393e-06	4.22602
0.00217521	46.2379	7.42393e-06	3.1619
0.00219006	37.7204	7.42393e-06	2.88037
0.00220491	39.1697	7.42393e-06	2.68734
0.00221976	33.4795	7.42393e-06	2.54546
0.0022346	29.7944	7.42393e-06	2.28868
0.00224945	29.7392	7.42393e-06	2.94533
0.0022643	26.1288	7.42393e-06	2.47913
0.00227915	23.8567	7.42393e-06	2.03706
0.00229399	19.3444	7.42393e-06	1.81843
0.00230884	21.8852	7.42393e-06	2.39072
0.00232369	18.6208	7.42393e-06	1.86836
0.00233854	14.5158	7.42393e-06	1.4451
0.00235339	12.6004	7.42393e-06	1.48637
0.00236823	13.6304	7.42393e-06	1.7723
0.00238308	10.1038	7.42393e-06	1.22075
0.00239793	7.11961	7.42393e-06	0.932272
0.00241278	8.22908	7.42393e-06	1.64408
0.00242763	9.27574	7.42393e-06	1.50314
0.00244247	5.00759	7.42393e-06	1.01082
0.00245732	4.47228	7.42393e-06	0.864278
0.00247217	4.451	7.42393e-06	0.776655
0.00248702	3.57594	7.42393e-06	1.04735
0.00250186	4.21966	7.42393e-06	1.06477
0.00251671	2.51202	7.42393e-06	0.766882
0.00253156	2.07393	7.42393e-06	0.73116
0.00254641	1.18933	7.42393e-06	0.859402
0.00256126	0.785769	7.42393e-06	0.329216
0.0025761	0.181594	7.42393e-06	0.181594
