6.90285e-06	15.0398	6.90285e-06	0.932856
2.07086e-05	30.894	6.90285e-06	1.36614
3.45143e-05	45.4058	6.90285e-06	1.75037
4.832e-05	54.883	6.90285e-06	2.04634
6.21257e-05	72.077	6.90285e-06	2.4355
7.59314e-05	80.8515	6.90285e-06	2.34689
8.97371e-05	100.961	6.90285e-06	2.623
0.000103543	123.346	6.90285e-06	3.43318
0.000117348	133.3	6.90285e-06	3.40522
0.000131154	158.735	6.90285e-06	4.11143
0.00014496	181.602	6.90285e-06	4.55865
0.000158766	206.076	6.90285e-06	5.28426
0.000172571	227.611	6.90285e-06	5.61395
0.000186377	239.046	6.90285e-06	5.07613
0.000200183	267.885	6.90285e-06	5.98958
0.000213988	289.906	6.90285e-06	6.42436
0.000227794	315.131	6.90285e-06	6.57132
0.0002416	338.017	6.90285e-06	7.81971
0.000255406	361.535	6.90285e-06	6.32449
0.000269211	411.721	6.90285e-06	9.01579
0.000283017	430.622	6.90285e-06	7.44531
0.000296823	465.296	6.90285e-06	8.35285
0.000310628	461.969	6.90285e-06	7.132
0.000324434	504.346	6.90285e-06	8.80309
0.00033824	538.759	6.90285e-06	10.7547
0.000352045	550.55	6.90285e-06	10.456
0.000365851	576.321	6.90285e-06	9.87163
0.000379657	607.216	6.90285e-06	10.0969
0.000393463	621.499	6.90285e-06	11.1169
0.000407268	661.119	6.90285e-06	13.0237
0.000421074	668.249	6.90285e-06	10.321
0.00043488	702.551	6.90285e-06	10.8434
0.000448685	727.655	6.90285e-06	10.6321
0.000462491	735.689	6.90285e-06	11.7703
0.000476297	768.79	6.90285e-06	15.8804
0.000490103	797.346	6.90285e-06	12.242
0.000503908	804.616	6.90285e-06	11.8534
0.000517714	793.7	6.90285e-06	10.6731
0.00053152	842.109	6.90285e-06	12.5211
0.000545325	828.867	6.90285e-06	12.1488
0.000559131	840.656	6.90285e-06	12.2414
0.000572937	875.914	6.90285e-06	13.1375
0.000586742	860.766	6.90285e-06	11.4136
0.000600548	899.14	6.90285e-06	11.8455
0.000614354	930.66	6.90285e-06	14.8033
0.00062816	945.021	6.90285e-06	18.6421
0.000641965	931.667	6.90285e-06	13.1315
0.000655771	943.57	6.90285e-06	14.1222
0.000669577	944.688	6.90285e-06	13.9545
0.000683382	952.359	6.90285e-06	12.983
0.000697188	956.831	6.90285e-06	13.8795
0.000710994	987.76	6.90285e-06	23.5847
0.000724799	964.774	6.90285e-06	13.7233
0.000738605	1051.87	6.90285e-06	44.0994
0.000752411	962.771	6.90285e-06	15.2943
0.000766217	1067.24	6.90285e-06	61.7876
0.000780022	974.517	6.90285e-06	19.7202
0.000793828	938.134	6.90285e-06	12.8548
0.000807634	979.488	6.90285e-06	13.4044
0.000821439	955.631	6.90285e-06	19.5148
0.000835245	963.685	6.90285e-06	16.4742
0.000849051	945.03	6.90285e-06	13.8164
0.000862857	952.692	6.90285e-06	15.9914
0.000876662	935.699	6.90285e-06	14.9238
0.000890468	964.496	6.90285e-06	15.3638
0.000904274	946.754	6.90285e-06	17.1967
0.000918079	915.267	6.90285e-06	15.7105
0.000931885	897.656	6.90285e-06	20.5865
0.000945691	885.053	6.90285e-06	15.7346
0.000959496	856.513	6.90285e-06	14.7669
0.000973302	881.909	6.90285e-06	13.898
0.000987108	868.172	6.90285e-06	16.2458
0.00100091	885.622	6.90285e-06	18.7551
0.00101472	866.543	6.90285e-06	20.4835
0.00102853	806.342	6.90285e-06	13.3841
0.00104233	810.681	6.90285e-06	14.58
0.00105614	817.163	6.90285e-06	21.2936
0.00106994	766.216	6.90285e-06	14.3347
0.00108375	742.6	6.90285e-06	12.4421
0.00109755	740.579	6.90285e-06	14.7269
0.00111136	735.802	6.90285e-06	13.7217
0.00112516	688.325	6.90285e-06	11.7875
0.00113897	686.81	6.90285e-06	14.9694
0.00115278	676.232	6.90285e-06	16.1985
0.00116658	646.056	6.90285e-06	13.3106
0.00118039	650.06	6.90285e-06	18.0166
0.00119419	621.382	6.90285e-06	12.5066
0.001208	589.144	6.90285e-06	11.5722
0.0012218	594.915	6.90285e-06	18.2448
0.00123561	611.105	6.90285e-06	27.4663
0.00124942	558.584	6.90285e-06	14.4595
0.00126322	534.548	6.90285e-06	12.9209
0.00127703	514.988	6.90285e-06	12.0466
0.00129083	496.694	6.90285e-06	10.94
0.00130464	520.413	6.90285e-06	13.7555
0.00131844	480.03	6.90285e-06	14.3182
0.00133225	460.924	6.90285e-06	12.2206
0.00134606	427.284	6.90285e-06	9.90245
0.00135986	417.433	6.90285e-06	9.71675
0.00137367	413.963	6.90285e-06	12.8623
0.00138747	394.288	6.90285e-06	10.3697
0.00140128	393.278	6.90285e-06	10.9527
0.00141508	351.508	6.90285e-06	9.64816
0.00142889	371.192	6.90285e-06	13.3279
0.0014427	333.753	6.90285e-06	9.76088
0.0014565	321.537	6.90285e-06	9.77063
0.00147031	307.654	6.90285e-06	8.89775
0.00148411	303.875	6.90285e-06	10.4182
0.00149792	291.801	6.90285e-06	9.20449
0.00151172	271.058	6.90285e-06	8.19755
0.00152553	284.43	6.90285e-06	18.7454
0.00153934	272.381	6.90285e-06	11.0564
0.00155314	243.618	6.90285e-06	8.48806
0.00156695	237.038	6.90285e-06	9.2497
0.00158075	209.79	6.90285e-06	10.674
0.00159456	205.077	6.90285e-06	7.34584
0.00160836	205.081	6.90285e-06	10.1892
0.00162217	193.379	6.90285e-06	9.00307
0.00163598	178.712	6.90285e-06	7.67699
0.00164978	193.014	6.90285e-06	17.9294
0.00166359	156.217	6.90285e-06	6.11096
0.00167739	152.168	6.90285e-06	6.86213
0.0016912	154.487	6.90285e-06	10.0765
0.001705	125.591	6.90285e-06	5.63772
0.00171881	127.422	6.90285e-06	5.79213
0.00173262	123.973	6.90285e-06	6.01304
0.00174642	118.745	6.90285e-06	10.2096
0.00176023	104.037	6.90285e-06	4.86391
0.00177403	101.56	6.90285e-06	5.27405
0.00178784	89.8478	6.90285e-06	6.62222
0.00180164	84.2565	6.90285e-06	4.59778
0.00181545	72.1687	6.90285e-06	3.9746
0.00182926	80.6851	6.90285e-06	4.63681
0.00184306	76.7747	6.90285e-06	5.26888
0.00185687	67.2209	6.90285e-06	4.18873
0.00187067	100.016	6.90285e-06	21.0441
0.00188448	55.3836	6.90285e-06	3.9198
0.00189828	56.1099	6.90285e-06	4.88711
0.00191209	47.0756	6.90285e-06	3.08867
0.0019259	41.2112	6.90285e-06	2.95706
0.0019397	44.4154	6.90285e-06	3.2376
0.00195351	40.0602	6.90285e-06	2.99729
0.00196731	40.1892	6.90285e-06	4.37837
0.00198112	32.2299	6.90285e-06	2.95507
0.00199492	29.2107	6.90285e-06	2.34338
0.00200873	24.6965	6.90285e-06	2.23857
0.00202254	23.0655	6.90285e-06	2.26232
0.00203634	18.9146	6.90285e-06	1.84961
0.00205015	22.0663	6.90285e-06	2.46863
0.00206395	19.8162	6.90285e-06	2.56161
0.00207776	21.3232	6.90285e-06	2.22435
0.00209156	19.3492	6.90285e-06	3.43357
0.00210537	12.7212	6.90285e-06	1.63539
0.00211918	11.2233	6.90285e-06	1.34062
0.00213298	12.0942	6.90285e-06	1.27722
0.00214679	13.1723	6.90285e-06	1.83949
0.00216059	9.65806	6.90285e-06	1.3976
0.0021744	7.49266	6.90285e-06	1.12796
0.0021882	8.51585	6.90285e-06	1.59124
0.00220201	6.4934	6.90285e-06	1.08972
0.00221582	5.95422	6.90285e-06	1.02804
0.00222962	4.96272	6.90285e-06	0.865261
0.00224343	3.91393	6.90285e-06	0.653615
0.00225723	4.88594	6.90285e-06	0.785969
0.00227104	3.23818	6.90285e-06	0.541482
0.00228484	2.61817	6.90285e-06	0.542078
0.00229865	2.14861	6.90285e-06	0.467837
0.00231246	3.10068	6.90285e-06	0.58238
0.00232626	2.39293	6.90285e-06	0.457846
0.00234007	1.9591	6.90285e-06	0.431974
0.00235387	1.07695	6.90285e-06	0.296041
0.00236768	0.938152	6.90285e-06	0.265286
0.00238148	0.936241	6.90285e-06	0.289096
0.00239529	1.06553	6.90285e-06	0.285366
0.0024091	1.0691	6.90285e-06	0.283142
0.0024229	0.19237	6.90285e-06	0.11675
0.00243671	0.33993	6.90285e-06	0.1425
0.00245051	0.168981	6.90285e-06	0.0990512
0.00246432	0.106547	6.90285e-06	0.0753408
0.00247812	0.148792	6.90285e-06	0.0867477
0.00249193	0.18767	6.90285e-06	0.108921
0.00250574	0.143641	6.90285e-06	0.0835444
0.00251954	0.0437152	6.90285e-06	0.0437152
