6.19216e-06	22.1817	6.19216e-06	1.12482
1.85765e-05	47.7265	6.19216e-06	1.84012
3.09608e-05	59.6721	6.19216e-06	2.25813
4.33451e-05	79.6695	6.19216e-06	2.32175
5.57295e-05	99.4614	6.19216e-06	3.15173
6.81138e-05	114.458	6.19216e-06	2.88853
8.04981e-05	147.215	6.19216e-06	3.7959
9.28824e-05	161.873	6.19216e-06	3.62044
0.000105267	196.707	6.19216e-06	5.10608
0.000117651	201.859	6.19216e-06	4.31657
0.000130035	232.825	6.19216e-06	4.69833
0.00014242	266.808	6.19216e-06	5.57099
0.000154804	287.582	6.19216e-06	5.96391
0.000167188	325.76	6.19216e-06	11.4498
0.000179573	350.044	6.19216e-06	7.42345
0.000191957	417.214	6.19216e-06	16.241
0.000204341	412.621	6.19216e-06	7.35636
0.000216726	435.291	6.19216e-06	7.99519
0.00022911	492.684	6.19216e-06	16.9368
0.000241494	520.011	6.19216e-06	9.72489
0.000253879	537.127	6.19216e-06	9.10813
0.000266263	551.083	6.19216e-06	8.72403
0.000278647	610.88	6.19216e-06	11.3476
0.000291032	627.871	6.19216e-06	10.3679
0.000303416	672.501	6.19216e-06	12.0291
0.0003158	663.138	6.19216e-06	9.37309
0.000328185	714.29	6.19216e-06	11.5091
0.000340569	780.991	6.19216e-06	14.0999
0.000352953	756.515	6.19216e-06	10.5013
0.000365338	774.829	6.19216e-06	11.3355
0.000377722	818.045	6.19216e-06	14.3175
0.000390106	844.083	6.19216e-06	16.1239
0.000402491	877.847	6.19216e-06	19.0864
0.000414875	909.351	6.19216e-06	22.6494
0.000427259	883.443	6.19216e-06	12.6744
0.000439644	936.402	6.19216e-06	14.3774
0.000452028	973.681	6.19216e-06	19.0714
0.000464412	937.745	6.19216e-06	13.0107
0.000476797	976.528	6.19216e-06	21.0559
0.000489181	990.04	6.19216e-06	17.395
0.000501565	1037.89	6.19216e-06	18.8506
0.00051395	1016.88	6.19216e-06	14.3705
0.000526334	1044.09	6.19216e-06	17.3591
0.000538718	1091.4	6.19216e-06	19.7581
0.000551103	1058.25	6.19216e-06	16.4057
0.000563487	1054.74	6.19216e-06	14.9959
0.000575871	1065.61	6.19216e-06	16.1759
0.000588255	1084.48	6.19216e-06	14.787
0.00060064	1073.48	6.19216e-06	15.2041
0.000613024	1098.18	6.19216e-06	21.5257
0.000625408	1089.28	6.19216e-06	15.515
0.000637793	1065.62	6.19216e-06	14.1642
0.000650177	1102.08	6.19216e-06	18.0575
0.000662561	1077.04	6.19216e-06	15.4716
0.000674946	1081.01	6.19216e-06	15.4234
0.00068733	1079.83	6.19216e-06	15.2975
0.000699714	1089.95	6.19216e-06	20.3895
0.000712099	1053.2	6.19216e-06	15.6734
0.000724483	1070.18	6.19216e-06	22.1421
0.000736867	1044.08	6.19216e-06	19.9766
0.000749252	1160.98	6.19216e-06	59.0877
0.000761636	1055.88	6.19216e-06	16.424
0.00077402	1053.07	6.19216e-06	21.183
0.000786405	991.693	6.19216e-06	13.9063
0.000798789	1020.75	6.19216e-06	16.7687
0.000811173	1017.13	6.19216e-06	23.1736
0.000823558	991.205	6.19216e-06	16.9662
0.000835942	979.405	6.19216e-06	16.7394
0.000848326	957.196	6.19216e-06	17.1264
0.000860711	942.675	6.19216e-06	14.736
0.000873095	910.628	6.19216e-06	16.4655
0.000885479	912.673	6.19216e-06	16.7572
0.000897864	935.07	6.19216e-06	26.1183
0.000910248	897.879	6.19216e-06	19.5442
0.000922632	860.313	6.19216e-06	14.3848
0.000935017	856.711	6.19216e-06	16.1075
0.000947401	840.619	6.19216e-06	14.0977
0.000959785	801.159	6.19216e-06	13.4365
0.00097217	852.91	6.19216e-06	20.6615
0.000984554	770.341	6.19216e-06	14.4922
0.000996938	773.191	6.19216e-06	17.5218
0.00100932	747.543	6.19216e-06	15.2682
0.00102171	747.593	6.19216e-06	19.5752
0.00103409	704.438	6.19216e-06	15.1003
0.00104648	685.644	6.19216e-06	13.9836
0.00105886	668.497	6.19216e-06	13.4022
0.00107124	666.337	6.19216e-06	15.2373
0.00108363	618.508	6.19216e-06	11.4794
0.00109601	662.149	6.19216e-06	23.3897
0.0011084	609	6.19216e-06	13.5444
0.00112078	637.34	6.19216e-06	26.1182
0.00113317	577.363	6.19216e-06	16.6469
0.00114555	538.921	6.19216e-06	13.8689
0.00115793	510.301	6.19216e-06	11.8084
0.00117032	495.409	6.19216e-06	11.9595
0.0011827	525.72	6.19216e-06	17.3288
0.00119509	448.999	6.19216e-06	10.2727
0.00120747	442.261	6.19216e-06	10.4398
0.00121986	453.349	6.19216e-06	11.7136
0.00123224	402.835	6.19216e-06	9.7448
0.00124462	393.787	6.19216e-06	10.5898
0.00125701	394.394	6.19216e-06	11.2055
0.00126939	371.657	6.19216e-06	17.117
0.00128178	344.087	6.19216e-06	10.1341
0.00129416	391.758	6.19216e-06	21.3704
0.00130655	338.57	6.19216e-06	11.4662
0.00131893	309.761	6.19216e-06	9.87616
0.00133132	281.6	6.19216e-06	8.17799
0.0013437	301.377	6.19216e-06	14.8302
0.00135608	275.299	6.19216e-06	10.0033
0.00136847	239.38	6.19216e-06	7.28563
0.00138085	244.243	6.19216e-06	10.4766
0.00139324	267.204	6.19216e-06	32.2753
0.00140562	216.831	6.19216e-06	7.15776
0.00141801	229.64	6.19216e-06	9.49905
0.00143039	213.962	6.19216e-06	8.32222
0.00144277	199.87	6.19216e-06	7.78684
0.00145516	170.315	6.19216e-06	6.66083
0.00146754	169.58	6.19216e-06	6.68637
0.00147993	155.161	6.19216e-06	6.16114
0.00149231	174.449	6.19216e-06	9.36118
0.0015047	166.477	6.19216e-06	9.23412
0.00151708	144.858	6.19216e-06	6.8212
0.00152946	135.031	6.19216e-06	6.21558
0.00154185	127.72	6.19216e-06	7.3455
0.00155423	117.687	6.19216e-06	5.45689
0.00156662	109.296	6.19216e-06	6.2438
0.001579	104.68	6.19216e-06	5.69943
0.00159139	97.2604	6.19216e-06	4.80376
0.00160377	89.9298	6.19216e-06	5.30064
0.00161615	84.1371	6.19216e-06	5.16783
0.00162854	80.8814	6.19216e-06	4.41629
0.00164092	74.6991	6.19216e-06	3.93665
0.00165331	70.3747	6.19216e-06	4.48475
0.00166569	73.318	6.19216e-06	8.6624
0.00167808	73.8907	6.19216e-06	6.4158
0.00169046	63.9509	6.19216e-06	4.71809
0.00170284	50.0783	6.19216e-06	3.27664
0.00171523	44.2698	6.19216e-06	2.93014
0.00172761	49.8605	6.19216e-06	3.30463
0.00174	38.0714	6.19216e-06	2.5692
0.00175238	37.1975	6.19216e-06	2.76852
0.00176477	44.7106	6.19216e-06	3.71269
0.00177715	41.3793	6.19216e-06	6.92755
0.00178954	31.8595	6.19216e-06	2.72713
0.00180192	27.3422	6.19216e-06	1.98668
0.0018143	30.0999	6.19216e-06	2.90433
0.00182669	22.3051	6.19216e-06	2.21962
0.00183907	22.7228	6.19216e-06	1.98162
0.00185146	21.354	6.19216e-06	1.7562
0.00186384	18.636	6.19216e-06	1.52103
0.00187623	16.8737	6.19216e-06	1.32968
0.00188861	15.5053	6.19216e-06	1.48596
0.00190099	12.6863	6.19216e-06	1.21066
0.00191338	10.9341	6.19216e-06	1.09866
0.00192576	10.9983	6.19216e-06	1.15189
0.00193815	9.08044	6.19216e-06	0.932655
0.00195053	10.3263	6.19216e-06	1.06597
0.00196292	9.84201	6.19216e-06	0.963474
0.0019753	7.31507	6.19216e-06	0.810534
0.00198768	6.05823	6.19216e-06	0.751418
0.00200007	6.13657	6.19216e-06	0.773606
0.00201245	6.18644	6.19216e-06	0.772198
0.00202484	3.92905	6.19216e-06	0.567363
0.00203722	4.43142	6.19216e-06	0.597631
0.00204961	3.85138	6.19216e-06	0.518032
0.00206199	3.65073	6.19216e-06	0.562509
0.00207437	3.3374	6.19216e-06	0.587536
0.00208676	2.02962	6.19216e-06	0.378585
0.00209914	3.10198	6.19216e-06	0.635828
0.00211153	1.75101	6.19216e-06	0.404469
0.00212391	1.51403	6.19216e-06	0.331349
0.0021363	1.57426	6.19216e-06	0.370008
0.00214868	1.39037	6.19216e-06	0.347833
0.00216106	1.66486	6.19216e-06	0.331349
0.00217345	1.06532	6.19216e-06	0.273783
0.00218583	0.993125	6.19216e-06	0.254722
0.00219822	0.642048	6.19216e-06	0.188143
0.0022106	0.658358	6.19216e-06	0.20161
0.00222299	0.585578	6.19216e-06	0.214655
0.00223537	0.336304	6.19216e-06	0.178729
0.00224776	0.452487	6.19216e-06	0.165156
0.00226014	0.207654	6.19216e-06	0.121809
0.00227252	0.138188	6.19216e-06	0.0808846
0.00228491	0.284453	6.19216e-06	0.117416
0.00229729	0.371868	6.19216e-06	0.172889
0.00230968	0.292511	6.19216e-06	0.120559
0.00232206	0.151619	6.19216e-06	0.0900293
0.00233445	0.0524723	6.19216e-06	0.0524723
0.00234683	0.0496979	6.19216e-06	0.0496979
0.00235921	0.306188	6.19216e-06	0.145352
0.0023716	0	6.19216e-06	0
0.00238398	0.201671	6.19216e-06	0.118624
0.00239637	0	6.19216e-06	0
0.00240875	0	6.19216e-06	0
0.00242114	0.162276	6.19216e-06	0.162276
0.00243352	0.047279	6.19216e-06	0.047279
0.0024459	0	6.19216e-06	0
0.00245829	0	6.19216e-06	0
0.00247067	0	6.19216e-06	0
0.00248306	0	6.19216e-06	0
0.00249544	0	6.19216e-06	0
0.00250783	0.0470897	6.19216e-06	0.0470897
