7.40989e-06	4.18728	7.40989e-06	0.445278
2.22297e-05	9.56688	7.40989e-06	0.810872
3.70495e-05	12.4784	7.40989e-06	0.881369
5.18693e-05	16.2384	7.40989e-06	1.10348
6.6689e-05	23.5818	7.40989e-06	1.43697
8.15088e-05	28.162	7.40989e-06	1.55569
9.63286e-05	33.6927	7.40989e-06	1.52023
0.000111148	39.7668	7.40989e-06	1.90124
0.000125968	46.2696	7.40989e-06	1.80793
0.000140788	55.9043	7.40989e-06	2.08763
0.000155608	64.0985	7.40989e-06	2.39551
0.000170428	78.462	7.40989e-06	2.93813
0.000185247	82.5605	7.40989e-06	3.24893
0.000200067	99.402	7.40989e-06	3.30857
0.000214887	111.398	7.40989e-06	3.26457
0.000229707	123.299	7.40989e-06	3.73873
0.000244527	139.879	7.40989e-06	4.28558
0.000259346	153.269	7.40989e-06	4.17353
0.000274166	160.626	7.40989e-06	3.91773
0.000288986	201.905	7.40989e-06	8.11288
0.000303806	194.944	7.40989e-06	5.06014
0.000318625	217.807	7.40989e-06	5.30899
0.000333445	229.245	7.40989e-06	6.91625
0.000348265	253.538	7.40989e-06	5.87766
0.000363085	273.675	7.40989e-06	6.89748
0.000377905	286.581	7.40989e-06	5.99478
0.000392724	314.215	7.40989e-06	7.11218
0.000407544	327.326	7.40989e-06	6.39374
0.000422364	345.323	7.40989e-06	6.42247
0.000437184	355.277	7.40989e-06	7.16695
0.000452004	382.342	7.40989e-06	6.88262
0.000466823	415.878	7.40989e-06	11.1396
0.000481643	435.321	7.40989e-06	8.2551
0.000496463	444.243	7.40989e-06	8.42297
0.000511283	463.79	7.40989e-06	8.49254
0.000526102	477.88	7.40989e-06	7.60587
0.000540922	494.265	7.40989e-06	7.96566
0.000555742	524.649	7.40989e-06	8.8307
0.000570562	537.805	7.40989e-06	9.07178
0.000585382	589.77	7.40989e-06	10.0754
0.000600201	580.147	7.40989e-06	8.5905
0.000615021	619.742	7.40989e-06	9.77772
0.000629841	639.727	7.40989e-06	10.2572
0.000644661	653.431	7.40989e-06	9.34156
0.000659481	681.888	7.40989e-06	12.4088
0.0006743	684.7	7.40989e-06	10.1927
0.00068912	696.488	7.40989e-06	9.94553
0.00070394	711.956	7.40989e-06	9.93353
0.00071876	728.676	7.40989e-06	10.5158
0.00073358	752.133	7.40989e-06	11.4957
0.000748399	785.933	7.40989e-06	14.2541
0.000763219	776.402	7.40989e-06	11.8949
0.000778039	811.129	7.40989e-06	14.6884
0.000792859	810.602	7.40989e-06	11.0658
0.000807678	835.371	7.40989e-06	14.4541
0.000822498	816.008	7.40989e-06	11.1596
0.000837318	856.097	7.40989e-06	13.97
0.000852138	857.316	7.40989e-06	12.3288
0.000866958	869.135	7.40989e-06	14.33
0.000881777	875.13	7.40989e-06	12.9521
0.000896597	893.431	7.40989e-06	11.806
0.000911417	888.583	7.40989e-06	12.165
0.000926237	896.993	7.40989e-06	12.392
0.000941057	906.878	7.40989e-06	13.863
0.000955876	905.363	7.40989e-06	14.0433
0.000970696	916.987	7.40989e-06	13.5889
0.000985516	909.046	7.40989e-06	11.851
0.00100034	926.806	7.40989e-06	16.2944
0.00101516	906.394	7.40989e-06	12.1505
0.00102998	913.758	7.40989e-06	13.5033
0.0010448	908.484	7.40989e-06	13.6003
0.00105961	900.609	7.40989e-06	13.7581
0.00107443	900.444	7.40989e-06	12.2716
0.00108925	883.922	7.40989e-06	12.4451
0.00110407	883.493	7.40989e-06	11.9466
0.00111889	873.644	7.40989e-06	11.9343
0.00113371	854.078	7.40989e-06	11.7178
0.00114853	856.625	7.40989e-06	12.6562
0.00116335	861.833	7.40989e-06	12.3721
0.00117817	869.404	7.40989e-06	16.0991
0.00119299	845.711	7.40989e-06	16.0385
0.00120781	844.981	7.40989e-06	14.7777
0.00122263	827.388	7.40989e-06	15.6929
0.00123745	800.984	7.40989e-06	12.6195
0.00125227	776.694	7.40989e-06	12.4569
0.00126709	778.945	7.40989e-06	12.7805
0.00128191	743.218	7.40989e-06	12.2627
0.00129673	751.131	7.40989e-06	12.3038
0.00131155	721.467	7.40989e-06	14.1239
0.00132637	731.925	7.40989e-06	11.5732
0.00134119	708.04	7.40989e-06	11.0159
0.00135601	690.883	7.40989e-06	10.9636
0.00137083	652.733	7.40989e-06	12.6899
0.00138565	623.053	7.40989e-06	9.63604
0.00140047	638.572	7.40989e-06	10.4369
0.00141529	621.28	7.40989e-06	10.1642
0.00143011	620.307	7.40989e-06	10.9507
0.00144493	581.916	7.40989e-06	13.6718
0.00145975	567.248	7.40989e-06	10.5778
0.00147457	545.594	7.40989e-06	10.0327
0.00148939	521.463	7.40989e-06	9.24801
0.00150421	513.043	7.40989e-06	9.36776
0.00151903	492.468	7.40989e-06	9.07255
0.00153385	476.326	7.40989e-06	8.9271
0.00154867	482.544	7.40989e-06	10.616
0.00156349	444.939	7.40989e-06	8.25292
0.00157831	432.524	7.40989e-06	8.74172
0.00159313	413.15	7.40989e-06	8.73909
0.00160795	422.169	7.40989e-06	17.5548
0.00162277	385.671	7.40989e-06	8.62108
0.00163759	399.054	7.40989e-06	20.3329
0.00165241	376.414	7.40989e-06	13.5168
0.00166723	329.136	7.40989e-06	6.79386
0.00168205	332.429	7.40989e-06	8.63065
0.00169687	318.75	7.40989e-06	8.49467
0.00171169	307.113	7.40989e-06	9.06805
0.00172651	276.898	7.40989e-06	7.11371
0.00174133	264.265	7.40989e-06	6.39791
0.00175614	248.104	7.40989e-06	6.24232
0.00177096	252.013	7.40989e-06	8.85793
0.00178578	233.775	7.40989e-06	6.21614
0.0018006	218.194	7.40989e-06	5.67758
0.00181542	230.433	7.40989e-06	13.4619
0.00183024	199.88	7.40989e-06	5.52293
0.00184506	192.615	7.40989e-06	5.81712
0.00185988	176.335	7.40989e-06	6.71239
0.0018747	165.551	7.40989e-06	9.32199
0.00188952	157.794	7.40989e-06	4.91022
0.00190434	156.803	7.40989e-06	6.00873
0.00191916	138.836	7.40989e-06	4.89692
0.00193398	129.513	7.40989e-06	4.08088
0.0019488	126.741	7.40989e-06	5.92757
0.00196362	124.105	7.40989e-06	5.54978
0.00197844	115.019	7.40989e-06	4.72514
0.00199326	103.333	7.40989e-06	3.80896
0.00200808	92.3529	7.40989e-06	3.49216
0.0020229	101.605	7.40989e-06	6.25577
0.00203772	90.2048	7.40989e-06	4.70335
0.00205254	84.8325	7.40989e-06	4.6284
0.00206736	73.489	7.40989e-06	3.3179
0.00208218	78.4737	7.40989e-06	4.4313
0.002097	60.4834	7.40989e-06	3.07977
0.00211182	67.8806	7.40989e-06	4.19689
0.00212664	57.8272	7.40989e-06	3.49433
0.00214146	58.6944	7.40989e-06	3.79112
0.00215628	49.9354	7.40989e-06	3.07947
0.0021711	51.9938	7.40989e-06	6.29315
0.00218592	47.8064	7.40989e-06	4.41768
0.00220074	42.8344	7.40989e-06	2.96476
0.00221556	34.3859	7.40989e-06	2.2353
0.00223038	34.7762	7.40989e-06	2.20217
0.0022452	31.6369	7.40989e-06	3.89215
0.00226002	28.3955	7.40989e-06	2.50682
0.00227484	23.5845	7.40989e-06	2.28683
0.00228966	26.4709	7.40989e-06	2.39443
0.00230448	20.875	7.40989e-06	2.67362
0.0023193	19.4459	7.40989e-06	2.17106
0.00233412	17.4273	7.40989e-06	1.69344
0.00234894	14.1315	7.40989e-06	1.42235
0.00236376	13.3117	7.40989e-06	1.43351
0.00237858	13.214	7.40989e-06	1.51541
0.0023934	11.3753	7.40989e-06	2.29498
0.00240822	11.5538	7.40989e-06	2.96734
0.00242304	4.36181	7.40989e-06	0.595681
0.00243786	6.65112	7.40989e-06	1.04701
0.00245267	5.17016	7.40989e-06	0.817921
0.00246749	5.58037	7.40989e-06	1.08832
0.00248231	6.81036	7.40989e-06	1.73214
0.00249713	5.37286	7.40989e-06	2.39367
0.00251195	2.357	7.40989e-06	0.515234
0.00252677	1.97515	7.40989e-06	0.562039
0.00254159	2.04814	7.40989e-06	0.612302
0.00255641	0.906732	7.40989e-06	0.360619
0.00257123	0.244219	7.40989e-06	0.178817
