7.31143e-06	9.76858	7.31143e-06	0.724707
2.19343e-05	18.0048	7.31143e-06	0.970116
3.65572e-05	27.0778	7.31143e-06	1.37155
5.118e-05	33.4744	7.31143e-06	1.37249
6.58029e-05	44.221	7.31143e-06	1.78174
8.04258e-05	54.5111	7.31143e-06	2.86302
9.50486e-05	69.0062	7.31143e-06	3.13403
0.000109671	78.3586	7.31143e-06	2.51715
0.000124294	94.7122	7.31143e-06	2.91435
0.000138917	104.62	7.31143e-06	3.2111
0.00015354	120.256	7.31143e-06	3.99114
0.000168163	152.671	7.31143e-06	13.0443
0.000182786	159.053	7.31143e-06	7.50176
0.000197409	169.968	7.31143e-06	3.83613
0.000212032	182.37	7.31143e-06	4.14374
0.000226654	206.079	7.31143e-06	4.99272
0.000241277	216.501	7.31143e-06	5.0056
0.0002559	251.348	7.31143e-06	5.51469
0.000270523	266.685	7.31143e-06	5.92607
0.000285146	283.976	7.31143e-06	6.69224
0.000299769	315.459	7.31143e-06	5.8603
0.000314392	323.955	7.31143e-06	8.95348
0.000329014	349.506	7.31143e-06	6.79941
0.000343637	374.473	7.31143e-06	7.06694
0.00035826	394.256	7.31143e-06	7.17237
0.000372883	415.236	7.31143e-06	9.37918
0.000387506	438.252	7.31143e-06	12.0554
0.000402129	440.894	7.31143e-06	6.81442
0.000416752	468.036	7.31143e-06	7.35984
0.000431375	504.908	7.31143e-06	9.22341
0.000445997	511.435	7.31143e-06	8.50808
0.00046062	533.862	7.31143e-06	8.08862
0.000475243	595.703	7.31143e-06	23.2389
0.000489866	585.666	7.31143e-06	12.0891
0.000504489	598.593	7.31143e-06	9.62795
0.000519112	612.029	7.31143e-06	9.47786
0.000533735	632.861	7.31143e-06	9.90603
0.000548357	668.93	7.31143e-06	10.435
0.00056298	697.034	7.31143e-06	10.9019
0.000577603	717.106	7.31143e-06	15.897
0.000592226	735.585	7.31143e-06	12.289
0.000606849	745.376	7.31143e-06	11.0577
0.000621472	747.971	7.31143e-06	11.3311
0.000636095	747.134	7.31143e-06	10.283
0.000650718	801.292	7.31143e-06	14.7661
0.00066534	803.028	7.31143e-06	15.9573
0.000679963	807.907	7.31143e-06	13.004
0.000694586	796.81	7.31143e-06	10.7525
0.000709209	841.414	7.31143e-06	15.8253
0.000723832	830.409	7.31143e-06	11.6412
0.000738455	880.272	7.31143e-06	16.074
0.000753078	895.349	7.31143e-06	16.3213
0.0007677	880.775	7.31143e-06	12.8037
0.000782323	856.68	7.31143e-06	12.334
0.000796946	877.07	7.31143e-06	13.419
0.000811569	880.627	7.31143e-06	12.6289
0.000826192	927.72	7.31143e-06	15.0337
0.000840815	902.147	7.31143e-06	15.866
0.000855438	900.282	7.31143e-06	19.3471
0.000870061	885.572	7.31143e-06	12.116
0.000884683	899.001	7.31143e-06	12.403
0.000899306	900.996	7.31143e-06	14.0634
0.000913929	906.384	7.31143e-06	13.7665
0.000928552	911.128	7.31143e-06	14.8112
0.000943175	902.349	7.31143e-06	17.3028
0.000957798	878.459	7.31143e-06	13.4108
0.000972421	856.935	7.31143e-06	11.9034
0.000987043	921.876	7.31143e-06	18.5496
0.00100167	893.489	7.31143e-06	14.6449
0.00101629	877.727	7.31143e-06	21.2566
0.00103091	856.312	7.31143e-06	12.4934
0.00104553	878.139	7.31143e-06	24.5689
0.00106016	815.217	7.31143e-06	12.4443
0.00107478	857.99	7.31143e-06	16.6491
0.0010894	857.724	7.31143e-06	16.9746
0.00110403	806.456	7.31143e-06	14.172
0.00111865	818.535	7.31143e-06	14.1853
0.00113327	794.22	7.31143e-06	17.3775
0.00114789	797.054	7.31143e-06	13.3032
0.00116252	814.034	7.31143e-06	27.2823
0.00117714	927.531	7.31143e-06	109.672
0.00119176	764.27	7.31143e-06	17.0056
0.00120639	866.649	7.31143e-06	116.597
0.00122101	719.814	7.31143e-06	15.9603
0.00123563	725.981	7.31143e-06	16.2776
0.00125026	686.223	7.31143e-06	12.7699
0.00126488	674.842	7.31143e-06	14.6776
0.0012795	657.037	7.31143e-06	13.3109
0.00129412	648.564	7.31143e-06	14.2493
0.00130875	612.481	7.31143e-06	11.552
0.00132337	612.818	7.31143e-06	12.7049
0.00133799	567.401	7.31143e-06	11.5284
0.00135262	588.049	7.31143e-06	13.8882
0.00136724	576.229	7.31143e-06	11.4904
0.00138186	549.892	7.31143e-06	19.9719
0.00139648	501.932	7.31143e-06	10.4899
0.00141111	502.122	7.31143e-06	10.9684
0.00142573	530.79	7.31143e-06	20.1802
0.00144035	473.345	7.31143e-06	10.9072
0.00145498	473.94	7.31143e-06	16.0851
0.0014696	455.892	7.31143e-06	20.7441
0.00148422	430.599	7.31143e-06	12.7521
0.00149884	416.711	7.31143e-06	10.7313
0.00151347	404.803	7.31143e-06	9.8379
0.00152809	386.02	7.31143e-06	10.7937
0.00154271	352.228	7.31143e-06	9.79258
0.00155734	348.681	7.31143e-06	9.41502
0.00157196	336.288	7.31143e-06	9.21539
0.00158658	334.172	7.31143e-06	10.0364
0.0016012	332.39	7.31143e-06	11.7798
0.00161583	306.34	7.31143e-06	11.9109
0.00163045	274.451	7.31143e-06	7.81374
0.00164507	270.94	7.31143e-06	8.69765
0.0016597	268.541	7.31143e-06	10.0594
0.00167432	245.977	7.31143e-06	8.78659
0.00168894	244.809	7.31143e-06	8.51502
0.00170356	219.424	7.31143e-06	8.85295
0.00171819	209.529	7.31143e-06	7.12855
0.00173281	208.702	7.31143e-06	9.63792
0.00174743	203.481	7.31143e-06	7.80937
0.00176206	179.009	7.31143e-06	6.92978
0.00177668	181.425	7.31143e-06	7.30144
0.0017913	171.854	7.31143e-06	7.58874
0.00180592	160.764	7.31143e-06	7.11783
0.00182055	169.829	7.31143e-06	11.9692
0.00183517	125.625	7.31143e-06	5.12708
0.00184979	135.082	7.31143e-06	5.94486
0.00186442	113.448	7.31143e-06	5.02832
0.00187904	111.397	7.31143e-06	5.16705
0.00189366	106.822	7.31143e-06	4.78132
0.00190828	121.491	7.31143e-06	12.5072
0.00192291	87.59	7.31143e-06	4.74399
0.00193753	87.6659	7.31143e-06	5.31771
0.00195215	90.3025	7.31143e-06	7.59499
0.00196678	79.5075	7.31143e-06	5.10974
0.0019814	71.2144	7.31143e-06	4.22728
0.00199602	63.1985	7.31143e-06	3.77468
0.00201064	62.7135	7.31143e-06	3.77488
0.00202527	47.3913	7.31143e-06	3.05935
0.00203989	48.4045	7.31143e-06	3.21899
0.00205451	54.8367	7.31143e-06	4.37545
0.00206914	48.3545	7.31143e-06	3.54701
0.00208376	43.2328	7.31143e-06	3.45682
0.00209838	37.242	7.31143e-06	2.94854
0.002113	36.8037	7.31143e-06	2.87203
0.00212763	33.4352	7.31143e-06	3.42885
0.00214225	28.1257	7.31143e-06	2.41605
0.00215687	27.8121	7.31143e-06	2.61541
0.0021715	30.6148	7.31143e-06	3.59267
0.00218612	24.5898	7.31143e-06	2.41667
0.00220074	19.2791	7.31143e-06	2.01609
0.00221536	23.6201	7.31143e-06	2.65611
0.00222999	20.834	7.31143e-06	3.58202
0.00224461	13.9668	7.31143e-06	1.89997
0.00225923	11.0939	7.31143e-06	1.5922
0.00227386	11.774	7.31143e-06	1.43506
0.00228848	8.75705	7.31143e-06	1.30603
0.0023031	14.6503	7.31143e-06	2.64242
0.00231772	10.5177	7.31143e-06	2.01267
0.00233235	7.85794	7.31143e-06	1.5535
0.00234697	9.0842	7.31143e-06	2.42795
0.00236159	5.0584	7.31143e-06	0.988038
0.00237622	9.97137	7.31143e-06	3.58254
0.00239084	4.2966	7.31143e-06	1.12118
0.00240546	2.05436	7.31143e-06	0.485364
0.00242008	3.23349	7.31143e-06	0.924984
0.00243471	1.90907	7.31143e-06	0.760253
0.00244933	1.94151	7.31143e-06	0.477176
0.00246395	2.73065	7.31143e-06	0.719831
0.00247858	1.69947	7.31143e-06	0.452206
0.0024932	1.35067	7.31143e-06	0.510875
0.00250782	1.43117	7.31143e-06	0.44641
0.00252244	0.326123	7.31143e-06	0.231788
0.00253707	0.354896	7.31143e-06	0.181605
0.00255169	0.18626	7.31143e-06	0.111502
0.00256631	0.0911004	7.31143e-06	0.0911004
