7.38896e-06	4.67438	7.38896e-06	0.559823
2.21669e-05	7.83896	7.38896e-06	0.727474
3.69448e-05	14.2338	7.38896e-06	1.1767
5.17227e-05	15.7165	7.38896e-06	1.20263
6.65006e-05	20.6334	7.38896e-06	1.50866
8.12785e-05	27.6454	7.38896e-06	1.84256
9.60564e-05	39.519	7.38896e-06	5.61143
0.000110834	41.27	7.38896e-06	2.07613
0.000125612	49.1356	7.38896e-06	2.34351
0.00014039	55.4857	7.38896e-06	2.19272
0.000155168	64.8718	7.38896e-06	2.39896
0.000169946	73.352	7.38896e-06	3.1493
0.000184724	79.4716	7.38896e-06	2.62121
0.000199502	93.255	7.38896e-06	3.90389
0.00021428	111.387	7.38896e-06	3.71404
0.000229058	121.901	7.38896e-06	4.14208
0.000243836	122.489	7.38896e-06	3.63605
0.000258613	144.115	7.38896e-06	4.34772
0.000273391	163.812	7.38896e-06	5.75629
0.000288169	170.902	7.38896e-06	4.29756
0.000302947	187.562	7.38896e-06	5.39239
0.000317725	206.368	7.38896e-06	5.32721
0.000332503	223.688	7.38896e-06	5.62461
0.000347281	247.344	7.38896e-06	5.37169
0.000362059	269.107	7.38896e-06	8.99286
0.000376837	267.281	7.38896e-06	6.34556
0.000391615	293.915	7.38896e-06	5.95747
0.000406393	316.357	7.38896e-06	9.19218
0.00042117	345.376	7.38896e-06	7.11084
0.000435948	362.034	7.38896e-06	6.7642
0.000450726	377.82	7.38896e-06	7.52225
0.000465504	387.764	7.38896e-06	7.33639
0.000480282	420.104	7.38896e-06	8.2349
0.00049506	434.461	7.38896e-06	7.61302
0.000509838	459.743	7.38896e-06	7.801
0.000524616	478.666	7.38896e-06	7.9467
0.000539394	487.045	7.38896e-06	7.96183
0.000554172	518.212	7.38896e-06	8.21255
0.00056895	556.735	7.38896e-06	9.74453
0.000583728	547.204	7.38896e-06	8.22449
0.000598505	579.479	7.38896e-06	9.27407
0.000613283	586.55	7.38896e-06	8.84576
0.000628061	625.71	7.38896e-06	9.50232
0.000642839	646.816	7.38896e-06	9.57699
0.000657617	653.766	7.38896e-06	9.36521
0.000672395	677.91	7.38896e-06	14.7543
0.000687173	689.38	7.38896e-06	9.54955
0.000701951	725.205	7.38896e-06	10.5426
0.000716729	754.311	7.38896e-06	11.8251
0.000731507	753.03	7.38896e-06	11.8434
0.000746285	788.648	7.38896e-06	12.2227
0.000761062	787.894	7.38896e-06	11.4817
0.00077584	811.888	7.38896e-06	13.1073
0.000790618	813.507	7.38896e-06	12.5699
0.000805396	852.404	7.38896e-06	29.4345
0.000820174	817.007	7.38896e-06	10.8161
0.000834952	838.924	7.38896e-06	11.5844
0.00084973	854.364	7.38896e-06	11.5769
0.000864508	875.01	7.38896e-06	11.6537
0.000879286	853.463	7.38896e-06	11.956
0.000894064	860.198	7.38896e-06	11.8317
0.000908842	915.557	7.38896e-06	24.5714
0.00092362	907.219	7.38896e-06	14.6267
0.000938397	895.872	7.38896e-06	12.1482
0.000953175	878.923	7.38896e-06	11.4436
0.000967953	908.213	7.38896e-06	11.971
0.000982731	906.526	7.38896e-06	11.7742
0.000997509	922.714	7.38896e-06	12.5986
0.00101229	905.621	7.38896e-06	11.8526
0.00102706	889.361	7.38896e-06	10.9692
0.00104184	898.605	7.38896e-06	11.6498
0.00105662	924.576	7.38896e-06	24.5778
0.0010714	903.552	7.38896e-06	11.7775
0.00108618	916.795	7.38896e-06	14.7494
0.00110095	878.52	7.38896e-06	13.7307
0.00111573	888.966	7.38896e-06	11.9725
0.00113051	892.414	7.38896e-06	12.3059
0.00114529	884.621	7.38896e-06	14.5389
0.00116007	866.736	7.38896e-06	13.6939
0.00117484	852.404	7.38896e-06	11.5937
0.00118962	833.142	7.38896e-06	11.814
0.0012044	822.985	7.38896e-06	11.0064
0.00121918	801.435	7.38896e-06	12.0821
0.00123396	825.267	7.38896e-06	14.998
0.00124873	785.136	7.38896e-06	10.6246
0.00126351	777.369	7.38896e-06	11.0235
0.00127829	759.682	7.38896e-06	11.2951
0.00129307	769.852	7.38896e-06	13.3654
0.00130785	745.752	7.38896e-06	11.3659
0.00132262	752.817	7.38896e-06	16.6354
0.0013374	743.941	7.38896e-06	34.42
0.00135218	682.466	7.38896e-06	10.523
0.00136696	677.134	7.38896e-06	11.8564
0.00138173	660.119	7.38896e-06	10.4336
0.00139651	638.371	7.38896e-06	10.8301
0.00141129	632.291	7.38896e-06	10.5645
0.00142607	597.183	7.38896e-06	9.55591
0.00144085	603.625	7.38896e-06	11.1078
0.00145562	596.063	7.38896e-06	19.0791
0.0014704	560.055	7.38896e-06	9.62822
0.00148518	544.704	7.38896e-06	10.3373
0.00149996	523.548	7.38896e-06	9.40208
0.00151474	523.733	7.38896e-06	10.4053
0.00152951	503.942	7.38896e-06	11.534
0.00154429	487.076	7.38896e-06	14.2104
0.00155907	449.577	7.38896e-06	8.08757
0.00157385	435.453	7.38896e-06	9.23454
0.00158863	431.309	7.38896e-06	8.99104
0.0016034	403.018	7.38896e-06	7.88683
0.00161818	405.559	7.38896e-06	8.79156
0.00163296	371.491	7.38896e-06	7.40418
0.00164774	357.417	7.38896e-06	7.25488
0.00166252	342.49	7.38896e-06	8.09503
0.00167729	328.307	7.38896e-06	7.65189
0.00169207	312.826	7.38896e-06	6.87831
0.00170685	302.303	7.38896e-06	6.56471
0.00172163	281.436	7.38896e-06	6.00089
0.0017364	284.602	7.38896e-06	6.72383
0.00175118	262.576	7.38896e-06	6.5765
0.00176596	252.642	7.38896e-06	6.29065
0.00178074	248.526	7.38896e-06	6.87633
0.00179552	235.775	7.38896e-06	9.32683
0.00181029	220.788	7.38896e-06	6.62736
0.00182507	211.315	7.38896e-06	5.72995
0.00183985	201.608	7.38896e-06	7.68485
0.00185463	191.201	7.38896e-06	8.37609
0.00186941	175.08	7.38896e-06	4.72814
0.00188418	161.903	7.38896e-06	4.89882
0.00189896	162.133	7.38896e-06	5.57842
0.00191374	160.107	7.38896e-06	7.08834
0.00192852	136.13	7.38896e-06	5.02838
0.0019433	129.888	7.38896e-06	4.30044
0.00195807	118.526	7.38896e-06	3.973
0.00197285	115.032	7.38896e-06	4.46276
0.00198763	111.648	7.38896e-06	5.21234
0.00200241	100.254	7.38896e-06	3.685
0.00201719	93.4987	7.38896e-06	3.93066
0.00203196	101.715	7.38896e-06	11.819
0.00204674	92.4878	7.38896e-06	5.16192
0.00206152	80.8791	7.38896e-06	4.38768
0.0020763	73.6938	7.38896e-06	3.60187
0.00209107	64.2705	7.38896e-06	2.84099
0.00210585	61.8944	7.38896e-06	3.70537
0.00212063	64.6331	7.38896e-06	5.00876
0.00213541	55.8667	7.38896e-06	3.17323
0.00215019	49.8512	7.38896e-06	2.71354
0.00216496	50.8939	7.38896e-06	5.1013
0.00217974	44.5153	7.38896e-06	2.97718
0.00219452	42.0268	7.38896e-06	3.1912
0.0022093	33.3929	7.38896e-06	2.08003
0.00222408	31.9039	7.38896e-06	1.93565
0.00223885	31.7946	7.38896e-06	2.28791
0.00225363	25.5265	7.38896e-06	1.82248
0.00226841	21.5469	7.38896e-06	1.4845
0.00228319	24.1545	7.38896e-06	1.80557
0.00229797	18.5723	7.38896e-06	1.45898
0.00231274	20.9161	7.38896e-06	2.14499
0.00232752	15.9858	7.38896e-06	1.73797
0.0023423	16.4009	7.38896e-06	2.2709
0.00235708	18.2312	7.38896e-06	2.1891
0.00237185	11.9147	7.38896e-06	1.25295
0.00238663	13.2685	7.38896e-06	1.55753
0.00240141	20.7327	7.38896e-06	6.85117
0.00241619	6.77968	7.38896e-06	0.86906
0.00243097	7.1439	7.38896e-06	0.837861
0.00244574	6.81705	7.38896e-06	1.19611
0.00246052	8.1789	7.38896e-06	1.20561
0.0024753	6.21835	7.38896e-06	1.94656
0.00249008	4.07025	7.38896e-06	1.20261
0.00250486	4.6058	7.38896e-06	1.35586
0.00251963	2.0522	7.38896e-06	0.509243
0.00253441	1.15584	7.38896e-06	0.32751
0.00254919	0.602972	7.38896e-06	0.267224
0.00256397	0.483801	7.38896e-06	0.199301
0.00257875	0.112025	7.38896e-06	0.112025
