6.63493e-06	17.7812	6.63493e-06	1.05575
1.99048e-05	36.9991	6.63493e-06	1.70874
3.31747e-05	54.3636	6.63493e-06	2.22254
4.64445e-05	65.6976	6.63493e-06	2.23352
5.97144e-05	84.7436	6.63493e-06	2.4256
7.29842e-05	100.21	6.63493e-06	3.01222
8.62541e-05	118.746	6.63493e-06	2.9537
9.9524e-05	141.681	6.63493e-06	3.60949
0.000112794	158.915	6.63493e-06	3.71927
0.000126064	186.577	6.63493e-06	4.85514
0.000139334	204.68	6.63493e-06	4.83743
0.000152603	231.141	6.63493e-06	6.09622
0.000165873	255.791	6.63493e-06	5.4494
0.000179143	314.965	6.63493e-06	28.7564
0.000192413	312.392	6.63493e-06	6.16151
0.000205683	330.691	6.63493e-06	5.81153
0.000218953	384.4	6.63493e-06	22.2962
0.000232223	393.604	6.63493e-06	7.40318
0.000245492	410.322	6.63493e-06	8.28147
0.000258762	453.727	6.63493e-06	7.68196
0.000272032	471.163	6.63493e-06	8.36465
0.000285302	496.321	6.63493e-06	9.57535
0.000298572	528.148	6.63493e-06	8.78754
0.000311842	583.998	6.63493e-06	16.2543
0.000325112	589.797	6.63493e-06	9.52117
0.000338381	604.624	6.63493e-06	8.95468
0.000351651	629.714	6.63493e-06	10.8444
0.000364921	673.868	6.63493e-06	11.1877
0.000378191	690.211	6.63493e-06	10.6117
0.000391461	705.677	6.63493e-06	12.5515
0.000404731	725.495	6.63493e-06	11.0728
0.000418001	759.55	6.63493e-06	11.1373
0.00043127	776.578	6.63493e-06	10.3789
0.00044454	804.737	6.63493e-06	12.4037
0.00045781	813.313	6.63493e-06	11.5106
0.00047108	835.665	6.63493e-06	13.7298
0.00048435	875.681	6.63493e-06	13.6856
0.00049762	860.647	6.63493e-06	11.459
0.00051089	900.573	6.63493e-06	13.6971
0.000524159	883.686	6.63493e-06	11.1361
0.000537429	921.979	6.63493e-06	13.8687
0.000550699	954.108	6.63493e-06	13.061
0.000563969	1397.53	6.63493e-06	323.362
0.000577239	989.987	6.63493e-06	19.9197
0.000590509	967.207	6.63493e-06	15.1757
0.000603779	1003.01	6.63493e-06	16.33
0.000617049	978.058	6.63493e-06	14.1987
0.000630318	981.969	6.63493e-06	13.8901
0.000643588	979.905	6.63493e-06	14.6409
0.000656858	1014.75	6.63493e-06	19.1943
0.000670128	1046.33	6.63493e-06	17.2364
0.000683398	996.699	6.63493e-06	15.5899
0.000696668	1008.59	6.63493e-06	15.8801
0.000709938	1029.7	6.63493e-06	18.3544
0.000723207	998.547	6.63493e-06	14.5705
0.000736477	1000.13	6.63493e-06	14.954
0.000749747	1128.7	6.63493e-06	71.9004
0.000763017	988.895	6.63493e-06	15.0613
0.000776287	970.898	6.63493e-06	12.9312
0.000789557	1002.46	6.63493e-06	18.2088
0.000802827	972.165	6.63493e-06	13.9016
0.000816096	959.623	6.63493e-06	13.4866
0.000829366	964.377	6.63493e-06	21.5016
0.000842636	975.782	6.63493e-06	15.2761
0.000855906	947.683	6.63493e-06	14.952
0.000869176	947.825	6.63493e-06	15.2875
0.000882446	950.2	6.63493e-06	20.7184
0.000895716	918.759	6.63493e-06	17.3868
0.000908985	895.217	6.63493e-06	14.0756
0.000922255	904.728	6.63493e-06	23.0289
0.000935525	885.842	6.63493e-06	15.7362
0.000948795	924.263	6.63493e-06	31.8463
0.000962065	851.411	6.63493e-06	20.4238
0.000975335	850.242	6.63493e-06	15.7581
0.000988605	809.099	6.63493e-06	13.3145
0.00100187	773.775	6.63493e-06	13.0053
0.00101514	830.028	6.63493e-06	33.0182
0.00102841	756.561	6.63493e-06	13.1577
0.00104168	779.039	6.63493e-06	18.0219
0.00105495	776.481	6.63493e-06	17.5222
0.00106822	725.573	6.63493e-06	14.6601
0.00108149	708.392	6.63493e-06	12.2994
0.00109476	658.188	6.63493e-06	11.8717
0.00110803	659.355	6.63493e-06	13.8334
0.0011213	627.979	6.63493e-06	12.0051
0.00113457	632.26	6.63493e-06	14.2968
0.00114784	614.993	6.63493e-06	12.6573
0.00116111	582.555	6.63493e-06	12.0423
0.00117438	591.323	6.63493e-06	13.6034
0.00118765	610.462	6.63493e-06	28.6116
0.00120092	550.337	6.63493e-06	15.3894
0.00121419	536.602	6.63493e-06	14.2199
0.00122746	500.334	6.63493e-06	10.8731
0.00124073	504.618	6.63493e-06	11.8169
0.001254	509.721	6.63493e-06	23.1727
0.00126727	458.857	6.63493e-06	14.7364
0.00128054	439.769	6.63493e-06	10.1427
0.00129381	444.871	6.63493e-06	14.3282
0.00130708	427.509	6.63493e-06	10.9758
0.00132035	403.988	6.63493e-06	11.5773
0.00133362	377.619	6.63493e-06	8.9784
0.00134689	374.57	6.63493e-06	11.1728
0.00136016	361.474	6.63493e-06	9.08305
0.00137343	325.437	6.63493e-06	8.97289
0.0013867	321.574	6.63493e-06	10.686
0.00139997	315.771	6.63493e-06	9.11038
0.00141324	302.588	6.63493e-06	8.91431
0.00142651	273.606	6.63493e-06	8.06061
0.00143978	277.092	6.63493e-06	9.48535
0.00145305	265.871	6.63493e-06	9.90126
0.00146632	249.933	6.63493e-06	8.65966
0.00147959	250.989	6.63493e-06	11.2167
0.00149286	242.574	6.63493e-06	8.57419
0.00150613	220.147	6.63493e-06	10.3933
0.0015194	238.216	6.63493e-06	11.4666
0.00153267	197.906	6.63493e-06	8.04305
0.00154594	198.634	6.63493e-06	10.0596
0.00155921	178.16	6.63493e-06	6.81256
0.00157248	164.027	6.63493e-06	8.28411
0.00158575	174.297	6.63493e-06	9.78785
0.00159902	155.065	6.63493e-06	6.63263
0.00161229	148.289	6.63493e-06	6.80871
0.00162556	133.892	6.63493e-06	5.62373
0.00163883	163.727	6.63493e-06	27.3632
0.0016521	115.889	6.63493e-06	5.63518
0.00166537	116.056	6.63493e-06	5.54373
0.00167864	95.4898	6.63493e-06	4.03586
0.00169191	100.196	6.63493e-06	5.08766
0.00170518	93.3511	6.63493e-06	4.54361
0.00171845	87.6096	6.63493e-06	4.86607
0.00173172	85.6615	6.63493e-06	4.76345
0.00174499	76.5105	6.63493e-06	4.03159
0.00175826	68.0616	6.63493e-06	3.40924
0.00177153	66.3346	6.63493e-06	3.84296
0.0017848	68.1961	6.63493e-06	5.60252
0.00179807	63.9341	6.63493e-06	4.70714
0.00181134	55.7589	6.63493e-06	3.41151
0.00182461	69.1422	6.63493e-06	10.7246
0.00183788	51.3816	6.63493e-06	4.98333
0.00185115	45.5391	6.63493e-06	3.96708
0.00186442	55.556	6.63493e-06	4.68516
0.00187769	42.4245	6.63493e-06	3.07415
0.00189096	47.7112	6.63493e-06	4.04202
0.00190422	32.7845	6.63493e-06	2.43993
0.00191749	26.7712	6.63493e-06	2.31411
0.00193076	25.5828	6.63493e-06	2.40557
0.00194403	25.6217	6.63493e-06	2.21928
0.0019573	21.0269	6.63493e-06	2.12564
0.00197057	26.0603	6.63493e-06	3.74259
0.00198384	21.8479	6.63493e-06	3.06612
0.00199711	20.1715	6.63493e-06	2.18305
0.00201038	14.6066	6.63493e-06	1.47183
0.00202365	16.2888	6.63493e-06	2.16362
0.00203692	12.7701	6.63493e-06	1.24135
0.00205019	12.0634	6.63493e-06	1.49471
0.00206346	18.0282	6.63493e-06	4.22988
0.00207673	10.2906	6.63493e-06	1.09882
0.00209	8.5538	6.63493e-06	1.66129
0.00210327	9.61004	6.63493e-06	1.25347
0.00211654	7.29675	6.63493e-06	0.949693
0.00212981	6.10163	6.63493e-06	0.771022
0.00214308	5.74622	6.63493e-06	0.813455
0.00215635	4.23937	6.63493e-06	0.65474
0.00216962	4.21662	6.63493e-06	0.631854
0.00218289	4.14579	6.63493e-06	0.657948
0.00219616	2.96188	6.63493e-06	0.516536
0.00220943	3.06414	6.63493e-06	0.528857
0.0022227	3.25231	6.63493e-06	0.549385
0.00223597	2.03625	6.63493e-06	0.410923
0.00224924	1.99873	6.63493e-06	0.394381
0.00226251	1.69759	6.63493e-06	0.366284
0.00227578	0.964859	6.63493e-06	0.268056
0.00228905	0.925029	6.63493e-06	0.264437
0.00230232	0.803015	6.63493e-06	0.231995
0.00231559	0.932016	6.63493e-06	0.26984
0.00232886	0.45891	6.63493e-06	0.170144
0.00234213	0.427583	6.63493e-06	0.17134
0.0023554	0.502619	6.63493e-06	0.228518
0.00236867	0.273806	6.63493e-06	0.126692
0.00238194	0.199628	6.63493e-06	0.105702
0.00239521	0.389033	6.63493e-06	0.15273
0.00240848	0.0539292	6.63493e-06	0.0539292
0.00242175	0	6.63493e-06	0
0.00243502	0	6.63493e-06	0
0.00244829	0.344686	6.63493e-06	0.191068
0.00246156	0.0391655	6.63493e-06	0.0391655
0.00247483	0.179893	6.63493e-06	0.105237
0.0024881	0	6.63493e-06	0
0.00250137	0	6.63493e-06	0
0.00251464	0.0437865	6.63493e-06	0.0437865
