7.42312e-06	6.46711	7.42312e-06	0.582063
2.22694e-05	12.5586	7.42312e-06	1.1429
3.71156e-05	16.7224	7.42312e-06	0.990521
5.19619e-05	22.4331	7.42312e-06	1.03924
6.68081e-05	31.0771	7.42312e-06	1.47092
8.16543e-05	36.3752	7.42312e-06	1.5896
9.65006e-05	44.6572	7.42312e-06	1.6815
0.000111347	60.363	7.42312e-06	2.35042
0.000126193	63.564	7.42312e-06	1.96803
0.000141039	76.4574	7.42312e-06	3.47838
0.000155886	102.734	7.42312e-06	11.7769
0.000170732	103.954	7.42312e-06	4.05968
0.000185578	110.668	7.42312e-06	3.33179
0.000200424	133.518	7.42312e-06	6.12562
0.000215271	140.4	7.42312e-06	3.95007
0.000230117	155.733	7.42312e-06	5.19782
0.000244963	169.615	7.42312e-06	4.61922
0.000259809	188.696	7.42312e-06	4.38136
0.000274655	202.857	7.42312e-06	4.80428
0.000289502	230.988	7.42312e-06	7.50912
0.000304348	234.861	7.42312e-06	4.88709
0.000319194	278.387	7.42312e-06	9.1706
0.00033404	274.005	7.42312e-06	5.50593
0.000348887	301.735	7.42312e-06	5.90329
0.000363733	313.101	7.42312e-06	5.89947
0.000378579	334.904	7.42312e-06	5.89215
0.000393425	357.706	7.42312e-06	6.33713
0.000408272	369.068	7.42312e-06	6.67329
0.000423118	396.841	7.42312e-06	7.0124
0.000437964	431.284	7.42312e-06	11.4528
0.00045281	443.695	7.42312e-06	7.38475
0.000467657	454.48	7.42312e-06	7.50653
0.000482503	462.046	7.42312e-06	7.3754
0.000497349	520.704	7.42312e-06	10.1804
0.000512195	535.281	7.42312e-06	8.92574
0.000527042	542.57	7.42312e-06	10.1011
0.000541888	559.864	7.42312e-06	8.27703
0.000556734	602.345	7.42312e-06	13.3013
0.00057158	606.751	7.42312e-06	9.73926
0.000586427	626.406	7.42312e-06	11.3546
0.000601273	627.062	7.42312e-06	8.92845
0.000616119	635.939	7.42312e-06	9.11484
0.000630965	653.808	7.42312e-06	8.99068
0.000645812	689.088	7.42312e-06	9.88788
0.000660658	705.604	7.42312e-06	10.7949
0.000675504	727.794	7.42312e-06	10.7575
0.00069035	752.435	7.42312e-06	11.1686
0.000705197	758.106	7.42312e-06	10.1545
0.000720043	747.433	7.42312e-06	9.97097
0.000734889	784.613	7.42312e-06	12.4193
0.000749735	798.63	7.42312e-06	11.3395
0.000764582	847.793	7.42312e-06	15.586
0.000779428	926.746	7.42312e-06	60.2223
0.000794274	838.499	7.42312e-06	11.1595
0.00080912	840.608	7.42312e-06	15.7704
0.000823966	853.062	7.42312e-06	12.8384
0.000838813	852.107	7.42312e-06	13.9173
0.000853659	895.26	7.42312e-06	18.9358
0.000868505	869.634	7.42312e-06	13.337
0.000883351	888.234	7.42312e-06	14.2931
0.000898198	905.355	7.42312e-06	14.3325
0.000913044	904.191	7.42312e-06	12.5334
0.00092789	902.369	7.42312e-06	14.3268
0.000942736	901.958	7.42312e-06	13.57
0.000957583	888.722	7.42312e-06	12.8349
0.000972429	898.638	7.42312e-06	14.5521
0.000987275	901.461	7.42312e-06	13.3177
0.00100212	906.582	7.42312e-06	14.5312
0.00101697	884.842	7.42312e-06	13.3328
0.00103181	878.313	7.42312e-06	13.2409
0.00104666	896.595	7.42312e-06	15.5358
0.00106151	886.669	7.42312e-06	13.8902
0.00107635	867.846	7.42312e-06	15.0772
0.0010912	906.654	7.42312e-06	22.9377
0.00110605	895.02	7.42312e-06	29.9195
0.00112089	900.602	7.42312e-06	19.055
0.00113574	850.328	7.42312e-06	13.5465
0.00115058	834.452	7.42312e-06	13.1367
0.00116543	813.233	7.42312e-06	13.0351
0.00118028	822.857	7.42312e-06	12.8088
0.00119512	801.996	7.42312e-06	12.4807
0.00120997	804.402	7.42312e-06	13.1574
0.00122482	764.934	7.42312e-06	13.5136
0.00123966	755.665	7.42312e-06	13.4901
0.00125451	739.97	7.42312e-06	14.2343
0.00126935	739.795	7.42312e-06	13.3754
0.0012842	708.606	7.42312e-06	12.0683
0.00129905	714.113	7.42312e-06	12.1057
0.00131389	689.769	7.42312e-06	15.641
0.00132874	669.353	7.42312e-06	12.3304
0.00134359	648.122	7.42312e-06	13.6784
0.00135843	624.839	7.42312e-06	12.1762
0.00137328	632.28	7.42312e-06	11.953
0.00138812	589.573	7.42312e-06	11.3014
0.00140297	600.553	7.42312e-06	14.0526
0.00141782	584.003	7.42312e-06	13.8495
0.00143266	558.317	7.42312e-06	11.8153
0.00144751	558.24	7.42312e-06	12.5668
0.00146235	525.402	7.42312e-06	11.6388
0.0014772	498.288	7.42312e-06	10.5672
0.00149205	472.908	7.42312e-06	9.72687
0.00150689	487.654	7.42312e-06	11.1199
0.00152174	451.563	7.42312e-06	10.3083
0.00153659	433.037	7.42312e-06	10.7057
0.00155143	449.93	7.42312e-06	12.228
0.00156628	403.82	7.42312e-06	9.1242
0.00158112	396.228	7.42312e-06	14.9464
0.00159597	366.937	7.42312e-06	9.03874
0.00161082	366.38	7.42312e-06	15.9182
0.00162566	354.299	7.42312e-06	12.6176
0.00164051	358.808	7.42312e-06	15.2588
0.00165536	331.432	7.42312e-06	11.1049
0.0016702	302.628	7.42312e-06	8.25038
0.00168505	346.089	7.42312e-06	36.2907
0.00169989	277.925	7.42312e-06	9.35183
0.00171474	267.181	7.42312e-06	9.24366
0.00172959	256.317	7.42312e-06	8.15076
0.00174443	241.51	7.42312e-06	7.11842
0.00175928	240.714	7.42312e-06	8.56372
0.00177413	213.281	7.42312e-06	6.37824
0.00178897	200.291	7.42312e-06	7.00462
0.00180382	203.678	7.42312e-06	8.86946
0.00181866	178.721	7.42312e-06	6.91841
0.00183351	203.302	7.42312e-06	8.86074
0.00184836	169.561	7.42312e-06	6.36033
0.0018632	154.3	7.42312e-06	5.92055
0.00187805	150.178	7.42312e-06	6.25516
0.0018929	132.996	7.42312e-06	6.13433
0.00190774	135.546	7.42312e-06	6.21255
0.00192259	133.942	7.42312e-06	6.78715
0.00193743	102.587	7.42312e-06	4.55457
0.00195228	118.966	7.42312e-06	7.5868
0.00196713	101.701	7.42312e-06	4.94986
0.00198197	94.1509	7.42312e-06	4.2946
0.00199682	88.462	7.42312e-06	4.31164
0.00201167	82.0382	7.42312e-06	4.65354
0.00202651	75.2479	7.42312e-06	4.04572
0.00204136	85.311	7.42312e-06	7.05274
0.0020562	68.0041	7.42312e-06	3.63585
0.00207105	65.817	7.42312e-06	5.99071
0.0020859	78.9286	7.42312e-06	15.4416
0.00210074	58.5911	7.42312e-06	6.11626
0.00211559	48.6186	7.42312e-06	3.04459
0.00213044	46.9808	7.42312e-06	2.9386
0.00214528	43.5801	7.42312e-06	2.96621
0.00216013	38.7331	7.42312e-06	3.95677
0.00217497	36.5286	7.42312e-06	3.88058
0.00218982	33.3657	7.42312e-06	2.72605
0.00220467	31.2895	7.42312e-06	2.61586
0.00221951	29.6142	7.42312e-06	2.90396
0.00223436	27.1568	7.42312e-06	3.59005
0.00224921	24.7701	7.42312e-06	2.64964
0.00226405	19.7435	7.42312e-06	1.815
0.0022789	26.3344	7.42312e-06	5.12036
0.00229374	20.7881	7.42312e-06	2.19181
0.00230859	16.3074	7.42312e-06	1.85425
0.00232344	14.5705	7.42312e-06	1.91557
0.00233828	13.4433	7.42312e-06	1.66837
0.00235313	11.8595	7.42312e-06	2.07764
0.00236798	12.1175	7.42312e-06	2.00818
0.00238282	13.0487	7.42312e-06	2.82586
0.00239767	5.32447	7.42312e-06	0.809484
0.00241251	6.97167	7.42312e-06	1.05118
0.00242736	7.24537	7.42312e-06	1.27818
0.00244221	4.05535	7.42312e-06	1.19224
0.00245705	6.52329	7.42312e-06	2.05864
0.0024719	3.23834	7.42312e-06	0.732843
0.00248675	2.29446	7.42312e-06	0.642968
0.00250159	1.82825	7.42312e-06	0.508646
0.00251644	2.66316	7.42312e-06	0.973777
0.00253128	2.87717	7.42312e-06	0.987959
0.00254613	0.281312	7.42312e-06	0.211934
0.00256098	0.756448	7.42312e-06	0.580783
