7.28636e-06	3.95282	7.28636e-06	0.57603
2.18591e-05	7.14157	7.28636e-06	0.743238
3.64318e-05	11.5176	7.28636e-06	0.967981
5.10045e-05	12.7989	7.28636e-06	0.964742
6.55772e-05	20.4604	7.28636e-06	1.45025
8.01499e-05	19.8369	7.28636e-06	1.38045
9.47226e-05	27.2445	7.28636e-06	1.56943
0.000109295	31.1658	7.28636e-06	1.67187
0.000123868	38.4854	7.28636e-06	1.84474
0.000138441	43.7288	7.28636e-06	2.32332
0.000153013	52.6317	7.28636e-06	3.03633
0.000167586	62.2349	7.28636e-06	2.52123
0.000182159	78.8869	7.28636e-06	4.34095
0.000196732	82.1709	7.28636e-06	3.66686
0.000211304	99.601	7.28636e-06	3.55559
0.000225877	110.016	7.28636e-06	3.65013
0.00024045	117.012	7.28636e-06	5.71566
0.000255022	121.152	7.28636e-06	3.65362
0.000269595	144.128	7.28636e-06	4.27523
0.000284168	156.213	7.28636e-06	5.20167
0.000298741	252.305	7.28636e-06	53.2311
0.000313313	183.302	7.28636e-06	4.54452
0.000327886	212.844	7.28636e-06	7.38037
0.000342459	229.218	7.28636e-06	6.00852
0.000357031	245.011	7.28636e-06	7.29259
0.000371604	252.466	7.28636e-06	5.91113
0.000386177	295.44	7.28636e-06	12.0904
0.00040075	295.518	7.28636e-06	6.99298
0.000415322	324.245	7.28636e-06	6.56371
0.000429895	333.393	7.28636e-06	7.07739
0.000444468	346.078	7.28636e-06	6.60032
0.00045904	384.493	7.28636e-06	7.76369
0.000473613	404.677	7.28636e-06	9.03457
0.000488186	418.351	7.28636e-06	8.21414
0.000502759	430.458	7.28636e-06	7.27701
0.000517331	460.395	7.28636e-06	7.61884
0.000531904	480.55	7.28636e-06	10.3385
0.000546477	494.047	7.28636e-06	7.91006
0.000561049	522.431	7.28636e-06	8.37961
0.000575622	553.964	7.28636e-06	8.71808
0.000590195	561.048	7.28636e-06	12.1775
0.000604767	565.265	7.28636e-06	9.04711
0.00061934	594.78	7.28636e-06	8.32442
0.000633913	636.516	7.28636e-06	9.45129
0.000648486	653.917	7.28636e-06	14.6887
0.000663058	662.899	7.28636e-06	12.5418
0.000677631	689.298	7.28636e-06	9.76861
0.000692204	696.585	7.28636e-06	9.50727
0.000706776	725.652	7.28636e-06	11.203
0.000721349	740.861	7.28636e-06	9.98127
0.000735922	767.5	7.28636e-06	12.68
0.000750495	774.953	7.28636e-06	10.1503
0.000765067	793.48	7.28636e-06	10.4807
0.00077964	821.887	7.28636e-06	12.5331
0.000794213	813.562	7.28636e-06	9.43432
0.000808785	848.95	7.28636e-06	11.8563
0.000823358	856.329	7.28636e-06	10.4144
0.000837931	839.147	7.28636e-06	10.1572
0.000852504	857.53	7.28636e-06	9.816
0.000867076	897.66	7.28636e-06	11.7451
0.000881649	895.204	7.28636e-06	12.1449
0.000896222	881.382	7.28636e-06	10.2399
0.000910794	904.289	7.28636e-06	11.1389
0.000925367	902.767	7.28636e-06	10.0556
0.00093994	922.056	7.28636e-06	10.7178
0.000954513	901.726	7.28636e-06	10.3287
0.000969085	946.503	7.28636e-06	11.7924
0.000983658	944.314	7.28636e-06	15.1197
0.000998231	924.856	7.28636e-06	10.7239
0.0010128	915.832	7.28636e-06	11.988
0.00102738	925.617	7.28636e-06	10.7911
0.00104195	917.578	7.28636e-06	10.8648
0.00105652	911.863	7.28636e-06	9.73333
0.00107109	929.877	7.28636e-06	10.8695
0.00108567	915.049	7.28636e-06	10.854
0.00110024	882.584	7.28636e-06	10.5116
0.00111481	910.749	7.28636e-06	10.9469
0.00112939	902.222	7.28636e-06	12.5259
0.00114396	868.522	7.28636e-06	10.3855
0.00115853	877.671	7.28636e-06	14.8739
0.0011731	870.032	7.28636e-06	9.81762
0.00118768	861.169	7.28636e-06	10.7222
0.00120225	837.888	7.28636e-06	9.29223
0.00121682	828.047	7.28636e-06	10.1385
0.00123139	820.373	7.28636e-06	9.65681
0.00124597	807.462	7.28636e-06	10.0039
0.00126054	803.268	7.28636e-06	10.555
0.00127511	776.608	7.28636e-06	9.77499
0.00128968	766.624	7.28636e-06	9.65004
0.00130426	750.937	7.28636e-06	11.0058
0.00131883	800.249	7.28636e-06	53.2417
0.0013334	734.08	7.28636e-06	10.9678
0.00134798	689.096	7.28636e-06	8.58921
0.00136255	684.51	7.28636e-06	8.39279
0.00137712	660.411	7.28636e-06	8.29988
0.00139169	660.071	7.28636e-06	8.61957
0.00140627	639.948	7.28636e-06	9.16634
0.00142084	618.174	7.28636e-06	8.02366
0.00143541	603.874	7.28636e-06	8.92104
0.00144998	582.944	7.28636e-06	7.69672
0.00146456	578.793	7.28636e-06	8.54926
0.00147913	542.726	7.28636e-06	7.40015
0.0014937	531.554	7.28636e-06	7.23206
0.00150828	509.605	7.28636e-06	7.00784
0.00152285	503.322	7.28636e-06	7.68023
0.00153742	492.854	7.28636e-06	7.36196
0.00155199	460.756	7.28636e-06	7.23091
0.00156657	451.242	7.28636e-06	7.1321
0.00158114	433.204	7.28636e-06	6.74702
0.00159571	425.22	7.28636e-06	7.20415
0.00161028	400.056	7.28636e-06	6.16282
0.00162486	384.628	7.28636e-06	6.09103
0.00163943	369.927	7.28636e-06	7.19028
0.001654	352.218	7.28636e-06	5.82232
0.00166858	344.939	7.28636e-06	5.91196
0.00168315	327.207	7.28636e-06	5.98525
0.00169772	321.568	7.28636e-06	14.5924
0.00171229	293.803	7.28636e-06	5.72327
0.00172687	294.39	7.28636e-06	5.60814
0.00174144	258.955	7.28636e-06	4.96045
0.00175601	252.502	7.28636e-06	4.84176
0.00177058	249.872	7.28636e-06	5.04911
0.00178516	231.018	7.28636e-06	4.86505
0.00179973	222.744	7.28636e-06	5.29708
0.0018143	210.749	7.28636e-06	4.64266
0.00182888	200.458	7.28636e-06	4.31263
0.00184345	203.616	7.28636e-06	10.5779
0.00185802	185.956	7.28636e-06	4.39819
0.00187259	168.034	7.28636e-06	3.82551
0.00188717	158.535	7.28636e-06	3.7204
0.00190174	157.448	7.28636e-06	4.01891
0.00191631	139.52	7.28636e-06	3.63383
0.00193088	137.829	7.28636e-06	3.33711
0.00194546	126.602	7.28636e-06	3.32536
0.00196003	119.432	7.28636e-06	3.16641
0.0019746	114.162	7.28636e-06	3.62041
0.00198917	109.393	7.28636e-06	3.61636
0.00200375	98.3054	7.28636e-06	3.03592
0.00201832	91.5955	7.28636e-06	2.76262
0.00203289	83.7843	7.28636e-06	3.01289
0.00204747	80.7521	7.28636e-06	2.9735
0.00206204	74.1759	7.28636e-06	2.50009
0.00207661	67.4678	7.28636e-06	2.27795
0.00209118	66.5633	7.28636e-06	2.34261
0.00210576	61.0677	7.28636e-06	2.41165
0.00212033	56.24	7.28636e-06	2.20529
0.0021349	53.9949	7.28636e-06	1.98461
0.00214947	45.2779	7.28636e-06	1.86263
0.00216405	44.4931	7.28636e-06	1.89366
0.00217862	41.3063	7.28636e-06	1.7443
0.00219319	36.7565	7.28636e-06	1.69287
0.00220777	34.6335	7.28636e-06	1.61088
0.00222234	29.0488	7.28636e-06	1.48514
0.00223691	30.8534	7.28636e-06	1.47853
0.00225148	25.8719	7.28636e-06	1.34091
0.00226606	25.0763	7.28636e-06	1.30215
0.00228063	23.1761	7.28636e-06	1.31408
0.0022952	19.9559	7.28636e-06	1.18245
0.00230977	17.4436	7.28636e-06	1.09814
0.00232435	16.9208	7.28636e-06	1.12919
0.00233892	15.428	7.28636e-06	0.990753
0.00235349	12.4663	7.28636e-06	0.920995
0.00236807	11.109	7.28636e-06	0.892689
0.00238264	9.17982	7.28636e-06	0.736642
0.00239721	9.65999	7.28636e-06	0.775957
0.00241178	8.12514	7.28636e-06	0.734974
0.00242636	6.87534	7.28636e-06	0.650168
0.00244093	5.76675	7.28636e-06	0.61719
0.0024555	4.67097	7.28636e-06	0.635791
0.00247007	3.88195	7.28636e-06	0.45879
0.00248465	2.48583	7.28636e-06	0.366258
0.00249922	2.60993	7.28636e-06	0.496835
0.00251379	2.08903	7.28636e-06	0.323489
0.00252837	1.66952	7.28636e-06	0.292376
0.00254294	1.07787	7.28636e-06	0.236301
0.00255751	0.404476	7.28636e-06	0.14354
0.00257208	0.454831	7.28636e-06	0.151666
0.00258666	0.0507769	7.28636e-06	0.0507769
