7.33714e-06	3.54311	7.33714e-06	0.50931
2.20114e-05	10.9487	7.33714e-06	2.09753
3.66857e-05	11.1224	7.33714e-06	0.876206
5.136e-05	14.2219	7.33714e-06	0.939795
6.60342e-05	17.5006	7.33714e-06	1.05692
8.07085e-05	25.1556	7.33714e-06	1.37084
9.53828e-05	30.1384	7.33714e-06	1.73793
0.000110057	33.9535	7.33714e-06	1.64551
0.000124731	43.4386	7.33714e-06	2.02875
0.000139406	49.5348	7.33714e-06	2.04076
0.00015408	62.7723	7.33714e-06	2.9595
0.000168754	65.9719	7.33714e-06	2.83874
0.000183428	77.1034	7.33714e-06	3.2716
0.000198103	91.7858	7.33714e-06	3.41995
0.000212777	101.559	7.33714e-06	3.47974
0.000227451	108.467	7.33714e-06	3.81197
0.000242126	122.781	7.33714e-06	3.42221
0.0002568	137.797	7.33714e-06	4.60004
0.000271474	158.254	7.33714e-06	4.53233
0.000286148	176.025	7.33714e-06	4.81991
0.000300823	187.572	7.33714e-06	4.98591
0.000315497	190.806	7.33714e-06	4.62354
0.000330171	210.078	7.33714e-06	4.64093
0.000344845	227.828	7.33714e-06	4.94583
0.00035952	247.881	7.33714e-06	5.16927
0.000374194	263.791	7.33714e-06	5.45172
0.000388868	283.884	7.33714e-06	5.99745
0.000403543	304.538	7.33714e-06	6.59053
0.000418217	325.782	7.33714e-06	6.8271
0.000432891	354.796	7.33714e-06	10.4524
0.000447565	353.965	7.33714e-06	6.61233
0.00046224	377.969	7.33714e-06	6.71893
0.000476914	407.445	7.33714e-06	7.31739
0.000491588	424.327	7.33714e-06	7.86005
0.000506262	445.592	7.33714e-06	7.45783
0.000520937	458.567	7.33714e-06	7.83691
0.000535611	473.799	7.33714e-06	7.77369
0.000550285	494.635	7.33714e-06	9.32731
0.00056496	523.593	7.33714e-06	7.70235
0.000579634	548.332	7.33714e-06	8.77953
0.000594308	570.191	7.33714e-06	9.24559
0.000608982	589.415	7.33714e-06	8.96147
0.000623657	601.185	7.33714e-06	8.59444
0.000638331	619.46	7.33714e-06	8.65638
0.000653005	636.104	7.33714e-06	9.43406
0.000667679	675.666	7.33714e-06	17.419
0.000682354	688.155	7.33714e-06	12.4545
0.000697028	703.755	7.33714e-06	10.0732
0.000711702	729.289	7.33714e-06	10.7998
0.000726377	745.77	7.33714e-06	10.9564
0.000741051	783.315	7.33714e-06	19.4671
0.000755725	789.681	7.33714e-06	11.8095
0.000770399	803.651	7.33714e-06	11.6084
0.000785074	814.41	7.33714e-06	11.9425
0.000799748	832.213	7.33714e-06	13.4099
0.000814422	840.185	7.33714e-06	12.8377
0.000829097	836.42	7.33714e-06	10.2902
0.000843771	848.223	7.33714e-06	12.2209
0.000858445	872.992	7.33714e-06	11.0436
0.000873119	868.338	7.33714e-06	15.5512
0.000887794	908.475	7.33714e-06	19.7325
0.000902468	886.049	7.33714e-06	12.041
0.000917142	910.572	7.33714e-06	12.5138
0.000931816	887.962	7.33714e-06	11.1134
0.000946491	911.61	7.33714e-06	11.5893
0.000961165	896.668	7.33714e-06	12.1365
0.000975839	914.175	7.33714e-06	10.7366
0.000990514	937.018	7.33714e-06	12.1566
0.00100519	918.082	7.33714e-06	12.7861
0.00101986	918.866	7.33714e-06	12.5205
0.00103454	910.887	7.33714e-06	14.0349
0.00104921	911.074	7.33714e-06	11.6015
0.00106388	886.364	7.33714e-06	11.3433
0.00107856	922.469	7.33714e-06	13.7777
0.00109323	901.103	7.33714e-06	11.4485
0.00110791	899.407	7.33714e-06	14.4957
0.00112258	881.117	7.33714e-06	11.9856
0.00113726	911.433	7.33714e-06	24.3989
0.00115193	871.675	7.33714e-06	14.0754
0.0011666	890.278	7.33714e-06	12.5481
0.00118128	866.226	7.33714e-06	12.0449
0.00119595	829.282	7.33714e-06	11.1136
0.00121063	839.06	7.33714e-06	11.7913
0.0012253	802.074	7.33714e-06	10.7126
0.00123998	810.477	7.33714e-06	11.0661
0.00125465	796.728	7.33714e-06	13.5881
0.00126932	784.724	7.33714e-06	10.8298
0.001284	778.769	7.33714e-06	11.7076
0.00129867	772.014	7.33714e-06	11.6843
0.00131335	731.768	7.33714e-06	11.2493
0.00132802	726.429	7.33714e-06	12.2249
0.0013427	726.301	7.33714e-06	11.8461
0.00135737	698.564	7.33714e-06	10.1715
0.00137204	664.63	7.33714e-06	10.3904
0.00138672	689.026	7.33714e-06	16.8933
0.00140139	637.321	7.33714e-06	9.14064
0.00141607	625.268	7.33714e-06	9.62163
0.00143074	598.841	7.33714e-06	10.7577
0.00144542	578.883	7.33714e-06	8.48824
0.00146009	591.807	7.33714e-06	13.3308
0.00147476	554.315	7.33714e-06	8.74734
0.00148944	541.391	7.33714e-06	9.31531
0.00150411	538.438	7.33714e-06	11.9523
0.00151879	519.076	7.33714e-06	10.0268
0.00153346	482.496	7.33714e-06	8.52099
0.00154814	481.276	7.33714e-06	9.68754
0.00156281	468.342	7.33714e-06	8.39613
0.00157748	461.123	7.33714e-06	12.1393
0.00159216	444.912	7.33714e-06	10.061
0.00160683	412.491	7.33714e-06	8.84736
0.00162151	379.963	7.33714e-06	6.81423
0.00163618	374.688	7.33714e-06	7.67177
0.00165086	373.264	7.33714e-06	9.10323
0.00166553	347.991	7.33714e-06	6.94864
0.0016802	318.695	7.33714e-06	6.00339
0.00169488	305.271	7.33714e-06	6.18877
0.00170955	301.752	7.33714e-06	7.72976
0.00172423	277.186	7.33714e-06	5.712
0.0017389	275.675	7.33714e-06	6.47385
0.00175358	261.799	7.33714e-06	6.3093
0.00176825	249.539	7.33714e-06	5.30511
0.00178292	237.378	7.33714e-06	5.34469
0.0017976	228.374	7.33714e-06	6.11525
0.00181227	223.608	7.33714e-06	6.27057
0.00182695	207.189	7.33714e-06	5.97204
0.00184162	192.011	7.33714e-06	6.11856
0.0018563	188.314	7.33714e-06	7.31793
0.00187097	182.748	7.33714e-06	6.03484
0.00188564	161.672	7.33714e-06	5.04332
0.00190032	159.614	7.33714e-06	5.58948
0.00191499	137.788	7.33714e-06	4.09448
0.00192967	161.67	7.33714e-06	13.017
0.00194434	144.529	7.33714e-06	5.44898
0.00195902	116.964	7.33714e-06	3.99995
0.00197369	107.055	7.33714e-06	3.36778
0.00198836	117.788	7.33714e-06	4.68781
0.00200304	105.565	7.33714e-06	3.61886
0.00201771	88.81	7.33714e-06	3.15276
0.00203239	90.1372	7.33714e-06	3.27097
0.00204706	84.3665	7.33714e-06	3.28101
0.00206174	79.9132	7.33714e-06	2.97776
0.00207641	74.0256	7.33714e-06	3.60958
0.00209108	63.7553	7.33714e-06	3.01328
0.00210576	60.0898	7.33714e-06	2.81918
0.00212043	58.6232	7.33714e-06	2.38775
0.00213511	54.9302	7.33714e-06	2.35515
0.00214978	50.4066	7.33714e-06	2.34382
0.00216446	46.6454	7.33714e-06	2.31534
0.00217913	42.8807	7.33714e-06	2.71598
0.0021938	39.6455	7.33714e-06	2.40068
0.00220848	37.243	7.33714e-06	2.01446
0.00222315	35.0038	7.33714e-06	3.60683
0.00223783	33.3899	7.33714e-06	2.88999
0.0022525	24.7811	7.33714e-06	1.698
0.00226718	23.7782	7.33714e-06	1.58363
0.00228185	23.5318	7.33714e-06	2.35684
0.00229652	21.799	7.33714e-06	1.63664
0.0023112	22.672	7.33714e-06	2.3135
0.00232587	16.2157	7.33714e-06	1.44183
0.00234055	17.8486	7.33714e-06	1.69068
0.00235522	17.465	7.33714e-06	3.33516
0.0023699	13.9642	7.33714e-06	1.21473
0.00238457	9.89048	7.33714e-06	0.928568
0.00239924	9.23846	7.33714e-06	0.910221
0.00241392	8.92484	7.33714e-06	1.01052
0.00242859	6.82507	7.33714e-06	0.769024
0.00244327	7.29049	7.33714e-06	0.956787
0.00245794	5.74128	7.33714e-06	0.753968
0.00247262	4.65681	7.33714e-06	0.710816
0.00248729	3.28339	7.33714e-06	0.545547
0.00250196	3.29935	7.33714e-06	0.551182
0.00251664	1.96208	7.33714e-06	0.360378
0.00253131	1.11315	7.33714e-06	0.28529
0.00254599	0.519932	7.33714e-06	0.207608
0.00256066	0.522503	7.33714e-06	0.187537
0.00257534	0.183947	7.33714e-06	0.106407
