6.62185e-06	18.2706	6.62185e-06	1.01561
1.98656e-05	37.5976	6.62185e-06	1.59016
3.31093e-05	56.8322	6.62185e-06	2.2072
4.6353e-05	67.1866	6.62185e-06	2.24911
5.95967e-05	82.7292	6.62185e-06	2.45403
7.28404e-05	105.24	6.62185e-06	2.83788
8.60841e-05	118.911	6.62185e-06	2.9055
9.93278e-05	142.812	6.62185e-06	4.01563
0.000112572	162.483	6.62185e-06	4.04642
0.000125815	187.633	6.62185e-06	3.91665
0.000139059	219.64	6.62185e-06	6.53278
0.000152303	231.561	6.62185e-06	5.80574
0.000165546	254.307	6.62185e-06	5.41809
0.00017879	286.952	6.62185e-06	5.34422
0.000192034	320.93	6.62185e-06	6.26341
0.000205277	338.718	6.62185e-06	6.3988
0.000218521	368.156	6.62185e-06	7.244
0.000231765	391.245	6.62185e-06	7.10084
0.000245009	438.613	6.62185e-06	8.98219
0.000258252	463.353	6.62185e-06	10.3671
0.000271496	478.336	6.62185e-06	8.21793
0.00028474	509.838	6.62185e-06	9.45809
0.000297983	526.751	6.62185e-06	8.22849
0.000311227	579.903	6.62185e-06	9.58076
0.000324471	605.75	6.62185e-06	9.61079
0.000337715	611.511	6.62185e-06	10.2101
0.000350958	677.992	6.62185e-06	18.7047
0.000364202	664.114	6.62185e-06	9.14261
0.000377446	763.298	6.62185e-06	42.8819
0.000390689	721.184	6.62185e-06	10.7549
0.000403933	738.854	6.62185e-06	10.2436
0.000417177	766.817	6.62185e-06	11.7276
0.00043042	836.348	6.62185e-06	18.6974
0.000443664	824.901	6.62185e-06	12.5762
0.000456908	863.342	6.62185e-06	16.036
0.000470152	851.608	6.62185e-06	12.6023
0.000483395	871.532	6.62185e-06	12.21
0.000496639	892.041	6.62185e-06	15.5119
0.000509883	944.418	6.62185e-06	16.8245
0.000523126	909.306	6.62185e-06	11.6725
0.00053637	958.858	6.62185e-06	16.6946
0.000549614	939.765	6.62185e-06	12.917
0.000562858	939.874	6.62185e-06	12.0152
0.000576101	984.384	6.62185e-06	22.7105
0.000589345	985.051	6.62185e-06	16.7821
0.000602589	990.693	6.62185e-06	14.2716
0.000615832	1011.03	6.62185e-06	15.173
0.000629076	1006.8	6.62185e-06	14.4499
0.00064232	1022.61	6.62185e-06	16.3795
0.000655564	1040.04	6.62185e-06	16.0643
0.000668807	1012.68	6.62185e-06	15.4237
0.000682051	1019.37	6.62185e-06	17.3119
0.000695295	990.098	6.62185e-06	14.9099
0.000708538	1019.3	6.62185e-06	16.8209
0.000721782	1037.12	6.62185e-06	15.501
0.000735026	998.538	6.62185e-06	14.4497
0.000748269	1027.86	6.62185e-06	17.0912
0.000761513	1008.53	6.62185e-06	16.3462
0.000774757	997.528	6.62185e-06	14.617
0.000788001	1017.21	6.62185e-06	18.7898
0.000801244	1021.93	6.62185e-06	17.5981
0.000814488	975.933	6.62185e-06	14.9631
0.000827732	992.651	6.62185e-06	14.4179
0.000840975	980.451	6.62185e-06	18.8911
0.000854219	943.722	6.62185e-06	15.5129
0.000867463	936.732	6.62185e-06	14.1081
0.000880707	932.165	6.62185e-06	15.6297
0.00089395	971.417	6.62185e-06	26.5875
0.000907194	897.833	6.62185e-06	14.4536
0.000920438	889.987	6.62185e-06	13.5195
0.000933681	892.11	6.62185e-06	14.8237
0.000946925	848.95	6.62185e-06	13.9862
0.000960169	820.495	6.62185e-06	15.0152
0.000973412	841.359	6.62185e-06	14.7732
0.000986656	821.019	6.62185e-06	16.7821
0.0009999	824.887	6.62185e-06	15.1683
0.00101314	784.357	6.62185e-06	16.056
0.00102639	771.087	6.62185e-06	13.6958
0.00103963	809.355	6.62185e-06	23.1436
0.00105287	766.968	6.62185e-06	17.145
0.00106612	700.396	6.62185e-06	12.9254
0.00107936	710.248	6.62185e-06	13.3651
0.00109261	718.259	6.62185e-06	14.3275
0.00110585	679.127	6.62185e-06	14.6205
0.00111909	662.758	6.62185e-06	13.3823
0.00113234	644.161	6.62185e-06	14.1446
0.00114558	615.244	6.62185e-06	14.6413
0.00115882	585.365	6.62185e-06	13.3749
0.00117207	551.535	6.62185e-06	11.0723
0.00118531	557.73	6.62185e-06	10.9184
0.00119856	569.86	6.62185e-06	13.5395
0.0012118	525.381	6.62185e-06	13.4789
0.00122504	518.257	6.62185e-06	14.2462
0.00123829	495.985	6.62185e-06	10.9565
0.00125153	477.806	6.62185e-06	12.2886
0.00126477	470.338	6.62185e-06	15.9083
0.00127802	448.852	6.62185e-06	12.1286
0.00129126	431.002	6.62185e-06	12.1505
0.00130451	398.6	6.62185e-06	10.5874
0.00131775	408.773	6.62185e-06	11.952
0.00133099	357.619	6.62185e-06	8.46947
0.00134424	366.966	6.62185e-06	11.6291
0.00135748	362.984	6.62185e-06	13.4366
0.00137072	341.872	6.62185e-06	9.72579
0.00138397	347.702	6.62185e-06	12.4131
0.00139721	324.352	6.62185e-06	10.1542
0.00141045	301.511	6.62185e-06	9.32839
0.0014237	296.766	6.62185e-06	14.6589
0.00143694	277.205	6.62185e-06	9.91206
0.00145019	267.119	6.62185e-06	15.2587
0.00146343	255.676	6.62185e-06	9.10088
0.00147667	240.541	6.62185e-06	8.0459
0.00148992	281.85	6.62185e-06	44.6965
0.00150316	222.781	6.62185e-06	12.1835
0.0015164	214.703	6.62185e-06	7.36661
0.00152965	191.873	6.62185e-06	7.5217
0.00154289	189.727	6.62185e-06	7.72476
0.00155614	167.723	6.62185e-06	5.89836
0.00156938	168.728	6.62185e-06	7.09997
0.00158262	178.691	6.62185e-06	9.506
0.00159587	150.737	6.62185e-06	6.22416
0.00160911	149.029	6.62185e-06	6.08139
0.00162235	133.198	6.62185e-06	5.86311
0.0016356	136.702	6.62185e-06	6.63845
0.00164884	123.569	6.62185e-06	6.49142
0.00166209	115.123	6.62185e-06	5.76081
0.00167533	109.663	6.62185e-06	5.28075
0.00168857	96.8599	6.62185e-06	4.83987
0.00170182	88.9961	6.62185e-06	4.26555
0.00171506	90.4121	6.62185e-06	5.59034
0.0017283	80.9773	6.62185e-06	4.18277
0.00174155	89.5297	6.62185e-06	5.6871
0.00175479	73.8248	6.62185e-06	5.14356
0.00176803	64.8881	6.62185e-06	4.22591
0.00178128	59.9454	6.62185e-06	4.22502
0.00179452	58.1424	6.62185e-06	4.00795
0.00180777	56.491	6.62185e-06	4.14035
0.00182101	49.5766	6.62185e-06	2.94843
0.00183425	57.4552	6.62185e-06	6.67166
0.0018475	49.7726	6.62185e-06	4.32353
0.00186074	47.5798	6.62185e-06	4.17894
0.00187398	36.5374	6.62185e-06	2.90994
0.00188723	36.263	6.62185e-06	2.80454
0.00190047	27.5653	6.62185e-06	1.94898
0.00191372	31.8233	6.62185e-06	2.98735
0.00192696	30.0046	6.62185e-06	2.7546
0.0019402	30.8218	6.62185e-06	3.34892
0.00195345	21.8445	6.62185e-06	2.27018
0.00196669	31.9666	6.62185e-06	5.94569
0.00197993	27.3691	6.62185e-06	3.24696
0.00199318	23.9571	6.62185e-06	3.65139
0.00200642	15.3929	6.62185e-06	1.65276
0.00201967	14.8868	6.62185e-06	1.63923
0.00203291	12.4526	6.62185e-06	1.59
0.00204615	8.6718	6.62185e-06	0.93053
0.0020594	15.2119	6.62185e-06	4.03967
0.00207264	9.42296	6.62185e-06	1.12076
0.00208588	7.27584	6.62185e-06	0.875088
0.00209913	5.86972	6.62185e-06	0.839549
0.00211237	6.22829	6.62185e-06	0.838903
0.00212562	5.51418	6.62185e-06	0.781514
0.00213886	5.82372	6.62185e-06	0.772549
0.0021521	5.20495	6.62185e-06	0.725219
0.00216535	3.90344	6.62185e-06	0.620762
0.00217859	2.9537	6.62185e-06	0.515446
0.00219183	3.38492	6.62185e-06	0.543909
0.00220508	3.70389	6.62185e-06	1.0259
0.00221832	2.46315	6.62185e-06	0.43782
0.00223156	2.18456	6.62185e-06	0.40147
0.00224481	1.66313	6.62185e-06	0.362654
0.00225805	1.39286	6.62185e-06	0.374672
0.0022713	1.02785	6.62185e-06	0.281881
0.00228454	1.0493	6.62185e-06	0.287056
0.00229778	0.674684	6.62185e-06	0.223979
0.00231103	0.383377	6.62185e-06	0.162294
0.00232427	0.432488	6.62185e-06	0.168418
0.00233751	0.192745	6.62185e-06	0.100286
0.00235076	0.28967	6.62185e-06	0.137701
0.002364	0.260962	6.62185e-06	0.137607
0.00237725	0.26568	6.62185e-06	0.122657
0.00239049	0.299593	6.62185e-06	0.138847
0.00240373	0.0667221	6.62185e-06	0.0667221
0.00241698	0.0585484	6.62185e-06	0.0585484
0.00243022	0.0403889	6.62185e-06	0.0403889
0.00244346	0.207615	6.62185e-06	0.129611
0.00245671	0.0848748	6.62185e-06	0.0602878
0.00246995	0.0510906	6.62185e-06	0.0510906
0.0024832	0	6.62185e-06	0
0.00249644	0	6.62185e-06	0
0.00250968	0.039242	6.62185e-06	0.039242
0.00252293	0.0693875	6.62185e-06	0.0693875
