7.24835e-06	2.99007	7.24835e-06	0.46762
2.1745e-05	7.08552	7.24835e-06	0.77885
3.62417e-05	9.61905	7.24835e-06	1.01694
5.07384e-05	12.3916	7.24835e-06	1.01854
6.52351e-05	16.0455	7.24835e-06	1.13545
7.97318e-05	19.8751	7.24835e-06	1.40459
9.42285e-05	26.7542	7.24835e-06	1.85104
0.000108725	33.4459	7.24835e-06	2.31732
0.000123222	38.384	7.24835e-06	2.21181
0.000137719	43.1264	7.24835e-06	2.21498
0.000152215	52.9026	7.24835e-06	2.51083
0.000166712	55.7208	7.24835e-06	2.45787
0.000181209	71.9013	7.24835e-06	2.77863
0.000195705	87.0904	7.24835e-06	4.75122
0.000210202	90.1291	7.24835e-06	3.49348
0.000224699	110.583	7.24835e-06	4.52943
0.000239195	115.514	7.24835e-06	4.437
0.000253692	128.977	7.24835e-06	4.02836
0.000268189	143.09	7.24835e-06	4.77262
0.000282685	156.656	7.24835e-06	4.37675
0.000297182	173.745	7.24835e-06	4.63669
0.000311679	181.035	7.24835e-06	4.69742
0.000326176	213.877	7.24835e-06	6.91902
0.000340672	225.186	7.24835e-06	7.49888
0.000355169	239.342	7.24835e-06	6.2132
0.000369666	256.83	7.24835e-06	5.42396
0.000384162	268.268	7.24835e-06	5.73415
0.000398659	307.729	7.24835e-06	6.89854
0.000413156	301.117	7.24835e-06	6.51453
0.000427652	331.917	7.24835e-06	6.32297
0.000442149	358.018	7.24835e-06	16.3924
0.000456646	375.513	7.24835e-06	9.1566
0.000471142	395.127	7.24835e-06	7.1151
0.000485639	413.059	7.24835e-06	8.17598
0.000500136	439.119	7.24835e-06	7.40477
0.000514633	454.173	7.24835e-06	7.48806
0.000529129	490.375	7.24835e-06	7.90164
0.000543626	497.343	7.24835e-06	8.0175
0.000558123	539.949	7.24835e-06	10.2598
0.000572619	552.205	7.24835e-06	8.46296
0.000587116	564.544	7.24835e-06	8.63307
0.000601613	580.478	7.24835e-06	8.36724
0.000616109	601.988	7.24835e-06	8.25883
0.000630606	642.878	7.24835e-06	9.73716
0.000645103	637.168	7.24835e-06	8.93049
0.000659599	666.671	7.24835e-06	9.2274
0.000674096	710.349	7.24835e-06	10.5383
0.000688593	701.59	7.24835e-06	9.77362
0.00070309	726.807	7.24835e-06	9.31312
0.000717586	729.253	7.24835e-06	9.43519
0.000732083	766.238	7.24835e-06	11.7259
0.00074658	764.691	7.24835e-06	9.50219
0.000761076	790.794	7.24835e-06	9.7406
0.000775573	808.627	7.24835e-06	11.3465
0.00079007	824.278	7.24835e-06	10.3127
0.000804566	833.882	7.24835e-06	9.80801
0.000819063	841.28	7.24835e-06	9.94368
0.00083356	860.519	7.24835e-06	10.2377
0.000848056	864.172	7.24835e-06	9.61924
0.000862553	880.963	7.24835e-06	9.83352
0.00087705	912.033	7.24835e-06	14.4997
0.000891546	908.212	7.24835e-06	11.5126
0.000906043	902.978	7.24835e-06	10.9112
0.00092054	901.856	7.24835e-06	9.55935
0.000935037	910.571	7.24835e-06	10.009
0.000949533	951.032	7.24835e-06	11.1993
0.00096403	932.225	7.24835e-06	11.0934
0.000978527	925.779	7.24835e-06	10.105
0.000993023	916.412	7.24835e-06	9.88248
0.00100752	942.41	7.24835e-06	10.0372
0.00102202	940.942	7.24835e-06	9.94529
0.00103651	917.312	7.24835e-06	9.54476
0.00105101	916.253	7.24835e-06	9.70531
0.00106551	912.857	7.24835e-06	10.0956
0.00108	920.241	7.24835e-06	10.2633
0.0010945	909.15	7.24835e-06	9.59518
0.001109	920.449	7.24835e-06	10.5369
0.00112349	901.056	7.24835e-06	9.31077
0.00113799	895.11	7.24835e-06	9.72422
0.00115249	872.955	7.24835e-06	9.38067
0.00116698	879.946	7.24835e-06	9.65317
0.00118148	857.711	7.24835e-06	10.3181
0.00119598	870.748	7.24835e-06	13.4723
0.00121047	832.588	7.24835e-06	9.29581
0.00122497	834.464	7.24835e-06	10.385
0.00123947	809.43	7.24835e-06	10.5858
0.00125396	814.852	7.24835e-06	10.0615
0.00126846	785.106	7.24835e-06	9.81285
0.00128296	795.72	7.24835e-06	11.3131
0.00129745	785.263	7.24835e-06	19.7646
0.00131195	746.959	7.24835e-06	9.20102
0.00132645	717.332	7.24835e-06	8.36569
0.00134094	711.952	7.24835e-06	8.59557
0.00135544	694.865	7.24835e-06	8.07107
0.00136994	678.846	7.24835e-06	8.21637
0.00138443	666.634	7.24835e-06	8.79496
0.00139893	646.949	7.24835e-06	8.49838
0.00141343	643.387	7.24835e-06	7.77481
0.00142792	599.361	7.24835e-06	7.38345
0.00144242	596.925	7.24835e-06	10.6509
0.00145692	583.475	7.24835e-06	8.16956
0.00147141	548.648	7.24835e-06	7.47202
0.00148591	550.797	7.24835e-06	7.50931
0.00150041	528.412	7.24835e-06	6.98294
0.0015149	492.961	7.24835e-06	6.69049
0.0015294	475.87	7.24835e-06	6.73001
0.0015439	480.616	7.24835e-06	10.0284
0.00155839	450.855	7.24835e-06	7.38713
0.00157289	435.555	7.24835e-06	6.259
0.00158739	427.066	7.24835e-06	6.36743
0.00160188	407.901	7.24835e-06	6.31722
0.00161638	394.334	7.24835e-06	6.75184
0.00163088	370.686	7.24835e-06	5.90728
0.00164537	360.161	7.24835e-06	5.76363
0.00165987	338.801	7.24835e-06	5.33222
0.00167437	330.37	7.24835e-06	5.98202
0.00168886	303.514	7.24835e-06	5.07977
0.00170336	302.378	7.24835e-06	5.00477
0.00171786	289.794	7.24835e-06	4.88851
0.00173235	276.116	7.24835e-06	4.97985
0.00174685	267.307	7.24835e-06	4.90211
0.00176135	255.77	7.24835e-06	4.72459
0.00177584	232.676	7.24835e-06	4.29318
0.00179034	227.869	7.24835e-06	4.3029
0.00180484	217.481	7.24835e-06	6.50041
0.00181933	207.021	7.24835e-06	4.16006
0.00183383	189.257	7.24835e-06	3.9942
0.00184833	187.173	7.24835e-06	3.77552
0.00186282	173.337	7.24835e-06	3.67893
0.00187732	166.902	7.24835e-06	3.67685
0.00189182	155.865	7.24835e-06	3.44132
0.00190631	144.088	7.24835e-06	3.35073
0.00192081	139.359	7.24835e-06	3.58074
0.00193531	123.594	7.24835e-06	2.98154
0.0019498	124.2	7.24835e-06	3.12552
0.0019643	111.881	7.24835e-06	2.85372
0.0019788	107.076	7.24835e-06	2.79076
0.00199329	99.3836	7.24835e-06	2.83948
0.00200779	96.6918	7.24835e-06	2.64035
0.00202229	87.7585	7.24835e-06	2.45368
0.00203679	82.8975	7.24835e-06	2.47728
0.00205128	78.133	7.24835e-06	2.4393
0.00206578	74.4497	7.24835e-06	2.31668
0.00208028	68.6702	7.24835e-06	2.32977
0.00209477	62.2169	7.24835e-06	2.11938
0.00210927	57.2645	7.24835e-06	1.98404
0.00212377	52.8688	7.24835e-06	1.99953
0.00213826	54.2892	7.24835e-06	2.30994
0.00215276	48.6784	7.24835e-06	1.82854
0.00216726	42.8327	7.24835e-06	1.77268
0.00218175	39.9001	7.24835e-06	1.66166
0.00219625	35.7178	7.24835e-06	1.56265
0.00221075	30.3281	7.24835e-06	1.44005
0.00222524	29.3423	7.24835e-06	1.4565
0.00223974	28.4177	7.24835e-06	1.45245
0.00225424	25.0269	7.24835e-06	1.42806
0.00226873	24.6782	7.24835e-06	1.70903
0.00228323	19.5626	7.24835e-06	1.09619
0.00229773	17.4955	7.24835e-06	1.02941
0.00231222	17.8854	7.24835e-06	1.11589
0.00232672	16.4242	7.24835e-06	1.03298
0.00234122	13.7455	7.24835e-06	0.896068
0.00235571	14.3569	7.24835e-06	0.953742
0.00237021	10.7654	7.24835e-06	0.767164
0.00238471	9.70162	7.24835e-06	0.711048
0.0023992	8.69724	7.24835e-06	0.671478
0.0024137	8.2974	7.24835e-06	0.825353
0.0024282	6.43359	7.24835e-06	0.639785
0.00244269	6.35355	7.24835e-06	0.637802
0.00245719	4.94378	7.24835e-06	0.520764
0.00247169	3.96823	7.24835e-06	0.458198
0.00248618	3.74944	7.24835e-06	0.444921
0.00250068	2.51517	7.24835e-06	0.369366
0.00251518	2.28401	7.24835e-06	0.333898
0.00252967	1.35955	7.24835e-06	0.252714
0.00254417	0.843925	7.24835e-06	0.199151
0.00255867	0.641716	7.24835e-06	0.171594
0.00257316	0.276454	7.24835e-06	0.112882
