6.41299e-06	21.2227	6.41299e-06	1.22735
1.9239e-05	38.6545	6.41299e-06	1.50332
3.20649e-05	58.7358	6.41299e-06	2.03037
4.48909e-05	72.0005	6.41299e-06	2.44675
5.77169e-05	96.2642	6.41299e-06	2.74077
7.05429e-05	111.577	6.41299e-06	2.9259
8.33689e-05	127.81	6.41299e-06	3.33438
9.61948e-05	152.591	6.41299e-06	3.46029
0.000109021	173.317	6.41299e-06	4.71602
0.000121847	194.302	6.41299e-06	5.43317
0.000134673	224.729	6.41299e-06	4.96752
0.000147499	249.403	6.41299e-06	5.35517
0.000160325	280.003	6.41299e-06	5.5307
0.000173151	303.729	6.41299e-06	6.28405
0.000185977	323.582	6.41299e-06	5.83795
0.000198803	361.157	6.41299e-06	9.07198
0.000211629	381.617	6.41299e-06	7.08517
0.000224455	426.552	6.41299e-06	8.70328
0.000237281	437.595	6.41299e-06	7.39809
0.000250107	476.918	6.41299e-06	10.3225
0.000262933	510.957	6.41299e-06	9.2298
0.000275759	513.695	6.41299e-06	8.77156
0.000288585	561.747	6.41299e-06	9.9634
0.00030141	579.091	6.41299e-06	8.46813
0.000314236	621.643	6.41299e-06	9.733
0.000327062	680.753	6.41299e-06	24.8848
0.000339888	669.924	6.41299e-06	10.9789
0.000352714	704.999	6.41299e-06	11.5894
0.00036554	713.195	6.41299e-06	10.1838
0.000378366	740.58	6.41299e-06	10.7229
0.000391192	765.202	6.41299e-06	10.8048
0.000404018	787.838	6.41299e-06	12.1736
0.000416844	849.356	6.41299e-06	13.7976
0.00042967	832.921	6.41299e-06	11.805
0.000442496	877.374	6.41299e-06	12.5557
0.000455322	888.862	6.41299e-06	13.1944
0.000468148	908.602	6.41299e-06	16.6237
0.000480974	927.895	6.41299e-06	18.4054
0.0004938	926.298	6.41299e-06	13.681
0.000506626	951.314	6.41299e-06	14.8553
0.000519452	955.068	6.41299e-06	13.0516
0.000532278	1009.36	6.41299e-06	14.5252
0.000545104	1058.93	6.41299e-06	47.9139
0.00055793	1025.96	6.41299e-06	19.3649
0.000570756	1109.47	6.41299e-06	66.329
0.000583582	1007.09	6.41299e-06	14.0704
0.000596408	1046.13	6.41299e-06	17.5373
0.000609234	1057.73	6.41299e-06	16.9667
0.00062206	1069.92	6.41299e-06	15.9529
0.000634886	1070.57	6.41299e-06	15.3088
0.000647712	1056.43	6.41299e-06	21.6965
0.000660538	1059.39	6.41299e-06	23.8872
0.000673364	1054.72	6.41299e-06	14.2919
0.00068619	1077.9	6.41299e-06	15.1717
0.000699016	1062.2	6.41299e-06	16.6625
0.000711842	1044.42	6.41299e-06	14.619
0.000724668	1145.95	6.41299e-06	67.7519
0.000737494	1051.65	6.41299e-06	15.0345
0.00075032	1008.06	6.41299e-06	15.8026
0.000763146	1029.63	6.41299e-06	27.8039
0.000775972	1017.75	6.41299e-06	17.4245
0.000788798	1006.87	6.41299e-06	17.2561
0.000801624	1064.48	6.41299e-06	24.5839
0.00081445	976.248	6.41299e-06	15.2265
0.000827276	976.007	6.41299e-06	14.0128
0.000840102	978.643	6.41299e-06	15.2601
0.000852928	960.474	6.41299e-06	14.4
0.000865754	947.962	6.41299e-06	16.1261
0.000878579	939.998	6.41299e-06	17.1702
0.000891405	935.564	6.41299e-06	26.2126
0.000904231	906.243	6.41299e-06	15.76
0.000917057	866.001	6.41299e-06	13.5041
0.000929883	896.199	6.41299e-06	19.4434
0.000942709	855.42	6.41299e-06	14.2541
0.000955535	834.93	6.41299e-06	17.4542
0.000968361	836.116	6.41299e-06	14.7782
0.000981187	812.271	6.41299e-06	14.513
0.000994013	812.03	6.41299e-06	18.4422
0.00100684	791.714	6.41299e-06	18.3129
0.00101967	766.637	6.41299e-06	14.2404
0.00103249	700.009	6.41299e-06	11.7739
0.00104532	727.422	6.41299e-06	13.5812
0.00105814	720.945	6.41299e-06	15.3093
0.00107097	677.455	6.41299e-06	12.9917
0.0010838	667.583	6.41299e-06	12.7161
0.00109662	648.019	6.41299e-06	13.4705
0.00110945	635.726	6.41299e-06	13.3231
0.00112227	626.826	6.41299e-06	13.9642
0.0011351	580.774	6.41299e-06	12.0579
0.00114793	574.7	6.41299e-06	12.0524
0.00116075	557.708	6.41299e-06	13.135
0.00117358	524.907	6.41299e-06	13.7187
0.0011864	527.937	6.41299e-06	11.843
0.00119923	494.591	6.41299e-06	11.1983
0.00121205	483.098	6.41299e-06	12.2909
0.00122488	462.603	6.41299e-06	11.6599
0.00123771	495.04	6.41299e-06	29.6117
0.00125053	421.683	6.41299e-06	11.684
0.00126336	424.32	6.41299e-06	14.3739
0.00127618	415.601	6.41299e-06	10.5474
0.00128901	382.743	6.41299e-06	10.0867
0.00130184	390.46	6.41299e-06	13.2263
0.00131466	373.558	6.41299e-06	9.82146
0.00132749	353.218	6.41299e-06	11.6338
0.00134031	394.725	6.41299e-06	34.1018
0.00135314	346.27	6.41299e-06	14.6689
0.00136597	295.109	6.41299e-06	8.48163
0.00137879	295.981	6.41299e-06	8.61292
0.00139162	291.891	6.41299e-06	15.0442
0.00140444	267.925	6.41299e-06	9.27188
0.00141727	247.846	6.41299e-06	7.83214
0.0014301	252.923	6.41299e-06	8.4289
0.00144292	233.434	6.41299e-06	9.92438
0.00145575	216.506	6.41299e-06	7.08829
0.00146857	212.957	6.41299e-06	8.02477
0.0014814	203.795	6.41299e-06	8.0338
0.00149423	179.989	6.41299e-06	6.29253
0.00150705	192.236	6.41299e-06	6.65252
0.00151988	168.952	6.41299e-06	6.49198
0.0015327	172.306	6.41299e-06	7.85125
0.00154553	181.362	6.41299e-06	11.8171
0.00155836	145.051	6.41299e-06	5.9535
0.00157118	141.995	6.41299e-06	6.76686
0.00158401	142.412	6.41299e-06	6.92204
0.00159683	125.343	6.41299e-06	6.63326
0.00160966	113.572	6.41299e-06	6.81506
0.00162249	106.926	6.41299e-06	4.39792
0.00163531	103.759	6.41299e-06	5.3019
0.00164814	93.4552	6.41299e-06	4.56423
0.00166096	97.9949	6.41299e-06	5.31951
0.00167379	91.5327	6.41299e-06	5.55953
0.00168662	80.6006	6.41299e-06	4.54796
0.00169944	70.9149	6.41299e-06	3.80972
0.00171227	80.4501	6.41299e-06	5.7898
0.00172509	67.2374	6.41299e-06	3.99052
0.00173792	56.8189	6.41299e-06	3.42425
0.00175075	59.9283	6.41299e-06	4.70294
0.00176357	60.2017	6.41299e-06	4.18958
0.0017764	50.2244	6.41299e-06	3.34434
0.00178922	47.5583	6.41299e-06	4.28757
0.00180205	47.7803	6.41299e-06	3.40155
0.00181488	39.1256	6.41299e-06	2.97352
0.0018277	38.951	6.41299e-06	3.67518
0.00184053	36.0977	6.41299e-06	2.94864
0.00185335	37.2867	6.41299e-06	3.60142
0.00186618	32.1496	6.41299e-06	3.36659
0.00187901	23.7644	6.41299e-06	1.70845
0.00189183	22.9508	6.41299e-06	2.46615
0.00190466	21.1038	6.41299e-06	2.05515
0.00191748	20.3211	6.41299e-06	1.70273
0.00193031	19.1641	6.41299e-06	1.97571
0.00194314	19.8834	6.41299e-06	2.60891
0.00195596	17.3599	6.41299e-06	1.56388
0.00196879	12.5685	6.41299e-06	1.38386
0.00198161	15.6458	6.41299e-06	1.5988
0.00199444	11.2593	6.41299e-06	1.18482
0.00200727	10.698	6.41299e-06	1.10971
0.00202009	8.72394	6.41299e-06	0.982155
0.00203292	6.84668	6.41299e-06	0.858084
0.00204574	7.03016	6.41299e-06	0.887273
0.00205857	6.40611	6.41299e-06	0.802328
0.0020714	4.69836	6.41299e-06	0.612932
0.00208422	5.35522	6.41299e-06	0.767305
0.00209705	4.72373	6.41299e-06	0.683095
0.00210987	3.47283	6.41299e-06	0.558252
0.0021227	4.72572	6.41299e-06	0.895512
0.00213553	4.27148	6.41299e-06	0.769709
0.00214835	4.16253	6.41299e-06	0.604793
0.00216118	2.46841	6.41299e-06	0.426931
0.002174	2.12009	6.41299e-06	0.398493
0.00218683	1.90507	6.41299e-06	0.381148
0.00219966	1.40057	6.41299e-06	0.357089
0.00221248	1.76255	6.41299e-06	0.404798
0.00222531	1.72201	6.41299e-06	0.448725
0.00223813	0.830338	6.41299e-06	0.246389
0.00225096	0.732739	6.41299e-06	0.227376
0.00226379	0.834146	6.41299e-06	0.224066
0.00227661	0.550483	6.41299e-06	0.178843
0.00228944	0.553686	6.41299e-06	0.208181
0.00230226	0.308555	6.41299e-06	0.129157
0.00231509	0.306534	6.41299e-06	0.130962
0.00232791	0.394668	6.41299e-06	0.192622
0.00234074	0.256953	6.41299e-06	0.157337
0.00235357	0.375807	6.41299e-06	0.170574
0.00236639	0.123416	6.41299e-06	0.0890283
0.00237922	0.0529739	6.41299e-06	0.0529739
0.00239204	0.0337201	6.41299e-06	0.0337201
0.00240487	0	6.41299e-06	0
0.0024177	0	6.41299e-06	0
0.00243052	0.0433716	6.41299e-06	0.0433716
0.00244335	0.0509867	6.41299e-06	0.0509867
0.00245617	0	6.41299e-06	0
0.002469	0.112982	6.41299e-06	0.0799231
0.00248183	0.0474936	6.41299e-06	0.0474936
