7.32815e-06	8.50878	7.32815e-06	0.626758
2.19845e-05	18.5317	7.32815e-06	0.951809
3.66408e-05	26.2086	7.32815e-06	1.24287
5.12971e-05	32.5516	7.32815e-06	1.72937
6.59534e-05	39.7698	7.32815e-06	1.5024
8.06097e-05	54.8063	7.32815e-06	2.0472
9.5266e-05	67.7816	7.32815e-06	3.15237
0.000109922	72.0295	7.32815e-06	2.17695
0.000124579	88.3227	7.32815e-06	2.51335
0.000139235	106.318	7.32815e-06	3.32269
0.000153891	115.279	7.32815e-06	3.81172
0.000168547	132.615	7.32815e-06	4.06076
0.000183204	155.893	7.32815e-06	9.30759
0.00019786	173.269	7.32815e-06	4.24923
0.000212516	184.235	7.32815e-06	4.21726
0.000227173	206.384	7.32815e-06	5.19193
0.000241829	224.17	7.32815e-06	4.69078
0.000256485	255.708	7.32815e-06	11.6278
0.000271142	255.427	7.32815e-06	5.53118
0.000285798	292.027	7.32815e-06	10.7118
0.000300454	293.605	7.32815e-06	5.52717
0.000315111	315.877	7.32815e-06	6.37413
0.000329767	357.749	7.32815e-06	7.40373
0.000344423	365.112	7.32815e-06	7.68788
0.000359079	399.755	7.32815e-06	7.29318
0.000373736	410.207	7.32815e-06	8.0134
0.000388392	441.088	7.32815e-06	12.1664
0.000403048	450.089	7.32815e-06	8.03984
0.000417705	456.48	7.32815e-06	7.75171
0.000432361	495.223	7.32815e-06	8.86789
0.000447017	529.818	7.32815e-06	10.7155
0.000461674	535.269	7.32815e-06	9.09046
0.00047633	576.828	7.32815e-06	15.6853
0.000490986	602.68	7.32815e-06	20.7999
0.000505642	593.728	7.32815e-06	9.43977
0.000520299	610.412	7.32815e-06	11.0198
0.000534955	657.311	7.32815e-06	16.6907
0.000549611	670.289	7.32815e-06	9.57675
0.000564268	679.787	7.32815e-06	10.065
0.000578924	692.043	7.32815e-06	10.3688
0.00059358	762.952	7.32815e-06	23.2202
0.000608237	745.318	7.32815e-06	12.1455
0.000622893	750.906	7.32815e-06	13.5999
0.000637549	752.257	7.32815e-06	10.9296
0.000652205	784.953	7.32815e-06	10.9121
0.000666862	796.415	7.32815e-06	11.0328
0.000681518	819.294	7.32815e-06	12.4191
0.000696174	834.102	7.32815e-06	12.7238
0.000710831	819.337	7.32815e-06	13.461
0.000725487	855.13	7.32815e-06	13.305
0.000740143	870.84	7.32815e-06	14.3086
0.0007548	879.092	7.32815e-06	17.1918
0.000769456	907.827	7.32815e-06	14.6768
0.000784112	892.868	7.32815e-06	16.7739
0.000798769	889.838	7.32815e-06	11.8847
0.000813425	901.738	7.32815e-06	13.859
0.000828081	910.468	7.32815e-06	16.1477
0.000842737	910.524	7.32815e-06	15.1093
0.000857394	926.646	7.32815e-06	16.5898
0.00087205	896.52	7.32815e-06	12.6602
0.000886706	901.785	7.32815e-06	13.1187
0.000901363	923.835	7.32815e-06	18.5835
0.000916019	927.433	7.32815e-06	24.9074
0.000930675	923.492	7.32815e-06	15.6291
0.000945332	887.952	7.32815e-06	12.8027
0.000959988	883.532	7.32815e-06	12.5687
0.000974644	875.933	7.32815e-06	12.4805
0.0009893	900.455	7.32815e-06	15.2114
0.00100396	892.554	7.32815e-06	14.1589
0.00101861	887.844	7.32815e-06	13.1452
0.00103327	879.363	7.32815e-06	24.197
0.00104793	858.17	7.32815e-06	14.1194
0.00106258	856.789	7.32815e-06	14.4536
0.00107724	893.484	7.32815e-06	27.1929
0.00109189	814.839	7.32815e-06	15.3806
0.00110655	826.515	7.32815e-06	16.6661
0.00112121	811.531	7.32815e-06	13.6266
0.00113586	809.301	7.32815e-06	18.5448
0.00115052	796.114	7.32815e-06	16.3857
0.00116518	768.188	7.32815e-06	13.7939
0.00117983	813.759	7.32815e-06	32.3558
0.00119449	738.079	7.32815e-06	14.4658
0.00120914	736.211	7.32815e-06	18.515
0.0012238	713.644	7.32815e-06	14.3242
0.00123846	701.231	7.32815e-06	12.4259
0.00125311	696.187	7.32815e-06	13.2593
0.00126777	660.338	7.32815e-06	13.5802
0.00128243	658.643	7.32815e-06	16.3877
0.00129708	637.728	7.32815e-06	13.5655
0.00131174	601.868	7.32815e-06	12.4178
0.0013264	595.387	7.32815e-06	11.8251
0.00134105	588.148	7.32815e-06	11.4956
0.00135571	625.19	7.32815e-06	35.8623
0.00137036	566.046	7.32815e-06	13.0669
0.00138502	536.297	7.32815e-06	11.5858
0.00139968	512.185	7.32815e-06	11.2826
0.00141433	517.017	7.32815e-06	11.6234
0.00142899	516.432	7.32815e-06	13.9194
0.00144365	462.673	7.32815e-06	9.88042
0.0014583	473.941	7.32815e-06	13.0927
0.00147296	438.832	7.32815e-06	10.0635
0.00148761	434.652	7.32815e-06	12.6054
0.00150227	414.885	7.32815e-06	12.1812
0.00151693	397.972	7.32815e-06	11.2326
0.00153158	373.179	7.32815e-06	8.85103
0.00154624	369.973	7.32815e-06	13.225
0.0015609	344.284	7.32815e-06	8.77071
0.00157555	349.888	7.32815e-06	16.1191
0.00159021	320.308	7.32815e-06	11.2936
0.00160487	299.927	7.32815e-06	9.12014
0.00161952	315.551	7.32815e-06	12.2076
0.00163418	289.399	7.32815e-06	11.4776
0.00164883	278.816	7.32815e-06	9.51699
0.00166349	263.827	7.32815e-06	9.68716
0.00167815	242.603	7.32815e-06	8.91673
0.0016928	223.763	7.32815e-06	6.91376
0.00170746	222.098	7.32815e-06	8.02318
0.00172212	236.643	7.32815e-06	14.3379
0.00173677	206.866	7.32815e-06	9.82393
0.00175143	203.794	7.32815e-06	11.1083
0.00176608	175.994	7.32815e-06	6.08008
0.00178074	166.39	7.32815e-06	6.59449
0.0017954	147.345	7.32815e-06	5.49115
0.00181005	169.658	7.32815e-06	6.76081
0.00182471	158.315	7.32815e-06	7.75906
0.00183937	137.63	7.32815e-06	5.8083
0.00185402	135.057	7.32815e-06	5.48348
0.00186868	133.055	7.32815e-06	6.69907
0.00188333	122.625	7.32815e-06	6.47133
0.00189799	107.999	7.32815e-06	4.91922
0.00191265	92.2423	7.32815e-06	4.29477
0.0019273	91.6471	7.32815e-06	4.80993
0.00194196	99.5976	7.32815e-06	8.0979
0.00195662	88.7881	7.32815e-06	7.1445
0.00197127	73.9445	7.32815e-06	5.10396
0.00198593	74.3694	7.32815e-06	4.54424
0.00200059	77.3753	7.32815e-06	4.65814
0.00201524	60.8757	7.32815e-06	3.76081
0.0020299	60.5713	7.32815e-06	4.28564
0.00204455	51.5229	7.32815e-06	3.18924
0.00205921	47.5916	7.32815e-06	3.27534
0.00207387	50.5644	7.32815e-06	3.38883
0.00208852	45.1628	7.32815e-06	3.41427
0.00210318	41.3993	7.32815e-06	3.69268
0.00211784	35.5556	7.32815e-06	3.12558
0.00213249	32.052	7.32815e-06	3.13599
0.00214715	37.2526	7.32815e-06	6.56567
0.0021618	36.7871	7.32815e-06	4.28982
0.00217646	23.2154	7.32815e-06	2.04498
0.00219112	22.7573	7.32815e-06	2.63675
0.00220577	25.499	7.32815e-06	2.59721
0.00222043	19.265	7.32815e-06	2.03308
0.00223509	18.4894	7.32815e-06	2.04983
0.00224974	16.9186	7.32815e-06	2.60959
0.0022644	16.9074	7.32815e-06	2.34896
0.00227906	10.9576	7.32815e-06	1.37033
0.00229371	10.8927	7.32815e-06	1.69857
0.00230837	9.78113	7.32815e-06	1.70986
0.00232302	7.08272	7.32815e-06	1.1898
0.00233768	7.9678	7.32815e-06	1.27149
0.00235234	6.11303	7.32815e-06	1.12793
0.00236699	6.0043	7.32815e-06	1.97889
0.00238165	9.12151	7.32815e-06	3.51285
0.00239631	2.97428	7.32815e-06	1.1313
0.00241096	4.60793	7.32815e-06	1.40938
0.00242562	2.2938	7.32815e-06	0.647266
0.00244027	2.57382	7.32815e-06	0.661279
0.00245493	1.87442	7.32815e-06	0.509596
0.00246959	1.57854	7.32815e-06	0.445247
0.00248424	2.28974	7.32815e-06	0.635992
0.0024989	0.390608	7.32815e-06	0.180016
0.00251356	0.471755	7.32815e-06	0.252522
0.00252821	0.544084	7.32815e-06	0.244065
0.00254287	0.255974	7.32815e-06	0.151791
0.00255752	0.186917	7.32815e-06	0.132175
0.00257218	0.0610188	7.32815e-06	0.0610188
