7.2521e-06	3.78964	7.2521e-06	0.534413
2.17563e-05	7.70088	7.2521e-06	0.810551
3.62605e-05	9.1149	7.2521e-06	0.92054
5.07647e-05	11.9857	7.2521e-06	0.964584
6.52689e-05	16.9155	7.2521e-06	1.13988
7.97731e-05	20.2965	7.2521e-06	1.33454
9.42773e-05	25.2425	7.2521e-06	1.41883
0.000108781	31.1882	7.2521e-06	1.83141
0.000123286	37.3223	7.2521e-06	2.0357
0.00013779	46.0035	7.2521e-06	2.43757
0.000152294	49.6217	7.2521e-06	2.51053
0.000166798	57.1801	7.2521e-06	2.35526
0.000181302	72.012	7.2521e-06	3.30158
0.000195807	84.4415	7.2521e-06	3.81093
0.000210311	94.9147	7.2521e-06	6.97614
0.000224815	106.878	7.2521e-06	5.2347
0.000239319	133.836	7.2521e-06	11.8466
0.000253823	123.334	7.2521e-06	3.68649
0.000268328	149.819	7.2521e-06	7.69041
0.000282832	147.7	7.2521e-06	4.30109
0.000297336	172.624	7.2521e-06	4.95627
0.00031184	190.187	7.2521e-06	5.13564
0.000326344	201.159	7.2521e-06	5.44902
0.000340849	226.382	7.2521e-06	5.69315
0.000355353	228.072	7.2521e-06	5.33236
0.000369857	247.619	7.2521e-06	6.00175
0.000384361	281.856	7.2521e-06	7.48356
0.000398865	287.602	7.2521e-06	6.15471
0.00041337	315.618	7.2521e-06	6.73047
0.000427874	327.43	7.2521e-06	11.3407
0.000442378	360.022	7.2521e-06	8.9604
0.000456882	384.169	7.2521e-06	9.69005
0.000471386	393.244	7.2521e-06	7.90339
0.000485891	408.62	7.2521e-06	6.90291
0.000500395	432.628	7.2521e-06	7.35923
0.000514899	459.334	7.2521e-06	8.16135
0.000529403	470.381	7.2521e-06	7.66088
0.000543907	507.26	7.2521e-06	9.06016
0.000558412	517.275	7.2521e-06	7.61611
0.000572916	543.878	7.2521e-06	8.8573
0.00058742	561.102	7.2521e-06	9.61043
0.000601924	582.016	7.2521e-06	9.73626
0.000616428	602.766	7.2521e-06	8.66703
0.000630932	634.973	7.2521e-06	9.90146
0.000645437	623.03	7.2521e-06	8.7123
0.000659941	673.351	7.2521e-06	12.2339
0.000674445	687.206	7.2521e-06	9.6526
0.000688949	708.625	7.2521e-06	10.3821
0.000703453	720.331	7.2521e-06	10.6707
0.000717958	753.067	7.2521e-06	18.7673
0.000732462	757.903	7.2521e-06	10.0448
0.000746966	775.98	7.2521e-06	9.33257
0.00076147	791.395	7.2521e-06	11.0701
0.000775974	821.919	7.2521e-06	15.9915
0.000790479	829.295	7.2521e-06	10.5892
0.000804983	832.876	7.2521e-06	10.0655
0.000819487	841.913	7.2521e-06	13.4731
0.000833991	852.172	7.2521e-06	10.2379
0.000848495	868.792	7.2521e-06	9.92257
0.000863	883.067	7.2521e-06	11.0386
0.000877504	891.778	7.2521e-06	10.8136
0.000892008	908.428	7.2521e-06	10.6275
0.000906512	908.628	7.2521e-06	10.7602
0.000921016	905.783	7.2521e-06	10.0159
0.000935521	943.529	7.2521e-06	10.8254
0.000950025	918.395	7.2521e-06	9.9638
0.000964529	915.898	7.2521e-06	10.4658
0.000979033	938.45	7.2521e-06	10.45
0.000993537	941.595	7.2521e-06	10.5661
0.00100804	933.62	7.2521e-06	10.7117
0.00102255	939.924	7.2521e-06	11.6204
0.00103705	923.555	7.2521e-06	10.0864
0.00105155	928.169	7.2521e-06	9.83623
0.00106606	923.552	7.2521e-06	10.723
0.00108056	921.726	7.2521e-06	10.3143
0.00109507	898.785	7.2521e-06	9.98371
0.00110957	913.556	7.2521e-06	13.1821
0.00112408	898.885	7.2521e-06	10.0566
0.00113858	887.361	7.2521e-06	9.43466
0.00115308	888.738	7.2521e-06	10.095
0.00116759	868.827	7.2521e-06	9.6702
0.00118209	854.333	7.2521e-06	10.2374
0.0011966	857.699	7.2521e-06	10.0905
0.0012111	850.162	7.2521e-06	10.9083
0.0012256	832.076	7.2521e-06	13.394
0.00124011	810.361	7.2521e-06	8.92471
0.00125461	805.657	7.2521e-06	9.14442
0.00126912	781.638	7.2521e-06	9.11376
0.00128362	789.49	7.2521e-06	10.3451
0.00129813	755.02	7.2521e-06	8.80071
0.00131263	737.71	7.2521e-06	8.59563
0.00132713	717.51	7.2521e-06	8.13832
0.00134164	711.352	7.2521e-06	8.70113
0.00135614	702.808	7.2521e-06	9.91096
0.00137065	673.699	7.2521e-06	7.87442
0.00138515	653.171	7.2521e-06	8.05029
0.00139965	649.483	7.2521e-06	8.34295
0.00141416	625.678	7.2521e-06	8.3223
0.00142866	611.944	7.2521e-06	7.88197
0.00144317	592.429	7.2521e-06	7.28958
0.00145767	575.606	7.2521e-06	8.04529
0.00147218	554.148	7.2521e-06	7.00539
0.00148668	550.469	7.2521e-06	8.54572
0.00150118	523.901	7.2521e-06	6.94645
0.00151569	531.246	7.2521e-06	21.8113
0.00153019	491.483	7.2521e-06	6.6728
0.0015447	472.665	7.2521e-06	7.17522
0.0015592	451.084	7.2521e-06	6.33776
0.00157371	443.534	7.2521e-06	6.54216
0.00158821	430.203	7.2521e-06	6.38274
0.00160271	405.282	7.2521e-06	6.02651
0.00161722	391.241	7.2521e-06	6.11758
0.00163172	378.317	7.2521e-06	6.90119
0.00164623	362.798	7.2521e-06	6.34722
0.00166073	354.426	7.2521e-06	6.11069
0.00167523	331.063	7.2521e-06	5.2811
0.00168974	316.307	7.2521e-06	5.51878
0.00170424	314.302	7.2521e-06	5.51715
0.00171875	287.216	7.2521e-06	5.04493
0.00173325	279.313	7.2521e-06	4.92355
0.00174776	264.556	7.2521e-06	4.82893
0.00176226	248.529	7.2521e-06	4.47506
0.00177676	232.852	7.2521e-06	4.3813
0.00179127	224.549	7.2521e-06	4.35086
0.00180577	209.03	7.2521e-06	4.20739
0.00182028	210.987	7.2521e-06	4.61704
0.00183478	191.943	7.2521e-06	3.99927
0.00184928	178.928	7.2521e-06	4.03943
0.00186379	171.966	7.2521e-06	3.66497
0.00187829	164.91	7.2521e-06	3.69337
0.0018928	161.891	7.2521e-06	3.95557
0.0019073	151.266	7.2521e-06	3.62967
0.00192181	134.363	7.2521e-06	3.22302
0.00193631	133.667	7.2521e-06	3.77173
0.00195081	119.83	7.2521e-06	3.06256
0.00196532	116.709	7.2521e-06	3.09935
0.00197982	106.291	7.2521e-06	3.2405
0.00199433	98.0955	7.2521e-06	2.6874
0.00200883	94.9259	7.2521e-06	2.67188
0.00202334	90.4496	7.2521e-06	2.63765
0.00203784	82.5804	7.2521e-06	2.44955
0.00205234	78.5326	7.2521e-06	2.49059
0.00206685	67.0477	7.2521e-06	2.19055
0.00208135	61.3512	7.2521e-06	2.09814
0.00209586	63.2516	7.2521e-06	2.07769
0.00211036	58.9076	7.2521e-06	2.06936
0.00212486	53.6451	7.2521e-06	2.06099
0.00213937	52.2854	7.2521e-06	1.9724
0.00215387	49.6151	7.2521e-06	1.90228
0.00216838	42.8311	7.2521e-06	1.68386
0.00218288	38.7974	7.2521e-06	1.7638
0.00219739	36.5506	7.2521e-06	1.72087
0.00221189	33.3753	7.2521e-06	1.54089
0.00222639	30.8499	7.2521e-06	1.79084
0.0022409	29.9869	7.2521e-06	1.52023
0.0022554	27.0706	7.2521e-06	1.5982
0.00226991	25.5959	7.2521e-06	1.48886
0.00228441	20.0181	7.2521e-06	1.19662
0.00229891	19.0604	7.2521e-06	1.21735
0.00231342	17.7745	7.2521e-06	1.04257
0.00232792	15.8588	7.2521e-06	1.01448
0.00234243	14.1555	7.2521e-06	1.03349
0.00235693	11.9514	7.2521e-06	0.825867
0.00237144	11.6806	7.2521e-06	0.841295
0.00238594	10.1075	7.2521e-06	0.810567
0.00240044	7.05033	7.2521e-06	0.637666
0.00241495	8.28232	7.2521e-06	0.757004
0.00242945	6.35588	7.2521e-06	0.587821
0.00244396	5.29916	7.2521e-06	0.54095
0.00245846	4.74842	7.2521e-06	0.567095
0.00247297	3.03613	7.2521e-06	0.394206
0.00248747	2.39141	7.2521e-06	0.34677
0.00250197	2.61932	7.2521e-06	0.361214
0.00251648	1.65036	7.2521e-06	0.279719
0.00253098	1.8963	7.2521e-06	0.304365
0.00254549	0.746764	7.2521e-06	0.186825
0.00255999	0.337684	7.2521e-06	0.127813
0.00257449	0.0950138	7.2521e-06	0.0671985
