5.98661e-06	24.8149	5.98661e-06	1.2943
1.79598e-05	47.6759	5.98661e-06	1.7983
2.9933e-05	66.3989	5.98661e-06	2.4158
4.19062e-05	85.3835	5.98661e-06	2.89328
5.38794e-05	104.711	5.98661e-06	2.85867
6.58527e-05	122.111	5.98661e-06	3.19525
7.78259e-05	144.099	5.98661e-06	3.54318
8.97991e-05	167.948	5.98661e-06	5.35291
0.000101772	194.721	5.98661e-06	4.45614
0.000113745	220.855	5.98661e-06	5.18889
0.000125719	246.322	5.98661e-06	6.0619
0.000137692	266.598	5.98661e-06	5.48089
0.000149665	287.948	5.98661e-06	5.6591
0.000161638	330.784	5.98661e-06	6.82367
0.000173612	363.545	5.98661e-06	8.26034
0.000185585	400.857	5.98661e-06	11.2816
0.000197558	410.836	5.98661e-06	6.97353
0.000209531	442.583	5.98661e-06	8.45952
0.000221504	489.366	5.98661e-06	9.44375
0.000233478	508.14	5.98661e-06	8.71141
0.000245451	562.422	5.98661e-06	10.2245
0.000257424	579.437	5.98661e-06	10.0047
0.000269397	621.725	5.98661e-06	13.0183
0.00028137	626.255	5.98661e-06	9.82631
0.000293344	649.143	5.98661e-06	12.1226
0.000305317	685.433	5.98661e-06	11.1901
0.00031729	727.215	5.98661e-06	11.3208
0.000329263	744.545	5.98661e-06	10.5342
0.000341236	784.71	5.98661e-06	13.3973
0.00035321	840.24	5.98661e-06	19.8532
0.000365183	869.302	5.98661e-06	29.0537
0.000377156	870.773	5.98661e-06	14.6916
0.000389129	872.85	5.98661e-06	13.6139
0.000401103	906.107	5.98661e-06	16.8443
0.000413076	915.483	5.98661e-06	12.8499
0.000425049	960.245	5.98661e-06	13.3017
0.000437022	1001.46	5.98661e-06	16.2648
0.000448995	994.41	5.98661e-06	16.2177
0.000460969	1035.64	5.98661e-06	18.4129
0.000472942	1005.9	5.98661e-06	14.1629
0.000484915	1031.52	5.98661e-06	16.4981
0.000496888	1074.54	5.98661e-06	31.2424
0.000508861	1057.57	5.98661e-06	14.1674
0.000520835	1059.94	5.98661e-06	14.4096
0.000532808	1122.61	5.98661e-06	21.1762
0.000544781	1089.56	5.98661e-06	16.1908
0.000556754	1127.2	5.98661e-06	16.1691
0.000568727	1141.19	5.98661e-06	18.6259
0.000580701	1118.2	5.98661e-06	15.8348
0.000592674	1148.33	5.98661e-06	18.2231
0.000604647	1111.6	5.98661e-06	17.2406
0.00061662	1119.07	5.98661e-06	16.123
0.000628594	1134.27	5.98661e-06	18.4262
0.000640567	1164.72	5.98661e-06	26.7159
0.00065254	1132.15	5.98661e-06	21.3197
0.000664513	1119.26	5.98661e-06	20.3771
0.000676486	1126.6	5.98661e-06	20.5472
0.00068846	1111.53	5.98661e-06	15.8095
0.000700433	1089.77	5.98661e-06	16.9317
0.000712406	1102.84	5.98661e-06	25.3979
0.000724379	1066.73	5.98661e-06	15.9564
0.000736352	1111.23	5.98661e-06	19.1939
0.000748326	1055.68	5.98661e-06	16.1027
0.000760299	1067.41	5.98661e-06	19.1281
0.000772272	1067.47	5.98661e-06	20.316
0.000784245	1028.07	5.98661e-06	17.0009
0.000796218	1082.1	5.98661e-06	23.7697
0.000808192	990.583	5.98661e-06	15.8815
0.000820165	968.978	5.98661e-06	16.3386
0.000832138	978.461	5.98661e-06	15.8881
0.000844111	980.274	5.98661e-06	18.7665
0.000856085	917.358	5.98661e-06	15.2883
0.000868058	933.976	5.98661e-06	17.5187
0.000880031	909.471	5.98661e-06	16.2709
0.000892004	896.182	5.98661e-06	17.7094
0.000903977	867.685	5.98661e-06	14.9435
0.000915951	851.66	5.98661e-06	15.267
0.000927924	852.082	5.98661e-06	16.194
0.000939897	820.047	5.98661e-06	16.1616
0.00095187	798.491	5.98661e-06	16.2505
0.000963843	786.484	5.98661e-06	16.7221
0.000975817	783.706	5.98661e-06	16.1879
0.00098779	953.766	5.98661e-06	96.8751
0.000999763	744.197	5.98661e-06	15.6258
0.00101174	754.323	5.98661e-06	17.6881
0.00102371	686.276	5.98661e-06	13.0617
0.00103568	670.921	5.98661e-06	18.2902
0.00104766	672.188	5.98661e-06	15.1152
0.00105963	638.887	5.98661e-06	15.0301
0.0010716	685.089	5.98661e-06	27.4743
0.00108358	608.76	5.98661e-06	13.8636
0.00109555	582.115	5.98661e-06	18.2108
0.00110752	572.818	5.98661e-06	15.0519
0.0011195	536.188	5.98661e-06	12.4297
0.00113147	523.705	5.98661e-06	12.2762
0.00114344	521.575	5.98661e-06	12.6469
0.00115541	507.47	5.98661e-06	18.3841
0.00116739	509.854	5.98661e-06	27.6839
0.00117936	434.237	5.98661e-06	9.92582
0.00119133	419.207	5.98661e-06	9.7217
0.00120331	428.533	5.98661e-06	11.8298
0.00121528	394.013	5.98661e-06	9.59663
0.00122725	386.835	5.98661e-06	11.4168
0.00123923	381.238	5.98661e-06	12.3739
0.0012512	366.214	5.98661e-06	10.4419
0.00126317	338.09	5.98661e-06	11.1668
0.00127515	327.024	5.98661e-06	10.842
0.00128712	306.895	5.98661e-06	9.20875
0.00129909	313.62	5.98661e-06	10.9303
0.00131107	292.475	5.98661e-06	9.67794
0.00132304	280.883	5.98661e-06	8.61244
0.00133501	278.001	5.98661e-06	10.0286
0.00134699	238.323	5.98661e-06	8.39242
0.00135896	252.652	5.98661e-06	11.8983
0.00137093	227.955	5.98661e-06	9.21849
0.00138291	221.755	5.98661e-06	9.62646
0.00139488	208.978	5.98661e-06	8.52547
0.00140685	185.924	5.98661e-06	6.42481
0.00141883	185.518	5.98661e-06	6.41082
0.0014308	182.41	5.98661e-06	7.18898
0.00144277	170.516	5.98661e-06	7.70651
0.00145475	149.881	5.98661e-06	5.43394
0.00146672	163.448	5.98661e-06	9.44709
0.00147869	174.738	5.98661e-06	13.8069
0.00149066	127.037	5.98661e-06	5.79222
0.00150264	126.645	5.98661e-06	5.93699
0.00151461	126.765	5.98661e-06	8.89183
0.00152658	113.778	5.98661e-06	6.46024
0.00153856	92.8989	5.98661e-06	4.22003
0.00155053	112.882	5.98661e-06	12.6397
0.0015625	87.9368	5.98661e-06	4.59094
0.00157448	87.131	5.98661e-06	4.59776
0.00158645	72.8576	5.98661e-06	3.51311
0.00159842	73.078	5.98661e-06	4.23847
0.0016104	90.3317	5.98661e-06	11.2416
0.00162237	68.0355	5.98661e-06	4.36621
0.00163434	53.1979	5.98661e-06	3.16123
0.00164632	49.6671	5.98661e-06	2.87887
0.00165829	50.8852	5.98661e-06	3.67607
0.00167026	46.4379	5.98661e-06	3.08077
0.00168224	45.075	5.98661e-06	2.85408
0.00169421	37.5351	5.98661e-06	2.28898
0.00170618	38.8231	5.98661e-06	2.31002
0.00171816	33.1582	5.98661e-06	2.09801
0.00173013	29.2033	5.98661e-06	1.74934
0.0017421	30.0186	5.98661e-06	1.93294
0.00175408	27.879	5.98661e-06	1.74616
0.00176605	25.2078	5.98661e-06	1.7033
0.00177802	21.2323	5.98661e-06	1.47672
0.00178999	18.7827	5.98661e-06	1.39854
0.00180197	18.8433	5.98661e-06	1.35326
0.00181394	16.425	5.98661e-06	1.24901
0.00182591	16.5349	5.98661e-06	1.32245
0.00183789	13.3423	5.98661e-06	1.1015
0.00184986	13.2442	5.98661e-06	1.11305
0.00186183	9.78923	5.98661e-06	1.06529
0.00187381	10.9655	5.98661e-06	1.00608
0.00188578	9.41479	5.98661e-06	1.13283
0.00189775	7.19249	5.98661e-06	0.822673
0.00190973	7.80566	5.98661e-06	0.798139
0.0019217	6.67746	5.98661e-06	0.711649
0.00193367	6.69884	5.98661e-06	0.836167
0.00194565	5.39651	5.98661e-06	0.633433
0.00195762	3.59814	5.98661e-06	0.508767
0.00196959	3.76718	5.98661e-06	0.57976
0.00198157	3.64293	5.98661e-06	0.526997
0.00199354	2.57596	5.98661e-06	0.422358
0.00200551	1.96616	5.98661e-06	0.351938
0.00201749	2.25405	5.98661e-06	0.381139
0.00202946	2.37419	5.98661e-06	0.397811
0.00204143	1.65882	5.98661e-06	0.359361
0.00205341	1.88279	5.98661e-06	0.350049
0.00206538	1.67823	5.98661e-06	0.35073
0.00207735	1.67718	5.98661e-06	0.352951
0.00208933	0.967797	5.98661e-06	0.233483
0.0021013	0.896429	5.98661e-06	0.221339
0.00211327	1.18451	5.98661e-06	0.276057
0.00212524	0.916688	5.98661e-06	0.25464
0.00213722	1.13601	5.98661e-06	0.260768
0.00214919	0.614117	5.98661e-06	0.205842
0.00216116	0.621728	5.98661e-06	0.196571
0.00217314	0.638154	5.98661e-06	0.248275
0.00218511	0.730994	5.98661e-06	0.329624
0.00219708	0.43367	5.98661e-06	0.172278
0.00220906	0.490715	5.98661e-06	0.15744
0.00222103	0.200902	5.98661e-06	0.101008
0.002233	0.324584	5.98661e-06	0.158565
0.00224498	0.258101	5.98661e-06	0.13818
0.00225695	0.18826	5.98661e-06	0.0948126
0.00226892	0.193115	5.98661e-06	0.118182
0.0022809	0.119927	5.98661e-06	0.0856383
0.00229287	0	5.98661e-06	0
0.00230484	0.0643865	5.98661e-06	0.0643865
0.00231682	0.14269	5.98661e-06	0.0836593
0.00232879	0.21976	5.98661e-06	0.176877
0.00234076	0	5.98661e-06	0
0.00235274	0.0357685	5.98661e-06	0.0357685
0.00236471	0.159114	5.98661e-06	0.0929095
0.00237668	0.0582965	5.98661e-06	0.0582965
0.00238866	0.0606042	5.98661e-06	0.0606042
0.00240063	0	5.98661e-06	0
0.0024126	0	5.98661e-06	0
0.00242458	0	5.98661e-06	0
0.00243655	0	5.98661e-06	0
0.00244852	0	5.98661e-06	0
0.00246049	0	5.98661e-06	0
0.00247247	0.0854551	5.98661e-06	0.0854551
0.00248444	0	5.98661e-06	0
0.00249641	0	5.98661e-06	0
0.00250839	0	5.98661e-06	0
0.00252036	0.0794852	5.98661e-06	0.0794852
