7.25979e-06	2.82226	7.25979e-06	0.450569
2.17794e-05	7.98379	7.25979e-06	0.769539
3.6299e-05	9.81359	7.25979e-06	0.894595
5.08185e-05	13.6859	7.25979e-06	0.988288
6.53381e-05	17.6196	7.25979e-06	1.56862
7.98577e-05	20.3403	7.25979e-06	1.51794
9.43773e-05	25.7326	7.25979e-06	1.51756
0.000108897	34.7089	7.25979e-06	3.70135
0.000123416	37.7306	7.25979e-06	1.98173
0.000137936	43.7335	7.25979e-06	2.03435
0.000152456	54.1027	7.25979e-06	2.44987
0.000166975	62.8817	7.25979e-06	2.56254
0.000181495	67.8175	7.25979e-06	2.73251
0.000196014	86.5638	7.25979e-06	3.70264
0.000210534	89.1196	7.25979e-06	3.14169
0.000225054	104.618	7.25979e-06	3.59697
0.000239573	111.144	7.25979e-06	3.77909
0.000254093	129.136	7.25979e-06	4.03867
0.000268612	142.679	7.25979e-06	4.62531
0.000283132	152.757	7.25979e-06	4.77354
0.000297651	191.036	7.25979e-06	15.6922
0.000312171	186.248	7.25979e-06	4.91767
0.000326691	204.748	7.25979e-06	5.60294
0.00034121	224.18	7.25979e-06	5.68681
0.00035573	220.484	7.25979e-06	4.94275
0.000370249	246.515	7.25979e-06	5.9129
0.000384769	286.596	7.25979e-06	7.19426
0.000399289	283.217	7.25979e-06	6.08349
0.000413808	324.899	7.25979e-06	10.6395
0.000428328	328.078	7.25979e-06	7.94284
0.000442847	352.09	7.25979e-06	8.12317
0.000457367	376.917	7.25979e-06	8.64773
0.000471886	391.586	7.25979e-06	7.04148
0.000486406	405.132	7.25979e-06	6.88727
0.000500926	442.98	7.25979e-06	9.34784
0.000515445	461.474	7.25979e-06	8.53906
0.000529965	469.688	7.25979e-06	7.81065
0.000544484	497.551	7.25979e-06	8.44543
0.000559004	518.517	7.25979e-06	8.50233
0.000573524	536.276	7.25979e-06	8.31373
0.000588043	549.334	7.25979e-06	9.14673
0.000602563	578.279	7.25979e-06	8.16801
0.000617082	603.664	7.25979e-06	10.0466
0.000631602	635.934	7.25979e-06	10.2352
0.000646121	671.067	7.25979e-06	12.0567
0.000660641	665.911	7.25979e-06	8.97486
0.000675161	705.33	7.25979e-06	11.4729
0.00068968	709.927	7.25979e-06	8.79645
0.0007042	721.936	7.25979e-06	10.1391
0.000718719	736.107	7.25979e-06	9.28567
0.000733239	765.057	7.25979e-06	12.965
0.000747759	775.22	7.25979e-06	10.5572
0.000762278	797.769	7.25979e-06	10.1053
0.000776798	810.822	7.25979e-06	10.4451
0.000791317	828.582	7.25979e-06	11.2534
0.000805837	829.93	7.25979e-06	10.1469
0.000820357	855.402	7.25979e-06	10.5141
0.000834876	871.638	7.25979e-06	11.8789
0.000849396	863.009	7.25979e-06	9.60788
0.000863915	871.846	7.25979e-06	11.9267
0.000878435	889.729	7.25979e-06	13.4142
0.000892954	910.516	7.25979e-06	11.465
0.000907474	892.994	7.25979e-06	9.45081
0.000921994	897.498	7.25979e-06	10.9814
0.000936513	916.216	7.25979e-06	10.1836
0.000951033	919.275	7.25979e-06	10.1995
0.000965552	927.423	7.25979e-06	10.4403
0.000980072	935.2	7.25979e-06	10.4413
0.000994592	922.849	7.25979e-06	11.453
0.00100911	928.826	7.25979e-06	10.5541
0.00102363	937.762	7.25979e-06	10.9421
0.00103815	918.388	7.25979e-06	10.6703
0.00105267	921.581	7.25979e-06	10.4981
0.00106719	935.004	7.25979e-06	15.3326
0.00108171	912.298	7.25979e-06	10.9123
0.00109623	912.022	7.25979e-06	10.1335
0.00111075	910.117	7.25979e-06	10.7469
0.00112527	905.503	7.25979e-06	10.7881
0.00113979	883.75	7.25979e-06	9.22023
0.00115431	866.736	7.25979e-06	10.0235
0.00116883	874.163	7.25979e-06	9.47307
0.00118335	853.842	7.25979e-06	9.33294
0.00119787	857.804	7.25979e-06	9.29972
0.00121239	841.691	7.25979e-06	9.34386
0.0012269	856.605	7.25979e-06	20.1401
0.00124142	805.244	7.25979e-06	9.38984
0.00125594	795.429	7.25979e-06	9.16812
0.00127046	789.99	7.25979e-06	10.4934
0.00128498	780.645	7.25979e-06	8.97642
0.0012995	761.099	7.25979e-06	9.78702
0.00131402	740.521	7.25979e-06	8.92123
0.00132854	717.169	7.25979e-06	8.33047
0.00134306	714.716	7.25979e-06	8.97933
0.00135758	701.966	7.25979e-06	8.81252
0.0013721	673.285	7.25979e-06	8.01175
0.00138662	662.743	7.25979e-06	8.57937
0.00140114	639.26	7.25979e-06	7.72539
0.00141566	624.54	7.25979e-06	7.78734
0.00143018	609.608	7.25979e-06	7.98076
0.0014447	594.731	7.25979e-06	7.53696
0.00145922	580.908	7.25979e-06	9.64186
0.00147374	559.027	7.25979e-06	7.29658
0.00148826	531.118	7.25979e-06	7.27216
0.00150278	530.061	7.25979e-06	7.82248
0.0015173	512.662	7.25979e-06	9.79833
0.00153182	506.501	7.25979e-06	8.92628
0.00154634	475.808	7.25979e-06	7.91858
0.00156086	455.752	7.25979e-06	8.14108
0.00157537	434.859	7.25979e-06	6.57123
0.00158989	420.4	7.25979e-06	6.36343
0.00160441	407.797	7.25979e-06	7.00094
0.00161893	391.978	7.25979e-06	6.35426
0.00163345	370.974	7.25979e-06	6.54163
0.00164797	364.942	7.25979e-06	6.15557
0.00166249	346.216	7.25979e-06	5.85771
0.00167701	327.803	7.25979e-06	5.48396
0.00169153	330.496	7.25979e-06	9.7445
0.00170605	302.26	7.25979e-06	5.08579
0.00172057	295.667	7.25979e-06	5.51458
0.00173509	274.785	7.25979e-06	5.18531
0.00174961	260.612	7.25979e-06	4.99142
0.00176413	243.296	7.25979e-06	4.54159
0.00177865	239.064	7.25979e-06	4.58105
0.00179317	226.542	7.25979e-06	4.35193
0.00180769	214.142	7.25979e-06	4.19817
0.00182221	201.872	7.25979e-06	3.93851
0.00183673	190.298	7.25979e-06	3.94694
0.00185125	185.192	7.25979e-06	4.20005
0.00186577	184.407	7.25979e-06	4.96426
0.00188029	170.228	7.25979e-06	3.84605
0.00189481	158.061	7.25979e-06	3.88292
0.00190933	149.416	7.25979e-06	6.34289
0.00192384	136.862	7.25979e-06	3.27286
0.00193836	133.866	7.25979e-06	3.46936
0.00195288	114.33	7.25979e-06	2.79048
0.0019674	113.696	7.25979e-06	3.39495
0.00198192	105.226	7.25979e-06	2.81139
0.00199644	101.651	7.25979e-06	2.83815
0.00201096	96.6069	7.25979e-06	3.48278
0.00202548	90.8183	7.25979e-06	2.63621
0.00204	81.7788	7.25979e-06	2.47552
0.00205452	77.627	7.25979e-06	2.62406
0.00206904	71.863	7.25979e-06	2.41117
0.00208356	65.4912	7.25979e-06	2.26347
0.00209808	59.4378	7.25979e-06	2.0316
0.0021126	58.973	7.25979e-06	2.2281
0.00212712	50.8868	7.25979e-06	1.86957
0.00214164	51.8552	7.25979e-06	1.93985
0.00215616	44.6035	7.25979e-06	1.77026
0.00217068	44.9259	7.25979e-06	1.80326
0.0021852	37.9527	7.25979e-06	1.59942
0.00219972	42.0339	7.25979e-06	1.89101
0.00221424	33.2551	7.25979e-06	1.48662
0.00222876	29.5923	7.25979e-06	1.44407
0.00224328	27.0903	7.25979e-06	1.35378
0.0022578	25.0141	7.25979e-06	1.35963
0.00227231	19.9813	7.25979e-06	1.12331
0.00228683	17.2412	7.25979e-06	1.06075
0.00230135	19.022	7.25979e-06	1.10423
0.00231587	15.8006	7.25979e-06	0.983289
0.00233039	14.7101	7.25979e-06	1.0277
0.00234491	14.4343	7.25979e-06	1.03967
0.00235943	13.238	7.25979e-06	0.919394
0.00237395	10.6471	7.25979e-06	0.848421
0.00238847	10.6188	7.25979e-06	0.937936
0.00240299	8.62589	7.25979e-06	0.706916
0.00241751	7.91471	7.25979e-06	0.669598
0.00243203	7.11695	7.25979e-06	0.657575
0.00244655	5.36109	7.25979e-06	0.554835
0.00246107	5.12197	7.25979e-06	0.585368
0.00247559	4.25468	7.25979e-06	0.469836
0.00249011	3.31027	7.25979e-06	0.442395
0.00250463	2.79995	7.25979e-06	0.376025
0.00251915	1.62763	7.25979e-06	0.289211
0.00253367	1.46893	7.25979e-06	0.269177
0.00254819	1.00432	7.25979e-06	0.219572
0.00256271	0.617951	7.25979e-06	0.171484
0.00257723	0.29157	7.25979e-06	0.119116
