7.2832e-06	4.11926	7.2832e-06	0.5758
2.18496e-05	6.1811	7.2832e-06	0.80314
3.6416e-05	11.6931	7.2832e-06	0.9971
5.09824e-05	11.824	7.2832e-06	0.923909
6.55488e-05	15.7847	7.2832e-06	1.2143
8.01152e-05	22.4212	7.2832e-06	1.46806
9.46816e-05	27.9226	7.2832e-06	1.7333
0.000109248	31.883	7.2832e-06	1.98664
0.000123814	44.0179	7.2832e-06	3.38778
0.000138381	51.1399	7.2832e-06	2.52336
0.000152947	51.6641	7.2832e-06	2.61692
0.000167514	61.918	7.2832e-06	3.4502
0.00018208	76.3352	7.2832e-06	3.42842
0.000196646	78.8465	7.2832e-06	3.2358
0.000211213	97.0455	7.2832e-06	3.65797
0.000225779	107.299	7.2832e-06	3.67945
0.000240346	117.248	7.2832e-06	3.67353
0.000254912	131.028	7.2832e-06	3.77686
0.000269479	148.452	7.2832e-06	4.2959
0.000284045	158.404	7.2832e-06	6.83579
0.000298611	183.85	7.2832e-06	9.2753
0.000313178	185.304	7.2832e-06	5.61483
0.000327744	212.011	7.2832e-06	6.20726
0.000342311	219.418	7.2832e-06	5.11158
0.000356877	256.412	7.2832e-06	7.5051
0.000371443	261.569	7.2832e-06	5.60469
0.00038601	272.917	7.2832e-06	5.52223
0.000400576	292.228	7.2832e-06	5.98945
0.000415143	320.295	7.2832e-06	6.53527
0.000429709	347.197	7.2832e-06	8.05124
0.000444275	361.217	7.2832e-06	7.0377
0.000458842	377.673	7.2832e-06	8.42611
0.000473408	390.733	7.2832e-06	6.90325
0.000487975	405.617	7.2832e-06	7.05276
0.000502541	451.037	7.2832e-06	12.0065
0.000517107	454.42	7.2832e-06	9.51073
0.000531674	465.846	7.2832e-06	7.50484
0.00054624	495.928	7.2832e-06	9.10893
0.000560807	512.359	7.2832e-06	9.46289
0.000575373	548.813	7.2832e-06	8.68463
0.000589939	557.818	7.2832e-06	9.21418
0.000604506	579.667	7.2832e-06	10.0098
0.000619072	624.928	7.2832e-06	10.2366
0.000633639	635.667	7.2832e-06	9.31452
0.000648205	658.262	7.2832e-06	11.4066
0.000662772	661.372	7.2832e-06	9.55059
0.000677338	694.395	7.2832e-06	10.1273
0.000691904	695.475	7.2832e-06	8.9899
0.000706471	722.365	7.2832e-06	9.23302
0.000721037	747.846	7.2832e-06	11.5018
0.000735604	753.849	7.2832e-06	10.13
0.00075017	779.082	7.2832e-06	10.0369
0.000764736	810.744	7.2832e-06	16.0555
0.000779303	802.58	7.2832e-06	10.8142
0.000793869	825.099	7.2832e-06	10.7138
0.000808436	842.591	7.2832e-06	11.706
0.000823002	849.482	7.2832e-06	11.3828
0.000837568	879.736	7.2832e-06	10.4633
0.000852135	860.186	7.2832e-06	9.84965
0.000866701	883.799	7.2832e-06	11.3944
0.000881268	876.468	7.2832e-06	10.7068
0.000895834	890.213	7.2832e-06	10.3203
0.0009104	898.43	7.2832e-06	10.0282
0.000924967	904.52	7.2832e-06	9.83773
0.000939533	912.092	7.2832e-06	10.3362
0.0009541	914.976	7.2832e-06	10.1177
0.000968666	934.548	7.2832e-06	11.9644
0.000983232	922.955	7.2832e-06	10.4408
0.000997799	902.021	7.2832e-06	9.9099
0.00101237	906.829	7.2832e-06	10.2084
0.00102693	924.003	7.2832e-06	10.0711
0.0010415	912.193	7.2832e-06	9.85073
0.00105606	926.427	7.2832e-06	10.4921
0.00107063	911.051	7.2832e-06	10.0389
0.0010852	918.766	7.2832e-06	10.171
0.00109976	907.453	7.2832e-06	9.59787
0.00111433	916.255	7.2832e-06	13.3826
0.0011289	897.891	7.2832e-06	10.461
0.00114346	893.36	7.2832e-06	13.8791
0.00115803	872.762	7.2832e-06	10.5172
0.0011726	874.741	7.2832e-06	10.1867
0.00118716	871.172	7.2832e-06	9.70126
0.00120173	837.295	7.2832e-06	10.2723
0.0012163	844.124	7.2832e-06	10.9015
0.00123086	822.045	7.2832e-06	9.56506
0.00124543	802.18	7.2832e-06	10.9179
0.00125999	795.714	7.2832e-06	9.94157
0.00127456	790.633	7.2832e-06	11.507
0.00128913	756.805	7.2832e-06	9.45833
0.00130369	752.568	7.2832e-06	9.05613
0.00131826	738.875	7.2832e-06	8.71751
0.00133283	728.613	7.2832e-06	9.48565
0.00134739	702.639	7.2832e-06	9.22653
0.00136196	686.992	7.2832e-06	8.35404
0.00137653	663.887	7.2832e-06	8.16378
0.00139109	669.072	7.2832e-06	10.4987
0.00140566	641.043	7.2832e-06	7.89579
0.00142022	634.096	7.2832e-06	8.78141
0.00143479	608.094	7.2832e-06	7.8489
0.00144936	589.15	7.2832e-06	8.01804
0.00146392	566.294	7.2832e-06	7.61897
0.00147849	558.856	7.2832e-06	8.5319
0.00149306	548.511	7.2832e-06	11.2731
0.00150762	522.749	7.2832e-06	7.14183
0.00152219	508.803	7.2832e-06	7.13724
0.00153676	497.192	7.2832e-06	7.46465
0.00155132	468.105	7.2832e-06	7.16938
0.00156589	451.566	7.2832e-06	6.64349
0.00158046	433.562	7.2832e-06	6.54434
0.00159502	413.466	7.2832e-06	6.25157
0.00160959	400.717	7.2832e-06	6.11784
0.00162415	386.64	7.2832e-06	6.77464
0.00163872	376.167	7.2832e-06	6.06673
0.00165329	364.391	7.2832e-06	6.19289
0.00166785	348.867	7.2832e-06	5.9241
0.00168242	329.92	7.2832e-06	5.81271
0.00169699	306.562	7.2832e-06	5.28268
0.00171155	299.294	7.2832e-06	5.68277
0.00172612	295.479	7.2832e-06	6.65197
0.00174069	272.284	7.2832e-06	4.89036
0.00175525	250.783	7.2832e-06	4.50709
0.00176982	245.066	7.2832e-06	4.92002
0.00178438	230.548	7.2832e-06	4.55578
0.00179895	230.42	7.2832e-06	4.77236
0.00181352	212.232	7.2832e-06	4.46689
0.00182808	203.225	7.2832e-06	4.52637
0.00184265	186.469	7.2832e-06	3.98225
0.00185722	174.666	7.2832e-06	3.94167
0.00187178	172.992	7.2832e-06	4.0875
0.00188635	156.544	7.2832e-06	3.67631
0.00190092	149.373	7.2832e-06	3.4836
0.00191548	138.273	7.2832e-06	3.4073
0.00193005	133.24	7.2832e-06	3.59616
0.00194462	126.02	7.2832e-06	3.25316
0.00195918	124.124	7.2832e-06	3.33741
0.00197375	114.502	7.2832e-06	3.22371
0.00198831	110.323	7.2832e-06	4.92644
0.00200288	106.789	7.2832e-06	4.73635
0.00201745	95.1362	7.2832e-06	3.20107
0.00203201	92.3322	7.2832e-06	3.00557
0.00204658	80.8482	7.2832e-06	3.43906
0.00206115	74.9186	7.2832e-06	2.94058
0.00207571	73.2883	7.2832e-06	2.3879
0.00209028	66.8049	7.2832e-06	2.35842
0.00210485	62.0432	7.2832e-06	2.20924
0.00211941	54.8243	7.2832e-06	2.11361
0.00213398	52.3383	7.2832e-06	2.16612
0.00214855	46.2651	7.2832e-06	1.85107
0.00216311	45.889	7.2832e-06	1.92916
0.00217768	38.5538	7.2832e-06	1.62149
0.00219224	36.0385	7.2832e-06	1.64391
0.00220681	34.3614	7.2832e-06	1.55377
0.00222138	33.8316	7.2832e-06	1.54644
0.00223594	28.6916	7.2832e-06	1.68842
0.00225051	26.8425	7.2832e-06	1.35667
0.00226508	23.5932	7.2832e-06	1.28489
0.00227964	22.4722	7.2832e-06	1.28929
0.00229421	20.8206	7.2832e-06	1.21457
0.00230878	17.3679	7.2832e-06	1.08201
0.00232334	16.7969	7.2832e-06	1.06397
0.00233791	15.3	7.2832e-06	1.03624
0.00235247	13.9371	7.2832e-06	0.917125
0.00236704	11.841	7.2832e-06	0.838311
0.00238161	10.442	7.2832e-06	0.805137
0.00239617	9.36935	7.2832e-06	0.835804
0.00241074	8.54237	7.2832e-06	0.779186
0.00242531	6.14221	7.2832e-06	0.594984
0.00243987	6.0059	7.2832e-06	0.593273
0.00245444	5.02227	7.2832e-06	0.560914
0.00246901	4.52011	7.2832e-06	0.509387
0.00248357	4.01175	7.2832e-06	0.507838
0.00249814	2.73638	7.2832e-06	0.379899
0.00251271	2.61344	7.2832e-06	0.611851
0.00252727	1.48572	7.2832e-06	0.277577
0.00254184	1.06445	7.2832e-06	0.232962
0.0025564	0.642481	7.2832e-06	0.178761
0.00257097	0.397433	7.2832e-06	0.140761
