7.24225e-06	3.685	7.24225e-06	0.557547
2.17268e-05	6.78467	7.24225e-06	0.762852
3.62113e-05	9.72995	7.24225e-06	0.89435
5.06958e-05	12.6596	7.24225e-06	0.995944
6.51803e-05	17.2926	7.24225e-06	1.27118
7.96648e-05	20.2252	7.24225e-06	1.39667
9.41493e-05	26.0224	7.24225e-06	1.75855
0.000108634	32.6895	7.24225e-06	2.0967
0.000123118	40.1255	7.24225e-06	2.55302
0.000137603	46.4981	7.24225e-06	2.99716
0.000152087	52.3031	7.24225e-06	2.74904
0.000166572	57.1225	7.24225e-06	2.36452
0.000181056	70.0201	7.24225e-06	3.5487
0.000195541	78.411	7.24225e-06	3.20845
0.000210025	89.8656	7.24225e-06	3.16206
0.00022451	99.4093	7.24225e-06	3.5078
0.000238994	112.664	7.24225e-06	3.90932
0.000253479	128.639	7.24225e-06	4.3936
0.000267963	143.716	7.24225e-06	4.68473
0.000282448	146.713	7.24225e-06	3.93222
0.000296932	165.064	7.24225e-06	4.37933
0.000311417	185.862	7.24225e-06	5.08208
0.000325901	204.047	7.24225e-06	5.29412
0.000340386	215.018	7.24225e-06	7.06356
0.00035487	243.724	7.24225e-06	6.72001
0.000369355	257.61	7.24225e-06	5.79387
0.000383839	261.952	7.24225e-06	5.55095
0.000398324	288.954	7.24225e-06	6.14321
0.000412808	304.694	7.24225e-06	5.94055
0.000427293	328.765	7.24225e-06	6.4432
0.000441777	348.935	7.24225e-06	7.01955
0.000456262	375.749	7.24225e-06	9.30395
0.000470746	391.251	7.24225e-06	7.50792
0.000485231	421.468	7.24225e-06	8.15905
0.000499715	432.567	7.24225e-06	7.47603
0.0005142	489.765	7.24225e-06	15.5273
0.000528684	479.097	7.24225e-06	8.38221
0.000543169	505.593	7.24225e-06	8.464
0.000557653	510.994	7.24225e-06	7.91022
0.000572138	547	7.24225e-06	8.52144
0.000586623	559.615	7.24225e-06	8.24068
0.000601107	589.184	7.24225e-06	9.01303
0.000615592	613.445	7.24225e-06	9.09988
0.000630076	645.063	7.24225e-06	11.6776
0.000644561	649.681	7.24225e-06	9.32125
0.000659045	674.86	7.24225e-06	9.82906
0.00067353	697.43	7.24225e-06	10.7191
0.000688014	702.532	7.24225e-06	9.08038
0.000702499	734.988	7.24225e-06	10.5829
0.000716983	739.702	7.24225e-06	9.43173
0.000731468	761.432	7.24225e-06	11.0155
0.000745952	775.21	7.24225e-06	9.87426
0.000760437	782.311	7.24225e-06	10.9939
0.000774921	804.623	7.24225e-06	10.6569
0.000789406	835.828	7.24225e-06	10.9931
0.00080389	841.965	7.24225e-06	10.0554
0.000818375	852.743	7.24225e-06	10.1115
0.000832859	859.686	7.24225e-06	10.6257
0.000847344	872.131	7.24225e-06	10.9612
0.000861828	872.849	7.24225e-06	10.1419
0.000876313	890.179	7.24225e-06	10.742
0.000890797	894.18	7.24225e-06	10.5783
0.000905282	897.884	7.24225e-06	11.2015
0.000919766	921.816	7.24225e-06	13.3094
0.000934251	910.388	7.24225e-06	10.2479
0.000948735	923.481	7.24225e-06	10.5847
0.00096322	943.572	7.24225e-06	10.6868
0.000977704	950.267	7.24225e-06	12.3486
0.000992189	926.744	7.24225e-06	10.266
0.00100667	948.442	7.24225e-06	11.4964
0.00102116	909.525	7.24225e-06	10.1282
0.00103564	923.752	7.24225e-06	13.1342
0.00105013	919.615	7.24225e-06	9.92727
0.00106461	931.217	7.24225e-06	9.92637
0.0010791	906.823	7.24225e-06	10.168
0.00109358	906.249	7.24225e-06	9.38495
0.00110806	905.588	7.24225e-06	10.0486
0.00112255	916.061	7.24225e-06	10.6948
0.00113703	884.841	7.24225e-06	9.98272
0.00115152	887.137	7.24225e-06	9.88776
0.001166	844.351	7.24225e-06	8.96663
0.00118049	875.73	7.24225e-06	9.66259
0.00119497	873.661	7.24225e-06	9.81363
0.00120946	860.521	7.24225e-06	14.9328
0.00122394	823.098	7.24225e-06	9.30025
0.00123843	807.459	7.24225e-06	8.92473
0.00125291	806.203	7.24225e-06	9.93997
0.00126739	793.975	7.24225e-06	9.51101
0.00128188	794.887	7.24225e-06	11.6215
0.00129636	756.98	7.24225e-06	9.0632
0.00131085	734.654	7.24225e-06	8.46885
0.00132533	730.138	7.24225e-06	8.18643
0.00133982	726.841	7.24225e-06	9.60756
0.0013543	704.998	7.24225e-06	11.1205
0.00136879	684.591	7.24225e-06	8.36468
0.00138327	656.887	7.24225e-06	8.37303
0.00139775	638.787	7.24225e-06	7.93491
0.00141224	635.767	7.24225e-06	12.7658
0.00142672	604.024	7.24225e-06	7.5883
0.00144121	586.863	7.24225e-06	7.7425
0.00145569	574.594	7.24225e-06	7.85896
0.00147018	575.434	7.24225e-06	15.4206
0.00148466	557.946	7.24225e-06	7.88199
0.00149915	526.715	7.24225e-06	7.24352
0.00151363	500.414	7.24225e-06	6.63744
0.00152812	481.825	7.24225e-06	7.11633
0.0015426	476.353	7.24225e-06	6.93516
0.00155708	453.336	7.24225e-06	6.33828
0.00157157	439.492	7.24225e-06	6.49183
0.00158605	428.974	7.24225e-06	6.60931
0.00160054	403.786	7.24225e-06	5.94972
0.00161502	395.157	7.24225e-06	6.6263
0.00162951	380.493	7.24225e-06	5.94946
0.00164399	354.921	7.24225e-06	5.6655
0.00165848	340.75	7.24225e-06	5.51733
0.00167296	334.385	7.24225e-06	5.39175
0.00168744	321.449	7.24225e-06	5.2093
0.00170193	312.248	7.24225e-06	5.15627
0.00171641	285.576	7.24225e-06	5.10679
0.0017309	277.772	7.24225e-06	4.71446
0.00174538	263.76	7.24225e-06	4.74768
0.00175987	251.141	7.24225e-06	4.65981
0.00177435	239.873	7.24225e-06	5.88605
0.00178884	234.288	7.24225e-06	4.91726
0.00180332	227.517	7.24225e-06	6.7883
0.00181781	210.981	7.24225e-06	4.55527
0.00183229	201.422	7.24225e-06	4.02758
0.00184677	188.421	7.24225e-06	3.96025
0.00186126	175.797	7.24225e-06	3.80132
0.00187574	158.862	7.24225e-06	3.56193
0.00189023	153.038	7.24225e-06	3.47248
0.00190471	144.942	7.24225e-06	3.79793
0.0019192	142.405	7.24225e-06	3.24671
0.00193368	131.466	7.24225e-06	3.2541
0.00194817	125.171	7.24225e-06	3.20092
0.00196265	111.699	7.24225e-06	2.81984
0.00197714	103.999	7.24225e-06	2.97433
0.00199162	101.426	7.24225e-06	2.89348
0.0020061	97.1883	7.24225e-06	2.73617
0.00202059	87.2373	7.24225e-06	3.03628
0.00203507	86.9139	7.24225e-06	2.63784
0.00204956	80.8628	7.24225e-06	2.48186
0.00206404	73.7612	7.24225e-06	2.27315
0.00207853	67.0081	7.24225e-06	2.27327
0.00209301	60.6732	7.24225e-06	2.07377
0.0021075	54.9808	7.24225e-06	2.0681
0.00212198	53.5869	7.24225e-06	2.02865
0.00213646	48.0978	7.24225e-06	1.78728
0.00215095	48.4198	7.24225e-06	1.87761
0.00216543	47.4516	7.24225e-06	4.30224
0.00217992	39.0576	7.24225e-06	1.6545
0.0021944	36.3707	7.24225e-06	1.65293
0.00220889	33.8063	7.24225e-06	1.51287
0.00222337	29.609	7.24225e-06	1.44595
0.00223786	29.9074	7.24225e-06	1.7934
0.00225234	26.6908	7.24225e-06	1.41279
0.00226683	23.4102	7.24225e-06	1.27267
0.00228131	20.449	7.24225e-06	1.11986
0.00229579	19.7224	7.24225e-06	1.10348
0.00231028	17.8941	7.24225e-06	1.12568
0.00232476	16.3747	7.24225e-06	0.967901
0.00233925	14.5148	7.24225e-06	0.953965
0.00235373	12.2434	7.24225e-06	0.835358
0.00236822	11.4733	7.24225e-06	0.858661
0.0023827	8.41328	7.24225e-06	0.670114
0.00239719	9.47287	7.24225e-06	0.938321
0.00241167	8.11348	7.24225e-06	0.686269
0.00242615	6.35188	7.24225e-06	0.59988
0.00244064	6.25652	7.24225e-06	0.676672
0.00245512	4.17112	7.24225e-06	0.454176
0.00246961	3.8065	7.24225e-06	0.448717
0.00248409	3.15682	7.24225e-06	0.410548
0.00249858	2.61745	7.24225e-06	0.357088
0.00251306	2.03586	7.24225e-06	0.312966
0.00252755	1.25738	7.24225e-06	0.246928
0.00254203	1.07305	7.24225e-06	0.223917
0.00255652	0.702145	7.24225e-06	0.181391
0.002571	0.186427	7.24225e-06	0.0932425
