7.25354e-06	3.80922	7.25354e-06	0.524431
2.17606e-05	7.10309	7.25354e-06	0.810865
3.62677e-05	7.83815	7.25354e-06	0.733311
5.07748e-05	12.4744	7.25354e-06	0.968627
6.52819e-05	18.5615	7.25354e-06	1.42223
7.97889e-05	22.0031	7.25354e-06	1.39312
9.4296e-05	26.8913	7.25354e-06	1.68179
0.000108803	33.9698	7.25354e-06	2.79897
0.00012331	38.1796	7.25354e-06	1.89142
0.000137817	45.5533	7.25354e-06	2.26667
0.000152324	49.6182	7.25354e-06	2.40915
0.000166831	63.1211	7.25354e-06	2.82321
0.000181339	81.2318	7.25354e-06	4.50023
0.000195846	81.8136	7.25354e-06	3.0178
0.000210353	89.6586	7.25354e-06	3.32091
0.00022486	97.1327	7.25354e-06	3.22437
0.000239367	113.921	7.25354e-06	3.52268
0.000253874	137.451	7.25354e-06	8.79516
0.000268381	134.421	7.25354e-06	3.78877
0.000282888	150.258	7.25354e-06	4.36432
0.000297395	169.621	7.25354e-06	6.08643
0.000311902	187.79	7.25354e-06	5.44896
0.000326409	202.556	7.25354e-06	5.01533
0.000340916	222.836	7.25354e-06	5.37998
0.000355423	237.71	7.25354e-06	5.68587
0.000369931	271.624	7.25354e-06	14.4927
0.000384438	277.818	7.25354e-06	6.17606
0.000398945	284.254	7.25354e-06	6.24898
0.000413452	311.243	7.25354e-06	6.78029
0.000427959	324.298	7.25354e-06	6.78122
0.000442466	344.133	7.25354e-06	6.78145
0.000456973	384.475	7.25354e-06	7.48329
0.00047148	395.158	7.25354e-06	7.42244
0.000485987	400.838	7.25354e-06	6.68883
0.000500494	428.486	7.25354e-06	7.04912
0.000515001	446.994	7.25354e-06	7.77434
0.000529508	473.464	7.25354e-06	7.76565
0.000544016	492.456	7.25354e-06	7.96096
0.000558523	537.639	7.25354e-06	10.214
0.00057303	554.491	7.25354e-06	9.22984
0.000587537	561.691	7.25354e-06	8.68753
0.000602044	604.862	7.25354e-06	12.7607
0.000616551	610.862	7.25354e-06	8.44831
0.000631058	622.999	7.25354e-06	8.46778
0.000645565	651.283	7.25354e-06	10.4242
0.000660072	649.705	7.25354e-06	8.50335
0.000674579	689.134	7.25354e-06	9.60648
0.000689086	695.302	7.25354e-06	9.97415
0.000703593	727.403	7.25354e-06	9.33305
0.000718101	727.389	7.25354e-06	8.95177
0.000732608	745.988	7.25354e-06	10.3448
0.000747115	776.698	7.25354e-06	9.38986
0.000761622	793.452	7.25354e-06	9.79344
0.000776129	804.41	7.25354e-06	10.0724
0.000790636	850.096	7.25354e-06	19.3868
0.000805143	819.194	7.25354e-06	9.60474
0.00081965	849.24	7.25354e-06	10.3404
0.000834157	868.574	7.25354e-06	10.3273
0.000848664	858.96	7.25354e-06	13.0476
0.000863171	879.638	7.25354e-06	10.6068
0.000877678	935.22	7.25354e-06	14.7813
0.000892185	905.053	7.25354e-06	11.5304
0.000906693	893.704	7.25354e-06	9.71171
0.0009212	915.71	7.25354e-06	10.9143
0.000935707	905.209	7.25354e-06	10.834
0.000950214	907.095	7.25354e-06	10.8492
0.000964721	906.367	7.25354e-06	10.3016
0.000979228	924.586	7.25354e-06	10.6216
0.000993735	944.943	7.25354e-06	10.615
0.00100824	935.702	7.25354e-06	11.5417
0.00102275	951.638	7.25354e-06	11.262
0.00103726	916.699	7.25354e-06	10.4457
0.00105176	955.345	7.25354e-06	17.3782
0.00106627	931.415	7.25354e-06	10.4921
0.00108078	922.198	7.25354e-06	10.8821
0.00109528	924.471	7.25354e-06	10.2813
0.00110979	902.938	7.25354e-06	10.1119
0.0011243	905.924	7.25354e-06	10.0321
0.00113881	886.501	7.25354e-06	10.1319
0.00115331	885.558	7.25354e-06	10.0799
0.00116782	879.514	7.25354e-06	10.2096
0.00118233	846.401	7.25354e-06	9.31028
0.00119683	835.601	7.25354e-06	9.47776
0.00121134	840.588	7.25354e-06	10.3476
0.00122585	823.048	7.25354e-06	9.06356
0.00124036	818.988	7.25354e-06	9.4423
0.00125486	805.897	7.25354e-06	9.2949
0.00126937	788.65	7.25354e-06	11.6759
0.00128388	767.889	7.25354e-06	8.86972
0.00129838	758.543	7.25354e-06	8.53823
0.00131289	745.819	7.25354e-06	9.05419
0.0013274	737.433	7.25354e-06	9.44732
0.00134191	724.737	7.25354e-06	11.1725
0.00135641	703.388	7.25354e-06	9.96499
0.00137092	677.606	7.25354e-06	8.87296
0.00138543	671.725	7.25354e-06	8.20405
0.00139993	631.819	7.25354e-06	7.75407
0.00141444	617.993	7.25354e-06	7.72998
0.00142895	599.86	7.25354e-06	7.57904
0.00144345	593.776	7.25354e-06	7.88623
0.00145796	588.301	7.25354e-06	8.59373
0.00147247	559.14	7.25354e-06	8.20211
0.00148698	537.86	7.25354e-06	6.97771
0.00150148	524.753	7.25354e-06	8.37695
0.00151599	513.655	7.25354e-06	7.28401
0.0015305	493.18	7.25354e-06	7.47126
0.001545	471.314	7.25354e-06	6.48939
0.00155951	454.199	7.25354e-06	6.36238
0.00157402	436.271	7.25354e-06	6.49679
0.00158853	420.703	7.25354e-06	6.38767
0.00160303	405.764	7.25354e-06	6.11163
0.00161754	394.824	7.25354e-06	6.18152
0.00163205	368.019	7.25354e-06	5.68938
0.00164655	370.244	7.25354e-06	6.09354
0.00166106	350.377	7.25354e-06	5.90596
0.00167557	334.282	7.25354e-06	5.3349
0.00169007	314.268	7.25354e-06	5.20333
0.00170458	306.464	7.25354e-06	5.52805
0.00171909	291.006	7.25354e-06	5.52479
0.0017336	282.886	7.25354e-06	7.03326
0.0017481	266.853	7.25354e-06	5.54567
0.00176261	250.575	7.25354e-06	4.60084
0.00177712	232.456	7.25354e-06	4.52761
0.00179162	233.139	7.25354e-06	4.78874
0.00180613	214.117	7.25354e-06	4.29771
0.00182064	208.557	7.25354e-06	4.26845
0.00183515	187.144	7.25354e-06	3.9099
0.00184965	188.31	7.25354e-06	3.97862
0.00186416	176.651	7.25354e-06	4.04114
0.00187867	171.709	7.25354e-06	6.44366
0.00189317	157.136	7.25354e-06	3.61777
0.00190768	152.546	7.25354e-06	3.91224
0.00192219	132.489	7.25354e-06	3.37058
0.0019367	136.551	7.25354e-06	3.52066
0.0019512	127.671	7.25354e-06	3.39475
0.00196571	109.087	7.25354e-06	2.8483
0.00198022	107.439	7.25354e-06	2.82224
0.00199472	101.7	7.25354e-06	3.01068
0.00200923	99.4143	7.25354e-06	2.83157
0.00202374	89.8178	7.25354e-06	2.57983
0.00203824	85.9089	7.25354e-06	2.80676
0.00205275	80.0064	7.25354e-06	2.50567
0.00206726	73.0316	7.25354e-06	2.41609
0.00208177	68.0101	7.25354e-06	2.27261
0.00209627	65.8878	7.25354e-06	2.35705
0.00211078	55.6707	7.25354e-06	1.94221
0.00212529	54.9655	7.25354e-06	2.08234
0.00213979	53.7877	7.25354e-06	2.09886
0.0021543	47.5822	7.25354e-06	1.78575
0.00216881	40.0463	7.25354e-06	1.73056
0.00218332	37.7244	7.25354e-06	1.84968
0.00219782	33.8197	7.25354e-06	1.5283
0.00221233	32.2625	7.25354e-06	1.47985
0.00222684	29.4802	7.25354e-06	1.42557
0.00224134	26.1073	7.25354e-06	1.28508
0.00225585	25.0266	7.25354e-06	1.35486
0.00227036	24.772	7.25354e-06	1.23524
0.00228487	21.6327	7.25354e-06	1.23049
0.00229937	17.8478	7.25354e-06	1.06078
0.00231388	15.9852	7.25354e-06	1.05566
0.00232839	15.7874	7.25354e-06	1.09231
0.00234289	13.1751	7.25354e-06	0.900369
0.0023574	12.5999	7.25354e-06	0.901407
0.00237191	10.5943	7.25354e-06	0.835047
0.00238641	9.35315	7.25354e-06	0.811392
0.00240092	8.19499	7.25354e-06	0.691837
0.00241543	7.005	7.25354e-06	0.619859
0.00242994	5.74614	7.25354e-06	0.567148
0.00244444	5.44651	7.25354e-06	0.541225
0.00245895	4.34839	7.25354e-06	0.500292
0.00247346	3.24069	7.25354e-06	0.413718
0.00248796	3.17064	7.25354e-06	0.409073
0.00250247	2.7341	7.25354e-06	0.371123
0.00251698	2.45479	7.25354e-06	0.352464
0.00253149	1.17532	7.25354e-06	0.240474
0.00254599	0.384935	7.25354e-06	0.136324
0.0025605	0.541346	7.25354e-06	0.163394
0.00257501	0.144512	7.25354e-06	0.0834926
