7.37249e-06	7.90083	7.37249e-06	0.600692
2.21175e-05	18.7346	7.37249e-06	1.10531
3.68624e-05	22.8067	7.37249e-06	1.47556
5.16074e-05	32.7039	7.37249e-06	1.38044
6.63524e-05	40.3412	7.37249e-06	1.51139
8.10974e-05	48.7991	7.37249e-06	1.68439
9.58424e-05	60.1707	7.37249e-06	1.97195
0.000110587	70.4347	7.37249e-06	2.23782
0.000125332	81.7474	7.37249e-06	2.94109
0.000140077	96.3085	7.37249e-06	2.73073
0.000154822	105.601	7.37249e-06	2.71308
0.000169567	127.253	7.37249e-06	3.80298
0.000184312	144.124	7.37249e-06	3.54116
0.000199057	157.158	7.37249e-06	3.88811
0.000213802	179.738	7.37249e-06	4.57948
0.000228547	197.147	7.37249e-06	4.65264
0.000243292	215.629	7.37249e-06	5.83639
0.000258037	218.833	7.37249e-06	4.5982
0.000272782	247.766	7.37249e-06	4.88797
0.000287527	286.979	7.37249e-06	13.6661
0.000302272	290.749	7.37249e-06	5.92171
0.000317017	309.128	7.37249e-06	5.68906
0.000331762	340.909	7.37249e-06	6.78869
0.000346507	341.754	7.37249e-06	5.78459
0.000361252	382.644	7.37249e-06	7.06495
0.000375997	396.204	7.37249e-06	7.46634
0.000390742	429.512	7.37249e-06	8.62085
0.000405487	448.21	7.37249e-06	8.58584
0.000420232	460.715	7.37249e-06	9.75857
0.000434977	508.793	7.37249e-06	14.3536
0.000449722	504.941	7.37249e-06	9.79242
0.000464467	538.676	7.37249e-06	12.2478
0.000479212	552.7	7.37249e-06	9.92934
0.000493957	565.166	7.37249e-06	9.59758
0.000508702	599.18	7.37249e-06	10.0525
0.000523447	623.644	7.37249e-06	15.1843
0.000538192	640.763	7.37249e-06	12.1661
0.000552937	664.599	7.37249e-06	14.2186
0.000567682	670.18	7.37249e-06	10.8332
0.000582427	690.033	7.37249e-06	11.7954
0.000597172	710.892	7.37249e-06	11.5283
0.000611917	718.247	7.37249e-06	10.4251
0.000626662	752.068	7.37249e-06	12.81
0.000641407	791.881	7.37249e-06	27.5316
0.000656152	741.849	7.37249e-06	12.2497
0.000670897	757.565	7.37249e-06	11.5844
0.000685642	792.92	7.37249e-06	11.5354
0.000700387	848.776	7.37249e-06	19.9819
0.000715132	849.821	7.37249e-06	13.5002
0.000729876	824.362	7.37249e-06	12.4563
0.000744621	863.438	7.37249e-06	12.6022
0.000759366	847.85	7.37249e-06	13.4868
0.000774111	849.611	7.37249e-06	11.6039
0.000788856	912.885	7.37249e-06	21.5215
0.000803601	880.064	7.37249e-06	12.6093
0.000818346	890.638	7.37249e-06	30.2932
0.000833091	881.193	7.37249e-06	12.9393
0.000847836	886.581	7.37249e-06	12.0748
0.000862581	864.863	7.37249e-06	10.909
0.000877326	921.726	7.37249e-06	14.3138
0.000892071	902.287	7.37249e-06	13.5408
0.000906816	908.601	7.37249e-06	13.4349
0.000921561	942.049	7.37249e-06	23.8673
0.000936306	866.119	7.37249e-06	11.4498
0.000951051	875.385	7.37249e-06	13.3733
0.000965796	950.574	7.37249e-06	23.5773
0.000980541	883.459	7.37249e-06	14.7831
0.000995286	891.43	7.37249e-06	14.9159
0.00101003	857.825	7.37249e-06	12.2476
0.00102478	960.976	7.37249e-06	71.6661
0.00103952	860.75	7.37249e-06	13.724
0.00105427	869.125	7.37249e-06	15.334
0.00106901	878.823	7.37249e-06	14.8572
0.00108376	833.932	7.37249e-06	13.4785
0.0010985	857.242	7.37249e-06	17.7124
0.00111325	799.352	7.37249e-06	14.2907
0.00112799	789.225	7.37249e-06	13.0354
0.00114274	785.704	7.37249e-06	12.8033
0.00115748	804.223	7.37249e-06	16.3441
0.00117223	767.194	7.37249e-06	12.2176
0.00118697	765.428	7.37249e-06	14.7323
0.00120172	767.788	7.37249e-06	16.3178
0.00121646	744.472	7.37249e-06	14.4748
0.00123121	718.05	7.37249e-06	13.3466
0.00124595	727.831	7.37249e-06	14.5969
0.0012607	683.288	7.37249e-06	12.5245
0.00127544	671.485	7.37249e-06	12.8001
0.00129019	684.244	7.37249e-06	14.8134
0.00130493	641.766	7.37249e-06	13.6008
0.00131968	619.803	7.37249e-06	12.6396
0.00133442	605.786	7.37249e-06	11.6765
0.00134917	577.725	7.37249e-06	11.704
0.00136391	565.388	7.37249e-06	10.6914
0.00137866	593.584	7.37249e-06	13.3605
0.0013934	554.479	7.37249e-06	11.0777
0.00140815	538.186	7.37249e-06	16.6595
0.00142289	512.112	7.37249e-06	11.6661
0.00143764	516.948	7.37249e-06	13.2317
0.00145238	475.623	7.37249e-06	10.4597
0.00146713	467.489	7.37249e-06	11.7599
0.00148187	449.743	7.37249e-06	11.1793
0.00149662	443.684	7.37249e-06	11.6002
0.00151136	427.167	7.37249e-06	12.9115
0.00152611	400.637	7.37249e-06	9.84081
0.00154085	399.81	7.37249e-06	10.8812
0.0015556	353.088	7.37249e-06	8.52422
0.00157034	352.132	7.37249e-06	9.45381
0.00158509	338.797	7.37249e-06	9.44417
0.00159983	345.72	7.37249e-06	10.232
0.00161458	323.843	7.37249e-06	10.4869
0.00162932	300.41	7.37249e-06	8.74362
0.00164407	306.167	7.37249e-06	9.4154
0.00165881	286.527	7.37249e-06	10.7214
0.00167356	259.906	7.37249e-06	8.04074
0.0016883	272.432	7.37249e-06	10.2451
0.00170305	270.058	7.37249e-06	12.1101
0.00171779	230.188	7.37249e-06	7.9875
0.00173254	206.699	7.37249e-06	7.90309
0.00174728	225.288	7.37249e-06	9.55685
0.00176203	197.51	7.37249e-06	10.3234
0.00177677	179.019	7.37249e-06	6.92802
0.00179152	187.546	7.37249e-06	8.24304
0.00180626	171.443	7.37249e-06	7.10692
0.001821	159.902	7.37249e-06	6.89492
0.00183575	146.198	7.37249e-06	11.2033
0.00185049	130.701	7.37249e-06	4.69988
0.00186524	130.163	7.37249e-06	7.71405
0.00187998	135.885	7.37249e-06	8.02494
0.00189473	111.06	7.37249e-06	5.07476
0.00190947	114.221	7.37249e-06	6.74835
0.00192422	98.7484	7.37249e-06	4.95586
0.00193896	90.1508	7.37249e-06	4.64488
0.00195371	93.3098	7.37249e-06	5.27117
0.00196845	81.8691	7.37249e-06	4.42159
0.0019832	79.0009	7.37249e-06	4.31623
0.00199794	82.2749	7.37249e-06	6.07491
0.00201269	65.0425	7.37249e-06	3.97597
0.00202743	61.1516	7.37249e-06	3.30168
0.00204218	64.5143	7.37249e-06	4.42772
0.00205692	54.8364	7.37249e-06	3.71029
0.00207167	52.9348	7.37249e-06	4.53649
0.00208641	45.0332	7.37249e-06	3.53781
0.00210116	49.3237	7.37249e-06	3.82444
0.0021159	40.8075	7.37249e-06	3.49739
0.00213065	41.6195	7.37249e-06	3.60722
0.00214539	37.8959	7.37249e-06	3.69592
0.00216014	34.5854	7.37249e-06	5.91943
0.00217488	29.5022	7.37249e-06	3.16734
0.00218963	25.5477	7.37249e-06	3.16788
0.00220437	22.9921	7.37249e-06	2.11317
0.00221912	22.8104	7.37249e-06	4.14416
0.00223386	20.4489	7.37249e-06	2.66706
0.00224861	26.0356	7.37249e-06	6.27527
0.00226335	15.057	7.37249e-06	1.81425
0.0022781	13.7738	7.37249e-06	1.76302
0.00229284	10.0174	7.37249e-06	1.49074
0.00230759	10.7596	7.37249e-06	2.56845
0.00232233	11.3343	7.37249e-06	2.14321
0.00233708	6.26959	7.37249e-06	1.04916
0.00235182	11.1693	7.37249e-06	2.82209
0.00236657	6.59165	7.37249e-06	1.21666
0.00238131	6.97459	7.37249e-06	1.93177
0.00239606	7.31062	7.37249e-06	1.54956
0.0024108	4.89483	7.37249e-06	1.26534
0.00242555	3.80685	7.37249e-06	0.821886
0.00244029	2.48927	7.37249e-06	0.615086
0.00245504	1.74574	7.37249e-06	0.57847
0.00246978	2.65202	7.37249e-06	0.90668
0.00248453	3.12635	7.37249e-06	0.946504
0.00249927	1.69243	7.37249e-06	0.76092
0.00251402	0.711804	7.37249e-06	0.265712
0.00252876	0.840611	7.37249e-06	0.353042
0.00254351	0.170411	7.37249e-06	0.124533
0.00255825	0.189376	7.37249e-06	0.135748
0.002573	0.0818224	7.37249e-06	0.0818224
