7.30625e-06	2.70112	7.30625e-06	0.38916
2.19187e-05	8.57976	7.30625e-06	0.751224
3.65312e-05	10.3265	7.30625e-06	0.867365
5.11437e-05	15.3223	7.30625e-06	1.10389
6.57562e-05	16.8491	7.30625e-06	1.24308
8.03687e-05	23.8758	7.30625e-06	1.92583
9.49812e-05	29.0645	7.30625e-06	1.70528
0.000109594	34.7546	7.30625e-06	1.84079
0.000124206	40.8678	7.30625e-06	2.03424
0.000138819	47.3779	7.30625e-06	2.65486
0.000153431	54.8754	7.30625e-06	2.42323
0.000168044	66.633	7.30625e-06	2.517
0.000182656	77.1993	7.30625e-06	2.74064
0.000197269	87.4189	7.30625e-06	3.09613
0.000211881	95.6129	7.30625e-06	3.32449
0.000226494	107.727	7.30625e-06	3.58626
0.000241106	114.098	7.30625e-06	3.39035
0.000255719	131.959	7.30625e-06	3.89071
0.000270331	149.419	7.30625e-06	4.29643
0.000284944	158.097	7.30625e-06	4.18093
0.000299556	174.094	7.30625e-06	5.09464
0.000314169	191.155	7.30625e-06	4.97196
0.000328781	212.465	7.30625e-06	5.07009
0.000343394	233.625	7.30625e-06	6.23529
0.000358006	241.377	7.30625e-06	5.95672
0.000372619	256.027	7.30625e-06	6.15275
0.000387231	280.897	7.30625e-06	5.85374
0.000401844	295.016	7.30625e-06	7.57992
0.000416456	325.248	7.30625e-06	8.44228
0.000431069	333.235	7.30625e-06	6.62087
0.000445681	353.087	7.30625e-06	6.6076
0.000460294	369.869	7.30625e-06	6.61145
0.000474906	393.811	7.30625e-06	7.81715
0.000489519	409.943	7.30625e-06	8.11991
0.000504131	442.794	7.30625e-06	8.64624
0.000518744	465.041	7.30625e-06	8.60595
0.000533356	476.72	7.30625e-06	7.49582
0.000547969	519.248	7.30625e-06	8.14517
0.000562581	509.992	7.30625e-06	8.1737
0.000577194	535.469	7.30625e-06	8.17818
0.000591806	580.432	7.30625e-06	9.62915
0.000606419	579.476	7.30625e-06	9.03318
0.000621031	616.568	7.30625e-06	10.1269
0.000635644	629.609	7.30625e-06	9.22141
0.000650256	648.522	7.30625e-06	12.5501
0.000664869	675.039	7.30625e-06	11.4397
0.000679481	682.048	7.30625e-06	9.23421
0.000694094	705.173	7.30625e-06	10.7035
0.000708706	720.879	7.30625e-06	10.3192
0.000723319	751.03	7.30625e-06	14.5189
0.000737931	764.6	7.30625e-06	13.1075
0.000752544	789.988	7.30625e-06	10.8351
0.000767156	804.945	7.30625e-06	13.0816
0.000781769	798.496	7.30625e-06	10.1354
0.000796381	836.461	7.30625e-06	13.4169
0.000810994	823.974	7.30625e-06	10.8716
0.000825606	859.68	7.30625e-06	12.0146
0.000840219	828.28	7.30625e-06	10.4586
0.000854831	869.041	7.30625e-06	10.5294
0.000869444	910.509	7.30625e-06	16.4741
0.000884056	891.224	7.30625e-06	14.6134
0.000898669	905.157	7.30625e-06	15.8019
0.000913281	908.32	7.30625e-06	12.8078
0.000927894	897.448	7.30625e-06	10.4324
0.000942506	907.796	7.30625e-06	12.1962
0.000957119	937.022	7.30625e-06	12.5427
0.000971731	914.111	7.30625e-06	11.6013
0.000986344	930.351	7.30625e-06	15.9759
0.00100096	933.591	7.30625e-06	18.4413
0.00101557	915.278	7.30625e-06	10.3983
0.00103018	915.912	7.30625e-06	10.4732
0.00104479	917.787	7.30625e-06	11.704
0.00105941	939.227	7.30625e-06	22.2304
0.00107402	927.575	7.30625e-06	12.3321
0.00108863	918.404	7.30625e-06	13.2339
0.00110324	902.622	7.30625e-06	12.4501
0.00111786	911.029	7.30625e-06	13.4879
0.00113247	889.509	7.30625e-06	12.3092
0.00114708	874.439	7.30625e-06	10.1433
0.00116169	871.723	7.30625e-06	11.1964
0.00117631	845.097	7.30625e-06	10.5316
0.00119092	842.337	7.30625e-06	10.3369
0.00120553	844.188	7.30625e-06	12.0737
0.00122014	824.814	7.30625e-06	12.0624
0.00123476	815.997	7.30625e-06	12.4252
0.00124937	809.588	7.30625e-06	10.148
0.00126398	790.971	7.30625e-06	12.0089
0.00127859	780.949	7.30625e-06	18.9892
0.00129321	769.08	7.30625e-06	9.84591
0.00130782	749.778	7.30625e-06	10.9347
0.00132243	733.807	7.30625e-06	9.25064
0.00133704	700.131	7.30625e-06	9.01583
0.00135166	689.827	7.30625e-06	9.35987
0.00136627	681.824	7.30625e-06	8.91242
0.00138088	662.045	7.30625e-06	8.72717
0.00139549	659.455	7.30625e-06	9.31581
0.00141011	628.167	7.30625e-06	9.48195
0.00142472	606.503	7.30625e-06	8.41532
0.00143933	618.084	7.30625e-06	9.76967
0.00145394	598.573	7.30625e-06	10.3515
0.00146856	574.165	7.30625e-06	7.96406
0.00148317	538.125	7.30625e-06	8.32365
0.00149778	527.423	7.30625e-06	7.56158
0.00151239	502.799	7.30625e-06	7.58135
0.00152701	492.339	7.30625e-06	7.72914
0.00154162	488.679	7.30625e-06	8.42752
0.00155623	464.733	7.30625e-06	7.63788
0.00157084	450.76	7.30625e-06	7.62296
0.00158546	423	7.30625e-06	6.44789
0.00160007	420.26	7.30625e-06	9.69038
0.00161468	410.281	7.30625e-06	8.51783
0.00162929	390.358	7.30625e-06	7.00506
0.00164391	355.769	7.30625e-06	6.07021
0.00165852	346.697	7.30625e-06	6.95972
0.00167313	337.248	7.30625e-06	6.99149
0.00168774	323.465	7.30625e-06	6.05389
0.00170236	307.027	7.30625e-06	6.48517
0.00171697	290.328	7.30625e-06	7.46306
0.00173158	281.768	7.30625e-06	5.64192
0.00174619	274.008	7.30625e-06	6.01012
0.00176081	259.505	7.30625e-06	5.24379
0.00177542	243.511	7.30625e-06	5.29375
0.00179003	240.315	7.30625e-06	5.62849
0.00180464	224.857	7.30625e-06	4.9293
0.00181926	213.106	7.30625e-06	4.63827
0.00183387	201.438	7.30625e-06	4.80342
0.00184848	190.983	7.30625e-06	5.0497
0.00186309	174.984	7.30625e-06	4.91406
0.00187771	164.831	7.30625e-06	4.31574
0.00189232	154.177	7.30625e-06	3.76615
0.00190693	156.876	7.30625e-06	4.0783
0.00192154	142.637	7.30625e-06	3.74488
0.00193616	136.948	7.30625e-06	3.86618
0.00195077	124.364	7.30625e-06	3.56507
0.00196538	116.111	7.30625e-06	3.57988
0.00197999	117.944	7.30625e-06	4.00522
0.00199461	103.276	7.30625e-06	3.23744
0.00200922	95.4892	7.30625e-06	2.96362
0.00202383	97.1127	7.30625e-06	3.51345
0.00203844	84.5279	7.30625e-06	2.9182
0.00205306	81.6639	7.30625e-06	3.24829
0.00206767	72.6732	7.30625e-06	2.74608
0.00208228	67.3451	7.30625e-06	2.44808
0.00209689	62.4171	7.30625e-06	2.36018
0.00211151	64.0582	7.30625e-06	2.73179
0.00212612	54.1978	7.30625e-06	2.27122
0.00214073	58.2343	7.30625e-06	3.60902
0.00215534	55.3195	7.30625e-06	5.32124
0.00216996	42.34	7.30625e-06	2.01905
0.00218457	39.2225	7.30625e-06	2.22715
0.00219918	40.3229	7.30625e-06	2.68795
0.00221379	31.6605	7.30625e-06	1.71384
0.00222841	33.7277	7.30625e-06	2.01497
0.00224302	30.6706	7.30625e-06	1.78451
0.00225763	30.093	7.30625e-06	3.87551
0.00227224	22.6045	7.30625e-06	1.40482
0.00228686	22.098	7.30625e-06	1.90947
0.00230147	19.3493	7.30625e-06	1.24076
0.00231608	20.5568	7.30625e-06	1.47991
0.00233069	15.6199	7.30625e-06	1.17142
0.00234531	13.8491	7.30625e-06	1.11343
0.00235992	15.2281	7.30625e-06	1.11949
0.00237453	13.2564	7.30625e-06	1.45054
0.00238914	10.4802	7.30625e-06	0.868829
0.00240376	8.80575	7.30625e-06	0.852602
0.00241837	7.4248	7.30625e-06	0.748171
0.00243298	8.32119	7.30625e-06	0.778924
0.00244759	5.02417	7.30625e-06	0.596762
0.00246221	4.1539	7.30625e-06	0.537702
0.00247682	3.9378	7.30625e-06	0.517648
0.00249143	3.30369	7.30625e-06	0.477259
0.00250604	3.10545	7.30625e-06	0.458395
0.00252066	2.16369	7.30625e-06	0.434578
0.00253527	1.17874	7.30625e-06	0.273528
0.00254988	1.06201	7.30625e-06	0.252293
0.00256449	0.515065	7.30625e-06	0.172293
