7.3361e-06	4.34997	7.3361e-06	0.553745
2.20083e-05	7.18277	7.3361e-06	0.738306
3.66805e-05	11.1691	7.3361e-06	0.853128
5.13527e-05	17.9278	7.3361e-06	1.31932
6.60249e-05	17.436	7.3361e-06	1.13791
8.06971e-05	25.0791	7.3361e-06	1.61712
9.53693e-05	31.2262	7.3361e-06	1.63583
0.000110042	34.5604	7.3361e-06	1.71078
0.000124714	47.3365	7.3361e-06	3.56351
0.000139386	46.6622	7.3361e-06	1.98134
0.000154058	56.9152	7.3361e-06	2.50949
0.00016873	67.8163	7.3361e-06	2.77497
0.000183403	76.5053	7.3361e-06	2.76102
0.000198075	87.6846	7.3361e-06	2.97972
0.000212747	97.8615	7.3361e-06	3.35422
0.000227419	110.298	7.3361e-06	3.87181
0.000242091	124.176	7.3361e-06	4.35975
0.000256764	139.177	7.3361e-06	4.4149
0.000271436	153.368	7.3361e-06	4.86682
0.000286108	171.884	7.3361e-06	4.83181
0.00030078	180.747	7.3361e-06	4.53605
0.000315452	192.016	7.3361e-06	5.03524
0.000330125	212.39	7.3361e-06	5.42716
0.000344797	223.559	7.3361e-06	4.81901
0.000359469	238.082	7.3361e-06	5.3191
0.000374141	259.985	7.3361e-06	5.86712
0.000388813	281.591	7.3361e-06	6.12122
0.000403486	301.612	7.3361e-06	6.76317
0.000418158	314.343	7.3361e-06	6.42102
0.00043283	336.037	7.3361e-06	7.12042
0.000447502	365.127	7.3361e-06	7.66952
0.000462174	376.801	7.3361e-06	7.21931
0.000476847	404.8	7.3361e-06	7.81327
0.000491519	421.486	7.3361e-06	7.26603
0.000506191	457.582	7.3361e-06	10.3393
0.000520863	482.667	7.3361e-06	9.81215
0.000535535	501.867	7.3361e-06	11.5628
0.000550208	511.473	7.3361e-06	13.607
0.00056488	527.511	7.3361e-06	10.6364
0.000579552	541.4	7.3361e-06	7.93996
0.000594224	577.797	7.3361e-06	10.1179
0.000608896	584.267	7.3361e-06	9.68146
0.000623569	625.43	7.3361e-06	12.2489
0.000638241	640.31	7.3361e-06	9.71573
0.000652913	642.141	7.3361e-06	9.18222
0.000667585	660.574	7.3361e-06	10.1384
0.000682257	697.679	7.3361e-06	9.45219
0.00069693	693.15	7.3361e-06	9.03363
0.000711602	733.835	7.3361e-06	11.9189
0.000726274	734.276	7.3361e-06	10.0963
0.000740946	746.127	7.3361e-06	10.3733
0.000755618	779.212	7.3361e-06	10.9531
0.000770291	787.021	7.3361e-06	10.6246
0.000784963	815.438	7.3361e-06	11.4647
0.000799635	833.659	7.3361e-06	11.889
0.000814307	820.586	7.3361e-06	11.1473
0.000828979	869.585	7.3361e-06	14.2288
0.000843652	857.225	7.3361e-06	11.1026
0.000858324	872.127	7.3361e-06	10.9541
0.000872996	876.358	7.3361e-06	19.5014
0.000887668	900.994	7.3361e-06	11.3095
0.00090234	878.513	7.3361e-06	10.6628
0.000917013	894.373	7.3361e-06	11.2473
0.000931685	906.644	7.3361e-06	11.691
0.000946357	911.197	7.3361e-06	10.6881
0.000961029	908.676	7.3361e-06	10.91
0.000975701	921.569	7.3361e-06	11.5809
0.000990374	941.44	7.3361e-06	14.6052
0.00100505	913.658	7.3361e-06	10.7032
0.00101972	917.886	7.3361e-06	13.1015
0.00103439	905.741	7.3361e-06	10.5623
0.00104906	913.266	7.3361e-06	11.0978
0.00106373	929.422	7.3361e-06	12.4941
0.00107841	909.345	7.3361e-06	10.9678
0.00109308	907.7	7.3361e-06	11.5344
0.00110775	900.478	7.3361e-06	12.4171
0.00112242	881.129	7.3361e-06	10.9581
0.0011371	884.685	7.3361e-06	11.1023
0.00115177	886.039	7.3361e-06	12.9476
0.00116644	856.178	7.3361e-06	10.8191
0.00118111	844.538	7.3361e-06	11.6158
0.00119578	854.053	7.3361e-06	11.0509
0.00121046	847.464	7.3361e-06	11.6368
0.00122513	811.372	7.3361e-06	10.2524
0.0012398	832.367	7.3361e-06	11.2933
0.00125447	800.157	7.3361e-06	11.4623
0.00126915	774.772	7.3361e-06	9.75415
0.00128382	748.133	7.3361e-06	10.0386
0.00129849	777.17	7.3361e-06	14.0367
0.00131316	735.656	7.3361e-06	10.6847
0.00132783	738.335	7.3361e-06	13.7889
0.00134251	710.872	7.3361e-06	9.00153
0.00135718	693.003	7.3361e-06	9.21956
0.00137185	672.509	7.3361e-06	9.01887
0.00138652	649.146	7.3361e-06	10.263
0.0014012	641.864	7.3361e-06	8.92762
0.00141587	641.627	7.3361e-06	13.9613
0.00143054	612.06	7.3361e-06	9.35498
0.00144521	592.511	7.3361e-06	9.01283
0.00145988	570.97	7.3361e-06	8.63439
0.00147456	563.828	7.3361e-06	8.74105
0.00148923	554.248	7.3361e-06	8.97466
0.0015039	517.905	7.3361e-06	8.48596
0.00151857	525.405	7.3361e-06	13.604
0.00153325	491.664	7.3361e-06	7.8535
0.00154792	473.798	7.3361e-06	7.58211
0.00156259	447.062	7.3361e-06	7.73518
0.00157726	435.056	7.3361e-06	7.19955
0.00159193	422.831	7.3361e-06	7.38452
0.00160661	415.974	7.3361e-06	8.49073
0.00162128	381.128	7.3361e-06	7.177
0.00163595	374.081	7.3361e-06	7.14529
0.00165062	379.352	7.3361e-06	12.3919
0.00166529	341.531	7.3361e-06	6.75232
0.00167997	332.903	7.3361e-06	7.18739
0.00169464	310.338	7.3361e-06	7.10994
0.00170931	315.679	7.3361e-06	7.56334
0.00172398	292.741	7.3361e-06	5.80205
0.00173866	273.434	7.3361e-06	6.06955
0.00175333	290.823	7.3361e-06	7.91326
0.001768	254.556	7.3361e-06	5.71793
0.00178267	242.846	7.3361e-06	5.34894
0.00179734	219.461	7.3361e-06	4.74019
0.00181202	218.664	7.3361e-06	5.46434
0.00182669	201.78	7.3361e-06	4.49762
0.00184136	203.984	7.3361e-06	11.1
0.00185603	181.982	7.3361e-06	4.18879
0.00187071	171.212	7.3361e-06	4.5028
0.00188538	168.992	7.3361e-06	4.22688
0.00190005	151.569	7.3361e-06	4.44229
0.00191472	150.078	7.3361e-06	4.65988
0.00192939	142.057	7.3361e-06	4.90386
0.00194407	129.808	7.3361e-06	3.98729
0.00195874	121.845	7.3361e-06	3.68103
0.00197341	114.716	7.3361e-06	3.82373
0.00198808	107.11	7.3361e-06	4.22565
0.00200276	105.859	7.3361e-06	3.59235
0.00201743	97.5109	7.3361e-06	3.41902
0.0020321	90.3905	7.3361e-06	3.03629
0.00204677	91.0519	7.3361e-06	5.07001
0.00206144	77.0938	7.3361e-06	2.92057
0.00207612	68.0717	7.3361e-06	2.84117
0.00209079	75.3267	7.3361e-06	8.9586
0.00210546	57.1551	7.3361e-06	2.37036
0.00212013	60.0719	7.3361e-06	2.66605
0.00213481	54.5786	7.3361e-06	2.33307
0.00214948	54.7074	7.3361e-06	2.46698
0.00216415	50.5056	7.3361e-06	2.51818
0.00217882	37.8377	7.3361e-06	1.84895
0.00219349	39.4135	7.3361e-06	2.27668
0.00220817	39.1596	7.3361e-06	2.87003
0.00222284	33.3567	7.3361e-06	1.98589
0.00223751	31.5105	7.3361e-06	1.75183
0.00225218	25.9057	7.3361e-06	1.60254
0.00226686	25.3127	7.3361e-06	1.46774
0.00228153	23.1609	7.3361e-06	1.58627
0.0022962	21.4008	7.3361e-06	1.33894
0.00231087	21.7783	7.3361e-06	1.67961
0.00232554	19.5295	7.3361e-06	1.44815
0.00234022	15.4077	7.3361e-06	1.12619
0.00235489	16.8576	7.3361e-06	1.96583
0.00236956	13.5899	7.3361e-06	1.15448
0.00238423	12.7578	7.3361e-06	1.19238
0.0023989	9.10241	7.3361e-06	0.878413
0.00241358	9.68906	7.3361e-06	1.05245
0.00242825	6.92657	7.3361e-06	0.718869
0.00244292	7.46613	7.3361e-06	0.756716
0.00245759	4.48006	7.3361e-06	0.592532
0.00247227	4.07197	7.3361e-06	0.55214
0.00248694	3.35546	7.3361e-06	0.496018
0.00250161	2.8521	7.3361e-06	0.442557
0.00251628	1.28194	7.3361e-06	0.293361
0.00253095	1.54056	7.3361e-06	0.305909
0.00254563	1.10358	7.3361e-06	0.255983
0.0025603	0.292486	7.3361e-06	0.131461
0.00257497	0.190565	7.3361e-06	0.110042
