7.28593e-06	3.50513	7.28593e-06	0.611062
2.18578e-05	8.68188	7.28593e-06	1.21557
3.64296e-05	9.61267	7.28593e-06	0.888644
5.10015e-05	15.2066	7.28593e-06	1.17342
6.55733e-05	16.4769	7.28593e-06	1.34104
8.01452e-05	24.0272	7.28593e-06	3.22575
9.4717e-05	30.0234	7.28593e-06	1.89321
0.000109289	33.9781	7.28593e-06	1.88281
0.000123861	37.5936	7.28593e-06	2.01013
0.000138433	45.4584	7.28593e-06	2.1217
0.000153004	55.3518	7.28593e-06	2.34801
0.000167576	62.4231	7.28593e-06	2.80702
0.000182148	75.059	7.28593e-06	3.28304
0.00019672	79.463	7.28593e-06	3.00947
0.000211292	91.7748	7.28593e-06	3.2
0.000225864	103.694	7.28593e-06	3.46165
0.000240436	122.452	7.28593e-06	5.49203
0.000255007	130.243	7.28593e-06	3.86199
0.000269579	138.506	7.28593e-06	4.46813
0.000284151	164.949	7.28593e-06	7.09839
0.000298723	173.819	7.28593e-06	5.20505
0.000313295	180.276	7.28593e-06	5.36806
0.000327867	213.478	7.28593e-06	7.81186
0.000342439	246.355	7.28593e-06	15.7542
0.00035701	239.903	7.28593e-06	5.81453
0.000371582	257	7.28593e-06	5.60553
0.000386154	279.333	7.28593e-06	7.07386
0.000400726	290.176	7.28593e-06	6.4836
0.000415298	317.849	7.28593e-06	6.81787
0.00042987	338.14	7.28593e-06	7.46805
0.000444442	347.76	7.28593e-06	6.62826
0.000459013	370.776	7.28593e-06	7.33375
0.000473585	394.685	7.28593e-06	11.629
0.000488157	412.602	7.28593e-06	7.83663
0.000502729	448	7.28593e-06	8.6094
0.000517301	467.916	7.28593e-06	9.66314
0.000531873	495.937	7.28593e-06	11.5263
0.000546444	504.127	7.28593e-06	11.0505
0.000561016	543.164	7.28593e-06	10.2061
0.000575588	538.21	7.28593e-06	8.54074
0.00059016	567.567	7.28593e-06	8.75654
0.000604732	600.409	7.28593e-06	10.4287
0.000619304	609.372	7.28593e-06	9.47917
0.000633876	613.992	7.28593e-06	10.5241
0.000648447	652.789	7.28593e-06	10.6945
0.000663019	692.981	7.28593e-06	18.0544
0.000677591	683.672	7.28593e-06	11.312
0.000692163	697.212	7.28593e-06	9.30359
0.000706735	706.077	7.28593e-06	9.20122
0.000721307	729.25	7.28593e-06	10.9377
0.000735879	749.736	7.28593e-06	10.5096
0.00075045	787.797	7.28593e-06	10.7325
0.000765022	794.326	7.28593e-06	15.1272
0.000779594	797.849	7.28593e-06	10.5828
0.000794166	825.875	7.28593e-06	10.8107
0.000808738	838.68	7.28593e-06	10.456
0.00082331	830.55	7.28593e-06	9.96767
0.000837882	846.101	7.28593e-06	9.87175
0.000852453	859.973	7.28593e-06	9.62591
0.000867025	899.156	7.28593e-06	12.1371
0.000881597	902.87	7.28593e-06	14.0329
0.000896169	892.854	7.28593e-06	11.139
0.000910741	891.316	7.28593e-06	10.3784
0.000925313	905.569	7.28593e-06	10.1509
0.000939884	931.137	7.28593e-06	10.6938
0.000954456	916.543	7.28593e-06	10.7266
0.000969028	921.124	7.28593e-06	11.1546
0.0009836	945.92	7.28593e-06	17.1359
0.000998172	918.897	7.28593e-06	9.54293
0.00101274	950.774	7.28593e-06	12.1327
0.00102732	930.838	7.28593e-06	10.6283
0.00104189	913.032	7.28593e-06	10.0936
0.00105646	923.415	7.28593e-06	10.6512
0.00107103	914.221	7.28593e-06	9.7196
0.0010856	907.014	7.28593e-06	10.2665
0.00110017	911.972	7.28593e-06	10.3968
0.00111475	899.298	7.28593e-06	12.2158
0.00112932	883.589	7.28593e-06	12.765
0.00114389	894.849	7.28593e-06	14.3922
0.00115846	907.266	7.28593e-06	11.4101
0.00117303	849.785	7.28593e-06	9.92445
0.00118761	844.866	7.28593e-06	9.47561
0.00120218	851.949	7.28593e-06	10.1694
0.00121675	818.867	7.28593e-06	9.11119
0.00123132	826.892	7.28593e-06	10.8596
0.00124589	806.18	7.28593e-06	10.5767
0.00126047	788.703	7.28593e-06	9.11395
0.00127504	761.849	7.28593e-06	8.5416
0.00128961	784.261	7.28593e-06	14.2535
0.00130418	785.183	7.28593e-06	19.6439
0.00131875	722.396	7.28593e-06	8.53843
0.00133332	730.877	7.28593e-06	9.4692
0.0013479	711.714	7.28593e-06	9.17749
0.00136247	696.885	7.28593e-06	8.28795
0.00137704	670.744	7.28593e-06	8.54884
0.00139161	643.659	7.28593e-06	8.16161
0.00140618	637.858	7.28593e-06	13.3823
0.00142076	626.12	7.28593e-06	7.78881
0.00143533	603.128	7.28593e-06	9.80535
0.0014499	588.662	7.28593e-06	7.89001
0.00146447	562.728	7.28593e-06	8.23473
0.00147904	553.101	7.28593e-06	7.80331
0.00149361	533.229	7.28593e-06	7.69356
0.00150819	512.943	7.28593e-06	7.21867
0.00152276	501.996	7.28593e-06	6.75805
0.00153733	489.123	7.28593e-06	7.01396
0.0015519	478.731	7.28593e-06	7.25342
0.00156647	453.229	7.28593e-06	7.77923
0.00158105	426.412	7.28593e-06	6.38529
0.00159562	419.917	7.28593e-06	6.4962
0.00161019	415.249	7.28593e-06	11.2428
0.00162476	388.614	7.28593e-06	6.84574
0.00163933	361.88	7.28593e-06	5.89566
0.00165391	357.622	7.28593e-06	5.9525
0.00166848	337.93	7.28593e-06	5.72612
0.00168305	321.893	7.28593e-06	5.74291
0.00169762	311.379	7.28593e-06	5.18183
0.00171219	298.193	7.28593e-06	5.70991
0.00172676	276.172	7.28593e-06	5.18866
0.00174134	284.157	7.28593e-06	5.7376
0.00175591	256.569	7.28593e-06	5.14173
0.00177048	255.28	7.28593e-06	6.16695
0.00178505	234.309	7.28593e-06	4.90363
0.00179962	224.155	7.28593e-06	5.32689
0.0018142	208.112	7.28593e-06	4.37136
0.00182877	194.011	7.28593e-06	4.27464
0.00184334	192.166	7.28593e-06	4.19359
0.00185791	176.002	7.28593e-06	3.86341
0.00187248	175.49	7.28593e-06	4.44385
0.00188705	161.888	7.28593e-06	3.84921
0.00190163	152.435	7.28593e-06	3.67418
0.0019162	143.941	7.28593e-06	3.72426
0.00193077	136.21	7.28593e-06	3.61596
0.00194534	135.96	7.28593e-06	3.43004
0.00195991	119.156	7.28593e-06	3.43176
0.00197449	115.537	7.28593e-06	3.23642
0.00198906	102.557	7.28593e-06	2.94412
0.00200363	97.1915	7.28593e-06	2.90372
0.0020182	92.5842	7.28593e-06	2.96383
0.00203277	90.4313	7.28593e-06	3.55429
0.00204735	84.7372	7.28593e-06	3.18229
0.00206192	76.1222	7.28593e-06	2.47001
0.00207649	71.3464	7.28593e-06	2.40043
0.00209106	68.1172	7.28593e-06	2.37724
0.00210563	58.2431	7.28593e-06	2.28601
0.0021202	57.535	7.28593e-06	2.21965
0.00213478	55.0044	7.28593e-06	2.18921
0.00214935	44.7471	7.28593e-06	1.92329
0.00216392	47.0016	7.28593e-06	1.99907
0.00217849	44.1698	7.28593e-06	2.06018
0.00219306	36.8025	7.28593e-06	1.58797
0.00220764	34.6215	7.28593e-06	1.64535
0.00222221	33.9941	7.28593e-06	1.64458
0.00223678	28.0698	7.28593e-06	1.36753
0.00225135	26.4575	7.28593e-06	1.61292
0.00226592	24.4897	7.28593e-06	1.52142
0.00228049	22.0239	7.28593e-06	1.49357
0.00229507	23.5471	7.28593e-06	2.66548
0.00230964	18.5743	7.28593e-06	1.17427
0.00232421	16.8895	7.28593e-06	1.09082
0.00233878	14.5812	7.28593e-06	1.02367
0.00235335	11.4197	7.28593e-06	0.837502
0.00236793	12.3967	7.28593e-06	0.9149
0.0023825	9.36281	7.28593e-06	0.762861
0.00239707	9.83081	7.28593e-06	1.0249
0.00241164	8.28351	7.28593e-06	0.732312
0.00242621	8.04785	7.28593e-06	0.698565
0.00244079	4.7665	7.28593e-06	0.575234
0.00245536	4.96131	7.28593e-06	0.519092
0.00246993	3.86984	7.28593e-06	0.460252
0.0024845	3.91908	7.28593e-06	0.475983
0.00249907	3.15974	7.28593e-06	0.456951
0.00251364	1.44072	7.28593e-06	0.273943
0.00252822	1.31191	7.28593e-06	0.258489
0.00254279	1.43705	7.28593e-06	0.268005
0.00255736	0.80823	7.28593e-06	0.202688
0.00257193	0.455129	7.28593e-06	0.152018
