0	1126.8	7.38656e-06	4.10303
1.47731e-05	1126.8	7.38656e-06	4.10303
2.95463e-05	1126.13	7.38656e-06	4.07571
4.43194e-05	1124.83	7.38656e-06	4.03703
5.90925e-05	1123.39	7.38656e-06	4.0127
7.38656e-05	1121.49	7.38656e-06	3.98401
8.86388e-05	1119.03	7.38656e-06	3.95034
0.000103412	1116.35	7.38656e-06	3.92287
0.000118185	1113.25	7.38656e-06	3.8958
0.000132958	1109.77	7.38656e-06	3.86667
0.000147731	1106.03	7.38656e-06	3.83966
0.000162504	1101.75	7.38656e-06	3.81273
0.000177278	1094.46	7.38656e-06	3.43039
0.000192051	1089.13	7.38656e-06	3.39534
0.000206824	1083.86	7.38656e-06	3.36695
0.000221597	1077.76	7.38656e-06	3.33331
0.00023637	1071.56	7.38656e-06	3.30285
0.000251143	1064.65	7.38656e-06	3.26627
0.000265916	1057.38	7.38656e-06	3.22336
0.000280689	1049.53	7.38656e-06	3.18168
0.000295463	1041.85	7.38656e-06	3.14888
0.000310236	1032.93	7.38656e-06	3.03962
0.000325009	1024.49	7.38656e-06	3.00337
0.000339782	1016.37	7.38656e-06	2.97512
0.000354555	1007.22	7.38656e-06	2.94107
0.000369328	997.583	7.38656e-06	2.90559
0.000384101	987.798	7.38656e-06	2.87212
0.000398874	977.847	7.38656e-06	2.83971
0.000413648	967.221	7.38656e-06	2.80271
0.000428421	956.285	7.38656e-06	2.76295
0.000443194	945.112	7.38656e-06	2.72452
0.000457967	933.866	7.38656e-06	2.68842
0.00047274	922.279	7.38656e-06	2.65505
0.000487513	910.48	7.38656e-06	2.62122
0.000502286	898.692	7.38656e-06	2.58896
0.000517059	886.268	7.38656e-06	2.55151
0.000531833	873.716	7.38656e-06	2.51478
0.000546606	860.338	7.38656e-06	2.47116
0.000561379	847.56	7.38656e-06	2.43901
0.000576152	834.129	7.38656e-06	2.40189
0.000590925	821.071	7.38656e-06	2.37026
0.000605698	807.378	7.38656e-06	2.33312
0.000620471	793.824	7.38656e-06	2.29807
0.000635244	780.007	7.38656e-06	2.26512
0.000650018	765.986	7.38656e-06	2.23233
0.000664791	750.979	7.38656e-06	2.1695
0.000679564	736.43	7.38656e-06	2.12785
0.000694337	722.13	7.38656e-06	2.09428
0.00070911	707.396	7.38656e-06	2.05925
0.000723883	692.963	7.38656e-06	2.02648
0.000738656	678.732	7.38656e-06	1.99501
0.000753429	663.984	7.38656e-06	1.95962
0.000768203	649.297	7.38656e-06	1.92782
0.000782976	634.578	7.38656e-06	1.89658
0.000797749	620.19	7.38656e-06	1.86782
0.000812522	605.37	7.38656e-06	1.83428
0.000827295	590.753	7.38656e-06	1.80284
0.000842068	576.322	7.38656e-06	1.7728
0.000856841	561.842	7.38656e-06	1.73552
0.000871614	547.68	7.38656e-06	1.70793
0.000886388	533.033	7.38656e-06	1.67533
0.000901161	518.656	7.38656e-06	1.62874
0.000915934	504.184	7.38656e-06	1.59872
0.000930707	490.173	7.38656e-06	1.57073
0.00094548	476.22	7.38656e-06	1.54306
0.000960253	462.661	7.38656e-06	1.51691
0.000975026	448.774	7.38656e-06	1.48205
0.000989799	435.036	7.38656e-06	1.44995
0.00100457	421.149	7.38656e-06	1.39748
0.00101935	407.31	7.38656e-06	1.28835
0.00103412	394.378	7.38656e-06	1.26379
0.00104889	381.617	7.38656e-06	1.23471
0.00106367	368.818	7.38656e-06	1.19723
0.00107844	356.441	7.38656e-06	1.17439
0.00109321	344.236	7.38656e-06	1.15193
0.00110798	332.46	7.38656e-06	1.12997
0.00112276	320.201	7.38656e-06	1.10127
0.00113753	308.665	7.38656e-06	1.07456
0.0011523	297.213	7.38656e-06	1.03991
0.00116708	286.288	7.38656e-06	1.02009
0.00118185	275.122	7.38656e-06	0.995519
0.00119662	264.585	7.38656e-06	0.976514
0.0012114	254.293	7.38656e-06	0.956142
0.00122617	244.167	7.38656e-06	0.935135
0.00124094	234.347	7.38656e-06	0.916948
0.00125572	224.39	7.38656e-06	0.872444
0.00127049	215.218	7.38656e-06	0.857175
0.00128526	206.102	7.38656e-06	0.840329
0.00130004	197.139	7.38656e-06	0.814464
0.00131481	188.462	7.38656e-06	0.794201
0.00132958	180.307	7.38656e-06	0.779902
0.00134435	172.145	7.38656e-06	0.763152
0.00135913	164.232	7.38656e-06	0.745794
0.0013739	156.858	7.38656e-06	0.733631
0.00138867	149.579	7.38656e-06	0.719578
0.00140345	142.503	7.38656e-06	0.707216
0.00141822	135.518	7.38656e-06	0.69289
0.00143299	128.953	7.38656e-06	0.679333
0.00144777	122.427	7.38656e-06	0.662645
0.00146254	116.193	7.38656e-06	0.65147
0.00147731	110.047	7.38656e-06	0.635493
0.00149209	104.059	7.38656e-06	0.547172
0.00150686	98.4071	7.38656e-06	0.519737
0.00152163	93.233	7.38656e-06	0.507593
0.00153641	88.2902	7.38656e-06	0.497697
0.00155118	83.1795	7.38656e-06	0.425857
0.00156595	78.4573	7.38656e-06	0.408557
0.00158072	74.1271	7.38656e-06	0.395808
0.0015955	69.9241	7.38656e-06	0.378238
0.00161027	65.8252	7.38656e-06	0.36441
0.00162504	62.1519	7.38656e-06	0.356396
0.00163982	58.5796	7.38656e-06	0.348149
0.00165459	55.2248	7.38656e-06	0.340628
0.00166936	51.9354	7.38656e-06	0.332297
0.00168414	48.8663	7.38656e-06	0.322513
0.00169891	45.7936	7.38656e-06	0.308978
0.00171368	42.9254	7.38656e-06	0.299202
0.00172846	40.2248	7.38656e-06	0.290481
0.00174323	37.7526	7.38656e-06	0.283478
0.001758	35.3016	7.38656e-06	0.276257
0.00177278	32.9819	7.38656e-06	0.267957
0.00178755	30.8211	7.38656e-06	0.259695
0.00180232	28.6747	7.38656e-06	0.249514
0.00181709	26.7925	7.38656e-06	0.243223
0.00183187	24.9245	7.38656e-06	0.23759
0.00184664	23.2003	7.38656e-06	0.232693
0.00186141	21.514	7.38656e-06	0.226186
0.00187619	19.8923	7.38656e-06	0.215158
0.00189096	18.477	7.38656e-06	0.21026
0.00190573	16.9815	7.38656e-06	0.195465
0.00192051	15.6391	7.38656e-06	0.18459
0.00193528	14.4288	7.38656e-06	0.179644
0.00195005	13.2808	7.38656e-06	0.168797
0.00196483	12.2435	7.38656e-06	0.156445
0.0019796	11.348	7.38656e-06	0.153228
0.00199437	10.4352	7.38656e-06	0.146031
0.00200915	9.62088	7.38656e-06	0.142887
0.00202392	8.88012	7.38656e-06	0.140444
0.00203869	8.17876	7.38656e-06	0.137331
0.00205346	7.46649	7.38656e-06	0.131137
0.00206824	6.72015	7.38656e-06	0.122319
0.00208301	6.04682	7.38656e-06	0.106445
0.00209778	5.42359	7.38656e-06	0.0811479
0.00211256	4.92318	7.38656e-06	0.0783166
0.00212733	4.45731	7.38656e-06	0.0740785
0.0021421	4.02709	7.38656e-06	0.0709264
0.00215688	3.63905	7.38656e-06	0.0673546
0.00217165	3.26932	7.38656e-06	0.0644225
0.00218642	2.94585	7.38656e-06	0.0614957
0.0022012	2.61831	7.38656e-06	0.0582231
0.00221597	2.32774	7.38656e-06	0.0523171
0.00223074	2.05434	7.38656e-06	0.0476374
0.00224552	1.8244	7.38656e-06	0.0440412
0.00226029	1.59715	7.38656e-06	0.0404841
0.00227506	1.41408	7.38656e-06	0.0382435
0.00228983	1.25683	7.38656e-06	0.0365001
0.00230461	1.08888	7.38656e-06	0.0338066
0.00231938	0.949417	7.38656e-06	0.0310714
0.00233415	0.816531	7.38656e-06	0.0292525
0.00234893	0.707176	7.38656e-06	0.0273613
0.0023637	0.598672	7.38656e-06	0.0250395
0.00237847	0.480983	7.38656e-06	0.0215633
0.00239325	0.395344	7.38656e-06	0.0194547
0.00240802	0.313652	7.38656e-06	0.0172231
0.00242279	0.247779	7.38656e-06	0.0155298
0.00243757	0.204413	7.38656e-06	0.0145427
0.00245234	0.162248	7.38656e-06	0.0131417
0.00246711	0.120888	7.38656e-06	0.0100298
0.00248189	0.0820917	7.38656e-06	0.00820454
0.00249666	0.0577536	7.38656e-06	0.00677652
0.00251143	0.0379401	7.38656e-06	0.00503706
0.0025262	0.0231965	7.38656e-06	0.00365412
0.00254098	0.0121622	7.38656e-06	0.00264751
0.00255575	0.00315943	7.38656e-06	0.00135223
0.00257052	0.000903786	7.38656e-06	0.0006462
