0	1131.18	7.38781e-06	5.67704
1.47756e-05	1131.08	7.38781e-06	5.67303
2.95512e-05	1130.76	7.38781e-06	5.6671
4.43269e-05	1129.52	7.38781e-06	5.64004
5.91025e-05	1127.85	7.38781e-06	5.61363
7.38781e-05	1125.79	7.38781e-06	5.58655
8.86537e-05	1123.24	7.38781e-06	5.55956
0.000103429	1114.91	7.38781e-06	3.66436
0.000118205	1112.29	7.38781e-06	3.64162
0.000132981	1107.93	7.38781e-06	3.55445
0.000147756	1104.51	7.38781e-06	3.53087
0.000162532	1100.07	7.38781e-06	3.49601
0.000177307	1095.12	7.38781e-06	3.45756
0.000192083	1090.01	7.38781e-06	3.42339
0.000206859	1083.86	7.38781e-06	3.37276
0.000221634	1077.81	7.38781e-06	3.33414
0.00023641	1071.46	7.38781e-06	3.30153
0.000251186	1065.27	7.38781e-06	3.27137
0.000265961	1058.57	7.38781e-06	3.23728
0.000280737	1050.04	7.38781e-06	3.08802
0.000295512	1042.12	7.38781e-06	3.05079
0.000310288	1033.53	7.38781e-06	3.00307
0.000325064	1025.03	7.38781e-06	2.96558
0.000339839	1015.9	7.38781e-06	2.92811
0.000354615	1006.3	7.38781e-06	2.87358
0.000369391	996.846	7.38781e-06	2.83613
0.000384166	987.201	7.38781e-06	2.7995
0.000398942	976.829	7.38781e-06	2.75176
0.000413717	966.198	7.38781e-06	2.71373
0.000428493	955.659	7.38781e-06	2.67776
0.000443269	944.871	7.38781e-06	2.64448
0.000458044	932.958	7.38781e-06	2.59533
0.00047282	922.121	7.38781e-06	2.56337
0.000487595	910.613	7.38781e-06	2.52827
0.000502371	898.26	7.38781e-06	2.48752
0.000517147	885.44	7.38781e-06	2.41633
0.000531922	872.828	7.38781e-06	2.37875
0.000546698	860.036	7.38781e-06	2.33986
0.000561474	847.078	7.38781e-06	2.30157
0.000576249	833.563	7.38781e-06	2.2585
0.000591025	820.039	7.38781e-06	2.2188
0.0006058	806.321	7.38781e-06	2.18098
0.000620576	792.79	7.38781e-06	2.14304
0.000635352	778.707	7.38781e-06	2.10352
0.000650127	764.726	7.38781e-06	2.06678
0.000664903	750.114	7.38781e-06	2.00512
0.000679679	736.114	7.38781e-06	1.96846
0.000694454	721.8	7.38781e-06	1.93158
0.00070923	707.453	7.38781e-06	1.89408
0.000724005	692.68	7.38781e-06	1.85373
0.000738781	678.469	7.38781e-06	1.82126
0.000753557	664.062	7.38781e-06	1.78044
0.000768332	649.362	7.38781e-06	1.74604
0.000783108	634.406	7.38781e-06	1.69672
0.000797884	619.945	7.38781e-06	1.66223
0.000812659	605.209	7.38781e-06	1.62308
0.000827435	590.905	7.38781e-06	1.59247
0.00084221	576.027	7.38781e-06	1.55734
0.000856986	561.485	7.38781e-06	1.5221
0.000871762	547.027	7.38781e-06	1.44182
0.000886537	533.138	7.38781e-06	1.41215
0.000901313	518.555	7.38781e-06	1.37811
0.000916089	504.169	7.38781e-06	1.3459
0.000930864	490.131	7.38781e-06	1.31439
0.00094564	475.807	7.38781e-06	1.2764
0.000960415	461.982	7.38781e-06	1.24098
0.000975191	447.88	7.38781e-06	1.16201
0.000989967	434.382	7.38781e-06	1.13365
0.00100474	420.714	7.38781e-06	1.10209
0.00101952	407.196	7.38781e-06	1.06851
0.00103429	393.475	7.38781e-06	1.01565
0.00104907	380.746	7.38781e-06	0.988335
0.00106384	368.229	7.38781e-06	0.960007
0.00107862	355.806	7.38781e-06	0.930305
0.0010934	343.738	7.38781e-06	0.901962
0.00110817	331.745	7.38781e-06	0.876007
0.00112295	319.981	7.38781e-06	0.851359
0.00113772	308.478	7.38781e-06	0.827583
0.0011525	297.209	7.38781e-06	0.80445
0.00116727	286.024	7.38781e-06	0.78137
0.00118205	275.258	7.38781e-06	0.759996
0.00119683	264.831	7.38781e-06	0.73955
0.0012116	254.382	7.38781e-06	0.716063
0.00122638	244.381	7.38781e-06	0.696006
0.00124115	234.319	7.38781e-06	0.674707
0.00125593	224.854	7.38781e-06	0.656639
0.0012707	215.344	7.38781e-06	0.632515
0.00128548	206.004	7.38781e-06	0.607901
0.00130025	197.126	7.38781e-06	0.589097
0.00131503	188.521	7.38781e-06	0.57221
0.00132981	180.219	7.38781e-06	0.554979
0.00134458	172.191	7.38781e-06	0.538739
0.00135936	164.329	7.38781e-06	0.522835
0.00137413	156.581	7.38781e-06	0.494391
0.00138891	149.169	7.38781e-06	0.479108
0.00140368	142.036	7.38781e-06	0.464004
0.00141846	135.122	7.38781e-06	0.445327
0.00143324	128.38	7.38781e-06	0.428619
0.00144801	121.923	7.38781e-06	0.412421
0.00146279	115.68	7.38781e-06	0.40032
0.00147756	109.876	7.38781e-06	0.388114
0.00149234	104.158	7.38781e-06	0.371323
0.00150711	98.5792	7.38781e-06	0.348713
0.00152189	93.3142	7.38781e-06	0.336819
0.00153666	88.3231	7.38781e-06	0.325815
0.00155144	83.4818	7.38781e-06	0.315879
0.00156622	78.7811	7.38781e-06	0.303191
0.00158099	74.348	7.38781e-06	0.290677
0.00159577	70.107	7.38781e-06	0.281576
0.00161054	66.0828	7.38781e-06	0.272956
0.00162532	62.318	7.38781e-06	0.265155
0.00164009	58.6374	7.38781e-06	0.256537
0.00165487	55.1493	7.38781e-06	0.249534
0.00166965	51.7229	7.38781e-06	0.239714
0.00168442	48.3968	7.38781e-06	0.232161
0.0016992	45.34	7.38781e-06	0.225074
0.00171397	42.5104	7.38781e-06	0.219313
0.00172875	39.8196	7.38781e-06	0.21384
0.00174352	37.1837	7.38781e-06	0.208418
0.0017583	34.5533	7.38781e-06	0.153564
0.00177307	32.2844	7.38781e-06	0.147326
0.00178785	30.1475	7.38781e-06	0.14112
0.00180263	28.1399	7.38781e-06	0.134148
0.0018174	26.2357	7.38781e-06	0.12821
0.00183218	24.4048	7.38781e-06	0.122075
0.00184695	22.6884	7.38781e-06	0.116986
0.00186173	21.1265	7.38781e-06	0.112368
0.0018765	19.5787	7.38781e-06	0.107427
0.00189128	18.1256	7.38781e-06	0.102847
0.00190606	16.7811	7.38781e-06	0.0974908
0.00192083	15.5067	7.38781e-06	0.0923303
0.00193561	14.3258	7.38781e-06	0.0879218
0.00195038	13.2154	7.38781e-06	0.0838518
0.00196516	12.1451	7.38781e-06	0.0783185
0.00197993	11.1818	7.38781e-06	0.0747177
0.00199471	10.2775	7.38781e-06	0.071036
0.00200948	9.41099	7.38781e-06	0.0673124
0.00202426	8.58383	7.38781e-06	0.0633118
0.00203904	7.85611	7.38781e-06	0.0601374
0.00205381	7.16768	7.38781e-06	0.0566855
0.00206859	6.54674	7.38781e-06	0.0535525
0.00208336	5.98358	7.38781e-06	0.0508045
0.00209814	5.41784	7.38781e-06	0.0479513
0.00211291	4.92633	7.38781e-06	0.045557
0.00212769	4.43661	7.38781e-06	0.0429034
0.00214247	4.00662	7.38781e-06	0.0404754
0.00215724	3.60934	7.38781e-06	0.0380434
0.00217202	3.23752	7.38781e-06	0.035645
0.00218679	2.91343	7.38781e-06	0.0336384
0.00220157	2.59752	7.38781e-06	0.0315751
0.00221634	2.3021	7.38781e-06	0.029521
0.00223112	2.03574	7.38781e-06	0.0275233
0.00224589	1.81155	7.38781e-06	0.0257867
0.00226067	1.59191	7.38781e-06	0.0240194
0.00227545	1.40407	7.38781e-06	0.022439
0.00229022	1.23056	7.38781e-06	0.0208746
0.002305	1.07876	7.38781e-06	0.0194747
0.00231977	0.936491	7.38781e-06	0.0180521
0.00233455	0.801469	7.38781e-06	0.0165589
0.00234932	0.688541	7.38781e-06	0.0152308
0.0023641	0.588288	7.38781e-06	0.0140119
0.00237888	0.491616	7.38781e-06	0.0127142
0.00239365	0.411164	7.38781e-06	0.0115573
0.00240843	0.337548	7.38781e-06	0.0104251
0.0024232	0.272526	7.38781e-06	0.00935879
0.00243798	0.219613	7.38781e-06	0.00836528
0.00245275	0.170695	7.38781e-06	0.00731586
0.00246753	0.132885	7.38781e-06	0.00642983
0.0024823	0.0956619	7.38781e-06	0.00542762
0.00249708	0.0706329	7.38781e-06	0.00463263
0.00251186	0.0438105	7.38781e-06	0.0035964
0.00252663	0.0272289	7.38781e-06	0.00283663
0.00254141	0.0136648	7.38781e-06	0.00200162
0.00255618	0.00533191	7.38781e-06	0.00122546
0.00257096	0.00165476	7.38781e-06	0.000675863
