0	1125.26	7.3772e-06	4.0936
1.47544e-05	1124.87	7.3772e-06	4.0121
2.95088e-05	1124.37	7.3772e-06	3.99571
4.42632e-05	1123.9	7.3772e-06	3.9903
5.90176e-05	1121.86	7.3772e-06	3.93462
7.3772e-05	1120.35	7.3772e-06	3.91684
8.85264e-05	1118.3	7.3772e-06	3.89472
0.000103281	1115.93	7.3772e-06	3.8738
0.000118035	1113.02	7.3772e-06	3.84922
0.00013279	1109.6	7.3772e-06	3.82139
0.000147544	1105.03	7.3772e-06	3.75696
0.000162298	1100.2	7.3772e-06	3.71287
0.000177053	1095.57	7.3772e-06	3.68601
0.000191807	1090.11	7.3772e-06	3.64483
0.000206562	1084.58	7.3772e-06	3.6157
0.000221316	1078.82	7.3772e-06	3.58808
0.00023607	1072.52	7.3772e-06	3.55851
0.000250825	1065.54	7.3772e-06	3.52455
0.000265579	1058.32	7.3772e-06	3.49069
0.000280333	1050.62	7.3772e-06	3.45524
0.000295088	1042.68	7.3772e-06	3.41849
0.000309842	1034.68	7.3772e-06	3.37055
0.000324597	1025.78	7.3772e-06	3.32815
0.000339351	1017.02	7.3772e-06	3.29839
0.000354105	1008.12	7.3772e-06	3.27051
0.00036886	998.484	7.3772e-06	3.23434
0.000383614	988.933	7.3772e-06	3.20627
0.000398369	978.124	7.3772e-06	3.0944
0.000413123	967.216	7.3772e-06	3.0243
0.000427877	955.898	7.3772e-06	2.932
0.000442632	944.458	7.3772e-06	2.89214
0.000457386	933.503	7.3772e-06	2.85997
0.000472141	921.963	7.3772e-06	2.82439
0.000486895	910.321	7.3772e-06	2.7926
0.000501649	898.338	7.3772e-06	2.7539
0.000516404	886.212	7.3772e-06	2.72262
0.000531158	873.602	7.3772e-06	2.68585
0.000545913	860.716	7.3772e-06	2.65049
0.000560667	847.702	7.3772e-06	2.61835
0.000575421	834.189	7.3772e-06	2.57964
0.000590176	820.502	7.3772e-06	2.53574
0.00060493	807.342	7.3772e-06	2.50554
0.000619685	793.925	7.3772e-06	2.47501
0.000634439	780.296	7.3772e-06	2.44333
0.000649193	766.202	7.3772e-06	2.41068
0.000663948	752.157	7.3772e-06	2.37796
0.000678702	737.197	7.3772e-06	2.33504
0.000693457	722.849	7.3772e-06	2.30452
0.000708211	708.039	7.3772e-06	2.26516
0.000722965	693.67	7.3772e-06	2.23543
0.00073772	679.373	7.3772e-06	2.20822
0.000752474	664.851	7.3772e-06	2.17187
0.000767229	649.929	7.3772e-06	2.13688
0.000781983	635.389	7.3772e-06	2.10848
0.000796737	620.833	7.3772e-06	2.08072
0.000811492	605.955	7.3772e-06	2.05126
0.000826246	591.893	7.3772e-06	2.02729
0.000841	576.601	7.3772e-06	1.93608
0.000855755	562.344	7.3772e-06	1.90867
0.000870509	547.95	7.3772e-06	1.88009
0.000885264	533.635	7.3772e-06	1.85336
0.000900018	519.124	7.3772e-06	1.81582
0.000914772	505.051	7.3772e-06	1.78916
0.000929527	491.337	7.3772e-06	1.76602
0.000944281	477.46	7.3772e-06	1.74079
0.000959036	463.696	7.3772e-06	1.71145
0.00097379	449.914	7.3772e-06	1.68806
0.000988544	436.556	7.3772e-06	1.66766
0.0010033	422.758	7.3772e-06	1.62262
0.00101805	409.495	7.3772e-06	1.58757
0.00103281	396.285	7.3772e-06	1.56032
0.00104756	383.837	7.3772e-06	1.54303
0.00106232	371.452	7.3772e-06	1.52468
0.00107707	359.211	7.3772e-06	1.50664
0.00109183	347.038	7.3772e-06	1.48745
0.00110658	335.074	7.3772e-06	1.46818
0.00112133	323.3	7.3772e-06	1.44868
0.00113609	311.69	7.3772e-06	1.43209
0.00115084	300.279	7.3772e-06	1.40318
0.0011656	288.965	7.3772e-06	1.38644
0.00118035	278.004	7.3772e-06	1.36565
0.00119511	267.254	7.3772e-06	1.35013
0.00120986	256.301	7.3772e-06	1.32576
0.00122461	245.699	7.3772e-06	1.2795
0.00123937	236.036	7.3772e-06	1.26683
0.00125412	225.813	7.3772e-06	1.22314
0.00126888	216.545	7.3772e-06	1.21041
0.00128363	207.209	7.3772e-06	1.19722
0.00129839	198.216	7.3772e-06	1.18239
0.00131314	189.536	7.3772e-06	1.17121
0.0013279	181.415	7.3772e-06	1.16131
0.00134265	173.427	7.3772e-06	1.15254
0.0013574	165.514	7.3772e-06	1.14107
0.00137216	157.541	7.3772e-06	1.11629
0.00138691	150.265	7.3772e-06	1.10689
0.00140167	143.008	7.3772e-06	1.09027
0.00141642	136.335	7.3772e-06	1.08312
0.00143118	129.836	7.3772e-06	1.07603
0.00144593	123.228	7.3772e-06	1.06559
0.00146069	117.032	7.3772e-06	1.05843
0.00147544	110.321	7.3772e-06	0.899864
0.00149019	104.678	7.3772e-06	0.892833
0.00150495	99.0685	7.3772e-06	0.88051
0.0015197	93.8984	7.3772e-06	0.874008
0.00153446	89.0283	7.3772e-06	0.868964
0.00154921	84.2229	7.3772e-06	0.863634
0.00156397	79.5555	7.3772e-06	0.858179
0.00157872	75.1877	7.3772e-06	0.853599
0.00159347	70.648	7.3772e-06	0.837119
0.00160823	66.4682	7.3772e-06	0.826078
0.00162298	62.4324	7.3772e-06	0.819924
0.00163774	58.7077	7.3772e-06	0.814766
0.00165249	55.3295	7.3772e-06	0.811432
0.00166725	52.0553	7.3772e-06	0.808027
0.001682	48.9295	7.3772e-06	0.804615
0.00169676	46.0774	7.3772e-06	0.801408
0.00171151	43.1937	7.3772e-06	0.798586
0.00172626	40.5737	7.3772e-06	0.796368
0.00174102	37.9949	7.3772e-06	0.793473
0.00175577	35.6693	7.3772e-06	0.7917
0.00177053	33.3517	7.3772e-06	0.789452
0.00178528	31.2053	7.3772e-06	0.787759
0.00180004	29.1593	7.3772e-06	0.785924
0.00181479	26.4063	7.3772e-06	0.222983
0.00182954	24.641	7.3772e-06	0.217956
0.0018443	22.9042	7.3772e-06	0.211747
0.00185905	21.262	7.3772e-06	0.205709
0.00187381	19.7257	7.3772e-06	0.198212
0.00188856	18.3175	7.3772e-06	0.193194
0.00190332	17.0519	7.3772e-06	0.18917
0.00191807	15.7468	7.3772e-06	0.18281
0.00193283	14.5638	7.3772e-06	0.178995
0.00194758	13.4553	7.3772e-06	0.175281
0.00196233	12.4239	7.3772e-06	0.172209
0.00197709	11.4479	7.3772e-06	0.168423
0.00199184	10.5271	7.3772e-06	0.16513
0.0020066	9.66733	7.3772e-06	0.16223
0.00202135	8.83779	7.3772e-06	0.158201
0.00203611	8.13281	7.3772e-06	0.15498
0.00205086	7.31925	7.3772e-06	0.144499
0.00206562	6.63963	7.3772e-06	0.140718
0.00208037	6.05312	7.3772e-06	0.138027
0.00209512	5.54155	7.3772e-06	0.136393
0.00210988	5.01016	7.3772e-06	0.132508
0.00212463	4.45544	7.3772e-06	0.0877709
0.00213939	4.05983	7.3772e-06	0.0850844
0.00215414	3.63122	7.3772e-06	0.0814282
0.0021689	3.2305	7.3772e-06	0.0764927
0.00218365	2.89779	7.3772e-06	0.0740105
0.0021984	2.61476	7.3772e-06	0.0720911
0.00221316	2.32919	7.3772e-06	0.0680227
0.00222791	2.04213	7.3772e-06	0.0596193
0.00224267	1.82563	7.3772e-06	0.0582805
0.00225742	1.5733	7.3772e-06	0.0392955
0.00227218	1.37602	7.3772e-06	0.0370942
0.00228693	1.20184	7.3772e-06	0.034924
0.00230169	1.01314	7.3772e-06	0.0313641
0.00231644	0.888738	7.3772e-06	0.029133
0.00233119	0.764971	7.3772e-06	0.0275081
0.00234595	0.650872	7.3772e-06	0.0252558
0.0023607	0.550186	7.3772e-06	0.0232663
0.00237546	0.460531	7.3772e-06	0.0210301
0.00239021	0.377978	7.3772e-06	0.0191541
0.00240497	0.318071	7.3772e-06	0.0181079
0.00241972	0.245188	7.3772e-06	0.0130874
0.00243448	0.195188	7.3772e-06	0.0118246
0.00244923	0.15918	7.3772e-06	0.0109518
0.00246398	0.128048	7.3772e-06	0.00995438
0.00247874	0.0926481	7.3772e-06	0.00770329
0.00249349	0.0621139	7.3772e-06	0.00626351
0.00250825	0.0463365	7.3772e-06	0.00561608
0.002523	0.0268629	7.3772e-06	0.00402379
0.00253776	0.0121126	7.3772e-06	0.00242868
0.00255251	0.00461708	7.3772e-06	0.00141361
0.00256726	0.00055677	7.3772e-06	0.000556779
