0	1121.44	7.35881e-06	3.75005
1.47176e-05	1121.44	7.35881e-06	3.75005
2.94353e-05	1120.85	7.35881e-06	3.72374
4.41529e-05	1119.84	7.35881e-06	3.695
5.88705e-05	1118.27	7.35881e-06	3.65767
7.35881e-05	1116.86	7.35881e-06	3.63407
8.83058e-05	1114.68	7.35881e-06	3.60558
0.000103023	1112.6	7.35881e-06	3.58472
0.000117741	1109.64	7.35881e-06	3.55211
0.000132459	1105.8	7.35881e-06	3.51047
0.000147176	1102.68	7.35881e-06	3.49
0.000161894	1098.34	7.35881e-06	3.45339
0.000176612	1093.55	7.35881e-06	3.42012
0.000191329	1088.43	7.35881e-06	3.38553
0.000206047	1083.12	7.35881e-06	3.35308
0.000220764	1077.09	7.35881e-06	3.31394
0.000235482	1070.73	7.35881e-06	3.27578
0.0002502	1064.17	7.35881e-06	3.24194
0.000264917	1057.3	7.35881e-06	3.21006
0.000279635	1050.13	7.35881e-06	3.17848
0.000294353	1042.89	7.35881e-06	3.14778
0.00030907	1034.69	7.35881e-06	3.09961
0.000323788	1026.14	7.35881e-06	3.06374
0.000338505	1017.41	7.35881e-06	3.02724
0.000353223	1008.58	7.35881e-06	2.99148
0.000367941	999.017	7.35881e-06	2.95542
0.000382658	989.83	7.35881e-06	2.92107
0.000397376	979.549	7.35881e-06	2.88317
0.000412094	969.17	7.35881e-06	2.8492
0.000426811	958.38	7.35881e-06	2.8122
0.000441529	947.371	7.35881e-06	2.77818
0.000456246	935.835	7.35881e-06	2.73866
0.000470964	924.578	7.35881e-06	2.70569
0.000485682	912.952	7.35881e-06	2.67189
0.000500399	900.956	7.35881e-06	2.63697
0.000515117	889.08	7.35881e-06	2.60346
0.000529835	876.936	7.35881e-06	2.57059
0.000544552	863.166	7.35881e-06	2.48992
0.00055927	850.491	7.35881e-06	2.4564
0.000573987	837.339	7.35881e-06	2.41267
0.000588705	824.29	7.35881e-06	2.37905
0.000603423	810.514	7.35881e-06	2.32064
0.00061814	796.659	7.35881e-06	2.28094
0.000632858	782.557	7.35881e-06	2.2368
0.000647576	768.885	7.35881e-06	2.20151
0.000662293	754.982	7.35881e-06	2.17039
0.000677011	740.839	7.35881e-06	2.13781
0.000691728	726.681	7.35881e-06	2.10536
0.000706446	712.192	7.35881e-06	2.07039
0.000721164	697.038	7.35881e-06	2.01698
0.000735881	682.375	7.35881e-06	1.97875
0.000750599	667.758	7.35881e-06	1.94689
0.000765317	653.088	7.35881e-06	1.91424
0.000780034	638.642	7.35881e-06	1.88363
0.000794752	623.964	7.35881e-06	1.85074
0.000809469	609.326	7.35881e-06	1.81938
0.000824187	594.556	7.35881e-06	1.77493
0.000838905	579.944	7.35881e-06	1.74125
0.000853622	565.562	7.35881e-06	1.71486
0.00086834	551.06	7.35881e-06	1.68611
0.000883058	536.372	7.35881e-06	1.6523
0.000897775	522.327	7.35881e-06	1.62698
0.000912493	507.752	7.35881e-06	1.58462
0.00092721	493.367	7.35881e-06	1.55663
0.000941928	479.476	7.35881e-06	1.53294
0.000956646	465.942	7.35881e-06	1.51069
0.000971363	452.229	7.35881e-06	1.48655
0.000986081	438.77	7.35881e-06	1.46492
0.0010008	425.645	7.35881e-06	1.4441
0.00101552	412.335	7.35881e-06	1.42256
0.00103023	399.592	7.35881e-06	1.40332
0.00104495	386.574	7.35881e-06	1.36883
0.00105967	373.757	7.35881e-06	1.3472
0.00107439	360.818	7.35881e-06	1.25974
0.0010891	348.191	7.35881e-06	1.23259
0.00110382	336.498	7.35881e-06	1.21556
0.00111854	324.67	7.35881e-06	1.19738
0.00113326	313.264	7.35881e-06	1.18106
0.00114797	301.907	7.35881e-06	1.16376
0.00116269	290.777	7.35881e-06	1.14872
0.00117741	279.881	7.35881e-06	1.13372
0.00119213	269.202	7.35881e-06	1.11882
0.00120685	258.748	7.35881e-06	1.10204
0.00122156	248.648	7.35881e-06	1.08958
0.00123628	238.762	7.35881e-06	1.07722
0.001251	228.893	7.35881e-06	1.06265
0.00126572	219.445	7.35881e-06	1.05091
0.00128043	210.099	7.35881e-06	1.03987
0.00129515	201.037	7.35881e-06	1.02894
0.00130987	192.496	7.35881e-06	1.01874
0.00132459	183.926	7.35881e-06	1.00731
0.0013393	175.723	7.35881e-06	0.995561
0.00135402	167.848	7.35881e-06	0.987532
0.00136874	160.284	7.35881e-06	0.979346
0.00138346	152.673	7.35881e-06	0.96253
0.00139817	145.495	7.35881e-06	0.955957
0.00141289	138.55	7.35881e-06	0.949179
0.00142761	132.005	7.35881e-06	0.943588
0.00144233	124.137	7.35881e-06	0.381797
0.00145704	117.853	7.35881e-06	0.368761
0.00147176	111.8	7.35881e-06	0.352722
0.00148648	106.028	7.35881e-06	0.340558
0.0015012	100.447	7.35881e-06	0.327431
0.00151592	95.1841	7.35881e-06	0.316213
0.00153063	90.1097	7.35881e-06	0.305171
0.00154535	85.2815	7.35881e-06	0.295388
0.00156007	80.5297	7.35881e-06	0.282866
0.00157479	76.0685	7.35881e-06	0.272234
0.0015895	71.8602	7.35881e-06	0.263709
0.00160422	67.7991	7.35881e-06	0.254643
0.00161894	63.8635	7.35881e-06	0.246285
0.00163366	60.0725	7.35881e-06	0.237061
0.00164837	56.4802	7.35881e-06	0.228943
0.00166309	53.0753	7.35881e-06	0.219251
0.00167781	49.7496	7.35881e-06	0.20901
0.00169253	46.5631	7.35881e-06	0.20169
0.00170724	43.6004	7.35881e-06	0.181022
0.00172196	40.8584	7.35881e-06	0.174333
0.00173668	38.1929	7.35881e-06	0.164125
0.0017514	35.6765	7.35881e-06	0.154035
0.00176612	33.3384	7.35881e-06	0.147688
0.00178083	31.1344	7.35881e-06	0.14149
0.00179555	28.9941	7.35881e-06	0.131696
0.00181027	26.9928	7.35881e-06	0.125484
0.00182499	25.0921	7.35881e-06	0.119226
0.0018397	23.3845	7.35881e-06	0.114261
0.00185442	21.7628	7.35881e-06	0.109367
0.00186914	20.1977	7.35881e-06	0.103487
0.00188386	18.6781	7.35881e-06	0.0984737
0.00189857	17.3532	7.35881e-06	0.0941541
0.00191329	15.9801	7.35881e-06	0.0888096
0.00192801	14.7519	7.35881e-06	0.0847385
0.00194273	13.628	7.35881e-06	0.0807655
0.00195744	12.5792	7.35881e-06	0.0771453
0.00197216	11.5842	7.35881e-06	0.0734883
0.00198688	10.6582	7.35881e-06	0.0700464
0.0020016	9.79996	7.35881e-06	0.0668113
0.00201631	8.99509	7.35881e-06	0.0632895
0.00203103	8.22639	7.35881e-06	0.0600115
0.00204575	7.51333	7.35881e-06	0.0569208
0.00206047	6.84928	7.35881e-06	0.0538851
0.00207519	6.25539	7.35881e-06	0.0511962
0.0020899	5.69415	7.35881e-06	0.0484765
0.00210462	5.14915	7.35881e-06	0.0456867
0.00211934	4.68501	7.35881e-06	0.0432023
0.00213406	4.2299	7.35881e-06	0.0407756
0.00214877	3.81532	7.35881e-06	0.0384967
0.00216349	3.42992	7.35881e-06	0.0361981
0.00217821	3.08428	7.35881e-06	0.0341162
0.00219293	2.77974	7.35881e-06	0.0321563
0.00220764	2.48134	7.35881e-06	0.0301991
0.00222236	2.20488	7.35881e-06	0.0283354
0.00223708	1.96646	7.35881e-06	0.026629
0.0022518	1.73676	7.35881e-06	0.0248813
0.00226651	1.53889	7.35881e-06	0.0233174
0.00228123	1.35918	7.35881e-06	0.0217833
0.00229595	1.17422	7.35881e-06	0.0200818
0.00231067	1.0147	7.35881e-06	0.0185907
0.00232538	0.872435	7.35881e-06	0.0171393
0.0023401	0.759493	7.35881e-06	0.0159025
0.00235482	0.648029	7.35881e-06	0.0146105
0.00236954	0.551494	7.35881e-06	0.0134137
0.00238426	0.460193	7.35881e-06	0.0121973
0.00239897	0.378751	7.35881e-06	0.0110231
0.00241369	0.306484	7.35881e-06	0.00986837
0.00242841	0.252409	7.35881e-06	0.00891291
0.00244313	0.201173	7.35881e-06	0.00790736
0.00245784	0.148967	7.35881e-06	0.0067452
0.00247256	0.114691	7.35881e-06	0.00587954
0.00248728	0.0844314	7.35881e-06	0.00502833
0.002502	0.0579358	7.35881e-06	0.00413358
0.00251671	0.0402711	7.35881e-06	0.00342764
0.00253143	0.023318	7.35881e-06	0.00259746
0.00254615	0.0136549	7.35881e-06	0.00197501
0.00256087	0.00624443	7.35881e-06	0.00133393
0.00257558	0.000551075	7.35881e-06	0.000389754
