0	1121.61	7.35597e-06	3.79046
1.47119e-05	1121.41	7.35597e-06	3.76464
2.94239e-05	1120.75	7.35597e-06	3.73353
4.41358e-05	1119.59	7.35597e-06	3.69946
5.88477e-05	1118.49	7.35597e-06	3.68377
7.35597e-05	1116.75	7.35597e-06	3.65922
8.82716e-05	1115.09	7.35597e-06	3.6442
0.000102984	1112.39	7.35597e-06	3.61451
0.000117695	1109.33	7.35597e-06	3.58576
0.000132407	1105.89	7.35597e-06	3.5546
0.000147119	1102.33	7.35597e-06	3.52877
0.000161831	1097.82	7.35597e-06	3.49596
0.000176543	1092.59	7.35597e-06	3.45879
0.000191255	1087.51	7.35597e-06	3.42897
0.000205967	1082.55	7.35597e-06	3.40399
0.000220679	1076.51	7.35597e-06	3.36838
0.000235391	1070.18	7.35597e-06	3.3353
0.000250103	1064.1	7.35597e-06	3.31
0.000264815	1056.85	7.35597e-06	3.27654
0.000279527	1049.47	7.35597e-06	3.2447
0.000294239	1042.59	7.35597e-06	3.22062
0.000308951	1034.48	7.35597e-06	3.1888
0.000323663	1025.66	7.35597e-06	3.1522
0.000338374	1016.91	7.35597e-06	3.12104
0.000353086	1007.98	7.35597e-06	3.09113
0.000367798	998.805	7.35597e-06	3.06102
0.00038251	989.511	7.35597e-06	3.03326
0.000397222	978.676	7.35597e-06	2.96961
0.000411934	968.549	7.35597e-06	2.94023
0.000426646	957.99	7.35597e-06	2.90757
0.000441358	947.076	7.35597e-06	2.8772
0.00045607	936.07	7.35597e-06	2.84675
0.000470782	924.522	7.35597e-06	2.8119
0.000485494	912.677	7.35597e-06	2.77749
0.000500206	900.511	7.35597e-06	2.73817
0.000514918	888.28	7.35597e-06	2.70595
0.00052963	875.82	7.35597e-06	2.66822
0.000544342	863.45	7.35597e-06	2.63722
0.000559053	850.485	7.35597e-06	2.6044
0.000573765	837.746	7.35597e-06	2.57464
0.000588477	824.763	7.35597e-06	2.54495
0.000603189	812.029	7.35597e-06	2.51829
0.000617901	798.512	7.35597e-06	2.48736
0.000632613	784.353	7.35597e-06	2.39677
0.000647325	770.528	7.35597e-06	2.36303
0.000662037	756.942	7.35597e-06	2.3339
0.000676749	742.352	7.35597e-06	2.29876
0.000691461	728.054	7.35597e-06	2.25733
0.000706173	713.945	7.35597e-06	2.22897
0.000720885	699.037	7.35597e-06	2.18216
0.000735597	684.528	7.35597e-06	2.14935
0.000750309	669.419	7.35597e-06	2.10922
0.000765021	654.205	7.35597e-06	2.02355
0.000779733	640.005	7.35597e-06	1.9968
0.000794444	624.965	7.35597e-06	1.94771
0.000809156	610.228	7.35597e-06	1.91849
0.000823868	595.542	7.35597e-06	1.88769
0.00083858	580.749	7.35597e-06	1.85527
0.000853292	566.205	7.35597e-06	1.82711
0.000868004	551.759	7.35597e-06	1.79863
0.000882716	537.396	7.35597e-06	1.76777
0.000897428	522.905	7.35597e-06	1.73136
0.00091214	508.47	7.35597e-06	1.70009
0.000926852	494.618	7.35597e-06	1.67586
0.000941564	481.216	7.35597e-06	1.65414
0.000956276	467.069	7.35597e-06	1.62139
0.000970988	453.479	7.35597e-06	1.59407
0.0009857	439.849	7.35597e-06	1.56571
0.00100041	426.273	7.35597e-06	1.53792
0.00101512	412.795	7.35597e-06	1.50452
0.00102984	399.94	7.35597e-06	1.48403
0.00104455	386.745	7.35597e-06	1.45247
0.00105926	374.316	7.35597e-06	1.43177
0.00107397	361.862	7.35597e-06	1.4105
0.00108868	349.595	7.35597e-06	1.38925
0.0011034	337.519	7.35597e-06	1.36782
0.00111811	325.969	7.35597e-06	1.35069
0.00113282	313.265	7.35597e-06	1.16038
0.00114753	301.435	7.35597e-06	1.08609
0.00116224	290.42	7.35597e-06	1.06232
0.00117695	279.456	7.35597e-06	1.03568
0.00119167	268.654	7.35597e-06	1.01173
0.00120638	258.239	7.35597e-06	0.991878
0.00122109	248.336	7.35597e-06	0.97374
0.0012358	238.099	7.35597e-06	0.948409
0.00125051	227.679	7.35597e-06	0.857701
0.00126523	218.41	7.35597e-06	0.841389
0.00127994	209.303	7.35597e-06	0.823428
0.00129465	200.34	7.35597e-06	0.799674
0.00130936	191.758	7.35597e-06	0.782593
0.00132407	183.208	7.35597e-06	0.763373
0.00133879	174.393	7.35597e-06	0.70076
0.0013535	166.873	7.35597e-06	0.687177
0.00136821	159.314	7.35597e-06	0.671522
0.00138292	151.977	7.35597e-06	0.655353
0.00139763	144.646	7.35597e-06	0.630447
0.00141235	137.714	7.35597e-06	0.608607
0.00142706	130.91	7.35597e-06	0.583811
0.00144177	124.349	7.35597e-06	0.5641
0.00145648	118.047	7.35597e-06	0.549186
0.00147119	111.911	7.35597e-06	0.525886
0.00148591	106.039	7.35597e-06	0.508855
0.00150062	100.64	7.35597e-06	0.496864
0.00151533	95.3838	7.35597e-06	0.483676
0.00153004	90.4124	7.35597e-06	0.472742
0.00154475	85.4476	7.35597e-06	0.451536
0.00155947	80.6373	7.35597e-06	0.435728
0.00157418	76.195	7.35597e-06	0.422367
0.00158889	71.9543	7.35597e-06	0.410038
0.0016036	67.8304	7.35597e-06	0.399714
0.00161831	63.88	7.35597e-06	0.388278
0.00163302	60.2778	7.35597e-06	0.380609
0.00164774	56.7305	7.35597e-06	0.371371
0.00166245	53.3549	7.35597e-06	0.363503
0.00167716	50.1193	7.35597e-06	0.353736
0.00169187	47.142	7.35597e-06	0.344445
0.00170658	44.3357	7.35597e-06	0.336879
0.0017213	41.5066	7.35597e-06	0.328913
0.00173601	38.9895	7.35597e-06	0.322501
0.00175072	36.373	7.35597e-06	0.312458
0.00176543	33.9051	7.35597e-06	0.294906
0.00178014	31.6012	7.35597e-06	0.286444
0.00179486	29.5314	7.35597e-06	0.279729
0.00180957	27.4751	7.35597e-06	0.271942
0.00182428	25.612	7.35597e-06	0.266839
0.00183899	23.7704	7.35597e-06	0.258853
0.0018537	22.0445	7.35597e-06	0.236747
0.00186842	20.4263	7.35597e-06	0.229456
0.00188313	18.8943	7.35597e-06	0.221744
0.00189784	17.6063	7.35597e-06	0.21649
0.00191255	16.2277	7.35597e-06	0.20959
0.00192726	15.027	7.35597e-06	0.205139
0.00194198	13.9106	7.35597e-06	0.201447
0.00195669	12.8357	7.35597e-06	0.1977
0.0019714	11.7595	7.35597e-06	0.189511
0.00198611	10.7733	7.35597e-06	0.18421
0.00200082	9.77687	7.35597e-06	0.156907
0.00201553	9.02999	7.35597e-06	0.154438
0.00203025	8.31723	7.35597e-06	0.15131
0.00204496	7.58553	7.35597e-06	0.14441
0.00205967	6.90196	7.35597e-06	0.136321
0.00207438	6.26169	7.35597e-06	0.104339
0.00208909	5.63478	7.35597e-06	0.0941441
0.00210381	5.07694	7.35597e-06	0.0885361
0.00211852	4.59062	7.35597e-06	0.0837068
0.00213323	4.14694	7.35597e-06	0.0805379
0.00214794	3.7708	7.35597e-06	0.0783045
0.00216265	3.38281	7.35597e-06	0.0752866
0.00217737	3.04261	7.35597e-06	0.0717885
0.00219208	2.66006	7.35597e-06	0.0601979
0.00220679	2.39146	7.35597e-06	0.0582173
0.0022215	2.15018	7.35597e-06	0.0531923
0.00223621	1.89809	7.35597e-06	0.0481643
0.00225093	1.68486	7.35597e-06	0.0456366
0.00226564	1.49159	7.35597e-06	0.0426119
0.00228035	1.32962	7.35597e-06	0.0409475
0.00229506	1.16952	7.35597e-06	0.0388725
0.00230977	1.01134	7.35597e-06	0.0362656
0.00232449	0.869559	7.35597e-06	0.030825
0.0023392	0.747185	7.35597e-06	0.0284763
0.00235391	0.647375	7.35597e-06	0.0263399
0.00236862	0.558866	7.35597e-06	0.0245499
0.00238333	0.481196	7.35597e-06	0.0228158
0.00239805	0.39968	7.35597e-06	0.020529
0.00241276	0.315835	7.35597e-06	0.01843
0.00242747	0.259798	7.35597e-06	0.0171093
0.00244218	0.215554	7.35597e-06	0.015977
0.00245689	0.157197	7.35597e-06	0.0127484
0.0024716	0.120806	7.35597e-06	0.0109129
0.00248632	0.0871306	7.35597e-06	0.0096606
0.00250103	0.0584334	7.35597e-06	0.00764424
0.00251574	0.0397401	7.35597e-06	0.00648609
0.00253045	0.0273243	7.35597e-06	0.00572787
0.00254516	0.0141422	7.35597e-06	0.00373858
0.00255988	0.00419403	7.35597e-06	0.00160138
