0	1126.05	7.37977e-06	4.01878
1.47595e-05	1125.96	7.37977e-06	4.01312
2.95191e-05	1125.17	7.37977e-06	3.97331
4.42786e-05	1123.52	7.37977e-06	3.89738
5.90381e-05	1122	7.37977e-06	3.86567
7.37977e-05	1120.27	7.37977e-06	3.84066
8.85572e-05	1118.21	7.37977e-06	3.81479
0.000103317	1114.98	7.37977e-06	3.76553
0.000118076	1112.11	7.37977e-06	3.73866
0.000132836	1108.44	7.37977e-06	3.69368
0.000147595	1104.7	7.37977e-06	3.66576
0.000162355	1100.29	7.37977e-06	3.62719
0.000177114	1095.8	7.37977e-06	3.59737
0.000191874	1089.82	7.37977e-06	3.3852
0.000206633	1084.04	7.37977e-06	3.33526
0.000221393	1078.2	7.37977e-06	3.29969
0.000236153	1071.7	7.37977e-06	3.26226
0.000250912	1065.34	7.37977e-06	3.23105
0.000265672	1057.49	7.37977e-06	3.18545
0.000280431	1050.53	7.37977e-06	3.15453
0.000295191	1042.57	7.37977e-06	3.11595
0.00030995	1034.29	7.37977e-06	3.07046
0.00032471	1025.88	7.37977e-06	3.03166
0.000339469	1017.01	7.37977e-06	2.99307
0.000354229	1008.01	7.37977e-06	2.95702
0.000368988	998.747	7.37977e-06	2.91725
0.000383748	988.902	7.37977e-06	2.88156
0.000398507	978.962	7.37977e-06	2.84694
0.000413267	968.39	7.37977e-06	2.80855
0.000428026	957.951	7.37977e-06	2.77397
0.000442786	946.655	7.37977e-06	2.73024
0.000457546	935.651	7.37977e-06	2.69581
0.000472305	923.901	7.37977e-06	2.65542
0.000487065	910.481	7.37977e-06	2.37129
0.000501824	898.558	7.37977e-06	2.3334
0.000516584	886.101	7.37977e-06	2.29184
0.000531343	873.765	7.37977e-06	2.25406
0.000546103	861.143	7.37977e-06	2.2121
0.000560862	848.025	7.37977e-06	2.17103
0.000575622	834.949	7.37977e-06	2.13213
0.000590381	821.601	7.37977e-06	2.09199
0.000605141	807.867	7.37977e-06	2.05209
0.0006199	794.179	7.37977e-06	2.00749
0.00063466	780.411	7.37977e-06	1.96748
0.000649419	766.061	7.37977e-06	1.92391
0.000664179	752.08	7.37977e-06	1.88267
0.000678938	737.369	7.37977e-06	1.83505
0.000693698	723.287	7.37977e-06	1.7966
0.000708458	708.552	7.37977e-06	1.75608
0.000723217	693.861	7.37977e-06	1.71266
0.000737977	678.848	7.37977e-06	1.66002
0.000752736	664.047	7.37977e-06	1.61969
0.000767496	649.292	7.37977e-06	1.58119
0.000782255	634.908	7.37977e-06	1.54599
0.000797015	620.345	7.37977e-06	1.50987
0.000811774	605.621	7.37977e-06	1.47035
0.000826534	591.207	7.37977e-06	1.43765
0.000841293	576.598	7.37977e-06	1.40303
0.000856053	561.694	7.37977e-06	1.36293
0.000870812	547.572	7.37977e-06	1.33068
0.000885572	533.286	7.37977e-06	1.29878
0.000900331	519.055	7.37977e-06	1.26612
0.000915091	504.905	7.37977e-06	1.23356
0.000929851	490.844	7.37977e-06	1.20106
0.00094461	476.873	7.37977e-06	1.16963
0.00095937	463.12	7.37977e-06	1.13982
0.000974129	449.27	7.37977e-06	1.10859
0.000988889	435.603	7.37977e-06	1.07852
0.00100365	422.217	7.37977e-06	1.04832
0.00101841	408.896	7.37977e-06	1.01808
0.00103317	395.887	7.37977e-06	0.982843
0.00104793	383.125	7.37977e-06	0.957227
0.00106269	370.372	7.37977e-06	0.917734
0.00107745	357.936	7.37977e-06	0.889645
0.00109221	345.621	7.37977e-06	0.863326
0.00110696	333.609	7.37977e-06	0.838829
0.00112172	321.619	7.37977e-06	0.810778
0.00113648	309.819	7.37977e-06	0.784847
0.00115124	298.393	7.37977e-06	0.760966
0.001166	287.067	7.37977e-06	0.738242
0.00118076	276.1	7.37977e-06	0.712048
0.00119552	265.543	7.37977e-06	0.690987
0.00121028	254.89	7.37977e-06	0.667302
0.00122504	244.882	7.37977e-06	0.646831
0.0012398	234.812	7.37977e-06	0.601349
0.00125456	225.347	7.37977e-06	0.582854
0.00126932	215.91	7.37977e-06	0.563243
0.00128408	206.714	7.37977e-06	0.542807
0.00129884	197.964	7.37977e-06	0.525676
0.0013136	189.381	7.37977e-06	0.508902
0.00132836	180.947	7.37977e-06	0.492055
0.00134312	172.809	7.37977e-06	0.475711
0.00135788	165.132	7.37977e-06	0.459872
0.00137264	157.497	7.37977e-06	0.442602
0.0013874	150.139	7.37977e-06	0.427367
0.00140216	143.04	7.37977e-06	0.412717
0.00141692	136.068	7.37977e-06	0.398331
0.00143167	129.441	7.37977e-06	0.384918
0.00144643	123.029	7.37977e-06	0.372379
0.00146119	116.856	7.37977e-06	0.360345
0.00147595	110.869	7.37977e-06	0.348619
0.00149071	105.222	7.37977e-06	0.337252
0.00150547	99.6751	7.37977e-06	0.326724
0.00152023	94.2839	7.37977e-06	0.314048
0.00153499	89.1508	7.37977e-06	0.30432
0.00154975	84.3703	7.37977e-06	0.295256
0.00156451	79.6803	7.37977e-06	0.286214
0.00157927	75.228	7.37977e-06	0.277892
0.00159403	70.9559	7.37977e-06	0.269436
0.00160879	66.8319	7.37977e-06	0.261771
0.00162355	62.6608	7.37977e-06	0.205251
0.00163831	58.9575	7.37977e-06	0.196722
0.00165307	55.4353	7.37977e-06	0.188076
0.00166783	52.0991	7.37977e-06	0.180463
0.00168259	48.9195	7.37977e-06	0.173035
0.00169735	45.8132	7.37977e-06	0.16567
0.00171211	42.9659	7.37977e-06	0.158159
0.00172687	40.1911	7.37977e-06	0.151089
0.00174162	37.6361	7.37977e-06	0.144676
0.00175638	35.1894	7.37977e-06	0.138495
0.00177114	32.8722	7.37977e-06	0.13236
0.0017859	30.6538	7.37977e-06	0.126536
0.00180066	28.6045	7.37977e-06	0.121095
0.00181542	26.5975	7.37977e-06	0.115678
0.00183018	24.7472	7.37977e-06	0.11043
0.00184494	23.0193	7.37977e-06	0.10557
0.0018597	21.3231	7.37977e-06	0.100653
0.00187446	19.8107	7.37977e-06	0.096242
0.00188922	18.355	7.37977e-06	0.0918369
0.00190398	16.9993	7.37977e-06	0.0877016
0.00191874	15.706	7.37977e-06	0.0836442
0.0019335	14.4813	7.37977e-06	0.0796644
0.00194826	13.3912	7.37977e-06	0.07607
0.00196302	12.3626	7.37977e-06	0.0725674
0.00197778	11.3992	7.37977e-06	0.0692021
0.00199254	10.4673	7.37977e-06	0.0658375
0.0020073	9.55409	7.37977e-06	0.0624045
0.00202206	8.7405	7.37977e-06	0.0592883
0.00203682	7.96676	7.37977e-06	0.0561825
0.00205157	7.27099	7.37977e-06	0.0533362
0.00206633	6.63313	7.37977e-06	0.0506297
0.00208109	6.0362	7.37977e-06	0.0479857
0.00209585	5.48994	7.37977e-06	0.0454824
0.00211061	4.99977	7.37977e-06	0.0431681
0.00212537	4.53683	7.37977e-06	0.0408973
0.00214013	4.08021	7.37977e-06	0.03854
0.00215489	3.67542	7.37977e-06	0.0363447
0.00216965	3.30529	7.37977e-06	0.0342739
0.00218441	2.96834	7.37977e-06	0.0323219
0.00219917	2.64812	7.37977e-06	0.0303762
0.00221393	2.35242	7.37977e-06	0.0284813
0.00222869	2.07831	7.37977e-06	0.0266279
0.00224345	1.83533	7.37977e-06	0.0248978
0.00225821	1.62577	7.37977e-06	0.0233194
0.00227297	1.43145	7.37977e-06	0.0217827
0.00228773	1.26493	7.37977e-06	0.0204005
0.00230249	1.10761	7.37977e-06	0.0190071
0.00231725	0.958265	7.37977e-06	0.017616
0.00233201	0.821929	7.37977e-06	0.0161608
0.00234677	0.704289	7.37977e-06	0.0148888
0.00236153	0.593839	7.37977e-06	0.0136081
0.00237628	0.490144	7.37977e-06	0.0122906
0.00239104	0.412791	7.37977e-06	0.0112285
0.0024058	0.333753	7.37977e-06	0.0100525
0.00242056	0.269424	7.37977e-06	0.00898548
0.00243532	0.216151	7.37977e-06	0.00801066
0.00245008	0.163957	7.37977e-06	0.00693479
0.00246484	0.122302	7.37977e-06	0.00595964
0.0024796	0.0914783	7.37977e-06	0.00513135
0.00249436	0.0687012	7.37977e-06	0.00443286
0.00250912	0.0448482	7.37977e-06	0.00356097
0.00252388	0.0256629	7.37977e-06	0.00267772
0.00253864	0.0147021	7.37977e-06	0.00202086
0.0025534	0.00521211	7.37977e-06	0.00119612
0.00256816	0.00108527	7.37977e-06	0.00054268
