0	1121.8	7.36116e-06	3.75025
1.47223e-05	1121.54	7.36116e-06	3.70843
2.94446e-05	1120.89	7.36116e-06	3.67498
4.4167e-05	1119.33	7.36116e-06	3.6144
5.88893e-05	1118.04	7.36116e-06	3.59102
7.36116e-05	1116.3	7.36116e-06	3.56341
8.83339e-05	1114.36	7.36116e-06	3.54151
0.000103056	1111.77	7.36116e-06	3.51314
0.000117779	1108.29	7.36116e-06	3.46967
0.000132501	1104.85	7.36116e-06	3.43565
0.000147223	1101.13	7.36116e-06	3.40585
0.000161946	1096.82	7.36116e-06	3.367
0.000176668	1091.59	7.36116e-06	3.31883
0.00019139	1086.76	7.36116e-06	3.28951
0.000206112	1081.74	7.36116e-06	3.2608
0.000220835	1075.82	7.36116e-06	3.2226
0.000235557	1069.62	7.36116e-06	3.18938
0.000250279	1063.27	7.36116e-06	3.15689
0.000265002	1056.74	7.36116e-06	3.1272
0.000279724	1049.95	7.36116e-06	3.09814
0.000294446	1042.28	7.36116e-06	3.06411
0.000309169	1034.13	7.36116e-06	3.02758
0.000323891	1025.77	7.36116e-06	2.9939
0.000338613	1017.45	7.36116e-06	2.96186
0.000353336	1009.02	7.36116e-06	2.93306
0.000368058	999.94	7.36116e-06	2.90207
0.00038278	990.165	7.36116e-06	2.86773
0.000397503	980.367	7.36116e-06	2.83558
0.000412225	970.149	7.36116e-06	2.79875
0.000426947	958.954	7.36116e-06	2.74113
0.00044167	948.082	7.36116e-06	2.70606
0.000456392	936.811	7.36116e-06	2.66742
0.000471114	925.147	7.36116e-06	2.63137
0.000485837	913.229	7.36116e-06	2.5959
0.000500559	901.433	7.36116e-06	2.56304
0.000515281	889.247	7.36116e-06	2.52805
0.000530003	876.111	7.36116e-06	2.48209
0.000544726	863.211	7.36116e-06	2.43809
0.000559448	850.162	7.36116e-06	2.40264
0.00057417	837.127	7.36116e-06	2.36732
0.000588893	824.09	7.36116e-06	2.33524
0.000603615	809.976	7.36116e-06	2.2667
0.000618337	796.312	7.36116e-06	2.21845
0.00063306	781.903	7.36116e-06	2.15077
0.000647782	768.429	7.36116e-06	2.11871
0.000662504	754.151	7.36116e-06	2.08034
0.000677227	740.338	7.36116e-06	2.04834
0.000691949	726.013	7.36116e-06	2.01352
0.000706671	711.338	7.36116e-06	1.97291
0.000721394	697.197	7.36116e-06	1.94043
0.000736116	682.873	7.36116e-06	1.90519
0.000750838	668.472	7.36116e-06	1.87194
0.000765561	654.072	7.36116e-06	1.84031
0.000780283	638.764	7.36116e-06	1.78816
0.000795005	624.209	7.36116e-06	1.75416
0.000809728	609.633	7.36116e-06	1.72052
0.00082445	594.733	7.36116e-06	1.67363
0.000839172	580.341	7.36116e-06	1.64315
0.000853894	565.943	7.36116e-06	1.61056
0.000868617	551.734	7.36116e-06	1.578
0.000883339	537.245	7.36116e-06	1.54158
0.000898061	523.216	7.36116e-06	1.51317
0.000912784	509.06	7.36116e-06	1.48458
0.000927506	494.817	7.36116e-06	1.45336
0.000942228	480.259	7.36116e-06	1.39327
0.000956951	466.622	7.36116e-06	1.36133
0.000971673	453.058	7.36116e-06	1.32937
0.000986395	439.603	7.36116e-06	1.30342
0.00100112	425.751	7.36116e-06	1.24393
0.00101584	412.443	7.36116e-06	1.21204
0.00103056	399.124	7.36116e-06	1.18059
0.00104528	386.22	7.36116e-06	1.15042
0.00106001	373.718	7.36116e-06	1.11979
0.00107473	360.803	7.36116e-06	1.08362
0.00108945	348.054	7.36116e-06	1.04799
0.00110417	335.948	7.36116e-06	1.00777
0.0011189	323.82	7.36116e-06	0.981497
0.00113362	312.387	7.36116e-06	0.960209
0.00114834	301.284	7.36116e-06	0.940784
0.00116306	290.191	7.36116e-06	0.918043
0.00117779	279.222	7.36116e-06	0.892685
0.00119251	268.342	7.36116e-06	0.866546
0.00120723	257.717	7.36116e-06	0.810831
0.00122195	247.542	7.36116e-06	0.788624
0.00123667	237.713	7.36116e-06	0.769006
0.0012514	228.163	7.36116e-06	0.750429
0.00126612	218.723	7.36116e-06	0.732266
0.00128084	209.647	7.36116e-06	0.71471
0.00129556	200.333	7.36116e-06	0.687875
0.00131029	191.389	7.36116e-06	0.658383
0.00132501	182.982	7.36116e-06	0.641065
0.00133973	174.679	7.36116e-06	0.617635
0.00135445	166.884	7.36116e-06	0.602811
0.00136918	159.124	7.36116e-06	0.581528
0.0013839	151.729	7.36116e-06	0.56774
0.00139862	144.516	7.36116e-06	0.55348
0.00141334	137.869	7.36116e-06	0.541549
0.00142806	131.229	7.36116e-06	0.522209
0.00144279	124.693	7.36116e-06	0.506435
0.00145751	118.249	7.36116e-06	0.480631
0.00147223	111.988	7.36116e-06	0.452017
0.00148695	106.142	7.36116e-06	0.436067
0.00150168	100.588	7.36116e-06	0.424528
0.0015164	95.2247	7.36116e-06	0.412124
0.00153112	89.7192	7.36116e-06	0.367285
0.00154584	84.884	7.36116e-06	0.354371
0.00156057	80.186	7.36116e-06	0.343802
0.00157529	75.665	7.36116e-06	0.331168
0.00159001	71.3525	7.36116e-06	0.321188
0.00160473	67.2935	7.36116e-06	0.307724
0.00161946	63.3653	7.36116e-06	0.298642
0.00163418	59.6224	7.36116e-06	0.286396
0.0016489	56.2019	7.36116e-06	0.279146
0.00166362	52.7982	7.36116e-06	0.26877
0.00167834	49.6776	7.36116e-06	0.260584
0.00169307	46.6521	7.36116e-06	0.254051
0.00170779	43.7623	7.36116e-06	0.247213
0.00172251	41.07	7.36116e-06	0.241074
0.00173723	38.4471	7.36116e-06	0.235088
0.00175196	35.9658	7.36116e-06	0.227432
0.00176668	33.6232	7.36116e-06	0.22145
0.0017814	31.3805	7.36116e-06	0.215894
0.00179612	29.2253	7.36116e-06	0.208485
0.00181085	27.2402	7.36116e-06	0.204151
0.00182557	25.3866	7.36116e-06	0.199828
0.00184029	23.5564	7.36116e-06	0.192776
0.00185501	21.879	7.36116e-06	0.188038
0.00186973	20.3499	7.36116e-06	0.183024
0.00188446	18.8682	7.36116e-06	0.178947
0.00189918	17.4659	7.36116e-06	0.174513
0.0019139	16.2272	7.36116e-06	0.171689
0.00192862	15.1001	7.36116e-06	0.169093
0.00194335	13.9824	7.36116e-06	0.165
0.00195807	12.8646	7.36116e-06	0.157234
0.00197279	11.8964	7.36116e-06	0.154567
0.00198751	10.8853	7.36116e-06	0.148955
0.00200224	10.0314	7.36116e-06	0.146005
0.00201696	9.03102	7.36116e-06	0.0813
0.00203168	8.26538	7.36116e-06	0.0771208
0.0020464	7.57645	7.36116e-06	0.0737859
0.00206112	6.95175	7.36116e-06	0.070604
0.00207585	6.36794	7.36116e-06	0.0679439
0.00209057	5.77014	7.36116e-06	0.0627606
0.00210529	5.23173	7.36116e-06	0.0593441
0.00212001	4.73809	7.36116e-06	0.0560696
0.00213474	4.26821	7.36116e-06	0.0529042
0.00214946	3.83857	7.36116e-06	0.049779
0.00216418	3.47504	7.36116e-06	0.047708
0.0021789	3.13503	7.36116e-06	0.045371
0.00219363	2.82011	7.36116e-06	0.0417039
0.00220835	2.51458	7.36116e-06	0.0392875
0.00222307	2.26031	7.36116e-06	0.0371591
0.00223779	2.00693	7.36116e-06	0.0348235
0.00225251	1.75826	7.36116e-06	0.0316163
0.00226724	1.54644	7.36116e-06	0.0298223
0.00228196	1.36461	7.36116e-06	0.0272841
0.00229668	1.19312	7.36116e-06	0.0235332
0.0023114	1.03729	7.36116e-06	0.0218125
0.00232613	0.900515	7.36116e-06	0.019782
0.00234085	0.773496	7.36116e-06	0.0178422
0.00235557	0.658623	7.36116e-06	0.0164353
0.00237029	0.563013	7.36116e-06	0.0150252
0.00238502	0.463404	7.36116e-06	0.0135566
0.00239974	0.378385	7.36116e-06	0.0120157
0.00241446	0.308635	7.36116e-06	0.0107494
0.00242918	0.250181	7.36116e-06	0.00967183
0.0024439	0.198579	7.36116e-06	0.0085001
0.00245863	0.155788	7.36116e-06	0.00744073
0.00247335	0.116938	7.36116e-06	0.00638303
0.00248807	0.0814847	7.36116e-06	0.00526117
0.00250279	0.0553628	7.36116e-06	0.00428374
0.00251752	0.0353732	7.36116e-06	0.00344511
0.00253224	0.0208077	7.36116e-06	0.00262636
0.00254696	0.010013	7.36116e-06	0.00180641
0.00256168	0.00387344	7.36116e-06	0.00112151
0.00257641	0.000600385	7.36116e-06	0.000424617
