0	1123.08	7.3577e-06	3.86644
1.47154e-05	1122.85	7.3577e-06	3.83514
2.94308e-05	1122.43	7.3577e-06	3.82278
4.41462e-05	1121.38	7.3577e-06	3.79628
5.88616e-05	1119.92	7.3577e-06	3.76192
7.3577e-05	1117.89	7.3577e-06	3.72628
8.82924e-05	1115.71	7.3577e-06	3.69622
0.000103008	1113.03	7.3577e-06	3.66838
0.000117723	1110.26	7.3577e-06	3.64549
0.000132439	1106.11	7.3577e-06	3.58641
0.000147154	1101.4	7.3577e-06	3.50983
0.000161869	1096.85	7.3577e-06	3.47087
0.000176585	1092.66	7.3577e-06	3.44687
0.0001913	1087.93	7.3577e-06	3.42142
0.000206016	1082.93	7.3577e-06	3.39635
0.000220731	1077.43	7.3577e-06	3.36813
0.000235446	1071.51	7.3577e-06	3.34019
0.000250162	1065	7.3577e-06	3.3102
0.000264877	1058.24	7.3577e-06	3.27816
0.000279592	1051.35	7.3577e-06	3.25074
0.000294308	1043.87	7.3577e-06	3.21997
0.000309023	1035.63	7.3577e-06	3.17683
0.000323739	1027.3	7.3577e-06	3.14557
0.000338454	1018.67	7.3577e-06	3.11501
0.000353169	1009.63	7.3577e-06	3.08395
0.000367885	1000.22	7.3577e-06	3.04985
0.0003826	990.581	7.3577e-06	3.01751
0.000397316	980.293	7.3577e-06	2.97312
0.000412031	969.645	7.3577e-06	2.92643
0.000426746	959.159	7.3577e-06	2.89131
0.000441462	948.188	7.3577e-06	2.85837
0.000456177	935.818	7.3577e-06	2.79209
0.000470893	924.174	7.3577e-06	2.75611
0.000485608	912.83	7.3577e-06	2.7261
0.000500323	900.537	7.3577e-06	2.69003
0.000515039	887.578	7.3577e-06	2.6295
0.000529754	875.354	7.3577e-06	2.5978
0.00054447	862.615	7.3577e-06	2.56196
0.000559185	849.527	7.3577e-06	2.52711
0.0005739	836.473	7.3577e-06	2.49232
0.000588616	823.4	7.3577e-06	2.46088
0.000603331	810.249	7.3577e-06	2.43055
0.000618047	796.545	7.3577e-06	2.39763
0.000632762	783.185	7.3577e-06	2.36715
0.000647477	769.482	7.3577e-06	2.33627
0.000662193	755.169	7.3577e-06	2.29472
0.000676908	740.844	7.3577e-06	2.25614
0.000691624	726.766	7.3577e-06	2.22536
0.000706339	712.247	7.3577e-06	2.18952
0.000721054	698.022	7.3577e-06	2.15765
0.00073577	682.786	7.3577e-06	2.0651
0.000750485	667.979	7.3577e-06	2.02881
0.000765201	653.196	7.3577e-06	1.99501
0.000779916	638.996	7.3577e-06	1.9664
0.000794631	623.58	7.3577e-06	1.82791
0.000809347	609.426	7.3577e-06	1.80052
0.000824062	595.29	7.3577e-06	1.77243
0.000838777	580.572	7.3577e-06	1.73097
0.000853493	565.966	7.3577e-06	1.69556
0.000868208	551.552	7.3577e-06	1.66202
0.000882924	537.286	7.3577e-06	1.62984
0.000897639	523.354	7.3577e-06	1.59922
0.000912354	508.595	7.3577e-06	1.53619
0.00092707	494.223	7.3577e-06	1.50742
0.000941785	480.274	7.3577e-06	1.47271
0.000956501	466.273	7.3577e-06	1.43561
0.000971216	452.724	7.3577e-06	1.40523
0.000985931	438.922	7.3577e-06	1.36596
0.00100065	425.816	7.3577e-06	1.34226
0.00101536	411.946	7.3577e-06	1.28078
0.00103008	399.006	7.3577e-06	1.25556
0.00104479	386.35	7.3577e-06	1.23153
0.00105951	373.642	7.3577e-06	1.20441
0.00107422	361.303	7.3577e-06	1.18078
0.00108894	349.181	7.3577e-06	1.1583
0.00110365	337.148	7.3577e-06	1.12691
0.00111837	325.082	7.3577e-06	1.08517
0.00113309	313.509	7.3577e-06	1.06056
0.0011478	302.139	7.3577e-06	1.03303
0.00116252	290.896	7.3577e-06	1.00695
0.00117723	279.881	7.3577e-06	0.982733
0.00119195	269.165	7.3577e-06	0.961338
0.00120666	258.593	7.3577e-06	0.939647
0.00122138	247.472	7.3577e-06	0.850902
0.00123609	237.417	7.3577e-06	0.830594
0.00125081	227.55	7.3577e-06	0.809189
0.00126552	218.347	7.3577e-06	0.791421
0.00128024	209.328	7.3577e-06	0.775981
0.00129495	200.124	7.3577e-06	0.755384
0.00130967	191.367	7.3577e-06	0.727694
0.00132439	183.047	7.3577e-06	0.710355
0.0013391	174.874	7.3577e-06	0.693922
0.00135382	166.872	7.3577e-06	0.669875
0.00136853	159.102	7.3577e-06	0.650541
0.00138325	151.662	7.3577e-06	0.635466
0.00139796	144.615	7.3577e-06	0.620801
0.00141268	137.695	7.3577e-06	0.6057
0.00142739	131.044	7.3577e-06	0.593399
0.00144211	124.726	7.3577e-06	0.581266
0.00145682	118.471	7.3577e-06	0.567898
0.00147154	112.555	7.3577e-06	0.556709
0.00148625	106.337	7.3577e-06	0.519224
0.00150097	100.347	7.3577e-06	0.450334
0.00151569	94.906	7.3577e-06	0.43424
0.0015304	89.9342	7.3577e-06	0.423721
0.00154512	84.9683	7.3577e-06	0.404234
0.00155983	80.1113	7.3577e-06	0.363431
0.00157455	75.6888	7.3577e-06	0.351729
0.00158926	71.4634	7.3577e-06	0.340687
0.00160398	67.2854	7.3577e-06	0.329899
0.00161869	63.4262	7.3577e-06	0.320487
0.00163341	59.592	7.3577e-06	0.309593
0.00164812	56.0491	7.3577e-06	0.298098
0.00166284	52.8805	7.3577e-06	0.289903
0.00167755	49.608	7.3577e-06	0.281311
0.00169227	46.3434	7.3577e-06	0.264948
0.00170699	43.552	7.3577e-06	0.257533
0.0017217	40.8358	7.3577e-06	0.250461
0.00173642	38.2022	7.3577e-06	0.242313
0.00175113	35.8159	7.3577e-06	0.236219
0.00176585	33.4855	7.3577e-06	0.228855
0.00178056	31.3066	7.3577e-06	0.223182
0.00179528	29.0736	7.3577e-06	0.208562
0.00180999	27.0381	7.3577e-06	0.199428
0.00182471	25.1967	7.3577e-06	0.193417
0.00183942	23.4935	7.3577e-06	0.188002
0.00185414	21.7737	7.3577e-06	0.181429
0.00186886	20.2481	7.3577e-06	0.174514
0.00188357	18.6732	7.3577e-06	0.164444
0.00189829	17.392	7.3577e-06	0.160364
0.001913	16.075	7.3577e-06	0.154471
0.00192772	14.8647	7.3577e-06	0.150084
0.00194243	13.7524	7.3577e-06	0.146058
0.00195715	12.6785	7.3577e-06	0.141942
0.00197186	11.686	7.3577e-06	0.135821
0.00198658	10.7534	7.3577e-06	0.131734
0.00200129	9.89767	7.3577e-06	0.128766
0.00201601	9.08401	7.3577e-06	0.125035
0.00203072	8.34074	7.3577e-06	0.121233
0.00204544	7.57601	7.3577e-06	0.115601
0.00206016	6.92403	7.3577e-06	0.112985
0.00207487	6.33526	7.3577e-06	0.110121
0.00208959	5.77549	7.3577e-06	0.106127
0.0021043	5.25957	7.3577e-06	0.10395
0.00211902	4.79815	7.3577e-06	0.100607
0.00213373	4.32978	7.3577e-06	0.0979
0.00214845	3.90062	7.3577e-06	0.0948527
0.00216316	3.52663	7.3577e-06	0.093136
0.00217788	3.14667	7.3577e-06	0.0896312
0.00219259	2.83604	7.3577e-06	0.0880287
0.00220731	2.45655	7.3577e-06	0.0470972
0.00222202	2.15861	7.3577e-06	0.0432329
0.00223674	1.92475	7.3577e-06	0.0399445
0.00225146	1.69749	7.3577e-06	0.0371761
0.00226617	1.50055	7.3577e-06	0.0345564
0.00228089	1.31294	7.3577e-06	0.0320377
0.0022956	1.14532	7.3577e-06	0.0296968
0.00231032	0.989086	7.3577e-06	0.0268817
0.00232503	0.863305	7.3577e-06	0.0246942
0.00233975	0.75484	7.3577e-06	0.0232753
0.00235446	0.65018	7.3577e-06	0.0216554
0.00236918	0.555823	7.3577e-06	0.0190078
0.00238389	0.459945	7.3577e-06	0.0169995
0.00239861	0.387968	7.3577e-06	0.0157468
0.00241332	0.308071	7.3577e-06	0.0130478
0.00242804	0.252483	7.3577e-06	0.0118102
0.00244276	0.203185	7.3577e-06	0.0105734
0.00245747	0.157331	7.3577e-06	0.00883626
0.00247219	0.117456	7.3577e-06	0.00745097
0.0024869	0.0866894	7.3577e-06	0.00637285
0.00250162	0.0621493	7.3577e-06	0.00540261
0.00251633	0.0359935	7.3577e-06	0.00410504
0.00253105	0.0198325	7.3577e-06	0.00287771
0.00254576	0.01014	7.3577e-06	0.00203532
0.00256048	0.00191504	7.3577e-06	0.000860935
