7.36337e-06	0.052531	7.36337e-06	0.052531
2.20901e-05	0.936981	7.36337e-06	0.225948
3.68168e-05	2.50723	7.36337e-06	0.536938
5.15436e-05	6.087	7.36337e-06	1.65937
6.62703e-05	8.62357	7.36337e-06	1.07412
8.0997e-05	11.1621	7.36337e-06	1.1371
9.57238e-05	15.5498	7.36337e-06	1.22208
0.000110451	23.3689	7.36337e-06	1.92387
0.000125177	31.3414	7.36337e-06	2.14624
0.000139904	41.1096	7.36337e-06	4.00574
0.000154631	47.2971	7.36337e-06	3.50483
0.000169357	52.5812	7.36337e-06	2.87849
0.000184084	57.791	7.36337e-06	2.39286
0.000198811	73.4208	7.36337e-06	3.45148
0.000213538	78.8726	7.36337e-06	3.27095
0.000228264	96.3584	7.36337e-06	3.40286
0.000242991	115.441	7.36337e-06	5.31348
0.000257718	128.083	7.36337e-06	6.81614
0.000272445	132.922	7.36337e-06	4.54772
0.000287171	150.303	7.36337e-06	4.62528
0.000301898	174.589	7.36337e-06	4.94134
0.000316625	179.106	7.36337e-06	4.91194
0.000331352	202.372	7.36337e-06	6.85833
0.000346078	217.31	7.36337e-06	5.98252
0.000360805	231.292	7.36337e-06	6.19391
0.000375532	229.978	7.36337e-06	5.12741
0.000390258	258.896	7.36337e-06	6.23171
0.000404985	266.626	7.36337e-06	5.53928
0.000419712	312.032	7.36337e-06	11.4418
0.000434439	327.541	7.36337e-06	6.70865
0.000449165	347.294	7.36337e-06	6.99306
0.000463892	368.709	7.36337e-06	10.4114
0.000478619	377.888	7.36337e-06	7.63019
0.000493346	400.454	7.36337e-06	9.91526
0.000508072	445.184	7.36337e-06	13.1772
0.000522799	445.876	7.36337e-06	8.72719
0.000537526	475.934	7.36337e-06	9.83282
0.000552253	473.988	7.36337e-06	8.28694
0.000566979	514.412	7.36337e-06	9.90437
0.000581706	531.1	7.36337e-06	9.25879
0.000596433	541.21	7.36337e-06	8.60788
0.000611159	581.816	7.36337e-06	9.52954
0.000625886	608.537	7.36337e-06	10.4709
0.000640613	611.517	7.36337e-06	10.3042
0.00065534	610.553	7.36337e-06	9.75243
0.000670066	649.238	7.36337e-06	9.88867
0.000684793	651.07	7.36337e-06	9.35478
0.00069952	675.542	7.36337e-06	10.7422
0.000714247	718.312	7.36337e-06	15.8458
0.000728973	707.747	7.36337e-06	9.6094
0.0007437	731.845	7.36337e-06	10.2904
0.000758427	732.395	7.36337e-06	10.1222
0.000773154	774.282	7.36337e-06	14.6828
0.00078788	780.837	7.36337e-06	10.793
0.000802607	820.414	7.36337e-06	17.5865
0.000817334	798.643	7.36337e-06	11.3223
0.00083206	828.547	7.36337e-06	11.2168
0.000846787	840.068	7.36337e-06	13.2695
0.000861514	835.65	7.36337e-06	13.0812
0.000876241	961.354	7.36337e-06	80.2775
0.000890967	877.96	7.36337e-06	12.3827
0.000905694	900.616	7.36337e-06	14.18
0.000920421	872.704	7.36337e-06	11.0324
0.000935148	942.751	7.36337e-06	30.6802
0.000949874	893.517	7.36337e-06	13.718
0.000964601	881.224	7.36337e-06	12.1866
0.000979328	919.176	7.36337e-06	13.0824
0.000994055	899.719	7.36337e-06	11.7619
0.00100878	898.934	7.36337e-06	11.624
0.00102351	920.235	7.36337e-06	15.2677
0.00103823	881.022	7.36337e-06	11.8622
0.00105296	902.88	7.36337e-06	11.1487
0.00106769	901.004	7.36337e-06	12.8522
0.00108241	890.582	7.36337e-06	10.5743
0.00109714	926.427	7.36337e-06	15.9028
0.00111187	904.873	7.36337e-06	12.0971
0.0011266	895.79	7.36337e-06	11.3451
0.00114132	904.955	7.36337e-06	17.451
0.00115605	870.07	7.36337e-06	11.3235
0.00117078	891.791	7.36337e-06	14.3671
0.0011855	835.146	7.36337e-06	11.7702
0.00120023	863.11	7.36337e-06	12.3744
0.00121496	838.813	7.36337e-06	13.1646
0.00122968	819.632	7.36337e-06	9.86751
0.00124441	819.399	7.36337e-06	11.3788
0.00125914	792.747	7.36337e-06	10.1693
0.00127386	804.981	7.36337e-06	13.5201
0.00128859	781.193	7.36337e-06	10.7806
0.00130332	768.595	7.36337e-06	10.7628
0.00131804	763.932	7.36337e-06	10.6658
0.00133277	721.737	7.36337e-06	11.1726
0.0013475	735.815	7.36337e-06	14.0073
0.00136222	704.375	7.36337e-06	11.0639
0.00137695	694.409	7.36337e-06	10.8466
0.00139168	670.939	7.36337e-06	9.22911
0.0014064	662.091	7.36337e-06	12.1544
0.00142113	654.323	7.36337e-06	11.716
0.00143586	613.308	7.36337e-06	10.6507
0.00145058	630.436	7.36337e-06	9.66772
0.00146531	583.159	7.36337e-06	9.2716
0.00148004	583.476	7.36337e-06	9.52699
0.00149476	555.827	7.36337e-06	8.15243
0.00150949	551.835	7.36337e-06	11.8587
0.00152422	510.051	7.36337e-06	7.7446
0.00153894	493.729	7.36337e-06	7.69409
0.00155367	489.919	7.36337e-06	8.10027
0.0015684	469.688	7.36337e-06	8.12415
0.00158312	448.969	7.36337e-06	7.41039
0.00159785	438.801	7.36337e-06	11.5087
0.00161258	434.888	7.36337e-06	8.69137
0.0016273	399.958	7.36337e-06	6.92049
0.00164203	397.122	7.36337e-06	9.17747
0.00165676	375.183	7.36337e-06	7.16925
0.00167148	371.766	7.36337e-06	7.11311
0.00168621	374.582	7.36337e-06	11.0736
0.00170094	338.101	7.36337e-06	6.59996
0.00171566	334.888	7.36337e-06	11.6796
0.00173039	302.908	7.36337e-06	5.83777
0.00174512	298.594	7.36337e-06	7.42361
0.00175984	276.706	7.36337e-06	5.78162
0.00177457	281.483	7.36337e-06	10.2165
0.0017893	253.827	7.36337e-06	5.31709
0.00180402	239.641	7.36337e-06	5.41724
0.00181875	236.158	7.36337e-06	8.22927
0.00183348	213.685	7.36337e-06	5.01277
0.00184821	209.456	7.36337e-06	4.9897
0.00186293	202.43	7.36337e-06	7.24343
0.00187766	192.927	7.36337e-06	7.36823
0.00189239	169.418	7.36337e-06	4.30464
0.00190711	162.183	7.36337e-06	4.11408
0.00192184	170.348	7.36337e-06	7.63101
0.00193657	142.073	7.36337e-06	3.87735
0.00195129	137.226	7.36337e-06	4.12114
0.00196602	131.944	7.36337e-06	4.18155
0.00198075	140.09	7.36337e-06	10.6043
0.00199547	112.087	7.36337e-06	3.65405
0.0020102	104.557	7.36337e-06	3.46726
0.00202493	102.345	7.36337e-06	3.40317
0.00203965	96.8694	7.36337e-06	3.1286
0.00205438	87.4077	7.36337e-06	3.34156
0.00206911	81.1441	7.36337e-06	2.7531
0.00208383	81.6927	7.36337e-06	3.4164
0.00209856	73.5884	7.36337e-06	3.34472
0.00211329	71.6582	7.36337e-06	3.38221
0.00212801	60.6263	7.36337e-06	2.32273
0.00214274	59.7899	7.36337e-06	2.59278
0.00215747	51.5957	7.36337e-06	2.39514
0.00217219	56.1403	7.36337e-06	2.57615
0.00218692	51.2296	7.36337e-06	2.29611
0.00220165	45.3205	7.36337e-06	2.1343
0.00221637	37.4927	7.36337e-06	1.91139
0.0022311	35.113	7.36337e-06	1.88842
0.00224583	32.459	7.36337e-06	2.51341
0.00226055	32.8478	7.36337e-06	1.84651
0.00227528	30.1221	7.36337e-06	1.78861
0.00229001	30.1324	7.36337e-06	2.84745
0.00230473	26.4734	7.36337e-06	3.55376
0.00231946	21.0798	7.36337e-06	1.32077
0.00233419	19.4544	7.36337e-06	1.26774
0.00234891	17.2429	7.36337e-06	1.29255
0.00236364	17.5171	7.36337e-06	1.19127
0.00237837	15.3763	7.36337e-06	1.13797
0.00239309	14.018	7.36337e-06	1.0072
0.00240782	11.204	7.36337e-06	0.864525
0.00242255	8.04296	7.36337e-06	0.72793
0.00243727	8.32934	7.36337e-06	0.815295
0.002452	6.9322	7.36337e-06	0.693461
0.00246673	6.42512	7.36337e-06	0.645906
0.00248145	5.54394	7.36337e-06	0.586142
0.00249618	4.79075	7.36337e-06	0.583788
0.00251091	3.39235	7.36337e-06	0.457132
0.00252563	2.58701	7.36337e-06	0.39553
0.00254036	1.19892	7.36337e-06	0.283749
0.00255509	1.39002	7.36337e-06	0.286338
0.00256982	0.232065	7.36337e-06	0.116294
0.00258454	0.0508947	7.36337e-06	0.0508947
