7.36116e-06	0.130493	7.36116e-06	0.0993277
2.20835e-05	0.968787	7.36116e-06	0.372264
3.68058e-05	3.89778	7.36116e-06	0.573534
5.15281e-05	4.5139	7.36116e-06	0.632492
6.62504e-05	7.83804	7.36116e-06	0.983081
8.09728e-05	10.6473	7.36116e-06	0.980148
9.56951e-05	16.8668	7.36116e-06	1.31237
0.000110417	26.0937	7.36116e-06	2.2291
0.00012514	29.1967	7.36116e-06	2.27421
0.000139862	35.399	7.36116e-06	2.12476
0.000154584	45.2682	7.36116e-06	3.22875
0.000169307	60.1297	7.36116e-06	3.90618
0.000184029	60.3919	7.36116e-06	2.63183
0.000198751	67.669	7.36116e-06	3.02436
0.000213474	85.8763	7.36116e-06	4.12377
0.000228196	96.0645	7.36116e-06	3.5722
0.000242918	104.796	7.36116e-06	3.97435
0.000257641	114.331	7.36116e-06	3.8013
0.000272363	125.693	7.36116e-06	3.96931
0.000287085	149.386	7.36116e-06	4.5872
0.000301808	167.143	7.36116e-06	5.20011
0.00031653	179.786	7.36116e-06	4.88317
0.000331252	187.103	7.36116e-06	5.23874
0.000345974	198.275	7.36116e-06	4.75021
0.000360697	222.374	7.36116e-06	5.11483
0.000375419	249.253	7.36116e-06	5.77041
0.000390141	259.644	7.36116e-06	5.72475
0.000404864	280.994	7.36116e-06	7.24761
0.000419586	319.072	7.36116e-06	11.5719
0.000434308	320.708	7.36116e-06	6.933
0.000449031	343.783	7.36116e-06	8.13021
0.000463753	367.411	7.36116e-06	7.3159
0.000478475	387.335	7.36116e-06	7.33407
0.000493198	395.16	7.36116e-06	7.14614
0.00050792	420.416	7.36116e-06	7.9724
0.000522642	466.327	7.36116e-06	10.8456
0.000537365	470.847	7.36116e-06	11.045
0.000552087	489.358	7.36116e-06	8.42842
0.000566809	501.828	7.36116e-06	8.93724
0.000581532	514.973	7.36116e-06	8.08782
0.000596254	571.619	7.36116e-06	17.8365
0.000610976	567.061	7.36116e-06	13.6365
0.000625699	612.359	7.36116e-06	18.0715
0.000640421	586.118	7.36116e-06	8.79873
0.000655143	635.403	7.36116e-06	10.7335
0.000669866	628.478	7.36116e-06	9.09308
0.000684588	666.113	7.36116e-06	10.029
0.00069931	697.055	7.36116e-06	12.2438
0.000714032	685.837	7.36116e-06	9.95198
0.000728755	709.052	7.36116e-06	11.263
0.000743477	727.224	7.36116e-06	10.6286
0.000758199	741.624	7.36116e-06	10.2008
0.000772922	803.684	7.36116e-06	16.9453
0.000787644	778.695	7.36116e-06	11.5278
0.000802366	794.361	7.36116e-06	11.6089
0.000817089	826.943	7.36116e-06	16.3773
0.000831811	813.177	7.36116e-06	10.7516
0.000846533	827.88	7.36116e-06	11.9719
0.000861256	831.238	7.36116e-06	12.3817
0.000875978	862.045	7.36116e-06	13.8696
0.0008907	848.795	7.36116e-06	10.9898
0.000905423	870.556	7.36116e-06	11.1303
0.000920145	890.198	7.36116e-06	12.4655
0.000934867	924.422	7.36116e-06	21.8574
0.00094959	879.617	7.36116e-06	13.418
0.000964312	888.422	7.36116e-06	13.6005
0.000979034	894.765	7.36116e-06	11.0057
0.000993757	935.038	7.36116e-06	22.3298
0.00100848	911.544	7.36116e-06	13.7976
0.0010232	925.699	7.36116e-06	13.6407
0.00103792	909.708	7.36116e-06	13.5287
0.00105265	893.911	7.36116e-06	14.1141
0.00106737	936.335	7.36116e-06	15.8784
0.00108209	937.085	7.36116e-06	15.7393
0.00109681	901.881	7.36116e-06	17.6736
0.00111154	915.674	7.36116e-06	12.2809
0.00112626	874.612	7.36116e-06	10.5447
0.00114098	860.493	7.36116e-06	9.92539
0.0011557	870.796	7.36116e-06	11.723
0.00117042	872.029	7.36116e-06	13.0342
0.00118515	875.826	7.36116e-06	13.4022
0.00119987	865.961	7.36116e-06	22.5357
0.00121459	839.411	7.36116e-06	11.7573
0.00122931	820.701	7.36116e-06	10.7911
0.00124404	806.996	7.36116e-06	10.504
0.00125876	807.166	7.36116e-06	10.38
0.00127348	785.074	7.36116e-06	10.3777
0.0012882	814.916	7.36116e-06	14.1928
0.00130293	791.591	7.36116e-06	15.1974
0.00131765	752.442	7.36116e-06	10.468
0.00133237	751.354	7.36116e-06	13.1384
0.00134709	713.274	7.36116e-06	9.52389
0.00136181	717.778	7.36116e-06	12.4683
0.00137654	691.446	7.36116e-06	9.15631
0.00139126	681.678	7.36116e-06	9.52631
0.00140598	634.767	7.36116e-06	8.65845
0.0014207	640.745	7.36116e-06	12.145
0.00143543	637.221	7.36116e-06	10.5608
0.00145015	634.728	7.36116e-06	14.3386
0.00146487	622.978	7.36116e-06	15.0002
0.00147959	587.51	7.36116e-06	10.4351
0.00149432	563.725	7.36116e-06	8.4533
0.00150904	549.783	7.36116e-06	8.95894
0.00152376	569.82	7.36116e-06	18.5489
0.00153848	505.286	7.36116e-06	8.85391
0.0015532	495.64	7.36116e-06	7.74962
0.00156793	481.48	7.36116e-06	8.73403
0.00158265	463.595	7.36116e-06	7.52617
0.00159737	440.401	7.36116e-06	9.12158
0.00161209	430.143	7.36116e-06	7.11377
0.00162682	413.582	7.36116e-06	8.57146
0.00164154	381.392	7.36116e-06	6.26645
0.00165626	382.916	7.36116e-06	7.76967
0.00167098	354.183	7.36116e-06	6.78901
0.00168571	346.423	7.36116e-06	5.90929
0.00170043	333.769	7.36116e-06	6.11355
0.00171515	313.659	7.36116e-06	5.78233
0.00172987	308.184	7.36116e-06	5.69878
0.00174459	294.042	7.36116e-06	6.60032
0.00175932	279.932	7.36116e-06	5.73232
0.00177404	270.255	7.36116e-06	5.50011
0.00178876	261.852	7.36116e-06	6.46313
0.00180348	243.172	7.36116e-06	4.78464
0.00181821	228.922	7.36116e-06	4.8169
0.00183293	227.866	7.36116e-06	6.29025
0.00184765	210.514	7.36116e-06	5.05983
0.00186237	193.43	7.36116e-06	5.23776
0.0018771	188.916	7.36116e-06	4.66851
0.00189182	180.196	7.36116e-06	4.89019
0.00190654	160.413	7.36116e-06	3.85501
0.00192126	147.082	7.36116e-06	3.71433
0.00193598	146.973	7.36116e-06	4.73238
0.00195071	148.112	7.36116e-06	6.53346
0.00196543	129.258	7.36116e-06	3.72616
0.00198015	135.989	7.36116e-06	5.45781
0.00199487	115.706	7.36116e-06	3.90532
0.0020096	136.55	7.36116e-06	16.5238
0.00202432	105.276	7.36116e-06	3.45411
0.00203904	95.4172	7.36116e-06	3.02971
0.00205376	87.1446	7.36116e-06	2.92409
0.00206849	82.0262	7.36116e-06	2.63334
0.00208321	84.5881	7.36116e-06	3.6342
0.00209793	76.723	7.36116e-06	2.86032
0.00211265	70.8385	7.36116e-06	2.74561
0.00212738	67.8968	7.36116e-06	2.64232
0.0021421	62.5132	7.36116e-06	2.57082
0.00215682	53.2563	7.36116e-06	2.04961
0.00217154	50.1515	7.36116e-06	2.14871
0.00218626	46.7654	7.36116e-06	2.63485
0.00220099	45.6769	7.36116e-06	2.06897
0.00221571	38.2679	7.36116e-06	1.90283
0.00223043	38.387	7.36116e-06	1.948
0.00224515	37.9224	7.36116e-06	2.21217
0.00225988	32.5143	7.36116e-06	1.59758
0.0022746	28.0928	7.36116e-06	1.85116
0.00228932	26.6663	7.36116e-06	2.14001
0.00230404	24.3875	7.36116e-06	1.37358
0.00231877	21.5426	7.36116e-06	1.44097
0.00233349	20.1324	7.36116e-06	1.3481
0.00234821	18.3224	7.36116e-06	1.10169
0.00236293	15.3454	7.36116e-06	1.06471
0.00237765	16.0867	7.36116e-06	1.0416
0.00239238	13.8157	7.36116e-06	1.01651
0.0024071	11.404	7.36116e-06	0.875055
0.00242182	9.61575	7.36116e-06	0.769456
0.00243654	8.54012	7.36116e-06	0.761935
0.00245127	7.12471	7.36116e-06	0.682876
0.00246599	6.5074	7.36116e-06	0.639307
0.00248071	5.9738	7.36116e-06	0.607976
0.00249543	4.42767	7.36116e-06	0.517064
0.00251016	3.40823	7.36116e-06	0.433618
0.00252488	2.49797	7.36116e-06	0.382094
0.0025396	1.86209	7.36116e-06	0.328689
0.00255432	1.06521	7.36116e-06	0.245617
0.00256904	0.571148	7.36116e-06	0.181105
0.00258377	0.105368	7.36116e-06	0.0745179
