7.38656e-06	0	7.38656e-06	0
2.21597e-05	1.00354	7.38656e-06	0.23507
3.69328e-05	3.25771	7.38656e-06	0.512912
5.17059e-05	5.02115	7.38656e-06	0.584161
6.64791e-05	8.56761	7.38656e-06	1.01032
8.12522e-05	13.5235	7.38656e-06	1.42684
9.60253e-05	17.3919	7.38656e-06	1.40623
0.000110798	23.2953	7.38656e-06	1.50219
0.000125572	29.5833	7.38656e-06	2.05582
0.000140345	35.4868	7.38656e-06	2.19764
0.000155118	44.9827	7.38656e-06	2.09083
0.000169891	83.7707	7.38656e-06	17.6969
0.000184664	66.6964	7.38656e-06	2.98555
0.000199437	71.0913	7.38656e-06	2.69458
0.00021421	88.4862	7.38656e-06	3.18522
0.000228983	96.0151	7.38656e-06	3.19108
0.000243757	114.055	7.38656e-06	4.19991
0.00025853	127.222	7.38656e-06	5.69579
0.000273303	145.312	7.38656e-06	5.44644
0.000288076	149.696	7.38656e-06	4.47601
0.000302849	182.944	7.38656e-06	14.3003
0.000317622	181.335	7.38656e-06	5.49051
0.000332395	182.645	7.38656e-06	4.42609
0.000347168	215.121	7.38656e-06	5.24153
0.000361942	236.138	7.38656e-06	5.62253
0.000376715	249.518	7.38656e-06	5.4775
0.000391488	263.701	7.38656e-06	5.56547
0.000406261	292.199	7.38656e-06	6.70537
0.000421034	311.678	7.38656e-06	7.75722
0.000435807	329.61	7.38656e-06	7.65766
0.00045058	343.008	7.38656e-06	7.43937
0.000465353	364.979	7.38656e-06	6.53123
0.000480127	383.478	7.38656e-06	7.02223
0.0004949	394.903	7.38656e-06	7.04798
0.000509673	428.609	7.38656e-06	8.64957
0.000524446	445.598	7.38656e-06	8.77054
0.000539219	488.318	7.38656e-06	10.5234
0.000553992	479.151	7.38656e-06	7.66418
0.000568765	517.084	7.38656e-06	9.27228
0.000583538	515.79	7.38656e-06	8.06173
0.000598312	554.578	7.38656e-06	9.95037
0.000613085	562.514	7.38656e-06	9.78914
0.000627858	587.216	7.38656e-06	8.98401
0.000642631	609.887	7.38656e-06	9.08232
0.000657404	667.844	7.38656e-06	17.9575
0.000672177	661.957	7.38656e-06	12.6036
0.00068695	664.963	7.38656e-06	10.0981
0.000701723	699.863	7.38656e-06	10.5435
0.000716497	700.012	7.38656e-06	10.3263
0.00073127	704.437	7.38656e-06	10.3715
0.000746043	744.735	7.38656e-06	11.8078
0.000760816	756.379	7.38656e-06	10.593
0.000775589	772.795	7.38656e-06	10.6125
0.000790362	769.755	7.38656e-06	10.1437
0.000805135	807.645	7.38656e-06	12.2137
0.000819908	811.286	7.38656e-06	11.7707
0.000834682	815.35	7.38656e-06	11.6038
0.000849455	832.58	7.38656e-06	14.9225
0.000864228	828.485	7.38656e-06	11.1616
0.000879001	871.501	7.38656e-06	13.2655
0.000893774	869.768	7.38656e-06	18.8897
0.000908547	890.048	7.38656e-06	12.5263
0.00092332	875.683	7.38656e-06	12.2579
0.000938093	886.051	7.38656e-06	12.3582
0.000952867	874.533	7.38656e-06	12.2092
0.00096764	909.57	7.38656e-06	15.9915
0.000982413	913.596	7.38656e-06	15.081
0.000997186	937.352	7.38656e-06	22.087
0.00101196	948.008	7.38656e-06	34.406
0.00102673	898.746	7.38656e-06	11.6432
0.00104151	899.666	7.38656e-06	14.0833
0.00105628	915.145	7.38656e-06	17.3817
0.00107105	897.303	7.38656e-06	11.4683
0.00108582	897.073	7.38656e-06	11.5458
0.0011006	877.296	7.38656e-06	11.8078
0.00111537	925.6	7.38656e-06	14.6544
0.00113014	882.529	7.38656e-06	14.3872
0.00114492	887.472	7.38656e-06	17.5782
0.00115969	857.619	7.38656e-06	11.4988
0.00117446	887.748	7.38656e-06	13.7228
0.00118924	848.217	7.38656e-06	11.4821
0.00120401	838.81	7.38656e-06	12.4738
0.00121878	835.395	7.38656e-06	12.9565
0.00123356	819.964	7.38656e-06	11.7652
0.00124833	841.354	7.38656e-06	21.6674
0.0012631	784.151	7.38656e-06	10.438
0.00127788	788.563	7.38656e-06	11.4394
0.00129265	784.264	7.38656e-06	15.7275
0.00130742	767.887	7.38656e-06	13.4173
0.00132219	729.943	7.38656e-06	10.6668
0.00133697	738.649	7.38656e-06	12.0444
0.00135174	724.023	7.38656e-06	12.5168
0.00136651	682.076	7.38656e-06	9.97971
0.00138129	680.634	7.38656e-06	11.2047
0.00139606	668.676	7.38656e-06	10.3654
0.00141083	667.003	7.38656e-06	11.5822
0.00142561	633.529	7.38656e-06	11.4079
0.00144038	636.299	7.38656e-06	13.0502
0.00145515	614.065	7.38656e-06	10.1791
0.00146993	611.544	7.38656e-06	12.8759
0.0014847	601.81	7.38656e-06	31.9243
0.00149947	573.628	7.38656e-06	16.4197
0.00151425	530.349	7.38656e-06	10.2131
0.00152902	511.58	7.38656e-06	9.06251
0.00154379	534.069	7.38656e-06	26.4278
0.00155856	498.185	7.38656e-06	11.763
0.00157334	461.171	7.38656e-06	9.87738
0.00158811	451.818	7.38656e-06	11.8109
0.00160288	444.731	7.38656e-06	10.2024
0.00161766	402.223	7.38656e-06	7.46803
0.00163243	394.744	7.38656e-06	7.62789
0.0016472	374.064	7.38656e-06	7.2902
0.00166198	370.055	7.38656e-06	7.75469
0.00167675	348.347	7.38656e-06	8.55045
0.00169152	351.822	7.38656e-06	10.1301
0.0017063	331.269	7.38656e-06	8.43141
0.00172107	314.627	7.38656e-06	7.90594
0.00173584	290.48	7.38656e-06	7.02684
0.00175062	290.448	7.38656e-06	7.12382
0.00176539	277.199	7.38656e-06	7.68907
0.00178016	260.375	7.38656e-06	7.65733
0.00179493	260.797	7.38656e-06	8.48064
0.00180971	230.568	7.38656e-06	6.55546
0.00182448	230.696	7.38656e-06	6.14998
0.00183925	214.668	7.38656e-06	5.72058
0.00185403	211.628	7.38656e-06	6.64743
0.0018688	205.145	7.38656e-06	8.67497
0.00188357	180.448	7.38656e-06	5.64539
0.00189835	192.166	7.38656e-06	9.84278
0.00191312	173.845	7.38656e-06	8.21647
0.00192789	157.942	7.38656e-06	5.40508
0.00194267	150.961	7.38656e-06	8.00229
0.00195744	137.445	7.38656e-06	8.33386
0.00197221	119.548	7.38656e-06	4.11779
0.00198699	122.779	7.38656e-06	6.17498
0.00200176	110.337	7.38656e-06	4.00185
0.00201653	101.114	7.38656e-06	3.51348
0.0020313	96.437	7.38656e-06	3.98187
0.00204608	98.6497	7.38656e-06	5.6028
0.00206085	104.114	7.38656e-06	6.55262
0.00207562	94.6036	7.38656e-06	8.43984
0.0020904	88.1868	7.38656e-06	9.72779
0.00210517	71.3082	7.38656e-06	2.98624
0.00211994	66.8524	7.38656e-06	3.617
0.00213472	62.1673	7.38656e-06	3.05917
0.00214949	56.4589	7.38656e-06	3.21024
0.00216426	54.1661	7.38656e-06	2.85588
0.00217904	47.7117	7.38656e-06	2.81308
0.00219381	48.64	7.38656e-06	2.92104
0.00220858	43.4394	7.38656e-06	3.80879
0.00222336	41.1473	7.38656e-06	3.24346
0.00223813	34.835	7.38656e-06	2.74124
0.0022529	34.6563	7.38656e-06	2.63455
0.00226767	28.1019	7.38656e-06	2.03043
0.00228245	24.295	7.38656e-06	1.75667
0.00229722	26.1152	7.38656e-06	2.13326
0.00231199	21.8265	7.38656e-06	2.0801
0.00232677	20.9296	7.38656e-06	1.64443
0.00234154	17.3327	7.38656e-06	1.6364
0.00235631	17.3065	7.38656e-06	1.75595
0.00237109	18.8891	7.38656e-06	2.03945
0.00238586	13.8307	7.38656e-06	1.4995
0.00240063	13.2748	7.38656e-06	1.46786
0.00241541	10.7703	7.38656e-06	1.21584
0.00243018	7.13371	7.38656e-06	0.895238
0.00244495	6.97823	7.38656e-06	1.02983
0.00245973	6.8864	7.38656e-06	1.41326
0.0024745	6.49846	7.38656e-06	0.965529
0.00248927	4.10097	7.38656e-06	0.77898
0.00250404	3.35839	7.38656e-06	0.768111
0.00251882	2.51379	7.38656e-06	0.590921
0.00253359	1.89238	7.38656e-06	0.431797
0.00254836	1.55298	7.38656e-06	0.39253
0.00256314	0.391353	7.38656e-06	0.206078
0.00257791	0.157711	7.38656e-06	0.112758
