7.37131e-06	0	7.37131e-06	0
2.21139e-05	0.770605	7.37131e-06	0.230118
3.68566e-05	2.43204	7.37131e-06	0.574072
5.15992e-05	5.39004	7.37131e-06	0.798066
6.63418e-05	8.5684	7.37131e-06	1.3882
8.10844e-05	11.2358	7.37131e-06	1.46334
9.58271e-05	16.2466	7.37131e-06	1.4441
0.00011057	26.065	7.37131e-06	2.5774
0.000125312	31.2843	7.37131e-06	2.50318
0.000140055	33.4508	7.37131e-06	2.155
0.000154798	48.0506	7.37131e-06	3.31551
0.00016954	51.3149	7.37131e-06	3.30567
0.000184283	55.9204	7.37131e-06	3.08085
0.000199025	68.7021	7.37131e-06	3.33323
0.000213768	85.331	7.37131e-06	3.8607
0.000228511	97.1606	7.37131e-06	3.60873
0.000243253	112.583	7.37131e-06	4.14751
0.000257996	131.069	7.37131e-06	7.99386
0.000272739	138.18	7.37131e-06	5.94197
0.000287481	137.136	7.37131e-06	4.66132
0.000302224	171.982	7.37131e-06	7.05516
0.000316966	183.061	7.37131e-06	5.67207
0.000331709	218.444	7.37131e-06	10.9884
0.000346452	219.588	7.37131e-06	6.56446
0.000361194	227.208	7.37131e-06	6.00836
0.000375937	247.525	7.37131e-06	7.37273
0.00039068	263.835	7.37131e-06	6.39851
0.000405422	306.116	7.37131e-06	12.615
0.000420165	291.948	7.37131e-06	7.89768
0.000434907	324.623	7.37131e-06	8.18015
0.00044965	346.422	7.37131e-06	9.85683
0.000464393	407.918	7.37131e-06	28.2363
0.000479135	403.243	7.37131e-06	12.2296
0.000493878	402.488	7.37131e-06	8.75907
0.000508621	424.876	7.37131e-06	9.27356
0.000523363	457.204	7.37131e-06	16.1035
0.000538106	458.231	7.37131e-06	9.22919
0.000552849	499.453	7.37131e-06	9.56819
0.000567591	520.088	7.37131e-06	11.4848
0.000582334	541.516	7.37131e-06	12.4374
0.000597076	567.746	7.37131e-06	11.1592
0.000611819	561.469	7.37131e-06	9.63697
0.000626562	573.504	7.37131e-06	8.81603
0.000641304	629.464	7.37131e-06	21.4016
0.000656047	631.029	7.37131e-06	10.2887
0.00067079	649.972	7.37131e-06	10.8261
0.000685532	675.73	7.37131e-06	11.9256
0.000700275	684.984	7.37131e-06	9.61777
0.000715017	689.367	7.37131e-06	10.8901
0.00072976	725.722	7.37131e-06	11.5587
0.000744503	779.202	7.37131e-06	20.6188
0.000759245	763.512	7.37131e-06	11.119
0.000773988	773.833	7.37131e-06	12.1399
0.000788731	779.048	7.37131e-06	12.6739
0.000803473	783.42	7.37131e-06	9.8303
0.000818216	800.633	7.37131e-06	9.93197
0.000832958	823.192	7.37131e-06	10.1293
0.000847701	831.621	7.37131e-06	10.3888
0.000862444	854.521	7.37131e-06	11.225
0.000877186	856.5	7.37131e-06	10.7146
0.000891929	866.569	7.37131e-06	11.1003
0.000906672	917.008	7.37131e-06	17.3528
0.000921414	891.892	7.37131e-06	13.0716
0.000936157	878.941	7.37131e-06	10.3817
0.000950899	869.837	7.37131e-06	9.37843
0.000965642	904.549	7.37131e-06	11.6346
0.000980385	914.364	7.37131e-06	10.0788
0.000995127	888.468	7.37131e-06	9.55679
0.00100987	899.865	7.37131e-06	10.2504
0.00102461	898.962	7.37131e-06	11.0492
0.00103936	903.272	7.37131e-06	9.54187
0.0010541	905.852	7.37131e-06	9.76056
0.00106884	898.8	7.37131e-06	9.82239
0.00108358	907.248	7.37131e-06	11.8124
0.00109833	887.977	7.37131e-06	9.91489
0.00111307	894.678	7.37131e-06	10.9708
0.00112781	886.801	7.37131e-06	9.42671
0.00114255	881.618	7.37131e-06	9.73707
0.0011573	890.88	7.37131e-06	9.89893
0.00117204	932.384	7.37131e-06	54.9035
0.00118678	847.466	7.37131e-06	9.04405
0.00120152	850.262	7.37131e-06	8.85803
0.00121627	841.682	7.37131e-06	9.22675
0.00123101	829.353	7.37131e-06	8.83714
0.00124575	786.351	7.37131e-06	8.19548
0.00126049	810.306	7.37131e-06	8.75324
0.00127524	774.393	7.37131e-06	8.21593
0.00128998	791.471	7.37131e-06	10.0297
0.00130472	776.605	7.37131e-06	13.1466
0.00131947	760.241	7.37131e-06	12.7776
0.00133421	732.319	7.37131e-06	8.49033
0.00134895	723.755	7.37131e-06	9.45536
0.00136369	707.245	7.37131e-06	8.23986
0.00137844	692.878	7.37131e-06	8.42402
0.00139318	669.332	7.37131e-06	7.89506
0.00140792	662.922	7.37131e-06	7.89684
0.00142266	642.981	7.37131e-06	7.35348
0.00143741	620.906	7.37131e-06	7.46596
0.00145215	614.201	7.37131e-06	7.47983
0.00146689	600.9	7.37131e-06	8.39805
0.00148163	571.823	7.37131e-06	6.88885
0.00149638	555.669	7.37131e-06	6.63169
0.00151112	542.935	7.37131e-06	7.11811
0.00152586	509.742	7.37131e-06	6.31244
0.0015406	515.515	7.37131e-06	6.9926
0.00155535	483.183	7.37131e-06	5.90912
0.00157009	481.039	7.37131e-06	9.18921
0.00158483	457.353	7.37131e-06	5.90845
0.00159958	437.556	7.37131e-06	5.62129
0.00161432	428.803	7.37131e-06	5.80777
0.00162906	400.158	7.37131e-06	5.3768
0.0016438	401.873	7.37131e-06	5.80083
0.00165855	383.147	7.37131e-06	5.58486
0.00167329	363.883	7.37131e-06	5.03652
0.00168803	350.712	7.37131e-06	5.26315
0.00170277	328.517	7.37131e-06	4.74115
0.00171752	321.257	7.37131e-06	4.69784
0.00173226	306.426	7.37131e-06	5.27375
0.001747	298.268	7.37131e-06	4.65612
0.00176174	277.053	7.37131e-06	4.38447
0.00177649	259.679	7.37131e-06	4.28047
0.00179123	258.73	7.37131e-06	4.66532
0.00180597	238.571	7.37131e-06	3.98768
0.00182071	227.361	7.37131e-06	3.79041
0.00183546	214.964	7.37131e-06	3.74839
0.0018502	208.139	7.37131e-06	3.6747
0.00186494	190.222	7.37131e-06	3.46924
0.00187968	188.678	7.37131e-06	3.51126
0.00189443	178.49	7.37131e-06	3.39009
0.00190917	171.467	7.37131e-06	3.29866
0.00192391	155.853	7.37131e-06	3.10515
0.00193866	145.501	7.37131e-06	3.06526
0.0019534	137.291	7.37131e-06	2.89634
0.00196814	127.546	7.37131e-06	2.76232
0.00198288	127.242	7.37131e-06	2.76269
0.00199763	118.906	7.37131e-06	2.70962
0.00201237	113.051	7.37131e-06	2.59538
0.00202711	103.786	7.37131e-06	2.48252
0.00204185	98.6839	7.37131e-06	2.44955
0.0020566	89.7151	7.37131e-06	2.29655
0.00207134	83.0832	7.37131e-06	2.22138
0.00208608	78.838	7.37131e-06	2.15248
0.00210082	73.1237	7.37131e-06	2.06208
0.00211557	66.89	7.37131e-06	1.95701
0.00213031	65.9494	7.37131e-06	1.9472
0.00214505	58.9085	7.37131e-06	1.85437
0.00215979	52.8539	7.37131e-06	1.7309
0.00217454	50.032	7.37131e-06	1.68358
0.00218928	49.4171	7.37131e-06	1.66765
0.00220402	42.1536	7.37131e-06	1.53261
0.00221877	40.0325	7.37131e-06	1.49465
0.00223351	39.3469	7.37131e-06	1.48385
0.00224825	33.6664	7.37131e-06	1.36251
0.00226299	31.5047	7.37131e-06	1.31917
0.00227774	26.0314	7.37131e-06	1.18917
0.00229248	23.7272	7.37131e-06	1.13052
0.00230722	23.6392	7.37131e-06	1.12405
0.00232196	21.6247	7.37131e-06	1.07696
0.00233671	18.3424	7.37131e-06	0.985641
0.00235145	15.6558	7.37131e-06	0.90802
0.00236619	15.3695	7.37131e-06	0.898745
0.00238093	12.5694	7.37131e-06	0.813671
0.00239568	13.3311	7.37131e-06	0.830563
0.00241042	11.4199	7.37131e-06	0.766951
0.00242516	9.52682	7.37131e-06	0.697832
0.0024399	8.23512	7.37131e-06	0.650137
0.00245465	7.3858	7.37131e-06	0.608859
0.00246939	4.67483	7.37131e-06	0.483649
0.00248413	4.75572	7.37131e-06	0.489476
0.00249888	3.8008	7.37131e-06	0.434298
0.00251362	2.9005	7.37131e-06	0.378258
0.00252836	2.74929	7.37131e-06	0.367943
0.0025431	1.89517	7.37131e-06	0.30372
0.00255785	1.44671	7.37131e-06	0.264307
0.00257259	0.190185	7.37131e-06	0.0951161
