7.39077e-06	0.0467323	7.39077e-06	0.0467323
2.21723e-05	1.12106	7.39077e-06	0.748294
3.69539e-05	2.31916	7.39077e-06	0.457786
5.17354e-05	3.75691	7.39077e-06	0.554833
6.65169e-05	8.77104	7.39077e-06	1.04499
8.12985e-05	13.5297	7.39077e-06	1.48502
9.608e-05	17.7754	7.39077e-06	1.42382
0.000110862	25.6666	7.39077e-06	2.26939
0.000125643	32.2784	7.39077e-06	2.10054
0.000140425	35.5312	7.39077e-06	1.98331
0.000155206	46.2018	7.39077e-06	2.72905
0.000169988	55.2715	7.39077e-06	3.85693
0.000184769	77.1978	7.39077e-06	6.55625
0.000199551	76.2125	7.39077e-06	3.40209
0.000214332	88.0524	7.39077e-06	4.23694
0.000229114	100.628	7.39077e-06	5.39551
0.000243895	183.702	7.39077e-06	49.2437
0.000258677	119.049	7.39077e-06	4.51091
0.000273459	131.247	7.39077e-06	4.82978
0.00028824	162.439	7.39077e-06	5.88631
0.000303022	162.501	7.39077e-06	6.04345
0.000317803	175.805	7.39077e-06	4.86266
0.000332585	201.311	7.39077e-06	6.95595
0.000347366	214.398	7.39077e-06	5.56673
0.000362148	235.079	7.39077e-06	6.77366
0.000376929	246.783	7.39077e-06	5.96335
0.000391711	282.433	7.39077e-06	8.18623
0.000406492	285.272	7.39077e-06	8.75922
0.000421274	296.976	7.39077e-06	8.0203
0.000436056	327.411	7.39077e-06	7.12182
0.000450837	382.405	7.39077e-06	21.5674
0.000465619	349.859	7.39077e-06	7.31993
0.0004804	387.914	7.39077e-06	9.71703
0.000495182	389.225	7.39077e-06	6.94434
0.000509963	415.339	7.39077e-06	7.84674
0.000524745	429.79	7.39077e-06	8.17777
0.000539526	473.263	7.39077e-06	10.872
0.000554308	531.001	7.39077e-06	25.8309
0.000569089	505.264	7.39077e-06	8.756
0.000583871	521.945	7.39077e-06	8.77955
0.000598652	579.152	7.39077e-06	15.0145
0.000613434	570.612	7.39077e-06	13.0279
0.000628216	615.178	7.39077e-06	14.4825
0.000642997	604.446	7.39077e-06	11.3373
0.000657779	636.702	7.39077e-06	11.8627
0.00067256	629.212	7.39077e-06	9.99397
0.000687342	666.172	7.39077e-06	11.2264
0.000702123	676.747	7.39077e-06	10.1534
0.000716905	718.082	7.39077e-06	11.4795
0.000731686	720.451	7.39077e-06	10.4951
0.000746468	729.082	7.39077e-06	12.0766
0.000761249	754.37	7.39077e-06	11.9681
0.000776031	768.269	7.39077e-06	10.7459
0.000790813	768.97	7.39077e-06	10.5805
0.000805594	809.283	7.39077e-06	13.1432
0.000820376	810.514	7.39077e-06	11.2888
0.000835157	809.145	7.39077e-06	10.3125
0.000849939	827.322	7.39077e-06	12.8122
0.00086472	838.134	7.39077e-06	11.7726
0.000879502	846.936	7.39077e-06	10.4452
0.000894283	856.807	7.39077e-06	13.0182
0.000909065	888.214	7.39077e-06	13.8046
0.000923846	858.15	7.39077e-06	10.5088
0.000938628	888.629	7.39077e-06	11.6717
0.00095341	888.774	7.39077e-06	11.8049
0.000968191	949.893	7.39077e-06	38.7518
0.000982973	963.044	7.39077e-06	31.6331
0.000997754	900.711	7.39077e-06	10.9611
0.00101254	879.531	7.39077e-06	10.4055
0.00102732	939.804	7.39077e-06	17.4726
0.0010421	896.401	7.39077e-06	12.1558
0.00105688	896.553	7.39077e-06	10.4601
0.00107166	913.568	7.39077e-06	12.6108
0.00108644	898.681	7.39077e-06	11.1987
0.00110122	897.301	7.39077e-06	15.7993
0.00111601	898.255	7.39077e-06	12.0844
0.00113079	871.835	7.39077e-06	11.2325
0.00114557	871.918	7.39077e-06	9.7315
0.00116035	858.734	7.39077e-06	10.7388
0.00117513	857.28	7.39077e-06	9.8724
0.00118991	852.559	7.39077e-06	11.4158
0.0012047	846.669	7.39077e-06	10.5386
0.00121948	823.479	7.39077e-06	11.2725
0.00123426	819.158	7.39077e-06	10.6879
0.00124904	849.859	7.39077e-06	29.4748
0.00126382	782.477	7.39077e-06	9.23212
0.0012786	806.211	7.39077e-06	11.9793
0.00129339	794.371	7.39077e-06	10.9989
0.00130817	769.628	7.39077e-06	11.0872
0.00132295	735.027	7.39077e-06	9.73443
0.00133773	728.963	7.39077e-06	11.0964
0.00135251	702.412	7.39077e-06	8.85635
0.00136729	705.574	7.39077e-06	10.9584
0.00138207	696.208	7.39077e-06	10.2756
0.00139686	700.103	7.39077e-06	11.6798
0.00141164	659.074	7.39077e-06	10.173
0.00142642	631.145	7.39077e-06	8.23723
0.0014412	639.403	7.39077e-06	10.5954
0.00145598	616.737	7.39077e-06	10.951
0.00147076	572.338	7.39077e-06	7.67236
0.00148555	582.578	7.39077e-06	9.04207
0.00150033	555.375	7.39077e-06	8.15635
0.00151511	550.977	7.39077e-06	9.15326
0.00152989	510.271	7.39077e-06	8.20856
0.00154467	506.716	7.39077e-06	9.93324
0.00155945	486.22	7.39077e-06	7.34045
0.00157423	499.738	7.39077e-06	10.2082
0.00158902	458.494	7.39077e-06	8.90819
0.0016038	420.23	7.39077e-06	6.26411
0.00161858	412.824	7.39077e-06	6.75976
0.00163336	404.718	7.39077e-06	6.76435
0.00164814	417.954	7.39077e-06	12.1589
0.00166292	368.069	7.39077e-06	5.94812
0.00167771	370.431	7.39077e-06	6.43354
0.00169249	342.644	7.39077e-06	6.13881
0.00170727	330.658	7.39077e-06	6.88008
0.00172205	329.159	7.39077e-06	11.935
0.00173683	302.07	7.39077e-06	5.90576
0.00175161	281.191	7.39077e-06	4.92924
0.00176639	270.104	7.39077e-06	5.19789
0.00178118	265.656	7.39077e-06	6.66833
0.00179596	254.58	7.39077e-06	5.97127
0.00181074	241.543	7.39077e-06	5.68119
0.00182552	223.292	7.39077e-06	4.86326
0.0018403	206.3	7.39077e-06	4.1468
0.00185508	199.391	7.39077e-06	4.43007
0.00186987	192.957	7.39077e-06	4.23396
0.00188465	177.042	7.39077e-06	3.75513
0.00189943	172.323	7.39077e-06	4.41461
0.00191421	170.793	7.39077e-06	3.86312
0.00192899	158.382	7.39077e-06	4.32856
0.00194377	145.976	7.39077e-06	3.89216
0.00195855	136.879	7.39077e-06	3.62971
0.00197334	126.897	7.39077e-06	3.42647
0.00198812	119.761	7.39077e-06	4.10103
0.0020029	115.268	7.39077e-06	3.76614
0.00201768	110.586	7.39077e-06	3.51811
0.00203246	94.2031	7.39077e-06	2.88146
0.00204724	100.565	7.39077e-06	3.93625
0.00206203	87.9593	7.39077e-06	2.75268
0.00207681	80.3107	7.39077e-06	2.53185
0.00209159	75.9212	7.39077e-06	2.54489
0.00210637	71.4971	7.39077e-06	2.71782
0.00212115	64.7715	7.39077e-06	2.17814
0.00213593	62.4822	7.39077e-06	2.38144
0.00215071	60.2291	7.39077e-06	2.4255
0.0021655	53.6522	7.39077e-06	1.929
0.00218028	48.7531	7.39077e-06	2.01814
0.00219506	47.4128	7.39077e-06	3.08421
0.00220984	42.3573	7.39077e-06	1.877
0.00222462	37.8123	7.39077e-06	1.61589
0.0022394	36.2589	7.39077e-06	1.84608
0.00225419	32.2216	7.39077e-06	1.46016
0.00226897	30.0559	7.39077e-06	1.41078
0.00228375	26.5954	7.39077e-06	1.45464
0.00229853	25.765	7.39077e-06	1.27258
0.00231331	21.032	7.39077e-06	1.26577
0.00232809	20.475	7.39077e-06	1.15805
0.00234287	19.0896	7.39077e-06	1.11581
0.00235766	17.7115	7.39077e-06	1.09159
0.00237244	14.5874	7.39077e-06	0.970619
0.00238722	15.865	7.39077e-06	1.00259
0.002402	12.4377	7.39077e-06	0.880679
0.00241678	9.04123	7.39077e-06	0.70589
0.00243156	10.3872	7.39077e-06	0.784687
0.00244635	7.79701	7.39077e-06	0.68188
0.00246113	5.72664	7.39077e-06	0.562682
0.00247591	5.65238	7.39077e-06	0.565392
0.00249069	4.3471	7.39077e-06	0.496431
0.00250547	4.64099	7.39077e-06	0.504432
0.00252025	2.99998	7.39077e-06	0.409307
0.00253503	2.10809	7.39077e-06	0.336518
0.00254982	1.20106	7.39077e-06	0.245993
0.0025646	0.838316	7.39077e-06	0.210025
0.00257938	0.106484	7.39077e-06	0.0753811
