7.39739e-06	0.0352927	7.39739e-06	0.0352927
2.21922e-05	0.746743	7.39739e-06	0.19238
3.6987e-05	2.12406	7.39739e-06	0.465783
5.17817e-05	4.53891	7.39739e-06	0.537053
6.65765e-05	8.28545	7.39739e-06	0.918682
8.13713e-05	11.976	7.39739e-06	1.44694
9.61661e-05	16.0052	7.39739e-06	1.14271
0.000110961	20.1897	7.39739e-06	1.34385
0.000125756	28.9704	7.39739e-06	1.69182
0.00014055	35.6711	7.39739e-06	1.83682
0.000155345	132.194	7.39739e-06	60.2341
0.00017014	50.8197	7.39739e-06	2.08059
0.000184935	70.992	7.39739e-06	4.82196
0.00019973	74.7319	7.39739e-06	3.40722
0.000214524	90.2952	7.39739e-06	3.39272
0.000229319	107.164	7.39739e-06	6.74593
0.000244114	117.57	7.39739e-06	4.6247
0.000258909	132.953	7.39739e-06	6.01995
0.000273703	139.63	7.39739e-06	4.20609
0.000288498	146.998	7.39739e-06	3.72729
0.000303293	169.032	7.39739e-06	4.63747
0.000318088	176.368	7.39739e-06	4.43316
0.000332883	198.625	7.39739e-06	5.17044
0.000347677	210.52	7.39739e-06	4.77387
0.000362472	240.751	7.39739e-06	6.5109
0.000377267	246.363	7.39739e-06	5.48178
0.000392062	275.095	7.39739e-06	5.3997
0.000406856	295.131	7.39739e-06	9.27123
0.000421651	306.74	7.39739e-06	6.67974
0.000436446	320.617	7.39739e-06	7.02974
0.000451241	346.306	7.39739e-06	7.57159
0.000466036	360.484	7.39739e-06	6.25933
0.00048083	379.619	7.39739e-06	6.84732
0.000495625	413.491	7.39739e-06	7.72132
0.00051042	419.279	7.39739e-06	7.58981
0.000525215	450.761	7.39739e-06	7.67475
0.00054001	469.536	7.39739e-06	7.52169
0.000554804	475.881	7.39739e-06	7.68346
0.000569599	523.658	7.39739e-06	8.60309
0.000584394	540.379	7.39739e-06	12.1027
0.000599189	532.292	7.39739e-06	8.87393
0.000613983	559.223	7.39739e-06	8.62085
0.000628778	597.381	7.39739e-06	11.5404
0.000643573	603.487	7.39739e-06	9.28809
0.000658368	632.57	7.39739e-06	10.077
0.000673163	648.628	7.39739e-06	10.3483
0.000687957	679.806	7.39739e-06	10.4706
0.000702752	690.793	7.39739e-06	11.2307
0.000717547	704.168	7.39739e-06	9.9402
0.000732342	735.131	7.39739e-06	11.247
0.000747136	720.55	7.39739e-06	10.4846
0.000761931	753.906	7.39739e-06	10.4467
0.000776726	781.55	7.39739e-06	13.3255
0.000791521	784.275	7.39739e-06	11.7112
0.000806316	779.944	7.39739e-06	10.7874
0.00082111	810.704	7.39739e-06	11.2537
0.000835905	810.202	7.39739e-06	11.4738
0.0008507	828.644	7.39739e-06	10.6269
0.000865495	832.116	7.39739e-06	12.2366
0.00088029	825.208	7.39739e-06	10.2234
0.000895084	893.947	7.39739e-06	15.4092
0.000909879	855.302	7.39739e-06	12.1463
0.000924674	872.834	7.39739e-06	12.0131
0.000939469	879.787	7.39739e-06	26.4779
0.000954263	888.169	7.39739e-06	14.5178
0.000969058	945.479	7.39739e-06	29.7942
0.000983853	899.871	7.39739e-06	16.4036
0.000998648	904.367	7.39739e-06	12.9158
0.00101344	906.639	7.39739e-06	12.7037
0.00102824	889.832	7.39739e-06	11.3497
0.00104303	899.522	7.39739e-06	13.3462
0.00105783	914.65	7.39739e-06	13.543
0.00107262	895.635	7.39739e-06	12.2967
0.00108742	919.547	7.39739e-06	12.8531
0.00110221	893.054	7.39739e-06	12.5214
0.00111701	898.472	7.39739e-06	12.2126
0.0011318	939.919	7.39739e-06	34.7344
0.0011466	888.233	7.39739e-06	15.5272
0.00116139	891.394	7.39739e-06	15.7823
0.00117619	875.383	7.39739e-06	12.7099
0.00119098	833.485	7.39739e-06	11.9464
0.00120577	837.64	7.39739e-06	12.2019
0.00122057	837.039	7.39739e-06	12.6047
0.00123536	838.329	7.39739e-06	12.2937
0.00125016	817.944	7.39739e-06	13.3691
0.00126495	816.72	7.39739e-06	13.3417
0.00127975	776.149	7.39739e-06	11.3711
0.00129454	767.096	7.39739e-06	14.1091
0.00130934	774.432	7.39739e-06	12.1218
0.00132413	733.84	7.39739e-06	10.4618
0.00133893	722.005	7.39739e-06	13.6589
0.00135372	732.739	7.39739e-06	13.237
0.00136852	708.353	7.39739e-06	12.3023
0.00138331	691.099	7.39739e-06	11.1199
0.00139811	683.41	7.39739e-06	11.6488
0.0014129	683.424	7.39739e-06	24.7477
0.0014277	635.153	7.39739e-06	11.4112
0.00144249	615.602	7.39739e-06	10.3975
0.00145729	624.654	7.39739e-06	13.2153
0.00147208	588.621	7.39739e-06	14.0184
0.00148688	550.617	7.39739e-06	8.92855
0.00150167	552.923	7.39739e-06	10.3272
0.00151647	524.993	7.39739e-06	11.1269
0.00153126	517.095	7.39739e-06	14.6629
0.00154605	518.602	7.39739e-06	10.4932
0.00156085	475.839	7.39739e-06	8.76957
0.00157564	481.725	7.39739e-06	9.88376
0.00159044	461.83	7.39739e-06	10.0648
0.00160523	431.691	7.39739e-06	8.66367
0.00162003	441.798	7.39739e-06	13.4635
0.00163482	390.737	7.39739e-06	7.8424
0.00164962	387.27	7.39739e-06	8.6205
0.00166441	350.576	7.39739e-06	7.34473
0.00167921	350.137	7.39739e-06	11.0245
0.001694	338.521	7.39739e-06	8.11488
0.0017088	323.534	7.39739e-06	7.62367
0.00172359	315.241	7.39739e-06	7.99684
0.00173839	310.113	7.39739e-06	7.75413
0.00175318	273.901	7.39739e-06	6.15427
0.00176798	284.675	7.39739e-06	9.35092
0.00178277	260.53	7.39739e-06	7.78358
0.00179757	342.662	7.39739e-06	88.5377
0.00181236	223.918	7.39739e-06	6.02276
0.00182716	219.192	7.39739e-06	6.9112
0.00184195	216.009	7.39739e-06	6.47658
0.00185675	202.343	7.39739e-06	6.1328
0.00187154	198.014	7.39739e-06	6.05399
0.00188633	172.837	7.39739e-06	5.32227
0.00190113	170.956	7.39739e-06	6.0874
0.00191592	159.894	7.39739e-06	5.01945
0.00193072	151.716	7.39739e-06	4.73553
0.00194551	145.936	7.39739e-06	5.80437
0.00196031	131.852	7.39739e-06	4.6175
0.0019751	128.838	7.39739e-06	4.7474
0.0019899	122.438	7.39739e-06	6.2692
0.00200469	107.758	7.39739e-06	4.1932
0.00201949	114.642	7.39739e-06	6.44147
0.00203428	106.992	7.39739e-06	5.22995
0.00204908	92.7296	7.39739e-06	3.9879
0.00206387	85.2377	7.39739e-06	3.79996
0.00207867	83.7509	7.39739e-06	3.90989
0.00209346	70.9304	7.39739e-06	3.14723
0.00210826	69.1398	7.39739e-06	2.92643
0.00212305	63.5058	7.39739e-06	2.84849
0.00213785	60.461	7.39739e-06	3.40011
0.00215264	52.2737	7.39739e-06	2.66718
0.00216744	49.0219	7.39739e-06	2.75342
0.00218223	54.7445	7.39739e-06	4.23571
0.00219703	49.0984	7.39739e-06	6.08459
0.00221182	46.4557	7.39739e-06	3.87924
0.00222661	41.3505	7.39739e-06	3.08617
0.00224141	42.365	7.39739e-06	4.60012
0.0022562	39.2382	7.39739e-06	3.73382
0.002271	30.4239	7.39739e-06	2.24648
0.00228579	24.5813	7.39739e-06	1.76725
0.00230059	23.0329	7.39739e-06	1.77604
0.00231538	19.745	7.39739e-06	1.59532
0.00233018	18.4681	7.39739e-06	1.77635
0.00234497	18.6622	7.39739e-06	1.93339
0.00235977	16.6949	7.39739e-06	1.48635
0.00237456	14.7159	7.39739e-06	1.53617
0.00238936	15.3284	7.39739e-06	1.7361
0.00240415	9.69864	7.39739e-06	1.20351
0.00241895	10.5388	7.39739e-06	1.57853
0.00243374	7.42451	7.39739e-06	0.909869
0.00244854	7.39499	7.39739e-06	1.03181
0.00246333	5.08314	7.39739e-06	0.889548
0.00247813	6.70942	7.39739e-06	1.14932
0.00249292	3.91904	7.39739e-06	0.709666
0.00250772	2.99382	7.39739e-06	0.664222
0.00252251	2.25829	7.39739e-06	0.533805
0.00253731	2.87697	7.39739e-06	0.697357
0.0025521	0.44264	7.39739e-06	0.182511
0.00256689	0.883233	7.39739e-06	0.303107
