0	5207.8	8.12363e-06	5859.96
1.62473e-05	2278.84	8.12363e-06	149.126
3.24945e-05	2068.93	8.12363e-06	51.1744
4.87418e-05	1966.81	8.12363e-06	30.7053
6.4989e-05	1894.49	8.12363e-06	22.488
8.12363e-05	1839.76	8.12363e-06	18.8381
9.74835e-05	1789.35	8.12363e-06	16.3155
0.000113731	1745.5	8.12363e-06	14.8105
0.000129978	1700.16	8.12363e-06	13.4335
0.000146225	1658.72	8.12363e-06	12.4659
0.000162473	1618.09	8.12363e-06	11.6607
0.00017872	1580.04	8.12363e-06	11.0493
0.000194967	1540.05	8.12363e-06	10.4473
0.000211214	1502.66	8.12363e-06	9.97591
0.000227462	1463.56	8.12363e-06	9.49855
0.000243709	1422.78	8.12363e-06	8.99087
0.000259956	1384.71	8.12363e-06	8.6026
0.000276203	1344.86	8.12363e-06	8.20591
0.000292451	1305.32	8.12363e-06	7.84592
0.000308698	1267.85	8.12363e-06	7.53135
0.000324945	1230.39	8.12363e-06	7.25177
0.000341192	1192.6	8.12363e-06	6.97892
0.00035744	1152.93	8.12363e-06	6.20898
0.000373687	1116.09	8.12363e-06	5.95786
0.000389934	1079.11	8.12363e-06	5.7087
0.000406181	1042.05	8.12363e-06	5.46569
0.000422429	1005.26	8.12363e-06	5.23537
0.000438676	970.292	8.12363e-06	5.02117
0.000454923	934.478	8.12363e-06	4.80005
0.00047117	899.322	8.12363e-06	4.58585
0.000487418	865.047	8.12363e-06	4.39127
0.000503665	831.42	8.12363e-06	4.16903
0.000519912	797.939	8.12363e-06	3.97423
0.000536159	766.083	8.12363e-06	3.8085
0.000552407	734.386	8.12363e-06	3.6406
0.000568654	703.097	8.12363e-06	3.47355
0.000584901	674.433	8.12363e-06	3.34648
0.000601148	645.05	8.12363e-06	3.21265
0.000617396	617.154	8.12363e-06	3.08135
0.000633643	589.613	8.12363e-06	2.93983
0.00064989	562.291	8.12363e-06	2.81521
0.000666137	536.47	8.12363e-06	2.68511
0.000682385	511.853	8.12363e-06	2.58692
0.000698632	487.12	8.12363e-06	2.41382
0.000714879	463.575	8.12363e-06	2.30614
0.000731126	440.765	8.12363e-06	2.20244
0.000747374	418.79	8.12363e-06	2.1093
0.000763621	397.842	8.12363e-06	2.0204
0.000779868	377.42	8.12363e-06	1.93968
0.000796115	357.157	8.12363e-06	1.81846
0.000812363	338.353	8.12363e-06	1.72119
0.00082861	319.257	8.12363e-06	1.64257
0.000844857	302.101	8.12363e-06	1.58057
0.000861104	285.038	8.12363e-06	1.50041
0.000877352	268.979	8.12363e-06	1.44222
0.000893599	253.676	8.12363e-06	1.38727
0.000909846	238.817	8.12363e-06	1.32521
0.000926093	225.386	8.12363e-06	1.27713
0.000942341	211.787	8.12363e-06	1.22636
0.000958588	199.223	8.12363e-06	1.18009
0.000974835	186.682	8.12363e-06	1.13539
0.000991082	175.18	8.12363e-06	1.09554
0.00100733	163.92	8.12363e-06	1.04059
0.00102358	153.386	8.12363e-06	1.00254
0.00103982	143.575	8.12363e-06	0.966371
0.00105607	133.753	8.12363e-06	0.911697
0.00107232	124.841	8.12363e-06	0.876665
0.00108857	116.368	8.12363e-06	0.842561
0.00110481	108.021	8.12363e-06	0.787708
0.00112106	100.342	8.12363e-06	0.731422
0.00113731	92.9928	8.12363e-06	0.693191
0.00115355	85.9938	8.12363e-06	0.625045
0.0011698	80.0799	8.12363e-06	0.601687
0.00118605	74.2641	8.12363e-06	0.576599
0.0012023	68.7857	8.12363e-06	0.553452
0.00121854	63.7718	8.12363e-06	0.532361
0.00123479	58.9409	8.12363e-06	0.504665
0.00125104	54.406	8.12363e-06	0.480397
0.00126729	50.2598	8.12363e-06	0.460489
0.00128353	46.2836	8.12363e-06	0.442533
0.00129978	42.7381	8.12363e-06	0.426189
0.00131603	39.2211	8.12363e-06	0.406299
0.00133227	35.9322	8.12363e-06	0.388268
0.00134852	33.1386	8.12363e-06	0.37499
0.00136477	30.1759	8.12363e-06	0.347822
0.00138102	27.4811	8.12363e-06	0.32873
0.00139726	25.0797	8.12363e-06	0.314578
0.00141351	22.9541	8.12363e-06	0.302034
0.00142976	20.869	8.12363e-06	0.288869
0.00144601	18.8479	8.12363e-06	0.267807
0.00146225	17.0824	8.12363e-06	0.256294
0.0014785	15.4421	8.12363e-06	0.239891
0.00149475	13.9414	8.12363e-06	0.228249
0.00151099	12.4959	8.12363e-06	0.214069
0.00152724	11.2208	8.12363e-06	0.202818
0.00154349	10.0916	8.12363e-06	0.189587
0.00155974	9.06313	8.12363e-06	0.179991
0.00157598	8.14653	8.12363e-06	0.171297
0.00159223	7.22814	8.12363e-06	0.161478
0.00160848	6.39469	8.12363e-06	0.151588
0.00162473	5.63043	8.12363e-06	0.141864
0.00164097	4.91383	8.12363e-06	0.132589
0.00165722	4.30962	8.12363e-06	0.12522
0.00167347	3.73817	8.12363e-06	0.117541
0.00168971	3.26427	8.12363e-06	0.106855
0.00170596	2.8248	8.12363e-06	0.0978353
0.00172221	2.45042	8.12363e-06	0.0910534
0.00173846	2.14262	8.12363e-06	0.0858243
0.0017547	1.83912	8.12363e-06	0.0794413
0.00177095	1.62068	8.12363e-06	0.0757196
0.0017872	1.37371	8.12363e-06	0.0705076
0.00180344	1.15632	8.12363e-06	0.0656093
0.00181969	0.9746	8.12363e-06	0.0588774
0.00183594	0.812885	8.12363e-06	0.0544037
0.00185219	0.667698	8.12363e-06	0.0507485
0.00186843	0.550984	8.12363e-06	0.0467549
0.00188468	0.475363	8.12363e-06	0.0446057
0.00190093	0.391872	8.12363e-06	0.0411447
0.00191718	0.30456	8.12363e-06	0.0363049
0.00193342	0.224473	8.12363e-06	0.0322239
0.00194967	0.169582	8.12363e-06	0.0291242
0.00196592	0.134247	8.12363e-06	0.0273407
0.00198216	0.115707	8.12363e-06	0.0262637
0.00199841	0.0783829	8.12363e-06	0.0228046
0.00201466	0.0726921	8.12363e-06	0.0224688
0.00203091	0.0598595	8.12363e-06	0.0216288
0.00204715	0.0383686	8.12363e-06	0.0185058
0.0020634	0.0301666	8.12363e-06	0.0174975
0.00207965	0.0301666	8.12363e-06	0.0174975
0.0020959	0.0185276	8.12363e-06	0.013431
