0	4243.88	9.71813e-06	4926.05
1.94363e-05	1781.74	9.71813e-06	125.918
3.88725e-05	1602.92	9.71813e-06	40.1765
5.83088e-05	1519.01	9.71813e-06	21.9405
7.7745e-05	1465.87	9.71813e-06	15.6444
9.71813e-05	1426.55	9.71813e-06	12.9222
0.000116618	1392.19	9.71813e-06	11.245
0.000136054	1361.05	9.71813e-06	10.1209
0.00015549	1332.78	9.71813e-06	9.35866
0.000174926	1304.29	9.71813e-06	8.70059
0.000194363	1276.87	9.71813e-06	8.16473
0.000213799	1250.43	9.71813e-06	7.73904
0.000233235	1224.86	9.71813e-06	7.37917
0.000252671	1198.47	9.71813e-06	7.02383
0.000272108	1171.92	9.71813e-06	6.69941
0.000291544	1144.73	9.71813e-06	6.37213
0.00031098	1118.95	9.71813e-06	6.12318
0.000330416	1093.53	9.71813e-06	5.90323
0.000349853	1068.08	9.71813e-06	5.69752
0.000369289	1041.49	9.71813e-06	5.46887
0.000388725	1015.23	9.71813e-06	5.27585
0.000408161	989.096	9.71813e-06	5.07984
0.000427598	962.08	9.71813e-06	4.86983
0.000447034	936.22	9.71813e-06	4.70202
0.00046647	910.288	9.71813e-06	4.50006
0.000485906	884.332	9.71813e-06	4.32465
0.000505343	858.488	9.71813e-06	4.18016
0.000524779	832.143	9.71813e-06	4.02323
0.000544215	806.505	9.71813e-06	3.87205
0.000563651	779.826	9.71813e-06	3.65244
0.000583088	752.945	9.71813e-06	3.49414
0.000602524	728.249	9.71813e-06	3.37541
0.00062196	702.484	9.71813e-06	3.23086
0.000641396	677.601	9.71813e-06	3.11238
0.000660833	652.602	9.71813e-06	2.98401
0.000680269	628.647	9.71813e-06	2.87332
0.000699705	605.097	9.71813e-06	2.7735
0.000719142	581.872	9.71813e-06	2.66496
0.000738578	558.647	9.71813e-06	2.56259
0.000758014	536.353	9.71813e-06	2.47081
0.00077745	514.72	9.71813e-06	2.38483
0.000796887	492.949	9.71813e-06	2.28919
0.000816323	471.897	9.71813e-06	2.19968
0.000835759	451.306	9.71813e-06	2.11407
0.000855195	431.178	9.71813e-06	2.02314
0.000874632	410.56	9.71813e-06	1.93084
0.000894068	391.326	9.71813e-06	1.85457
0.000913504	372.924	9.71813e-06	1.77786
0.00093294	354.395	9.71813e-06	1.70257
0.000952377	337.118	9.71813e-06	1.6416
0.000971813	319.375	9.71813e-06	1.56999
0.000991249	303.021	9.71813e-06	1.51337
0.00101069	286.932	9.71813e-06	1.41742
0.00103012	271.65	9.71813e-06	1.36179
0.00104956	257.013	9.71813e-06	1.30807
0.00106899	243.046	9.71813e-06	1.25946
0.00108843	229.385	9.71813e-06	1.20827
0.00110787	216.185	9.71813e-06	1.15385
0.0011273	203.63	9.71813e-06	1.10625
0.00114674	191.336	9.71813e-06	1.03931
0.00116618	180.037	9.71813e-06	0.999086
0.00118561	168.582	9.71813e-06	0.94001
0.00120505	158.128	9.71813e-06	0.902295
0.00122448	148.027	9.71813e-06	0.865696
0.00124392	138.524	9.71813e-06	0.818364
0.00126336	129.603	9.71813e-06	0.786271
0.00128279	120.629	9.71813e-06	0.748145
0.00130223	112.215	9.71813e-06	0.711875
0.00132167	104.167	9.71813e-06	0.677801
0.0013411	96.7275	9.71813e-06	0.643561
0.00136054	89.8349	9.71813e-06	0.615127
0.00137997	83.3128	9.71813e-06	0.590399
0.00139941	77.3223	9.71813e-06	0.567233
0.00141885	71.2801	9.71813e-06	0.535995
0.00143828	65.9775	9.71813e-06	0.514385
0.00145772	60.8369	9.71813e-06	0.493046
0.00147716	56.0751	9.71813e-06	0.467052
0.00149659	51.5837	9.71813e-06	0.425759
0.00151603	47.4127	9.71813e-06	0.404126
0.00153546	43.6079	9.71813e-06	0.385652
0.0015549	39.9163	9.71813e-06	0.363987
0.00157434	36.527	9.71813e-06	0.349288
0.00159377	33.4359	9.71813e-06	0.332325
0.00161321	30.3932	9.71813e-06	0.311465
0.00163265	27.6357	9.71813e-06	0.297833
0.00165208	25.1344	9.71813e-06	0.285134
0.00167152	22.8274	9.71813e-06	0.269675
0.00169095	20.6854	9.71813e-06	0.255604
0.00171039	18.612	9.71813e-06	0.242004
0.00172983	16.7654	9.71813e-06	0.23024
0.00174926	15.1352	9.71813e-06	0.215854
0.0017687	13.5808	9.71813e-06	0.204302
0.00178814	12.1519	9.71813e-06	0.182287
0.00180757	10.8406	9.71813e-06	0.172317
0.00182701	9.62127	9.71813e-06	0.158874
0.00184644	8.5628	9.71813e-06	0.150345
0.00186588	7.6545	9.71813e-06	0.142458
0.00188532	6.76554	9.71813e-06	0.131756
0.00190475	5.95149	9.71813e-06	0.122457
0.00192419	5.27166	9.71813e-06	0.115893
0.00194363	4.68448	9.71813e-06	0.11082
0.00196306	4.10519	9.71813e-06	0.101953
0.0019825	3.61071	9.71813e-06	0.0959803
0.00200193	3.14415	9.71813e-06	0.0898617
0.00202137	2.73635	9.71813e-06	0.082543
0.00204081	2.35787	9.71813e-06	0.0775444
0.00206024	2.03502	9.71813e-06	0.0714374
0.00207968	1.72325	9.71813e-06	0.0658796
0.00209912	1.42811	9.71813e-06	0.0578188
0.00211855	1.25474	9.71813e-06	0.0551415
0.00213799	1.07215	9.71813e-06	0.051502
0.00215742	0.867265	9.71813e-06	0.0444532
0.00217686	0.733046	9.71813e-06	0.041431
0.0021963	0.603123	9.71813e-06	0.0385331
0.00221573	0.499219	9.71813e-06	0.0355576
0.00223517	0.412381	9.71813e-06	0.0314975
0.00225461	0.335581	9.71813e-06	0.0280242
0.00227404	0.276323	9.71813e-06	0.0260756
0.00229348	0.206496	9.71813e-06	0.0227401
0.00231291	0.153019	9.71813e-06	0.0204186
0.00233235	0.115953	9.71813e-06	0.0181714
0.00235179	0.0824501	9.71813e-06	0.0159734
0.00237122	0.064259	9.71813e-06	0.0142422
0.00239066	0.0317121	9.71813e-06	0.00911856
0.0024101	0.0193454	9.71813e-06	0.0077049
0.00242953	0.0063037	9.71813e-06	0.00461892
