0	4991.37	8.45609e-06	5597.38
1.69122e-05	2193.68	8.45609e-06	143.105
3.38244e-05	1993.11	8.45609e-06	50.7747
5.07366e-05	1895.4	8.45609e-06	32.3136
6.76487e-05	1823.73	8.45609e-06	24.7926
8.45609e-05	1768.04	8.45609e-06	21.3696
0.000101473	1720.67	8.45609e-06	19.5146
0.000118385	1679.47	8.45609e-06	18.42
0.000135297	1640.49	8.45609e-06	17.6398
0.00015221	1589.37	8.45609e-06	11.9602
0.000169122	1551.18	8.45609e-06	11.2175
0.000186034	1512.57	8.45609e-06	10.5448
0.000202946	1476.42	8.45609e-06	10.0238
0.000219858	1437.72	8.45609e-06	9.389
0.000236771	1400.48	8.45609e-06	8.94186
0.000253683	1361.44	8.45609e-06	8.48432
0.000270595	1324.1	8.45609e-06	8.04688
0.000287507	1285.75	8.45609e-06	7.65375
0.000304419	1249.28	8.45609e-06	7.33056
0.000321331	1213.56	8.45609e-06	7.03102
0.000338244	1177.03	8.45609e-06	6.72105
0.000355156	1142	8.45609e-06	6.47234
0.000372068	1107.19	8.45609e-06	6.23657
0.00038898	1070.66	8.45609e-06	5.98462
0.000405892	1035.39	8.45609e-06	5.75137
0.000422805	1000.11	8.45609e-06	5.53162
0.000439717	965.206	8.45609e-06	5.32597
0.000456629	931.95	8.45609e-06	5.14969
0.000473541	898.609	8.45609e-06	4.97504
0.000490453	865.209	8.45609e-06	4.75165
0.000507366	832.291	8.45609e-06	4.58636
0.000524278	798.452	8.45609e-06	4.02344
0.00054119	767.411	8.45609e-06	3.87051
0.000558102	735.801	8.45609e-06	3.70204
0.000575014	706.129	8.45609e-06	3.56573
0.000591926	676.547	8.45609e-06	3.42132
0.000608839	647.895	8.45609e-06	3.27825
0.000625751	620.552	8.45609e-06	3.16176
0.000642663	593.423	8.45609e-06	3.04651
0.000659575	567.218	8.45609e-06	2.93536
0.000676487	541.535	8.45609e-06	2.83149
0.0006934	517.169	8.45609e-06	2.74123
0.000710312	493.59	8.45609e-06	2.65428
0.000727224	469.71	8.45609e-06	2.56535
0.000744136	446.988	8.45609e-06	2.47361
0.000761048	425.607	8.45609e-06	2.4009
0.00077796	404.4	8.45609e-06	2.32802
0.000794873	384.107	8.45609e-06	2.2645
0.000811785	364.319	8.45609e-06	2.20191
0.000828697	345.239	8.45609e-06	2.13737
0.000845609	326.845	8.45609e-06	2.07652
0.000862521	309.645	8.45609e-06	2.02538
0.000879434	292.359	8.45609e-06	1.96763
0.000896346	275.974	8.45609e-06	1.91647
0.000913258	260.235	8.45609e-06	1.87105
0.00093017	245.063	8.45609e-06	1.8247
0.000947082	231.023	8.45609e-06	1.78628
0.000963994	217.612	8.45609e-06	1.75302
0.000980907	204.322	8.45609e-06	1.71124
0.000997819	191.865	8.45609e-06	1.67918
0.00101473	179.846	8.45609e-06	1.64159
0.00103164	168.354	8.45609e-06	1.58534
0.00104856	157.883	8.45609e-06	1.5536
0.00106547	147.939	8.45609e-06	1.52745
0.00108238	138.396	8.45609e-06	1.50592
0.00109929	129.222	8.45609e-06	1.48217
0.0011162	120.576	8.45609e-06	1.45946
0.00113312	112.161	8.45609e-06	1.43843
0.00115003	104.512	8.45609e-06	1.42066
0.00116694	97.4846	8.45609e-06	1.40704
0.00118385	89.4322	8.45609e-06	0.983157
0.00120077	83.2033	8.45609e-06	0.967628
0.00121768	76.9553	8.45609e-06	0.934944
0.00123459	71.503	8.45609e-06	0.921087
0.0012515	66.1008	8.45609e-06	0.90437
0.00126841	61.2297	8.45609e-06	0.890027
0.00128533	56.2467	8.45609e-06	0.757266
0.00130224	51.955	8.45609e-06	0.745601
0.00131915	47.7788	8.45609e-06	0.730764
0.00133606	44.1663	8.45609e-06	0.721065
0.00135297	40.818	8.45609e-06	0.711999
0.00136989	37.3175	8.45609e-06	0.684768
0.0013868	34.1575	8.45609e-06	0.675341
0.00140371	31.2361	8.45609e-06	0.6671
0.00142062	28.5794	8.45609e-06	0.659342
0.00143754	26.1105	8.45609e-06	0.651672
0.00145445	23.8025	8.45609e-06	0.64486
0.00147136	21.8269	8.45609e-06	0.63997
0.00148827	19.8273	8.45609e-06	0.632881
0.00150518	17.9111	8.45609e-06	0.623422
0.0015221	16.3534	8.45609e-06	0.619341
0.00153901	14.7948	8.45609e-06	0.614214
0.00155592	13.4291	8.45609e-06	0.6106
0.00157283	12.3131	8.45609e-06	0.607791
0.00158975	11.1341	8.45609e-06	0.604538
0.00160666	10.0656	8.45609e-06	0.601889
0.00162357	8.98319	8.45609e-06	0.596641
0.00164048	8.10601	8.45609e-06	0.593971
0.00165739	7.27772	8.45609e-06	0.591196
0.00167431	6.42704	8.45609e-06	0.588938
0.00169122	4.88866	8.45609e-06	0.12342
0.00170813	4.33216	8.45609e-06	0.117621
0.00172504	3.79311	8.45609e-06	0.109153
0.00174195	3.27435	8.45609e-06	0.101323
0.00175887	2.86396	8.45609e-06	0.0944097
0.00177578	2.46482	8.45609e-06	0.0884202
0.00179269	2.13236	8.45609e-06	0.0830886
0.0018096	1.85498	8.45609e-06	0.0786742
0.00182652	1.5966	8.45609e-06	0.0739233
0.00184343	1.3858	8.45609e-06	0.0692967
0.00186034	1.15953	8.45609e-06	0.0640339
0.00187725	0.972795	8.45609e-06	0.0595932
0.00189416	0.796717	8.45609e-06	0.0549449
0.00191108	0.671575	8.45609e-06	0.0520688
0.00192799	0.568626	8.45609e-06	0.0490154
0.0019449	0.471725	8.45609e-06	0.0454027
0.00196181	0.380861	8.45609e-06	0.0410289
0.00197873	0.283652	8.45609e-06	0.0335686
0.00199564	0.243327	8.45609e-06	0.0320006
0.00201255	0.175745	8.45609e-06	0.0257828
0.00202946	0.113905	8.45609e-06	0.0202473
0.00204637	0.0900522	8.45609e-06	0.0184095
0.00206329	0.0666031	8.45609e-06	0.0163897
0.0020802	0.0440047	8.45609e-06	0.0143917
0.00209711	0.0304666	8.45609e-06	0.0124964
0.00211402	0.0246099	8.45609e-06	0.0113034
0.00213094	0.0172994	8.45609e-06	0.00995552
0.00214785	0.00533394	8.45609e-06	0.00472099
0.00216476	0.00467458	8.45609e-06	0.00467472
