0	6198.98	6.77214e-06	6911.47
1.35443e-05	2744.69	6.77214e-06	194.821
2.70886e-05	2468.57	6.77214e-06	63.0856
4.06328e-05	2341.2	6.77214e-06	37.0373
5.41771e-05	2253.82	6.77214e-06	27.2355
6.77214e-05	2185.4	6.77214e-06	22.5157
8.12657e-05	2124.44	6.77214e-06	19.2545
9.481e-05	2070.82	6.77214e-06	17.3377
0.000108354	2022.09	6.77214e-06	16.0173
0.000121899	1975.2	6.77214e-06	14.9929
0.000135443	1925.53	6.77214e-06	13.9715
0.000148987	1878.76	6.77214e-06	13.2029
0.000162531	1831.47	6.77214e-06	12.492
0.000176076	1783.6	6.77214e-06	11.7485
0.00018962	1737.27	6.77214e-06	11.1914
0.000203164	1691.05	6.77214e-06	10.6852
0.000216708	1642.89	6.77214e-06	10.0096
0.000230253	1597.64	6.77214e-06	9.5806
0.000243797	1554.33	6.77214e-06	9.21217
0.000257341	1509.46	6.77214e-06	8.84224
0.000270886	1464.69	6.77214e-06	8.49494
0.00028443	1416.56	6.77214e-06	7.75603
0.000297974	1372.99	6.77214e-06	7.44381
0.000311518	1327.55	6.77214e-06	7.10532
0.000325063	1283.45	6.77214e-06	6.80071
0.000338607	1241.72	6.77214e-06	6.54545
0.000352151	1199.59	6.77214e-06	6.29052
0.000365696	1156.75	6.77214e-06	5.99455
0.00037924	1115.54	6.77214e-06	5.67995
0.000392784	1075.51	6.77214e-06	5.42616
0.000406328	1037.06	6.77214e-06	5.23086
0.000419873	999.306	6.77214e-06	5.04778
0.000433417	961.388	6.77214e-06	4.85388
0.000446961	925.117	6.77214e-06	4.68539
0.000460506	887.704	6.77214e-06	4.48186
0.00047405	850.731	6.77214e-06	4.26311
0.000487594	816.02	6.77214e-06	4.1114
0.000501138	782.335	6.77214e-06	3.9631
0.000514683	749.143	6.77214e-06	3.82121
0.000528227	716.188	6.77214e-06	3.6746
0.000541771	685.22	6.77214e-06	3.54639
0.000555316	654.299	6.77214e-06	3.43019
0.00056886	624.654	6.77214e-06	3.31513
0.000582404	596.03	6.77214e-06	3.19635
0.000595948	568.302	6.77214e-06	3.09653
0.000609493	542.032	6.77214e-06	2.99883
0.000623037	515.474	6.77214e-06	2.8568
0.000636581	490.373	6.77214e-06	2.76005
0.000650125	466.047	6.77214e-06	2.67671
0.00066367	442.737	6.77214e-06	2.59379
0.000677214	420.03	6.77214e-06	2.52147
0.000690758	397.99	6.77214e-06	2.4526
0.000704303	376.754	6.77214e-06	2.37925
0.000717847	355.954	6.77214e-06	2.303
0.000731391	336.443	6.77214e-06	2.23121
0.000744935	318.099	6.77214e-06	2.17761
0.00075848	300.288	6.77214e-06	2.1285
0.000772024	282.287	6.77214e-06	1.86018
0.000785568	265.883	6.77214e-06	1.81207
0.000799113	250.271	6.77214e-06	1.77003
0.000812657	235.533	6.77214e-06	1.72597
0.000826201	219.918	6.77214e-06	1.42979
0.000839745	206.136	6.77214e-06	1.376
0.00085329	193.419	6.77214e-06	1.33459
0.000866834	181.171	6.77214e-06	1.29178
0.000880378	169.214	6.77214e-06	1.19142
0.000893923	158.388	6.77214e-06	1.15594
0.000907467	147.547	6.77214e-06	1.11132
0.000921011	136.56	6.77214e-06	0.942074
0.000934555	127.009	6.77214e-06	0.903313
0.0009481	117.801	6.77214e-06	0.867241
0.000961644	109.364	6.77214e-06	0.80462
0.000975188	101.284	6.77214e-06	0.759713
0.000988733	93.3896	6.77214e-06	0.726882
0.00100228	86.2891	6.77214e-06	0.694728
0.00101582	79.6679	6.77214e-06	0.668406
0.00102937	73.2042	6.77214e-06	0.637031
0.00104291	67.1531	6.77214e-06	0.599643
0.00105645	61.7018	6.77214e-06	0.575419
0.00107	56.6148	6.77214e-06	0.544927
0.00108354	51.9051	6.77214e-06	0.526283
0.00109709	47.5247	6.77214e-06	0.497362
0.00111063	43.473	6.77214e-06	0.473921
0.00112418	39.6199	6.77214e-06	0.453754
0.00113772	36.0107	6.77214e-06	0.430897
0.00115126	32.9537	6.77214e-06	0.417267
0.00116481	29.769	6.77214e-06	0.396785
0.00117835	26.8481	6.77214e-06	0.377531
0.0011919	24.2179	6.77214e-06	0.360665
0.00120544	21.7234	6.77214e-06	0.340793
0.00121899	19.3875	6.77214e-06	0.317317
0.00123253	17.4026	6.77214e-06	0.302148
0.00124607	15.5305	6.77214e-06	0.285552
0.00125962	13.7725	6.77214e-06	0.268274
0.00127316	12.2729	6.77214e-06	0.247888
0.00128671	10.7692	6.77214e-06	0.233205
0.00130025	9.44769	6.77214e-06	0.220253
0.0013138	8.16578	6.77214e-06	0.204663
0.00132734	7.21145	6.77214e-06	0.196451
0.00134088	6.29953	6.77214e-06	0.185516
0.00135443	5.47021	6.77214e-06	0.170849
0.00136797	4.66168	6.77214e-06	0.159895
0.00138152	3.95463	6.77214e-06	0.147507
0.00139506	3.35686	6.77214e-06	0.13654
0.00140861	2.74114	6.77214e-06	0.118237
0.00142215	2.20287	6.77214e-06	0.107475
0.00143569	1.84284	6.77214e-06	0.100377
0.00144924	1.46641	6.77214e-06	0.0912439
0.00146278	1.13607	6.77214e-06	0.07619
0.00147633	0.873408	6.77214e-06	0.0686974
0.00148987	0.672851	6.77214e-06	0.0605087
0.00150342	0.517303	6.77214e-06	0.0554404
0.00151696	0.369021	6.77214e-06	0.0483683
0.0015305	0.266095	6.77214e-06	0.0424348
0.00154405	0.204563	6.77214e-06	0.0372599
0.00155759	0.126474	6.77214e-06	0.030272
0.00157114	0.0781221	6.77214e-06	0.023507
0.00158468	0.0311013	6.77214e-06	0.0128207
0.00159823	0.0222292	6.77214e-06	0.0114234
0.00161177	0.0123146	6.77214e-06	0.00900838
0.00162531	0.0084493	6.77214e-06	0.00844959
