0	5376.19	7.88031e-06	6007.92
1.57606e-05	2373.45	7.88031e-06	164.516
3.15212e-05	2140.57	7.88031e-06	53.7946
4.72818e-05	2031.98	7.88031e-06	31.546
6.30425e-05	1958.59	7.88031e-06	23.4287
7.88031e-05	1899.92	7.88031e-06	19.3929
9.45637e-05	1847.77	7.88031e-06	16.8229
0.000110324	1799.21	7.88031e-06	14.9896
0.000126085	1756.19	7.88031e-06	13.8032
0.000141846	1714.29	7.88031e-06	12.8517
0.000157606	1672.92	7.88031e-06	12.0507
0.000173367	1630.99	7.88031e-06	11.3154
0.000189127	1589.43	7.88031e-06	10.6631
0.000204888	1548.83	7.88031e-06	10.1189
0.000220649	1509.05	7.88031e-06	9.64854
0.000236409	1468.33	7.88031e-06	9.1855
0.00025217	1429.19	7.88031e-06	8.79754
0.00026793	1387.89	7.88031e-06	8.38602
0.000283691	1347.35	7.88031e-06	8.01422
0.000299452	1306.19	7.88031e-06	7.60848
0.000315212	1268.08	7.88031e-06	7.32768
0.000330973	1227.98	7.88031e-06	7.01988
0.000346734	1189.5	7.88031e-06	6.75326
0.000362494	1151.13	7.88031e-06	6.49623
0.000378255	1113.46	7.88031e-06	6.26183
0.000394015	1073.3	7.88031e-06	5.97597
0.000409776	1035.86	7.88031e-06	5.7617
0.000425537	998.161	7.88031e-06	5.43337
0.000441297	959.734	7.88031e-06	5.13477
0.000457058	924.484	7.88031e-06	4.94889
0.000472818	889.898	7.88031e-06	4.77794
0.000488579	855.492	7.88031e-06	4.57865
0.00050434	822.65	7.88031e-06	4.42087
0.0005201	790.261	7.88031e-06	4.28005
0.000535861	755.51	7.88031e-06	3.75294
0.000551622	724.058	7.88031e-06	3.60093
0.000567382	693.482	7.88031e-06	3.4654
0.000583143	663.257	7.88031e-06	3.31945
0.000598903	633.536	7.88031e-06	3.18105
0.000614664	604.909	7.88031e-06	3.0535
0.000630425	576.896	7.88031e-06	2.93693
0.000646185	550.119	7.88031e-06	2.81575
0.000661946	524.539	7.88031e-06	2.70398
0.000677706	500.034	7.88031e-06	2.60034
0.000693467	475.999	7.88031e-06	2.50615
0.000709228	452.385	7.88031e-06	2.41138
0.000724988	429.634	7.88031e-06	2.32873
0.000740749	408.038	7.88031e-06	2.25388
0.00075651	387.402	7.88031e-06	2.18531
0.00077227	367.023	7.88031e-06	2.11278
0.000788031	346.694	7.88031e-06	2.02043
0.000803791	328.389	7.88031e-06	1.95935
0.000819552	310.558	7.88031e-06	1.9011
0.000835313	293.488	7.88031e-06	1.84471
0.000851073	276.456	7.88031e-06	1.74147
0.000866834	261.223	7.88031e-06	1.69327
0.000882594	246.534	7.88031e-06	1.65063
0.000898355	231.995	7.88031e-06	1.60596
0.000914116	216.632	7.88031e-06	1.33383
0.000929876	202.924	7.88031e-06	1.22158
0.000945637	190.402	7.88031e-06	1.17349
0.000961398	178.342	7.88031e-06	1.1057
0.000977158	167.303	7.88031e-06	1.06267
0.000992919	156.81	7.88031e-06	1.0271
0.00100868	146.478	7.88031e-06	0.991496
0.00102444	136.802	7.88031e-06	0.922416
0.0010402	127.827	7.88031e-06	0.891833
0.00105596	118.813	7.88031e-06	0.850672
0.00107172	110.526	7.88031e-06	0.809925
0.00108748	102.749	7.88031e-06	0.779341
0.00110324	95.5318	7.88031e-06	0.750593
0.001119	88.7511	7.88031e-06	0.718794
0.00113476	82.4084	7.88031e-06	0.68546
0.00115052	76.3324	7.88031e-06	0.655994
0.00116629	70.6806	7.88031e-06	0.635138
0.00118205	65.4918	7.88031e-06	0.616505
0.00119781	60.4409	7.88031e-06	0.588686
0.00121357	55.4155	7.88031e-06	0.53942
0.00122933	50.8449	7.88031e-06	0.50779
0.00124509	46.9005	7.88031e-06	0.491908
0.00126085	43.3075	7.88031e-06	0.475314
0.00127661	39.7608	7.88031e-06	0.455619
0.00129237	36.492	7.88031e-06	0.429395
0.00130813	33.5043	7.88031e-06	0.411312
0.00132389	30.6956	7.88031e-06	0.389187
0.00133965	28.1357	7.88031e-06	0.374867
0.00135541	25.5854	7.88031e-06	0.355642
0.00137117	23.27	7.88031e-06	0.319511
0.00138693	21.1451	7.88031e-06	0.305035
0.00140269	19.2296	7.88031e-06	0.289199
0.00141846	17.4969	7.88031e-06	0.277927
0.00143422	15.8068	7.88031e-06	0.258909
0.00144998	14.2983	7.88031e-06	0.248104
0.00146574	12.8509	7.88031e-06	0.23757
0.0014815	11.4902	7.88031e-06	0.22169
0.00149726	10.332	7.88031e-06	0.21255
0.00151302	9.291	7.88031e-06	0.203273
0.00152878	8.25391	7.88031e-06	0.175315
0.00154454	7.43382	7.88031e-06	0.166859
0.0015603	6.65377	7.88031e-06	0.158125
0.00157606	5.97466	7.88031e-06	0.150765
0.00159182	5.30757	7.88031e-06	0.14405
0.00160758	4.59949	7.88031e-06	0.133592
0.00162334	4.03542	7.88031e-06	0.124883
0.0016391	3.63408	7.88031e-06	0.119072
0.00165486	3.18302	7.88031e-06	0.111085
0.00167063	2.75172	7.88031e-06	0.101195
0.00168639	2.34327	7.88031e-06	0.0931754
0.00170215	2.05635	7.88031e-06	0.0879081
0.00171791	1.75052	7.88031e-06	0.0820717
0.00173367	1.50223	7.88031e-06	0.0750193
0.00174943	1.26947	7.88031e-06	0.0684054
0.00176519	1.04539	7.88031e-06	0.0617634
0.00178095	0.854966	7.88031e-06	0.0564225
0.00179671	0.688309	7.88031e-06	0.0500996
0.00181247	0.576809	7.88031e-06	0.0470021
0.00182823	0.450979	7.88031e-06	0.0408083
0.00184399	0.363108	7.88031e-06	0.036241
0.00185975	0.315332	7.88031e-06	0.034341
0.00187551	0.230826	7.88031e-06	0.0292275
0.00189127	0.168252	7.88031e-06	0.0253082
0.00190703	0.125034	7.88031e-06	0.0223149
0.0019228	0.0760772	7.88031e-06	0.0180186
0.00193856	0.06682	7.88031e-06	0.017407
0.00195432	0.0412313	7.88031e-06	0.0133474
0.00197008	0.0270479	7.88031e-06	0.010792
0.00198584	0.022729	7.88031e-06	0.0101688
0.0020016	0.0161287	7.88031e-06	0.00902227
0.00201736	0.0117318	7.88031e-06	0.00845754
0.00203312	0.00702962	7.88031e-06	0.00702983
