9.82557e-06	1185.68	9.82557e-06	15.4056
2.94767e-05	250.264	9.82557e-06	6.48869
4.91278e-05	201.183	9.82557e-06	7.51368
6.8779e-05	187.124	9.82557e-06	6.17253
8.84301e-05	171.87	9.82557e-06	5.06279
0.000108081	185.269	9.82557e-06	6.30427
0.000127732	192.6	9.82557e-06	6.7281
0.000147383	233.913	9.82557e-06	13.4074
0.000167035	226.756	9.82557e-06	8.7766
0.000186686	254.901	9.82557e-06	8.2099
0.000206337	254.26	9.82557e-06	7.41036
0.000225988	279.559	9.82557e-06	7.88211
0.000245639	323.287	9.82557e-06	12.0535
0.00026529	337.904	9.82557e-06	12.5596
0.000284941	351.03	9.82557e-06	9.5318
0.000304593	362.558	9.82557e-06	7.7334
0.000324244	398.89	9.82557e-06	8.24815
0.000343895	441.082	9.82557e-06	10.2363
0.000363546	448.264	9.82557e-06	10.8018
0.000383197	472.737	9.82557e-06	10.3769
0.000402848	507.068	9.82557e-06	10.9627
0.000422499	513.328	9.82557e-06	10.1974
0.00044215	580.705	9.82557e-06	11.8865
0.000461802	580.049	9.82557e-06	11.9022
0.000481453	602.44	9.82557e-06	11.7055
0.000501104	630.149	9.82557e-06	11.7979
0.000520755	643.745	9.82557e-06	11.384
0.000540406	679.226	9.82557e-06	12.8005
0.000560057	732.361	9.82557e-06	13.8536
0.000579708	720.306	9.82557e-06	13.6272
0.00059936	757.411	9.82557e-06	14.5022
0.000619011	763.507	9.82557e-06	13.704
0.000638662	782.859	9.82557e-06	14.0024
0.000658313	796.715	9.82557e-06	13.63
0.000677964	818.415	9.82557e-06	18.2113
0.000697615	854.35	9.82557e-06	19.3506
0.000717266	847.762	9.82557e-06	24.5885
0.000736917	811.952	9.82557e-06	14.4683
0.000756569	842.474	9.82557e-06	13.7779
0.00077622	871.21	9.82557e-06	15.1081
0.000795871	867.476	9.82557e-06	14.5408
0.000815522	851.551	9.82557e-06	12.8275
0.000835173	872.615	9.82557e-06	14.7455
0.000854824	907.644	9.82557e-06	19.7893
0.000874475	858.929	9.82557e-06	15.6803
0.000894126	853.467	9.82557e-06	25.7797
0.000913778	875.883	9.82557e-06	19.9118
0.000933429	870.458	9.82557e-06	15.774
0.00095308	850.796	9.82557e-06	14.7669
0.000972731	843.868	9.82557e-06	16.3187
0.000992382	819.243	9.82557e-06	15.4735
0.00101203	834.911	9.82557e-06	17.7691
0.00103168	821.81	9.82557e-06	15.6848
0.00105134	821.541	9.82557e-06	15.1429
0.00107099	771.657	9.82557e-06	15.0434
0.00109064	789.53	9.82557e-06	29.9907
0.00111029	766.109	9.82557e-06	17.6844
0.00112994	733.505	9.82557e-06	15.4438
0.00114959	729.111	9.82557e-06	15.9874
0.00116924	674.706	9.82557e-06	12.9717
0.00118889	693.641	9.82557e-06	14.1734
0.00120854	667.281	9.82557e-06	15.8727
0.0012282	646.865	9.82557e-06	13.7559
0.00124785	609.296	9.82557e-06	13.6638
0.0012675	602.336	9.82557e-06	13.8767
0.00128715	571.624	9.82557e-06	14.5106
0.0013068	571.23	9.82557e-06	19.8711
0.00132645	533.045	9.82557e-06	10.415
0.0013461	522.796	9.82557e-06	17.2897
0.00136575	490.073	9.82557e-06	10.2909
0.0013854	465.131	9.82557e-06	11.7313
0.00140506	446.036	9.82557e-06	9.91337
0.00142471	421.874	9.82557e-06	9.97056
0.00144436	403.915	9.82557e-06	10.7553
0.00146401	402.256	9.82557e-06	15.317
0.00148366	369.733	9.82557e-06	9.70245
0.00150331	385.256	9.82557e-06	17.0506
0.00152296	337.55	9.82557e-06	8.71255
0.00154261	309.794	9.82557e-06	8.20155
0.00156226	314.63	9.82557e-06	9.56862
0.00158192	293.19	9.82557e-06	9.70716
0.00160157	263.525	9.82557e-06	8.03967
0.00162122	236.29	9.82557e-06	7.33577
0.00164087	230.114	9.82557e-06	7.55185
0.00166052	207.705	9.82557e-06	6.82833
0.00168017	204.677	9.82557e-06	13.3436
0.00169982	194.365	9.82557e-06	6.93395
0.00171947	171.51	9.82557e-06	6.53579
0.00173913	159.109	9.82557e-06	6.22703
0.00175878	152.293	9.82557e-06	6.84333
0.00177843	142.113	9.82557e-06	5.92787
0.00179808	122.911	9.82557e-06	5.13356
0.00181773	115.201	9.82557e-06	4.6989
0.00183738	111.459	9.82557e-06	5.10423
0.00185703	104.81	9.82557e-06	4.89617
0.00187668	88.914	9.82557e-06	4.90296
0.00189633	83.3835	9.82557e-06	4.43042
0.00191599	73.6316	9.82557e-06	3.91184
0.00193564	71.6214	9.82557e-06	5.45073
0.00195529	64.2851	9.82557e-06	4.49943
0.00197494	55.1784	9.82557e-06	3.44728
0.00199459	56.3703	9.82557e-06	5.23895
0.00201424	53.9519	9.82557e-06	4.77906
0.00203389	45.9293	9.82557e-06	4.09989
0.00205354	49.4194	9.82557e-06	4.36252
0.00207319	38.8307	9.82557e-06	3.51314
0.00209285	29.9905	9.82557e-06	2.61102
0.0021125	29.33	9.82557e-06	2.69918
0.00213215	25.3775	9.82557e-06	2.37332
0.0021518	17.8322	9.82557e-06	1.94906
0.00217145	17.7491	9.82557e-06	1.73206
0.0021911	16.9832	9.82557e-06	2.0883
0.00221075	14.5096	9.82557e-06	1.70325
0.0022304	13.0037	9.82557e-06	1.75065
0.00225005	9.7712	9.82557e-06	1.46715
0.00226971	9.22277	9.82557e-06	1.47283
0.00228936	6.34087	9.82557e-06	1.26968
0.00230901	6.59797	9.82557e-06	1.34686
0.00232866	7.20136	9.82557e-06	1.20351
0.00234831	5.512	9.82557e-06	1.12091
0.00236796	4.56583	9.82557e-06	1.11585
0.00238761	0.797712	9.82557e-06	0.347744
0.00240726	2.5065	9.82557e-06	0.807429
0.00242691	1.67373	9.82557e-06	0.692196
0.00244657	1.28409	9.82557e-06	0.53625
0.00246622	0.377537	9.82557e-06	0.268297
0.00248587	1.90992	9.82557e-06	1.21203
