9.35709e-06	1258.08	9.35709e-06	16.8136
2.80713e-05	257.947	9.35709e-06	6.71788
4.67855e-05	210.689	9.35709e-06	6.17031
6.54997e-05	194.838	9.35709e-06	6.39317
8.42138e-05	197.064	9.35709e-06	5.97899
0.000102928	200.982	9.35709e-06	5.63541
0.000121642	243.699	9.35709e-06	16.4858
0.000140356	221.368	9.35709e-06	5.74487
0.000159071	253.57	9.35709e-06	7.8771
0.000177785	304.765	9.35709e-06	8.63556
0.000196499	303.719	9.35709e-06	8.28262
0.000215213	331.892	9.35709e-06	8.06923
0.000233927	361.015	9.35709e-06	8.22368
0.000252642	382.872	9.35709e-06	11.1619
0.000271356	392.668	9.35709e-06	8.105
0.00029007	459.906	9.35709e-06	11.3263
0.000308784	492.688	9.35709e-06	12.3607
0.000327498	489.2	9.35709e-06	9.91949
0.000346212	520.492	9.35709e-06	9.92724
0.000364927	556.09	9.35709e-06	10.5513
0.000383641	582.714	9.35709e-06	11.7825
0.000402355	634.835	9.35709e-06	12.305
0.000421069	658.57	9.35709e-06	12.5906
0.000439783	662.357	9.35709e-06	12.7803
0.000458498	688.866	9.35709e-06	20.5377
0.000477212	739.558	9.35709e-06	15.1989
0.000495926	768.368	9.35709e-06	17.1826
0.00051464	810.811	9.35709e-06	19.0232
0.000533354	809.135	9.35709e-06	15.4607
0.000552069	832.545	9.35709e-06	16.5114
0.000570783	814.467	9.35709e-06	12.8077
0.000589497	828.738	9.35709e-06	14.6239
0.000608211	826.809	9.35709e-06	13.2608
0.000626925	879.419	9.35709e-06	21.8557
0.00064564	856.014	9.35709e-06	16.6142
0.000664354	897.223	9.35709e-06	14.7548
0.000683068	906.877	9.35709e-06	16.3912
0.000701782	911.737	9.35709e-06	16.0074
0.000720496	877.675	9.35709e-06	13.5279
0.00073921	908.534	9.35709e-06	15.8084
0.000757925	882.199	9.35709e-06	15.1697
0.000776639	919.227	9.35709e-06	15.3916
0.000795353	929.412	9.35709e-06	14.8242
0.000814067	909.255	9.35709e-06	18.1405
0.000832781	892.88	9.35709e-06	14.8546
0.000851496	908.276	9.35709e-06	16.4564
0.00087021	911.705	9.35709e-06	16.8501
0.000888924	876.764	9.35709e-06	17.4977
0.000907638	907.191	9.35709e-06	24.1599
0.000926352	851.615	9.35709e-06	15.0538
0.000945067	851.595	9.35709e-06	16.5293
0.000963781	827.823	9.35709e-06	14.1633
0.000982495	851.934	9.35709e-06	38.8614
0.00100121	841.975	9.35709e-06	19.236
0.00101992	790.215	9.35709e-06	16.2626
0.00103864	797.778	9.35709e-06	39.1637
0.00105735	753.914	9.35709e-06	16.9219
0.00107607	736.697	9.35709e-06	14.4035
0.00109478	710.971	9.35709e-06	13.8539
0.00111349	670.331	9.35709e-06	13.1884
0.00113221	682.847	9.35709e-06	14.3892
0.00115092	655.195	9.35709e-06	17.2251
0.00116964	642.61	9.35709e-06	13.8817
0.00118835	625.677	9.35709e-06	15.0194
0.00120707	577.233	9.35709e-06	12.0916
0.00122578	561.982	9.35709e-06	11.7844
0.00124449	552.452	9.35709e-06	15.2535
0.00126321	518.54	9.35709e-06	11.1643
0.00128192	485.299	9.35709e-06	11.6632
0.00130064	477.373	9.35709e-06	10.8956
0.00131935	453.024	9.35709e-06	22.6468
0.00133806	416.562	9.35709e-06	10.5634
0.00135678	408.381	9.35709e-06	10.5429
0.00137549	378.758	9.35709e-06	9.28297
0.00139421	379.052	9.35709e-06	11.5867
0.00141292	382.519	9.35709e-06	15.1334
0.00143164	329.232	9.35709e-06	9.33721
0.00145035	323.744	9.35709e-06	8.79467
0.00146906	316.074	9.35709e-06	17.4496
0.00148778	294.72	9.35709e-06	9.74959
0.00150649	289.18	9.35709e-06	13.6112
0.00152521	253.79	9.35709e-06	7.56157
0.00154392	252.633	9.35709e-06	9.91559
0.00156263	224.984	9.35709e-06	8.01428
0.00158135	210.696	9.35709e-06	7.20808
0.00160006	191.571	9.35709e-06	7.23073
0.00161878	187.535	9.35709e-06	7.35551
0.00163749	167.885	9.35709e-06	6.49349
0.00165621	160.793	9.35709e-06	6.02292
0.00167492	153.213	9.35709e-06	6.17498
0.00169363	136.661	9.35709e-06	7.182
0.00171235	123.436	9.35709e-06	6.23509
0.00173106	113.389	9.35709e-06	4.89849
0.00174978	113.734	9.35709e-06	5.78013
0.00176849	101.509	9.35709e-06	5.55408
0.00178721	95.2506	9.35709e-06	5.24715
0.00180592	85.1283	9.35709e-06	4.7626
0.00182463	80.1147	9.35709e-06	4.44768
0.00184335	67.1963	9.35709e-06	4.16336
0.00186206	66.0525	9.35709e-06	4.24995
0.00188078	65.9698	9.35709e-06	5.0643
0.00189949	52.2362	9.35709e-06	3.53899
0.0019182	51.8266	9.35709e-06	4.2108
0.00193692	46.2178	9.35709e-06	3.97055
0.00195563	44.4668	9.35709e-06	4.03739
0.00197435	38.6287	9.35709e-06	4.79202
0.00199306	30.0595	9.35709e-06	2.63985
0.00201178	30.942	9.35709e-06	2.96443
0.00203049	23.5849	9.35709e-06	2.42197
0.0020492	33.6323	9.35709e-06	4.98508
0.00206792	16.8018	9.35709e-06	2.19211
0.00208663	17.3343	9.35709e-06	1.96879
0.00210535	16.2291	9.35709e-06	2.06213
0.00212406	18.2167	9.35709e-06	3.1762
0.00214277	10.6663	9.35709e-06	1.55759
0.00216149	11.0629	9.35709e-06	2.14326
0.0021802	10.3411	9.35709e-06	1.84962
0.00219892	5.40883	9.35709e-06	1.22317
0.00221763	5.14795	9.35709e-06	1.07005
0.00223635	3.24178	9.35709e-06	0.853075
0.00225506	6.31234	9.35709e-06	2.6176
0.00227377	4.97919	9.35709e-06	1.32645
0.00229249	0.91646	9.35709e-06	0.463806
0.0023112	1.28227	9.35709e-06	0.593619
0.00232992	0.701396	9.35709e-06	0.497288
0.00234863	1.6109	9.35709e-06	0.717702
0.00236734	0.290027	9.35709e-06	0.290027
0.00238606	0.705828	9.35709e-06	0.705828
