6.77214e-06	1727.14	6.77214e-06	22.2694
2.03164e-05	414.187	6.77214e-06	14.1396
3.38607e-05	318.418	6.77214e-06	8.822
4.7405e-05	305.857	6.77214e-06	8.98497
6.09493e-05	307.859	6.77214e-06	8.64287
7.44935e-05	335.318	6.77214e-06	20.0935
8.80378e-05	348.504	6.77214e-06	9.4191
0.000101582	365.471	6.77214e-06	10.1409
0.000115126	398.531	6.77214e-06	9.83911
0.000128671	471.903	6.77214e-06	14.226
0.000142215	491.068	6.77214e-06	10.7454
0.000155759	543.815	6.77214e-06	13.4031
0.000169304	598.444	6.77214e-06	22.8921
0.000182848	625.47	6.77214e-06	13.5071
0.000196392	670.178	6.77214e-06	13.8608
0.000209936	746.482	6.77214e-06	32.2421
0.000223481	746.552	6.77214e-06	15.5221
0.000237025	757.878	6.77214e-06	15.6484
0.000250569	830.247	6.77214e-06	16.4853
0.000264113	872.864	6.77214e-06	16.9087
0.000277658	986.691	6.77214e-06	52.2472
0.000291202	936.876	6.77214e-06	17.1726
0.000304746	1022.32	6.77214e-06	20.704
0.000318291	1036.44	6.77214e-06	19.8527
0.000331835	1022.41	6.77214e-06	17.4199
0.000345379	1074.3	6.77214e-06	18.7845
0.000358923	1135.14	6.77214e-06	26.8054
0.000372468	1133.41	6.77214e-06	32.8473
0.000386012	1140.63	6.77214e-06	26.2222
0.000399556	1134.41	6.77214e-06	18.2351
0.000413101	1151.47	6.77214e-06	18.0353
0.000426645	1194.44	6.77214e-06	21.6149
0.000440189	1178.81	6.77214e-06	19.5469
0.000453733	1253.31	6.77214e-06	26.3485
0.000467278	1275.58	6.77214e-06	30.164
0.000480822	1232.24	6.77214e-06	19.9078
0.000494366	1229.52	6.77214e-06	21.4622
0.000507911	1244.69	6.77214e-06	21.2476
0.000521455	1268.74	6.77214e-06	23.3032
0.000534999	1223.25	6.77214e-06	22.0313
0.000548543	1252.3	6.77214e-06	19.3283
0.000562088	1230.28	6.77214e-06	21.3976
0.000575632	1216.53	6.77214e-06	24.0362
0.000589176	1206.13	6.77214e-06	20.4891
0.000602721	1169.02	6.77214e-06	22.1157
0.000616265	1208.38	6.77214e-06	31.8821
0.000629809	1167.23	6.77214e-06	23.3435
0.000643353	1155.49	6.77214e-06	20.75
0.000656898	1130.52	6.77214e-06	22.0143
0.000670442	1123.99	6.77214e-06	19.7697
0.000683986	1113.03	6.77214e-06	19.6962
0.00069753	1093.64	6.77214e-06	22.1147
0.000711075	1092.01	6.77214e-06	23.4809
0.000724619	1043.85	6.77214e-06	23.474
0.000738163	999.765	6.77214e-06	19.1125
0.000751708	988.506	6.77214e-06	18.2803
0.000765252	1017.03	6.77214e-06	55.6109
0.000778796	943.261	6.77214e-06	17.7482
0.00079234	913.301	6.77214e-06	16.4811
0.000805885	876.911	6.77214e-06	18.1114
0.000819429	944.674	6.77214e-06	56.3682
0.000832973	847.625	6.77214e-06	19.5165
0.000846518	794.79	6.77214e-06	16.6353
0.000860062	777.755	6.77214e-06	17.4157
0.000873606	771.24	6.77214e-06	29.8971
0.00088715	709.091	6.77214e-06	15.4964
0.000900695	720.883	6.77214e-06	18.163
0.000914239	741.673	6.77214e-06	38.2448
0.000927783	654.241	6.77214e-06	15.6335
0.000941328	639.943	6.77214e-06	14.9572
0.000954872	594.835	6.77214e-06	21.1934
0.000968416	577.686	6.77214e-06	17.1421
0.00098196	572.346	6.77214e-06	13.9362
0.000995505	521.889	6.77214e-06	14.0187
0.00100905	493.279	6.77214e-06	12.4622
0.00102259	488.006	6.77214e-06	13.8452
0.00103614	462.913	6.77214e-06	15.2961
0.00104968	422.469	6.77214e-06	11.885
0.00106323	399.334	6.77214e-06	13.5879
0.00107677	374.417	6.77214e-06	10.2004
0.00109031	352.622	6.77214e-06	13.1399
0.00110386	330.218	6.77214e-06	11.6109
0.0011174	317.879	6.77214e-06	10.6062
0.00113095	301.366	6.77214e-06	11.3117
0.00114449	258.322	6.77214e-06	8.55568
0.00115804	272.289	6.77214e-06	10.571
0.00117158	252.659	6.77214e-06	10.1499
0.00118512	230.14	6.77214e-06	9.40224
0.00119867	220.768	6.77214e-06	10.1468
0.00121221	209.058	6.77214e-06	10.8766
0.00122576	179.635	6.77214e-06	8.54511
0.0012393	171.298	6.77214e-06	8.84034
0.00125285	162.616	6.77214e-06	8.87614
0.00126639	140.21	6.77214e-06	9.47326
0.00127993	142.1	6.77214e-06	7.7988
0.00129348	126.206	6.77214e-06	7.19839
0.00130702	123.705	6.77214e-06	7.74894
0.00132057	93.0468	6.77214e-06	5.51369
0.00133411	89.8245	6.77214e-06	6.30018
0.00134766	82.5168	6.77214e-06	7.14559
0.0013612	81.2571	6.77214e-06	5.99515
0.00137474	71.7658	6.77214e-06	6.22351
0.00138829	61.2718	6.77214e-06	5.68941
0.00140183	63.7266	6.77214e-06	7.04086
0.00141538	56.249	6.77214e-06	5.12232
0.00142892	37.9836	6.77214e-06	4.03617
0.00144247	40.0894	6.77214e-06	4.43938
0.00145601	35.512	6.77214e-06	5.38692
0.00146955	28.4987	6.77214e-06	3.56521
0.0014831	21.961	6.77214e-06	3.5561
0.00149664	17.188	6.77214e-06	2.6742
0.00151019	16.5335	6.77214e-06	3.01747
0.00152373	11.5792	6.77214e-06	2.60926
0.00153728	6.98384	6.77214e-06	2.30414
0.00155082	8.94113	6.77214e-06	2.48611
0.00156436	5.5847	6.77214e-06	2.20251
0.00157791	5.47793	6.77214e-06	2.29491
0.00159145	1.04247	6.77214e-06	0.683825
0.001605	1.17488	6.77214e-06	0.832344
0.00161854	0.461909	6.77214e-06	0.373221
0.00163209	1.01814	6.77214e-06	1.01814
