1.04384e-05	1383.41	1.04384e-05	19.1627
3.13153e-05	272.763	1.04384e-05	7.0978
5.21922e-05	189.316	1.04384e-05	5.62166
7.3069e-05	193.805	1.04384e-05	6.96114
9.39459e-05	180.908	1.04384e-05	6.94529
0.000114823	177.892	1.04384e-05	6.5842
0.0001357	171.352	1.04384e-05	6.79845
0.000156577	174.12	1.04384e-05	5.88288
0.000177453	181.334	1.04384e-05	5.71392
0.00019833	195.764	1.04384e-05	7.02167
0.000219207	205.579	1.04384e-05	9.61384
0.000240084	212.167	1.04384e-05	5.80537
0.000260961	247.051	1.04384e-05	7.47779
0.000281838	239.477	1.04384e-05	6.43429
0.000302715	263.987	1.04384e-05	8.37268
0.000323591	296.326	1.04384e-05	9.32849
0.000344468	300.461	1.04384e-05	7.45777
0.000365345	345.964	1.04384e-05	17.4235
0.000386222	354.019	1.04384e-05	8.64783
0.000407099	387.08	1.04384e-05	18.0017
0.000427976	392.478	1.04384e-05	8.93418
0.000448853	438.234	1.04384e-05	10.6009
0.00046973	452.966	1.04384e-05	13.5615
0.000490606	478.46	1.04384e-05	13.3738
0.000511483	507.675	1.04384e-05	12.4395
0.00053236	540.987	1.04384e-05	16.7559
0.000553237	555.889	1.04384e-05	16.0322
0.000574114	576.8	1.04384e-05	13.2509
0.000594991	612.162	1.04384e-05	12.6702
0.000615868	624.259	1.04384e-05	14.4695
0.000636745	652.538	1.04384e-05	13.4527
0.000657621	664.821	1.04384e-05	12.8716
0.000678498	683.628	1.04384e-05	15.21
0.000699375	685.248	1.04384e-05	11.5933
0.000720252	685.432	1.04384e-05	11.3043
0.000741129	748.424	1.04384e-05	13.9441
0.000762006	761.127	1.04384e-05	13.3763
0.000782883	782.629	1.04384e-05	15.4648
0.000803759	775.824	1.04384e-05	12.3031
0.000824636	800.276	1.04384e-05	15.6014
0.000845513	815.934	1.04384e-05	15.1233
0.00086639	806.019	1.04384e-05	13.0862
0.000887267	822.73	1.04384e-05	13.5962
0.000908144	834.829	1.04384e-05	15.0529
0.000929021	845.991	1.04384e-05	14.5635
0.000949898	819.231	1.04384e-05	12.5728
0.000970774	824.215	1.04384e-05	15.0305
0.000991651	810.075	1.04384e-05	12.6189
0.00101253	826.934	1.04384e-05	16.3153
0.00103341	834.438	1.04384e-05	17.9053
0.00105428	838.774	1.04384e-05	18.0385
0.00107516	809.73	1.04384e-05	13.7507
0.00109604	836.587	1.04384e-05	15.1083
0.00111691	801.849	1.04384e-05	14.7787
0.00113779	832.003	1.04384e-05	26.3396
0.00115867	814.005	1.04384e-05	17.275
0.00117954	734.982	1.04384e-05	11.9997
0.00120042	744.69	1.04384e-05	15.4185
0.0012213	738.116	1.04384e-05	12.6272
0.00124217	716.649	1.04384e-05	14.9366
0.00126305	690.636	1.04384e-05	12.1643
0.00128393	672.353	1.04384e-05	11.7188
0.0013048	658.026	1.04384e-05	13.2729
0.00132568	641.256	1.04384e-05	12.084
0.00134656	629.757	1.04384e-05	12.7032
0.00136743	569.337	1.04384e-05	11.4062
0.00138831	561.197	1.04384e-05	10.2221
0.00140919	528.498	1.04384e-05	12.1566
0.00143007	520.339	1.04384e-05	11.9292
0.00145094	519.191	1.04384e-05	10.5896
0.00147182	479.598	1.04384e-05	10.5779
0.0014927	460.757	1.04384e-05	15.0615
0.00151357	433.788	1.04384e-05	10.5688
0.00153445	427.781	1.04384e-05	10.2646
0.00155533	378.088	1.04384e-05	8.08638
0.0015762	378.385	1.04384e-05	9.17199
0.00159708	378.4	1.04384e-05	11.9584
0.00161796	337.554	1.04384e-05	10.0888
0.00163883	312.2	1.04384e-05	7.81506
0.00165971	315.076	1.04384e-05	10.4703
0.00168059	300.508	1.04384e-05	10.4805
0.00170146	267.211	1.04384e-05	9.46994
0.00172234	247.637	1.04384e-05	7.55943
0.00174322	222.069	1.04384e-05	6.14861
0.0017641	208.854	1.04384e-05	6.1173
0.00178497	205.305	1.04384e-05	8.0682
0.00180585	188.729	1.04384e-05	6.58479
0.00182673	176.338	1.04384e-05	6.55048
0.0018476	167.018	1.04384e-05	5.78645
0.00186848	143.606	1.04384e-05	4.66935
0.00188936	149.132	1.04384e-05	10.428
0.00191023	119.027	1.04384e-05	4.39083
0.00193111	110.685	1.04384e-05	4.24907
0.00195199	104.402	1.04384e-05	4.35417
0.00197286	96.3974	1.04384e-05	5.13486
0.00199374	90.093	1.04384e-05	4.16252
0.00201462	80.2184	1.04384e-05	3.93267
0.00203549	68.8358	1.04384e-05	3.35838
0.00205637	66.7134	1.04384e-05	3.38283
0.00207725	57.5139	1.04384e-05	2.98662
0.00209813	55.0206	1.04384e-05	2.99853
0.002119	54.8009	1.04384e-05	4.79125
0.00213988	42.6997	1.04384e-05	2.51446
0.00216076	41.7008	1.04384e-05	2.9138
0.00218163	36.9502	1.04384e-05	2.7593
0.00220251	31.1757	1.04384e-05	2.21936
0.00222339	28.8526	1.04384e-05	2.31361
0.00224426	21.34	1.04384e-05	1.73582
0.00226514	21.3368	1.04384e-05	1.72919
0.00228602	18.3549	1.04384e-05	1.68105
0.00230689	16.3063	1.04384e-05	1.48352
0.00232777	13.5158	1.04384e-05	1.36493
0.00234865	9.7461	1.04384e-05	1.12954
0.00236952	10.4048	1.04384e-05	1.11777
0.0023904	7.88271	1.04384e-05	0.909371
0.00241128	6.39019	1.04384e-05	0.83044
0.00243216	5.84893	1.04384e-05	1.19761
0.00245303	4.04525	1.04384e-05	0.662718
0.00247391	3.14207	1.04384e-05	0.532433
0.00249479	2.57579	1.04384e-05	0.548285
0.00251566	2.04005	1.04384e-05	0.663695
0.00253654	2.08041	1.04384e-05	0.915361
0.00255742	0.686119	1.04384e-05	0.26489
0.00257829	0.0851385	1.04384e-05	0.0851385
