8.12363e-06	1464.48	8.12363e-06	20.1263
2.43709e-05	314.868	8.12363e-06	9.0363
4.06181e-05	255.3	8.12363e-06	6.82189
5.68654e-05	253.112	8.12363e-06	11.1653
7.31126e-05	246.289	8.12363e-06	7.67812
8.93599e-05	277.253	8.12363e-06	11.8895
0.000105607	285.029	8.12363e-06	7.50908
0.000121854	340.061	8.12363e-06	11.4783
0.000138102	352.241	8.12363e-06	9.66772
0.000154349	386.014	8.12363e-06	10.1095
0.000170596	399.511	8.12363e-06	9.11609
0.000186843	459.885	8.12363e-06	10.5885
0.000203091	467.344	8.12363e-06	10.3194
0.000219338	527.854	8.12363e-06	12.8605
0.000235585	591.366	8.12363e-06	17.6137
0.000251832	590.05	8.12363e-06	13.8566
0.00026808	657.534	8.12363e-06	15.0747
0.000284327	692.005	8.12363e-06	14.3522
0.000300574	693.172	8.12363e-06	15.8626
0.000316821	730.388	8.12363e-06	12.9873
0.000333069	774.72	8.12363e-06	14.2688
0.000349316	852.969	8.12363e-06	55.854
0.000365563	828.799	8.12363e-06	13.7802
0.00038181	869.088	8.12363e-06	15.416
0.000398058	907.988	8.12363e-06	16.0141
0.000414305	938.053	8.12363e-06	15.7924
0.000430552	926.748	8.12363e-06	17.8828
0.000446799	984.886	8.12363e-06	18.9652
0.000463047	1001.94	8.12363e-06	19.9276
0.000479294	1011.12	8.12363e-06	18.5826
0.000495541	1025.63	8.12363e-06	25.2777
0.000511788	1054.64	8.12363e-06	21.2854
0.000528036	1035.33	8.12363e-06	18.6424
0.000544283	1061.84	8.12363e-06	19.9734
0.00056053	1079.47	8.12363e-06	20.8698
0.000576777	1017.57	8.12363e-06	16.4466
0.000593025	1072.48	8.12363e-06	17.4955
0.000609272	1046.12	8.12363e-06	19.5948
0.000625519	1060.3	8.12363e-06	22.4624
0.000641766	1079.24	8.12363e-06	19.2997
0.000658014	1045.75	8.12363e-06	22.5182
0.000674261	1021.6	8.12363e-06	16.8981
0.000690508	1051.15	8.12363e-06	30.8519
0.000706755	1024.22	8.12363e-06	20.1807
0.000723003	1015.02	8.12363e-06	20.141
0.00073925	999.866	8.12363e-06	18.6661
0.000755497	974.084	8.12363e-06	18.8423
0.000771744	970.072	8.12363e-06	17.4395
0.000787992	982.744	8.12363e-06	25.7107
0.000804239	930.81	8.12363e-06	22.1365
0.000820486	964.334	8.12363e-06	17.6004
0.000836733	883.531	8.12363e-06	15.3532
0.000852981	895.839	8.12363e-06	19.7363
0.000869228	859.152	8.12363e-06	15.2391
0.000885475	833.982	8.12363e-06	15.0884
0.000901722	824.689	8.12363e-06	17.2551
0.00091797	758.857	8.12363e-06	14.7983
0.000934217	781.908	8.12363e-06	15.3412
0.000950464	735	8.12363e-06	14.9382
0.000966711	746.198	8.12363e-06	14.4634
0.000982959	695.877	8.12363e-06	13.8951
0.000999206	692.466	8.12363e-06	17.8103
0.00101545	658.378	8.12363e-06	13.8809
0.0010317	622.994	8.12363e-06	13.8168
0.00104795	633.55	8.12363e-06	18.1851
0.00106419	583.702	8.12363e-06	13.7611
0.00108044	563.514	8.12363e-06	13.6924
0.00109669	563.407	8.12363e-06	18.3786
0.00111294	526.016	8.12363e-06	18.5
0.00112918	510.751	8.12363e-06	14.4592
0.00114543	493.434	8.12363e-06	19.9375
0.00116168	422.84	8.12363e-06	10.5597
0.00117793	421.645	8.12363e-06	11.0253
0.00119417	402.66	8.12363e-06	10.5498
0.00121042	373.536	8.12363e-06	10.0978
0.00122667	364.735	8.12363e-06	11.8484
0.00124291	346.924	8.12363e-06	10.924
0.00125916	321.329	8.12363e-06	9.7627
0.00127541	312.13	8.12363e-06	9.17111
0.00129166	281.872	8.12363e-06	8.78446
0.0013079	283.115	8.12363e-06	9.74346
0.00132415	268.046	8.12363e-06	9.18387
0.0013404	230.469	8.12363e-06	7.82147
0.00135665	247.39	8.12363e-06	11.3199
0.00137289	227.707	8.12363e-06	9.21753
0.00138914	205.317	8.12363e-06	7.79672
0.00140539	183.866	8.12363e-06	7.30443
0.00142163	182.446	8.12363e-06	7.4305
0.00143788	178.872	8.12363e-06	9.36716
0.00145413	158.009	8.12363e-06	6.72443
0.00147038	148.445	8.12363e-06	7.99818
0.00148662	137.317	8.12363e-06	6.58595
0.00150287	133.704	8.12363e-06	7.18179
0.00151912	119.223	8.12363e-06	6.27523
0.00153537	106.709	8.12363e-06	6.71496
0.00155161	98.2222	8.12363e-06	5.5934
0.00156786	88.4516	8.12363e-06	5.25351
0.00158411	89.5426	8.12363e-06	5.49735
0.00160035	82.0954	8.12363e-06	5.41699
0.0016166	76.0435	8.12363e-06	5.26006
0.00163285	72.018	8.12363e-06	5.01963
0.0016491	61.3275	8.12363e-06	4.38259
0.00166534	58.5736	8.12363e-06	4.38839
0.00168159	49.0491	8.12363e-06	5.04608
0.00169784	45.9244	8.12363e-06	4.46853
0.00171409	39.4969	8.12363e-06	3.75739
0.00173033	32.7809	8.12363e-06	3.22427
0.00174658	32.6259	8.12363e-06	3.47827
0.00176283	23.7014	8.12363e-06	2.59815
0.00177907	27.0426	8.12363e-06	3.01284
0.00179532	24.0217	8.12363e-06	2.84496
0.00181157	20.262	8.12363e-06	3.22266
0.00182782	18.1929	8.12363e-06	2.52741
0.00184406	16.4787	8.12363e-06	2.22042
0.00186031	13.3638	8.12363e-06	2.25642
0.00187656	8.73423	8.12363e-06	1.61667
0.0018928	9.72661	8.12363e-06	2.00527
0.00190905	10.2592	8.12363e-06	2.27321
0.0019253	9.49025	8.12363e-06	1.98009
0.00194155	6.5595	8.12363e-06	1.64697
0.00195779	4.25793	8.12363e-06	1.20875
0.00197404	2.25262	8.12363e-06	0.922951
0.00199029	4.57217	8.12363e-06	1.59552
0.00200654	0.702803	8.12363e-06	0.481462
0.00202278	1.59766	8.12363e-06	0.757658
0.00203903	2.69711	8.12363e-06	1.40487
0.00205528	1.03755	8.12363e-06	0.762149
0.00207152	0	8.12363e-06	0
0.00208777	1.49562	8.12363e-06	1.44105
0.00210402	2.39932	8.12363e-06	1.73921
