8.45609e-06	1398.85	8.45609e-06	21.4829
2.53683e-05	300.845	8.45609e-06	7.1761
4.22805e-05	244.283	8.45609e-06	6.24598
5.91926e-05	250.842	8.45609e-06	11.1735
7.61048e-05	250.604	8.45609e-06	9.9204
9.3017e-05	260.533	8.45609e-06	7.0956
0.000109929	267.811	8.45609e-06	7.53761
0.000126841	292.34	8.45609e-06	7.94237
0.000143754	434.543	8.45609e-06	97.6363
0.000160666	362.755	8.45609e-06	9.77541
0.000177578	405.475	8.45609e-06	11.0869
0.00019449	415.719	8.45609e-06	10.5072
0.000211402	483.706	8.45609e-06	20.688
0.000228314	502.795	8.45609e-06	10.329
0.000245227	566.071	8.45609e-06	12.3392
0.000262139	578.687	8.45609e-06	18.5335
0.000279051	632.756	8.45609e-06	14.4838
0.000295963	638.245	8.45609e-06	12.3691
0.000312875	660.812	8.45609e-06	14.0155
0.000329788	712.385	8.45609e-06	16.9182
0.0003467	718.237	8.45609e-06	12.3072
0.000363612	748.322	8.45609e-06	13.1793
0.000380524	821.949	8.45609e-06	14.975
0.000397436	828.9	8.45609e-06	16.3599
0.000414349	864.287	8.45609e-06	15.6128
0.000431261	890.032	8.45609e-06	15.2883
0.000448173	881.29	8.45609e-06	13.8137
0.000465085	916.889	8.45609e-06	15.0209
0.000481997	951.889	8.45609e-06	25.4816
0.000498909	971.088	8.45609e-06	16.1134
0.000515822	1032.1	8.45609e-06	57.9956
0.000532734	977.786	8.45609e-06	15.3063
0.000549646	1027.32	8.45609e-06	18.663
0.000566558	994.009	8.45609e-06	15.2118
0.00058347	1020.57	8.45609e-06	18.0515
0.000600383	1017.15	8.45609e-06	19.6723
0.000617295	998.028	8.45609e-06	15.8691
0.000634207	1017.33	8.45609e-06	16.4385
0.000651119	1008.89	8.45609e-06	17.2868
0.000668031	1014.5	8.45609e-06	16.5801
0.000684943	986.82	8.45609e-06	15.2125
0.000701856	978.522	8.45609e-06	15.8722
0.000718768	1014.9	8.45609e-06	16.3782
0.00073568	988.418	8.45609e-06	18.9329
0.000752592	951.424	8.45609e-06	15.6422
0.000769504	964.935	8.45609e-06	16.2397
0.000786417	943.638	8.45609e-06	14.7981
0.000803329	939.937	8.45609e-06	15.4651
0.000820241	925.383	8.45609e-06	17.1656
0.000837153	910.505	8.45609e-06	17.0288
0.000854065	868.591	8.45609e-06	15.4644
0.000870977	890.24	8.45609e-06	17.6854
0.00088789	860.165	8.45609e-06	16.7127
0.000904802	842.051	8.45609e-06	15.641
0.000921714	826.884	8.45609e-06	16.6911
0.000938626	779.239	8.45609e-06	15.1728
0.000955538	757.728	8.45609e-06	13.9954
0.000972451	764.124	8.45609e-06	17.3761
0.000989363	728.752	8.45609e-06	14.724
0.00100627	715.114	8.45609e-06	17.2487
0.00102319	695.314	8.45609e-06	23.0718
0.0010401	643.929	8.45609e-06	16.3466
0.00105701	621.486	8.45609e-06	14.6899
0.00107392	605.979	8.45609e-06	13.1264
0.00109084	591.761	8.45609e-06	14.5265
0.00110775	566.302	8.45609e-06	14.5571
0.00112466	559.573	8.45609e-06	14.0954
0.00114157	516.317	8.45609e-06	13.1546
0.00115848	481.392	8.45609e-06	11.4592
0.0011754	559.643	8.45609e-06	69.4907
0.00119231	439.143	8.45609e-06	10.5723
0.00120922	446.733	8.45609e-06	16.6991
0.00122613	395.29	8.45609e-06	10.2694
0.00124305	397.06	8.45609e-06	11.6478
0.00125996	362.899	8.45609e-06	10.9141
0.00127687	376.212	8.45609e-06	34.9542
0.00129378	328.314	8.45609e-06	9.17454
0.00131069	323.662	8.45609e-06	10.6829
0.00132761	283.579	8.45609e-06	8.58645
0.00134452	266.185	8.45609e-06	8.4205
0.00136143	281.796	8.45609e-06	15.3042
0.00137834	257.54	8.45609e-06	8.67069
0.00139526	241.013	8.45609e-06	8.17093
0.00141217	221.835	8.45609e-06	8.04284
0.00142908	208.617	8.45609e-06	8.10599
0.00144599	197.339	8.45609e-06	7.6964
0.0014629	170.891	8.45609e-06	6.56589
0.00147982	174.967	8.45609e-06	8.0671
0.00149673	169.58	8.45609e-06	9.45537
0.00151364	139.409	8.45609e-06	6.18115
0.00153055	141.061	8.45609e-06	7.02617
0.00154746	124.956	8.45609e-06	5.93202
0.00156438	103.231	8.45609e-06	5.29519
0.00158129	110.234	8.45609e-06	5.75271
0.0015982	100.973	8.45609e-06	5.23369
0.00161511	103.375	8.45609e-06	7.49656
0.00163203	84.6472	8.45609e-06	5.36957
0.00164894	80.7585	8.45609e-06	5.53002
0.00166585	83.7925	8.45609e-06	5.01219
0.00168276	153.068	8.45609e-06	57.2775
0.00169967	55.9284	8.45609e-06	3.71596
0.00171659	54.7133	8.45609e-06	4.41509
0.0017335	53.1734	8.45609e-06	4.12853
0.00175041	42.4759	8.45609e-06	3.7851
0.00176732	41.7091	8.45609e-06	3.43499
0.00178424	35.0753	8.45609e-06	3.17286
0.00180115	29.541	8.45609e-06	2.83238
0.00181806	27.7756	8.45609e-06	2.88293
0.00183497	22.8719	8.45609e-06	2.78499
0.00185188	24.7762	8.45609e-06	2.89175
0.0018688	20.6346	8.45609e-06	2.58234
0.00188571	19.6326	8.45609e-06	2.56671
0.00190262	14.0785	8.45609e-06	1.9697
0.00191953	11.6848	8.45609e-06	1.99134
0.00193645	11.0951	8.45609e-06	2.1125
0.00195336	10.4948	8.45609e-06	2.24383
0.00197027	11.3249	8.45609e-06	2.7466
0.00198718	4.73815	8.45609e-06	1.19073
0.00200409	8.00858	8.45609e-06	2.24514
0.00202101	7.38986	8.45609e-06	1.90649
0.00203792	2.87422	8.45609e-06	1.0154
0.00205483	2.84906	8.45609e-06	1.01834
0.00207174	2.76831	8.45609e-06	0.960432
0.00208865	1.67195	8.45609e-06	0.881513
0.00210557	0.729164	8.45609e-06	0.663382
0.00212248	0.917462	8.45609e-06	0.671758
0.00213939	1.51363	8.45609e-06	1.1087
0.0021563	0.084068	8.45609e-06	0.084068
0.00217322	0.600683	8.45609e-06	0.600683
