9.17122e-06	1273.06	9.17122e-06	17.5781
2.75137e-05	288.757	9.17122e-06	8.31707
4.58561e-05	229.078	9.17122e-06	6.66283
6.41985e-05	201.698	9.17122e-06	5.71884
8.2541e-05	212.05	9.17122e-06	11.4644
0.000100883	220.63	9.17122e-06	8.21496
0.000119226	239.79	9.17122e-06	7.10221
0.000137568	252.425	9.17122e-06	7.57927
0.000155911	275.524	9.17122e-06	7.62586
0.000174253	299.67	9.17122e-06	7.99813
0.000192596	331.546	9.17122e-06	11.2953
0.000210938	348.41	9.17122e-06	8.09088
0.00022928	387.004	9.17122e-06	10.3531
0.000247623	428.339	9.17122e-06	12.5975
0.000265965	442.295	9.17122e-06	10.2282
0.000284308	460.639	9.17122e-06	9.05456
0.00030265	510.599	9.17122e-06	11.3496
0.000320993	541.865	9.17122e-06	11.0132
0.000339335	560.441	9.17122e-06	13.2374
0.000357677	581.911	9.17122e-06	10.924
0.00037602	630.707	9.17122e-06	13.0347
0.000394362	658.523	9.17122e-06	12.4898
0.000412705	690.746	9.17122e-06	12.9677
0.000431047	714.424	9.17122e-06	13.7048
0.00044939	738.693	9.17122e-06	13.5437
0.000467732	759.68	9.17122e-06	14.4163
0.000486075	931.475	9.17122e-06	104.467
0.000504417	802.697	9.17122e-06	14.715
0.000522759	844.756	9.17122e-06	15.2026
0.000541102	867.404	9.17122e-06	36.3271
0.000559444	875.464	9.17122e-06	27.8861
0.000577787	900.837	9.17122e-06	16.958
0.000596129	986.501	9.17122e-06	83.2013
0.000614472	896.433	9.17122e-06	17.1286
0.000632814	903.903	9.17122e-06	17.845
0.000651156	935.819	9.17122e-06	14.7894
0.000669499	940.948	9.17122e-06	24.0652
0.000687841	965.677	9.17122e-06	20.4959
0.000706184	921.009	9.17122e-06	15.1176
0.000724526	915.682	9.17122e-06	16.3556
0.000742869	917.775	9.17122e-06	14.5718
0.000761211	913.622	9.17122e-06	14.5839
0.000779553	947.716	9.17122e-06	16.726
0.000797896	903.509	9.17122e-06	15.4279
0.000816238	934.095	9.17122e-06	14.7028
0.000834581	884.414	9.17122e-06	14.87
0.000852923	879.173	9.17122e-06	13.7494
0.000871266	900.91	9.17122e-06	15.3068
0.000889608	881.474	9.17122e-06	14.3336
0.000907951	881.872	9.17122e-06	15.1248
0.000926293	849.442	9.17122e-06	17.8768
0.000944635	851.437	9.17122e-06	14.6695
0.000962978	832.534	9.17122e-06	20.3842
0.00098132	810.951	9.17122e-06	15.3863
0.000999663	759.636	9.17122e-06	13.5385
0.00101801	739.082	9.17122e-06	13.367
0.00103635	711.298	9.17122e-06	13.3177
0.00105469	724.372	9.17122e-06	14.3547
0.00107303	686.238	9.17122e-06	12.4928
0.00109137	668.901	9.17122e-06	13.5897
0.00110972	643.5	9.17122e-06	13.3153
0.00112806	629.724	9.17122e-06	12.2995
0.0011464	636.988	9.17122e-06	17.3651
0.00116474	604.009	9.17122e-06	19.8419
0.00118309	591.34	9.17122e-06	13.3778
0.00120143	546.987	9.17122e-06	11.5772
0.00121977	540.653	9.17122e-06	12.1171
0.00123811	513.135	9.17122e-06	11.8356
0.00125646	485.266	9.17122e-06	11.9908
0.0012748	459.887	9.17122e-06	10.4908
0.00129314	455.042	9.17122e-06	13.2011
0.00131148	428.147	9.17122e-06	12.197
0.00132983	423.097	9.17122e-06	10.4834
0.00134817	387.984	9.17122e-06	9.63369
0.00136651	374.407	9.17122e-06	9.68797
0.00138485	350.483	9.17122e-06	9.42116
0.0014032	330.066	9.17122e-06	10.145
0.00142154	319.039	9.17122e-06	9.15159
0.00143988	291.676	9.17122e-06	8.74887
0.00145822	276.755	9.17122e-06	8.17086
0.00147657	281.701	9.17122e-06	15.9197
0.00149491	243.082	9.17122e-06	8.06755
0.00151325	231.415	9.17122e-06	7.41173
0.00153159	213.408	9.17122e-06	7.22248
0.00154994	207.517	9.17122e-06	7.51054
0.00156828	206.638	9.17122e-06	12.3825
0.00158662	182.986	9.17122e-06	9.99798
0.00160496	169.896	9.17122e-06	6.39061
0.00162331	158.055	9.17122e-06	7.24278
0.00164165	152.302	9.17122e-06	6.17745
0.00165999	131.239	9.17122e-06	6.04377
0.00167833	121.714	9.17122e-06	6.17463
0.00169668	111.5	9.17122e-06	5.57596
0.00171502	110.184	9.17122e-06	6.41346
0.00173336	100.053	9.17122e-06	5.19094
0.0017517	97.9371	9.17122e-06	5.78561
0.00177004	85.1036	9.17122e-06	4.43987
0.00178839	86.7196	9.17122e-06	5.59434
0.00180673	68.9726	9.17122e-06	4.33269
0.00182507	66.0897	9.17122e-06	6.29887
0.00184341	66.6737	9.17122e-06	5.16366
0.00186176	58.3951	9.17122e-06	5.01149
0.0018801	51.896	9.17122e-06	3.76094
0.00189844	44.0463	9.17122e-06	3.8504
0.00191678	45.9946	9.17122e-06	3.77857
0.00193513	34.9975	9.17122e-06	3.22135
0.00195347	35.552	9.17122e-06	3.21613
0.00197181	29.824	9.17122e-06	2.92359
0.00199015	27.9494	9.17122e-06	3.2882
0.0020085	24.0399	9.17122e-06	2.56384
0.00202684	20.6104	9.17122e-06	2.59275
0.00204518	17.5263	9.17122e-06	2.0907
0.00206352	16.8912	9.17122e-06	2.32598
0.00208187	16.4121	9.17122e-06	2.254
0.00210021	11.1551	9.17122e-06	1.97925
0.00211855	9.09793	9.17122e-06	1.48691
0.00213689	6.95391	9.17122e-06	1.31115
0.00215524	7.77372	9.17122e-06	1.83981
0.00217358	6.92359	9.17122e-06	1.51894
0.00219192	8.06346	9.17122e-06	1.6642
0.00221026	3.71591	9.17122e-06	1.52956
0.00222861	2.44334	9.17122e-06	0.777235
0.00224695	3.68874	9.17122e-06	1.19989
0.00226529	3.10008	9.17122e-06	1.08129
0.00228363	1.32305	9.17122e-06	0.737507
0.00230198	1.55225	9.17122e-06	0.803399
0.00232032	0.91051	9.17122e-06	0.645956
0.00233866	0.623768	9.17122e-06	0.623768
