8.70492e-06	1342.53	8.70492e-06	20.725
2.61148e-05	289.875	8.70492e-06	8.47301
4.35246e-05	242.537	8.70492e-06	7.98313
6.09344e-05	251.911	8.70492e-06	16.5468
7.83443e-05	228.264	8.70492e-06	6.01574
9.57541e-05	246.068	8.70492e-06	8.31851
0.000113164	259.051	8.70492e-06	6.42658
0.000130574	277.862	8.70492e-06	7.49335
0.000147984	324.836	8.70492e-06	8.83965
0.000165393	356.612	8.70492e-06	9.70425
0.000182803	381.838	8.70492e-06	13.3507
0.000200213	442.372	8.70492e-06	32.6948
0.000217623	445.959	8.70492e-06	10.2609
0.000235033	494.823	8.70492e-06	23.4439
0.000252443	504.796	8.70492e-06	13.0196
0.000269852	544.854	8.70492e-06	12.8369
0.000287262	584.523	8.70492e-06	10.4994
0.000304672	620.955	8.70492e-06	13.8887
0.000322082	646.709	8.70492e-06	15.3487
0.000339492	668.381	8.70492e-06	15.9008
0.000356902	716.716	8.70492e-06	12.842
0.000374311	702.725	8.70492e-06	12.1733
0.000391721	767.196	8.70492e-06	16.7347
0.000409131	786.852	8.70492e-06	15.0748
0.000426541	785.187	8.70492e-06	13.1681
0.000443951	859.575	8.70492e-06	17.164
0.000461361	859.847	8.70492e-06	20.3478
0.00047877	892.715	8.70492e-06	22.4402
0.00049618	869.111	8.70492e-06	15.5286
0.00051359	916.415	8.70492e-06	15.2914
0.000531	946.182	8.70492e-06	16.2578
0.00054841	918.397	8.70492e-06	15.1158
0.00056582	995.095	8.70492e-06	24.395
0.000583229	993.589	8.70492e-06	16.1155
0.000600639	990.566	8.70492e-06	19.1097
0.000618049	958.486	8.70492e-06	15.2121
0.000635459	1025.03	8.70492e-06	25.8034
0.000652869	962.723	8.70492e-06	18.0457
0.000670279	964.191	8.70492e-06	15.175
0.000687688	995.848	8.70492e-06	16.6595
0.000705098	987.853	8.70492e-06	20.1113
0.000722508	985.637	8.70492e-06	17.6698
0.000739918	1009.16	8.70492e-06	24.6542
0.000757328	944.576	8.70492e-06	15.7086
0.000774738	964.869	8.70492e-06	17.4497
0.000792147	937.06	8.70492e-06	16.7243
0.000809557	933.46	8.70492e-06	15.5546
0.000826967	928.86	8.70492e-06	16.0717
0.000844377	915.553	8.70492e-06	15.5914
0.000861787	883.898	8.70492e-06	16.3719
0.000879197	879.151	8.70492e-06	16.1414
0.000896606	846.786	8.70492e-06	14.8661
0.000914016	837.132	8.70492e-06	19.6367
0.000931426	825.74	8.70492e-06	15.6345
0.000948836	794.139	8.70492e-06	17.9573
0.000966246	778.393	8.70492e-06	16.0316
0.000983656	749.477	8.70492e-06	14.8523
0.00100107	759.621	8.70492e-06	14.3973
0.00101848	727.212	8.70492e-06	14.2208
0.00103589	694.794	8.70492e-06	13.93
0.00105329	648.923	8.70492e-06	12.0086
0.0010707	637.885	8.70492e-06	15.4593
0.00108811	630.268	8.70492e-06	14.9186
0.00110552	596.201	8.70492e-06	13.0946
0.00112293	590.794	8.70492e-06	12.3298
0.00114034	548.255	8.70492e-06	12.8809
0.00115775	525.012	8.70492e-06	11.667
0.00117516	561.266	8.70492e-06	29.7375
0.00119257	467.208	8.70492e-06	13.821
0.00120998	461.285	8.70492e-06	11.2108
0.00122739	461.026	8.70492e-06	14.9769
0.0012448	459.703	8.70492e-06	18.6908
0.00126221	417.864	8.70492e-06	10.8277
0.00127962	396.798	8.70492e-06	11.5614
0.00129703	392.264	8.70492e-06	22.548
0.00131444	355.293	8.70492e-06	12.3797
0.00133185	336.9	8.70492e-06	10.7366
0.00134926	324.107	8.70492e-06	9.71047
0.00136667	300.492	8.70492e-06	13.4071
0.00138408	283.981	8.70492e-06	8.49738
0.00140149	250.257	8.70492e-06	8.45286
0.0014189	252.563	8.70492e-06	10.3979
0.00143631	231.594	8.70492e-06	7.8054
0.00145372	208.088	8.70492e-06	7.78268
0.00147113	206.186	8.70492e-06	11.9979
0.00148854	200.333	8.70492e-06	7.3689
0.00150595	228.844	8.70492e-06	25.5983
0.00152336	162.722	8.70492e-06	7.03566
0.00154077	153.823	8.70492e-06	6.96961
0.00155818	144.23	8.70492e-06	6.34714
0.00157559	146.778	8.70492e-06	9.76624
0.001593	123.462	8.70492e-06	6.84534
0.00161041	126.199	8.70492e-06	7.57558
0.00162782	120.664	8.70492e-06	8.3958
0.00164523	97.1363	8.70492e-06	5.01094
0.00166264	94.3012	8.70492e-06	6.02291
0.00168005	87.7205	8.70492e-06	5.81446
0.00169746	81.8314	8.70492e-06	5.42926
0.00171487	70.3291	8.70492e-06	4.14348
0.00173228	64.7732	8.70492e-06	4.35636
0.00174969	57.9955	8.70492e-06	4.19054
0.0017671	55.9855	8.70492e-06	4.27005
0.00178451	50.0205	8.70492e-06	4.01238
0.00180192	46.6607	8.70492e-06	4.71706
0.00181933	38.3333	8.70492e-06	3.71772
0.00183674	37.1521	8.70492e-06	3.17602
0.00185415	28.0497	8.70492e-06	2.73704
0.00187156	26.4704	8.70492e-06	2.65608
0.00188897	27.8412	8.70492e-06	2.82089
0.00190638	28.3113	8.70492e-06	3.21333
0.00192379	23.3192	8.70492e-06	4.00348
0.0019412	18.5935	8.70492e-06	2.4168
0.00195861	15.675	8.70492e-06	2.482
0.00197602	16.459	8.70492e-06	2.16057
0.00199343	15.3382	8.70492e-06	2.33491
0.00201084	11.2659	8.70492e-06	1.82742
0.00202825	10.7778	8.70492e-06	2.24886
0.00204566	13.1714	8.70492e-06	2.1412
0.00206307	3.40206	8.70492e-06	0.870703
0.00208048	4.85295	8.70492e-06	1.23359
0.00209789	5.98354	8.70492e-06	1.7366
0.00211529	4.02034	8.70492e-06	1.27503
0.0021327	2.95809	8.70492e-06	1.11111
0.00215011	1.58283	8.70492e-06	0.697272
0.00216752	1.03448	8.70492e-06	0.538839
0.00218493	0.892462	8.70492e-06	0.594303
0.00220234	0.201165	8.70492e-06	0.149993
0.00221975	0.518969	8.70492e-06	0.459978
