7.62215e-06	1577.61	7.62215e-06	26.8901
2.28664e-05	355.921	7.62215e-06	9.025
3.81107e-05	304.684	7.62215e-06	16.0062
5.3355e-05	275.408	7.62215e-06	9.04418
6.85993e-05	264.703	7.62215e-06	7.14544
8.38436e-05	286.981	7.62215e-06	7.78785
9.90879e-05	315.301	7.62215e-06	8.8995
0.000114332	342.134	7.62215e-06	9.88211
0.000129577	362.941	7.62215e-06	9.08515
0.000144821	410.245	7.62215e-06	9.60571
0.000160065	455.518	7.62215e-06	10.2132
0.000175309	484.601	7.62215e-06	11.1695
0.000190554	542.23	7.62215e-06	12.8522
0.000205798	594.964	7.62215e-06	39.4213
0.000221042	634.47	7.62215e-06	17.1264
0.000236287	644.91	7.62215e-06	11.4835
0.000251531	700.664	7.62215e-06	16.3192
0.000266775	736.456	7.62215e-06	15.8252
0.000282019	764.947	7.62215e-06	14.0572
0.000297264	807.7	7.62215e-06	17.356
0.000312508	857.562	7.62215e-06	15.1568
0.000327752	903.496	7.62215e-06	15.7609
0.000342997	892.313	7.62215e-06	15.1282
0.000358241	919.892	7.62215e-06	14.6927
0.000373485	975.204	7.62215e-06	19.1594
0.00038873	1048.74	7.62215e-06	24.4068
0.000403974	1005.28	7.62215e-06	17.6321
0.000419218	1039.42	7.62215e-06	23.86
0.000434462	1062.57	7.62215e-06	18.0515
0.000449707	1079.66	7.62215e-06	18.0901
0.000464951	1081.57	7.62215e-06	17.1338
0.000480195	1044.57	7.62215e-06	17.8751
0.00049544	1146.1	7.62215e-06	32.1974
0.000510684	1122.03	7.62215e-06	17.8881
0.000525928	1109.2	7.62215e-06	17.5175
0.000541172	1154.7	7.62215e-06	18.192
0.000556417	1119.65	7.62215e-06	18.9978
0.000571661	1145.28	7.62215e-06	23.8894
0.000586905	1092.97	7.62215e-06	18.8652
0.00060215	1141.38	7.62215e-06	20.0865
0.000617394	1110.58	7.62215e-06	17.4747
0.000632638	1106.27	7.62215e-06	17.826
0.000647883	1106	7.62215e-06	19.6959
0.000663127	1081.37	7.62215e-06	19.1087
0.000678371	1063.07	7.62215e-06	16.4903
0.000693615	1082.66	7.62215e-06	19.5509
0.00070886	1061.61	7.62215e-06	21.6479
0.000724104	1033.41	7.62215e-06	17.582
0.000739348	1024.49	7.62215e-06	22.8926
0.000754593	980.478	7.62215e-06	20.4725
0.000769837	960.217	7.62215e-06	16.877
0.000785081	979.165	7.62215e-06	22.5385
0.000800326	924.529	7.62215e-06	16.5995
0.00081557	903.013	7.62215e-06	19.5972
0.000830814	898.011	7.62215e-06	41.004
0.000846058	861.895	7.62215e-06	15.4298
0.000861303	855.703	7.62215e-06	20.6111
0.000876547	842.21	7.62215e-06	17.9827
0.000891791	805.529	7.62215e-06	17.1537
0.000907036	791.043	7.62215e-06	16.1314
0.00092228	718.021	7.62215e-06	13.975
0.000937524	713.897	7.62215e-06	15.369
0.000952768	713.67	7.62215e-06	21.9103
0.000968013	653.585	7.62215e-06	14.0132
0.000983257	633.931	7.62215e-06	13.9052
0.000998501	613.531	7.62215e-06	13.5427
0.00101375	606.632	7.62215e-06	13.4406
0.00102899	580.994	7.62215e-06	16.2076
0.00104423	555.722	7.62215e-06	14.5951
0.00105948	550.687	7.62215e-06	12.7589
0.00107472	530.461	7.62215e-06	16.6213
0.00108997	488.963	7.62215e-06	12.5426
0.00110521	444.276	7.62215e-06	12.7397
0.00112046	413.389	7.62215e-06	11.1779
0.0011357	412.191	7.62215e-06	12.3459
0.00115094	378.277	7.62215e-06	10.7162
0.00116619	375.053	7.62215e-06	18.7521
0.00118143	325.889	7.62215e-06	11.6637
0.00119668	340.338	7.62215e-06	12.5778
0.00121192	314.853	7.62215e-06	9.61058
0.00122717	283.865	7.62215e-06	9.37052
0.00124241	261.072	7.62215e-06	9.68722
0.00125765	263.12	7.62215e-06	9.5277
0.0012729	236.059	7.62215e-06	8.31529
0.00128814	225.746	7.62215e-06	8.84698
0.00130339	206.032	7.62215e-06	8.97649
0.00131863	198.07	7.62215e-06	8.39996
0.00133388	173.865	7.62215e-06	6.924
0.00134912	166.364	7.62215e-06	7.48184
0.00136436	162.793	7.62215e-06	7.97562
0.00137961	155.258	7.62215e-06	8.0209
0.00139485	140.74	7.62215e-06	7.05945
0.0014101	130.944	7.62215e-06	10.7168
0.00142534	117.557	7.62215e-06	6.13254
0.00144059	107.207	7.62215e-06	6.32698
0.00145583	98.8103	7.62215e-06	6.1865
0.00147107	90.5205	7.62215e-06	5.14094
0.00148632	96.3498	7.62215e-06	6.57144
0.00150156	105.31	7.62215e-06	23.2944
0.00151681	75.8223	7.62215e-06	6.34084
0.00153205	69.4306	7.62215e-06	5.70251
0.0015473	78.9981	7.62215e-06	21.1443
0.00156254	64.5535	7.62215e-06	5.18417
0.00157778	50.1646	7.62215e-06	4.43628
0.00159303	55.6225	7.62215e-06	5.16175
0.00160827	44.0037	7.62215e-06	4.09543
0.00162352	42.9601	7.62215e-06	6.01739
0.00163876	38.0516	7.62215e-06	5.54269
0.00165401	37.5241	7.62215e-06	3.86688
0.00166925	30.6037	7.62215e-06	3.50188
0.00168449	24.8982	7.62215e-06	2.87979
0.00169974	14.5656	7.62215e-06	2.11853
0.00171498	17.0973	7.62215e-06	2.79609
0.00173023	17.6463	7.62215e-06	3.04836
0.00174547	15.7844	7.62215e-06	2.65424
0.00176072	10.3667	7.62215e-06	2.47721
0.00177596	9.05233	7.62215e-06	2.12922
0.0017912	10.1729	7.62215e-06	2.32987
0.00180645	7.98789	7.62215e-06	1.7607
0.00182169	8.53739	7.62215e-06	2.2407
0.00183694	4.27548	7.62215e-06	1.45083
0.00185218	2.5524	7.62215e-06	0.921796
0.00186743	3.26369	7.62215e-06	1.70195
0.00188267	3.33065	7.62215e-06	1.7387
0.00189791	0.485199	7.62215e-06	0.485199
0.00191316	1.15275	7.62215e-06	0.765694
0.0019284	0.135081	7.62215e-06	0.135081
