0	1267.07	7.18545e-06	4.99489
1.43709e-05	1266.56	7.18545e-06	4.88341
2.87418e-05	1265.7	7.18545e-06	4.84431
4.31127e-05	1263.72	7.18545e-06	4.76873
5.74836e-05	1260.89	7.18545e-06	4.68836
7.18545e-05	1257.68	7.18545e-06	4.62729
8.62254e-05	1254.48	7.18545e-06	4.58554
0.000100596	1250.34	7.18545e-06	4.53445
0.000114967	1245.28	7.18545e-06	4.47295
0.000129338	1239.36	7.18545e-06	4.40863
0.000143709	1233.06	7.18545e-06	4.34712
0.00015808	1225.66	7.18545e-06	4.26967
0.000172451	1218.81	7.18545e-06	4.22021
0.000186822	1211.28	7.18545e-06	4.16906
0.000201193	1201.8	7.18545e-06	4.09417
0.000215564	1192.58	7.18545e-06	4.03151
0.000229934	1182.69	7.18545e-06	3.96907
0.000244305	1172.66	7.18545e-06	3.91216
0.000258676	1162.03	7.18545e-06	3.8546
0.000273047	1150.65	7.18545e-06	3.79444
0.000287418	1138.95	7.18545e-06	3.73325
0.000301789	1125.79	7.18545e-06	3.64632
0.00031616	1113.19	7.18545e-06	3.58244
0.000330531	1100.18	7.18545e-06	3.52248
0.000344902	1086.95	7.18545e-06	3.46438
0.000359273	1073.22	7.18545e-06	3.4036
0.000373643	1058.45	7.18545e-06	3.30457
0.000388014	1044.15	7.18545e-06	3.24273
0.000402385	1029.2	7.18545e-06	3.17119
0.000416756	1014.31	7.18545e-06	3.11203
0.000431127	999.143	7.18545e-06	3.05504
0.000445498	983.222	7.18545e-06	2.9941
0.000459869	967.863	7.18545e-06	2.93979
0.00047424	951.702	7.18545e-06	2.87928
0.000488611	935.554	7.18545e-06	2.82025
0.000502982	919.808	7.18545e-06	2.76427
0.000517352	903.401	7.18545e-06	2.6953
0.000531723	886.759	7.18545e-06	2.63611
0.000546094	870.505	7.18545e-06	2.58745
0.000560465	853.283	7.18545e-06	2.52227
0.000574836	836.164	7.18545e-06	2.45045
0.000589207	819.426	7.18545e-06	2.40204
0.000603578	802.48	7.18545e-06	2.35382
0.000617949	785.167	7.18545e-06	2.30332
0.00063232	768.439	7.18545e-06	2.25938
0.000646691	751.828	7.18545e-06	2.21397
0.000661061	734.985	7.18545e-06	2.16646
0.000675432	718.23	7.18545e-06	2.12432
0.000689803	700.759	7.18545e-06	2.06875
0.000704174	684.09	7.18545e-06	2.02618
0.000718545	667.302	7.18545e-06	1.97994
0.000732916	649.923	7.18545e-06	1.92856
0.000747287	633.297	7.18545e-06	1.88626
0.000761658	616.776	7.18545e-06	1.84382
0.000776029	600.353	7.18545e-06	1.80423
0.0007904	583.763	7.18545e-06	1.75125
0.00080477	567.66	7.18545e-06	1.70738
0.000819141	551.249	7.18545e-06	1.65542
0.000833512	535.309	7.18545e-06	1.61713
0.000847883	519.695	7.18545e-06	1.57991
0.000862254	504.124	7.18545e-06	1.54155
0.000876625	488.92	7.18545e-06	1.50853
0.000890996	473.643	7.18545e-06	1.47244
0.000905367	459.038	7.18545e-06	1.44189
0.000919738	443.975	7.18545e-06	1.39567
0.000934109	429.411	7.18545e-06	1.34911
0.000948479	414.489	7.18545e-06	1.29278
0.00096285	400.007	7.18545e-06	1.25109
0.000977221	386.156	7.18545e-06	1.21753
0.000991592	372.713	7.18545e-06	1.18423
0.00100596	359.766	7.18545e-06	1.15638
0.00102033	346.435	7.18545e-06	1.12564
0.0010347	333.703	7.18545e-06	1.05035
0.00104908	321.358	7.18545e-06	1.01853
0.00106345	309.42	7.18545e-06	0.992975
0.00107782	297.786	7.18545e-06	0.966836
0.00109219	286.325	7.18545e-06	0.941109
0.00110656	275.151	7.18545e-06	0.917046
0.00112093	263.942	7.18545e-06	0.88576
0.0011353	253.359	7.18545e-06	0.860184
0.00114967	242.991	7.18545e-06	0.834619
0.00116404	232.898	7.18545e-06	0.810062
0.00117841	222.945	7.18545e-06	0.784543
0.00119278	213.278	7.18545e-06	0.762104
0.00120716	203.929	7.18545e-06	0.735032
0.00122153	195.174	7.18545e-06	0.714977
0.0012359	186.264	7.18545e-06	0.685641
0.00125027	177.913	7.18545e-06	0.664852
0.00126464	169.984	7.18545e-06	0.649014
0.00127901	162.231	7.18545e-06	0.632468
0.00129338	154.75	7.18545e-06	0.615997
0.00130775	147.391	7.18545e-06	0.599341
0.00132212	140.215	7.18545e-06	0.581889
0.00133649	133.647	7.18545e-06	0.569673
0.00135086	127.127	7.18545e-06	0.556111
0.00136524	120.7	7.18545e-06	0.539264
0.00137961	114.474	7.18545e-06	0.523804
0.00139398	108.774	7.18545e-06	0.511397
0.00140835	103.169	7.18545e-06	0.500152
0.00142272	97.7202	7.18545e-06	0.489433
0.00143709	92.379	7.18545e-06	0.475096
0.00145146	87.5403	7.18545e-06	0.465831
0.00146583	82.3919	7.18545e-06	0.400925
0.0014802	77.804	7.18545e-06	0.38752
0.00149457	73.3789	7.18545e-06	0.330858
0.00150894	69.3887	7.18545e-06	0.321763
0.00152332	65.2755	7.18545e-06	0.307388
0.00153769	61.5424	7.18545e-06	0.296331
0.00155206	57.9538	7.18545e-06	0.286333
0.00156643	54.5999	7.18545e-06	0.276063
0.0015808	51.2178	7.18545e-06	0.26552
0.00159517	48.1425	7.18545e-06	0.257044
0.00160954	45.203	7.18545e-06	0.246328
0.00162391	42.3469	7.18545e-06	0.235986
0.00163828	39.6133	7.18545e-06	0.226708
0.00165265	37.1012	7.18545e-06	0.217644
0.00166702	34.7169	7.18545e-06	0.210685
0.0016814	32.3837	7.18545e-06	0.197658
0.00169577	30.2237	7.18545e-06	0.190245
0.00171014	28.2382	7.18545e-06	0.184245
0.00172451	26.3109	7.18545e-06	0.178869
0.00173888	24.5068	7.18545e-06	0.173196
0.00175325	22.637	7.18545e-06	0.15754
0.00176762	21.087	7.18545e-06	0.151959
0.00178199	19.5517	7.18545e-06	0.145723
0.00179636	18.0942	7.18545e-06	0.139909
0.00181073	16.7839	7.18545e-06	0.134834
0.0018251	15.5694	7.18545e-06	0.130632
0.00183948	14.4046	7.18545e-06	0.124952
0.00185385	13.2761	7.18545e-06	0.120435
0.00186822	12.2509	7.18545e-06	0.116107
0.00188259	11.258	7.18545e-06	0.111421
0.00189696	10.3559	7.18545e-06	0.10743
0.00191133	9.58261	7.18545e-06	0.104789
0.0019257	8.82768	7.18545e-06	0.10178
0.00194007	8.1147	7.18545e-06	0.0991016
0.00195444	7.45425	7.18545e-06	0.0959173
0.00196881	6.83683	7.18545e-06	0.0932219
0.00198318	6.27581	7.18545e-06	0.0911115
0.00199756	5.65	7.18545e-06	0.0632169
0.00201193	5.15678	7.18545e-06	0.0595709
0.0020263	4.67551	7.18545e-06	0.05516
0.00204067	4.2606	7.18545e-06	0.0526678
0.00205504	3.85783	7.18545e-06	0.0499502
0.00206941	3.51486	7.18545e-06	0.0478483
0.00208378	3.16605	7.18545e-06	0.0452271
0.00209815	2.87126	7.18545e-06	0.0434915
0.00211252	2.54691	7.18545e-06	0.0364571
0.00212689	2.28149	7.18545e-06	0.0332875
0.00214126	2.03338	7.18545e-06	0.0311627
0.00215564	1.81266	7.18545e-06	0.0292205
0.00217001	1.61968	7.18545e-06	0.0272263
0.00218438	1.44538	7.18545e-06	0.0254742
0.00219875	1.27501	7.18545e-06	0.023573
0.00221312	1.1039	7.18545e-06	0.0215235
0.00222749	0.979029	7.18545e-06	0.0201386
0.00224186	0.846397	7.18545e-06	0.0184981
0.00225623	0.736518	7.18545e-06	0.0170065
0.0022706	0.656944	7.18545e-06	0.015927
0.00228497	0.569219	7.18545e-06	0.014745
0.00229934	0.483863	7.18545e-06	0.0133996
0.00231372	0.41549	7.18545e-06	0.0122428
0.00232809	0.356027	7.18545e-06	0.0112373
0.00234246	0.300629	7.18545e-06	0.010205
0.00235683	0.256817	7.18545e-06	0.00924597
0.0023712	0.219509	7.18545e-06	0.00847632
0.00238557	0.17935	7.18545e-06	0.00766695
0.00239994	0.148609	7.18545e-06	0.00696305
0.00241431	0.118948	7.18545e-06	0.00620834
0.00242868	0.0891953	7.18545e-06	0.00541067
0.00244305	0.0695633	7.18545e-06	0.00475465
0.00245742	0.0496111	7.18545e-06	0.00386351
0.0024718	0.0368265	7.18545e-06	0.00330959
0.00248617	0.0264658	7.18545e-06	0.00270736
0.00250054	0.0179261	7.18545e-06	0.00221725
0.00251491	0.0105298	7.18545e-06	0.00170887
0.00252928	0.00678772	7.18545e-06	0.00137044
0.00254365	0.00322756	7.18545e-06	0.000905366
0.00255802	0.00117385	7.18545e-06	0.000525362
