0	1113.68	7.26618e-06	8.30398
1.45324e-05	1110.13	7.26618e-06	3.48046
2.90647e-05	1109.52	7.26618e-06	3.45092
4.35971e-05	1108.79	7.26618e-06	3.43523
5.81295e-05	1107.64	7.26618e-06	3.41441
7.26618e-05	1106.23	7.26618e-06	3.39581
8.71942e-05	1103.99	7.26618e-06	3.35873
0.000101727	1101.97	7.26618e-06	3.34036
0.000116259	1099.33	7.26618e-06	3.31662
0.000130791	1096.62	7.26618e-06	3.296
0.000145324	1093.27	7.26618e-06	3.27002
0.000159856	1089.68	7.26618e-06	3.24397
0.000174388	1085.33	7.26618e-06	3.21288
0.000188921	1080.13	7.26618e-06	3.15162
0.000203453	1075.57	7.26618e-06	3.12761
0.000217985	1070.49	7.26618e-06	3.08894
0.000232518	1064.17	7.26618e-06	3.00904
0.00024705	1058.65	7.26618e-06	2.98304
0.000261583	1052.63	7.26618e-06	2.9548
0.000276115	1045.55	7.26618e-06	2.87433
0.000290647	1038.83	7.26618e-06	2.8464
0.00030518	1031.76	7.26618e-06	2.81853
0.000319712	1024.34	7.26618e-06	2.78915
0.000334244	1016.57	7.26618e-06	2.7599
0.000348777	1008.92	7.26618e-06	2.73445
0.000363309	1000.22	7.26618e-06	2.69991
0.000377841	991.631	7.26618e-06	2.67112
0.000392374	982.466	7.26618e-06	2.63905
0.000406906	973.184	7.26618e-06	2.60941
0.000421439	963.488	7.26618e-06	2.57964
0.000435971	953.05	7.26618e-06	2.54001
0.000450503	942.377	7.26618e-06	2.50334
0.000465036	931.422	7.26618e-06	2.46863
0.000479568	920.151	7.26618e-06	2.43301
0.0004941	908.364	7.26618e-06	2.39235
0.000508633	896.71	7.26618e-06	2.35802
0.000523165	884.661	7.26618e-06	2.31947
0.000537698	872.224	7.26618e-06	2.27703
0.00055223	860.343	7.26618e-06	2.24447
0.000566762	847.974	7.26618e-06	2.21199
0.000581295	834.843	7.26618e-06	2.1725
0.000595827	821.837	7.26618e-06	2.13742
0.000610359	808.726	7.26618e-06	2.10223
0.000624892	795.3	7.26618e-06	2.06445
0.000639424	782.232	7.26618e-06	2.03395
0.000653956	768.712	7.26618e-06	2.00073
0.000668489	754.434	7.26618e-06	1.96189
0.000683021	740.779	7.26618e-06	1.9289
0.000697554	726.914	7.26618e-06	1.896
0.000712086	712.329	7.26618e-06	1.85731
0.000726618	698.01	7.26618e-06	1.82205
0.000741151	683.671	7.26618e-06	1.78703
0.000755683	669.319	7.26618e-06	1.74538
0.000770215	655.153	7.26618e-06	1.71459
0.000784748	640.88	7.26618e-06	1.68277
0.00079928	626.495	7.26618e-06	1.6496
0.000813812	612.044	7.26618e-06	1.61623
0.000828345	597.379	7.26618e-06	1.58303
0.000842877	582.998	7.26618e-06	1.55079
0.00085741	568.696	7.26618e-06	1.52059
0.000871942	553.818	7.26618e-06	1.47148
0.000886474	539.72	7.26618e-06	1.44214
0.000901007	525.498	7.26618e-06	1.41177
0.000915539	511.183	7.26618e-06	1.37507
0.000930071	497.449	7.26618e-06	1.34769
0.000944604	483.108	7.26618e-06	1.30734
0.000959136	469.192	7.26618e-06	1.27618
0.000973668	455.637	7.26618e-06	1.24758
0.000988201	441.691	7.26618e-06	1.21078
0.00100273	427.856	7.26618e-06	1.17341
0.00101727	414.558	7.26618e-06	1.14745
0.0010318	401.336	7.26618e-06	1.11792
0.00104633	388.56	7.26618e-06	1.09334
0.00106086	375.927	7.26618e-06	1.06748
0.0010754	363.488	7.26618e-06	1.04231
0.00108993	351.317	7.26618e-06	1.0192
0.00110446	339.229	7.26618e-06	0.992798
0.00111899	327.099	7.26618e-06	0.961937
0.00113352	315.433	7.26618e-06	0.936212
0.00114806	303.799	7.26618e-06	0.911223
0.00116259	292.276	7.26618e-06	0.878403
0.00117712	281.266	7.26618e-06	0.856382
0.00119165	270.619	7.26618e-06	0.83586
0.00120619	260.112	7.26618e-06	0.814336
0.00122072	249.782	7.26618e-06	0.793039
0.00123525	239.791	7.26618e-06	0.770821
0.00124978	230.304	7.26618e-06	0.754225
0.00126432	220.884	7.26618e-06	0.737923
0.00127885	211.598	7.26618e-06	0.719606
0.00129338	202.898	7.26618e-06	0.704724
0.00130791	193.623	7.26618e-06	0.650208
0.00132245	184.916	7.26618e-06	0.630167
0.00133698	176.586	7.26618e-06	0.613647
0.00135151	168.768	7.26618e-06	0.59982
0.00136604	161.063	7.26618e-06	0.583621
0.00138057	153.108	7.26618e-06	0.531383
0.00139511	145.903	7.26618e-06	0.516027
0.00140964	138.787	7.26618e-06	0.498123
0.00142417	132.034	7.26618e-06	0.485187
0.0014387	125.672	7.26618e-06	0.471791
0.00145324	119.362	7.26618e-06	0.458612
0.00146777	113.19	7.26618e-06	0.424133
0.0014823	107.276	7.26618e-06	0.407925
0.00149683	101.383	7.26618e-06	0.37628
0.00151137	96.1	7.26618e-06	0.364382
0.0015259	90.9212	7.26618e-06	0.352247
0.00154043	85.9367	7.26618e-06	0.337439
0.00155496	81.167	7.26618e-06	0.320125
0.0015695	76.6762	7.26618e-06	0.309423
0.00158403	72.348	7.26618e-06	0.297522
0.00159856	68.251	7.26618e-06	0.286078
0.00161309	64.2544	7.26618e-06	0.27574
0.00162762	60.4821	7.26618e-06	0.263554
0.00164216	56.8552	7.26618e-06	0.25444
0.00165669	53.4959	7.26618e-06	0.246084
0.00167122	50.2807	7.26618e-06	0.237604
0.00168575	47.2776	7.26618e-06	0.229493
0.00170029	44.3593	7.26618e-06	0.220398
0.00171482	41.5436	7.26618e-06	0.211914
0.00172935	38.8268	7.26618e-06	0.200396
0.00174388	36.3071	7.26618e-06	0.192781
0.00175842	33.9615	7.26618e-06	0.186093
0.00177295	31.7655	7.26618e-06	0.180112
0.00178748	29.6424	7.26618e-06	0.172032
0.00180201	27.6011	7.26618e-06	0.164991
0.00181655	25.7164	7.26618e-06	0.158789
0.00183108	23.9193	7.26618e-06	0.153055
0.00184561	22.1862	7.26618e-06	0.147608
0.00186014	20.6437	7.26618e-06	0.142537
0.00187468	19.1439	7.26618e-06	0.13704
0.00188921	17.6989	7.26618e-06	0.128775
0.00190374	16.4256	7.26618e-06	0.123872
0.00191827	15.1232	7.26618e-06	0.11506
0.0019328	13.8652	7.26618e-06	0.109046
0.00194734	12.7899	7.26618e-06	0.101464
0.00196187	11.7931	7.26618e-06	0.0976428
0.0019764	10.8119	7.26618e-06	0.0924293
0.00199093	9.89725	7.26618e-06	0.0881181
0.00200547	9.05651	7.26618e-06	0.0838043
0.00202	8.29978	7.26618e-06	0.0803773
0.00203453	7.62412	7.26618e-06	0.0772005
0.00204906	6.97794	7.26618e-06	0.0726649
0.0020636	6.32931	7.26618e-06	0.0686992
0.00207813	5.78577	7.26618e-06	0.0652253
0.00209266	5.26233	7.26618e-06	0.0624549
0.00210719	4.75516	7.26618e-06	0.0592966
0.00212173	4.30183	7.26618e-06	0.0557858
0.00213626	3.88743	7.26618e-06	0.0530461
0.00215079	3.50774	7.26618e-06	0.0506524
0.00216532	3.17275	7.26618e-06	0.0481149
0.00217985	2.85825	7.26618e-06	0.0458318
0.00219439	2.542	7.26618e-06	0.0417378
0.00220892	2.25604	7.26618e-06	0.0387658
0.00222345	1.99224	7.26618e-06	0.0364277
0.00223798	1.77796	7.26618e-06	0.0348097
0.00225252	1.57269	7.26618e-06	0.0330891
0.00226705	1.37242	7.26618e-06	0.0286841
0.00228158	1.19498	7.26618e-06	0.0256147
0.00229611	1.04425	7.26618e-06	0.0240719
0.00231065	0.906613	7.26618e-06	0.0226048
0.00232518	0.783857	7.26618e-06	0.0210369
0.00233971	0.673194	7.26618e-06	0.0194356
0.00235424	0.568815	7.26618e-06	0.0176177
0.00236878	0.482142	7.26618e-06	0.0164318
0.00238331	0.410532	7.26618e-06	0.0153525
0.00239784	0.335592	7.26618e-06	0.0127008
0.00241237	0.272778	7.26618e-06	0.0114025
0.0024269	0.217694	7.26618e-06	0.00997504
0.00244144	0.177807	7.26618e-06	0.00898261
0.00245597	0.131231	7.26618e-06	0.00776342
0.0024705	0.0951866	7.26618e-06	0.00664256
0.00248503	0.0725598	7.26618e-06	0.00592909
0.00249957	0.0510453	7.26618e-06	0.00516517
0.0025141	0.0308953	7.26618e-06	0.00430528
0.00252863	0.016858	7.26618e-06	0.00255234
0.00254316	0.00832993	7.26618e-06	0.00179669
0.0025577	0.00422563	7.26618e-06	0.00128693
0.00257223	0.00115491	7.26618e-06	0.000672807
