0	1309.22	7.10738e-06	5.28558
1.42148e-05	1309.02	7.10738e-06	5.26844
2.84295e-05	1307.97	7.10738e-06	5.21771
4.26443e-05	1305.55	7.10738e-06	5.11637
5.6859e-05	1302.92	7.10738e-06	5.05425
7.10738e-05	1300.03	7.10738e-06	5.00762
8.52885e-05	1295.17	7.10738e-06	4.91384
9.95033e-05	1289.7	7.10738e-06	4.83222
0.000113718	1284.09	7.10738e-06	4.76453
0.000127933	1277.86	7.10738e-06	4.6978
0.000142148	1270.86	7.10738e-06	4.62459
0.000156362	1263.43	7.10738e-06	4.55871
0.000170577	1255.31	7.10738e-06	4.49221
0.000184792	1246.72	7.10738e-06	4.42874
0.000199007	1235.99	7.10738e-06	4.30165
0.000213221	1226.29	7.10738e-06	4.23988
0.000227436	1215.63	7.10738e-06	4.17055
0.000241651	1204.44	7.10738e-06	4.09454
0.000255866	1192.38	7.10738e-06	4.02091
0.00027008	1180.37	7.10738e-06	3.95378
0.000284295	1167.55	7.10738e-06	3.8868
0.00029851	1154.46	7.10738e-06	3.82277
0.000312725	1141.18	7.10738e-06	3.76277
0.000326939	1127.34	7.10738e-06	3.6995
0.000341154	1112.81	7.10738e-06	3.63236
0.000355369	1097.44	7.10738e-06	3.55115
0.000369584	1081.78	7.10738e-06	3.46502
0.000383798	1065.87	7.10738e-06	3.39828
0.000398013	1050.04	7.10738e-06	3.30995
0.000412228	1034.51	7.10738e-06	3.25142
0.000426443	1018.09	7.10738e-06	3.18213
0.000440657	1001.28	7.10738e-06	3.11752
0.000454872	984.78	7.10738e-06	3.05899
0.000469087	967.405	7.10738e-06	2.99677
0.000483302	950.436	7.10738e-06	2.94258
0.000497516	932.641	7.10738e-06	2.8791
0.000511731	913.919	7.10738e-06	2.75724
0.000525946	896.057	7.10738e-06	2.69449
0.000540161	878.286	7.10738e-06	2.6283
0.000554375	859.818	7.10738e-06	2.51718
0.00056859	841.721	7.10738e-06	2.45408
0.000582805	823.044	7.10738e-06	2.38331
0.00059702	805.17	7.10738e-06	2.32931
0.000611234	787.456	7.10738e-06	2.27702
0.000625449	769.143	7.10738e-06	2.18534
0.000639664	751.08	7.10738e-06	2.12879
0.000653879	732.898	7.10738e-06	2.07035
0.000668093	715.29	7.10738e-06	2.0195
0.000682308	697.788	7.10738e-06	1.97215
0.000696523	680.337	7.10738e-06	1.91966
0.000710738	662.998	7.10738e-06	1.87292
0.000724952	646.354	7.10738e-06	1.83064
0.000739167	629.409	7.10738e-06	1.78739
0.000753382	611.955	7.10738e-06	1.73247
0.000767597	594.83	7.10738e-06	1.68199
0.000781811	578.1	7.10738e-06	1.63707
0.000796026	561.717	7.10738e-06	1.59634
0.000810241	545.605	7.10738e-06	1.55464
0.000824456	529.749	7.10738e-06	1.5151
0.00083867	513.811	7.10738e-06	1.46846
0.000852885	497.882	7.10738e-06	1.42605
0.0008671	482.525	7.10738e-06	1.3879
0.000881315	467.006	7.10738e-06	1.3476
0.000895529	451.997	7.10738e-06	1.31256
0.000909744	437.145	7.10738e-06	1.27682
0.000923959	422.327	7.10738e-06	1.23578
0.000938174	407.925	7.10738e-06	1.19806
0.000952388	393.966	7.10738e-06	1.16566
0.000966603	379.987	7.10738e-06	1.12877
0.000980818	366.534	7.10738e-06	1.09594
0.000995033	353.43	7.10738e-06	1.06606
0.00100925	340.355	7.10738e-06	1.03577
0.00102346	327.283	7.10738e-06	0.998069
0.00103768	314.7	7.10738e-06	0.967357
0.00105189	302.731	7.10738e-06	0.940701
0.00106611	290.599	7.10738e-06	0.900459
0.00108032	279.232	7.10738e-06	0.872142
0.00109454	267.971	7.10738e-06	0.841409
0.00110875	257.26	7.10738e-06	0.816023
0.00112297	246.77	7.10738e-06	0.792388
0.00113718	236.623	7.10738e-06	0.771659
0.00115139	226.656	7.10738e-06	0.749766
0.00116561	216.901	7.10738e-06	0.707388
0.00117982	207.386	7.10738e-06	0.681352
0.00119404	198.205	7.10738e-06	0.660951
0.00120825	189.435	7.10738e-06	0.642328
0.00122247	180.796	7.10738e-06	0.616709
0.00123668	172.556	7.10738e-06	0.59671
0.0012509	164.433	7.10738e-06	0.574583
0.00126511	156.965	7.10738e-06	0.55739
0.00127933	149.266	7.10738e-06	0.538722
0.00129354	142.131	7.10738e-06	0.518502
0.00130776	135.155	7.10738e-06	0.501294
0.00132197	128.509	7.10738e-06	0.48599
0.00133619	122.171	7.10738e-06	0.469966
0.0013504	115.992	7.10738e-06	0.454452
0.00136462	110.051	7.10738e-06	0.440858
0.00137883	104.242	7.10738e-06	0.419252
0.00139305	98.8037	7.10738e-06	0.402025
0.00140726	93.5516	7.10738e-06	0.383959
0.00142148	88.5182	7.10738e-06	0.369716
0.00143569	83.698	7.10738e-06	0.356952
0.0014499	79.1494	7.10738e-06	0.344339
0.00146412	74.7547	7.10738e-06	0.333987
0.00147833	70.616	7.10738e-06	0.324518
0.00149255	66.5885	7.10738e-06	0.314048
0.00150676	62.7152	7.10738e-06	0.303659
0.00152098	59.1142	7.10738e-06	0.29268
0.00153519	55.6132	7.10738e-06	0.284014
0.00154941	52.2314	7.10738e-06	0.272082
0.00156362	49.0879	7.10738e-06	0.263426
0.00157784	46.0327	7.10738e-06	0.255066
0.00159205	43.1525	7.10738e-06	0.244617
0.00160627	40.3364	7.10738e-06	0.228454
0.00162048	37.8437	7.10738e-06	0.221129
0.0016347	35.4582	7.10738e-06	0.213855
0.00164891	33.1655	7.10738e-06	0.205382
0.00166313	31.0725	7.10738e-06	0.200111
0.00167734	29.0341	7.10738e-06	0.194027
0.00169156	27.0908	7.10738e-06	0.188552
0.00170577	25.2607	7.10738e-06	0.18397
0.00171999	23.4949	7.10738e-06	0.177273
0.0017342	21.8948	7.10738e-06	0.173027
0.00174841	20.3431	7.10738e-06	0.167945
0.00176263	18.9193	7.10738e-06	0.163974
0.00177684	17.6025	7.10738e-06	0.160268
0.00179106	16.1849	7.10738e-06	0.139618
0.00180527	14.9931	7.10738e-06	0.133204
0.00181949	13.8634	7.10738e-06	0.128862
0.0018337	12.8323	7.10738e-06	0.125577
0.00184792	11.8319	7.10738e-06	0.12196
0.00186213	10.906	7.10738e-06	0.11856
0.00187635	10.0339	7.10738e-06	0.115027
0.00189056	9.24949	7.10738e-06	0.112341
0.00190478	8.51401	7.10738e-06	0.110057
0.00191899	7.83032	7.10738e-06	0.108138
0.00193321	7.04969	7.10738e-06	0.0622935
0.00194742	6.45568	7.10738e-06	0.0590143
0.00196164	5.87847	7.10738e-06	0.0554791
0.00197585	5.35391	7.10738e-06	0.0525513
0.00199007	4.84891	7.10738e-06	0.0484749
0.00200428	4.39398	7.10738e-06	0.0455923
0.00201849	3.99771	7.10738e-06	0.043019
0.00203271	3.63456	7.10738e-06	0.040515
0.00204692	3.28994	7.10738e-06	0.0380478
0.00206114	2.98083	7.10738e-06	0.0359394
0.00207535	2.68548	7.10738e-06	0.03374
0.00208957	2.41151	7.10738e-06	0.0314961
0.00210378	2.15568	7.10738e-06	0.0294777
0.002118	1.94851	7.10738e-06	0.0278647
0.00213221	1.72267	7.10738e-06	0.0258916
0.00214643	1.53193	7.10738e-06	0.0241624
0.00216064	1.3621	7.10738e-06	0.0226773
0.00217486	1.21112	7.10738e-06	0.0211648
0.00218907	1.07916	7.10738e-06	0.0198771
0.00220329	0.943474	7.10738e-06	0.0184941
0.0022175	0.819304	7.10738e-06	0.0170953
0.00223172	0.723387	7.10738e-06	0.0159128
0.00224593	0.633351	7.10738e-06	0.0148357
0.00226015	0.551228	7.10738e-06	0.0137724
0.00227436	0.478633	7.10738e-06	0.0127381
0.00228858	0.414464	7.10738e-06	0.0117717
0.00230279	0.356025	7.10738e-06	0.010885
0.002317	0.291239	7.10738e-06	0.00975138
0.00233122	0.245866	7.10738e-06	0.00889674
0.00234543	0.204541	7.10738e-06	0.00805645
0.00235965	0.173505	7.10738e-06	0.00740845
0.00237386	0.146334	7.10738e-06	0.00660797
0.00238808	0.114515	7.10738e-06	0.00581453
0.00240229	0.0959898	7.10738e-06	0.00530139
0.00241651	0.0778166	7.10738e-06	0.00475453
0.00243072	0.0581364	7.10738e-06	0.00411544
0.00244494	0.0452613	7.10738e-06	0.0036099
0.00245915	0.0342734	7.10738e-06	0.0030788
0.00247337	0.0219306	7.10738e-06	0.00246796
0.00248758	0.0155344	7.10738e-06	0.00206137
0.0025018	0.0100011	7.10738e-06	0.00162364
0.00251601	0.00501595	7.10738e-06	0.00114096
0.00253023	0.0040362	7.10738e-06	0.00102997
0.00254444	0.000872275	7.10738e-06	0.00043629
0.00255866	0.000430892	7.10738e-06	0.000304791
