0	1290.15	7.15442e-06	5.46882
1.43088e-05	1289.67	7.15442e-06	5.38039
2.86177e-05	1288.56	7.15442e-06	5.32299
4.29265e-05	1287.11	7.15442e-06	5.28824
5.72353e-05	1284.36	7.15442e-06	5.22258
7.15442e-05	1280.92	7.15442e-06	5.15965
8.5853e-05	1276.56	7.15442e-06	5.0905
0.000100162	1271.42	7.15442e-06	5.01538
0.000114471	1266.17	7.15442e-06	4.9574
0.00012878	1260.08	7.15442e-06	4.89806
0.000143088	1253.67	7.15442e-06	4.83964
0.000157397	1246.26	7.15442e-06	4.77956
0.000171706	1238.96	7.15442e-06	4.72861
0.000186015	1230.34	7.15442e-06	4.66776
0.000200324	1221.09	7.15442e-06	4.60566
0.000214633	1210.93	7.15442e-06	4.53459
0.000228941	1200.4	7.15442e-06	4.4704
0.00024325	1188.36	7.15442e-06	4.33551
0.000257559	1176.83	7.15442e-06	4.27336
0.000271868	1163.6	7.15442e-06	4.07723
0.000286177	1151.96	7.15442e-06	4.02269
0.000300486	1139.52	7.15442e-06	3.96306
0.000314794	1126.6	7.15442e-06	3.88645
0.000329103	1113.67	7.15442e-06	3.83387
0.000343412	1100.18	7.15442e-06	3.78073
0.000357721	1085.8	7.15442e-06	3.72307
0.00037203	1070.58	7.15442e-06	3.65616
0.000386339	1055.65	7.15442e-06	3.59136
0.000400647	1040.49	7.15442e-06	3.52913
0.000414956	1024.61	7.15442e-06	3.47217
0.000429265	1009.46	7.15442e-06	3.42286
0.000443574	993.125	7.15442e-06	3.36329
0.000457883	976.902	7.15442e-06	3.30946
0.000472192	958.945	7.15442e-06	3.18051
0.0004865	942.553	7.15442e-06	3.12743
0.000500809	926.156	7.15442e-06	3.07924
0.000515118	909.262	7.15442e-06	3.03035
0.000529427	891.062	7.15442e-06	2.83304
0.000543736	873.04	7.15442e-06	2.69593
0.000558045	855.414	7.15442e-06	2.64066
0.000572353	838.119	7.15442e-06	2.58808
0.000586662	819.824	7.15442e-06	2.46653
0.000600971	802.36	7.15442e-06	2.41431
0.00061528	785.349	7.15442e-06	2.36935
0.000629589	768.395	7.15442e-06	2.32572
0.000643898	749.97	7.15442e-06	2.19836
0.000658206	732.621	7.15442e-06	2.14226
0.000672515	714.672	7.15442e-06	2.0842
0.000686824	697.446	7.15442e-06	2.03642
0.000701133	679.341	7.15442e-06	1.97397
0.000715442	662.291	7.15442e-06	1.92611
0.000729751	644.559	7.15442e-06	1.86518
0.000744059	627.723	7.15442e-06	1.8204
0.000758368	611.335	7.15442e-06	1.78097
0.000772677	594.539	7.15442e-06	1.7352
0.000786986	578.207	7.15442e-06	1.68225
0.000801295	561.616	7.15442e-06	1.63633
0.000815604	545.626	7.15442e-06	1.59629
0.000829912	529.473	7.15442e-06	1.55691
0.000844221	513.712	7.15442e-06	1.51744
0.00085853	497.763	7.15442e-06	1.47262
0.000872839	482.577	7.15442e-06	1.43637
0.000887148	467.43	7.15442e-06	1.39254
0.000901457	452.53	7.15442e-06	1.35881
0.000915765	438.035	7.15442e-06	1.32706
0.000930074	423.754	7.15442e-06	1.2961
0.000944383	409.924	7.15442e-06	1.26231
0.000958692	395.851	7.15442e-06	1.22822
0.000973001	382.199	7.15442e-06	1.19401
0.00098731	368.873	7.15442e-06	1.16622
0.00100162	355.856	7.15442e-06	1.13789
0.00101593	342.836	7.15442e-06	1.10942
0.00103024	329.828	7.15442e-06	1.07734
0.00104454	317.422	7.15442e-06	1.049
0.00105885	305.421	7.15442e-06	1.01421
0.00107316	293.735	7.15442e-06	0.991166
0.00108747	281.912	7.15442e-06	0.964031
0.00110178	270.732	7.15442e-06	0.941613
0.00111609	260.081	7.15442e-06	0.918186
0.0011304	249.31	7.15442e-06	0.889435
0.00114471	238.825	7.15442e-06	0.856507
0.00115902	228.979	7.15442e-06	0.83668
0.00117332	218.685	7.15442e-06	0.722391
0.00118763	209.14	7.15442e-06	0.698613
0.00120194	200.211	7.15442e-06	0.680891
0.00121625	191.328	7.15442e-06	0.660986
0.00123056	182.948	7.15442e-06	0.642244
0.00124487	174.577	7.15442e-06	0.622048
0.00125918	166.474	7.15442e-06	0.60245
0.00127349	158.584	7.15442e-06	0.579263
0.0012878	150.871	7.15442e-06	0.560058
0.0013021	143.725	7.15442e-06	0.542101
0.00131641	136.756	7.15442e-06	0.522349
0.00133072	129.873	7.15442e-06	0.504818
0.00134503	123.414	7.15442e-06	0.49045
0.00135934	117.238	7.15442e-06	0.476843
0.00137365	111.135	7.15442e-06	0.462455
0.00138796	105.409	7.15442e-06	0.446196
0.00140227	99.8239	7.15442e-06	0.428624
0.00141657	94.276	7.15442e-06	0.409565
0.00143088	89.1225	7.15442e-06	0.38832
0.00144519	84.4691	7.15442e-06	0.377887
0.0014595	79.9669	7.15442e-06	0.367392
0.00147381	75.4993	7.15442e-06	0.35628
0.00148812	71.3198	7.15442e-06	0.347278
0.00150243	67.2247	7.15442e-06	0.3363
0.00151674	63.3902	7.15442e-06	0.326685
0.00153105	59.7075	7.15442e-06	0.317079
0.00154535	56.1385	7.15442e-06	0.304431
0.00155966	52.8052	7.15442e-06	0.297353
0.00157397	49.5606	7.15442e-06	0.288785
0.00158828	46.6691	7.15442e-06	0.282581
0.00160259	43.8694	7.15442e-06	0.275833
0.0016169	41.0686	7.15442e-06	0.263988
0.00163121	38.4569	7.15442e-06	0.257972
0.00164552	35.9576	7.15442e-06	0.251179
0.00165982	33.681	7.15442e-06	0.245804
0.00167413	31.5707	7.15442e-06	0.241341
0.00168844	29.4999	7.15442e-06	0.236006
0.00170275	27.5774	7.15442e-06	0.229819
0.00171706	25.8106	7.15442e-06	0.226084
0.00173137	24.0697	7.15442e-06	0.221738
0.00174568	22.1896	7.15442e-06	0.147017
0.00175999	20.5727	7.15442e-06	0.138142
0.0017743	19.1365	7.15442e-06	0.132474
0.0017886	17.7288	7.15442e-06	0.127012
0.00180291	16.4293	7.15442e-06	0.121255
0.00181722	15.2243	7.15442e-06	0.116089
0.00183153	14.103	7.15442e-06	0.111509
0.00184584	13.012	7.15442e-06	0.106537
0.00186015	12.0224	7.15442e-06	0.102044
0.00187446	11.0502	7.15442e-06	0.0914903
0.00188877	10.1286	7.15442e-06	0.0854717
0.00190308	9.33006	7.15442e-06	0.0811389
0.00191738	8.54667	7.15442e-06	0.0765287
0.00193169	7.84961	7.15442e-06	0.0723282
0.001946	7.17199	7.15442e-06	0.0688905
0.00196031	6.54503	7.15442e-06	0.0655218
0.00197462	5.9778	7.15442e-06	0.0624233
0.00198893	5.4331	7.15442e-06	0.0586782
0.00200324	4.9477	7.15442e-06	0.0557584
0.00201755	4.48039	7.15442e-06	0.0504898
0.00203185	4.06211	7.15442e-06	0.0465458
0.00204616	3.67937	7.15442e-06	0.0425422
0.00206047	3.32501	7.15442e-06	0.0402037
0.00207478	3.0089	7.15442e-06	0.0376372
0.00208909	2.71401	7.15442e-06	0.035401
0.0021034	2.44649	7.15442e-06	0.0334501
0.00211771	2.21233	7.15442e-06	0.0313671
0.00213202	1.98569	7.15442e-06	0.029626
0.00214633	1.77034	7.15442e-06	0.027503
0.00216063	1.56888	7.15442e-06	0.0255559
0.00217494	1.38252	7.15442e-06	0.023762
0.00218925	1.22543	7.15442e-06	0.022209
0.00220356	1.06768	7.15442e-06	0.020566
0.00221787	0.932331	7.15442e-06	0.0191005
0.00223218	0.812698	7.15442e-06	0.0177213
0.00224649	0.707697	7.15442e-06	0.0164315
0.0022608	0.622058	7.15442e-06	0.0153713
0.0022751	0.538667	7.15442e-06	0.0143213
0.00228941	0.465094	7.15442e-06	0.0132709
0.00230372	0.399922	7.15442e-06	0.0121516
0.00231803	0.333182	7.15442e-06	0.0110679
0.00233234	0.280421	7.15442e-06	0.00982144
0.00234665	0.237465	7.15442e-06	0.00903627
0.00236096	0.202237	7.15442e-06	0.00836913
0.00237527	0.166892	7.15442e-06	0.00762274
0.00238958	0.137587	7.15442e-06	0.00684493
0.00240388	0.113709	7.15442e-06	0.00624102
0.00241819	0.0871793	7.15442e-06	0.00548706
0.0024325	0.0691416	7.15442e-06	0.00497158
0.00244681	0.0515189	7.15442e-06	0.00437369
0.00246112	0.036799	7.15442e-06	0.00339196
0.00247543	0.0257647	7.15442e-06	0.00289521
0.00248974	0.0211364	7.15442e-06	0.00266459
0.00250405	0.0126755	7.15442e-06	0.00180263
0.00251836	0.00862671	7.15442e-06	0.00144483
0.00253266	0.00529393	7.15442e-06	0.00113319
0.00254697	0.00206414	7.15442e-06	0.000688388
0.00256128	0.00137192	7.15442e-06	0.000560279
0.00257559	0.000685759	7.15442e-06	0.000396028
