0	1362.02	6.93692e-06	5.76508
1.38738e-05	1361.64	6.93692e-06	5.71165
2.77477e-05	1359.66	6.93692e-06	5.53342
4.16215e-05	1357.42	6.93692e-06	5.44987
5.54954e-05	1353.49	6.93692e-06	5.3185
6.93692e-05	1349.79	6.93692e-06	5.24749
8.32431e-05	1345.08	6.93692e-06	5.16717
9.71169e-05	1340.02	6.93692e-06	5.10012
0.000110991	1333.73	6.93692e-06	5.00512
0.000124865	1326.81	6.93692e-06	4.92752
0.000138738	1318.42	6.93692e-06	4.82842
0.000152612	1309.61	6.93692e-06	4.73448
0.000166486	1300.13	6.93692e-06	4.64247
0.00018036	1290.24	6.93692e-06	4.56387
0.000194234	1280.69	6.93692e-06	4.499
0.000208108	1269.87	6.93692e-06	4.42573
0.000221982	1258.69	6.93692e-06	4.35421
0.000235855	1246.41	6.93692e-06	4.27746
0.000249729	1233.7	6.93692e-06	4.20294
0.000263603	1220.16	6.93692e-06	4.12341
0.000277477	1205.73	6.93692e-06	4.03861
0.000291351	1190.51	6.93692e-06	3.89533
0.000305225	1175.52	6.93692e-06	3.8137
0.000319099	1160.74	6.93692e-06	3.74318
0.000332972	1145.8	6.93692e-06	3.67441
0.000346846	1129.62	6.93692e-06	3.59996
0.00036072	1113.41	6.93692e-06	3.52398
0.000374594	1096.36	6.93692e-06	3.42054
0.000388468	1079.42	6.93692e-06	3.34635
0.000402342	1062.36	6.93692e-06	3.27667
0.000416215	1044.92	6.93692e-06	3.20807
0.000430089	1027.18	6.93692e-06	3.13864
0.000443963	1009.56	6.93692e-06	3.07188
0.000457837	991.291	6.93692e-06	3.00252
0.000471711	973.276	6.93692e-06	2.93799
0.000485585	954.813	6.93692e-06	2.86441
0.000499459	935.865	6.93692e-06	2.79336
0.000513332	917.677	6.93692e-06	2.73311
0.000527206	898.149	6.93692e-06	2.64638
0.00054108	879.322	6.93692e-06	2.58332
0.000554954	859.943	6.93692e-06	2.50612
0.000568828	841.091	6.93692e-06	2.44355
0.000582702	822.471	6.93692e-06	2.38666
0.000596575	804.314	6.93692e-06	2.33111
0.000610449	785.812	6.93692e-06	2.27511
0.000624323	766.993	6.93692e-06	2.21821
0.000638197	748.32	6.93692e-06	2.16427
0.000652071	729.592	6.93692e-06	2.10658
0.000665945	711.391	6.93692e-06	2.05714
0.000679819	693.168	6.93692e-06	2.00487
0.000693692	675.317	6.93692e-06	1.95579
0.000707566	657.531	6.93692e-06	1.9087
0.00072144	639.751	6.93692e-06	1.86067
0.000735314	621.896	6.93692e-06	1.81413
0.000749188	604.889	6.93692e-06	1.77166
0.000763062	586.783	6.93692e-06	1.68454
0.000776935	569.552	6.93692e-06	1.63782
0.000790809	552.479	6.93692e-06	1.59353
0.000804683	535.83	6.93692e-06	1.55159
0.000818557	519.403	6.93692e-06	1.50716
0.000832431	502.494	6.93692e-06	1.45801
0.000846305	486.267	6.93692e-06	1.41322
0.000860179	470.549	6.93692e-06	1.37522
0.000874052	455.023	6.93692e-06	1.33673
0.000887926	439.945	6.93692e-06	1.29769
0.0009018	424.763	6.93692e-06	1.25889
0.000915674	410.544	6.93692e-06	1.22748
0.000929548	396.013	6.93692e-06	1.19023
0.000943422	381.99	6.93692e-06	1.15832
0.000957296	368.295	6.93692e-06	1.12586
0.000971169	354.842	6.93692e-06	1.09326
0.000985043	341.336	6.93692e-06	1.0333
0.000998917	328.495	6.93692e-06	1.00107
0.00101279	315.652	6.93692e-06	0.967934
0.00102666	303.247	6.93692e-06	0.927202
0.00104054	291.265	6.93692e-06	0.897018
0.00105441	279.717	6.93692e-06	0.869223
0.00106829	268.44	6.93692e-06	0.842535
0.00108216	257.323	6.93692e-06	0.817527
0.00109603	246.782	6.93692e-06	0.793059
0.00110991	236.258	6.93692e-06	0.765782
0.00112378	225.771	6.93692e-06	0.71194
0.00113766	215.94	6.93692e-06	0.68474
0.00115153	206.597	6.93692e-06	0.66448
0.0011654	197.211	6.93692e-06	0.635717
0.00117928	188.353	6.93692e-06	0.615715
0.00119315	179.983	6.93692e-06	0.591947
0.00120702	171.82	6.93692e-06	0.572739
0.0012209	163.804	6.93692e-06	0.554136
0.00123477	155.803	6.93692e-06	0.530027
0.00124865	148.247	6.93692e-06	0.50736
0.00126252	141.077	6.93692e-06	0.491553
0.00127639	133.984	6.93692e-06	0.467062
0.00129027	127.207	6.93692e-06	0.449555
0.00130414	120.999	6.93692e-06	0.435607
0.00131802	114.998	6.93692e-06	0.422705
0.00133189	109.042	6.93692e-06	0.393798
0.00134576	103.332	6.93692e-06	0.376555
0.00135964	97.843	6.93692e-06	0.361391
0.00137351	92.7195	6.93692e-06	0.34747
0.00138738	87.6091	6.93692e-06	0.334284
0.00140126	82.7387	6.93692e-06	0.320571
0.00141513	78.2597	6.93692e-06	0.310891
0.00142901	74.006	6.93692e-06	0.299789
0.00144288	69.9579	6.93692e-06	0.290076
0.00145675	65.838	6.93692e-06	0.267549
0.00147063	62.0808	6.93692e-06	0.257342
0.0014845	58.5052	6.93692e-06	0.248008
0.00149838	55.0317	6.93692e-06	0.236331
0.00151225	51.8179	6.93692e-06	0.228507
0.00152612	48.7611	6.93692e-06	0.216852
0.00154	45.785	6.93692e-06	0.207107
0.00155387	42.9448	6.93692e-06	0.198749
0.00156774	40.2243	6.93692e-06	0.189447
0.00158162	37.7151	6.93692e-06	0.182726
0.00159549	35.377	6.93692e-06	0.176344
0.00160937	33.1009	6.93692e-06	0.169877
0.00162324	30.9155	6.93692e-06	0.162703
0.00163711	28.8325	6.93692e-06	0.146333
0.00165099	26.8954	6.93692e-06	0.139374
0.00166486	25.0711	6.93692e-06	0.133533
0.00167874	23.3733	6.93692e-06	0.127143
0.00169261	21.7315	6.93692e-06	0.120546
0.00170648	20.1826	6.93692e-06	0.114551
0.00172036	18.726	6.93692e-06	0.109659
0.00173423	17.3875	6.93692e-06	0.101951
0.0017481	16.0902	6.93692e-06	0.0970221
0.00176198	14.9122	6.93692e-06	0.0924364
0.00177585	13.7729	6.93692e-06	0.0877716
0.00178973	12.7277	6.93692e-06	0.0830868
0.0018036	11.7265	6.93692e-06	0.0788631
0.00181747	10.8181	6.93692e-06	0.0749711
0.00183135	9.93284	6.93692e-06	0.0704071
0.00184522	9.13207	6.93692e-06	0.0667561
0.0018591	8.40294	6.93692e-06	0.0634797
0.00187297	7.67596	6.93692e-06	0.0603302
0.00188684	7.03508	6.93692e-06	0.0569032
0.00190072	6.44338	6.93692e-06	0.053989
0.00191459	5.88152	6.93692e-06	0.0510645
0.00192846	5.35831	6.93692e-06	0.0482854
0.00194234	4.90478	6.93692e-06	0.0458497
0.00195621	4.44132	6.93692e-06	0.0433424
0.00197009	4.05595	6.93692e-06	0.0411695
0.00198396	3.67309	6.93692e-06	0.0387961
0.00199783	3.31413	6.93692e-06	0.036554
0.00201171	3.01015	6.93692e-06	0.0347246
0.00202558	2.70321	6.93692e-06	0.0327545
0.00203946	2.43068	6.93692e-06	0.0309375
0.00205333	2.1686	6.93692e-06	0.0289633
0.0020672	1.94668	6.93692e-06	0.0272784
0.00208108	1.74197	6.93692e-06	0.0257327
0.00209495	1.5671	6.93692e-06	0.0242758
0.00210882	1.39193	6.93692e-06	0.0227558
0.0021227	1.25292	6.93692e-06	0.0214918
0.00213657	1.09919	6.93692e-06	0.0198256
0.00215045	0.969335	6.93692e-06	0.0185097
0.00216432	0.845748	6.93692e-06	0.0171993
0.00217819	0.748272	6.93692e-06	0.0161261
0.00219207	0.65455	6.93692e-06	0.015052
0.00220594	0.567203	6.93692e-06	0.0139649
0.00221982	0.494103	6.93692e-06	0.0129977
0.00223369	0.434126	6.93692e-06	0.0119143
0.00224756	0.379265	6.93692e-06	0.011129
0.00226144	0.323639	6.93692e-06	0.0101516
0.00227531	0.273261	6.93692e-06	0.00933804
0.00228918	0.234771	6.93692e-06	0.00858001
0.00230306	0.198129	6.93692e-06	0.00788346
0.00231693	0.167997	6.93692e-06	0.0072719
0.00233081	0.138888	6.93692e-06	0.00662098
0.00234468	0.118078	6.93692e-06	0.00613261
0.00235855	0.0964255	6.93692e-06	0.00552867
0.00237243	0.0778477	6.93692e-06	0.0050205
0.0023863	0.0613568	6.93692e-06	0.00443022
0.00240018	0.0489153	6.93692e-06	0.00385775
0.00241405	0.0378513	6.93692e-06	0.00342218
0.00242792	0.0299265	6.93692e-06	0.00304781
0.0024418	0.024013	6.93692e-06	0.00276098
0.00245567	0.0169715	6.93692e-06	0.00239433
0.00246954	0.0131029	6.93692e-06	0.00213069
0.00248342	0.00888146	6.93692e-06	0.00170584
0.00249729	0.00529042	6.93692e-06	0.001359
0.00251117	0.00238113	6.93692e-06	0.000805911
0.00252504	0.00122289	6.93692e-06	0.000549671
0.00253891	0.000698005	6.93692e-06	0.00040499
