7.3284e-06	0.0372504	7.3284e-06	0.0372504
2.19852e-05	1.84488	7.3284e-06	1.19999
3.6642e-05	5.80104	7.3284e-06	2.66108
5.12988e-05	4.67697	7.3284e-06	0.629101
6.59556e-05	8.47662	7.3284e-06	1.04538
8.06124e-05	12.9225	7.3284e-06	1.905
9.52693e-05	14.9274	7.3284e-06	1.07528
0.000109926	19.5473	7.3284e-06	1.39508
0.000124583	26.9373	7.3284e-06	1.64523
0.00013924	35.6909	7.3284e-06	1.83897
0.000153896	39.3782	7.3284e-06	2.2289
0.000168553	52.6766	7.3284e-06	3.35453
0.00018321	57.8177	7.3284e-06	2.47291
0.000197867	67.1009	7.3284e-06	2.59823
0.000212524	86.9871	7.3284e-06	5.40718
0.000227181	90.1282	7.3284e-06	3.64125
0.000241837	109.69	7.3284e-06	4.20817
0.000256494	121.461	7.3284e-06	4.87425
0.000271151	127.641	7.3284e-06	3.6014
0.000285808	142.098	7.3284e-06	4.15494
0.000300465	148.985	7.3284e-06	4.2788
0.000315121	170.414	7.3284e-06	4.86988
0.000329778	189.376	7.3284e-06	5.54387
0.000344435	207.373	7.3284e-06	5.18169
0.000359092	218.078	7.3284e-06	6.01729
0.000373749	249.917	7.3284e-06	7.38711
0.000388405	263.727	7.3284e-06	8.94652
0.000403062	265.169	7.3284e-06	6.88103
0.000417719	303.029	7.3284e-06	11.639
0.000432376	310.432	7.3284e-06	6.70867
0.000447033	322.423	7.3284e-06	6.55294
0.000461689	352.355	7.3284e-06	8.27877
0.000476346	367.014	7.3284e-06	6.63465
0.000491003	408.364	7.3284e-06	9.28275
0.00050566	407.62	7.3284e-06	7.3975
0.000520317	449.551	7.3284e-06	10.7429
0.000534973	442.986	7.3284e-06	8.16032
0.00054963	465.947	7.3284e-06	7.78387
0.000564287	480.714	7.3284e-06	7.79481
0.000578944	501.705	7.3284e-06	7.73406
0.000593601	540.38	7.3284e-06	8.97494
0.000608258	552.055	7.3284e-06	8.16476
0.000622914	576.224	7.3284e-06	9.59129
0.000637571	594.189	7.3284e-06	12.0475
0.000652228	617.718	7.3284e-06	9.52161
0.000666885	674.086	7.3284e-06	21.0811
0.000681542	663.801	7.3284e-06	10.833
0.000696198	670.363	7.3284e-06	9.09215
0.000710855	697.239	7.3284e-06	10.2121
0.000725512	738.243	7.3284e-06	16.6108
0.000740169	729.288	7.3284e-06	10.8844
0.000754826	729.091	7.3284e-06	9.94502
0.000769482	769.768	7.3284e-06	11.6642
0.000784139	759.772	7.3284e-06	9.68127
0.000798796	791.681	7.3284e-06	11.5359
0.000813453	810.304	7.3284e-06	14.4321
0.00082811	828.276	7.3284e-06	12.3194
0.000842766	814.482	7.3284e-06	11.3348
0.000857423	825.958	7.3284e-06	11.2191
0.00087208	859.457	7.3284e-06	11.7183
0.000886737	879.725	7.3284e-06	22.4193
0.000901394	875.788	7.3284e-06	11.7476
0.000916051	850.354	7.3284e-06	10.5058
0.000930707	887.203	7.3284e-06	12.8253
0.000945364	881.935	7.3284e-06	11.3733
0.000960021	917.167	7.3284e-06	13.1786
0.000974678	916.43	7.3284e-06	12.2862
0.000989335	916.109	7.3284e-06	14.6771
0.00100399	914.78	7.3284e-06	13.6486
0.00101865	933.458	7.3284e-06	25.9043
0.0010333	903.635	7.3284e-06	13.0633
0.00104796	923.814	7.3284e-06	16.3252
0.00106262	907.172	7.3284e-06	12.5328
0.00107728	956.203	7.3284e-06	32.7826
0.00109193	905.241	7.3284e-06	12.4524
0.00110659	887.089	7.3284e-06	11.9987
0.00112125	896.434	7.3284e-06	16.1377
0.0011359	890.711	7.3284e-06	13.431
0.00115056	890.692	7.3284e-06	13.2776
0.00116522	854.576	7.3284e-06	11.3572
0.00117987	866.479	7.3284e-06	12.459
0.00119453	840.791	7.3284e-06	11.2358
0.00120919	854.28	7.3284e-06	12.4289
0.00122384	822.625	7.3284e-06	11.0055
0.0012385	827.634	7.3284e-06	12.5921
0.00125316	811.042	7.3284e-06	12.1034
0.00126781	819.203	7.3284e-06	11.8693
0.00128247	786.438	7.3284e-06	11.2573
0.00129713	774.128	7.3284e-06	11.9393
0.00131178	787.017	7.3284e-06	15.07
0.00132644	758.198	7.3284e-06	11.8006
0.0013411	782.399	7.3284e-06	25.1317
0.00135575	754.649	7.3284e-06	14.8295
0.00137041	695.015	7.3284e-06	12.401
0.00138507	693.716	7.3284e-06	16.3102
0.00139973	690.397	7.3284e-06	14.0426
0.00141438	642.629	7.3284e-06	12.6429
0.00142904	654.288	7.3284e-06	12.0233
0.0014437	614.858	7.3284e-06	11.2526
0.00145835	680.024	7.3284e-06	45.719
0.00147301	598.394	7.3284e-06	10.9378
0.00148767	601.61	7.3284e-06	21.1044
0.00150232	547.931	7.3284e-06	10.3086
0.00151698	521.411	7.3284e-06	9.97953
0.00153164	515.909	7.3284e-06	9.04968
0.00154629	495.08	7.3284e-06	8.56242
0.00156095	476.086	7.3284e-06	9.29242
0.00157561	496.285	7.3284e-06	12.0995
0.00159026	450.644	7.3284e-06	9.78387
0.00160492	465.647	7.3284e-06	25.2083
0.00161958	443.242	7.3284e-06	13.1707
0.00163423	442.302	7.3284e-06	16.9513
0.00164889	379.916	7.3284e-06	8.15711
0.00166355	365.97	7.3284e-06	8.94066
0.0016782	375.873	7.3284e-06	13.6554
0.00169286	342.729	7.3284e-06	11.208
0.00170752	336.226	7.3284e-06	9.60894
0.00172217	299.596	7.3284e-06	6.62697
0.00173683	336.876	7.3284e-06	13.0992
0.00175149	276.921	7.3284e-06	6.70373
0.00176615	265.446	7.3284e-06	6.53819
0.0017808	256.806	7.3284e-06	6.81318
0.00179546	249.305	7.3284e-06	6.4354
0.00181012	246.043	7.3284e-06	9.53853
0.00182477	220.421	7.3284e-06	5.88564
0.00183943	205.999	7.3284e-06	5.50804
0.00185409	194.925	7.3284e-06	5.63255
0.00186874	180.26	7.3284e-06	5.7438
0.0018834	184.501	7.3284e-06	5.99938
0.00189806	172.255	7.3284e-06	5.21413
0.00191271	160.009	7.3284e-06	6.25556
0.00192737	152.023	7.3284e-06	5.24516
0.00194203	150.687	7.3284e-06	5.42352
0.00195668	134.157	7.3284e-06	5.63616
0.00197134	116.863	7.3284e-06	4.43976
0.001986	144.627	7.3284e-06	11.2132
0.00200065	107.311	7.3284e-06	4.31703
0.00201531	111.055	7.3284e-06	4.45532
0.00202997	100.543	7.3284e-06	3.95192
0.00204462	92.8604	7.3284e-06	4.58334
0.00205928	92.5034	7.3284e-06	8.03769
0.00207394	97.783	7.3284e-06	9.91834
0.0020886	75.8237	7.3284e-06	3.46081
0.00210325	62.5481	7.3284e-06	2.91559
0.00211791	65.6544	7.3284e-06	3.41095
0.00213257	65.4563	7.3284e-06	7.88094
0.00214722	55.38	7.3284e-06	3.45746
0.00216188	50.5856	7.3284e-06	2.99181
0.00217654	54.0776	7.3284e-06	3.83762
0.00219119	50.7927	7.3284e-06	4.7581
0.00220585	44.0512	7.3284e-06	2.88196
0.00222051	40.4249	7.3284e-06	2.65506
0.00223516	40.2724	7.3284e-06	3.13378
0.00224982	29.6859	7.3284e-06	2.34664
0.00226448	27.5177	7.3284e-06	2.11808
0.00227913	27.6516	7.3284e-06	2.1166
0.00229379	25.744	7.3284e-06	2.79594
0.00230845	20.3184	7.3284e-06	1.98668
0.0023231	17.6705	7.3284e-06	1.51304
0.00233776	21.4137	7.3284e-06	2.47488
0.00235242	14.1052	7.3284e-06	1.38326
0.00236707	11.6615	7.3284e-06	1.19417
0.00238173	12.2007	7.3284e-06	1.33972
0.00239639	11.2176	7.3284e-06	1.28581
0.00241104	10.3192	7.3284e-06	1.75069
0.0024257	10.1508	7.3284e-06	1.39746
0.00244036	7.99524	7.3284e-06	1.11118
0.00245502	6.33906	7.3284e-06	0.993849
0.00246967	6.81142	7.3284e-06	1.30453
0.00248433	4.32104	7.3284e-06	0.872945
0.00249899	5.97944	7.3284e-06	1.38875
0.00251364	2.89854	7.3284e-06	0.660167
0.0025283	2.57195	7.3284e-06	0.859473
0.00254296	1.12071	7.3284e-06	0.496475
0.00255761	1.70645	7.3284e-06	0.68504
0.00257227	0.460909	7.3284e-06	0.273135
