6.93692e-06	0.189834	6.93692e-06	0.09564
2.08108e-05	2.96814	6.93692e-06	0.770743
3.46846e-05	5.59775	6.93692e-06	0.849577
4.85585e-05	13.7465	6.93692e-06	1.37943
6.24323e-05	16.6627	6.93692e-06	1.21825
7.63062e-05	25.877	6.93692e-06	1.77914
9.018e-05	32.8978	6.93692e-06	1.86353
0.000104054	47.1598	6.93692e-06	3.80305
0.000117928	58.8916	6.93692e-06	2.77132
0.000131802	79.6862	6.93692e-06	4.11045
0.000145675	92.4546	6.93692e-06	4.6387
0.000159549	109.036	6.93692e-06	4.91913
0.000173423	123.615	6.93692e-06	3.90852
0.000187297	128.903	6.93692e-06	3.99595
0.000201171	156.95	6.93692e-06	4.50797
0.000215045	173.29	6.93692e-06	5.08585
0.000228918	202.569	6.93692e-06	5.4438
0.000242792	222.473	6.93692e-06	5.6509
0.000256666	250.456	6.93692e-06	6.58485
0.00027054	281.346	6.93692e-06	7.41777
0.000284414	311.983	6.93692e-06	15.688
0.000298288	322.387	6.93692e-06	8.12717
0.000312162	332.617	6.93692e-06	7.15806
0.000326035	350.945	6.93692e-06	7.66203
0.000339909	396.581	6.93692e-06	7.93983
0.000353783	413.302	6.93692e-06	9.44769
0.000367657	451.77	6.93692e-06	14.6234
0.000381531	465.87	6.93692e-06	9.6279
0.000395405	486.211	6.93692e-06	9.15438
0.000409279	514.485	6.93692e-06	9.10636
0.000423152	540.962	6.93692e-06	9.76661
0.000437026	555.069	6.93692e-06	10.0439
0.0004509	593.818	6.93692e-06	10.5447
0.000464774	603.474	6.93692e-06	10.2809
0.000478648	636.974	6.93692e-06	12.9334
0.000492522	672.65	6.93692e-06	12.148
0.000506395	663.871	6.93692e-06	10.6185
0.000520269	732.289	6.93692e-06	16.5767
0.000534143	724.85	6.93692e-06	11.5916
0.000548017	765.465	6.93692e-06	15.4095
0.000561891	763.513	6.93692e-06	12.3534
0.000575765	772.737	6.93692e-06	11.2497
0.000589639	771.659	6.93692e-06	11.988
0.000603512	804.842	6.93692e-06	12.0721
0.000617386	837.457	6.93692e-06	12.336
0.00063126	849.632	6.93692e-06	11.8602
0.000645134	870.836	6.93692e-06	13.4906
0.000659008	864.561	6.93692e-06	11.5409
0.000672882	883.809	6.93692e-06	12.9359
0.000686755	883.608	6.93692e-06	12.5575
0.000700629	898.232	6.93692e-06	12.1545
0.000714503	915.639	6.93692e-06	12.809
0.000728377	937.388	6.93692e-06	12.3526
0.000742251	909.901	6.93692e-06	12.1074
0.000756125	986.777	6.93692e-06	23.8027
0.000769999	956.299	6.93692e-06	13.4614
0.000783872	964.612	6.93692e-06	12.8617
0.000797746	957.315	6.93692e-06	12.6039
0.00081162	961.017	6.93692e-06	13.9724
0.000825494	1006.06	6.93692e-06	15.169
0.000839368	981.716	6.93692e-06	14.4004
0.000853242	966.649	6.93692e-06	12.3995
0.000867116	970.419	6.93692e-06	12.9094
0.000880989	957.438	6.93692e-06	13.6886
0.000894863	979.249	6.93692e-06	13.4989
0.000908737	931.316	6.93692e-06	11.527
0.000922611	966.293	6.93692e-06	13.6763
0.000936485	946.585	6.93692e-06	12.0354
0.000950359	938.123	6.93692e-06	12.6619
0.000964232	934.962	6.93692e-06	12.9819
0.000978106	952.198	6.93692e-06	21.2429
0.00099198	918.078	6.93692e-06	13.0509
0.00100585	931.119	6.93692e-06	13.3424
0.00101973	911.827	6.93692e-06	16.2206
0.0010336	892.638	6.93692e-06	12.7298
0.00104748	871.865	6.93692e-06	12.1034
0.00106135	862.72	6.93692e-06	11.8393
0.00107522	861.528	6.93692e-06	11.2147
0.0010891	827.514	6.93692e-06	11.4768
0.00110297	836.583	6.93692e-06	12.5698
0.00111684	844.218	6.93692e-06	20.14
0.00113072	801.241	6.93692e-06	12.4772
0.00114459	770.798	6.93692e-06	9.93773
0.00115847	783.701	6.93692e-06	13.1398
0.00117234	748.518	6.93692e-06	10.013
0.00118621	715.691	6.93692e-06	11.8222
0.00120009	706.03	6.93692e-06	10.0384
0.00121396	701.467	6.93692e-06	9.80957
0.00122784	708.091	6.93692e-06	11.862
0.00124171	676.273	6.93692e-06	11.457
0.00125558	648.834	6.93692e-06	8.82737
0.00126946	649.058	6.93692e-06	12.0929
0.00128333	626.829	6.93692e-06	9.55929
0.0012972	580.436	6.93692e-06	8.33055
0.00131108	567.1	6.93692e-06	7.92961
0.00132495	568.787	6.93692e-06	13.4088
0.00133883	550.994	6.93692e-06	9.54419
0.0013527	535.223	6.93692e-06	8.73189
0.00136657	504.661	6.93692e-06	8.33611
0.00138045	508.486	6.93692e-06	7.92967
0.00139432	489.472	6.93692e-06	8.18439
0.0014082	454.627	6.93692e-06	6.55066
0.00142207	435.996	6.93692e-06	7.28916
0.00143594	418.977	6.93692e-06	6.70746
0.00144982	430.535	6.93692e-06	10.9636
0.00146369	396.388	6.93692e-06	6.74642
0.00147756	380.801	6.93692e-06	6.38113
0.00149144	373.395	6.93692e-06	7.30002
0.00150531	348.699	6.93692e-06	5.69968
0.00151919	334.716	6.93692e-06	7.27289
0.00153306	328.861	6.93692e-06	6.44887
0.00154693	316.687	6.93692e-06	5.83988
0.00156081	306.06	6.93692e-06	6.18895
0.00157468	284.79	6.93692e-06	5.09179
0.00158856	267.712	6.93692e-06	4.95734
0.00160243	262.89	6.93692e-06	4.9687
0.0016163	254.603	6.93692e-06	5.25413
0.00163018	244.751	6.93692e-06	8.09374
0.00164405	229.54	6.93692e-06	4.91584
0.00165792	218.011	6.93692e-06	4.40845
0.0016718	204.586	6.93692e-06	4.61583
0.00168567	199.473	6.93692e-06	4.62874
0.00169955	189.734	6.93692e-06	4.33008
0.00171342	179.892	6.93692e-06	3.82217
0.00172729	166.647	6.93692e-06	4.84676
0.00174117	162.807	6.93692e-06	3.70985
0.00175504	149.017	6.93692e-06	3.53764
0.00176892	145.27	6.93692e-06	3.51674
0.00178279	134.301	6.93692e-06	3.48208
0.00179666	129.651	6.93692e-06	3.23555
0.00181054	118.554	6.93692e-06	3.06123
0.00182441	116.41	6.93692e-06	3.26955
0.00183828	106.102	6.93692e-06	2.85491
0.00185216	97.3389	6.93692e-06	2.65954
0.00186603	97.7782	6.93692e-06	2.55456
0.00187991	86.8399	6.93692e-06	2.63922
0.00189378	80.7664	6.93692e-06	2.38142
0.00190765	77.2562	6.93692e-06	2.34368
0.00192153	72.4645	6.93692e-06	2.24113
0.0019354	63.2673	6.93692e-06	2.06306
0.00194928	65.1158	6.93692e-06	2.04932
0.00196315	54.5309	6.93692e-06	1.87839
0.00197702	54.5565	6.93692e-06	1.92544
0.0019909	51.5117	6.93692e-06	1.83031
0.00200477	43.9239	6.93692e-06	1.62181
0.00201864	44.66	6.93692e-06	1.64931
0.00203252	39.9268	6.93692e-06	1.55228
0.00204639	38.6558	6.93692e-06	1.58244
0.00206027	32.9552	6.93692e-06	1.42844
0.00207414	30.6041	6.93692e-06	1.3377
0.00208801	26.3184	6.93692e-06	1.27265
0.00210189	26.5381	6.93692e-06	1.2689
0.00211576	21.1995	6.93692e-06	1.132
0.00212964	23.5971	6.93692e-06	1.26428
0.00214351	20.0625	6.93692e-06	1.08966
0.00215738	19.2177	6.93692e-06	1.05649
0.00217126	15.2551	6.93692e-06	0.930817
0.00218513	14.7612	6.93692e-06	0.906637
0.002199	13.8445	6.93692e-06	0.885889
0.00221288	11.6595	6.93692e-06	0.811217
0.00222675	9.62626	6.93692e-06	0.831678
0.00224063	8.86008	6.93692e-06	0.684814
0.0022545	9.03925	6.93692e-06	0.739023
0.00226837	8.23679	6.93692e-06	0.649089
0.00228225	6.33165	6.93692e-06	0.605032
0.00229612	6.06425	6.93692e-06	0.55925
0.00231	5.01702	6.93692e-06	0.505995
0.00232387	4.87573	6.93692e-06	0.502862
0.00233774	3.50635	6.93692e-06	0.420008
0.00235162	3.67018	6.93692e-06	0.4493
0.00236549	3.16752	6.93692e-06	0.394327
0.00237936	2.82818	6.93692e-06	0.404731
0.00239324	2.14615	6.93692e-06	0.375534
0.00240711	1.9196	6.93692e-06	0.308758
0.00242099	1.38288	6.93692e-06	0.271464
0.00243486	1.03783	6.93692e-06	0.226455
0.00244873	1.24281	6.93692e-06	0.242558
0.00246261	0.686678	6.93692e-06	0.193833
0.00247648	0.753533	6.93692e-06	0.227851
0.00249036	0.644592	6.93692e-06	0.185032
0.00250423	0.525127	6.93692e-06	0.197491
0.0025181	0.210221	6.93692e-06	0.106964
0.00253198	0.0957906	6.93692e-06	0.0678235
0.00254585	0.128084	6.93692e-06	0.0743123
