7.30551e-06	0.0890413	7.30551e-06	0.0638937
2.19165e-05	2.21861	7.30551e-06	1.26719
3.65275e-05	1.87001	7.30551e-06	0.365513
5.11386e-05	3.36892	7.30551e-06	0.555012
6.57496e-05	7.41285	7.30551e-06	0.979853
8.03606e-05	11.6441	7.30551e-06	1.08855
9.49716e-05	14.462	7.30551e-06	1.11003
0.000109583	19.5027	7.30551e-06	1.42579
0.000124194	22.6564	7.30551e-06	1.46855
0.000138805	32.3458	7.30551e-06	1.78464
0.000153416	42.6433	7.30551e-06	2.54193
0.000168027	49.56	7.30551e-06	2.8215
0.000182638	53.7169	7.30551e-06	2.36461
0.000197249	64.3416	7.30551e-06	2.93724
0.00021186	76.1129	7.30551e-06	3.02155
0.000226471	89.9476	7.30551e-06	3.84098
0.000241082	99.1986	7.30551e-06	3.18977
0.000255693	111.916	7.30551e-06	4.78329
0.000270304	132.097	7.30551e-06	5.79405
0.000284915	134.366	7.30551e-06	3.87455
0.000299526	144.147	7.30551e-06	4.1432
0.000314137	164.226	7.30551e-06	5.09582
0.000328748	172.139	7.30551e-06	4.79073
0.000343359	193.754	7.30551e-06	4.93754
0.00035797	215.084	7.30551e-06	5.4841
0.000372581	234.886	7.30551e-06	6.04266
0.000387192	254.775	7.30551e-06	6.55901
0.000401803	271.244	7.30551e-06	6.28273
0.000416414	291.053	7.30551e-06	6.04776
0.000431025	304.267	7.30551e-06	6.71768
0.000445636	337.658	7.30551e-06	7.73354
0.000460247	352.432	7.30551e-06	8.53516
0.000474858	369.199	7.30551e-06	8.25515
0.000489469	382.462	7.30551e-06	8.22121
0.00050408	428.728	7.30551e-06	13.2514
0.000518691	424.285	7.30551e-06	8.33871
0.000533302	445.466	7.30551e-06	10.1475
0.000547913	477.976	7.30551e-06	9.61591
0.000562524	506.451	7.30551e-06	10.9037
0.000577135	525.044	7.30551e-06	11.7315
0.000591746	539.522	7.30551e-06	9.31587
0.000606357	550.361	7.30551e-06	8.62005
0.000620968	576.952	7.30551e-06	9.12579
0.000635579	587.659	7.30551e-06	8.7747
0.00065019	632.687	7.30551e-06	11.2187
0.000664801	645.152	7.30551e-06	11.0167
0.000679412	650.56	7.30551e-06	10.6367
0.000694023	660.66	7.30551e-06	9.12791
0.000708634	688.986	7.30551e-06	11.3446
0.000723245	715.196	7.30551e-06	11.5816
0.000737856	738.109	7.30551e-06	12.7418
0.000752467	749.5	7.30551e-06	11.4041
0.000767078	772.453	7.30551e-06	13.3177
0.000781689	795.143	7.30551e-06	17.3363
0.0007963	774.478	7.30551e-06	12.5647
0.000810911	803.166	7.30551e-06	10.7516
0.000825522	818.759	7.30551e-06	12.3582
0.000840133	810.134	7.30551e-06	12.7745
0.000854744	827.376	7.30551e-06	12.4408
0.000869355	904.437	7.30551e-06	25.4964
0.000883966	858.623	7.30551e-06	12.4272
0.000898577	848.939	7.30551e-06	10.838
0.000913188	885.184	7.30551e-06	11.2175
0.000927799	909.316	7.30551e-06	15.6731
0.000942411	922.178	7.30551e-06	13.5611
0.000957022	912.465	7.30551e-06	14.2477
0.000971633	900.881	7.30551e-06	11.8607
0.000986244	924.232	7.30551e-06	14.6478
0.00100085	955.337	7.30551e-06	24.7932
0.00101547	886.438	7.30551e-06	11.2027
0.00103008	910.894	7.30551e-06	12.2804
0.00104469	922.617	7.30551e-06	13.4832
0.0010593	893.813	7.30551e-06	12.8
0.00107391	931.307	7.30551e-06	13.996
0.00108852	904.382	7.30551e-06	12.501
0.00110313	931.548	7.30551e-06	16.397
0.00111774	910.807	7.30551e-06	14.2984
0.00113235	874.163	7.30551e-06	10.8466
0.00114696	890.884	7.30551e-06	11.9276
0.00116158	888.422	7.30551e-06	13.4449
0.00117619	893.624	7.30551e-06	15.9688
0.0011908	866.694	7.30551e-06	12.76
0.00120541	883.36	7.30551e-06	17.8213
0.00122002	864.577	7.30551e-06	13.7432
0.00123463	858.78	7.30551e-06	17.9458
0.00124924	825.078	7.30551e-06	11.8483
0.00126385	799.529	7.30551e-06	11.4257
0.00127846	815.12	7.30551e-06	15.9751
0.00129307	786.059	7.30551e-06	12.1623
0.00130769	768.546	7.30551e-06	12.9356
0.0013223	764.112	7.30551e-06	12.159
0.00133691	745.201	7.30551e-06	12.1874
0.00135152	747.909	7.30551e-06	15.8689
0.00136613	717.713	7.30551e-06	11.3875
0.00138074	678.858	7.30551e-06	10.3923
0.00139535	663.784	7.30551e-06	9.92858
0.00140996	649.942	7.30551e-06	12.0417
0.00142457	658.112	7.30551e-06	12.7775
0.00143919	628.187	7.30551e-06	12.2868
0.0014538	613.517	7.30551e-06	10.0799
0.00146841	577.473	7.30551e-06	10.3232
0.00148302	566.296	7.30551e-06	9.04799
0.00149763	552.356	7.30551e-06	9.13811
0.00151224	564.391	7.30551e-06	10.8566
0.00152685	515.309	7.30551e-06	10.5498
0.00154146	497.596	7.30551e-06	9.1101
0.00155607	477.476	7.30551e-06	9.07088
0.00157068	471.023	7.30551e-06	13.6981
0.0015853	468.091	7.30551e-06	10.3989
0.00159991	463.168	7.30551e-06	15.5961
0.00161452	426.196	7.30551e-06	7.76556
0.00162913	413.139	7.30551e-06	8.86159
0.00164374	382.624	7.30551e-06	7.29186
0.00165835	384.11	7.30551e-06	10.2697
0.00167296	369.609	7.30551e-06	8.51355
0.00168757	347.393	7.30551e-06	7.34948
0.00170218	329.97	7.30551e-06	8.44746
0.00171679	329.151	7.30551e-06	7.4635
0.00173141	312.148	7.30551e-06	8.19346
0.00174602	277.2	7.30551e-06	6.3437
0.00176063	281.652	7.30551e-06	6.85019
0.00177524	273.984	7.30551e-06	7.22993
0.00178985	267.272	7.30551e-06	8.302
0.00180446	240.636	7.30551e-06	6.06736
0.00181907	219.35	7.30551e-06	6.07438
0.00183368	221.888	7.30551e-06	5.59436
0.00184829	212.704	7.30551e-06	7.19778
0.0018629	199.643	7.30551e-06	7.25106
0.00187752	174.817	7.30551e-06	5.43758
0.00189213	181.406	7.30551e-06	6.57626
0.00190674	180.104	7.30551e-06	9.80091
0.00192135	153.307	7.30551e-06	4.61241
0.00193596	150.192	7.30551e-06	5.22292
0.00195057	146.56	7.30551e-06	5.0812
0.00196518	139.872	7.30551e-06	9.72149
0.00197979	134.963	7.30551e-06	5.77561
0.0019944	128.37	7.30551e-06	10.1217
0.00200901	130.815	7.30551e-06	22.157
0.00202363	101.483	7.30551e-06	4.0749
0.00203824	98.9039	7.30551e-06	4.02077
0.00205285	85.0799	7.30551e-06	3.38944
0.00206746	91.3907	7.30551e-06	5.48321
0.00208207	77.4991	7.30551e-06	3.29603
0.00209668	69.9335	7.30551e-06	3.08873
0.00211129	70.2327	7.30551e-06	3.75508
0.0021259	68.779	7.30551e-06	3.90284
0.00214051	56.2928	7.30551e-06	2.69431
0.00215512	52.9324	7.30551e-06	2.99298
0.00216974	52.7298	7.30551e-06	3.38356
0.00218435	44.2444	7.30551e-06	2.41469
0.00219896	42.6005	7.30551e-06	2.91886
0.00221357	36.1949	7.30551e-06	2.13269
0.00222818	43.0684	7.30551e-06	4.15666
0.00224279	34.1482	7.30551e-06	2.51799
0.0022574	25.7658	7.30551e-06	1.75487
0.00227201	28.0374	7.30551e-06	1.92332
0.00228662	23.0143	7.30551e-06	1.62476
0.00230123	24.6256	7.30551e-06	2.22147
0.00231585	19.6677	7.30551e-06	1.65581
0.00233046	17.885	7.30551e-06	1.57691
0.00234507	17.3196	7.30551e-06	1.48447
0.00235968	16.859	7.30551e-06	2.11735
0.00237429	11.4462	7.30551e-06	1.2136
0.0023889	9.4125	7.30551e-06	1.14973
0.00240351	11.9765	7.30551e-06	1.76072
0.00241812	8.60071	7.30551e-06	1.17001
0.00243273	8.43875	7.30551e-06	1.04692
0.00244735	7.80929	7.30551e-06	1.51674
0.00246196	5.66814	7.30551e-06	1.16696
0.00247657	5.2008	7.30551e-06	1.63018
0.00249118	2.45801	7.30551e-06	0.538107
0.00250579	2.96277	7.30551e-06	0.737402
0.0025204	3.53086	7.30551e-06	0.9888
0.00253501	2.89176	7.30551e-06	0.681665
0.00254962	2.35402	7.30551e-06	0.545591
0.00256423	0.648872	7.30551e-06	0.246972
