6.90714e-06	0.299405	6.90714e-06	0.123722
2.07214e-05	1.98015	6.90714e-06	0.525061
3.45357e-05	6.44836	6.90714e-06	0.853204
4.835e-05	10.1193	6.90714e-06	1.02342
6.21643e-05	19.7048	6.90714e-06	3.16012
7.59786e-05	25.8406	6.90714e-06	2.16955
8.97929e-05	35.8284	6.90714e-06	2.01289
0.000103607	49.8478	6.90714e-06	4.49291
0.000117421	60.3073	6.90714e-06	2.58161
0.000131236	77.7717	6.90714e-06	3.7183
0.00014505	96.1653	6.90714e-06	6.59964
0.000158864	110.248	6.90714e-06	4.07762
0.000172679	123.015	6.90714e-06	3.74317
0.000186493	147.016	6.90714e-06	5.13533
0.000200307	184.244	6.90714e-06	18.7466
0.000214121	191.448	6.90714e-06	5.886
0.000227936	207.589	6.90714e-06	6.17573
0.00024175	222.381	6.90714e-06	5.72396
0.000255564	241.639	6.90714e-06	5.64173
0.000269379	287.187	6.90714e-06	7.81536
0.000283193	286.805	6.90714e-06	6.31088
0.000297007	321.584	6.90714e-06	8.56519
0.000310822	351.202	6.90714e-06	9.0165
0.000324636	372.286	6.90714e-06	10.2703
0.00033845	382.572	6.90714e-06	7.86808
0.000352264	412.928	6.90714e-06	8.19579
0.000366079	442.393	6.90714e-06	8.76925
0.000379893	463.757	6.90714e-06	9.73997
0.000393707	510.974	6.90714e-06	11.5771
0.000407522	527.618	6.90714e-06	11.6063
0.000421336	539.987	6.90714e-06	11.6965
0.00043515	574.497	6.90714e-06	12.4601
0.000448964	579.548	6.90714e-06	11.6663
0.000462779	631.79	6.90714e-06	12.5148
0.000476593	662.323	6.90714e-06	18.7009
0.000490407	653.398	6.90714e-06	11.5415
0.000504222	678.052	6.90714e-06	12.6599
0.000518036	744.099	6.90714e-06	28.5734
0.00053185	708.277	6.90714e-06	10.0257
0.000545664	762.025	6.90714e-06	13.6105
0.000559479	762.428	6.90714e-06	10.8947
0.000573293	798.073	6.90714e-06	12.625
0.000587107	777.969	6.90714e-06	12.1715
0.000600922	826.976	6.90714e-06	13.3129
0.000614736	858.805	6.90714e-06	13.0875
0.00062855	830.698	6.90714e-06	11.4509
0.000642364	869.924	6.90714e-06	15.8856
0.000656179	877.775	6.90714e-06	14.1303
0.000669993	914.96	6.90714e-06	23.6823
0.000683807	899.031	6.90714e-06	12.5935
0.000697622	915.782	6.90714e-06	13.5452
0.000711436	940.565	6.90714e-06	15.1984
0.00072525	930.866	6.90714e-06	13.7626
0.000739064	991.159	6.90714e-06	18.4583
0.000752879	943.897	6.90714e-06	13.0048
0.000766693	931.776	6.90714e-06	11.5812
0.000780507	1002.61	6.90714e-06	24.8458
0.000794322	952.21	6.90714e-06	13.7986
0.000808136	980.796	6.90714e-06	13.9982
0.00082195	960.648	6.90714e-06	12.1153
0.000835765	957.223	6.90714e-06	14.6588
0.000849579	969.965	6.90714e-06	13.6549
0.000863393	961.236	6.90714e-06	12.6832
0.000877207	965.487	6.90714e-06	15.27
0.000891022	962.059	6.90714e-06	17.2419
0.000904836	944.289	6.90714e-06	11.6159
0.00091865	956.114	6.90714e-06	12.0966
0.000932465	962.497	6.90714e-06	11.7014
0.000946279	946.694	6.90714e-06	12.3822
0.000960093	942.838	6.90714e-06	12.6892
0.000973907	942.837	6.90714e-06	14.7836
0.000987722	915.153	6.90714e-06	11.72
0.00100154	893.077	6.90714e-06	10.9
0.00101535	901.669	6.90714e-06	12.5454
0.00102916	868.122	6.90714e-06	11.102
0.00104298	896.855	6.90714e-06	11.6814
0.00105679	876.992	6.90714e-06	14.5159
0.00107061	947.942	6.90714e-06	58.0885
0.00108442	831.716	6.90714e-06	11.1269
0.00109824	855.79	6.90714e-06	26.9591
0.00111205	802.303	6.90714e-06	10.1537
0.00112586	782.835	6.90714e-06	10.1339
0.00113968	798.793	6.90714e-06	10.8848
0.00115349	756.213	6.90714e-06	10.1036
0.00116731	758.147	6.90714e-06	10.5788
0.00118112	759.414	6.90714e-06	21.6102
0.00119494	692.96	6.90714e-06	9.12486
0.00120875	721.514	6.90714e-06	16.1137
0.00122256	684.082	6.90714e-06	9.33756
0.00123638	657.469	6.90714e-06	11.3664
0.00125019	648.083	6.90714e-06	9.75244
0.00126401	634.786	6.90714e-06	10.9874
0.00127782	623.814	6.90714e-06	9.13224
0.00129164	572.062	6.90714e-06	8.12512
0.00130545	582.619	6.90714e-06	9.47983
0.00131926	573.447	6.90714e-06	11.3868
0.00133308	541.711	6.90714e-06	8.13303
0.00134689	529.858	6.90714e-06	7.66847
0.00136071	509.674	6.90714e-06	8.19177
0.00137452	515.052	6.90714e-06	8.11831
0.00138834	472.183	6.90714e-06	7.02183
0.00140215	456.069	6.90714e-06	7.77621
0.00141596	446.849	6.90714e-06	11.664
0.00142978	428.269	6.90714e-06	7.60507
0.00144359	411.548	6.90714e-06	6.45555
0.00145741	398.074	6.90714e-06	6.21132
0.00147122	387.207	6.90714e-06	6.53628
0.00148504	377.628	6.90714e-06	7.53204
0.00149885	365.782	6.90714e-06	6.81244
0.00151266	341.164	6.90714e-06	6.37902
0.00152648	332.099	6.90714e-06	5.92814
0.00154029	316.105	6.90714e-06	6.1846
0.00155411	301.179	6.90714e-06	5.68889
0.00156792	279.55	6.90714e-06	5.78644
0.00158174	285.585	6.90714e-06	8.79683
0.00159555	268.145	6.90714e-06	4.87967
0.00160936	256.025	6.90714e-06	7.00036
0.00162318	241.097	6.90714e-06	5.16534
0.00163699	225.713	6.90714e-06	4.30112
0.00165081	213.185	6.90714e-06	4.44277
0.00166462	212.539	6.90714e-06	7.27108
0.00167844	197.061	6.90714e-06	4.34265
0.00169225	182.067	6.90714e-06	3.6989
0.00170606	181.995	6.90714e-06	3.8052
0.00171988	159.976	6.90714e-06	3.63224
0.00173369	155.915	6.90714e-06	3.39533
0.00174751	147.623	6.90714e-06	3.39104
0.00176132	143.27	6.90714e-06	3.39312
0.00177514	131.177	6.90714e-06	3.03854
0.00178895	129.341	6.90714e-06	3.09282
0.00180276	118.768	6.90714e-06	2.92367
0.00181658	111.545	6.90714e-06	2.79224
0.00183039	106.674	6.90714e-06	2.75532
0.00184421	97.7514	6.90714e-06	2.54414
0.00185802	92.8254	6.90714e-06	2.45518
0.00187184	88.2731	6.90714e-06	2.43507
0.00188565	79.6643	6.90714e-06	2.30839
0.00189946	79.7679	6.90714e-06	2.3425
0.00191328	71.0108	6.90714e-06	2.1435
0.00192709	63.6165	6.90714e-06	2.02635
0.00194091	60.3214	6.90714e-06	1.94117
0.00195472	54.3639	6.90714e-06	1.84397
0.00196854	53.7126	6.90714e-06	1.85245
0.00198235	49.0811	6.90714e-06	1.72952
0.00199616	45.6288	6.90714e-06	1.67043
0.00200998	43.8936	6.90714e-06	1.64818
0.00202379	39.5912	6.90714e-06	1.53079
0.00203761	34.2379	6.90714e-06	1.59114
0.00205142	32.1235	6.90714e-06	1.45467
0.00206524	32.3589	6.90714e-06	1.42045
0.00207905	26.9669	6.90714e-06	1.22995
0.00209286	24.0833	6.90714e-06	1.16897
0.00210668	23.4578	6.90714e-06	1.14508
0.00212049	24.2062	6.90714e-06	1.16909
0.00213431	18.1261	6.90714e-06	0.995461
0.00214812	18.1256	6.90714e-06	1.00728
0.00216194	15.5568	6.90714e-06	0.968709
0.00217575	14.4542	6.90714e-06	0.88702
0.00218956	13.2511	6.90714e-06	0.882612
0.00220338	11.7981	6.90714e-06	0.811152
0.00221719	12.0111	6.90714e-06	0.833276
0.00223101	9.38672	6.90714e-06	0.707197
0.00224482	8.29856	6.90714e-06	0.692923
0.00225864	8.50067	6.90714e-06	0.673235
0.00227245	7.51762	6.90714e-06	0.610536
0.00228626	6.02234	6.90714e-06	0.584224
0.00230008	5.88082	6.90714e-06	0.547991
0.00231389	4.8236	6.90714e-06	0.497298
0.00232771	4.468	6.90714e-06	0.510104
0.00234152	4.2166	6.90714e-06	0.613648
0.00235534	1.86449	6.90714e-06	0.302501
0.00236915	2.20314	6.90714e-06	0.351104
0.00238296	1.33757	6.90714e-06	0.249796
0.00239678	1.39071	6.90714e-06	0.255346
0.00241059	1.76378	6.90714e-06	0.328878
0.00242441	1.48614	6.90714e-06	0.315465
0.00243822	1.07171	6.90714e-06	0.235436
0.00245204	0.364537	6.90714e-06	0.129521
0.00246585	0.305969	6.90714e-06	0.125738
0.00247966	0.346509	6.90714e-06	0.132252
0.00249348	0.136434	6.90714e-06	0.0791231
0.00250729	0.0849219	6.90714e-06	0.0600508
0.00252111	0.0985756	6.90714e-06	0.0700355
0.00253492	0	6.90714e-06	0
0.00254874	0.0410747	6.90714e-06	0.0410747
