0	1121.79	7.36468e-06	3.68595
1.47294e-05	1121.58	7.36468e-06	3.65905
2.94587e-05	1121.29	7.36468e-06	3.65287
4.41881e-05	1120.41	7.36468e-06	3.63168
5.89175e-05	1118.75	7.36468e-06	3.58824
7.36468e-05	1117.07	7.36468e-06	3.56519
8.83762e-05	1115.14	7.36468e-06	3.5441
0.000103106	1112.56	7.36468e-06	3.51753
0.000117835	1109.65	7.36468e-06	3.48568
0.000132564	1106.21	7.36468e-06	3.45456
0.000147294	1102.5	7.36468e-06	3.42752
0.000162023	1097.92	7.36468e-06	3.38983
0.000176752	1093.36	7.36468e-06	3.35735
0.000191482	1088.32	7.36468e-06	3.32639
0.000206211	1082.96	7.36468e-06	3.29629
0.00022094	1077.09	7.36468e-06	3.2643
0.00023567	1070.99	7.36468e-06	3.23395
0.000250399	1064.53	7.36468e-06	3.20226
0.000265129	1057.33	7.36468e-06	3.16872
0.000279858	1050.01	7.36468e-06	3.13661
0.000294587	1041.72	7.36468e-06	3.04628
0.000309317	1033.73	7.36468e-06	3.01255
0.000324046	1025.61	7.36468e-06	2.98152
0.000338775	1017	7.36468e-06	2.94752
0.000353505	1007.81	7.36468e-06	2.91172
0.000368234	998.775	7.36468e-06	2.88054
0.000382963	988.537	7.36468e-06	2.83914
0.000397693	979.267	7.36468e-06	2.81161
0.000412422	968.938	7.36468e-06	2.77468
0.000427152	957.967	7.36468e-06	2.73492
0.000441881	947.247	7.36468e-06	2.70366
0.00045661	935.606	7.36468e-06	2.65226
0.00047134	924.324	7.36468e-06	2.61975
0.000486069	912.179	7.36468e-06	2.58161
0.000500798	900.237	7.36468e-06	2.54892
0.000515528	887.969	7.36468e-06	2.51403
0.000530257	875.043	7.36468e-06	2.47174
0.000544986	862.155	7.36468e-06	2.43423
0.000559716	848.975	7.36468e-06	2.39937
0.000574445	835.663	7.36468e-06	2.36525
0.000589175	822.417	7.36468e-06	2.33194
0.000603904	809.057	7.36468e-06	2.29924
0.000618633	795.494	7.36468e-06	2.26329
0.000633363	781.822	7.36468e-06	2.22793
0.000648092	768.207	7.36468e-06	2.19659
0.000662821	754.332	7.36468e-06	2.16383
0.000677551	739.921	7.36468e-06	2.12403
0.00069228	725.663	7.36468e-06	2.09007
0.00070701	711.216	7.36468e-06	2.05436
0.000721739	697.02	7.36468e-06	2.0168
0.000736468	682.575	7.36468e-06	1.98338
0.000751198	667.91	7.36468e-06	1.94406
0.000765927	652.932	7.36468e-06	1.90599
0.000780656	638.429	7.36468e-06	1.87516
0.000795386	623.704	7.36468e-06	1.84393
0.000810115	609.152	7.36468e-06	1.80252
0.000824844	594.628	7.36468e-06	1.77234
0.000839574	580.346	7.36468e-06	1.7437
0.000854303	565.976	7.36468e-06	1.71332
0.000869033	551.431	7.36468e-06	1.68367
0.000883762	536.598	7.36468e-06	1.63787
0.000898491	522.411	7.36468e-06	1.60601
0.000913221	508.067	7.36468e-06	1.57666
0.00092795	494.032	7.36468e-06	1.54858
0.000942679	479.453	7.36468e-06	1.50358
0.000957409	465.412	7.36468e-06	1.44809
0.000972138	451.66	7.36468e-06	1.41585
0.000986867	437.734	7.36468e-06	1.37573
0.0010016	424.359	7.36468e-06	1.34796
0.00101633	411.099	7.36468e-06	1.3167
0.00103106	398.032	7.36468e-06	1.29027
0.00104578	385.539	7.36468e-06	1.26603
0.00106051	373.091	7.36468e-06	1.24255
0.00107524	360.272	7.36468e-06	1.21321
0.00108997	348.155	7.36468e-06	1.19012
0.0011047	336.311	7.36468e-06	1.16701
0.00111943	324.011	7.36468e-06	1.09653
0.00113416	312.311	7.36468e-06	1.07321
0.00114889	300.719	7.36468e-06	1.0448
0.00116362	288.972	7.36468e-06	1.00652
0.00117835	278.259	7.36468e-06	0.984671
0.00119308	267.77	7.36468e-06	0.965349
0.00120781	257.446	7.36468e-06	0.942651
0.00122254	246.96	7.36468e-06	0.918623
0.00123727	236.989	7.36468e-06	0.896541
0.001252	227.341	7.36468e-06	0.877781
0.00126673	217.995	7.36468e-06	0.851927
0.00128145	208.609	7.36468e-06	0.818255
0.00129618	199.709	7.36468e-06	0.801409
0.00131091	191.294	7.36468e-06	0.786291
0.00132564	182.527	7.36468e-06	0.757756
0.00134037	174.463	7.36468e-06	0.737137
0.0013551	166.534	7.36468e-06	0.720108
0.00136983	158.776	7.36468e-06	0.698864
0.00138456	151.576	7.36468e-06	0.684634
0.00139929	144.515	7.36468e-06	0.668035
0.00141402	137.774	7.36468e-06	0.655043
0.00142875	131.015	7.36468e-06	0.635505
0.00144348	124.498	7.36468e-06	0.619629
0.00145821	118.352	7.36468e-06	0.609144
0.00147294	112.55	7.36468e-06	0.598427
0.00148767	106.648	7.36468e-06	0.584506
0.0015024	101.225	7.36468e-06	0.573399
0.00151712	95.8508	7.36468e-06	0.534478
0.00153185	90.5214	7.36468e-06	0.504009
0.00154658	85.5258	7.36468e-06	0.491937
0.00156131	80.6104	7.36468e-06	0.477536
0.00157604	76.3051	7.36468e-06	0.469018
0.00159077	71.857	7.36468e-06	0.447658
0.0016055	67.7404	7.36468e-06	0.435038
0.00162023	63.8104	7.36468e-06	0.425238
0.00163496	60.0734	7.36468e-06	0.415599
0.00164969	56.5731	7.36468e-06	0.406699
0.00166442	53.1823	7.36468e-06	0.395801
0.00167915	49.8872	7.36468e-06	0.380196
0.00169388	46.8167	7.36468e-06	0.372828
0.00170861	43.6274	7.36468e-06	0.307816
0.00172334	40.9254	7.36468e-06	0.298433
0.00173807	38.169	7.36468e-06	0.279719
0.00175279	35.667	7.36468e-06	0.264208
0.00176752	33.2998	7.36468e-06	0.252599
0.00178225	31.1016	7.36468e-06	0.244818
0.00179698	29.053	7.36468e-06	0.236462
0.00181171	27.044	7.36468e-06	0.226953
0.00182644	25.3139	7.36468e-06	0.222221
0.00184117	23.4764	7.36468e-06	0.215561
0.0018559	21.9015	7.36468e-06	0.210533
0.00187063	20.3037	7.36468e-06	0.203595
0.00188536	18.8364	7.36468e-06	0.197036
0.00190009	17.3994	7.36468e-06	0.189718
0.00191482	16.1249	7.36468e-06	0.183286
0.00192955	14.8887	7.36468e-06	0.178405
0.00194428	13.6647	7.36468e-06	0.166995
0.00195901	12.5444	7.36468e-06	0.148898
0.00197373	11.5163	7.36468e-06	0.137977
0.00198846	10.5838	7.36468e-06	0.132144
0.00200319	9.73533	7.36468e-06	0.12849
0.00201792	8.94999	7.36468e-06	0.123865
0.00203265	8.23117	7.36468e-06	0.119743
0.00204738	7.51538	7.36468e-06	0.115249
0.00206211	6.81316	7.36468e-06	0.110124
0.00207684	6.19567	7.36468e-06	0.104774
0.00209157	5.60135	7.36468e-06	0.101136
0.0021063	5.11906	7.36468e-06	0.0983787
0.00212103	4.63467	7.36468e-06	0.09517
0.00213576	4.13197	7.36468e-06	0.0866116
0.00215049	3.72673	7.36468e-06	0.0833584
0.00216522	3.34574	7.36468e-06	0.0808629
0.00217995	2.94613	7.36468e-06	0.0659202
0.00219468	2.64323	7.36468e-06	0.0634735
0.0022094	2.32562	7.36468e-06	0.0583059
0.00222413	2.08114	7.36468e-06	0.0565253
0.00223886	1.84792	7.36468e-06	0.0547025
0.00225359	1.62261	7.36468e-06	0.0516914
0.00226832	1.426	7.36468e-06	0.0485463
0.00228305	1.26339	7.36468e-06	0.0467031
0.00229778	1.11532	7.36468e-06	0.0453901
0.00231251	0.977711	7.36468e-06	0.044081
0.00232724	0.864431	7.36468e-06	0.0429782
0.00234197	0.71198	7.36468e-06	0.0373548
0.0023567	0.58889	7.36468e-06	0.0352848
0.00237143	0.508282	7.36468e-06	0.0344098
0.00238616	0.424663	7.36468e-06	0.0329457
0.00240089	0.331192	7.36468e-06	0.0207625
0.00241562	0.275954	7.36468e-06	0.019678
0.00243035	0.22416	7.36468e-06	0.0180235
0.00244507	0.172871	7.36468e-06	0.0165733
0.0024598	0.124782	7.36468e-06	0.0112264
0.00247453	0.0934487	7.36468e-06	0.0101395
0.00248926	0.0644156	7.36468e-06	0.00752552
0.00250399	0.0435942	7.36468e-06	0.00635041
0.00251872	0.0290401	7.36468e-06	0.00506773
0.00253345	0.0148062	7.36468e-06	0.00357668
0.00254818	0.00985997	7.36468e-06	0.00309043
0.00256291	0.00354151	7.36468e-06	0.0021748
