0	1130.56	7.38872e-06	4.0983
1.47774e-05	1130.47	7.38872e-06	4.09347
2.95549e-05	1129.7	7.38872e-06	4.05602
4.43323e-05	1128.06	7.38872e-06	3.97797
5.91098e-05	1125.96	7.38872e-06	3.87437
7.38872e-05	1123.98	7.38872e-06	3.84044
8.86646e-05	1121.67	7.38872e-06	3.80788
0.000103442	1118.32	7.38872e-06	3.69667
0.00011822	1115.08	7.38872e-06	3.65682
0.000132997	1111.6	7.38872e-06	3.62633
0.000147774	1106.83	7.38872e-06	3.55399
0.000162552	1102.52	7.38872e-06	3.52069
0.000177329	1097.22	7.38872e-06	3.46087
0.000192107	1092.35	7.38872e-06	3.42723
0.000206884	1086.92	7.38872e-06	3.3958
0.000221662	1080.8	7.38872e-06	3.35876
0.000236439	1074.54	7.38872e-06	3.32408
0.000251216	1067.94	7.38872e-06	3.29037
0.000265994	1061.14	7.38872e-06	3.2576
0.000280771	1053.44	7.38872e-06	3.21754
0.000295549	1045.8	7.38872e-06	3.18413
0.000310326	1037.15	7.38872e-06	3.13624
0.000325104	1029.15	7.38872e-06	3.10439
0.000339881	1019.54	7.38872e-06	3.04886
0.000354659	1010.44	7.38872e-06	3.01522
0.000369436	999.96	7.38872e-06	2.94177
0.000384213	990.293	7.38872e-06	2.90792
0.000398991	979.739	7.38872e-06	2.86405
0.000413768	968.54	7.38872e-06	2.81627
0.000428546	957.13	7.38872e-06	2.70049
0.000443323	946.1	7.38872e-06	2.65941
0.000458101	934.667	7.38872e-06	2.62262
0.000472878	923.527	7.38872e-06	2.58926
0.000487655	911.683	7.38872e-06	2.54884
0.000502433	899.224	7.38872e-06	2.5051
0.00051721	886.417	7.38872e-06	2.45617
0.000531988	874.151	7.38872e-06	2.42059
0.000546765	860.666	7.38872e-06	2.36906
0.000561543	847.671	7.38872e-06	2.33169
0.00057632	834.648	7.38872e-06	2.29524
0.000591098	820.085	7.38872e-06	2.22665
0.000605875	806.457	7.38872e-06	2.18732
0.000620652	792.527	7.38872e-06	2.14671
0.00063543	778.391	7.38872e-06	2.09167
0.000650207	764.417	7.38872e-06	2.05588
0.000664985	750.35	7.38872e-06	2.02084
0.000679762	735.978	7.38872e-06	1.97015
0.00069454	721.198	7.38872e-06	1.9297
0.000709317	705.638	7.38872e-06	1.81122
0.000724094	691.308	7.38872e-06	1.77078
0.000738872	676.896	7.38872e-06	1.73491
0.000753649	662.384	7.38872e-06	1.69967
0.000768427	647.414	7.38872e-06	1.65195
0.000783204	632.516	7.38872e-06	1.61391
0.000797982	617.318	7.38872e-06	1.56365
0.000812759	602.389	7.38872e-06	1.51462
0.000827537	587.859	7.38872e-06	1.47825
0.000842314	573.418	7.38872e-06	1.44555
0.000857091	558.9	7.38872e-06	1.41129
0.000871869	544.205	7.38872e-06	1.37347
0.000886646	530.19	7.38872e-06	1.34152
0.000901424	515.743	7.38872e-06	1.30411
0.000916201	501.855	7.38872e-06	1.27437
0.000930979	487.659	7.38872e-06	1.24207
0.000945756	473.495	7.38872e-06	1.20935
0.000960533	459.591	7.38872e-06	1.17584
0.000975311	445.696	7.38872e-06	1.14156
0.000990088	432.212	7.38872e-06	1.11345
0.00100487	418.971	7.38872e-06	1.08491
0.00101964	405.791	7.38872e-06	1.05719
0.00103442	392.965	7.38872e-06	1.02992
0.0010492	380.248	7.38872e-06	1.00357
0.00106398	367.514	7.38872e-06	0.977412
0.00107875	354.45	7.38872e-06	0.943474
0.00109353	342.304	7.38872e-06	0.914969
0.00110831	330.453	7.38872e-06	0.891998
0.00112309	318.804	7.38872e-06	0.868944
0.00113786	307.099	7.38872e-06	0.844604
0.00115264	295.917	7.38872e-06	0.823533
0.00116742	285.083	7.38872e-06	0.803687
0.0011822	274.352	7.38872e-06	0.783801
0.00119697	263.887	7.38872e-06	0.763046
0.00121175	253.656	7.38872e-06	0.742721
0.00122653	243.445	7.38872e-06	0.721644
0.0012413	233.652	7.38872e-06	0.704292
0.00125608	224.104	7.38872e-06	0.686476
0.00127086	214.681	7.38872e-06	0.663819
0.00128564	205.566	7.38872e-06	0.647535
0.00130041	196.689	7.38872e-06	0.630948
0.00131519	188.156	7.38872e-06	0.61567
0.00132997	179.889	7.38872e-06	0.601047
0.00134475	171.309	7.38872e-06	0.487641
0.00135952	163.475	7.38872e-06	0.471183
0.0013743	155.973	7.38872e-06	0.45465
0.00138908	148.66	7.38872e-06	0.439729
0.00140386	141.468	7.38872e-06	0.424336
0.00141863	134.552	7.38872e-06	0.408288
0.00143341	127.851	7.38872e-06	0.393921
0.00144819	121.553	7.38872e-06	0.381297
0.00146297	115.39	7.38872e-06	0.368108
0.00147774	109.457	7.38872e-06	0.355678
0.00149252	103.704	7.38872e-06	0.343976
0.0015073	98.2978	7.38872e-06	0.332761
0.00152208	93.0055	7.38872e-06	0.318318
0.00153685	87.8898	7.38872e-06	0.305466
0.00155163	83.1213	7.38872e-06	0.295217
0.00156641	78.606	7.38872e-06	0.285708
0.00158119	74.2545	7.38872e-06	0.276758
0.00159596	70.0429	7.38872e-06	0.266094
0.00161074	65.9392	7.38872e-06	0.257311
0.00162552	62.0753	7.38872e-06	0.249345
0.0016403	58.4175	7.38872e-06	0.241912
0.00165507	54.9783	7.38872e-06	0.234461
0.00166985	51.6852	7.38872e-06	0.225956
0.00168463	48.424	7.38872e-06	0.187797
0.00169941	45.3088	7.38872e-06	0.179147
0.00171418	42.4531	7.38872e-06	0.171646
0.00172896	39.6298	7.38872e-06	0.164284
0.00174374	37.0331	7.38872e-06	0.156059
0.00175852	34.6159	7.38872e-06	0.149645
0.00177329	32.3326	7.38872e-06	0.143504
0.00178807	30.1633	7.38872e-06	0.137575
0.00180285	28.1133	7.38872e-06	0.131579
0.00181762	26.187	7.38872e-06	0.126027
0.0018324	24.4012	7.38872e-06	0.120725
0.00184718	22.6625	7.38872e-06	0.114622
0.00186196	21.0344	7.38872e-06	0.109233
0.00187673	19.4856	7.38872e-06	0.102456
0.00189151	18.0392	7.38872e-06	0.0974522
0.00190629	16.7092	7.38872e-06	0.0930495
0.00192107	15.4178	7.38872e-06	0.0883157
0.00193584	14.227	7.38872e-06	0.0842252
0.00195062	13.0854	7.38872e-06	0.0796057
0.0019654	12.0762	7.38872e-06	0.0758592
0.00198018	11.0909	7.38872e-06	0.0721919
0.00199495	10.1756	7.38872e-06	0.0686
0.00200973	9.32739	7.38872e-06	0.0651399
0.00202451	8.54105	7.38872e-06	0.0619392
0.00203929	7.79871	7.38872e-06	0.0588862
0.00205406	7.12947	7.38872e-06	0.0557575
0.00206884	6.50373	7.38872e-06	0.0525842
0.00208362	5.89192	7.38872e-06	0.049563
0.0020984	5.32023	7.38872e-06	0.0466168
0.00211317	4.83679	7.38872e-06	0.0441898
0.00212795	4.38271	7.38872e-06	0.0418344
0.00214273	3.94864	7.38872e-06	0.0393045
0.00215751	3.55524	7.38872e-06	0.0370375
0.00217228	3.19986	7.38872e-06	0.0349488
0.00218706	2.86912	7.38872e-06	0.0328801
0.00220184	2.56493	7.38872e-06	0.0308947
0.00221662	2.26891	7.38872e-06	0.0288328
0.00223139	2.01881	7.38872e-06	0.0269878
0.00224617	1.79261	7.38872e-06	0.0252725
0.00226095	1.56377	7.38872e-06	0.0234326
0.00227573	1.3792	7.38872e-06	0.0218928
0.0022905	1.21228	7.38872e-06	0.0204121
0.00230528	1.04865	7.38872e-06	0.018865
0.00232006	0.904929	7.38872e-06	0.0174524
0.00233484	0.777915	7.38872e-06	0.0160711
0.00234961	0.664553	7.38872e-06	0.0147659
0.00236439	0.564615	7.38872e-06	0.0135361
0.00237917	0.474839	7.38872e-06	0.0123273
0.00239394	0.401013	7.38872e-06	0.0112872
0.00240872	0.3308	7.38872e-06	0.0102111
0.0024235	0.269511	7.38872e-06	0.00917094
0.00243828	0.213031	7.38872e-06	0.00809214
0.00245305	0.163716	7.38872e-06	0.00705178
0.00246783	0.124425	7.38872e-06	0.00611441
0.00248261	0.0911214	7.38872e-06	0.00520677
0.00249739	0.0662075	7.38872e-06	0.00441751
0.00251216	0.0412554	7.38872e-06	0.00347601
0.00252694	0.0245111	7.38872e-06	0.00266582
0.00254172	0.0158799	7.38872e-06	0.00214598
0.0025565	0.00655751	7.38872e-06	0.00137038
0.00257127	0.00167141	7.38872e-06	0.000682914
