0	1124.79	7.37495e-06	3.71283
1.47499e-05	1124.79	7.37495e-06	3.71283
2.94998e-05	1124.09	7.37495e-06	3.67756
4.42497e-05	1123.23	7.37495e-06	3.6581
5.89996e-05	1121.99	7.37495e-06	3.63617
7.37495e-05	1119.97	7.37495e-06	3.60196
8.84994e-05	1118.01	7.37495e-06	3.57997
0.000103249	1115.19	7.37495e-06	3.54858
0.000117999	1112.23	7.37495e-06	3.52217
0.000132749	1108.34	7.37495e-06	3.48257
0.000147499	1104.68	7.37495e-06	3.45484
0.000162249	1100.67	7.37495e-06	3.42426
0.000176999	1096.22	7.37495e-06	3.3962
0.000191749	1091.35	7.37495e-06	3.36815
0.000206499	1086.18	7.37495e-06	3.3375
0.000221248	1080.12	7.37495e-06	3.29895
0.000235998	1073.85	7.37495e-06	3.26414
0.000250748	1067.15	7.37495e-06	3.2232
0.000265498	1060.13	7.37495e-06	3.18913
0.000280248	1053.03	7.37495e-06	3.15802
0.000294998	1045.19	7.37495e-06	3.12267
0.000309748	1037.41	7.37495e-06	3.09105
0.000324498	1028.66	7.37495e-06	3.04963
0.000339248	1019.59	7.37495e-06	3.01131
0.000353997	1010.52	7.37495e-06	2.97776
0.000368747	1000.65	7.37495e-06	2.93674
0.000383497	990.358	7.37495e-06	2.88342
0.000398247	980.058	7.37495e-06	2.84781
0.000412997	969.688	7.37495e-06	2.81089
0.000427747	958.645	7.37495e-06	2.76484
0.000442497	947.757	7.37495e-06	2.73252
0.000457247	936.488	7.37495e-06	2.6993
0.000471997	924.96	7.37495e-06	2.66139
0.000486746	913.01	7.37495e-06	2.62514
0.000501496	901.074	7.37495e-06	2.59119
0.000516246	888.536	7.37495e-06	2.55221
0.000530996	875.909	7.37495e-06	2.5172
0.000545746	862.82	7.37495e-06	2.48086
0.000560496	849.153	7.37495e-06	2.4218
0.000575246	836.424	7.37495e-06	2.3893
0.000589996	822.835	7.37495e-06	2.33876
0.000604746	808.874	7.37495e-06	2.29759
0.000619496	795.314	7.37495e-06	2.26097
0.000634245	781.496	7.37495e-06	2.22415
0.000648995	767.556	7.37495e-06	2.1889
0.000663745	753.155	7.37495e-06	2.14933
0.000678495	737.938	7.37495e-06	2.08086
0.000693245	723.666	7.37495e-06	2.04619
0.000707995	709.38	7.37495e-06	2.01223
0.000722745	694.449	7.37495e-06	1.95799
0.000737495	679.968	7.37495e-06	1.90762
0.000752245	665.612	7.37495e-06	1.87454
0.000766994	650.858	7.37495e-06	1.83813
0.000781744	636.003	7.37495e-06	1.80249
0.000796494	621.304	7.37495e-06	1.76768
0.000811244	606.004	7.37495e-06	1.71378
0.000825994	591.462	7.37495e-06	1.68136
0.000840744	576.878	7.37495e-06	1.65026
0.000855494	562.104	7.37495e-06	1.60416
0.000870244	547.438	7.37495e-06	1.56418
0.000884994	533.086	7.37495e-06	1.53117
0.000899743	518.586	7.37495e-06	1.49202
0.000914493	504.101	7.37495e-06	1.45564
0.000929243	490.123	7.37495e-06	1.42591
0.000943993	476.104	7.37495e-06	1.39017
0.000958743	462.454	7.37495e-06	1.36141
0.000973493	448.63	7.37495e-06	1.33044
0.000988243	434.473	7.37495e-06	1.28312
0.00100299	421.019	7.37495e-06	1.24164
0.00101774	407.646	7.37495e-06	1.2126
0.00103249	395.134	7.37495e-06	1.1896
0.00104724	382.325	7.37495e-06	1.15014
0.00106199	369.573	7.37495e-06	1.11182
0.00107674	356.94	7.37495e-06	1.08368
0.00109149	344.746	7.37495e-06	1.0575
0.00110624	332.467	7.37495e-06	1.01576
0.00112099	320.329	7.37495e-06	0.966149
0.00113574	308.549	7.37495e-06	0.938893
0.00115049	297.196	7.37495e-06	0.915878
0.00116524	285.992	7.37495e-06	0.890499
0.00117999	275.187	7.37495e-06	0.868805
0.00119474	264.825	7.37495e-06	0.845513
0.00120949	254.423	7.37495e-06	0.817142
0.00122424	244.427	7.37495e-06	0.79704
0.00123899	234.477	7.37495e-06	0.775585
0.00125374	225.038	7.37495e-06	0.756383
0.00126849	215.874	7.37495e-06	0.736183
0.00128324	206.846	7.37495e-06	0.716012
0.00129799	197.861	7.37495e-06	0.692908
0.00131274	189.231	7.37495e-06	0.676044
0.00132749	180.722	7.37495e-06	0.653313
0.00134224	172.499	7.37495e-06	0.626859
0.00135699	164.684	7.37495e-06	0.610089
0.00137174	157.124	7.37495e-06	0.593899
0.00138649	149.847	7.37495e-06	0.577526
0.00140124	142.679	7.37495e-06	0.558072
0.00141599	135.723	7.37495e-06	0.541386
0.00143074	128.962	7.37495e-06	0.524633
0.00144549	122.419	7.37495e-06	0.502336
0.00146024	116.111	7.37495e-06	0.472743
0.00147499	110.379	7.37495e-06	0.459682
0.00148974	104.568	7.37495e-06	0.441568
0.00150449	99.132	7.37495e-06	0.42818
0.00151924	93.7449	7.37495e-06	0.41314
0.00153399	88.6681	7.37495e-06	0.401676
0.00154874	83.8991	7.37495e-06	0.389663
0.00156349	79.4298	7.37495e-06	0.379192
0.00157824	74.9004	7.37495e-06	0.362211
0.00159299	70.6544	7.37495e-06	0.345767
0.00160774	66.681	7.37495e-06	0.335847
0.00162249	62.8123	7.37495e-06	0.326837
0.00163724	59.1214	7.37495e-06	0.315167
0.00165199	55.7207	7.37495e-06	0.305738
0.00166674	52.4604	7.37495e-06	0.297462
0.00168149	49.3045	7.37495e-06	0.288307
0.00169624	46.3017	7.37495e-06	0.280573
0.00171099	43.4264	7.37495e-06	0.272503
0.00172574	40.6784	7.37495e-06	0.264842
0.00174049	38.0653	7.37495e-06	0.256416
0.00175524	35.6474	7.37495e-06	0.249759
0.00176999	33.3748	7.37495e-06	0.243731
0.00178474	31.1459	7.37495e-06	0.23675
0.00179949	29.0811	7.37495e-06	0.230654
0.00181424	26.9434	7.37495e-06	0.217339
0.00182899	25.0907	7.37495e-06	0.21127
0.00184374	23.2309	7.37495e-06	0.204203
0.00185849	21.5565	7.37495e-06	0.196131
0.00187324	19.9867	7.37495e-06	0.191117
0.00188799	18.4936	7.37495e-06	0.182877
0.00190274	17.108	7.37495e-06	0.176589
0.00191749	15.8391	7.37495e-06	0.172068
0.00193224	14.5531	7.37495e-06	0.16192
0.00194699	13.388	7.37495e-06	0.156315
0.00196174	12.3464	7.37495e-06	0.151957
0.00197649	11.3305	7.37495e-06	0.147243
0.00199124	10.3646	7.37495e-06	0.137014
0.00200599	9.51242	7.37495e-06	0.131973
0.00202074	8.75922	7.37495e-06	0.129465
0.00203549	8.03101	7.37495e-06	0.126835
0.00205024	7.37271	7.37495e-06	0.124261
0.00206499	6.70345	7.37495e-06	0.117258
0.00207973	6.15061	7.37495e-06	0.115253
0.00209448	5.63174	7.37495e-06	0.112771
0.00210923	5.13443	7.37495e-06	0.110879
0.00212398	4.64061	7.37495e-06	0.108518
0.00213873	4.12729	7.37495e-06	0.0866861
0.00215348	3.70036	7.37495e-06	0.0819798
0.00216823	3.3482	7.37495e-06	0.080018
0.00218298	2.96472	7.37495e-06	0.0608318
0.00219773	2.67606	7.37495e-06	0.0587223
0.00221248	2.3944	7.37495e-06	0.0565765
0.00222723	2.16895	7.37495e-06	0.0552993
0.00224198	1.92246	7.37495e-06	0.0533315
0.00225673	1.67896	7.37495e-06	0.0504231
0.00227148	1.48399	7.37495e-06	0.0486168
0.00228623	1.30862	7.37495e-06	0.0463866
0.00230098	1.15881	7.37495e-06	0.0449125
0.00231573	1.00939	7.37495e-06	0.0425683
0.00233048	0.885591	7.37495e-06	0.0416422
0.00234523	0.707628	7.37495e-06	0.0245104
0.00235998	0.582566	7.37495e-06	0.0203017
0.00237473	0.481157	7.37495e-06	0.0181456
0.00238948	0.415954	7.37495e-06	0.0168017
0.00240423	0.341954	7.37495e-06	0.0156755
0.00241898	0.282885	7.37495e-06	0.0140525
0.00243373	0.229045	7.37495e-06	0.0119796
0.00244848	0.177976	7.37495e-06	0.0102631
0.00246323	0.142213	7.37495e-06	0.00922265
0.00247798	0.101211	7.37495e-06	0.00708162
0.00249273	0.0742601	7.37495e-06	0.00612745
0.00250748	0.0448703	7.37495e-06	0.00457708
0.00252223	0.0276797	7.37495e-06	0.00347128
0.00253698	0.0168417	7.37495e-06	0.00261223
0.00255173	0.0074436	7.37495e-06	0.00178569
0.00256648	0.00155789	7.37495e-06	0.000780415
