0	1128.97	7.37064e-06	4.58139
1.47413e-05	1128.97	7.37064e-06	4.58139
2.94826e-05	1127.46	7.37064e-06	4.4501
4.42238e-05	1126.4	7.37064e-06	4.42429
5.89651e-05	1125.3	7.37064e-06	4.4098
7.37064e-05	1123.4	7.37064e-06	4.38064
8.84477e-05	1121.44	7.37064e-06	4.35893
0.000103189	1118.68	7.37064e-06	4.33166
0.00011793	1115.29	7.37064e-06	4.29535
0.000132671	1111.85	7.37064e-06	4.26963
0.000147413	1107.86	7.37064e-06	4.23963
0.000162154	1103.68	7.37064e-06	4.21446
0.000176895	1098.42	7.37064e-06	4.17291
0.000191637	1093.66	7.37064e-06	4.14923
0.000206378	1088.51	7.37064e-06	4.12528
0.000221119	1081.75	7.37064e-06	4.08296
0.00023586	1075.59	7.37064e-06	4.05414
0.000250602	1069.1	7.37064e-06	4.02504
0.000265343	1062.03	7.37064e-06	3.99616
0.000280084	1050.8	7.37064e-06	3.46482
0.000294826	1042.72	7.37064e-06	3.42456
0.000309567	1034.72	7.37064e-06	3.39235
0.000324308	1025.66	7.37064e-06	3.33977
0.000339049	1017.14	7.37064e-06	3.31015
0.000353791	1007.77	7.37064e-06	3.27104
0.000368532	998.469	7.37064e-06	3.24056
0.000383273	988.956	7.37064e-06	3.20851
0.000398014	979.004	7.37064e-06	3.17424
0.000412756	968.52	7.37064e-06	3.13967
0.000427497	958.224	7.37064e-06	3.10981
0.000442238	946.742	7.37064e-06	3.0715
0.00045698	935.249	7.37064e-06	3.03511
0.000471721	924.035	7.37064e-06	3.00498
0.000486462	912.876	7.37064e-06	2.97666
0.000501203	898.75	7.37064e-06	2.59745
0.000515945	885.904	7.37064e-06	2.51347
0.000530686	873.388	7.37064e-06	2.47782
0.000545427	860.467	7.37064e-06	2.43989
0.000560169	847.683	7.37064e-06	2.40542
0.00057491	834.588	7.37064e-06	2.3704
0.000589651	821.937	7.37064e-06	2.34026
0.000604392	808.267	7.37064e-06	2.30253
0.000619134	795.057	7.37064e-06	2.26971
0.000633875	781.159	7.37064e-06	2.23394
0.000648616	767.138	7.37064e-06	2.19955
0.000663357	752.907	7.37064e-06	2.16293
0.000678099	739.209	7.37064e-06	2.13207
0.00069284	724.758	7.37064e-06	2.09892
0.000707581	710.257	7.37064e-06	2.06322
0.000722323	695.542	7.37064e-06	2.02818
0.000737064	681.265	7.37064e-06	1.99487
0.000751805	666.719	7.37064e-06	1.95965
0.000766546	651.938	7.37064e-06	1.92755
0.000781288	637.583	7.37064e-06	1.89963
0.000796029	622.759	7.37064e-06	1.86205
0.00081077	608.247	7.37064e-06	1.83287
0.000825511	592.545	7.37064e-06	1.55508
0.000840253	577.739	7.37064e-06	1.51782
0.000854994	563.324	7.37064e-06	1.48439
0.000869735	548.92	7.37064e-06	1.45192
0.000884477	534.523	7.37064e-06	1.40876
0.000899218	520.188	7.37064e-06	1.37727
0.000913959	505.24	7.37064e-06	1.29581
0.0009287	490.957	7.37064e-06	1.2631
0.000943442	477.083	7.37064e-06	1.22889
0.000958183	463.055	7.37064e-06	1.18972
0.000972924	449.421	7.37064e-06	1.16105
0.000987666	435.895	7.37064e-06	1.13269
0.00100241	422.445	7.37064e-06	1.10507
0.00101715	409.14	7.37064e-06	1.07844
0.00103189	395.906	7.37064e-06	1.04914
0.00104663	382.643	7.37064e-06	1.01215
0.00106137	369.583	7.37064e-06	0.924624
0.00107611	357.46	7.37064e-06	0.900699
0.00109085	345.214	7.37064e-06	0.87509
0.0011056	332.816	7.37064e-06	0.832354
0.00112034	320.734	7.37064e-06	0.783682
0.00113508	309.11	7.37064e-06	0.758506
0.00114982	297.892	7.37064e-06	0.733362
0.00116456	286.801	7.37064e-06	0.705653
0.0011793	275.758	7.37064e-06	0.680341
0.00119404	265.31	7.37064e-06	0.659496
0.00120878	254.819	7.37064e-06	0.637349
0.00122353	244.616	7.37064e-06	0.614793
0.00123827	234.731	7.37064e-06	0.594603
0.00125301	225.125	7.37064e-06	0.573669
0.00126775	215.696	7.37064e-06	0.553437
0.00128249	206.664	7.37064e-06	0.535195
0.00129723	197.889	7.37064e-06	0.510884
0.00131197	189.129	7.37064e-06	0.490232
0.00132671	180.711	7.37064e-06	0.472047
0.00134146	172.638	7.37064e-06	0.455891
0.0013562	164.808	7.37064e-06	0.440116
0.00137094	157.074	7.37064e-06	0.423316
0.00138568	149.647	7.37064e-06	0.406939
0.00140042	142.497	7.37064e-06	0.392359
0.00141516	135.578	7.37064e-06	0.377171
0.0014299	128.909	7.37064e-06	0.362535
0.00144465	122.46	7.37064e-06	0.347048
0.00145939	116.397	7.37064e-06	0.334504
0.00147413	110.375	7.37064e-06	0.321414
0.00148887	104.599	7.37064e-06	0.307812
0.00150361	99.1123	7.37064e-06	0.296154
0.00151835	93.8568	7.37064e-06	0.284465
0.00153309	88.8884	7.37064e-06	0.274072
0.00154783	83.9732	7.37064e-06	0.262329
0.00156258	79.345	7.37064e-06	0.252332
0.00157732	74.8046	7.37064e-06	0.242126
0.00159206	70.56	7.37064e-06	0.23274
0.0016068	66.5375	7.37064e-06	0.223946
0.00162154	62.6656	7.37064e-06	0.212929
0.00163628	58.9286	7.37064e-06	0.204046
0.00165102	55.4902	7.37064e-06	0.196206
0.00166576	52.1167	7.37064e-06	0.187073
0.00168051	48.9669	7.37064e-06	0.179329
0.00169525	45.8934	7.37064e-06	0.172165
0.00170999	42.9989	7.37064e-06	0.164773
0.00172473	40.2197	7.37064e-06	0.151954
0.00173947	37.6734	7.37064e-06	0.145484
0.00175421	35.2403	7.37064e-06	0.139425
0.00176895	32.9389	7.37064e-06	0.133529
0.00178369	30.7396	7.37064e-06	0.127706
0.00179844	28.5956	7.37064e-06	0.121913
0.00181318	26.6162	7.37064e-06	0.116603
0.00182792	24.7588	7.37064e-06	0.111461
0.00184266	22.9502	7.37064e-06	0.106015
0.0018574	21.3098	7.37064e-06	0.101266
0.00187214	19.7321	7.37064e-06	0.096606
0.00188688	18.2765	7.37064e-06	0.092124
0.00190162	16.887	7.37064e-06	0.0877999
0.00191637	15.6045	7.37064e-06	0.0837032
0.00193111	14.4021	7.37064e-06	0.0797813
0.00194585	13.2873	7.37064e-06	0.0760247
0.00196059	12.2292	7.37064e-06	0.0723641
0.00197533	11.2367	7.37064e-06	0.0688566
0.00199007	10.3491	7.37064e-06	0.0656588
0.00200481	9.48624	7.37064e-06	0.0624407
0.00201955	8.6636	7.37064e-06	0.0591466
0.0020343	7.91252	7.37064e-06	0.0561185
0.00204904	7.23464	7.37064e-06	0.0533139
0.00206378	6.6112	7.37064e-06	0.0506395
0.00207852	6.04466	7.37064e-06	0.0481159
0.00209326	5.48915	7.37064e-06	0.0455684
0.002108	4.9937	7.37064e-06	0.043156
0.00212274	4.51821	7.37064e-06	0.0408141
0.00213749	4.08887	7.37064e-06	0.0386286
0.00215223	3.662	7.37064e-06	0.0363327
0.00216697	3.2952	7.37064e-06	0.0342349
0.00218171	2.96827	7.37064e-06	0.0323053
0.00219645	2.64394	7.37064e-06	0.0303307
0.00221119	2.37383	7.37064e-06	0.0285873
0.00222593	2.10767	7.37064e-06	0.0267799
0.00224067	1.87082	7.37064e-06	0.0250875
0.00225542	1.65685	7.37064e-06	0.0234798
0.00227016	1.45585	7.37064e-06	0.0218813
0.0022849	1.29477	7.37064e-06	0.0205423
0.00229964	1.1381	7.37064e-06	0.0191657
0.00231438	0.988832	7.37064e-06	0.0177775
0.00232912	0.846183	7.37064e-06	0.0163794
0.00234386	0.72997	7.37064e-06	0.0151336
0.0023586	0.621302	7.37064e-06	0.013896
0.00237335	0.525884	7.37064e-06	0.0127265
0.00238809	0.443199	7.37064e-06	0.011632
0.00240283	0.362584	7.37064e-06	0.0104692
0.00241757	0.299512	7.37064e-06	0.009472
0.00243231	0.23577	7.37064e-06	0.00836751
0.00244705	0.187514	7.37064e-06	0.00742995
0.00246179	0.145536	7.37064e-06	0.00650917
0.00247653	0.109877	7.37064e-06	0.00563722
0.00249128	0.0778644	7.37064e-06	0.00472239
0.00250602	0.0546944	7.37064e-06	0.00394423
0.00252076	0.0345545	7.37064e-06	0.0031202
0.0025355	0.0198269	7.37064e-06	0.00235565
0.00255024	0.00855487	7.37064e-06	0.00153765
0.00256498	0.00163121	7.37064e-06	0.000666115
