0	1125.21	7.37695e-06	5.44403
1.47539e-05	1125.13	7.37695e-06	5.44141
2.95078e-05	1124.5	7.37695e-06	5.422
4.42617e-05	1123.66	7.37695e-06	5.40781
5.90156e-05	1122.37	7.37695e-06	5.39176
7.37695e-05	1120.27	7.37695e-06	5.36485
8.85234e-05	1118.2	7.37695e-06	5.34899
0.000103277	1115.25	7.37695e-06	5.32049
0.000118031	1112.17	7.37695e-06	5.29764
0.000132785	1108.86	7.37695e-06	5.27989
0.000147539	1105.01	7.37695e-06	5.26072
0.000162293	1100.56	7.37695e-06	5.23792
0.000177047	1095.86	7.37695e-06	5.21798
0.000191801	1091.04	7.37695e-06	5.19745
0.000206555	1085.48	7.37695e-06	5.17348
0.000221309	1079.63	7.37695e-06	5.15304
0.000236062	1073.23	7.37695e-06	5.13053
0.000250816	1066.37	7.37695e-06	5.10751
0.00026557	1059.13	7.37695e-06	5.08555
0.000280324	1052.07	7.37695e-06	5.06305
0.000295078	1044.52	7.37695e-06	5.04333
0.000309832	1036.72	7.37695e-06	5.02425
0.000324586	1028.35	7.37695e-06	5.00404
0.00033934	1019.37	7.37695e-06	4.97191
0.000354094	1010.21	7.37695e-06	4.94352
0.000368848	1000.94	7.37695e-06	4.92365
0.000383602	990.966	7.37695e-06	4.8959
0.000398355	980.943	7.37695e-06	4.8759
0.000413109	970.478	7.37695e-06	4.85267
0.000427863	959.89	7.37695e-06	4.83355
0.000442617	948.876	7.37695e-06	4.81282
0.000457371	937.299	7.37695e-06	4.79188
0.000472125	926.352	7.37695e-06	4.77546
0.000486879	914.374	7.37695e-06	4.75647
0.000501633	902.207	7.37695e-06	4.7371
0.000516387	889.609	7.37695e-06	4.70473
0.000531141	876.829	7.37695e-06	4.68502
0.000545895	864.455	7.37695e-06	4.66623
0.000560648	851.401	7.37695e-06	4.64152
0.000575402	838.229	7.37695e-06	4.61977
0.000590156	824.35	7.37695e-06	4.58619
0.00060491	810.827	7.37695e-06	4.56879
0.000619664	797.036	7.37695e-06	4.54769
0.000634418	783.277	7.37695e-06	4.53102
0.000649172	763.373	7.37695e-06	2.17226
0.000663926	749.405	7.37695e-06	2.13838
0.00067868	735.104	7.37695e-06	2.1026
0.000693434	720.596	7.37695e-06	2.05399
0.000708187	706.272	7.37695e-06	2.0079
0.000722941	691.607	7.37695e-06	1.97295
0.000737695	676.897	7.37695e-06	1.93517
0.000752449	662.108	7.37695e-06	1.89601
0.000767203	647.757	7.37695e-06	1.8642
0.000781957	633.16	7.37695e-06	1.83121
0.000796711	618.509	7.37695e-06	1.79675
0.000811465	604.084	7.37695e-06	1.76562
0.000826219	589.367	7.37695e-06	1.73191
0.000840973	574.752	7.37695e-06	1.6992
0.000855727	560.3	7.37695e-06	1.66085
0.00087048	545.447	7.37695e-06	1.62698
0.000885234	530.79	7.37695e-06	1.58246
0.000899988	516.446	7.37695e-06	1.55262
0.000914742	502.174	7.37695e-06	1.52232
0.000929496	488.3	7.37695e-06	1.49332
0.00094425	474.345	7.37695e-06	1.46313
0.000959004	460.83	7.37695e-06	1.43724
0.000973758	447.466	7.37695e-06	1.41002
0.000988512	434.017	7.37695e-06	1.38296
0.00100327	420.792	7.37695e-06	1.35982
0.00101802	407.884	7.37695e-06	1.33724
0.00103277	395.111	7.37695e-06	1.31394
0.00104753	382.223	7.37695e-06	1.27993
0.00106228	369.766	7.37695e-06	1.25702
0.00107704	357.548	7.37695e-06	1.23653
0.00109179	345.463	7.37695e-06	1.2131
0.00110654	333.686	7.37695e-06	1.19388
0.0011213	322.091	7.37695e-06	1.17542
0.00113605	310.48	7.37695e-06	1.15453
0.0011508	299.077	7.37695e-06	1.12906
0.00116556	287.976	7.37695e-06	1.10908
0.00118031	277.022	7.37695e-06	1.07575
0.00119507	266.309	7.37695e-06	1.05172
0.00120982	256.048	7.37695e-06	1.03505
0.00122457	245.91	7.37695e-06	1.01598
0.00123933	235.994	7.37695e-06	0.999874
0.00125408	226.451	7.37695e-06	0.984517
0.00126884	217.298	7.37695e-06	0.970981
0.00128359	207.755	7.37695e-06	0.939292
0.00129834	198.879	7.37695e-06	0.926007
0.0013131	190.371	7.37695e-06	0.912886
0.00132785	181.783	7.37695e-06	0.892057
0.00134261	173.64	7.37695e-06	0.879356
0.00135736	165.965	7.37695e-06	0.868908
0.00137211	158.286	7.37695e-06	0.854502
0.00138687	150.875	7.37695e-06	0.838647
0.00140162	143.886	7.37695e-06	0.828186
0.00141637	136.634	7.37695e-06	0.80562
0.00143113	128.842	7.37695e-06	0.546691
0.00144588	122.439	7.37695e-06	0.532647
0.00146064	116.044	7.37695e-06	0.506589
0.00147539	110.171	7.37695e-06	0.494027
0.00149014	104.486	7.37695e-06	0.481773
0.0015049	98.9652	7.37695e-06	0.466583
0.00151965	93.5513	7.37695e-06	0.447843
0.00153441	88.4883	7.37695e-06	0.435768
0.00154916	83.7381	7.37695e-06	0.42627
0.00156391	78.9793	7.37695e-06	0.412187
0.00157867	74.6154	7.37695e-06	0.403467
0.00159342	70.2468	7.37695e-06	0.392611
0.00160818	66.2734	7.37695e-06	0.384661
0.00162293	62.4428	7.37695e-06	0.373272
0.00163768	58.8605	7.37695e-06	0.366069
0.00165244	55.4242	7.37695e-06	0.358843
0.00166719	52.0061	7.37695e-06	0.351368
0.00168195	48.8517	7.37695e-06	0.344029
0.0016967	45.6922	7.37695e-06	0.33224
0.00171145	42.9178	7.37695e-06	0.325795
0.00172621	40.008	7.37695e-06	0.259429
0.00174096	37.4187	7.37695e-06	0.253186
0.00175571	34.9834	7.37695e-06	0.246719
0.00177047	32.7469	7.37695e-06	0.241641
0.00178522	30.5769	7.37695e-06	0.236313
0.00179998	28.574	7.37695e-06	0.229872
0.00181473	26.6168	7.37695e-06	0.219722
0.00182948	24.7024	7.37695e-06	0.2112
0.00184424	22.9976	7.37695e-06	0.206927
0.00185899	21.2543	7.37695e-06	0.17623
0.00187375	19.6699	7.37695e-06	0.15628
0.0018885	18.2413	7.37695e-06	0.150967
0.00190325	16.9389	7.37695e-06	0.145873
0.00191801	15.6754	7.37695e-06	0.141724
0.00193276	14.4604	7.37695e-06	0.133643
0.00194752	13.33	7.37695e-06	0.126431
0.00196227	12.2602	7.37695e-06	0.122262
0.00197702	11.2913	7.37695e-06	0.118574
0.00199178	10.3865	7.37695e-06	0.11478
0.00200653	9.54608	7.37695e-06	0.11148
0.00202129	8.76017	7.37695e-06	0.108105
0.00203604	8.02773	7.37695e-06	0.105241
0.00205079	7.31332	7.37695e-06	0.0997733
0.00206555	6.63404	7.37695e-06	0.095444
0.0020803	6.08329	7.37695e-06	0.0929434
0.00209505	5.53776	7.37695e-06	0.0902414
0.00210981	5.05921	7.37695e-06	0.08805
0.00212456	4.61785	7.37695e-06	0.0862887
0.00213932	4.18654	7.37695e-06	0.0832996
0.00215407	3.80754	7.37695e-06	0.0815604
0.00216882	3.42643	7.37695e-06	0.0793817
0.00218358	3.08204	7.37695e-06	0.0779413
0.00219833	2.76361	7.37695e-06	0.0759325
0.00221309	2.46198	7.37695e-06	0.0736338
0.00222784	2.13395	7.37695e-06	0.0417696
0.00224259	1.87359	7.37695e-06	0.0389806
0.00225735	1.64762	7.37695e-06	0.0366625
0.0022721	1.45401	7.37695e-06	0.0347764
0.00228686	1.27775	7.37695e-06	0.0329762
0.00230161	1.11766	7.37695e-06	0.0306689
0.00231636	0.983946	7.37695e-06	0.0294098
0.00233112	0.815838	7.37695e-06	0.0210944
0.00234587	0.693345	7.37695e-06	0.0191962
0.00236062	0.58923	7.37695e-06	0.017604
0.00237538	0.499568	7.37695e-06	0.0163031
0.00239013	0.426415	7.37695e-06	0.0150565
0.00240489	0.348175	7.37695e-06	0.013231
0.00241964	0.29127	7.37695e-06	0.0122698
0.00243439	0.233317	7.37695e-06	0.0108289
0.00244915	0.175309	7.37695e-06	0.00873644
0.0024639	0.135594	7.37695e-06	0.00770854
0.00247866	0.103036	7.37695e-06	0.00655924
0.00249341	0.0694601	7.37695e-06	0.00524632
0.00250816	0.0450175	7.37695e-06	0.00410456
0.00252292	0.0271804	7.37695e-06	0.00314622
0.00253767	0.0167295	7.37695e-06	0.00246462
0.00255243	0.00743245	7.37695e-06	0.00166625
0.00256718	0.00139905	7.37695e-06	0.00070383
