0	1124.97	7.38036e-06	3.77944
1.47607e-05	1124.68	7.38036e-06	3.73115
2.95214e-05	1124.33	7.38036e-06	3.72185
4.42821e-05	1123.38	7.38036e-06	3.69595
5.90429e-05	1122.04	7.38036e-06	3.66909
7.38036e-05	1120.23	7.38036e-06	3.63788
8.85643e-05	1118.09	7.38036e-06	3.61105
0.000103325	1115.12	7.38036e-06	3.5703
0.000118086	1112.16	7.38036e-06	3.54082
0.000132846	1108.53	7.38036e-06	3.50634
0.000147607	1104.69	7.38036e-06	3.47418
0.000162368	1099.92	7.38036e-06	3.41234
0.000177129	1095.29	7.38036e-06	3.38175
0.000191889	1090.74	7.38036e-06	3.35675
0.00020665	1084.99	7.38036e-06	3.31522
0.000221411	1079.53	7.38036e-06	3.28693
0.000236171	1072.72	7.38036e-06	3.24708
0.000250932	1066.51	7.38036e-06	3.21764
0.000265693	1059.02	7.38036e-06	3.16681
0.000280454	1051.67	7.38036e-06	3.13197
0.000295214	1043.75	7.38036e-06	3.09674
0.000309975	1035.31	7.38036e-06	3.01057
0.000324736	1026.24	7.38036e-06	2.95634
0.000339496	1017.7	7.38036e-06	2.91993
0.000354257	1008.67	7.38036e-06	2.88371
0.000369018	999.356	7.38036e-06	2.84661
0.000383779	989.628	7.38036e-06	2.81146
0.000398539	979.665	7.38036e-06	2.77532
0.0004133	969.279	7.38036e-06	2.73993
0.000428061	958.54	7.38036e-06	2.70279
0.000442821	947.575	7.38036e-06	2.66785
0.000457582	935.831	7.38036e-06	2.61969
0.000472343	923.842	7.38036e-06	2.56712
0.000487104	911.912	7.38036e-06	2.52788
0.000501864	899.582	7.38036e-06	2.48791
0.000516625	886.764	7.38036e-06	2.44942
0.000531386	873.688	7.38036e-06	2.40849
0.000546146	861.21	7.38036e-06	2.3747
0.000560907	847.42	7.38036e-06	2.31719
0.000575668	833.98	7.38036e-06	2.27306
0.000590429	820.302	7.38036e-06	2.19661
0.000605189	806.309	7.38036e-06	2.15278
0.00061995	792.739	7.38036e-06	2.11639
0.000634711	779.08	7.38036e-06	2.08225
0.000649471	765.358	7.38036e-06	2.04691
0.000664232	751.185	7.38036e-06	2.00835
0.000678993	736.963	7.38036e-06	1.97204
0.000693754	722.821	7.38036e-06	1.93444
0.000708514	708.646	7.38036e-06	1.90011
0.000723275	693.667	7.38036e-06	1.85219
0.000738036	679.142	7.38036e-06	1.8156
0.000752797	664.9	7.38036e-06	1.78349
0.000767557	649.841	7.38036e-06	1.74506
0.000782318	634.898	7.38036e-06	1.70578
0.000797079	620.115	7.38036e-06	1.66542
0.000811839	605.709	7.38036e-06	1.63346
0.0008266	591.349	7.38036e-06	1.60086
0.000841361	576.582	7.38036e-06	1.55818
0.000856122	561.813	7.38036e-06	1.50956
0.000870882	547.169	7.38036e-06	1.46631
0.000885643	532.261	7.38036e-06	1.42046
0.000900404	518.244	7.38036e-06	1.38826
0.000915164	504.342	7.38036e-06	1.35895
0.000929925	490.379	7.38036e-06	1.32845
0.000944686	476.259	7.38036e-06	1.2921
0.000959447	462.684	7.38036e-06	1.26262
0.000974207	448.874	7.38036e-06	1.23164
0.000988968	435.221	7.38036e-06	1.19938
0.00100373	421.736	7.38036e-06	1.16755
0.00101849	408.466	7.38036e-06	1.13974
0.00103325	395.504	7.38036e-06	1.11196
0.00104801	382.392	7.38036e-06	1.0802
0.00106277	369.534	7.38036e-06	1.05232
0.00107753	357.077	7.38036e-06	1.02437
0.00109229	344.85	7.38036e-06	0.993568
0.00110705	332.973	7.38036e-06	0.969366
0.00112181	320.928	7.38036e-06	0.943236
0.00113658	309.191	7.38036e-06	0.919352
0.00115134	297.769	7.38036e-06	0.893566
0.0011661	286.564	7.38036e-06	0.870517
0.00118086	275.751	7.38036e-06	0.844656
0.00119562	265.186	7.38036e-06	0.823157
0.00121038	254.811	7.38036e-06	0.802044
0.00122514	244.652	7.38036e-06	0.782463
0.0012399	234.838	7.38036e-06	0.762875
0.00125466	225.219	7.38036e-06	0.744149
0.00126942	216.032	7.38036e-06	0.728031
0.00128418	206.884	7.38036e-06	0.706209
0.00129894	197.836	7.38036e-06	0.680109
0.0013137	189.213	7.38036e-06	0.664371
0.00132846	180.933	7.38036e-06	0.649113
0.00134323	172.896	7.38036e-06	0.633989
0.00135799	165.065	7.38036e-06	0.619266
0.00137275	157.44	7.38036e-06	0.604055
0.00138751	150.353	7.38036e-06	0.592353
0.00140227	143.086	7.38036e-06	0.573276
0.00141703	136.311	7.38036e-06	0.561817
0.00143179	129.765	7.38036e-06	0.549938
0.00144655	123.227	7.38036e-06	0.533155
0.00146131	117.016	7.38036e-06	0.521933
0.00147607	110.993	7.38036e-06	0.508111
0.00149083	104.924	7.38036e-06	0.470012
0.00150559	99.6015	7.38036e-06	0.460517
0.00152035	94.3186	7.38036e-06	0.450511
0.00153511	89.0895	7.38036e-06	0.386555
0.00154988	84.2433	7.38036e-06	0.376847
0.00156464	79.3944	7.38036e-06	0.35839
0.0015794	74.9236	7.38036e-06	0.344972
0.00159416	70.8308	7.38036e-06	0.336835
0.00160892	66.7804	7.38036e-06	0.325364
0.00162368	62.9161	7.38036e-06	0.315651
0.00163844	59.2634	7.38036e-06	0.307813
0.0016532	55.4245	7.38036e-06	0.271299
0.00166796	52.1303	7.38036e-06	0.261864
0.00168272	48.963	7.38036e-06	0.254237
0.00169748	45.8553	7.38036e-06	0.24346
0.00171224	43.012	7.38036e-06	0.236032
0.001727	40.3302	7.38036e-06	0.229927
0.00174176	37.7328	7.38036e-06	0.222386
0.00175653	35.3098	7.38036e-06	0.216092
0.00177129	32.9269	7.38036e-06	0.208869
0.00178605	30.7225	7.38036e-06	0.203172
0.00180081	28.6766	7.38036e-06	0.19799
0.00181557	26.6982	7.38036e-06	0.192801
0.00183033	24.7848	7.38036e-06	0.185777
0.00184509	23.0627	7.38036e-06	0.181311
0.00185985	21.2975	7.38036e-06	0.16969
0.00187461	19.7386	7.38036e-06	0.164109
0.00188937	18.3248	7.38036e-06	0.160623
0.00190413	17.0137	7.38036e-06	0.157191
0.00191889	15.7386	7.38036e-06	0.153358
0.00193365	14.4968	7.38036e-06	0.149289
0.00194841	13.2567	7.38036e-06	0.117651
0.00196318	12.2088	7.38036e-06	0.112979
0.00197794	11.2936	7.38036e-06	0.110056
0.0019927	10.3893	7.38036e-06	0.105736
0.00200746	9.55879	7.38036e-06	0.102884
0.00202222	8.68739	7.38036e-06	0.0809776
0.00203698	7.96095	7.38036e-06	0.0773622
0.00205174	7.29588	7.38036e-06	0.0743044
0.0020665	6.62488	7.38036e-06	0.06916
0.00208126	6.01544	7.38036e-06	0.0660786
0.00209602	5.46829	7.38036e-06	0.0624588
0.00211078	4.94837	7.38036e-06	0.0584113
0.00212554	4.47741	7.38036e-06	0.0541323
0.0021403	4.02684	7.38036e-06	0.050625
0.00215506	3.62063	7.38036e-06	0.0481313
0.00216983	3.24688	7.38036e-06	0.0443473
0.00218459	2.91133	7.38036e-06	0.0410442
0.00219935	2.61556	7.38036e-06	0.0389675
0.00221411	2.31299	7.38036e-06	0.0339596
0.00222887	2.05607	7.38036e-06	0.031712
0.00224363	1.82825	7.38036e-06	0.0296063
0.00225839	1.63594	7.38036e-06	0.0279497
0.00227315	1.43095	7.38036e-06	0.0261032
0.00228791	1.24728	7.38036e-06	0.0239971
0.00230267	1.09294	7.38036e-06	0.0223743
0.00231743	0.947768	7.38036e-06	0.0199775
0.00233219	0.810428	7.38036e-06	0.0182988
0.00234695	0.688166	7.38036e-06	0.0166093
0.00236171	0.581101	7.38036e-06	0.0151561
0.00237648	0.478653	7.38036e-06	0.0136344
0.00239124	0.40016	7.38036e-06	0.0123496
0.002406	0.328488	7.38036e-06	0.0110704
0.00242076	0.269035	7.38036e-06	0.00995878
0.00243552	0.211297	7.38036e-06	0.00873078
0.00245028	0.165808	7.38036e-06	0.00761526
0.00246504	0.126143	7.38036e-06	0.00658239
0.0024798	0.0932029	7.38036e-06	0.00560693
0.00249456	0.0732301	7.38036e-06	0.00493263
0.00250932	0.0469384	7.38036e-06	0.00394313
0.00252408	0.0270816	7.38036e-06	0.00296618
0.00253884	0.0143356	7.38036e-06	0.00215287
0.0025536	0.00560296	7.38036e-06	0.00132676
0.00256836	0.00131847	7.38036e-06	0.000660983
