0	1127.32	7.37779e-06	3.95064
1.47556e-05	1127.12	7.37779e-06	3.92485
2.95111e-05	1126.6	7.37779e-06	3.90627
4.42667e-05	1125.89	7.37779e-06	3.89367
5.90223e-05	1124.58	7.37779e-06	3.87111
7.37779e-05	1122.76	7.37779e-06	3.84419
8.85334e-05	1120.39	7.37779e-06	3.8114
0.000103289	1117.88	7.37779e-06	3.78275
0.000118045	1113.63	7.37779e-06	3.71413
0.0001328	1110.17	7.37779e-06	3.68329
0.000147556	1106.15	7.37779e-06	3.64238
0.000162311	1102.02	7.37779e-06	3.61389
0.000177067	1097.07	7.37779e-06	3.5709
0.000191822	1091.44	7.37779e-06	3.51498
0.000206578	1085.12	7.37779e-06	3.38345
0.000221334	1079.3	7.37779e-06	3.35105
0.000236089	1072.67	7.37779e-06	3.30846
0.000250845	1065.55	7.37779e-06	3.26304
0.0002656	1059.13	7.37779e-06	3.23518
0.000280356	1052.1	7.37779e-06	3.20447
0.000295111	1044.46	7.37779e-06	3.17185
0.000309867	1036.14	7.37779e-06	3.11027
0.000324623	1027.94	7.37779e-06	3.07661
0.000339378	1019.1	7.37779e-06	3.03437
0.000354134	1009.33	7.37779e-06	2.98754
0.000368889	999.637	7.37779e-06	2.95124
0.000383645	989.722	7.37779e-06	2.91148
0.0003984	979.477	7.37779e-06	2.87577
0.000413156	968.853	7.37779e-06	2.83498
0.000427912	956.902	7.37779e-06	2.75381
0.000442667	945.803	7.37779e-06	2.71679
0.000457423	934.532	7.37779e-06	2.68091
0.000472178	922.819	7.37779e-06	2.62986
0.000486934	910.954	7.37779e-06	2.595
0.000501689	899.074	7.37779e-06	2.56093
0.000516445	887.189	7.37779e-06	2.5286
0.000531201	874.792	7.37779e-06	2.49383
0.000545956	861.779	7.37779e-06	2.44373
0.000560712	848.862	7.37779e-06	2.40886
0.000575467	835.617	7.37779e-06	2.36931
0.000590223	822.534	7.37779e-06	2.33597
0.000604978	808.841	7.37779e-06	2.28346
0.000619734	794.664	7.37779e-06	2.21224
0.00063449	780.447	7.37779e-06	2.17065
0.000649245	766.817	7.37779e-06	2.13723
0.000664001	752.4	7.37779e-06	2.08322
0.000678756	737.613	7.37779e-06	2.03657
0.000693512	723.069	7.37779e-06	1.99755
0.000708267	708.707	7.37779e-06	1.95971
0.000723023	694.123	7.37779e-06	1.92495
0.000737779	679.425	7.37779e-06	1.88585
0.000752534	664.877	7.37779e-06	1.85076
0.00076729	650.054	7.37779e-06	1.81581
0.000782045	635.694	7.37779e-06	1.7835
0.000796801	621.256	7.37779e-06	1.75173
0.000811556	606.916	7.37779e-06	1.72218
0.000826312	592.122	7.37779e-06	1.68896
0.000841068	577.584	7.37779e-06	1.65927
0.000855823	563.103	7.37779e-06	1.62978
0.000870579	548.301	7.37779e-06	1.59109
0.000885334	534.045	7.37779e-06	1.56204
0.00090009	519.711	7.37779e-06	1.53283
0.000914845	505.279	7.37779e-06	1.5005
0.000929601	491.403	7.37779e-06	1.46868
0.000944357	477.097	7.37779e-06	1.42733
0.000959112	463.105	7.37779e-06	1.39811
0.000973868	448.515	7.37779e-06	1.23983
0.000988623	434.838	7.37779e-06	1.18866
0.00100338	421.52	7.37779e-06	1.16123
0.00101813	407.307	7.37779e-06	1.08393
0.00103289	394.006	7.37779e-06	1.05389
0.00104765	381.42	7.37779e-06	1.02614
0.0010624	368.696	7.37779e-06	0.994705
0.00107716	356.396	7.37779e-06	0.970437
0.00109191	344.469	7.37779e-06	0.947486
0.00110667	332.11	7.37779e-06	0.898038
0.00112142	320.23	7.37779e-06	0.872874
0.00113618	308.474	7.37779e-06	0.846051
0.00115093	297.252	7.37779e-06	0.822009
0.00116569	286.071	7.37779e-06	0.799154
0.00118045	275.015	7.37779e-06	0.772832
0.0011952	264.419	7.37779e-06	0.731898
0.00120996	254.166	7.37779e-06	0.711458
0.00122471	243.689	7.37779e-06	0.683352
0.00123947	233.641	7.37779e-06	0.660745
0.00125422	224.154	7.37779e-06	0.640463
0.00126898	214.7	7.37779e-06	0.61925
0.00128373	205.83	7.37779e-06	0.600924
0.00129849	196.985	7.37779e-06	0.582052
0.00131325	188.471	7.37779e-06	0.563279
0.001328	180.118	7.37779e-06	0.545061
0.00134276	171.988	7.37779e-06	0.527343
0.00135751	164.251	7.37779e-06	0.510282
0.00137227	156.43	7.37779e-06	0.489061
0.00138702	149.098	7.37779e-06	0.473643
0.00140178	141.827	7.37779e-06	0.457534
0.00141653	134.987	7.37779e-06	0.442187
0.00143129	128.214	7.37779e-06	0.426767
0.00144605	121.834	7.37779e-06	0.413119
0.0014608	115.768	7.37779e-06	0.399575
0.00147556	109.951	7.37779e-06	0.386623
0.00149031	104.37	7.37779e-06	0.373719
0.00150507	98.9683	7.37779e-06	0.36228
0.00151982	93.7194	7.37779e-06	0.346762
0.00153458	88.8258	7.37779e-06	0.336674
0.00154934	83.8472	7.37779e-06	0.316667
0.00156409	79.1773	7.37779e-06	0.305396
0.00157885	74.7137	7.37779e-06	0.293473
0.0015936	70.5866	7.37779e-06	0.283198
0.00160836	66.4679	7.37779e-06	0.274382
0.00162311	62.6508	7.37779e-06	0.26303
0.00163787	59.0082	7.37779e-06	0.253541
0.00165262	55.4183	7.37779e-06	0.242948
0.00166738	52.1394	7.37779e-06	0.23557
0.00168214	48.8925	7.37779e-06	0.227662
0.00169689	45.8647	7.37779e-06	0.220013
0.00171165	43.0626	7.37779e-06	0.213903
0.0017264	40.3575	7.37779e-06	0.20709
0.00174116	37.8121	7.37779e-06	0.201167
0.00175591	35.3226	7.37779e-06	0.193962
0.00177067	33.0098	7.37779e-06	0.188953
0.00178542	30.8749	7.37779e-06	0.184168
0.00180018	28.804	7.37779e-06	0.17855
0.00181494	26.7461	7.37779e-06	0.159168
0.00182969	24.8783	7.37779e-06	0.151593
0.00184445	23.1586	7.37779e-06	0.147176
0.0018592	21.5217	7.37779e-06	0.136391
0.00187396	19.9639	7.37779e-06	0.131742
0.00188871	18.4801	7.37779e-06	0.124429
0.00190347	17.0622	7.37779e-06	0.120134
0.00191822	15.8188	7.37779e-06	0.115696
0.00193298	14.5501	7.37779e-06	0.0981245
0.00194774	13.4069	7.37779e-06	0.0933308
0.00196249	12.2959	7.37779e-06	0.0887274
0.00197725	11.3101	7.37779e-06	0.084266
0.001992	10.3923	7.37779e-06	0.0809998
0.00200676	9.5381	7.37779e-06	0.0771704
0.00202151	8.72202	7.37779e-06	0.0729285
0.00203627	8.00639	7.37779e-06	0.0697796
0.00205102	7.27764	7.37779e-06	0.0666106
0.00206578	6.61293	7.37779e-06	0.0573906
0.00208054	6.05214	7.37779e-06	0.0548186
0.00209529	5.49705	7.37779e-06	0.0511529
0.00211005	4.99413	7.37779e-06	0.0485608
0.0021248	4.53547	7.37779e-06	0.0462245
0.00213956	4.09528	7.37779e-06	0.0435505
0.00215431	3.68224	7.37779e-06	0.0407374
0.00216907	3.31991	7.37779e-06	0.0382685
0.00218382	2.98337	7.37779e-06	0.0355334
0.00219858	2.67612	7.37779e-06	0.033324
0.00221334	2.38431	7.37779e-06	0.0312026
0.00222809	2.12678	7.37779e-06	0.0292489
0.00224285	1.8849	7.37779e-06	0.0273472
0.0022576	1.65308	7.37779e-06	0.0253434
0.00227236	1.45652	7.37779e-06	0.023609
0.00228711	1.27258	7.37779e-06	0.0219412
0.00230187	1.1022	7.37779e-06	0.0201656
0.00231662	0.960298	7.37779e-06	0.0186648
0.00233138	0.825962	7.37779e-06	0.0172218
0.00234614	0.71062	7.37779e-06	0.0159211
0.00236089	0.597886	7.37779e-06	0.014487
0.00237565	0.50904	7.37779e-06	0.0133148
0.0023904	0.417534	7.37779e-06	0.0119731
0.00240516	0.345131	7.37779e-06	0.0108124
0.00241991	0.281067	7.37779e-06	0.00968133
0.00243467	0.223212	7.37779e-06	0.00859657
0.00244942	0.1758	7.37779e-06	0.00755144
0.00246418	0.132816	7.37779e-06	0.00650626
0.00247894	0.0939549	7.37779e-06	0.00541086
0.00249369	0.0670335	7.37779e-06	0.00452841
0.00250845	0.0442558	7.37779e-06	0.00366342
0.0025232	0.0269673	7.37779e-06	0.00284198
0.00253796	0.0151301	7.37779e-06	0.00212704
0.00255271	0.00678837	7.37779e-06	0.00141919
0.00256747	0.00209615	7.37779e-06	0.000793465
