0	1125.82	7.37223e-06	3.89103
1.47445e-05	1125.57	7.37223e-06	3.85382
2.94889e-05	1125.29	7.37223e-06	3.84829
4.42334e-05	1124.34	7.37223e-06	3.82319
5.89778e-05	1123.17	7.37223e-06	3.8047
7.37223e-05	1121.18	7.37223e-06	3.7726
8.84668e-05	1118.19	7.37223e-06	3.71518
0.000103211	1115.55	7.37223e-06	3.6877
0.000117956	1111.83	7.37223e-06	3.6163
0.0001327	1108.59	7.37223e-06	3.59028
0.000147445	1104.81	7.37223e-06	3.55715
0.000162189	1100.34	7.37223e-06	3.5222
0.000176934	1095.55	7.37223e-06	3.48686
0.000191678	1089.37	7.37223e-06	3.40342
0.000206422	1083.71	7.37223e-06	3.36483
0.000221167	1078.15	7.37223e-06	3.33651
0.000235911	1072.08	7.37223e-06	3.30253
0.000250656	1065.08	7.37223e-06	3.26621
0.0002654	1058.45	7.37223e-06	3.23853
0.000280145	1051.34	7.37223e-06	3.20665
0.000294889	1043.94	7.37223e-06	3.17608
0.000309634	1035.72	7.37223e-06	3.14183
0.000324378	1026.91	7.37223e-06	3.08431
0.000339123	1017.96	7.37223e-06	3.04743
0.000353867	1008.7	7.37223e-06	3.01176
0.000368611	998.241	7.37223e-06	2.94432
0.000383356	988.469	7.37223e-06	2.90822
0.0003981	978.733	7.37223e-06	2.87649
0.000412845	968.479	7.37223e-06	2.84321
0.000427589	958.331	7.37223e-06	2.81252
0.000442334	947.214	7.37223e-06	2.77382
0.000457078	935.715	7.37223e-06	2.71572
0.000471823	924.189	7.37223e-06	2.68045
0.000486567	911.756	7.37223e-06	2.62603
0.000501312	899.65	7.37223e-06	2.58401
0.000516056	887.023	7.37223e-06	2.54384
0.000530801	874.521	7.37223e-06	2.50979
0.000545545	861.312	7.37223e-06	2.46255
0.000560289	848.526	7.37223e-06	2.42779
0.000575034	834.943	7.37223e-06	2.39124
0.000589778	822.003	7.37223e-06	2.36017
0.000604523	808.337	7.37223e-06	2.32395
0.000619267	794.439	7.37223e-06	2.28665
0.000634012	780.793	7.37223e-06	2.24949
0.000648756	766.042	7.37223e-06	2.16153
0.000663501	751.788	7.37223e-06	2.12579
0.000678245	737.804	7.37223e-06	2.09375
0.00069299	723.482	7.37223e-06	2.06039
0.000707734	709.049	7.37223e-06	2.01983
0.000722478	694.808	7.37223e-06	1.98734
0.000737223	680.668	7.37223e-06	1.95738
0.000751967	666.214	7.37223e-06	1.92193
0.000766712	651.31	7.37223e-06	1.8843
0.000781456	636.53	7.37223e-06	1.84842
0.000796201	621.943	7.37223e-06	1.81556
0.000810945	606.784	7.37223e-06	1.76942
0.00082569	592.494	7.37223e-06	1.74132
0.000840434	577.625	7.37223e-06	1.6722
0.000855179	563.024	7.37223e-06	1.63955
0.000869923	548.851	7.37223e-06	1.60978
0.000884668	534.341	7.37223e-06	1.57943
0.000899412	520.076	7.37223e-06	1.54829
0.000914156	505.992	7.37223e-06	1.51995
0.000928901	492.035	7.37223e-06	1.49216
0.000943645	478.146	7.37223e-06	1.46382
0.00095839	464.33	7.37223e-06	1.43556
0.000973134	450.005	7.37223e-06	1.31811
0.000987879	436.337	7.37223e-06	1.28857
0.00100262	423.057	7.37223e-06	1.26101
0.00101737	410.051	7.37223e-06	1.23598
0.00103211	396.429	7.37223e-06	1.16849
0.00104686	383.453	7.37223e-06	1.13848
0.0010616	371.155	7.37223e-06	1.11608
0.00107635	358.813	7.37223e-06	1.09031
0.00109109	346.65	7.37223e-06	1.06235
0.00110583	334.576	7.37223e-06	1.03763
0.00112058	322.732	7.37223e-06	1.01437
0.00113532	310.994	7.37223e-06	0.990939
0.00115007	299.653	7.37223e-06	0.969799
0.00116481	288.64	7.37223e-06	0.945829
0.00117956	277.428	7.37223e-06	0.915
0.0011943	266.796	7.37223e-06	0.895295
0.00120905	255.97	7.37223e-06	0.870898
0.00122379	245.872	7.37223e-06	0.801334
0.00123853	236.199	7.37223e-06	0.782581
0.00125328	226.493	7.37223e-06	0.764053
0.00126802	217.076	7.37223e-06	0.746387
0.00128277	207.784	7.37223e-06	0.721514
0.00129751	198.881	7.37223e-06	0.703595
0.00131226	190.02	7.37223e-06	0.678591
0.001327	181.701	7.37223e-06	0.654787
0.00134175	173.481	7.37223e-06	0.635829
0.00135649	165.662	7.37223e-06	0.622066
0.00137123	157.921	7.37223e-06	0.604093
0.00138598	150.411	7.37223e-06	0.551212
0.00140072	143.243	7.37223e-06	0.536188
0.00141547	136.174	7.37223e-06	0.512976
0.00143021	129.43	7.37223e-06	0.497311
0.00144496	123.056	7.37223e-06	0.482667
0.0014597	116.77	7.37223e-06	0.457498
0.00147445	110.757	7.37223e-06	0.445011
0.00148919	105.054	7.37223e-06	0.432486
0.00150393	99.4907	7.37223e-06	0.419053
0.00151868	94.3691	7.37223e-06	0.408679
0.00153342	89.3217	7.37223e-06	0.396105
0.00154817	84.304	7.37223e-06	0.374985
0.00156291	79.788	7.37223e-06	0.366082
0.00157766	75.1095	7.37223e-06	0.333806
0.0015924	70.8905	7.37223e-06	0.324301
0.00160715	66.7773	7.37223e-06	0.311861
0.00162189	62.8952	7.37223e-06	0.302484
0.00163663	59.171	7.37223e-06	0.276932
0.00165138	55.6095	7.37223e-06	0.266607
0.00166612	52.1895	7.37223e-06	0.255591
0.00168087	48.9282	7.37223e-06	0.239883
0.00169561	45.9122	7.37223e-06	0.231729
0.00171036	43.0583	7.37223e-06	0.224098
0.0017251	40.3043	7.37223e-06	0.214015
0.00173985	37.6872	7.37223e-06	0.205863
0.00175459	35.2062	7.37223e-06	0.196479
0.00176934	32.85	7.37223e-06	0.187179
0.00178408	30.6715	7.37223e-06	0.179017
0.00179882	28.5317	7.37223e-06	0.170284
0.00181357	26.5799	7.37223e-06	0.162772
0.00182831	24.7322	7.37223e-06	0.156254
0.00184306	23.0205	7.37223e-06	0.150228
0.0018578	21.3869	7.37223e-06	0.14461
0.00187255	19.8677	7.37223e-06	0.13901
0.00188729	18.4073	7.37223e-06	0.133831
0.00190204	17.0901	7.37223e-06	0.129532
0.00191678	15.832	7.37223e-06	0.12442
0.00193152	14.6016	7.37223e-06	0.119037
0.00194627	13.462	7.37223e-06	0.114172
0.00196101	12.3395	7.37223e-06	0.106994
0.00197576	11.3253	7.37223e-06	0.101977
0.0019905	10.4048	7.37223e-06	0.0980397
0.00200525	9.5455	7.37223e-06	0.0945335
0.00201999	8.81312	7.37223e-06	0.0915457
0.00203474	8.01721	7.37223e-06	0.0826241
0.00204948	7.3221	7.37223e-06	0.0744771
0.00206422	6.69669	7.37223e-06	0.0707369
0.00207897	6.08573	7.37223e-06	0.0664466
0.00209371	5.52535	7.37223e-06	0.0634383
0.00210846	5.04687	7.37223e-06	0.0607269
0.0021232	4.58673	7.37223e-06	0.0581262
0.00213795	4.14865	7.37223e-06	0.0533678
0.00215269	3.7365	7.37223e-06	0.0499365
0.00216744	3.34547	7.37223e-06	0.0467889
0.00218218	2.99739	7.37223e-06	0.044421
0.00219692	2.68682	7.37223e-06	0.0408394
0.00221167	2.40409	7.37223e-06	0.0384047
0.00222641	2.14686	7.37223e-06	0.036064
0.00224116	1.90632	7.37223e-06	0.0330058
0.0022559	1.68134	7.37223e-06	0.0308549
0.00227065	1.49446	7.37223e-06	0.029229
0.00228539	1.30619	7.37223e-06	0.0267909
0.00230014	1.12607	7.37223e-06	0.0243477
0.00231488	0.98903	7.37223e-06	0.0223349
0.00232962	0.86462	7.37223e-06	0.0210613
0.00234437	0.745681	7.37223e-06	0.0188497
0.00235911	0.640832	7.37223e-06	0.0174362
0.00237386	0.540696	7.37223e-06	0.0158353
0.0023886	0.457159	7.37223e-06	0.0142734
0.00240335	0.372048	7.37223e-06	0.0126806
0.00241809	0.317034	7.37223e-06	0.0115475
0.00243284	0.255509	7.37223e-06	0.0101766
0.00244758	0.204715	7.37223e-06	0.00903299
0.00246232	0.153452	7.37223e-06	0.00763685
0.00247707	0.113939	7.37223e-06	0.00648939
0.00249181	0.0848966	7.37223e-06	0.00548773
0.00250656	0.0606156	7.37223e-06	0.00462364
0.0025213	0.0424138	7.37223e-06	0.00389693
0.00253605	0.0212393	7.37223e-06	0.00268977
0.00255079	0.0078342	7.37223e-06	0.00161472
0.00256554	0.00361041	7.37223e-06	0.00109349
0.00258028	0.000320884	7.37223e-06	0.000320889
