7.38094e-06	0.361004	7.38094e-06	0.227349
2.21428e-05	0.576316	7.38094e-06	0.240772
3.69047e-05	2.08623	7.38094e-06	0.419179
5.16666e-05	5.41929	7.38094e-06	0.814725
6.64285e-05	10.6045	7.38094e-06	1.4174
8.11904e-05	12.0804	7.38094e-06	1.24677
9.59523e-05	21.9383	7.38094e-06	2.67787
0.000110714	24.1427	7.38094e-06	2.05654
0.000125476	29.3292	7.38094e-06	2.21391
0.000140238	35.5447	7.38094e-06	2.11217
0.000155	42.1887	7.38094e-06	2.15803
0.000169762	53.3581	7.38094e-06	2.72086
0.000184524	66.8773	7.38094e-06	3.45984
0.000199285	67.5461	7.38094e-06	2.62115
0.000214047	85.8876	7.38094e-06	3.35659
0.000228809	103.157	7.38094e-06	5.60314
0.000243571	107.303	7.38094e-06	3.82724
0.000258333	128.776	7.38094e-06	6.81922
0.000273095	138.808	7.38094e-06	4.30348
0.000287857	169.324	7.38094e-06	11.0961
0.000302619	156.429	7.38094e-06	5.7995
0.000317381	183.028	7.38094e-06	5.66497
0.000332142	199.69	7.38094e-06	5.3163
0.000346904	211.911	7.38094e-06	5.56574
0.000361666	225.791	7.38094e-06	5.63026
0.000376428	241.733	7.38094e-06	5.54177
0.00039119	275.382	7.38094e-06	10.0808
0.000405952	298.122	7.38094e-06	9.02005
0.000420714	306.147	7.38094e-06	6.79238
0.000435476	312.34	7.38094e-06	6.66579
0.000450238	336.746	7.38094e-06	7.24586
0.000464999	363.454	7.38094e-06	9.76356
0.000479761	389.004	7.38094e-06	8.37788
0.000494523	404.836	7.38094e-06	8.27837
0.000509285	426.079	7.38094e-06	7.75715
0.000524047	447.227	7.38094e-06	8.02947
0.000538809	454.999	7.38094e-06	7.58405
0.000553571	497.549	7.38094e-06	11.2142
0.000568333	515.775	7.38094e-06	10.9226
0.000583095	521.065	7.38094e-06	8.99695
0.000597856	560.037	7.38094e-06	17.7866
0.000612618	558.319	7.38094e-06	10.0948
0.00062738	578.594	7.38094e-06	10.0338
0.000642142	601.498	7.38094e-06	9.04296
0.000656904	639.41	7.38094e-06	10.5185
0.000671666	641.15	7.38094e-06	9.73175
0.000686428	659.153	7.38094e-06	10.1464
0.00070119	678.176	7.38094e-06	10.7313
0.000715952	718.892	7.38094e-06	10.9335
0.000730713	730.428	7.38094e-06	10.154
0.000745475	749.138	7.38094e-06	10.779
0.000760237	753.482	7.38094e-06	10.5015
0.000774999	753.409	7.38094e-06	10.1934
0.000789761	769.824	7.38094e-06	11.6691
0.000804523	795.355	7.38094e-06	10.4856
0.000819285	804.819	7.38094e-06	11.6062
0.000834047	840.864	7.38094e-06	11.8306
0.000848809	835.155	7.38094e-06	12.3239
0.00086357	847.577	7.38094e-06	12.1334
0.000878332	855.344	7.38094e-06	11.7666
0.000893094	840.138	7.38094e-06	10.6613
0.000907856	885.469	7.38094e-06	12.2071
0.000922618	866.684	7.38094e-06	11.1827
0.00093738	880.486	7.38094e-06	11.3174
0.000952142	897.499	7.38094e-06	11.5045
0.000966904	898.532	7.38094e-06	12.8021
0.000981665	908.36	7.38094e-06	12.9708
0.000996427	919.884	7.38094e-06	12.8856
0.00101119	907.169	7.38094e-06	10.8192
0.00102595	922.494	7.38094e-06	18.7611
0.00104071	924.538	7.38094e-06	11.6686
0.00105547	895.334	7.38094e-06	11.6729
0.00107024	899.597	7.38094e-06	10.4627
0.001085	910.873	7.38094e-06	14.3091
0.00109976	897.055	7.38094e-06	10.8862
0.00111452	913.728	7.38094e-06	11.9496
0.00112928	904.652	7.38094e-06	11.7436
0.00114405	894.514	7.38094e-06	19.1555
0.00115881	898.078	7.38094e-06	12.2507
0.00117357	880.711	7.38094e-06	14.1202
0.00118833	852.486	7.38094e-06	10.837
0.00120309	833.914	7.38094e-06	10.2851
0.00121786	831.193	7.38094e-06	10.5375
0.00123262	833.145	7.38094e-06	11.1612
0.00124738	820.358	7.38094e-06	11.2775
0.00126214	792.376	7.38094e-06	10.0789
0.0012769	790.747	7.38094e-06	11.856
0.00129167	762.879	7.38094e-06	9.44155
0.00130643	768.72	7.38094e-06	9.79131
0.00132119	760.619	7.38094e-06	20.7942
0.00133595	736.48	7.38094e-06	11.1125
0.00135071	704.859	7.38094e-06	8.95613
0.00136547	702.665	7.38094e-06	9.56322
0.00138024	676.586	7.38094e-06	8.59562
0.001395	669.185	7.38094e-06	8.46783
0.00140976	657.708	7.38094e-06	8.74076
0.00142452	637.624	7.38094e-06	9.12559
0.00143928	618.404	7.38094e-06	8.71821
0.00145405	631.069	7.38094e-06	10.7876
0.00146881	591.21	7.38094e-06	8.12563
0.00148357	561.052	7.38094e-06	8.80535
0.00149833	571.349	7.38094e-06	15.2559
0.00151309	550.484	7.38094e-06	10.9296
0.00152786	537.33	7.38094e-06	9.39764
0.00154262	518.015	7.38094e-06	11.4808
0.00155738	491.011	7.38094e-06	7.795
0.00157214	492.974	7.38094e-06	8.8382
0.0015869	457.709	7.38094e-06	7.49246
0.00160166	465.214	7.38094e-06	9.61549
0.00161643	421.993	7.38094e-06	6.85076
0.00163119	409.524	7.38094e-06	7.17528
0.00164595	410.313	7.38094e-06	6.84246
0.00166071	378.496	7.38094e-06	6.78739
0.00167547	363.038	7.38094e-06	6.21365
0.00169024	348.689	7.38094e-06	6.21572
0.001705	337.461	7.38094e-06	6.88494
0.00171976	317.343	7.38094e-06	6.3899
0.00173452	303.39	7.38094e-06	5.78938
0.00174928	296.004	7.38094e-06	6.12734
0.00176405	281.958	7.38094e-06	7.81261
0.00177881	262.769	7.38094e-06	5.25283
0.00179357	264.25	7.38094e-06	8.35038
0.00180833	242.229	7.38094e-06	5.0389
0.00182309	226.884	7.38094e-06	5.27676
0.00183785	211.046	7.38094e-06	4.70318
0.00185262	217.641	7.38094e-06	7.68608
0.00186738	189.9	7.38094e-06	4.09142
0.00188214	185.395	7.38094e-06	4.73069
0.0018969	175.655	7.38094e-06	3.85174
0.00191166	168.757	7.38094e-06	4.45202
0.00192643	153.635	7.38094e-06	3.8027
0.00194119	163.171	7.38094e-06	5.46199
0.00195595	145.314	7.38094e-06	5.61331
0.00197071	135.467	7.38094e-06	3.79011
0.00198547	120.143	7.38094e-06	3.16948
0.00200024	114.503	7.38094e-06	2.93039
0.002015	110.486	7.38094e-06	3.55011
0.00202976	104.072	7.38094e-06	3.16005
0.00204452	89.2502	7.38094e-06	2.74936
0.00205928	88.9468	7.38094e-06	2.86585
0.00207405	82.7576	7.38094e-06	2.61164
0.00208881	81.0782	7.38094e-06	2.8009
0.00210357	72.6379	7.38094e-06	2.95676
0.00211833	74.527	7.38094e-06	3.35217
0.00213309	60.9677	7.38094e-06	2.1693
0.00214785	56.9756	7.38094e-06	2.09826
0.00216262	55.482	7.38094e-06	2.61558
0.00217738	51.4554	7.38094e-06	2.25858
0.00219214	44.7417	7.38094e-06	1.80161
0.0022069	39.3182	7.38094e-06	1.76927
0.00222166	39.4799	7.38094e-06	1.84255
0.00223643	38.6077	7.38094e-06	1.718
0.00225119	33.7637	7.38094e-06	1.60688
0.00226595	29.1412	7.38094e-06	1.39783
0.00228071	28.1145	7.38094e-06	1.52024
0.00229547	25.0403	7.38094e-06	1.32091
0.00231024	24.0097	7.38094e-06	1.3087
0.002325	20.7849	7.38094e-06	1.16674
0.00233976	19.5427	7.38094e-06	1.12873
0.00235452	17.6627	7.38094e-06	1.04623
0.00236928	16.745	7.38094e-06	1.06816
0.00238404	14.3527	7.38094e-06	0.951959
0.00239881	12.2786	7.38094e-06	0.885984
0.00241357	9.31306	7.38094e-06	0.766468
0.00242833	10.1104	7.38094e-06	0.776303
0.00244309	8.62709	7.38094e-06	0.70853
0.00245785	6.40398	7.38094e-06	0.617013
0.00247262	6.61384	7.38094e-06	0.615915
0.00248738	5.63215	7.38094e-06	0.574718
0.00250214	3.39577	7.38094e-06	0.434076
0.0025169	3.88044	7.38094e-06	0.467265
0.00253166	1.94917	7.38094e-06	0.328117
0.00254643	1.46089	7.38094e-06	0.283486
0.00256119	0.736671	7.38094e-06	0.197676
0.00257595	0.306401	7.38094e-06	0.125203
