7.36468e-06	0.104725	7.36468e-06	0.0743663
2.2094e-05	0.432614	7.36468e-06	0.136163
3.68234e-05	2.21139	7.36468e-06	0.426603
5.15528e-05	5.79751	7.36468e-06	1.04814
6.62821e-05	7.58296	7.36468e-06	0.706613
8.10115e-05	10.5959	7.36468e-06	0.907362
9.57409e-05	16.7526	7.36468e-06	1.13364
0.00011047	21.84	7.36468e-06	2.01682
0.0001252	29.2318	7.36468e-06	1.94382
0.000139929	35.2427	7.36468e-06	1.74051
0.000154658	48.0991	7.36468e-06	2.70961
0.000169388	52.4678	7.36468e-06	2.8582
0.000184117	62.9498	7.36468e-06	2.6409
0.000198846	72.482	7.36468e-06	2.73915
0.000213576	85.047	7.36468e-06	3.11852
0.000228305	94.4839	7.36468e-06	3.19732
0.000243035	106.648	7.36468e-06	3.70829
0.000257764	126.05	7.36468e-06	3.68264
0.000272493	135.335	7.36468e-06	3.97154
0.000287223	161.693	7.36468e-06	11.984
0.000301952	163.776	7.36468e-06	4.69691
0.000316681	174.646	7.36468e-06	4.47083
0.000331411	193.752	7.36468e-06	5.28225
0.00034614	215.834	7.36468e-06	5.61239
0.000360869	221.429	7.36468e-06	5.16774
0.000375599	261.08	7.36468e-06	7.01079
0.000390328	245.644	7.36468e-06	4.83145
0.000405058	284.06	7.36468e-06	7.02078
0.000419787	312.658	7.36468e-06	7.59011
0.000434516	316.261	7.36468e-06	5.74621
0.000449246	355.038	7.36468e-06	10.9797
0.000463975	355.38	7.36468e-06	6.54077
0.000478704	394.736	7.36468e-06	7.8768
0.000493434	400.051	7.36468e-06	6.75263
0.000508163	423.221	7.36468e-06	7.7308
0.000522892	458.889	7.36468e-06	9.93123
0.000537622	470.406	7.36468e-06	8.89193
0.000552351	494.27	7.36468e-06	7.95423
0.000567081	512.494	7.36468e-06	7.9836
0.00058181	523.223	7.36468e-06	8.28556
0.000596539	541.093	7.36468e-06	8.36026
0.000611269	562.839	7.36468e-06	9.9271
0.000625998	581.051	7.36468e-06	9.99639
0.000640727	592.291	7.36468e-06	8.77766
0.000655457	617.398	7.36468e-06	9.50522
0.000670186	655.728	7.36468e-06	12.0662
0.000684915	662.982	7.36468e-06	10.3025
0.000699645	686.219	7.36468e-06	11.1902
0.000714374	688.544	7.36468e-06	12.5778
0.000729104	715.017	7.36468e-06	10.9052
0.000743833	740.57	7.36468e-06	13.3693
0.000758562	771.367	7.36468e-06	12.8227
0.000773292	761.41	7.36468e-06	10.5309
0.000788021	787.785	7.36468e-06	10.7566
0.00080275	793.072	7.36468e-06	15.3843
0.00081748	806.095	7.36468e-06	11.0175
0.000832209	806.94	7.36468e-06	10.8373
0.000846938	826.267	7.36468e-06	11.8639
0.000861668	850.884	7.36468e-06	11.5391
0.000876397	882.559	7.36468e-06	17.8475
0.000891127	858.335	7.36468e-06	13.305
0.000905856	882.148	7.36468e-06	12.149
0.000920585	877.207	7.36468e-06	12.0764
0.000935315	925.739	7.36468e-06	18.4715
0.000950044	905.658	7.36468e-06	22.0055
0.000964773	900.75	7.36468e-06	14.3902
0.000979503	926.046	7.36468e-06	17.3589
0.000994232	902.835	7.36468e-06	12.8733
0.00100896	908.342	7.36468e-06	14.6625
0.00102369	908.109	7.36468e-06	12.7337
0.00103842	880.807	7.36468e-06	12.3215
0.00105315	890.028	7.36468e-06	12.091
0.00106788	929.359	7.36468e-06	14.6441
0.00108261	890.56	7.36468e-06	12.3678
0.00109734	882.408	7.36468e-06	12.7295
0.00111207	928.681	7.36468e-06	27.5325
0.0011268	895.016	7.36468e-06	12.6228
0.00114153	898.357	7.36468e-06	15.0687
0.00115626	922.196	7.36468e-06	18.5952
0.00117098	851.647	7.36468e-06	12.6586
0.00118571	844.384	7.36468e-06	11.5821
0.00120044	841.357	7.36468e-06	13.4568
0.00121517	865.094	7.36468e-06	13.9443
0.0012299	832.588	7.36468e-06	13.4177
0.00124463	815.247	7.36468e-06	12.0248
0.00125936	799.165	7.36468e-06	15.4771
0.00127409	811.854	7.36468e-06	18.2402
0.00128882	778.707	7.36468e-06	11.3886
0.00130355	744.766	7.36468e-06	10.825
0.00131828	784.627	7.36468e-06	16.6152
0.00133301	729.824	7.36468e-06	13.6901
0.00134774	725.496	7.36468e-06	12.037
0.00136247	717.64	7.36468e-06	14.0619
0.0013772	673.206	7.36468e-06	10.9667
0.00139192	667.263	7.36468e-06	12.2742
0.00140665	643.699	7.36468e-06	10.5515
0.00142138	652.228	7.36468e-06	13.7525
0.00143611	635.491	7.36468e-06	12.1217
0.00145084	605.384	7.36468e-06	9.33978
0.00146557	577.298	7.36468e-06	9.71885
0.0014803	593.105	7.36468e-06	11.4674
0.00149503	550.481	7.36468e-06	10.1529
0.00150976	550.816	7.36468e-06	20.5948
0.00152449	551.591	7.36468e-06	17.6227
0.00153922	522.037	7.36468e-06	10.3119
0.00155395	518.574	7.36468e-06	11.4556
0.00156868	458.518	7.36468e-06	8.53883
0.00158341	478.167	7.36468e-06	14.3699
0.00159814	446.657	7.36468e-06	10.686
0.00161287	430.338	7.36468e-06	9.25431
0.00162759	412.93	7.36468e-06	9.21898
0.00164232	390.287	7.36468e-06	8.87324
0.00165705	381.469	7.36468e-06	9.95971
0.00167178	373.99	7.36468e-06	12.0471
0.00168651	351.573	7.36468e-06	7.95703
0.00170124	368.361	7.36468e-06	24.086
0.00171597	314.785	7.36468e-06	8.36082
0.0017307	323.875	7.36468e-06	11.9072
0.00174543	296.492	7.36468e-06	10.593
0.00176016	282.876	7.36468e-06	8.94844
0.00177489	264.885	7.36468e-06	7.16678
0.00178962	248.903	7.36468e-06	7.42789
0.00180435	246.109	7.36468e-06	7.87987
0.00181908	213.66	7.36468e-06	5.42454
0.00183381	228.776	7.36468e-06	6.46626
0.00184854	197.651	7.36468e-06	5.59166
0.00186326	202.115	7.36468e-06	6.58951
0.00187799	187.084	7.36468e-06	6.36898
0.00189272	184.658	7.36468e-06	6.68339
0.00190745	165.042	7.36468e-06	6.21375
0.00192218	161.326	7.36468e-06	5.34219
0.00193691	160.954	7.36468e-06	8.16409
0.00195164	148.434	7.36468e-06	9.95523
0.00196637	137.262	7.36468e-06	7.4015
0.0019811	125.42	7.36468e-06	5.25676
0.00199583	114.965	7.36468e-06	4.09459
0.00201056	107.199	7.36468e-06	4.59673
0.00202529	98.8381	7.36468e-06	4.29743
0.00204002	99.1369	7.36468e-06	4.44329
0.00205475	97.9597	7.36468e-06	4.68894
0.00206948	86.7566	7.36468e-06	4.72381
0.00208421	84.0973	7.36468e-06	3.82668
0.00209893	68.7264	7.36468e-06	3.30746
0.00211366	69.5097	7.36468e-06	3.54317
0.00212839	72.6403	7.36468e-06	5.6773
0.00214312	58.9616	7.36468e-06	3.39734
0.00215785	55.8149	7.36468e-06	2.94118
0.00217258	58.9435	7.36468e-06	6.8963
0.00218731	44.9806	7.36468e-06	2.62481
0.00220204	47.4829	7.36468e-06	3.73691
0.00221677	36.7933	7.36468e-06	2.1381
0.0022315	35.3329	7.36468e-06	2.14453
0.00224623	34.361	7.36468e-06	2.72025
0.00226096	30.1794	7.36468e-06	2.71836
0.00227569	25.1228	7.36468e-06	2.04063
0.00229042	23.0251	7.36468e-06	1.70352
0.00230515	21.5356	7.36468e-06	1.68808
0.00231987	17.8416	7.36468e-06	1.53911
0.0023346	24.1634	7.36468e-06	3.36537
0.00234933	19.6329	7.36468e-06	1.95194
0.00236406	12.9376	7.36468e-06	1.25079
0.00237879	13.5045	7.36468e-06	1.60158
0.00239352	15.189	7.36468e-06	4.15571
0.00240825	9.03142	7.36468e-06	1.08137
0.00242298	8.52018	7.36468e-06	1.29814
0.00243771	8.48833	7.36468e-06	1.17118
0.00245244	8.0067	7.36468e-06	2.02938
0.00246717	5.24838	7.36468e-06	0.80656
0.0024819	4.89207	7.36468e-06	1.14464
0.00249663	3.52923	7.36468e-06	0.68413
0.00251136	2.48147	7.36468e-06	0.652339
0.00252609	2.44112	7.36468e-06	0.615549
0.00254082	0.853221	7.36468e-06	0.310549
0.00255554	1.09625	7.36468e-06	0.380898
0.00257027	0.617994	7.36468e-06	0.379486
