7.37495e-06	0	7.37495e-06	0
2.21248e-05	1.05475	7.37495e-06	0.303238
3.68747e-05	2.13845	7.37495e-06	0.400999
5.16246e-05	4.36471	7.37495e-06	0.635761
6.63745e-05	9.09888	7.37495e-06	0.961942
8.11244e-05	10.7599	7.37495e-06	0.974453
9.58743e-05	18.2924	7.37495e-06	1.23912
0.000110624	22.2034	7.37495e-06	1.31941
0.000125374	33.0945	7.37495e-06	2.20919
0.000140124	34.742	7.37495e-06	1.99662
0.000154874	42.1752	7.37495e-06	2.65769
0.000169624	51.1248	7.37495e-06	2.35415
0.000184374	60.8496	7.37495e-06	2.43978
0.000199124	69.8606	7.37495e-06	3.26766
0.000213873	87.8477	7.37495e-06	4.13411
0.000228623	97.1422	7.37495e-06	3.95087
0.000243373	110.638	7.37495e-06	5.22881
0.000258123	122.76	7.37495e-06	4.20645
0.000272873	131.413	7.37495e-06	4.13778
0.000287623	152.909	7.37495e-06	4.78954
0.000302373	159.359	7.37495e-06	4.70476
0.000317123	188.131	7.37495e-06	6.40357
0.000331873	204.062	7.37495e-06	5.94403
0.000346622	213.157	7.37495e-06	5.3572
0.000361372	241.823	7.37495e-06	6.94265
0.000376122	262.537	7.37495e-06	9.78793
0.000390872	272.967	7.37495e-06	6.09886
0.000405622	285.153	7.37495e-06	7.10512
0.000420372	314.739	7.37495e-06	9.30647
0.000435122	321.204	7.37495e-06	6.00519
0.000449872	343.68	7.37495e-06	6.39435
0.000464622	363.139	7.37495e-06	8.29045
0.000479372	388.364	7.37495e-06	7.72146
0.000494121	399.865	7.37495e-06	7.5001
0.000508871	432.557	7.37495e-06	9.02437
0.000523621	448.271	7.37495e-06	8.01467
0.000538371	477.765	7.37495e-06	8.40677
0.000553121	512.503	7.37495e-06	14.8445
0.000567871	490.05	7.37495e-06	8.35112
0.000582621	536.769	7.37495e-06	13.717
0.000597371	565.415	7.37495e-06	10.872
0.000612121	562.753	7.37495e-06	10.1783
0.00062687	587.275	7.37495e-06	10.3618
0.00064162	606.386	7.37495e-06	10.0027
0.00065637	640.819	7.37495e-06	11.512
0.00067112	692.375	7.37495e-06	19.186
0.00068587	663.684	7.37495e-06	10.2798
0.00070062	678.583	7.37495e-06	10.3402
0.00071537	724.132	7.37495e-06	16.8404
0.00073012	716.812	7.37495e-06	16.3521
0.00074487	724.964	7.37495e-06	10.6269
0.00075962	759.85	7.37495e-06	11.8673
0.000774369	779.863	7.37495e-06	11.7057
0.000789119	786.424	7.37495e-06	11.8189
0.000803869	833.855	7.37495e-06	17.9791
0.000818619	807.093	7.37495e-06	11.295
0.000833369	823.978	7.37495e-06	10.864
0.000848119	849.522	7.37495e-06	16.6679
0.000862869	857.92	7.37495e-06	14.7778
0.000877619	853.941	7.37495e-06	12.4801
0.000892369	877.245	7.37495e-06	14.9313
0.000907118	890.848	7.37495e-06	13.9939
0.000921868	873.624	7.37495e-06	11.8001
0.000936618	890.219	7.37495e-06	14.4675
0.000951368	880.411	7.37495e-06	11.9542
0.000966118	905.486	7.37495e-06	12.9053
0.000980868	941.465	7.37495e-06	18.6141
0.000995618	908.122	7.37495e-06	17.2069
0.00101037	916.07	7.37495e-06	12.475
0.00102512	869.569	7.37495e-06	10.5029
0.00103987	903.005	7.37495e-06	17.1711
0.00105462	911.796	7.37495e-06	16.7465
0.00106937	915.879	7.37495e-06	12.8551
0.00108412	896.27	7.37495e-06	12.4108
0.00109887	914.776	7.37495e-06	18.1545
0.00111362	916.422	7.37495e-06	20.3261
0.00112837	901.185	7.37495e-06	12.8488
0.00114312	879.868	7.37495e-06	11.2915
0.00115787	879.508	7.37495e-06	12.5289
0.00117262	858.993	7.37495e-06	11.157
0.00118737	834.128	7.37495e-06	12.3042
0.00120212	847.794	7.37495e-06	14.3214
0.00121687	824.622	7.37495e-06	10.9976
0.00123162	830.805	7.37495e-06	11.6727
0.00124637	797.632	7.37495e-06	10.9972
0.00126112	783.479	7.37495e-06	11.6805
0.00127587	780.938	7.37495e-06	11.7331
0.00129062	786.222	7.37495e-06	12.9803
0.00130537	763.732	7.37495e-06	10.3124
0.00132012	761.576	7.37495e-06	13.0247
0.00133487	744.201	7.37495e-06	14.4825
0.00134962	715.026	7.37495e-06	10.6114
0.00136437	699.296	7.37495e-06	10.4708
0.00137912	680.451	7.37495e-06	10.7103
0.00139386	677.385	7.37495e-06	12.0792
0.00140861	664.252	7.37495e-06	10.9056
0.00142336	652.399	7.37495e-06	10.982
0.00143811	638.024	7.37495e-06	13.2233
0.00145286	621.344	7.37495e-06	15.4975
0.00146761	570.305	7.37495e-06	9.36574
0.00148236	584.038	7.37495e-06	11.4503
0.00149711	551.706	7.37495e-06	9.50905
0.00151186	552.18	7.37495e-06	10.1939
0.00152661	525.444	7.37495e-06	8.61915
0.00154136	498.365	7.37495e-06	9.00412
0.00155611	471.507	7.37495e-06	8.34418
0.00157086	482.378	7.37495e-06	11.0584
0.00158561	456.452	7.37495e-06	10.7937
0.00160036	431.111	7.37495e-06	7.98819
0.00161511	423.621	7.37495e-06	7.52502
0.00162986	407.84	7.37495e-06	8.82382
0.00164461	379.185	7.37495e-06	7.82428
0.00165936	366.782	7.37495e-06	7.24898
0.00167411	358.194	7.37495e-06	7.68933
0.00168886	343.817	7.37495e-06	6.97586
0.00170361	332.103	7.37495e-06	7.16063
0.00171836	320.144	7.37495e-06	6.95134
0.00173311	307.037	7.37495e-06	7.33561
0.00174786	286.515	7.37495e-06	6.43976
0.00176261	271.579	7.37495e-06	6.10848
0.00177736	268.582	7.37495e-06	6.61342
0.00179211	250.877	7.37495e-06	6.14846
0.00180686	261.868	7.37495e-06	9.21644
0.00182161	228.812	7.37495e-06	6.01989
0.00183636	231.536	7.37495e-06	6.48481
0.00185111	210.136	7.37495e-06	6.9351
0.00186586	198.59	7.37495e-06	5.34821
0.00188061	190.365	7.37495e-06	6.91852
0.00189536	178.056	7.37495e-06	5.95006
0.00191011	164.319	7.37495e-06	4.9828
0.00192486	167.816	7.37495e-06	7.48777
0.00193961	153.209	7.37495e-06	5.43004
0.00195436	138.018	7.37495e-06	4.74343
0.00196911	135.624	7.37495e-06	4.90981
0.00198386	129.912	7.37495e-06	7.18784
0.00199861	115.472	7.37495e-06	4.9166
0.00201336	102.811	7.37495e-06	3.41305
0.00202811	100.128	7.37495e-06	3.49455
0.00204286	91.1747	7.37495e-06	3.45946
0.00205761	93.3624	7.37495e-06	5.69786
0.00207236	77.674	7.37495e-06	2.9828
0.00208711	73.4199	7.37495e-06	3.32598
0.00210186	70.8668	7.37495e-06	2.88903
0.00211661	70.8629	7.37495e-06	3.22818
0.00213136	74.1743	7.37495e-06	9.41918
0.00214611	62.1184	7.37495e-06	4.07709
0.00216086	51.592	7.37495e-06	2.5878
0.00217561	56.5638	7.37495e-06	7.65809
0.00219036	42.8657	7.37495e-06	2.34056
0.00220511	42.1081	7.37495e-06	2.33461
0.00221986	33.9303	7.37495e-06	1.78479
0.00223461	37.3427	7.37495e-06	2.20127
0.00224936	37.1346	7.37495e-06	2.6379
0.00226411	29.9265	7.37495e-06	2.04384
0.00227886	27.0953	7.37495e-06	2.24207
0.00229361	23.2952	7.37495e-06	1.79768
0.00230836	23.3852	7.37495e-06	2.23619
0.00232311	19.4978	7.37495e-06	1.38535
0.00233786	28.2071	7.37495e-06	5.33289
0.00235261	19.9475	7.37495e-06	2.18687
0.00236736	16.2762	7.37495e-06	1.45778
0.00238211	10.5302	7.37495e-06	1.10486
0.00239686	12.0251	7.37495e-06	0.979963
0.00241161	9.65782	7.37495e-06	1.13417
0.00242636	8.85668	7.37495e-06	1.2072
0.00244111	8.45187	7.37495e-06	1.02134
0.00245586	5.95449	7.37495e-06	0.748831
0.00247061	6.86783	7.37495e-06	0.988789
0.00248536	4.5413	7.37495e-06	0.597598
0.00250011	4.98157	7.37495e-06	0.689886
0.00251486	2.93101	7.37495e-06	0.508356
0.00252961	1.85871	7.37495e-06	0.391908
0.00254436	1.62118	7.37495e-06	0.328752
0.00255911	1.02117	7.37495e-06	0.2786
0.00257386	0.271851	7.37495e-06	0.136173
