7.37149e-06	0.346301	7.37149e-06	0.16366
2.21145e-05	0.512749	7.37149e-06	0.189967
3.68574e-05	1.66329	7.37149e-06	0.369907
5.16004e-05	3.37061	7.37149e-06	0.574088
6.63434e-05	6.84646	7.37149e-06	0.7921
8.10864e-05	19.1541	7.37149e-06	6.08185
9.58294e-05	19.1267	7.37149e-06	1.80369
0.000110572	25.5111	7.37149e-06	2.49181
0.000125315	24.507	7.37149e-06	1.68337
0.000140058	39.6228	7.37149e-06	3.12597
0.000154801	42.0741	7.37149e-06	2.25991
0.000169544	50.6389	7.37149e-06	2.60378
0.000184287	70.7896	7.37149e-06	5.64808
0.00019903	68.3263	7.37149e-06	3.10295
0.000213773	87.6474	7.37149e-06	3.52307
0.000228516	91.2607	7.37149e-06	3.43581
0.000243259	116.544	7.37149e-06	6.27428
0.000258002	121.353	7.37149e-06	4.32441
0.000272745	135.772	7.37149e-06	4.35457
0.000287488	153.488	7.37149e-06	4.42265
0.000302231	157.711	7.37149e-06	4.60377
0.000316974	176.297	7.37149e-06	6.38242
0.000331717	189.405	7.37149e-06	4.86675
0.00034646	214.425	7.37149e-06	5.9366
0.000361203	235.126	7.37149e-06	6.38377
0.000375946	238.991	7.37149e-06	5.92781
0.000390689	267.373	7.37149e-06	7.35652
0.000405432	306.206	7.37149e-06	8.54338
0.000420175	303.731	7.37149e-06	7.68447
0.000434918	326.597	7.37149e-06	8.14152
0.000449661	354.094	7.37149e-06	7.61293
0.000464404	417.867	7.37149e-06	44.6981
0.000479147	377.149	7.37149e-06	7.67645
0.00049389	405.5	7.37149e-06	7.50056
0.000508633	413.032	7.37149e-06	7.21988
0.000523376	440.25	7.37149e-06	10.5054
0.000538119	474.432	7.37149e-06	9.88302
0.000552862	493.063	7.37149e-06	8.79635
0.000567605	500.243	7.37149e-06	9.26155
0.000582348	528.831	7.37149e-06	9.54442
0.000597091	565.163	7.37149e-06	10.8522
0.000611834	558.217	7.37149e-06	8.81336
0.000626577	576.337	7.37149e-06	10.2679
0.00064132	632.075	7.37149e-06	11.114
0.000656063	623.745	7.37149e-06	11.6009
0.000670806	645.968	7.37149e-06	11.6183
0.000685548	667.677	7.37149e-06	9.8438
0.000700291	695.801	7.37149e-06	11.5677
0.000715034	716.042	7.37149e-06	16.64
0.000729777	717.339	7.37149e-06	10.3851
0.00074452	761.894	7.37149e-06	13.0362
0.000759263	771.458	7.37149e-06	12.6293
0.000774006	770.849	7.37149e-06	11.851
0.000788749	788.336	7.37149e-06	10.3341
0.000803492	793.209	7.37149e-06	10.5975
0.000818235	788.194	7.37149e-06	9.87817
0.000832978	826.152	7.37149e-06	10.804
0.000847721	823.986	7.37149e-06	10.0762
0.000862464	871.546	7.37149e-06	13.4309
0.000877207	852.609	7.37149e-06	10.7594
0.00089195	881.825	7.37149e-06	12.6378
0.000906693	852.233	7.37149e-06	10.2397
0.000921436	880.803	7.37149e-06	11.8404
0.000936179	883.421	7.37149e-06	11.0222
0.000950922	879.769	7.37149e-06	9.89675
0.000965665	909.983	7.37149e-06	11.1818
0.000980408	911.541	7.37149e-06	12.5916
0.000995151	921.632	7.37149e-06	11.1227
0.00100989	911.042	7.37149e-06	11.2261
0.00102464	927.5	7.37149e-06	14.6132
0.00103938	882.941	7.37149e-06	9.52482
0.00105412	955.367	7.37149e-06	28.1276
0.00106887	904.347	7.37149e-06	10.0049
0.00108361	891.249	7.37149e-06	10.5591
0.00109835	895.49	7.37149e-06	10.4455
0.00111309	902.417	7.37149e-06	10.302
0.00112784	885.462	7.37149e-06	10.5688
0.00114258	866.694	7.37149e-06	10.4904
0.00115732	874.963	7.37149e-06	9.90488
0.00117207	878.253	7.37149e-06	12.7313
0.00118681	859.819	7.37149e-06	9.40151
0.00120155	829.544	7.37149e-06	9.88687
0.0012163	837.541	7.37149e-06	10.9723
0.00123104	839.198	7.37149e-06	10.8872
0.00124578	835.721	7.37149e-06	10.2315
0.00126052	790.846	7.37149e-06	9.50987
0.00127527	796.546	7.37149e-06	9.97663
0.00129001	775.809	7.37149e-06	9.08294
0.00130475	764.933	7.37149e-06	9.23037
0.0013195	757.002	7.37149e-06	9.11544
0.00133424	729.146	7.37149e-06	8.5505
0.00134898	725.485	7.37149e-06	8.98683
0.00136373	720.658	7.37149e-06	10.5458
0.00137847	672.975	7.37149e-06	7.79328
0.00139321	688.78	7.37149e-06	8.40962
0.00140795	688.287	7.37149e-06	15.8294
0.0014227	634.121	7.37149e-06	7.92585
0.00143744	611.86	7.37149e-06	7.76693
0.00145218	612.307	7.37149e-06	8.00728
0.00146693	597.003	7.37149e-06	8.00776
0.00148167	577.27	7.37149e-06	9.00169
0.00149641	547.771	7.37149e-06	6.7691
0.00151116	543.095	7.37149e-06	8.00563
0.0015259	515.954	7.37149e-06	7.16773
0.00154064	514.791	7.37149e-06	7.50408
0.00155538	491.84	7.37149e-06	6.67128
0.00157013	476.57	7.37149e-06	6.60494
0.00158487	477.4	7.37149e-06	11.7796
0.00159961	436.296	7.37149e-06	6.42207
0.00161436	434.925	7.37149e-06	7.76851
0.0016291	411.371	7.37149e-06	6.38341
0.00164384	394.207	7.37149e-06	5.98126
0.00165859	406.362	7.37149e-06	14.5503
0.00167333	358.648	7.37149e-06	5.69467
0.00168807	342.613	7.37149e-06	5.45818
0.00170281	331.76	7.37149e-06	5.20551
0.00171756	313.562	7.37149e-06	5.57521
0.0017323	315.669	7.37149e-06	10.486
0.00174704	285.969	7.37149e-06	4.92245
0.00176179	279.655	7.37149e-06	4.58718
0.00177653	264.925	7.37149e-06	5.08145
0.00179127	252.36	7.37149e-06	4.80651
0.00180601	240.291	7.37149e-06	4.47868
0.00182076	229.043	7.37149e-06	4.07993
0.0018355	225.569	7.37149e-06	4.72128
0.00185024	198.599	7.37149e-06	3.81832
0.00186499	195.807	7.37149e-06	3.97771
0.00187973	190.581	7.37149e-06	4.90167
0.00189447	179.473	7.37149e-06	6.00905
0.00190922	164.693	7.37149e-06	3.42541
0.00192396	159.075	7.37149e-06	3.53817
0.0019387	145.259	7.37149e-06	3.17998
0.00195344	137.442	7.37149e-06	3.55176
0.00196819	130.459	7.37149e-06	3.16264
0.00198293	116.473	7.37149e-06	2.73744
0.00199767	114.472	7.37149e-06	2.79407
0.00201242	111.013	7.37149e-06	2.86692
0.00202716	109.508	7.37149e-06	3.47947
0.0020419	99.6904	7.37149e-06	2.72673
0.00205665	87.8324	7.37149e-06	2.58099
0.00207139	82.3759	7.37149e-06	2.45064
0.00208613	79.0782	7.37149e-06	2.3065
0.00210087	77.1448	7.37149e-06	2.36533
0.00211562	67.4296	7.37149e-06	2.08508
0.00213036	67.3796	7.37149e-06	2.12631
0.0021451	58.0688	7.37149e-06	1.98121
0.00215985	52.5761	7.37149e-06	1.86226
0.00217459	51.5699	7.37149e-06	1.84427
0.00218933	47.0095	7.37149e-06	1.7567
0.00220408	43.1277	7.37149e-06	1.66268
0.00221882	40.9735	7.37149e-06	1.58861
0.00223356	39.5768	7.37149e-06	1.57496
0.0022483	34.2816	7.37149e-06	1.46259
0.00226305	31.1091	7.37149e-06	1.37427
0.00227779	29.8694	7.37149e-06	1.37013
0.00229253	26.3503	7.37149e-06	1.25296
0.00230728	24.5781	7.37149e-06	1.20775
0.00232202	22.7349	7.37149e-06	1.16399
0.00233676	18.8675	7.37149e-06	1.04257
0.00235151	17.698	7.37149e-06	1.01417
0.00236625	14.8819	7.37149e-06	0.912983
0.00238099	12.2293	7.37149e-06	0.816121
0.00239573	11.2312	7.37149e-06	0.789571
0.00241048	10.9026	7.37149e-06	0.784534
0.00242522	9.62297	7.37149e-06	0.737769
0.00243996	8.15992	7.37149e-06	0.663455
0.00245471	5.91075	7.37149e-06	0.565162
0.00246945	7.45255	7.37149e-06	0.635319
0.00248419	4.66513	7.37149e-06	0.496985
0.00249893	3.8166	7.37149e-06	0.446933
0.00251368	3.87575	7.37149e-06	0.447418
0.00252842	3.17696	7.37149e-06	0.405476
0.00254316	1.66633	7.37149e-06	0.291489
0.00255791	0.764252	7.37149e-06	0.197743
0.00257265	0.461156	7.37149e-06	0.153943
