7.38128e-06	0.653695	7.38128e-06	0.462233
2.21438e-05	0.854436	7.38128e-06	0.254459
3.69064e-05	2.4666	7.38128e-06	0.463932
5.1669e-05	5.47183	7.38128e-06	0.736225
6.64315e-05	9.23379	7.38128e-06	0.836843
8.11941e-05	9.93534	7.38128e-06	0.793832
9.59567e-05	17.4229	7.38128e-06	1.24312
0.000110719	22.3906	7.38128e-06	1.45983
0.000125482	28.068	7.38128e-06	1.65902
0.000140244	34.021	7.38128e-06	1.90978
0.000155007	48.9792	7.38128e-06	4.97275
0.000169769	53.3915	7.38128e-06	2.4423
0.000184532	66.9767	7.38128e-06	3.40382
0.000199295	69.0326	7.38128e-06	2.71344
0.000214057	94.088	7.38128e-06	8.99283
0.00022882	91.5835	7.38128e-06	3.0674
0.000243582	105.189	7.38128e-06	3.26263
0.000258345	126.128	7.38128e-06	4.48795
0.000273107	135.289	7.38128e-06	3.93064
0.00028787	160.894	7.38128e-06	8.39638
0.000302633	169.033	7.38128e-06	5.10444
0.000317395	194.004	7.38128e-06	7.03159
0.000332158	200.2	7.38128e-06	4.74145
0.00034692	221.986	7.38128e-06	6.19421
0.000361683	232.172	7.38128e-06	5.94068
0.000376445	265.25	7.38128e-06	8.10782
0.000391208	279.568	7.38128e-06	7.5425
0.00040597	271.333	7.38128e-06	5.41066
0.000420733	297.211	7.38128e-06	6.64976
0.000435496	331.344	7.38128e-06	11.0585
0.000450258	347.653	7.38128e-06	7.35975
0.000465021	365.588	7.38128e-06	7.17669
0.000479783	387.23	7.38128e-06	7.68803
0.000494546	404.354	7.38128e-06	7.81298
0.000509308	432.711	7.38128e-06	10.3769
0.000524071	439.433	7.38128e-06	7.49881
0.000538834	461.488	7.38128e-06	8.47366
0.000553596	489.821	7.38128e-06	8.13814
0.000568359	488.232	7.38128e-06	8.04332
0.000583121	543.092	7.38128e-06	14.2091
0.000597884	541.926	7.38128e-06	9.03323
0.000612646	581.846	7.38128e-06	13.2158
0.000627409	590.533	7.38128e-06	9.52224
0.000642171	597.574	7.38128e-06	9.12269
0.000656934	631.629	7.38128e-06	10.7015
0.000671697	618.418	7.38128e-06	9.59385
0.000686459	645.089	7.38128e-06	8.92301
0.000701222	709.417	7.38128e-06	14.7123
0.000715984	690.282	7.38128e-06	10.7992
0.000730747	743.595	7.38128e-06	13.2578
0.000745509	770.033	7.38128e-06	25.3451
0.000760272	746.386	7.38128e-06	11.537
0.000775035	769.796	7.38128e-06	17.4381
0.000789797	806.514	7.38128e-06	14.2661
0.00080456	798.571	7.38128e-06	13.2433
0.000819322	794.718	7.38128e-06	11.6568
0.000834085	830.864	7.38128e-06	13.09
0.000848847	856.879	7.38128e-06	15.1675
0.00086361	845.013	7.38128e-06	11.2079
0.000878372	878.389	7.38128e-06	22.3718
0.000893135	864.525	7.38128e-06	14.4613
0.000907898	870.948	7.38128e-06	11.5994
0.00092266	898.821	7.38128e-06	13.1261
0.000937423	881.471	7.38128e-06	12.6009
0.000952185	912.357	7.38128e-06	15.1099
0.000966948	909.136	7.38128e-06	14.9097
0.00098171	942.934	7.38128e-06	16.9185
0.000996473	914.578	7.38128e-06	12.2588
0.00101124	913.338	7.38128e-06	12.3663
0.001026	937.133	7.38128e-06	16.5407
0.00104076	905.79	7.38128e-06	15.4855
0.00105552	910.885	7.38128e-06	12.538
0.00107029	871.148	7.38128e-06	11.0603
0.00108505	900.341	7.38128e-06	12.0051
0.00109981	890.44	7.38128e-06	13.5012
0.00111457	892.159	7.38128e-06	12.6739
0.00112934	879.56	7.38128e-06	13.1933
0.0011441	884.371	7.38128e-06	15.6721
0.00115886	871.699	7.38128e-06	13.8018
0.00117362	881.484	7.38128e-06	13.1622
0.00118839	865.471	7.38128e-06	13.2047
0.00120315	872.236	7.38128e-06	14.1477
0.00121791	825.899	7.38128e-06	11.9111
0.00123267	802.584	7.38128e-06	11.3332
0.00124744	810.699	7.38128e-06	11.6939
0.0012622	775.57	7.38128e-06	10.1831
0.00127696	779.953	7.38128e-06	12.2819
0.00129172	797.758	7.38128e-06	12.3493
0.00130649	748.855	7.38128e-06	12.1545
0.00132125	760.834	7.38128e-06	15.9614
0.00133601	719.13	7.38128e-06	10.4577
0.00135077	724.781	7.38128e-06	12.9067
0.00136554	707.598	7.38128e-06	11.3253
0.0013803	693.527	7.38128e-06	11.5875
0.00139506	684.932	7.38128e-06	13.3914
0.00140982	646.15	7.38128e-06	12.0756
0.00142459	636.661	7.38128e-06	11.6056
0.00143935	602.521	7.38128e-06	9.59461
0.00145411	604.962	7.38128e-06	9.38221
0.00146888	574.936	7.38128e-06	9.5039
0.00148364	576.156	7.38128e-06	10.5596
0.0014984	539.734	7.38128e-06	9.78971
0.00151316	513.98	7.38128e-06	9.31002
0.00152793	530.455	7.38128e-06	10.5817
0.00154269	540.527	7.38128e-06	14.8601
0.00155745	486.674	7.38128e-06	9.07554
0.00157221	487.879	7.38128e-06	11.5072
0.00158698	459.332	7.38128e-06	9.53032
0.00160174	420.908	7.38128e-06	7.87426
0.0016165	431.289	7.38128e-06	12.4022
0.00163126	403.022	7.38128e-06	7.97878
0.00164603	387.798	7.38128e-06	8.2215
0.00166079	397.38	7.38128e-06	9.4257
0.00167555	358.315	7.38128e-06	9.88714
0.00169031	379.995	7.38128e-06	25.7792
0.00170508	318.232	7.38128e-06	7.31576
0.00171984	334.801	7.38128e-06	10.5399
0.0017346	296.587	7.38128e-06	6.75719
0.00174936	310.22	7.38128e-06	9.69001
0.00176413	272.989	7.38128e-06	7.23442
0.00177889	255.523	7.38128e-06	7.84432
0.00179365	246.743	7.38128e-06	6.42477
0.00180841	238.242	7.38128e-06	6.78875
0.00182318	233.392	7.38128e-06	7.33831
0.00183794	219.66	7.38128e-06	6.73434
0.0018527	209.571	7.38128e-06	5.97311
0.00186746	201.627	7.38128e-06	6.57169
0.00188223	199.405	7.38128e-06	8.31012
0.00189699	185.199	7.38128e-06	6.8698
0.00191175	172.146	7.38128e-06	5.42515
0.00192651	170.252	7.38128e-06	7.84771
0.00194128	148.847	7.38128e-06	5.73901
0.00195604	140.428	7.38128e-06	4.94841
0.0019708	132.763	7.38128e-06	4.52397
0.00198556	122.315	7.38128e-06	4.66143
0.00200033	115.937	7.38128e-06	4.35035
0.00201509	102.76	7.38128e-06	3.85875
0.00202985	107.893	7.38128e-06	5.81839
0.00204461	102.349	7.38128e-06	4.45581
0.00205938	89.8491	7.38128e-06	3.90625
0.00207414	85.8565	7.38128e-06	4.59775
0.0020889	73.1533	7.38128e-06	3.27436
0.00210367	73.0226	7.38128e-06	3.53353
0.00211843	66.3434	7.38128e-06	3.36386
0.00213319	57.0768	7.38128e-06	3.26743
0.00214795	60.5719	7.38128e-06	3.52346
0.00216272	50.4481	7.38128e-06	2.72654
0.00217748	53.4348	7.38128e-06	3.16233
0.00219224	43.7075	7.38128e-06	2.48118
0.002207	58.5432	7.38128e-06	12.219
0.00222177	38.2007	7.38128e-06	2.41902
0.00223653	34.2858	7.38128e-06	2.40263
0.00225129	30.4983	7.38128e-06	1.99144
0.00226605	30.8427	7.38128e-06	2.69918
0.00228082	31.1122	7.38128e-06	3.11215
0.00229558	24.2641	7.38128e-06	1.77225
0.00231034	23.5923	7.38128e-06	2.84936
0.0023251	18.1172	7.38128e-06	1.59105
0.00233987	16.9639	7.38128e-06	1.52182
0.00235463	16.7184	7.38128e-06	1.64323
0.00236939	11.1098	7.38128e-06	1.13171
0.00238415	12.1233	7.38128e-06	1.35222
0.00239892	11.8704	7.38128e-06	1.95983
0.00241368	9.17505	7.38128e-06	0.970078
0.00242844	8.606	7.38128e-06	0.967328
0.0024432	9.17093	7.38128e-06	1.59553
0.00245797	7.1724	7.38128e-06	1.95944
0.00247273	5.95663	7.38128e-06	0.985292
0.00248749	4.43164	7.38128e-06	0.994441
0.00250225	3.634	7.38128e-06	0.735536
0.00251702	3.80177	7.38128e-06	0.764479
0.00253178	1.72053	7.38128e-06	0.41644
0.00254654	1.64203	7.38128e-06	0.487614
0.0025613	0.991866	7.38128e-06	0.332845
0.00257607	0.160695	7.38128e-06	0.113776
