0	1139.51	7.35999e-06	4.21285
1.472e-05	1139.33	7.35999e-06	4.19453
2.94399e-05	1138.46	7.35999e-06	4.14651
4.41599e-05	1137.41	7.35999e-06	4.12117
5.88799e-05	1135.61	7.35999e-06	4.07715
7.35999e-05	1133.6	7.35999e-06	4.03702
8.83198e-05	1131.16	7.35999e-06	4.00593
0.00010304	1128.66	7.35999e-06	3.98243
0.00011776	1125.14	7.35999e-06	3.94421
0.00013248	1121.55	7.35999e-06	3.91563
0.0001472	1117.41	7.35999e-06	3.88376
0.00016192	1113.47	7.35999e-06	3.8604
0.00017664	1108.37	7.35999e-06	3.82456
0.00019136	1103.42	7.35999e-06	3.79314
0.00020608	1097.32	7.35999e-06	3.75082
0.0002208	1091.16	7.35999e-06	3.71745
0.00023552	1084.61	7.35999e-06	3.67977
0.00025024	1077.73	7.35999e-06	3.64912
0.000264959	1070.18	7.35999e-06	3.61267
0.000279679	1062.71	7.35999e-06	3.58182
0.000294399	1053.7	7.35999e-06	3.44513
0.000309119	1045.84	7.35999e-06	3.41647
0.000323839	1036.91	7.35999e-06	3.38177
0.000338559	1028.04	7.35999e-06	3.34933
0.000353279	1018.11	7.35999e-06	3.30888
0.000367999	1008.41	7.35999e-06	3.27423
0.000382719	997.706	7.35999e-06	3.22405
0.000397439	986.843	7.35999e-06	3.18625
0.000412159	976.203	7.35999e-06	3.15301
0.000426879	965.205	7.35999e-06	3.11964
0.000441599	953.614	7.35999e-06	3.08345
0.000456319	941.881	7.35999e-06	3.04442
0.000471039	929.59	7.35999e-06	2.98337
0.000485759	917.803	7.35999e-06	2.95235
0.000500479	904.772	7.35999e-06	2.90936
0.000515199	891.657	7.35999e-06	2.86625
0.000529919	878.486	7.35999e-06	2.80763
0.000544639	865.073	7.35999e-06	2.772
0.000559359	851.4	7.35999e-06	2.73691
0.000574079	837.831	7.35999e-06	2.70425
0.000588799	824.537	7.35999e-06	2.67421
0.000603519	810.998	7.35999e-06	2.64465
0.000618239	797.233	7.35999e-06	2.61078
0.000632959	782.866	7.35999e-06	2.57615
0.000647679	767.552	7.35999e-06	2.51037
0.000662399	753.361	7.35999e-06	2.4819
0.000677119	738.271	7.35999e-06	2.43005
0.000691839	721.95	7.35999e-06	2.00464
0.000706559	706.854	7.35999e-06	1.9596
0.000721279	691.784	7.35999e-06	1.92049
0.000735999	676.653	7.35999e-06	1.85858
0.000750719	661.223	7.35999e-06	1.80842
0.000765439	646.262	7.35999e-06	1.77323
0.000780158	631.504	7.35999e-06	1.73875
0.000794878	616.179	7.35999e-06	1.67828
0.000809598	601.632	7.35999e-06	1.64628
0.000824318	586.589	7.35999e-06	1.58567
0.000839038	571.88	7.35999e-06	1.55128
0.000853758	557.557	7.35999e-06	1.52159
0.000868478	543.547	7.35999e-06	1.49299
0.000883198	528.969	7.35999e-06	1.46072
0.000897918	514.784	7.35999e-06	1.43156
0.000912638	500.646	7.35999e-06	1.40278
0.000927358	486.537	7.35999e-06	1.37233
0.000942078	472.567	7.35999e-06	1.34291
0.000956798	458.614	7.35999e-06	1.30918
0.000971518	444.884	7.35999e-06	1.28038
0.000986238	431.12	7.35999e-06	1.25114
0.00100096	417.773	7.35999e-06	1.22445
0.00101568	404.519	7.35999e-06	1.19777
0.0010304	391.347	7.35999e-06	1.17082
0.00104512	378.698	7.35999e-06	1.14467
0.00105984	366.368	7.35999e-06	1.12362
0.00107456	352.789	7.35999e-06	0.919276
0.00108928	340.769	7.35999e-06	0.890514
0.001104	328.824	7.35999e-06	0.864192
0.00111872	317.149	7.35999e-06	0.839812
0.00113344	305.532	7.35999e-06	0.813515
0.00114816	294.51	7.35999e-06	0.792164
0.00116288	283.423	7.35999e-06	0.769488
0.0011776	272.362	7.35999e-06	0.743886
0.00119232	261.963	7.35999e-06	0.72305
0.00120704	251.414	7.35999e-06	0.700393
0.00122176	241.363	7.35999e-06	0.678172
0.00123648	231.709	7.35999e-06	0.659825
0.0012512	221.682	7.35999e-06	0.61675
0.00126592	212.255	7.35999e-06	0.596718
0.00128064	203.33	7.35999e-06	0.578022
0.00129536	194.717	7.35999e-06	0.561104
0.00131008	186.056	7.35999e-06	0.538972
0.0013248	177.822	7.35999e-06	0.5216
0.00133952	169.713	7.35999e-06	0.503901
0.00135424	161.883	7.35999e-06	0.48697
0.00136896	154.172	7.35999e-06	0.468062
0.00138368	146.915	7.35999e-06	0.44825
0.0013984	139.985	7.35999e-06	0.431775
0.00141312	133.101	7.35999e-06	0.414212
0.00142784	126.592	7.35999e-06	0.400015
0.00144256	120.138	7.35999e-06	0.384228
0.00145728	114.08	7.35999e-06	0.371603
0.001472	108.318	7.35999e-06	0.35886
0.00148672	102.729	7.35999e-06	0.347604
0.00150144	97.3962	7.35999e-06	0.336661
0.00151616	92.297	7.35999e-06	0.326569
0.00153088	87.3056	7.35999e-06	0.312725
0.0015456	82.6599	7.35999e-06	0.303269
0.00156032	77.9926	7.35999e-06	0.290054
0.00157504	73.3951	7.35999e-06	0.269849
0.00158976	69.1978	7.35999e-06	0.260043
0.00160448	65.1986	7.35999e-06	0.251145
0.0016192	61.3575	7.35999e-06	0.238967
0.00163392	57.7141	7.35999e-06	0.22833
0.00164864	54.2146	7.35999e-06	0.218774
0.00166336	50.8402	7.35999e-06	0.205257
0.00167808	47.7581	7.35999e-06	0.198007
0.0016928	44.7763	7.35999e-06	0.189438
0.00170752	41.8683	7.35999e-06	0.181104
0.00172224	39.2319	7.35999e-06	0.174533
0.00173696	36.7496	7.35999e-06	0.168473
0.00175168	34.3215	7.35999e-06	0.162722
0.0017664	32.0848	7.35999e-06	0.157476
0.00178112	29.815	7.35999e-06	0.14692
0.00179584	27.7334	7.35999e-06	0.138868
0.00181056	25.7821	7.35999e-06	0.132609
0.00182528	24.0215	7.35999e-06	0.127784
0.00184	22.2734	7.35999e-06	0.12272
0.00185472	20.6912	7.35999e-06	0.117904
0.00186944	19.1841	7.35999e-06	0.113557
0.00188416	17.7137	7.35999e-06	0.0972908
0.00189888	16.4557	7.35999e-06	0.09314
0.0019136	15.2323	7.35999e-06	0.0888315
0.00192832	14.0583	7.35999e-06	0.0844295
0.00194304	12.9357	7.35999e-06	0.0803866
0.00195776	11.9265	7.35999e-06	0.0768506
0.00197248	10.9764	7.35999e-06	0.0732159
0.0019872	10.0857	7.35999e-06	0.0697986
0.00200192	9.25159	7.35999e-06	0.0648611
0.00201664	8.46572	7.35999e-06	0.0615624
0.00203136	7.75923	7.35999e-06	0.0586019
0.00204608	7.10456	7.35999e-06	0.0552812
0.0020608	6.46594	7.35999e-06	0.0521198
0.00207552	5.87087	7.35999e-06	0.0493961
0.00209024	5.34298	7.35999e-06	0.0466423
0.00210496	4.84334	7.35999e-06	0.044067
0.00211968	4.39299	7.35999e-06	0.0417508
0.0021344	3.96565	7.35999e-06	0.0393473
0.00214912	3.58158	7.35999e-06	0.0371675
0.00216384	3.22476	7.35999e-06	0.0349988
0.00217856	2.89416	7.35999e-06	0.032946
0.00219328	2.60119	7.35999e-06	0.0310156
0.002208	2.32381	7.35999e-06	0.0291486
0.00222272	2.0824	7.35999e-06	0.027454
0.00223744	1.85545	7.35999e-06	0.0257396
0.00225216	1.62717	7.35999e-06	0.0239349
0.00226688	1.43152	7.35999e-06	0.0222891
0.0022816	1.25765	7.35999e-06	0.0207365
0.00229632	1.09678	7.35999e-06	0.0192856
0.00231104	0.956479	7.35999e-06	0.0179107
0.00232576	0.827564	7.35999e-06	0.0166097
0.00234048	0.710949	7.35999e-06	0.015299
0.0023552	0.604197	7.35999e-06	0.0140478
0.00236992	0.504458	7.35999e-06	0.0127219
0.00238464	0.427384	7.35999e-06	0.0116865
0.00239936	0.35729	7.35999e-06	0.0106394
0.00241408	0.291846	7.35999e-06	0.00955443
0.0024288	0.24095	7.35999e-06	0.00866412
0.00244352	0.190838	7.35999e-06	0.00770267
0.00245824	0.144556	7.35999e-06	0.00669167
0.00247296	0.105467	7.35999e-06	0.00571598
0.00248768	0.0761478	7.35999e-06	0.00475904
0.0025024	0.0510052	7.35999e-06	0.00389559
0.00251712	0.0353134	7.35999e-06	0.00325894
0.00253184	0.0225314	7.35999e-06	0.00262269
0.00254656	0.0108626	7.35999e-06	0.00182463
0.00256128	0.0042096	7.35999e-06	0.00121372
