0	1121.28	7.36334e-06	3.8058
1.47267e-05	1121.2	7.36334e-06	3.80233
2.94534e-05	1120.72	7.36334e-06	3.78443
4.418e-05	1119.57	7.36334e-06	3.75256
5.89067e-05	1118.16	7.36334e-06	3.72561
7.36334e-05	1116	7.36334e-06	3.67774
8.83601e-05	1113.65	7.36334e-06	3.64033
0.000103087	1110.93	7.36334e-06	3.60952
0.000117813	1108.11	7.36334e-06	3.58061
0.00013254	1104.97	7.36334e-06	3.55627
0.000147267	1100.98	7.36334e-06	3.52059
0.000161993	1096.88	7.36334e-06	3.48894
0.00017672	1092.56	7.36334e-06	3.46336
0.000191447	1087.62	7.36334e-06	3.43079
0.000206174	1082.42	7.36334e-06	3.40315
0.0002209	1076.76	7.36334e-06	3.37383
0.000235627	1070.34	7.36334e-06	3.33357
0.000250354	1063.88	7.36334e-06	3.30246
0.00026508	1056.91	7.36334e-06	3.27038
0.000279807	1049.36	7.36334e-06	3.236
0.000294534	1041.79	7.36334e-06	3.20256
0.00030926	1033.81	7.36334e-06	3.16976
0.000323987	1025.84	7.36334e-06	3.14116
0.000338714	1017.29	7.36334e-06	3.10378
0.00035344	1008.22	7.36334e-06	3.07065
0.000368167	998.9	7.36334e-06	3.03584
0.000382894	989.441	7.36334e-06	3.00405
0.00039762	979.944	7.36334e-06	2.9746
0.000412347	969.264	7.36334e-06	2.93091
0.000427074	958.274	7.36334e-06	2.8946
0.0004418	947.627	7.36334e-06	2.86248
0.000456527	935.81	7.36334e-06	2.82064
0.000471254	924.111	7.36334e-06	2.78582
0.00048598	912.172	7.36334e-06	2.74904
0.000500707	899.619	7.36334e-06	2.70278
0.000515434	887.36	7.36334e-06	2.66937
0.000530161	875.387	7.36334e-06	2.63935
0.000544887	862.403	7.36334e-06	2.59787
0.000559614	849.966	7.36334e-06	2.56844
0.000574341	837.191	7.36334e-06	2.5385
0.000589067	823.507	7.36334e-06	2.49644
0.000603794	809.457	7.36334e-06	2.45687
0.000618521	796.183	7.36334e-06	2.42572
0.000633247	782.477	7.36334e-06	2.39285
0.000647974	766.973	7.36334e-06	2.09034
0.000662701	752.85	7.36334e-06	2.04551
0.000677427	738.964	7.36334e-06	2.01126
0.000692154	724.835	7.36334e-06	1.97341
0.000706881	710.458	7.36334e-06	1.93243
0.000721607	696.009	7.36334e-06	1.89004
0.000736334	681.232	7.36334e-06	1.85031
0.000751061	666.97	7.36334e-06	1.81835
0.000765787	652.432	7.36334e-06	1.78466
0.000780514	638.312	7.36334e-06	1.7528
0.000795241	624.021	7.36334e-06	1.72271
0.000809967	609.063	7.36334e-06	1.67575
0.000824694	594.731	7.36334e-06	1.64475
0.000839421	580.109	7.36334e-06	1.60923
0.000854147	565.734	7.36334e-06	1.57616
0.000868874	551.296	7.36334e-06	1.54478
0.000883601	536.665	7.36334e-06	1.51135
0.000898328	522.165	7.36334e-06	1.47707
0.000913054	508.122	7.36334e-06	1.44813
0.000927781	493.82	7.36334e-06	1.41337
0.000942508	479.948	7.36334e-06	1.38203
0.000957234	465.552	7.36334e-06	1.32911
0.000971961	452.001	7.36334e-06	1.301
0.000986688	438.322	7.36334e-06	1.27054
0.00100141	424.904	7.36334e-06	1.24008
0.00101614	412.056	7.36334e-06	1.21578
0.00103087	399.065	7.36334e-06	1.18802
0.00104559	386.488	7.36334e-06	1.16335
0.00106032	374.071	7.36334e-06	1.13925
0.00107505	361.217	7.36334e-06	1.09805
0.00108977	349.162	7.36334e-06	1.07525
0.0011045	336.949	7.36334e-06	1.05027
0.00111923	324.883	7.36334e-06	1.02373
0.00113395	312.954	7.36334e-06	0.992935
0.00114868	301.553	7.36334e-06	0.970173
0.00116341	290.442	7.36334e-06	0.944909
0.00117813	279.687	7.36334e-06	0.92391
0.00119286	269.217	7.36334e-06	0.90454
0.00120759	258.368	7.36334e-06	0.859986
0.00122231	248.091	7.36334e-06	0.835131
0.00123704	238.285	7.36334e-06	0.816077
0.00125177	228.696	7.36334e-06	0.797367
0.00126649	219.216	7.36334e-06	0.779469
0.00128122	210.485	7.36334e-06	0.765148
0.00129595	201.557	7.36334e-06	0.742954
0.00131067	192.419	7.36334e-06	0.705435
0.0013254	183.754	7.36334e-06	0.678147
0.00134013	175.568	7.36334e-06	0.652759
0.00135485	167.731	7.36334e-06	0.636808
0.00136958	159.917	7.36334e-06	0.616079
0.00138431	152.411	7.36334e-06	0.598826
0.00139903	145.281	7.36334e-06	0.582695
0.00141376	138.384	7.36334e-06	0.568702
0.00142849	131.444	7.36334e-06	0.553091
0.00144321	124.838	7.36334e-06	0.536151
0.00145794	118.595	7.36334e-06	0.523803
0.00147267	112.491	7.36334e-06	0.510443
0.00148739	106.345	7.36334e-06	0.468695
0.00150212	100.66	7.36334e-06	0.442896
0.00151685	95.509	7.36334e-06	0.432706
0.00153157	90.3505	7.36334e-06	0.417663
0.0015463	85.2537	7.36334e-06	0.402234
0.00156103	80.5289	7.36334e-06	0.390077
0.00157575	76.0724	7.36334e-06	0.379472
0.00159048	71.8533	7.36334e-06	0.371008
0.00160521	67.7352	7.36334e-06	0.362141
0.00161993	63.8792	7.36334e-06	0.348319
0.00163466	60.1201	7.36334e-06	0.340164
0.00164939	56.3751	7.36334e-06	0.323392
0.00166411	52.9185	7.36334e-06	0.313927
0.00167884	49.7222	7.36334e-06	0.306514
0.00169357	46.5259	7.36334e-06	0.257848
0.00170829	43.5429	7.36334e-06	0.247006
0.00172302	40.7624	7.36334e-06	0.238073
0.00173775	38.2382	7.36334e-06	0.231835
0.00175248	35.7242	7.36334e-06	0.219474
0.0017672	33.267	7.36334e-06	0.206135
0.00178193	31.0193	7.36334e-06	0.196362
0.00179666	28.8716	7.36334e-06	0.187704
0.00181138	26.9759	7.36334e-06	0.182237
0.00182611	25.1038	7.36334e-06	0.175972
0.00184084	23.3254	7.36334e-06	0.170322
0.00185556	21.6464	7.36334e-06	0.161327
0.00187029	20.0977	7.36334e-06	0.15669
0.00188502	18.6663	7.36334e-06	0.151079
0.00189974	17.2953	7.36334e-06	0.145439
0.00191447	15.9201	7.36334e-06	0.132982
0.0019292	14.7021	7.36334e-06	0.128476
0.00194392	13.5212	7.36334e-06	0.120701
0.00195865	12.4293	7.36334e-06	0.113595
0.00197338	11.4403	7.36334e-06	0.108895
0.0019881	10.5478	7.36334e-06	0.105102
0.00200283	9.69476	7.36334e-06	0.100141
0.00201756	8.88022	7.36334e-06	0.0956526
0.00203228	8.14769	7.36334e-06	0.0920796
0.00204701	7.44991	7.36334e-06	0.0886334
0.00206174	6.8521	7.36334e-06	0.0853027
0.00207646	6.27216	7.36334e-06	0.0827195
0.00209119	5.70358	7.36334e-06	0.0782249
0.00210592	5.17348	7.36334e-06	0.0724593
0.00212064	4.6861	7.36334e-06	0.0689801
0.00213537	4.22699	7.36334e-06	0.0662844
0.0021501	3.82832	7.36334e-06	0.0641622
0.00216482	3.46478	7.36334e-06	0.0610941
0.00217955	3.08618	7.36334e-06	0.0516318
0.00219428	2.76253	7.36334e-06	0.0450625
0.002209	2.47274	7.36334e-06	0.0421043
0.00222373	2.22378	7.36334e-06	0.0401849
0.00223846	1.96415	7.36334e-06	0.0374107
0.00225318	1.73149	7.36334e-06	0.0352185
0.00226791	1.54225	7.36334e-06	0.0326534
0.00228264	1.32723	7.36334e-06	0.029273
0.00229736	1.18113	7.36334e-06	0.0277938
0.00231209	1.01473	7.36334e-06	0.0251021
0.00232682	0.869283	7.36334e-06	0.0226444
0.00234154	0.768477	7.36334e-06	0.0215563
0.00235627	0.670437	7.36334e-06	0.0202242
0.002371	0.565797	7.36334e-06	0.0182914
0.00238572	0.455312	7.36334e-06	0.0159956
0.00240045	0.360585	7.36334e-06	0.0133394
0.00241518	0.289928	7.36334e-06	0.0118099
0.0024299	0.24248	7.36334e-06	0.010753
0.00244463	0.188899	7.36334e-06	0.00946252
0.00245936	0.151779	7.36334e-06	0.00840397
0.00247408	0.11438	7.36334e-06	0.0070983
0.00248881	0.0848655	7.36334e-06	0.00609247
0.00250354	0.0541594	7.36334e-06	0.00482373
0.00251826	0.031096	7.36334e-06	0.00351983
0.00253299	0.0189972	7.36334e-06	0.00274966
0.00254772	0.00723211	7.36334e-06	0.00165339
0.00256244	0.00174192	7.36334e-06	0.000783633
0.00257717	0.000655883	7.36334e-06	0.0004638
