0	1122.62	7.35558e-06	3.91636
1.47112e-05	1122.41	7.35558e-06	3.89111
2.94223e-05	1121.89	7.35558e-06	3.87247
4.41335e-05	1120.82	7.35558e-06	3.8453
5.88446e-05	1119.59	7.35558e-06	3.82596
7.35558e-05	1117.73	7.35558e-06	3.79809
8.82669e-05	1115.37	7.35558e-06	3.76693
0.000102978	1112	7.35558e-06	3.70297
0.000117689	1108.95	7.35558e-06	3.67556
0.0001324	1105.65	7.35558e-06	3.65056
0.000147112	1101.64	7.35558e-06	3.61754
0.000161823	1097.94	7.35558e-06	3.59627
0.000176534	1092.62	7.35558e-06	3.554
0.000191245	1087.94	7.35558e-06	3.52891
0.000205956	1082.43	7.35558e-06	3.49818
0.000220667	1075.84	7.35558e-06	3.45447
0.000235378	1069	7.35558e-06	3.39437
0.00025009	1062.7	7.35558e-06	3.36498
0.000264801	1056.14	7.35558e-06	3.33873
0.000279512	1049.28	7.35558e-06	3.3132
0.000294223	1041.76	7.35558e-06	3.28389
0.000308934	1034.03	7.35558e-06	3.25495
0.000323645	1025.7	7.35558e-06	3.22234
0.000338357	1016.71	7.35558e-06	3.18558
0.000353068	1007.39	7.35558e-06	3.14835
0.000367779	998.368	7.35558e-06	3.12014
0.00038249	988.456	7.35558e-06	3.08819
0.000397201	978.582	7.35558e-06	3.05882
0.000411912	968.378	7.35558e-06	3.02889
0.000426623	957.744	7.35558e-06	2.9967
0.000441335	946.623	7.35558e-06	2.96377
0.000456046	935.2	7.35558e-06	2.92897
0.000470757	924.258	7.35558e-06	2.90136
0.000485468	912.761	7.35558e-06	2.87312
0.000500179	900.843	7.35558e-06	2.838
0.00051489	888.704	7.35558e-06	2.80753
0.000529602	876.624	7.35558e-06	2.77872
0.000544313	864.17	7.35558e-06	2.74925
0.000559024	851.323	7.35558e-06	2.718
0.000573735	837.694	7.35558e-06	2.67684
0.000588446	824.886	7.35558e-06	2.64915
0.000603157	811.643	7.35558e-06	2.61925
0.000617869	798.058	7.35558e-06	2.58936
0.00063258	782.627	7.35558e-06	2.31391
0.000647291	768.907	7.35558e-06	2.2811
0.000662002	754.355	7.35558e-06	2.2423
0.000676713	740.54	7.35558e-06	2.21352
0.000691424	726.257	7.35558e-06	2.18061
0.000706135	711.573	7.35558e-06	2.13023
0.000720847	697.637	7.35558e-06	2.10068
0.000735558	683.247	7.35558e-06	2.06762
0.000750269	668.843	7.35558e-06	2.03564
0.00076498	654.425	7.35558e-06	2.00474
0.000779691	640.258	7.35558e-06	1.97693
0.000794402	625.715	7.35558e-06	1.94673
0.000809114	611.59	7.35558e-06	1.92068
0.000823825	596.95	7.35558e-06	1.88463
0.000838536	582.071	7.35558e-06	1.84578
0.000853247	567.254	7.35558e-06	1.78037
0.000867958	552.741	7.35558e-06	1.73853
0.000882669	537.594	7.35558e-06	1.62997
0.00089738	523.351	7.35558e-06	1.60016
0.000912092	509.403	7.35558e-06	1.57313
0.000926803	494.965	7.35558e-06	1.53235
0.000941514	480.922	7.35558e-06	1.4995
0.000956225	467.249	7.35558e-06	1.47397
0.000970936	453.516	7.35558e-06	1.44587
0.000985647	439.646	7.35558e-06	1.41587
0.00100036	426.137	7.35558e-06	1.36461
0.00101507	412.683	7.35558e-06	1.32754
0.00102978	399.817	7.35558e-06	1.3031
0.00104449	386.75	7.35558e-06	1.27514
0.0010592	374.444	7.35558e-06	1.25206
0.00107391	362.159	7.35558e-06	1.22886
0.00108863	350.071	7.35558e-06	1.20323
0.00110334	337.959	7.35558e-06	1.17765
0.00111805	325.763	7.35558e-06	1.14721
0.00113276	313.684	7.35558e-06	1.11023
0.00114747	302.307	7.35558e-06	1.0887
0.00116218	291.017	7.35558e-06	1.05735
0.00117689	279.849	7.35558e-06	1.02355
0.0011916	268.916	7.35558e-06	0.994025
0.00120631	258.587	7.35558e-06	0.974984
0.00122103	248.139	7.35558e-06	0.937718
0.00123574	238.141	7.35558e-06	0.91866
0.00125045	228.39	7.35558e-06	0.883754
0.00126516	218.976	7.35558e-06	0.865665
0.00127987	209.791	7.35558e-06	0.848012
0.00129458	200.764	7.35558e-06	0.827913
0.00130929	192.052	7.35558e-06	0.809711
0.001324	183.3	7.35558e-06	0.782338
0.00133872	175.298	7.35558e-06	0.766995
0.00135343	167.34	7.35558e-06	0.74706
0.00136814	159.617	7.35558e-06	0.732216
0.00138285	152.226	7.35558e-06	0.717245
0.00139756	145.075	7.35558e-06	0.70428
0.00141227	138.258	7.35558e-06	0.691937
0.00142698	131.582	7.35558e-06	0.678462
0.00144169	125.027	7.35558e-06	0.654165
0.0014564	118.792	7.35558e-06	0.640511
0.00147112	112.728	7.35558e-06	0.624144
0.00148583	106.679	7.35558e-06	0.590025
0.00150054	101.183	7.35558e-06	0.578544
0.00151525	95.8312	7.35558e-06	0.567478
0.00152996	90.6859	7.35558e-06	0.555767
0.00154467	85.7612	7.35558e-06	0.544221
0.00155938	80.9761	7.35558e-06	0.533119
0.00157409	76.4843	7.35558e-06	0.518407
0.0015888	72.2685	7.35558e-06	0.509432
0.00160352	68.1615	7.35558e-06	0.495613
0.00161823	64.3202	7.35558e-06	0.486805
0.00163294	60.7364	7.35558e-06	0.479628
0.00164765	56.9518	7.35558e-06	0.43817
0.00166236	53.5365	7.35558e-06	0.43001
0.00167707	50.3625	7.35558e-06	0.421263
0.00169178	47.2508	7.35558e-06	0.413597
0.00170649	44.3663	7.35558e-06	0.407216
0.00172121	41.6685	7.35558e-06	0.401468
0.00173592	38.9506	7.35558e-06	0.389569
0.00175063	36.5376	7.35558e-06	0.383275
0.00176534	34.1533	7.35558e-06	0.376836
0.00178005	31.8737	7.35558e-06	0.371545
0.00179476	29.5237	7.35558e-06	0.359063
0.00180947	27.3475	7.35558e-06	0.333137
0.00182418	25.578	7.35558e-06	0.329407
0.00183889	23.769	7.35558e-06	0.325131
0.00185361	21.6838	7.35558e-06	0.194727
0.00186832	20.1791	7.35558e-06	0.189172
0.00188303	18.651	7.35558e-06	0.180549
0.00189774	17.2019	7.35558e-06	0.171975
0.00191245	15.8424	7.35558e-06	0.165507
0.00192716	14.6447	7.35558e-06	0.160108
0.00194187	13.4741	7.35558e-06	0.15266
0.00195658	12.3224	7.35558e-06	0.145145
0.00197129	11.2447	7.35558e-06	0.129666
0.00198601	10.3611	7.35558e-06	0.125191
0.00200072	9.51459	7.35558e-06	0.121168
0.00201543	8.72312	7.35558e-06	0.115304
0.00203014	7.96476	7.35558e-06	0.105702
0.00204485	7.34761	7.35558e-06	0.102504
0.00205956	6.67369	7.35558e-06	0.0967685
0.00207427	6.10387	7.35558e-06	0.0918322
0.00208898	5.55823	7.35558e-06	0.0867895
0.0021037	5.05914	7.35558e-06	0.0834283
0.00211841	4.55129	7.35558e-06	0.0784884
0.00213312	4.10463	7.35558e-06	0.0750427
0.00214783	3.70856	7.35558e-06	0.0720548
0.00216254	3.34337	7.35558e-06	0.0690434
0.00217725	3.02227	7.35558e-06	0.0664408
0.00219196	2.71872	7.35558e-06	0.0637889
0.00220667	2.43756	7.35558e-06	0.0614198
0.00222138	2.17477	7.35558e-06	0.0585777
0.0022361	1.92266	7.35558e-06	0.0541447
0.00225081	1.71575	7.35558e-06	0.052233
0.00226552	1.53323	7.35558e-06	0.0502227
0.00228023	1.33022	7.35558e-06	0.0469185
0.00229494	1.13247	7.35558e-06	0.0384472
0.00230965	0.997113	7.35558e-06	0.0366024
0.00232436	0.852103	7.35558e-06	0.033984
0.00233907	0.76213	7.35558e-06	0.0326793
0.00235378	0.655367	7.35558e-06	0.0291652
0.0023685	0.56195	7.35558e-06	0.0276608
0.00238321	0.47753	7.35558e-06	0.0260869
0.00239792	0.39379	7.35558e-06	0.0239447
0.00241263	0.309536	7.35558e-06	0.0214142
0.00242734	0.25225	7.35558e-06	0.0201109
0.00244205	0.187155	7.35558e-06	0.0166278
0.00245676	0.150499	7.35558e-06	0.0153137
0.00247147	0.118353	7.35558e-06	0.0143798
0.00248619	0.0891191	7.35558e-06	0.013201
0.0025009	0.064613	7.35558e-06	0.0114387
0.00251561	0.053879	7.35558e-06	0.0111371
0.00253032	0.040605	7.35558e-06	0.0103631
0.00254503	0.0158545	7.35558e-06	0.0055866
0.00255974	0.00304237	7.35558e-06	0.00215324
