0	1141.74	7.35721e-06	4.04523
1.47144e-05	1141.57	7.35721e-06	4.02645
2.94288e-05	1141	7.35721e-06	4.00517
4.41433e-05	1140.11	7.35721e-06	3.98487
5.88577e-05	1137.66	7.35721e-06	3.83458
7.35721e-05	1135.66	7.35721e-06	3.79765
8.82865e-05	1133.14	7.35721e-06	3.75624
0.000103001	1130.58	7.35721e-06	3.72762
0.000117715	1126.67	7.35721e-06	3.68024
0.00013243	1122.83	7.35721e-06	3.63891
0.000147144	1118.82	7.35721e-06	3.60655
0.000161859	1114.02	7.35721e-06	3.56316
0.000176573	1108.46	7.35721e-06	3.51371
0.000191288	1102.75	7.35721e-06	3.46504
0.000206002	1096.94	7.35721e-06	3.42485
0.000220716	1091.41	7.35721e-06	3.3972
0.000235431	1084.72	7.35721e-06	3.35847
0.000250145	1078.1	7.35721e-06	3.31582
0.00026486	1070.33	7.35721e-06	3.26443
0.000279574	1062.58	7.35721e-06	3.22147
0.000294288	1053.6	7.35721e-06	3.1546
0.000309003	1045.02	7.35721e-06	3.10913
0.000323717	1035.9	7.35721e-06	3.06759
0.000338432	1026.77	7.35721e-06	3.02672
0.000353146	1017.43	7.35721e-06	2.98856
0.000367861	1007.29	7.35721e-06	2.94798
0.000382575	996.675	7.35721e-06	2.90202
0.000397289	986.392	7.35721e-06	2.86618
0.000412004	975.295	7.35721e-06	2.82354
0.000426718	964.111	7.35721e-06	2.78593
0.000441433	952.481	7.35721e-06	2.74544
0.000456147	941.316	7.35721e-06	2.71192
0.000470862	928.911	7.35721e-06	2.66703
0.000485576	916.7	7.35721e-06	2.60972
0.00050029	904.009	7.35721e-06	2.56999
0.000515005	891.265	7.35721e-06	2.53011
0.000529719	877.917	7.35721e-06	2.48976
0.000544434	864.619	7.35721e-06	2.44442
0.000559148	851.117	7.35721e-06	2.39773
0.000573863	837.63	7.35721e-06	2.36012
0.000588577	822.426	7.35721e-06	2.21514
0.000603291	808.663	7.35721e-06	2.17758
0.000618006	794.826	7.35721e-06	2.14083
0.00063272	780.903	7.35721e-06	2.10539
0.000647435	766.62	7.35721e-06	2.06741
0.000662149	751.917	7.35721e-06	2.0218
0.000676864	737.735	7.35721e-06	1.98756
0.000691578	722.623	7.35721e-06	1.91926
0.000706292	707.457	7.35721e-06	1.85972
0.000721007	693.065	7.35721e-06	1.82602
0.000735721	678.404	7.35721e-06	1.79143
0.000750436	663.65	7.35721e-06	1.7567
0.00076515	648.724	7.35721e-06	1.71545
0.000779865	634.246	7.35721e-06	1.68357
0.000794579	619.091	7.35721e-06	1.64523
0.000809293	603.953	7.35721e-06	1.6072
0.000824008	588.833	7.35721e-06	1.56297
0.000838722	574.177	7.35721e-06	1.52974
0.000853437	559.023	7.35721e-06	1.49178
0.000868151	544.302	7.35721e-06	1.45227
0.000882865	530.225	7.35721e-06	1.42359
0.00089758	516.014	7.35721e-06	1.394
0.000912294	501.561	7.35721e-06	1.35745
0.000927009	487.448	7.35721e-06	1.32595
0.000941723	473.426	7.35721e-06	1.29597
0.000956438	459.729	7.35721e-06	1.26819
0.000971152	445.447	7.35721e-06	1.23037
0.000985866	431.692	7.35721e-06	1.20285
0.00100058	417.92	7.35721e-06	1.16643
0.0010153	404.394	7.35721e-06	1.13567
0.00103001	391.489	7.35721e-06	1.11108
0.00104472	378.739	7.35721e-06	1.08752
0.00105944	366.146	7.35721e-06	1.06389
0.00107415	353.787	7.35721e-06	1.04181
0.00108887	341.853	7.35721e-06	1.02149
0.00110358	329.621	7.35721e-06	0.995962
0.0011183	317.792	7.35721e-06	0.975241
0.00113301	306.069	7.35721e-06	0.952542
0.00114773	294.861	7.35721e-06	0.932967
0.00116244	283.676	7.35721e-06	0.9139
0.00117715	272.738	7.35721e-06	0.89469
0.00119187	262.034	7.35721e-06	0.875055
0.00120658	251.791	7.35721e-06	0.858987
0.0012213	241.797	7.35721e-06	0.842569
0.00123601	231.564	7.35721e-06	0.700382
0.00125073	221.805	7.35721e-06	0.680735
0.00126544	212.311	7.35721e-06	0.661842
0.00128015	203.355	7.35721e-06	0.646107
0.00129487	194.617	7.35721e-06	0.631167
0.00130958	185.868	7.35721e-06	0.610943
0.0013243	177.646	7.35721e-06	0.596528
0.00133901	169.553	7.35721e-06	0.581236
0.00135373	161.832	7.35721e-06	0.568145
0.00136844	154.343	7.35721e-06	0.555505
0.00138316	147.234	7.35721e-06	0.544859
0.00139787	140.25	7.35721e-06	0.533632
0.00141258	132.871	7.35721e-06	0.388818
0.0014273	126.217	7.35721e-06	0.374627
0.00144201	119.91	7.35721e-06	0.361187
0.00145673	113.709	7.35721e-06	0.344946
0.00147144	107.925	7.35721e-06	0.325277
0.00148616	102.232	7.35721e-06	0.309902
0.00150087	96.7773	7.35721e-06	0.297649
0.00151559	91.5524	7.35721e-06	0.284399
0.0015303	86.7114	7.35721e-06	0.273907
0.00154501	81.9225	7.35721e-06	0.25968
0.00155973	77.4154	7.35721e-06	0.249752
0.00157444	73.1477	7.35721e-06	0.240418
0.00158916	69.0703	7.35721e-06	0.231235
0.00160387	64.943	7.35721e-06	0.219743
0.00161859	61.1173	7.35721e-06	0.210598
0.0016333	57.4672	7.35721e-06	0.202087
0.00164802	54.0208	7.35721e-06	0.193913
0.00166273	50.7844	7.35721e-06	0.185382
0.00167744	47.7025	7.35721e-06	0.178034
0.00169216	44.749	7.35721e-06	0.170209
0.00170687	41.9709	7.35721e-06	0.163441
0.00172159	39.2362	7.35721e-06	0.156245
0.0017363	36.6767	7.35721e-06	0.149488
0.00175102	34.2527	7.35721e-06	0.143235
0.00176573	31.9602	7.35721e-06	0.13704
0.00178045	29.8276	7.35721e-06	0.130023
0.00179516	27.8269	7.35721e-06	0.124532
0.00180987	25.8838	7.35721e-06	0.118772
0.00182459	24.0987	7.35721e-06	0.112052
0.0018393	22.3607	7.35721e-06	0.106279
0.00185402	20.7669	7.35721e-06	0.101625
0.00186873	19.246	7.35721e-06	0.0967427
0.00188345	17.8269	7.35721e-06	0.0923347
0.00189816	16.4566	7.35721e-06	0.0879492
0.00191288	15.1928	7.35721e-06	0.0837283
0.00192759	14.0186	7.35721e-06	0.0797531
0.0019423	12.9498	7.35721e-06	0.0759993
0.00195702	11.9086	7.35721e-06	0.0722456
0.00197173	10.9495	7.35721e-06	0.0687393
0.00198645	10.0556	7.35721e-06	0.0653882
0.00200116	9.21503	7.35721e-06	0.0620551
0.00201588	8.44555	7.35721e-06	0.0589505
0.00203059	7.73058	7.35721e-06	0.0560566
0.00204531	7.06372	7.35721e-06	0.0532828
0.00206002	6.45512	7.35721e-06	0.0506467
0.00207473	5.89771	7.35721e-06	0.0481485
0.00208945	5.37019	7.35721e-06	0.0457417
0.00210416	4.85048	7.35721e-06	0.0431244
0.00211888	4.39721	7.35721e-06	0.040832
0.00213359	3.96489	7.35721e-06	0.0385274
0.00214831	3.57962	7.35721e-06	0.0364464
0.00216302	3.21823	7.35721e-06	0.0344127
0.00217773	2.90763	7.35721e-06	0.0325834
0.00219245	2.60383	7.35721e-06	0.0307016
0.00220716	2.31994	7.35721e-06	0.0288629
0.00222188	2.07041	7.35721e-06	0.0267341
0.00223659	1.84729	7.35721e-06	0.0250917
0.00225131	1.61763	7.35721e-06	0.0233125
0.00226602	1.42611	7.35721e-06	0.0217758
0.00228074	1.25412	7.35721e-06	0.0202994
0.00229545	1.10065	7.35721e-06	0.0189409
0.00231016	0.953071	7.35721e-06	0.0175315
0.00232488	0.833695	7.35721e-06	0.0163181
0.00233959	0.722962	7.35721e-06	0.0151038
0.00235431	0.60356	7.35721e-06	0.0137146
0.00236902	0.505875	7.35721e-06	0.0124937
0.00238374	0.415153	7.35721e-06	0.0112477
0.00239845	0.351192	7.35721e-06	0.0102971
0.00241317	0.284904	7.35721e-06	0.0092207
0.00242788	0.22866	7.35721e-06	0.00821802
0.00244259	0.182764	7.35721e-06	0.00731559
0.00245731	0.139322	7.35721e-06	0.00636476
0.00247202	0.105449	7.35721e-06	0.0055058
0.00248674	0.0786941	7.35721e-06	0.00473211
0.00250145	0.0553011	7.35721e-06	0.00395818
0.00251617	0.0346985	7.35721e-06	0.00311593
0.00253088	0.0192811	7.35721e-06	0.00231576
0.0025456	0.0103274	7.35721e-06	0.00167732
0.00256031	0.00321979	7.35721e-06	0.000930007
0.00257502	0.000270753	7.35721e-06	0.000270757
