0	1127.87	7.37062e-06	4.29301
1.47412e-05	1127.8	7.37062e-06	4.29014
2.94825e-05	1126.87	7.37062e-06	4.22439
4.42237e-05	1126.05	7.37062e-06	4.20948
5.8965e-05	1124.68	7.37062e-06	4.18533
7.37062e-05	1123.07	7.37062e-06	4.16607
8.84475e-05	1120.64	7.37062e-06	4.13453
0.000103189	1117.68	7.37062e-06	4.10185
0.00011793	1114.4	7.37062e-06	4.07285
0.000132671	1111.07	7.37062e-06	4.04874
0.000147412	1107.06	7.37062e-06	4.02092
0.000162154	1102.01	7.37062e-06	3.95591
0.000176895	1097.33	7.37062e-06	3.92912
0.000191636	1091.5	7.37062e-06	3.85795
0.000206377	1085.81	7.37062e-06	3.82023
0.000221119	1079.62	7.37062e-06	3.78737
0.00023586	1073.47	7.37062e-06	3.75895
0.000250601	1067.21	7.37062e-06	3.7345
0.000265342	1060.35	7.37062e-06	3.70626
0.000280084	1052.36	7.37062e-06	3.67127
0.000294825	1044.06	7.37062e-06	3.62871
0.000309566	1036.08	7.37062e-06	3.59906
0.000324307	1027.42	7.37062e-06	3.56959
0.000339049	1018.23	7.37062e-06	3.53251
0.00035379	1009.71	7.37062e-06	3.50786
0.000368531	1000.19	7.37062e-06	3.47661
0.000383272	990.523	7.37062e-06	3.44798
0.000398014	980.452	7.37062e-06	3.41905
0.000412755	970.135	7.37062e-06	3.39097
0.000427496	959.786	7.37062e-06	3.36552
0.000442237	948.441	7.37062e-06	3.33513
0.000456979	937.091	7.37062e-06	3.2902
0.00047172	924.667	7.37062e-06	3.24905
0.000486461	912.753	7.37062e-06	3.21898
0.000501202	900.482	7.37062e-06	3.188
0.000515944	887.555	7.37062e-06	3.15379
0.000530685	873.533	7.37062e-06	2.86991
0.000545426	860.918	7.37062e-06	2.84127
0.000560167	848.076	7.37062e-06	2.80991
0.000574909	834.972	7.37062e-06	2.779
0.00058965	820.965	7.37062e-06	2.66819
0.000604391	807.487	7.37062e-06	2.63769
0.000619132	793.727	7.37062e-06	2.60425
0.000633874	780.097	7.37062e-06	2.5745
0.000648615	765.896	7.37062e-06	2.54136
0.000663356	751.109	7.37062e-06	2.4755
0.000678097	736.981	7.37062e-06	2.44668
0.000692839	722.544	7.37062e-06	2.40781
0.00070758	708.217	7.37062e-06	2.37911
0.000722321	693.536	7.37062e-06	2.34968
0.000737062	678.899	7.37062e-06	2.32125
0.000751804	664.294	7.37062e-06	2.29147
0.000766545	649.324	7.37062e-06	2.2606
0.000781286	634.853	7.37062e-06	2.23535
0.000796027	620.653	7.37062e-06	2.20872
0.000810769	606.05	7.37062e-06	2.17629
0.00082551	591.637	7.37062e-06	2.15139
0.000840251	577.254	7.37062e-06	2.09285
0.000854992	562.377	7.37062e-06	2.05707
0.000869734	548.376	7.37062e-06	2.03532
0.000884475	534.212	7.37062e-06	2.00918
0.000899216	519.758	7.37062e-06	1.97294
0.000913957	506.07	7.37062e-06	1.9527
0.000928699	492.265	7.37062e-06	1.93054
0.00094344	478.616	7.37062e-06	1.90998
0.000958181	464.517	7.37062e-06	1.88084
0.000972922	450.775	7.37062e-06	1.85875
0.000987664	437.433	7.37062e-06	1.83808
0.0010024	423.105	7.37062e-06	1.80398
0.00101715	409.539	7.37062e-06	1.77498
0.00103189	396.854	7.37062e-06	1.75826
0.00104663	383.612	7.37062e-06	1.73659
0.00106137	371.014	7.37062e-06	1.71951
0.00107611	358.728	7.37062e-06	1.7026
0.00109085	346.649	7.37062e-06	1.68774
0.00110559	334.297	7.37062e-06	1.66622
0.00112033	322.574	7.37062e-06	1.64873
0.00113508	310.685	7.37062e-06	1.62418
0.00114982	299.479	7.37062e-06	1.61095
0.00116456	288.739	7.37062e-06	1.59896
0.0011793	277.633	7.37062e-06	1.58215
0.00119404	266.694	7.37062e-06	1.56891
0.00120878	255.936	7.37062e-06	1.54271
0.00122352	245.737	7.37062e-06	1.53148
0.00123826	235.834	7.37062e-06	1.51882
0.00125301	226.188	7.37062e-06	1.50809
0.00126775	216.789	7.37062e-06	1.49783
0.00128249	207.89	7.37062e-06	1.48954
0.00129723	199.115	7.37062e-06	1.47974
0.00131197	190.865	7.37062e-06	1.47246
0.00132671	182.578	7.37062e-06	1.4644
0.00134145	174.302	7.37062e-06	1.45459
0.00135619	164.543	7.37062e-06	0.594868
0.00137094	156.67	7.37062e-06	0.56791
0.00138568	149.32	7.37062e-06	0.550983
0.00140042	142.163	7.37062e-06	0.531676
0.00141516	135.195	7.37062e-06	0.513971
0.0014299	128.348	7.37062e-06	0.493412
0.00144464	121.672	7.37062e-06	0.473495
0.00145938	115.608	7.37062e-06	0.460011
0.00147412	109.647	7.37062e-06	0.445375
0.00148887	104.104	7.37062e-06	0.432317
0.00150361	98.5627	7.37062e-06	0.418069
0.00151835	93.3631	7.37062e-06	0.405968
0.00153309	88.2933	7.37062e-06	0.391252
0.00154783	83.3677	7.37062e-06	0.377263
0.00156257	78.6011	7.37062e-06	0.364542
0.00157731	74.1747	7.37062e-06	0.352926
0.00159205	69.8748	7.37062e-06	0.341343
0.0016068	65.935	7.37062e-06	0.332485
0.00162154	62.1903	7.37062e-06	0.324349
0.00163628	58.6617	7.37062e-06	0.316402
0.00165102	55.1824	7.37062e-06	0.306057
0.00166576	51.9128	7.37062e-06	0.298225
0.0016805	48.6792	7.37062e-06	0.290534
0.00169524	45.7324	7.37062e-06	0.283982
0.00170998	42.903	7.37062e-06	0.276113
0.00172473	40.1055	7.37062e-06	0.267937
0.00173947	37.58	7.37062e-06	0.261268
0.00175421	35.1496	7.37062e-06	0.255211
0.00176895	32.9001	7.37062e-06	0.244388
0.00178369	30.7489	7.37062e-06	0.239278
0.00179843	28.7268	7.37062e-06	0.233756
0.00181317	26.7302	7.37062e-06	0.227642
0.00182791	24.9343	7.37062e-06	0.223163
0.00184266	23.1854	7.37062e-06	0.217314
0.0018574	21.528	7.37062e-06	0.213272
0.00187214	19.9235	7.37062e-06	0.207234
0.00188688	18.4601	7.37062e-06	0.202424
0.00190162	17.1575	7.37062e-06	0.199285
0.00191636	15.6605	7.37062e-06	0.139311
0.0019311	14.492	7.37062e-06	0.13395
0.00194584	13.3798	7.37062e-06	0.127596
0.00196059	12.3638	7.37062e-06	0.123351
0.00197533	11.2993	7.37062e-06	0.105383
0.00199007	10.4038	7.37062e-06	0.101732
0.00200481	9.57535	7.37062e-06	0.0979794
0.00201955	8.8123	7.37062e-06	0.0938124
0.00203429	8.08886	7.37062e-06	0.0902971
0.00204903	7.38753	7.37062e-06	0.0864909
0.00206377	6.74022	7.37062e-06	0.080439
0.00207852	6.12823	7.37062e-06	0.0766947
0.00209326	5.55196	7.37062e-06	0.0723141
0.002108	5.04825	7.37062e-06	0.069434
0.00212274	4.56035	7.37062e-06	0.0664992
0.00213748	4.14854	7.37062e-06	0.0641189
0.00215222	3.7576	7.37062e-06	0.0612153
0.00216696	3.41626	7.37062e-06	0.0593573
0.0021817	3.07787	7.37062e-06	0.056215
0.00219645	2.75481	7.37062e-06	0.0535757
0.00221119	2.43784	7.37062e-06	0.0505773
0.00222593	2.13465	7.37062e-06	0.0385639
0.00224067	1.90581	7.37062e-06	0.0368215
0.00225541	1.69162	7.37062e-06	0.0349919
0.00227015	1.48298	7.37062e-06	0.0326306
0.00228489	1.28862	7.37062e-06	0.0291788
0.00229963	1.12123	7.37062e-06	0.0264939
0.00231438	0.965573	7.37062e-06	0.024357
0.00232912	0.840581	7.37062e-06	0.0226284
0.00234386	0.723456	7.37062e-06	0.0208436
0.0023586	0.6084	7.37062e-06	0.0187507
0.00237334	0.517454	7.37062e-06	0.0172465
0.00238808	0.422734	7.37062e-06	0.0140293
0.00240282	0.350539	7.37062e-06	0.0127497
0.00241756	0.283504	7.37062e-06	0.0112342
0.00243231	0.224461	7.37062e-06	0.0099716
0.00244705	0.183373	7.37062e-06	0.0089053
0.00246179	0.147982	7.37062e-06	0.00806249
0.00247653	0.111547	7.37062e-06	0.00683908
0.00249127	0.074835	7.37062e-06	0.00541207
0.00250601	0.0538023	7.37062e-06	0.00452922
0.00252075	0.0367039	7.37062e-06	0.00378852
0.00253549	0.0214742	7.37062e-06	0.00287163
0.00255024	0.00915339	7.37062e-06	0.00182177
0.00256498	0.00191482	7.37062e-06	0.000788098
