0	1132.07	7.39913e-06	3.89433
1.47983e-05	1131.77	7.39913e-06	3.84343
2.95965e-05	1131.24	7.39913e-06	3.82384
4.43948e-05	1130.08	7.39913e-06	3.78931
5.9193e-05	1128.37	7.39913e-06	3.74405
7.39913e-05	1126.38	7.39913e-06	3.7089
8.87896e-05	1123.72	7.39913e-06	3.66747
0.000103588	1121.17	7.39913e-06	3.64091
0.000118386	1117.68	7.39913e-06	3.60343
0.000133184	1113.92	7.39913e-06	3.56558
0.000147983	1109.9	7.39913e-06	3.53065
0.000162781	1106.11	7.39913e-06	3.50669
0.000177579	1101.45	7.39913e-06	3.47121
0.000192377	1095.98	7.39913e-06	3.43002
0.000207176	1090.47	7.39913e-06	3.39629
0.000221974	1083.76	7.39913e-06	3.35
0.000236772	1077.24	7.39913e-06	3.31515
0.00025157	1070.2	7.39913e-06	3.27281
0.000266369	1063.18	7.39913e-06	3.24109
0.000281167	1055.28	7.39913e-06	3.19815
0.000295965	1047.15	7.39913e-06	3.15712
0.000310764	1038.48	7.39913e-06	3.11735
0.000325562	1029.19	7.39913e-06	3.0717
0.00034036	1019.16	7.39913e-06	3.01221
0.000355158	1009.59	7.39913e-06	2.97311
0.000369957	999.705	7.39913e-06	2.93126
0.000384755	990.072	7.39913e-06	2.8993
0.000399553	979.755	7.39913e-06	2.86112
0.000414351	968.87	7.39913e-06	2.81982
0.00042915	957.418	7.39913e-06	2.76977
0.000443948	946.264	7.39913e-06	2.7332
0.000458746	935.056	7.39913e-06	2.69852
0.000473544	922.909	7.39913e-06	2.65693
0.000488343	910.553	7.39913e-06	2.61539
0.000503141	897.601	7.39913e-06	2.52718
0.000517939	885.26	7.39913e-06	2.49161
0.000532737	872.027	7.39913e-06	2.45005
0.000547536	858.029	7.39913e-06	2.37315
0.000562334	844.134	7.39913e-06	2.32674
0.000577132	830.323	7.39913e-06	2.27842
0.00059193	817.091	7.39913e-06	2.24269
0.000606729	803.099	7.39913e-06	2.20183
0.000621527	789.506	7.39913e-06	2.16547
0.000636325	775.32	7.39913e-06	2.12338
0.000651124	761.603	7.39913e-06	2.08948
0.000665922	747.241	7.39913e-06	2.04936
0.00068072	733.083	7.39913e-06	2.01386
0.000695518	718.343	7.39913e-06	1.97451
0.000710317	704.458	7.39913e-06	1.94268
0.000725115	689.764	7.39913e-06	1.8925
0.000739913	675.031	7.39913e-06	1.85487
0.000754711	660.459	7.39913e-06	1.82092
0.00076951	645.727	7.39913e-06	1.78552
0.000784308	631.317	7.39913e-06	1.75368
0.000799106	616.299	7.39913e-06	1.69345
0.000813904	601.088	7.39913e-06	1.65353
0.000828703	586.295	7.39913e-06	1.61963
0.000843501	571.584	7.39913e-06	1.58702
0.000858299	556.937	7.39913e-06	1.54578
0.000873097	542.784	7.39913e-06	1.51548
0.000887896	528.186	7.39913e-06	1.47842
0.000902694	514.123	7.39913e-06	1.44935
0.000917492	500.072	7.39913e-06	1.4202
0.000932291	485.895	7.39913e-06	1.38829
0.000947089	472.003	7.39913e-06	1.35921
0.000961887	458.087	7.39913e-06	1.32844
0.000976685	444.351	7.39913e-06	1.29895
0.000991484	430.735	7.39913e-06	1.27066
0.00100628	417.595	7.39913e-06	1.24107
0.00102108	404.079	7.39913e-06	1.20056
0.00103588	390.833	7.39913e-06	1.17302
0.00105068	377.974	7.39913e-06	1.14271
0.00106547	365.364	7.39913e-06	1.11919
0.00108027	352.809	7.39913e-06	1.02679
0.00109507	340.54	7.39913e-06	0.9943
0.00110987	328.631	7.39913e-06	0.969985
0.00112467	316.982	7.39913e-06	0.946175
0.00113947	305.647	7.39913e-06	0.922976
0.00115426	294.496	7.39913e-06	0.900336
0.00116906	283.359	7.39913e-06	0.875263
0.00118386	272.469	7.39913e-06	0.85305
0.00119866	261.883	7.39913e-06	0.828273
0.00121346	251.559	7.39913e-06	0.807636
0.00122826	241.517	7.39913e-06	0.787022
0.00124305	231.525	7.39913e-06	0.767
0.00125785	221.974	7.39913e-06	0.73886
0.00127265	212.675	7.39913e-06	0.720354
0.00128745	203.638	7.39913e-06	0.702076
0.00130225	194.926	7.39913e-06	0.685679
0.00131705	186.385	7.39913e-06	0.668392
0.00133184	178.237	7.39913e-06	0.653484
0.00134664	170.001	7.39913e-06	0.635872
0.00136144	162.243	7.39913e-06	0.618726
0.00137624	154.716	7.39913e-06	0.605154
0.00139104	147.347	7.39913e-06	0.589879
0.00140583	140.421	7.39913e-06	0.576716
0.00142063	133.533	7.39913e-06	0.560382
0.00143543	127.126	7.39913e-06	0.548103
0.00145023	120.464	7.39913e-06	0.493016
0.00146503	114.28	7.39913e-06	0.457396
0.00147983	108.287	7.39913e-06	0.441112
0.00149462	102.505	7.39913e-06	0.402787
0.00150942	97.2569	7.39913e-06	0.389239
0.00152422	91.9581	7.39913e-06	0.374128
0.00153902	86.9602	7.39913e-06	0.362431
0.00155382	82.0661	7.39913e-06	0.348787
0.00156862	77.6141	7.39913e-06	0.339303
0.00158341	73.2418	7.39913e-06	0.329383
0.00159821	68.9994	7.39913e-06	0.311301
0.00161301	65.1674	7.39913e-06	0.303274
0.00162781	61.362	7.39913e-06	0.285841
0.00164261	57.7316	7.39913e-06	0.277012
0.00165741	54.276	7.39913e-06	0.268502
0.0016722	50.9004	7.39913e-06	0.25497
0.001687	47.6427	7.39913e-06	0.235135
0.0017018	44.6291	7.39913e-06	0.226125
0.0017166	41.8077	7.39913e-06	0.218207
0.0017314	39.124	7.39913e-06	0.209092
0.00174619	36.6474	7.39913e-06	0.202121
0.00176099	34.283	7.39913e-06	0.195173
0.00177579	31.9802	7.39913e-06	0.187796
0.00179059	29.8077	7.39913e-06	0.179214
0.00180539	27.7432	7.39913e-06	0.171627
0.00182019	25.7774	7.39913e-06	0.160857
0.00183498	23.9256	7.39913e-06	0.153908
0.00184978	22.2255	7.39913e-06	0.147895
0.00186458	20.6719	7.39913e-06	0.142905
0.00187938	19.2392	7.39913e-06	0.13675
0.00189418	17.8988	7.39913e-06	0.132487
0.00190898	16.5676	7.39913e-06	0.127521
0.00192377	15.3189	7.39913e-06	0.122967
0.00193857	14.1575	7.39913e-06	0.118215
0.00195337	13.0437	7.39913e-06	0.11295
0.00196817	11.9011	7.39913e-06	0.10383
0.00198297	10.939	7.39913e-06	0.0996654
0.00199777	10.0243	7.39913e-06	0.0958991
0.00201256	9.13879	7.39913e-06	0.0864487
0.00202736	8.3525	7.39913e-06	0.0825047
0.00204216	7.65205	7.39913e-06	0.0795606
0.00205696	6.95207	7.39913e-06	0.0739779
0.00207176	6.35734	7.39913e-06	0.0701736
0.00208656	5.80524	7.39913e-06	0.0676947
0.00210135	5.28183	7.39913e-06	0.0653193
0.00211615	4.80639	7.39913e-06	0.0622766
0.00213095	4.33012	7.39913e-06	0.0560659
0.00214575	3.88477	7.39913e-06	0.0529139
0.00216055	3.49925	7.39913e-06	0.048696
0.00217534	3.1338	7.39913e-06	0.0442365
0.00219014	2.81828	7.39913e-06	0.0418735
0.00220494	2.53196	7.39913e-06	0.0395967
0.00221974	2.26432	7.39913e-06	0.0378189
0.00223454	2.02642	7.39913e-06	0.0361525
0.00224934	1.7645	7.39913e-06	0.0299309
0.00226413	1.54228	7.39913e-06	0.026323
0.00227893	1.35848	7.39913e-06	0.0245522
0.00229373	1.18313	7.39913e-06	0.0227165
0.00230853	1.04509	7.39913e-06	0.0210149
0.00232333	0.90249	7.39913e-06	0.0193765
0.00233813	0.774174	7.39913e-06	0.0177158
0.00235292	0.657679	7.39913e-06	0.016168
0.00236772	0.55574	7.39913e-06	0.0148036
0.00238252	0.462971	7.39913e-06	0.0133372
0.00239732	0.373844	7.39913e-06	0.0118116
0.00241212	0.30489	7.39913e-06	0.010566
0.00242692	0.246482	7.39913e-06	0.00948192
0.00244171	0.197584	7.39913e-06	0.00841203
0.00245651	0.147623	7.39913e-06	0.0071783
0.00247131	0.106827	7.39913e-06	0.0060021
0.00248611	0.0782604	7.39913e-06	0.00505176
0.00250091	0.0525544	7.39913e-06	0.0041289
0.0025157	0.0370974	7.39913e-06	0.0034796
0.0025305	0.0207777	7.39913e-06	0.00259893
0.0025453	0.00858354	7.39913e-06	0.00170186
0.0025601	0.00259317	7.39913e-06	0.000918552
