0	1122	7.38222e-06	3.96077
1.47644e-05	1121.82	7.38222e-06	3.94158
2.95289e-05	1121.41	7.38222e-06	3.93041
4.42933e-05	1120.51	7.38222e-06	3.90996
5.90577e-05	1118.88	7.38222e-06	3.8753
7.38222e-05	1117.1	7.38222e-06	3.85012
8.85866e-05	1114.47	7.38222e-06	3.80482
0.000103351	1111.9	7.38222e-06	3.77671
0.000118115	1108.56	7.38222e-06	3.74385
0.00013288	1105.15	7.38222e-06	3.71502
0.000147644	1101.42	7.38222e-06	3.68599
0.000162409	1097.12	7.38222e-06	3.65373
0.000177173	1092.97	7.38222e-06	3.63124
0.000191938	1087.74	7.38222e-06	3.59599
0.000206702	1082.28	7.38222e-06	3.56405
0.000221467	1076.48	7.38222e-06	3.53395
0.000236231	1070.24	7.38222e-06	3.50091
0.000250995	1063.46	7.38222e-06	3.46548
0.00026576	1056.05	7.38222e-06	3.42313
0.000280524	1048.69	7.38222e-06	3.39008
0.000295289	1040.99	7.38222e-06	3.35456
0.000310053	1033.25	7.38222e-06	3.32601
0.000324818	1024.89	7.38222e-06	3.29569
0.000339582	1016.6	7.38222e-06	3.26618
0.000354346	1008.09	7.38222e-06	3.23952
0.000369111	997.951	7.38222e-06	3.16921
0.000383875	988.325	7.38222e-06	3.13533
0.00039864	978.799	7.38222e-06	3.10762
0.000413404	968.038	7.38222e-06	3.063
0.000428169	957.862	7.38222e-06	3.03437
0.000442933	947.395	7.38222e-06	3.00594
0.000457697	936.417	7.38222e-06	2.97707
0.000472462	924.06	7.38222e-06	2.8899
0.000487226	912.242	7.38222e-06	2.85612
0.000501991	899.885	7.38222e-06	2.81343
0.000516755	887.343	7.38222e-06	2.77853
0.00053152	872.822	7.38222e-06	2.43348
0.000546284	860.073	7.38222e-06	2.39244
0.000561049	846.628	7.38222e-06	2.34602
0.000575813	833.449	7.38222e-06	2.3103
0.000590577	819.49	7.38222e-06	2.26119
0.000605342	806.345	7.38222e-06	2.2274
0.000620106	793.219	7.38222e-06	2.19577
0.000634871	779.28	7.38222e-06	2.16086
0.000649635	765.127	7.38222e-06	2.12165
0.0006644	750.979	7.38222e-06	2.08234
0.000679164	736.718	7.38222e-06	2.04398
0.000693928	722.468	7.38222e-06	2.00765
0.000708693	708.326	7.38222e-06	1.97446
0.000723457	693.679	7.38222e-06	1.92352
0.000738222	679.026	7.38222e-06	1.88737
0.000752986	664.582	7.38222e-06	1.85408
0.000767751	650.064	7.38222e-06	1.82115
0.000782515	635.609	7.38222e-06	1.7772
0.000797279	621.618	7.38222e-06	1.74852
0.000812044	607.185	7.38222e-06	1.71824
0.000826808	592.562	7.38222e-06	1.68263
0.000841573	577.89	7.38222e-06	1.64387
0.000856337	563.006	7.38222e-06	1.60745
0.000871102	548.268	7.38222e-06	1.5738
0.000885866	533.558	7.38222e-06	1.53837
0.000900631	519.212	7.38222e-06	1.50215
0.000915395	505.416	7.38222e-06	1.47604
0.000930159	491.694	7.38222e-06	1.44125
0.000944924	477.514	7.38222e-06	1.40605
0.000959688	463.54	7.38222e-06	1.37222
0.000974453	449.635	7.38222e-06	1.32042
0.000989217	436.242	7.38222e-06	1.29209
0.00100398	422.953	7.38222e-06	1.2625
0.00101875	409.815	7.38222e-06	1.23788
0.00103351	396.765	7.38222e-06	1.21102
0.00104827	383.442	7.38222e-06	1.18397
0.00106304	371.067	7.38222e-06	1.1608
0.0010778	358.495	7.38222e-06	1.11905
0.00109257	346.022	7.38222e-06	1.07709
0.00110733	333.51	7.38222e-06	1.04402
0.0011221	321.329	7.38222e-06	1.01592
0.00113686	309.81	7.38222e-06	0.993153
0.00115163	298.559	7.38222e-06	0.970821
0.00116639	287.785	7.38222e-06	0.952568
0.00118115	276.94	7.38222e-06	0.924178
0.00119592	266.221	7.38222e-06	0.905055
0.00121068	256.026	7.38222e-06	0.887464
0.00122545	245.794	7.38222e-06	0.861934
0.00124021	236.052	7.38222e-06	0.842919
0.00125498	226.442	7.38222e-06	0.825356
0.00126974	216.9	7.38222e-06	0.806368
0.00128451	208.05	7.38222e-06	0.789351
0.00129927	199.092	7.38222e-06	0.770596
0.00131403	190.203	7.38222e-06	0.745404
0.0013288	181.893	7.38222e-06	0.730557
0.00134356	173.738	7.38222e-06	0.717041
0.00135833	166	7.38222e-06	0.704069
0.00137309	158.126	7.38222e-06	0.677706
0.00138786	150.521	7.38222e-06	0.659226
0.00140262	143.389	7.38222e-06	0.645202
0.00141739	136.483	7.38222e-06	0.63355
0.00143215	129.906	7.38222e-06	0.62206
0.00144691	123.48	7.38222e-06	0.611641
0.00146168	117.268	7.38222e-06	0.59853
0.00147644	111.299	7.38222e-06	0.589075
0.00149121	105.571	7.38222e-06	0.578052
0.00150597	100.214	7.38222e-06	0.570116
0.00152074	94.9346	7.38222e-06	0.56206
0.0015355	90.0589	7.38222e-06	0.554918
0.00155027	84.6851	7.38222e-06	0.371154
0.00156503	79.9878	7.38222e-06	0.361352
0.00157979	75.4394	7.38222e-06	0.347718
0.00159456	71.0718	7.38222e-06	0.330798
0.00160932	67.102	7.38222e-06	0.321014
0.00162409	63.2974	7.38222e-06	0.31258
0.00163885	59.4284	7.38222e-06	0.30246
0.00165362	55.876	7.38222e-06	0.290812
0.00166838	52.5938	7.38222e-06	0.281971
0.00168315	49.3869	7.38222e-06	0.272482
0.00169791	46.3133	7.38222e-06	0.265076
0.00171267	43.3662	7.38222e-06	0.255616
0.00172744	40.6231	7.38222e-06	0.248368
0.0017422	38.0948	7.38222e-06	0.242347
0.00175697	35.6249	7.38222e-06	0.235803
0.00177173	33.1582	7.38222e-06	0.225205
0.0017865	30.9221	7.38222e-06	0.218053
0.00180126	28.8084	7.38222e-06	0.212013
0.00181603	26.9104	7.38222e-06	0.207291
0.00183079	25.1127	7.38222e-06	0.202963
0.00184555	23.3818	7.38222e-06	0.19854
0.00186032	21.7191	7.38222e-06	0.194107
0.00187508	20.0829	7.38222e-06	0.185946
0.00188985	18.4167	7.38222e-06	0.138015
0.00190461	16.9768	7.38222e-06	0.130878
0.00191938	15.6689	7.38222e-06	0.12618
0.00193414	14.4971	7.38222e-06	0.121655
0.00194891	13.3418	7.38222e-06	0.117328
0.00196367	12.2756	7.38222e-06	0.112158
0.00197843	11.321	7.38222e-06	0.108356
0.0019932	10.3662	7.38222e-06	0.101924
0.00200796	9.55221	7.38222e-06	0.0988666
0.00202273	8.74332	7.38222e-06	0.0900825
0.00203749	7.95895	7.38222e-06	0.083293
0.00205226	7.27989	7.38222e-06	0.0798569
0.00206702	6.64208	7.38222e-06	0.0763403
0.00208179	6.09729	7.38222e-06	0.073928
0.00209655	5.54185	7.38222e-06	0.0709259
0.00211131	5.05333	7.38222e-06	0.0685888
0.00212608	4.58669	7.38222e-06	0.0662148
0.00214084	4.10198	7.38222e-06	0.0598337
0.00215561	3.74002	7.38222e-06	0.0579097
0.00217037	3.38415	7.38222e-06	0.0557061
0.00218514	3.03205	7.38222e-06	0.0480424
0.0021999	2.7041	7.38222e-06	0.0422232
0.00221467	2.40048	7.38222e-06	0.0395016
0.00222943	2.13012	7.38222e-06	0.0374608
0.00224419	1.87577	7.38222e-06	0.034571
0.00225896	1.6538	7.38222e-06	0.0321
0.00227372	1.47618	7.38222e-06	0.0293045
0.00228849	1.28061	7.38222e-06	0.0268925
0.00230325	1.12151	7.38222e-06	0.024648
0.00231802	0.960049	7.38222e-06	0.022271
0.00233278	0.827551	7.38222e-06	0.0199976
0.00234755	0.693025	7.38222e-06	0.0179116
0.00236231	0.58836	7.38222e-06	0.0163016
0.00237707	0.497637	7.38222e-06	0.0149132
0.00239184	0.411496	7.38222e-06	0.0133461
0.0024066	0.336172	7.38222e-06	0.0118536
0.00242137	0.271752	7.38222e-06	0.0104215
0.00243613	0.209144	7.38222e-06	0.00906493
0.0024509	0.165273	7.38222e-06	0.00794555
0.00246566	0.127329	7.38222e-06	0.00699527
0.00248043	0.0924818	7.38222e-06	0.00594607
0.00249519	0.0668938	7.38222e-06	0.00497236
0.00250995	0.0413756	7.38222e-06	0.00393965
0.00252472	0.0246087	7.38222e-06	0.00292176
0.00253948	0.0129857	7.38222e-06	0.00209964
0.00255425	0.00367065	7.38222e-06	0.00111732
0.00256901	0.000406893	7.38222e-06	0.000406899
