7.39913e-06	0.150262	7.39913e-06	0.0902577
2.21974e-05	0.790842	7.39913e-06	0.244882
3.69957e-05	2.88893	7.39913e-06	0.554599
5.17939e-05	6.01344	7.39913e-06	1.10687
6.65922e-05	8.9584	7.39913e-06	1.15845
8.13904e-05	14.5951	7.39913e-06	1.48398
9.61887e-05	16.6029	7.39913e-06	1.29491
0.000110987	26.18	7.39913e-06	1.75749
0.000125785	31.9766	7.39913e-06	2.33503
0.000140583	38.1735	7.39913e-06	2.49505
0.000155382	39.7822	7.39913e-06	2.05691
0.00017018	53.6132	7.39913e-06	3.31811
0.000184978	68.3159	7.39913e-06	3.81345
0.000199777	74.3609	7.39913e-06	3.40891
0.000214575	97.2633	7.39913e-06	4.54578
0.000229373	101.167	7.39913e-06	3.63423
0.000244171	116.146	7.39913e-06	5.13824
0.00025897	122.805	7.39913e-06	3.74383
0.000273768	146.189	7.39913e-06	5.67467
0.000288566	158.613	7.39913e-06	5.74303
0.000303364	177.71	7.39913e-06	5.45191
0.000318163	199.595	7.39913e-06	6.66553
0.000332961	225.748	7.39913e-06	9.08647
0.000347759	225.003	7.39913e-06	6.12734
0.000362557	242.049	7.39913e-06	7.12144
0.000377356	245.643	7.39913e-06	5.32822
0.000392154	273.42	7.39913e-06	6.92782
0.000406952	299.319	7.39913e-06	7.6771
0.00042175	326.406	7.39913e-06	9.80344
0.000436549	329.023	7.39913e-06	7.1202
0.000451347	341.849	7.39913e-06	7.04502
0.000466145	382.632	7.39913e-06	8.56998
0.000480944	401.575	7.39913e-06	8.86961
0.000495742	433.882	7.39913e-06	18.4758
0.00051054	425.779	7.39913e-06	7.75501
0.000525338	469.78	7.39913e-06	9.1508
0.000540137	510.897	7.39913e-06	17.2686
0.000554935	521.061	7.39913e-06	10.6592
0.000569733	531.729	7.39913e-06	11.7951
0.000584531	522.66	7.39913e-06	8.7733
0.00059933	566.703	7.39913e-06	10.1014
0.000614128	564.103	7.39913e-06	9.41907
0.000628926	602.909	7.39913e-06	11.1738
0.000643724	596.677	7.39913e-06	9.06073
0.000658523	639.097	7.39913e-06	11.0709
0.000673321	644.193	7.39913e-06	9.90886
0.000688119	685.415	7.39913e-06	11.0486
0.000702917	659.551	7.39913e-06	9.40685
0.000717716	712.654	7.39913e-06	15.3859
0.000732514	729.304	7.39913e-06	11.3373
0.000747312	735.852	7.39913e-06	10.2883
0.000762111	758.725	7.39913e-06	11.0288
0.000776909	756.492	7.39913e-06	10.1438
0.000791707	803.503	7.39913e-06	19.2032
0.000806505	828.986	7.39913e-06	12.8614
0.000821304	821.017	7.39913e-06	11.0922
0.000836102	831.154	7.39913e-06	10.8354
0.0008509	842.22	7.39913e-06	14.5792
0.000865698	827.956	7.39913e-06	10.8214
0.000880497	868.563	7.39913e-06	13.4088
0.000895295	850.815	7.39913e-06	10.6636
0.000910093	864.144	7.39913e-06	10.904
0.000924891	886.017	7.39913e-06	12.2114
0.00093969	882.145	7.39913e-06	11.3692
0.000954488	897.581	7.39913e-06	12.2608
0.000969286	899.766	7.39913e-06	11.9888
0.000984084	905.419	7.39913e-06	11.664
0.000998883	886.967	7.39913e-06	12.8864
0.00101368	925.846	7.39913e-06	16.7746
0.00102848	920.606	7.39913e-06	11.8447
0.00104328	906.526	7.39913e-06	13.547
0.00105808	901.621	7.39913e-06	10.6278
0.00107287	910.226	7.39913e-06	29.7429
0.00108767	901.837	7.39913e-06	14.2886
0.00110247	887.168	7.39913e-06	11.1034
0.00111727	879.545	7.39913e-06	11.1515
0.00113207	867.129	7.39913e-06	11.1928
0.00114687	864.171	7.39913e-06	11.1174
0.00116166	874.226	7.39913e-06	12.2604
0.00117646	865.817	7.39913e-06	11.1372
0.00119126	852.129	7.39913e-06	12.5659
0.00120606	841.418	7.39913e-06	10.8468
0.00122086	828.432	7.39913e-06	11.0864
0.00123565	834.322	7.39913e-06	10.8211
0.00125045	807.106	7.39913e-06	14.5376
0.00126525	795.101	7.39913e-06	10.5319
0.00128005	781.68	7.39913e-06	10.6243
0.00129485	762.246	7.39913e-06	9.91611
0.00130965	755.894	7.39913e-06	10.5064
0.00132444	729.284	7.39913e-06	9.56328
0.00133924	745.327	7.39913e-06	10.87
0.00135404	709.906	7.39913e-06	10.9503
0.00136884	696.178	7.39913e-06	9.24506
0.00138364	689.018	7.39913e-06	10.2606
0.00139844	654.532	7.39913e-06	9.44264
0.00141323	657.833	7.39913e-06	11.0426
0.00142803	618.249	7.39913e-06	9.25756
0.00144283	649.514	7.39913e-06	22.3793
0.00145763	609.101	7.39913e-06	17.0358
0.00147243	596.313	7.39913e-06	10.437
0.00148723	581.134	7.39913e-06	17.1239
0.00150202	532.675	7.39913e-06	9.11096
0.00151682	543.122	7.39913e-06	9.6494
0.00153162	517.286	7.39913e-06	8.2044
0.00154642	511.426	7.39913e-06	9.05653
0.00156122	469.688	7.39913e-06	7.26745
0.00157601	465.654	7.39913e-06	7.49112
0.00159081	456.055	7.39913e-06	10.7649
0.00160561	415.773	7.39913e-06	6.5872
0.00162041	416.695	7.39913e-06	10.4238
0.00163521	401.152	7.39913e-06	6.89176
0.00165001	385.308	7.39913e-06	6.7655
0.0016648	379.748	7.39913e-06	8.84651
0.0016796	369.747	7.39913e-06	10.7061
0.0016944	345.057	7.39913e-06	6.73823
0.0017092	325.876	7.39913e-06	6.2428
0.001724	312.651	7.39913e-06	6.75691
0.0017388	291.006	7.39913e-06	5.78336
0.00175359	280.177	7.39913e-06	5.75942
0.00176839	275.183	7.39913e-06	5.91942
0.00178319	261.789	7.39913e-06	6.40422
0.00179799	250.833	7.39913e-06	5.91885
0.00181279	240.818	7.39913e-06	7.06198
0.00182759	228.688	7.39913e-06	5.47092
0.00184238	211.673	7.39913e-06	5.02396
0.00185718	194.968	7.39913e-06	4.52119
0.00187198	181.246	7.39913e-06	5.04893
0.00188678	170.901	7.39913e-06	4.10596
0.00190158	171.056	7.39913e-06	4.42169
0.00191637	161.701	7.39913e-06	4.19153
0.00193117	151.561	7.39913e-06	4.26276
0.00194597	146.471	7.39913e-06	4.45022
0.00196077	151.396	7.39913e-06	5.77967
0.00197557	128.435	7.39913e-06	3.76543
0.00199037	123.024	7.39913e-06	3.5338
0.00200516	119.992	7.39913e-06	5.55475
0.00201996	107.328	7.39913e-06	3.43475
0.00203476	96.3119	7.39913e-06	2.92067
0.00204956	96.9475	7.39913e-06	3.99402
0.00206436	82.9651	7.39913e-06	3.21219
0.00207916	77.5706	7.39913e-06	2.53805
0.00209395	74.0618	7.39913e-06	2.46014
0.00210875	67.7502	7.39913e-06	2.76721
0.00212355	68.3443	7.39913e-06	3.86113
0.00213835	64.3538	7.39913e-06	2.64086
0.00215315	56.0928	7.39913e-06	2.98738
0.00216795	53.5379	7.39913e-06	2.95992
0.00218274	46.5392	7.39913e-06	2.08025
0.00219754	42.5188	7.39913e-06	2.00211
0.00221234	40.0122	7.39913e-06	1.73332
0.00222714	35.8043	7.39913e-06	1.65391
0.00224194	39.6807	7.39913e-06	3.06074
0.00225674	33.8886	7.39913e-06	2.16117
0.00227153	28.2139	7.39913e-06	1.44534
0.00228633	27.0904	7.39913e-06	1.42844
0.00230113	21.4652	7.39913e-06	1.33428
0.00231593	22.3176	7.39913e-06	1.26509
0.00233073	20.2098	7.39913e-06	1.22949
0.00234552	18.4644	7.39913e-06	1.14191
0.00236032	16.2594	7.39913e-06	1.0318
0.00237512	14.8893	7.39913e-06	1.02685
0.00238992	14.394	7.39913e-06	0.99639
0.00240472	11.2051	7.39913e-06	0.855158
0.00241952	9.54964	7.39913e-06	0.759965
0.00243431	8.04378	7.39913e-06	0.718101
0.00244911	8.2686	7.39913e-06	0.724108
0.00246391	6.79253	7.39913e-06	0.6543
0.00247871	4.78486	7.39913e-06	0.542138
0.00249351	4.33145	7.39913e-06	0.489786
0.00250831	2.61996	7.39913e-06	0.376423
0.0025231	2.78252	7.39913e-06	0.394148
0.0025379	2.0913	7.39913e-06	0.33664
0.0025527	1.03334	7.39913e-06	0.247065
0.0025675	0.449916	7.39913e-06	0.159348
