7.38775e-06	0.177994	7.38775e-06	0.089952
2.21633e-05	1.42011	7.38775e-06	0.564188
3.69388e-05	2.63165	7.38775e-06	0.452434
5.17143e-05	5.0822	7.38775e-06	0.634065
6.64898e-05	7.89357	7.38775e-06	0.917134
8.12653e-05	11.9479	7.38775e-06	1.25076
9.60408e-05	21.631	7.38775e-06	1.99689
0.000110816	23.2684	7.38775e-06	1.57491
0.000125592	29.4746	7.38775e-06	2.18122
0.000140367	34.0253	7.38775e-06	1.79289
0.000155143	52.8162	7.38775e-06	5.68233
0.000169918	48.2408	7.38775e-06	2.26658
0.000184694	65.1955	7.38775e-06	3.92394
0.000199469	81.0261	7.38775e-06	3.88245
0.000214245	87.6028	7.38775e-06	4.97106
0.00022902	97.2109	7.38775e-06	3.04818
0.000243796	115.323	7.38775e-06	4.02092
0.000258571	116.59	7.38775e-06	3.38003
0.000273347	177.741	7.38775e-06	28.4666
0.000288122	148.091	7.38775e-06	4.14073
0.000302898	163.586	7.38775e-06	4.63815
0.000317673	178.455	7.38775e-06	4.56597
0.000332449	193.913	7.38775e-06	5.33946
0.000347224	214.925	7.38775e-06	5.94285
0.000362	227.915	7.38775e-06	5.49404
0.000376775	252.053	7.38775e-06	6.22725
0.000391551	265.27	7.38775e-06	5.88987
0.000406326	278.464	7.38775e-06	5.82331
0.000421102	307.387	7.38775e-06	6.44916
0.000435877	307.794	7.38775e-06	7.43673
0.000450653	357.59	7.38775e-06	10.347
0.000465428	361.172	7.38775e-06	6.64599
0.000480204	390.542	7.38775e-06	8.17161
0.000494979	407.784	7.38775e-06	7.26301
0.000509755	424.224	7.38775e-06	10.3006
0.00052453	450.194	7.38775e-06	7.96684
0.000539306	456.595	7.38775e-06	8.87702
0.000554081	483.628	7.38775e-06	8.92082
0.000568857	520.201	7.38775e-06	9.02853
0.000583632	516.873	7.38775e-06	8.17443
0.000598408	535.497	7.38775e-06	8.37825
0.000613183	561.348	7.38775e-06	10.2145
0.000627959	577.59	7.38775e-06	8.65296
0.000642734	594.974	7.38775e-06	10.8774
0.00065751	613.088	7.38775e-06	8.702
0.000672285	683.697	7.38775e-06	15.79
0.000687061	675.132	7.38775e-06	10.9098
0.000701836	678.156	7.38775e-06	10.0495
0.000716612	705.291	7.38775e-06	12.0914
0.000731387	739.011	7.38775e-06	10.9634
0.000746163	723.192	7.38775e-06	9.77924
0.000760938	747.566	7.38775e-06	11.3037
0.000775714	769.751	7.38775e-06	13.8
0.000790489	806.004	7.38775e-06	12.3418
0.000805265	811.874	7.38775e-06	11.1902
0.00082004	808.644	7.38775e-06	11.942
0.000834816	840.569	7.38775e-06	12.8301
0.000849591	833.543	7.38775e-06	16.2646
0.000864367	836.747	7.38775e-06	11.3466
0.000879142	845.723	7.38775e-06	10.5132
0.000893918	853.092	7.38775e-06	11.1772
0.000908693	895.807	7.38775e-06	14.6143
0.000923469	878.45	7.38775e-06	14.3889
0.000938244	891.095	7.38775e-06	13.5365
0.00095302	878.065	7.38775e-06	11.7817
0.000967795	903.88	7.38775e-06	13.4206
0.000982571	899.334	7.38775e-06	12.2891
0.000997346	885.591	7.38775e-06	11.1782
0.00101212	915.999	7.38775e-06	14.0185
0.0010269	890.453	7.38775e-06	11.7752
0.00104167	921.395	7.38775e-06	16.2498
0.00105645	908.835	7.38775e-06	14.3437
0.00107122	901.337	7.38775e-06	11.7642
0.001086	907.871	7.38775e-06	12.3555
0.00110078	914.371	7.38775e-06	13.2382
0.00111555	886.302	7.38775e-06	12.9993
0.00113033	883.849	7.38775e-06	12.6851
0.0011451	874.588	7.38775e-06	13.2662
0.00115988	869.6	7.38775e-06	11.8573
0.00117465	851.187	7.38775e-06	14.6281
0.00118943	851.707	7.38775e-06	11.2405
0.0012042	843.092	7.38775e-06	12.0103
0.00121898	811.347	7.38775e-06	10.7322
0.00123375	842.774	7.38775e-06	19.1663
0.00124853	811.242	7.38775e-06	11.5778
0.00126331	797.669	7.38775e-06	11.782
0.00127808	782.002	7.38775e-06	10.9634
0.00129286	770.884	7.38775e-06	14.5687
0.00130763	807.48	7.38775e-06	15.7757
0.00132241	742.099	7.38775e-06	11.6041
0.00133718	752.466	7.38775e-06	12.0501
0.00135196	743.649	7.38775e-06	13.9275
0.00136673	715.382	7.38775e-06	12.39
0.00138151	726.11	7.38775e-06	22.4126
0.00139629	676.613	7.38775e-06	17.1328
0.00141106	649.152	7.38775e-06	13.7111
0.00142584	638.579	7.38775e-06	9.93459
0.00144061	627.387	7.38775e-06	10.7135
0.00145539	613.597	7.38775e-06	9.92903
0.00147016	590.664	7.38775e-06	9.98824
0.00148494	591.901	7.38775e-06	13.9333
0.00149971	568.542	7.38775e-06	13.1292
0.00151449	524.961	7.38775e-06	9.46037
0.00152926	528.733	7.38775e-06	10.5958
0.00154404	502.709	7.38775e-06	8.94276
0.00155882	495.002	7.38775e-06	11.4331
0.00157359	469.476	7.38775e-06	9.00151
0.00158837	463.387	7.38775e-06	9.8137
0.00160314	440.078	7.38775e-06	9.4819
0.00161792	414.312	7.38775e-06	7.99809
0.00163269	405.569	7.38775e-06	8.12207
0.00164747	419.67	7.38775e-06	12.2206
0.00166224	373.872	7.38775e-06	8.44381
0.00167702	355.562	7.38775e-06	7.14796
0.0016918	352.527	7.38775e-06	8.52476
0.00170657	336.128	7.38775e-06	7.71285
0.00172135	310.64	7.38775e-06	7.54746
0.00173612	305.044	7.38775e-06	7.46296
0.0017509	281.362	7.38775e-06	8.38776
0.00176567	292.896	7.38775e-06	7.52998
0.00178045	264.346	7.38775e-06	6.25417
0.00179522	255.522	7.38775e-06	6.45943
0.00181	242.234	7.38775e-06	6.23641
0.00182477	227.307	7.38775e-06	6.6488
0.00183955	230.589	7.38775e-06	11.0873
0.00185433	211.958	7.38775e-06	6.14885
0.0018691	187.403	7.38775e-06	5.01252
0.00188388	195.817	7.38775e-06	6.00828
0.00189865	179.237	7.38775e-06	5.56523
0.00191343	174.564	7.38775e-06	8.74436
0.0019282	154.676	7.38775e-06	5.36969
0.00194298	158.02	7.38775e-06	6.55886
0.00195775	139.817	7.38775e-06	5.46147
0.00197253	128.466	7.38775e-06	5.23533
0.00198731	126.309	7.38775e-06	7.07496
0.00200208	119.867	7.38775e-06	4.86745
0.00201686	111.587	7.38775e-06	4.72256
0.00203163	105.098	7.38775e-06	5.08768
0.00204641	93.7611	7.38775e-06	4.22039
0.00206118	83.0292	7.38775e-06	3.83717
0.00207596	82.4018	7.38775e-06	3.44174
0.00209073	82.5579	7.38775e-06	5.72797
0.00210551	64.7944	7.38775e-06	2.88911
0.00212028	73.8772	7.38775e-06	4.53586
0.00213506	60.1087	7.38775e-06	2.86679
0.00214984	54.431	7.38775e-06	2.79658
0.00216461	50.0048	7.38775e-06	3.12416
0.00217939	57.5013	7.38775e-06	4.07087
0.00219416	44.4011	7.38775e-06	2.44253
0.00220894	40.2489	7.38775e-06	2.73754
0.00222371	39.4905	7.38775e-06	2.70789
0.00223849	32.1738	7.38775e-06	1.93633
0.00225326	31.561	7.38775e-06	2.68692
0.00226804	32.4409	7.38775e-06	3.04383
0.00228282	29.7616	7.38775e-06	2.97717
0.00229759	26.382	7.38775e-06	2.23009
0.00231237	20.6172	7.38775e-06	2.17233
0.00232714	20.0421	7.38775e-06	1.75214
0.00234192	24.9358	7.38775e-06	4.14664
0.00235669	13.7018	7.38775e-06	1.35855
0.00237147	16.4662	7.38775e-06	1.53295
0.00238624	15.3465	7.38775e-06	1.82907
0.00240102	11.447	7.38775e-06	1.13821
0.00241579	9.78012	7.38775e-06	1.25673
0.00243057	9.43222	7.38775e-06	2.58454
0.00244535	7.3518	7.38775e-06	1.01374
0.00246012	7.20429	7.38775e-06	1.17922
0.0024749	5.23958	7.38775e-06	0.7268
0.00248967	4.04674	7.38775e-06	0.621198
0.00250445	3.38723	7.38775e-06	0.819948
0.00251922	2.76806	7.38775e-06	0.554582
0.002534	3.23961	7.38775e-06	0.678335
0.00254877	1.27352	7.38775e-06	0.379716
0.00256355	0.431764	7.38775e-06	0.200897
0.00257833	0.417117	7.38775e-06	0.187669
