7.35447e-06	0.0998907	7.35447e-06	0.0706756
2.20634e-05	0.848935	7.35447e-06	0.298776
3.67724e-05	2.15749	7.35447e-06	0.398592
5.14813e-05	5.99956	7.35447e-06	0.908203
6.61902e-05	9.81618	7.35447e-06	1.36878
8.08992e-05	12.7489	7.35447e-06	1.69848
9.56081e-05	20.7832	7.35447e-06	2.08355
0.000110317	30.8201	7.35447e-06	3.60476
0.000125026	31.4994	7.35447e-06	1.97553
0.000139735	40.973	7.35447e-06	2.59705
0.000154444	50.8833	7.35447e-06	3.62001
0.000169153	56.6372	7.35447e-06	3.12231
0.000183862	62.6638	7.35447e-06	2.95323
0.000198571	77.8637	7.35447e-06	3.55323
0.00021328	96.1739	7.35447e-06	4.18176
0.000227989	98.5853	7.35447e-06	3.90559
0.000242698	131.556	7.35447e-06	13.8156
0.000257406	140.32	7.35447e-06	5.39533
0.000272115	137.413	7.35447e-06	4.50492
0.000286824	161.246	7.35447e-06	5.00212
0.000301533	167.941	7.35447e-06	4.9723
0.000316242	205.098	7.35447e-06	7.28915
0.000330951	215.475	7.35447e-06	6.71068
0.00034566	277.43	7.35447e-06	34.6097
0.000360369	236.686	7.35447e-06	5.77499
0.000375078	253.693	7.35447e-06	6.80837
0.000389787	278.047	7.35447e-06	6.94732
0.000404496	295.711	7.35447e-06	7.13045
0.000419205	317.687	7.35447e-06	7.62402
0.000433914	367.68	7.35447e-06	18.5635
0.000448623	356.76	7.35447e-06	7.75017
0.000463332	378.201	7.35447e-06	8.21272
0.000478041	404.955	7.35447e-06	7.91001
0.00049275	414.898	7.35447e-06	8.279
0.000507458	447.09	7.35447e-06	9.20702
0.000522167	461.249	7.35447e-06	8.34585
0.000536876	490.097	7.35447e-06	8.80522
0.000551585	482.579	7.35447e-06	8.34785
0.000566294	535.904	7.35447e-06	12.6355
0.000581003	556.549	7.35447e-06	11.7117
0.000595712	570.026	7.35447e-06	9.48739
0.000610421	602.368	7.35447e-06	14.5547
0.00062513	609.894	7.35447e-06	10.802
0.000639839	607.323	7.35447e-06	9.54639
0.000654548	635.189	7.35447e-06	9.36831
0.000669257	655.417	7.35447e-06	9.40083
0.000683966	647.809	7.35447e-06	9.3592
0.000698675	669.082	7.35447e-06	8.82593
0.000713384	704.242	7.35447e-06	9.70253
0.000728093	703.678	7.35447e-06	8.95801
0.000742802	752.451	7.35447e-06	9.8742
0.00075751	778.163	7.35447e-06	10.1872
0.000772219	789.877	7.35447e-06	11.7834
0.000786928	815.037	7.35447e-06	12.649
0.000801637	881.838	7.35447e-06	58.517
0.000816346	833.247	7.35447e-06	11.5515
0.000831055	838.182	7.35447e-06	11.1681
0.000845764	852.613	7.35447e-06	10.2657
0.000860473	851.871	7.35447e-06	12.7033
0.000875182	858.826	7.35447e-06	9.85022
0.000889891	901.213	7.35447e-06	13.9927
0.0009046	885.915	7.35447e-06	10.4183
0.000919309	901.92	7.35447e-06	11.7032
0.000934018	890.894	7.35447e-06	10.4342
0.000948727	903.17	7.35447e-06	10.6288
0.000963436	914.413	7.35447e-06	10.6517
0.000978145	908.291	7.35447e-06	12.6705
0.000992853	901.907	7.35447e-06	11.3195
0.00100756	925.093	7.35447e-06	20.5278
0.00102227	906.103	7.35447e-06	9.77047
0.00103698	927.909	7.35447e-06	14.227
0.00105169	923.303	7.35447e-06	11.9401
0.0010664	897.513	7.35447e-06	9.61973
0.00108111	900.848	7.35447e-06	9.7803
0.00109582	915.35	7.35447e-06	10.8379
0.00111053	895.949	7.35447e-06	10.0862
0.00112523	902.653	7.35447e-06	10.1422
0.00113994	889.677	7.35447e-06	10.5705
0.00115465	882.79	7.35447e-06	9.69143
0.00116936	842.922	7.35447e-06	9.36015
0.00118407	860.734	7.35447e-06	10.5941
0.00119878	844.7	7.35447e-06	9.91697
0.00121349	842.663	7.35447e-06	10.5518
0.0012282	798.421	7.35447e-06	9.72533
0.00124291	804.508	7.35447e-06	8.36606
0.00125761	807.109	7.35447e-06	10.6236
0.00127232	780.926	7.35447e-06	8.88955
0.00128703	764.044	7.35447e-06	8.56159
0.00130174	756.577	7.35447e-06	9.00597
0.00131645	737.245	7.35447e-06	8.02591
0.00133116	730.676	7.35447e-06	8.62079
0.00134587	718.683	7.35447e-06	7.76757
0.00136058	694.546	7.35447e-06	7.80522
0.00137529	689.956	7.35447e-06	8.66887
0.00138999	680.361	7.35447e-06	8.60754
0.0014047	645.925	7.35447e-06	7.03914
0.00141941	621.43	7.35447e-06	7.27877
0.00143412	607.757	7.35447e-06	6.93645
0.00144883	598.428	7.35447e-06	7.20072
0.00146354	579.181	7.35447e-06	6.9527
0.00147825	583.977	7.35447e-06	7.5222
0.00149296	541.672	7.35447e-06	6.55441
0.00150767	533.485	7.35447e-06	6.59382
0.00152238	508.408	7.35447e-06	6.18905
0.00153708	494.409	7.35447e-06	6.25191
0.00155179	460.001	7.35447e-06	5.65741
0.0015665	466.802	7.35447e-06	6.91969
0.00158121	443.172	7.35447e-06	5.87228
0.00159592	444.115	7.35447e-06	6.33915
0.00161063	408.004	7.35447e-06	5.40107
0.00162534	399.59	7.35447e-06	5.41076
0.00164005	383.73	7.35447e-06	5.15396
0.00165476	373.06	7.35447e-06	5.03266
0.00166946	351.908	7.35447e-06	5.00303
0.00168417	341.545	7.35447e-06	4.80671
0.00169888	317.587	7.35447e-06	4.67427
0.00171359	308.29	7.35447e-06	4.51329
0.0017283	302.939	7.35447e-06	4.49827
0.00174301	283.323	7.35447e-06	4.37707
0.00175772	265.537	7.35447e-06	4.20991
0.00177243	259.566	7.35447e-06	4.15604
0.00178714	243.341	7.35447e-06	4.01595
0.00180185	233.013	7.35447e-06	3.81057
0.00181655	225.988	7.35447e-06	4.61346
0.00183126	210.905	7.35447e-06	3.71393
0.00184597	201.251	7.35447e-06	3.56558
0.00186068	190.3	7.35447e-06	3.42554
0.00187539	183.029	7.35447e-06	3.38036
0.0018901	177.66	7.35447e-06	3.30973
0.00190481	161.408	7.35447e-06	3.19713
0.00191952	153.005	7.35447e-06	3.07923
0.00193423	142.392	7.35447e-06	2.95593
0.00194893	138.016	7.35447e-06	2.8968
0.00196364	123.213	7.35447e-06	2.7037
0.00197835	119.509	7.35447e-06	2.66975
0.00199306	112.107	7.35447e-06	2.56584
0.00200777	105.23	7.35447e-06	2.4769
0.00202248	98.0675	7.35447e-06	2.4067
0.00203719	94.3778	7.35447e-06	2.35713
0.0020519	89.4753	7.35447e-06	2.28329
0.00206661	85.9035	7.35447e-06	2.23756
0.00208132	74.784	7.35447e-06	2.05919
0.00209602	69.6197	7.35447e-06	1.98324
0.00211073	68.9535	7.35447e-06	1.9872
0.00212544	59.7339	7.35447e-06	1.83582
0.00214015	57.8593	7.35447e-06	1.79785
0.00215486	53.4092	7.35447e-06	1.72758
0.00216957	44.3504	7.35447e-06	1.56488
0.00218428	45.273	7.35447e-06	1.57687
0.00219899	41.0718	7.35447e-06	1.49568
0.0022137	39.5822	7.35447e-06	1.48575
0.0022284	33.9567	7.35447e-06	1.35733
0.00224311	31.2205	7.35447e-06	1.28886
0.00225782	31.058	7.35447e-06	1.28513
0.00227253	26.0772	7.35447e-06	1.18043
0.00228724	25.2374	7.35447e-06	1.15038
0.00230195	24.0198	7.35447e-06	1.23159
0.00231666	19.8703	7.35447e-06	1.02482
0.00233137	18.6433	7.35447e-06	0.987457
0.00234608	18.0749	7.35447e-06	0.968999
0.00236078	13.4476	7.35447e-06	0.831835
0.00237549	13.0353	7.35447e-06	0.817076
0.0023902	10.8517	7.35447e-06	0.745796
0.00240491	9.3869	7.35447e-06	0.694026
0.00241962	8.03126	7.35447e-06	0.634988
0.00243433	7.44635	7.35447e-06	0.610029
0.00244904	6.90445	7.35447e-06	0.596074
0.00246375	5.22865	7.35447e-06	0.509795
0.00247846	4.7047	7.35447e-06	0.478925
0.00249317	4.09264	7.35447e-06	0.447171
0.00250787	2.91875	7.35447e-06	0.374597
0.00252258	2.5143	7.35447e-06	0.349214
0.00253729	1.93181	7.35447e-06	0.301851
0.002552	0.951476	7.35447e-06	0.213349
0.00256671	0.600072	7.35447e-06	0.16644
0.00258142	0.0534892	7.35447e-06	0.0534892
