7.3773e-06	0.163049	7.3773e-06	0.0827543
2.21319e-05	0.862462	7.3773e-06	0.307352
3.68865e-05	2.79271	7.3773e-06	0.504399
5.16411e-05	4.55466	7.3773e-06	0.606178
6.63957e-05	7.40312	7.3773e-06	0.865196
8.11503e-05	12.988	7.3773e-06	1.31457
9.59049e-05	21.327	7.3773e-06	2.08984
0.00011066	23.8286	7.3773e-06	1.68976
0.000125414	33.77	7.3773e-06	2.33395
0.000140169	36.3658	7.3773e-06	1.92383
0.000154923	46.2024	7.3773e-06	2.79335
0.000169678	50.6295	7.3773e-06	2.09431
0.000184433	59.7265	7.3773e-06	2.95851
0.000199187	71.6625	7.3773e-06	3.22268
0.000213942	91.6777	7.3773e-06	3.77248
0.000228696	85.8823	7.3773e-06	3.84109
0.000243451	110.146	7.3773e-06	3.78504
0.000258206	128.942	7.3773e-06	4.92493
0.00027296	138.774	7.3773e-06	4.954
0.000287715	142.854	7.3773e-06	4.17255
0.000302469	180.483	7.3773e-06	10.2198
0.000317224	178.392	7.3773e-06	4.72526
0.000331979	192.675	7.3773e-06	5.92844
0.000346733	213.426	7.3773e-06	10.155
0.000361488	224.428	7.3773e-06	4.92709
0.000376242	245.723	7.3773e-06	6.02187
0.000390997	258.729	7.3773e-06	5.66744
0.000405752	313.534	7.3773e-06	25.4228
0.000420506	328.863	7.3773e-06	22.0773
0.000435261	326.614	7.3773e-06	10.2181
0.000450015	347.155	7.3773e-06	7.31026
0.00046477	355.649	7.3773e-06	6.99038
0.000479525	385.239	7.3773e-06	8.09754
0.000494279	412.176	7.3773e-06	8.90682
0.000509034	402.644	7.3773e-06	6.60848
0.000523788	426.674	7.3773e-06	8.18866
0.000538543	469.649	7.3773e-06	10.4299
0.000553298	473.93	7.3773e-06	8.43694
0.000568052	514.72	7.3773e-06	12.2361
0.000582807	524.797	7.3773e-06	10.0545
0.000597561	561.296	7.3773e-06	11.6523
0.000612316	575.272	7.3773e-06	10.0678
0.000627071	600.639	7.3773e-06	10.0948
0.000641825	605.54	7.3773e-06	9.2842
0.00065658	626.871	7.3773e-06	11.1091
0.000671334	640.091	7.3773e-06	8.975
0.000686089	665.34	7.3773e-06	16.353
0.000700844	688.641	7.3773e-06	12.8016
0.000715598	727.295	7.3773e-06	12.4015
0.000730353	718.086	7.3773e-06	13.775
0.000745107	729.432	7.3773e-06	9.88767
0.000759862	755.058	7.3773e-06	11.1416
0.000774617	749.366	7.3773e-06	10.2422
0.000789371	762.168	7.3773e-06	14.4001
0.000804126	809.186	7.3773e-06	13.6658
0.00081888	791.94	7.3773e-06	10.7606
0.000833635	806.273	7.3773e-06	12.434
0.00084839	826.502	7.3773e-06	17.1177
0.000863144	830.973	7.3773e-06	13.4775
0.000877899	896.21	7.3773e-06	14.2352
0.000892653	859.301	7.3773e-06	12.0506
0.000907408	867.171	7.3773e-06	13.047
0.000922163	917.324	7.3773e-06	25.2107
0.000936917	876.508	7.3773e-06	11.8863
0.000951672	899.522	7.3773e-06	12.0069
0.000966426	913.229	7.3773e-06	13.3803
0.000981181	904.376	7.3773e-06	11.926
0.000995936	855.452	7.3773e-06	10.2868
0.00101069	905.645	7.3773e-06	14.0914
0.00102544	924.667	7.3773e-06	13.6418
0.0010402	927.811	7.3773e-06	15.2289
0.00105495	896.3	7.3773e-06	12.3419
0.00106971	900.84	7.3773e-06	11.9005
0.00108446	893.492	7.3773e-06	13.2062
0.00109922	911.645	7.3773e-06	16.2421
0.00111397	901.095	7.3773e-06	12.4531
0.00112873	925.595	7.3773e-06	15.6902
0.00114348	897.982	7.3773e-06	15.5711
0.00115824	864.01	7.3773e-06	10.676
0.00117299	828.897	7.3773e-06	10.4569
0.00118775	862.458	7.3773e-06	12.2156
0.0012025	838.98	7.3773e-06	11.7449
0.00121725	824.391	7.3773e-06	12.328
0.00123201	818.716	7.3773e-06	11.1709
0.00124676	837.461	7.3773e-06	13.5916
0.00126152	820.334	7.3773e-06	12.3447
0.00127627	783.574	7.3773e-06	10.511
0.00129103	771.2	7.3773e-06	12.6991
0.00130578	746.758	7.3773e-06	10.1065
0.00132054	769.572	7.3773e-06	12.1886
0.00133529	752.155	7.3773e-06	21.9737
0.00135005	732.755	7.3773e-06	14.4395
0.0013648	692.001	7.3773e-06	10.6757
0.00137956	714.075	7.3773e-06	13.828
0.00139431	694.172	7.3773e-06	21.3164
0.00140906	655.068	7.3773e-06	10.891
0.00142382	640.739	7.3773e-06	9.46358
0.00143857	640.455	7.3773e-06	14.1035
0.00145333	607.214	7.3773e-06	10.8733
0.00146808	596.362	7.3773e-06	10.8835
0.00148284	608.279	7.3773e-06	15.0957
0.00149759	552.958	7.3773e-06	9.89993
0.00151235	552.913	7.3773e-06	10.8423
0.0015271	531.217	7.3773e-06	9.76175
0.00154186	506.011	7.3773e-06	9.61037
0.00155661	482.988	7.3773e-06	8.36029
0.00157136	489.404	7.3773e-06	10.7042
0.00158612	467.001	7.3773e-06	11.1588
0.00160087	443.367	7.3773e-06	9.44152
0.00161563	407.274	7.3773e-06	7.01505
0.00163038	414.508	7.3773e-06	11.7981
0.00164514	407.209	7.3773e-06	8.72627
0.00165989	373.152	7.3773e-06	7.96176
0.00167465	346.627	7.3773e-06	6.77736
0.0016894	355.513	7.3773e-06	8.84454
0.00170416	335.996	7.3773e-06	8.6836
0.00171891	335.505	7.3773e-06	10.3241
0.00173367	300.884	7.3773e-06	6.98868
0.00174842	299.384	7.3773e-06	6.5802
0.00176317	277.929	7.3773e-06	6.032
0.00177793	278.466	7.3773e-06	7.13943
0.00179268	260.347	7.3773e-06	6.58497
0.00180744	240.744	7.3773e-06	6.18791
0.00182219	235.898	7.3773e-06	6.40401
0.00183695	225.343	7.3773e-06	6.7924
0.0018517	231.125	7.3773e-06	9.6212
0.00186646	197.179	7.3773e-06	5.05344
0.00188121	184.854	7.3773e-06	4.83654
0.00189597	177.64	7.3773e-06	5.44649
0.00191072	166.598	7.3773e-06	6.47447
0.00192548	153.513	7.3773e-06	4.44191
0.00194023	153.377	7.3773e-06	5.27313
0.00195498	136.079	7.3773e-06	5.19653
0.00196974	136.804	7.3773e-06	6.25399
0.00198449	120.321	7.3773e-06	4.47514
0.00199925	122.32	7.3773e-06	5.10792
0.002014	121.649	7.3773e-06	10.9309
0.00202876	101.923	7.3773e-06	3.56756
0.00204351	86.7446	7.3773e-06	3.31469
0.00205827	90.8465	7.3773e-06	3.26438
0.00207302	81.4121	7.3773e-06	3.21646
0.00208778	76.9638	7.3773e-06	3.25468
0.00210253	71.0125	7.3773e-06	3.09664
0.00211729	65.9226	7.3773e-06	3.00925
0.00213204	61.9742	7.3773e-06	2.78201
0.00214679	61.0852	7.3773e-06	2.78363
0.00216155	56.9929	7.3773e-06	3.29402
0.0021763	49.8934	7.3773e-06	3.16518
0.00219106	46.293	7.3773e-06	2.59817
0.00220581	41.9975	7.3773e-06	2.31838
0.00222057	40.9396	7.3773e-06	2.19117
0.00223532	34.6115	7.3773e-06	1.91797
0.00225008	33.5006	7.3773e-06	1.95081
0.00226483	29.2221	7.3773e-06	1.80484
0.00227959	28.7687	7.3773e-06	2.11419
0.00229434	24.9518	7.3773e-06	2.01903
0.00230909	25.548	7.3773e-06	1.89245
0.00232385	18.1457	7.3773e-06	1.25083
0.0023386	18.1196	7.3773e-06	1.48644
0.00235336	14.7103	7.3773e-06	1.19319
0.00236811	18.3285	7.3773e-06	2.06164
0.00238287	14.8983	7.3773e-06	1.6364
0.00239762	12.3199	7.3773e-06	1.02698
0.00241238	10.8587	7.3773e-06	0.933776
0.00242713	7.31033	7.3773e-06	0.775999
0.00244189	9.31839	7.3773e-06	1.12059
0.00245664	6.52017	7.3773e-06	0.753511
0.0024714	6.62547	7.3773e-06	0.929382
0.00248615	4.43154	7.3773e-06	0.63977
0.0025009	3.70833	7.3773e-06	0.524288
0.00251566	3.40379	7.3773e-06	0.505686
0.00253041	1.65522	7.3773e-06	0.33084
0.00254517	1.38896	7.3773e-06	0.349896
0.00255992	0.95465	7.3773e-06	0.272472
0.00257468	0.259069	7.3773e-06	0.130585
