7.35703e-06	0.167362	7.35703e-06	0.0983357
2.20711e-05	0.853502	7.35703e-06	0.274329
3.67852e-05	2.92714	7.35703e-06	0.533953
5.14992e-05	8.62413	7.35703e-06	1.89039
6.62133e-05	7.95556	7.35703e-06	1.05587
8.09273e-05	12.7218	7.35703e-06	1.34511
9.56414e-05	21.1369	7.35703e-06	3.41231
0.000110355	23.662	7.35703e-06	1.96526
0.00012507	30.9897	7.35703e-06	1.97834
0.000139784	39.5831	7.35703e-06	2.44572
0.000154498	45.1415	7.35703e-06	2.4371
0.000169212	56.1015	7.35703e-06	2.81038
0.000183926	57.9687	7.35703e-06	2.54364
0.00019864	79.6441	7.35703e-06	3.50761
0.000213354	83.1106	7.35703e-06	4.41707
0.000228068	109.501	7.35703e-06	6.46155
0.000242782	114.833	7.35703e-06	5.02589
0.000257496	130.616	7.35703e-06	4.36387
0.00027221	134.58	7.35703e-06	4.39245
0.000286924	158.075	7.35703e-06	4.7593
0.000301638	185.053	7.35703e-06	8.75257
0.000316352	184.707	7.35703e-06	4.83731
0.000331066	205.643	7.35703e-06	5.90032
0.00034578	230.306	7.35703e-06	7.60476
0.000360495	239.223	7.35703e-06	6.86004
0.000375209	240.993	7.35703e-06	5.3491
0.000389923	269.127	7.35703e-06	6.63878
0.000404637	298.883	7.35703e-06	7.1736
0.000419351	313	7.35703e-06	6.92655
0.000434065	346.255	7.35703e-06	8.248
0.000448779	345.917	7.35703e-06	7.29566
0.000463493	378.865	7.35703e-06	9.20078
0.000478207	399.635	7.35703e-06	7.83488
0.000492921	416.95	7.35703e-06	8.34369
0.000507635	427.23	7.35703e-06	7.93143
0.000522349	440.775	7.35703e-06	7.46219
0.000537063	480.651	7.35703e-06	9.52514
0.000551777	481.19	7.35703e-06	9.45315
0.000566491	507.497	7.35703e-06	8.12162
0.000581206	559.985	7.35703e-06	21.8605
0.00059592	559.991	7.35703e-06	10.6925
0.000610634	589.703	7.35703e-06	9.82709
0.000625348	595.807	7.35703e-06	11.6656
0.000640062	616.816	7.35703e-06	9.48188
0.000654776	612.717	7.35703e-06	9.20399
0.00066949	653.481	7.35703e-06	9.50964
0.000684204	672.129	7.35703e-06	10.6857
0.000698918	671.818	7.35703e-06	9.15051
0.000713632	706.7	7.35703e-06	10.694
0.000728346	720.987	7.35703e-06	11.2876
0.00074306	744.477	7.35703e-06	12.472
0.000757774	754.424	7.35703e-06	12.6601
0.000772488	794.598	7.35703e-06	11.4061
0.000787202	782.835	7.35703e-06	10.9389
0.000801916	778.888	7.35703e-06	10.4423
0.000816631	800.132	7.35703e-06	11.1499
0.000831345	808.75	7.35703e-06	10.2573
0.000846059	828.892	7.35703e-06	10.3755
0.000860773	843.116	7.35703e-06	10.7857
0.000875487	842.409	7.35703e-06	10.3773
0.000890201	882.671	7.35703e-06	16.6322
0.000904915	856.161	7.35703e-06	10.2034
0.000919629	885.625	7.35703e-06	10.8021
0.000934343	885.25	7.35703e-06	11.2564
0.000949057	873.824	7.35703e-06	10.5452
0.000963771	922.483	7.35703e-06	21.5777
0.000978485	896.035	7.35703e-06	11.1413
0.000993199	902.591	7.35703e-06	12.2375
0.00100791	891.582	7.35703e-06	10.5259
0.00102263	923.661	7.35703e-06	11.5457
0.00103734	918.633	7.35703e-06	12.6605
0.00105206	914.767	7.35703e-06	11.6758
0.00106677	890.054	7.35703e-06	10.534
0.00108148	885.04	7.35703e-06	13.7427
0.0010962	908.869	7.35703e-06	11.3823
0.00111091	893.354	7.35703e-06	12.4446
0.00112563	937.089	7.35703e-06	28.9516
0.00114034	885.762	7.35703e-06	14.2522
0.00115505	873.812	7.35703e-06	12.8837
0.00116977	865.868	7.35703e-06	10.6895
0.00118448	851.929	7.35703e-06	10.2581
0.0011992	856.941	7.35703e-06	10.5393
0.00121391	853.057	7.35703e-06	12.1206
0.00122862	828.392	7.35703e-06	10.3917
0.00124334	824.368	7.35703e-06	11.9544
0.00125805	829.182	7.35703e-06	13.9596
0.00127277	773.681	7.35703e-06	9.37821
0.00128748	779.572	7.35703e-06	13.8778
0.00130219	754.691	7.35703e-06	10.2263
0.00131691	764.283	7.35703e-06	11.7371
0.00133162	719.704	7.35703e-06	8.41774
0.00134634	726.877	7.35703e-06	10.8088
0.00136105	714.368	7.35703e-06	9.51835
0.00137576	919.043	7.35703e-06	146.862
0.00139048	669.184	7.35703e-06	9.39245
0.00140519	641.452	7.35703e-06	8.62293
0.00141991	636.397	7.35703e-06	9.0027
0.00143462	624.002	7.35703e-06	8.42716
0.00144934	610.544	7.35703e-06	8.65343
0.00146405	575.993	7.35703e-06	8.31209
0.00147876	575.676	7.35703e-06	7.70477
0.00149348	559.267	7.35703e-06	8.93261
0.00150819	536.292	7.35703e-06	7.29022
0.00152291	515.467	7.35703e-06	7.43979
0.00153762	492.122	7.35703e-06	6.60774
0.00155233	477.942	7.35703e-06	6.84392
0.00156705	474.163	7.35703e-06	7.00336
0.00158176	442.289	7.35703e-06	6.46714
0.00159648	448.77	7.35703e-06	12.4508
0.00161119	438.416	7.35703e-06	7.69895
0.0016259	400.35	7.35703e-06	6.42176
0.00164062	375.313	7.35703e-06	5.97211
0.00165533	381.055	7.35703e-06	6.55881
0.00167005	372.052	7.35703e-06	8.66912
0.00168476	349.571	7.35703e-06	5.84045
0.00169947	366.687	7.35703e-06	32.6356
0.00171419	311.973	7.35703e-06	6.05561
0.0017289	301.645	7.35703e-06	5.28829
0.00174362	289.116	7.35703e-06	5.43912
0.00175833	272.23	7.35703e-06	4.79333
0.00177304	259.771	7.35703e-06	5.29194
0.00178776	243.814	7.35703e-06	4.56684
0.00180247	232.883	7.35703e-06	5.34135
0.00181719	228.49	7.35703e-06	4.57667
0.0018319	213.648	7.35703e-06	4.44189
0.00184661	222.571	7.35703e-06	5.11739
0.00186133	187.82	7.35703e-06	3.98961
0.00187604	180.622	7.35703e-06	3.78121
0.00189076	175.598	7.35703e-06	4.79128
0.00190547	166.891	7.35703e-06	3.88094
0.00192019	153.586	7.35703e-06	3.46301
0.0019349	142.824	7.35703e-06	3.36337
0.00194961	138.821	7.35703e-06	3.57312
0.00196433	133.517	7.35703e-06	3.27971
0.00197904	118.813	7.35703e-06	3.0924
0.00199376	110.063	7.35703e-06	2.92263
0.00200847	102.58	7.35703e-06	2.7335
0.00202318	101.877	7.35703e-06	2.87483
0.0020379	91.7981	7.35703e-06	2.58127
0.00205261	88.6254	7.35703e-06	2.68363
0.00206733	83.0555	7.35703e-06	2.40567
0.00208204	76.4351	7.35703e-06	2.41971
0.00209675	73.0242	7.35703e-06	2.29119
0.00211147	67.3134	7.35703e-06	2.21631
0.00212618	64.1751	7.35703e-06	2.15224
0.0021409	60.514	7.35703e-06	2.16693
0.00215561	51.5501	7.35703e-06	1.85701
0.00217032	47.6994	7.35703e-06	1.85553
0.00218504	47.4611	7.35703e-06	1.81597
0.00219975	39.6734	7.35703e-06	1.63535
0.00221447	40.018	7.35703e-06	1.64425
0.00222918	35.5188	7.35703e-06	1.59516
0.00224389	33.3365	7.35703e-06	1.51159
0.00225861	28.1937	7.35703e-06	1.33615
0.00227332	30.266	7.35703e-06	1.41913
0.00228804	25.0341	7.35703e-06	1.22804
0.00230275	26.0302	7.35703e-06	1.3168
0.00231747	20.922	7.35703e-06	1.14276
0.00233218	19.135	7.35703e-06	1.10928
0.00234689	18.2235	7.35703e-06	1.0502
0.00236161	15.182	7.35703e-06	0.948497
0.00237632	13.9586	7.35703e-06	0.902363
0.00239104	14.5804	7.35703e-06	0.928146
0.00240575	11.3249	7.35703e-06	0.788123
0.00242046	9.01712	7.35703e-06	0.716682
0.00243518	7.27036	7.35703e-06	0.637054
0.00244989	6.90921	7.35703e-06	0.618957
0.00246461	6.43759	7.35703e-06	0.595748
0.00247932	5.30607	7.35703e-06	0.540951
0.00249403	4.77921	7.35703e-06	0.514623
0.00250875	3.22758	7.35703e-06	0.411198
0.00252346	2.38451	7.35703e-06	0.355147
0.00253818	1.66131	7.35703e-06	0.291302
0.00255289	1.28989	7.35703e-06	0.253809
0.0025676	0.688288	7.35703e-06	0.184299
0.00258232	0.0480894	7.35703e-06	0.0480894
