7.35725e-06	0.145412	7.35725e-06	0.104203
2.20718e-05	1.09114	7.35725e-06	0.323343
3.67863e-05	3.25438	7.35725e-06	0.699447
5.15008e-05	5.36962	7.35725e-06	0.882249
6.62153e-05	7.97617	7.35725e-06	0.950402
8.09298e-05	13.1024	7.35725e-06	1.59977
9.56443e-05	17.0634	7.35725e-06	1.56756
0.000110359	23.2466	7.35725e-06	1.72426
0.000125073	31.789	7.35725e-06	2.28187
0.000139788	48.3945	7.35725e-06	4.88789
0.000154502	49.5975	7.35725e-06	3.19309
0.000169217	58.4174	7.35725e-06	2.93008
0.000183931	62.2366	7.35725e-06	3.37726
0.000198646	72.4796	7.35725e-06	3.13559
0.00021336	105.533	7.35725e-06	13.2542
0.000228075	94.2445	7.35725e-06	3.86829
0.000242789	117.83	7.35725e-06	4.11311
0.000257504	131.511	7.35725e-06	4.6292
0.000272218	152.04	7.35725e-06	5.44752
0.000286933	154.132	7.35725e-06	4.65833
0.000301647	178.196	7.35725e-06	7.77993
0.000316362	197.67	7.35725e-06	6.55969
0.000331076	220.836	7.35725e-06	9.19691
0.000345791	234.544	7.35725e-06	7.65997
0.000360505	244.099	7.35725e-06	6.91402
0.00037522	269.068	7.35725e-06	7.64408
0.000389934	282.332	7.35725e-06	7.22651
0.000404649	314.815	7.35725e-06	8.49911
0.000419363	328.439	7.35725e-06	9.14844
0.000434078	343.213	7.35725e-06	7.71064
0.000448792	352.369	7.35725e-06	9.76725
0.000463507	365.407	7.35725e-06	7.15958
0.000478221	380.378	7.35725e-06	7.0043
0.000492936	435.969	7.35725e-06	10.4118
0.00050765	431.307	7.35725e-06	9.15714
0.000522365	451.263	7.35725e-06	7.68758
0.000537079	472.946	7.35725e-06	9.98818
0.000551794	509.099	7.35725e-06	10.6141
0.000566508	548.732	7.35725e-06	10.672
0.000581223	556.234	7.35725e-06	12.2342
0.000595937	572.021	7.35725e-06	13.6532
0.000610652	598.258	7.35725e-06	10.5002
0.000625366	597.054	7.35725e-06	15.3454
0.000640081	613.46	7.35725e-06	9.34206
0.000654795	634.526	7.35725e-06	9.37524
0.00066951	659.714	7.35725e-06	10.3634
0.000684224	691.483	7.35725e-06	12.1348
0.000698939	708.79	7.35725e-06	13.4788
0.000713653	736.906	7.35725e-06	13.1202
0.000728368	748.886	7.35725e-06	11.6234
0.000743082	754.314	7.35725e-06	10.594
0.000757797	757.582	7.35725e-06	9.81296
0.000772511	801.469	7.35725e-06	15.7326
0.000787226	794.229	7.35725e-06	11.0021
0.00080194	817.576	7.35725e-06	11.1009
0.000816655	827.039	7.35725e-06	11.7682
0.000831369	834.8	7.35725e-06	13.1442
0.000846084	842.937	7.35725e-06	10.8217
0.000860798	878.451	7.35725e-06	17.7769
0.000875513	849.868	7.35725e-06	11.3436
0.000890227	863.126	7.35725e-06	11.2265
0.000904942	861.862	7.35725e-06	10.4678
0.000919656	886.233	7.35725e-06	11.4839
0.000934371	897.362	7.35725e-06	13.1254
0.000949085	897.657	7.35725e-06	12.516
0.0009638	910.125	7.35725e-06	12.2174
0.000978514	900.418	7.35725e-06	10.3521
0.000993229	922.037	7.35725e-06	13.2204
0.00100794	927.173	7.35725e-06	21.8014
0.00102266	923.196	7.35725e-06	13.3114
0.00103737	902.942	7.35725e-06	9.79843
0.00105209	912.802	7.35725e-06	10.7222
0.0010668	902.345	7.35725e-06	11.1265
0.00108152	910.876	7.35725e-06	10.9681
0.00109623	891.071	7.35725e-06	9.79907
0.00111094	876.714	7.35725e-06	9.70232
0.00112566	895.418	7.35725e-06	10.0599
0.00114037	870.383	7.35725e-06	9.47534
0.00115509	866.685	7.35725e-06	9.56612
0.0011698	860.184	7.35725e-06	10.1206
0.00118452	868.953	7.35725e-06	9.58587
0.00119923	835.385	7.35725e-06	9.89735
0.00121395	841.234	7.35725e-06	14.6988
0.00122866	823.09	7.35725e-06	9.74097
0.00124338	801.934	7.35725e-06	9.09062
0.00125809	784.114	7.35725e-06	10.2306
0.0012728	764.757	7.35725e-06	8.55063
0.00128752	773.825	7.35725e-06	9.14711
0.00130223	745.142	7.35725e-06	9.05894
0.00131695	758.725	7.35725e-06	9.12452
0.00133166	721.782	7.35725e-06	9.11968
0.00134638	733.83	7.35725e-06	9.1994
0.00136109	698.646	7.35725e-06	8.72941
0.00137581	689.384	7.35725e-06	8.16747
0.00139052	670.691	7.35725e-06	8.45375
0.00140524	645.827	7.35725e-06	7.46431
0.00141995	648.935	7.35725e-06	11.8084
0.00143466	623.364	7.35725e-06	7.76423
0.00144938	597.034	7.35725e-06	7.70955
0.00146409	580.811	7.35725e-06	7.87204
0.00147881	570.615	7.35725e-06	8.55407
0.00149352	549.241	7.35725e-06	7.12207
0.00150824	534.34	7.35725e-06	7.6569
0.00152295	514.033	7.35725e-06	6.49217
0.00153767	506.779	7.35725e-06	8.06149
0.00155238	492.514	7.35725e-06	6.63359
0.00156709	458.197	7.35725e-06	6.0237
0.00158181	450.086	7.35725e-06	6.12604
0.00159652	436.133	7.35725e-06	5.90743
0.00161124	410.366	7.35725e-06	6.08372
0.00162595	432.441	7.35725e-06	24.3332
0.00164067	393.377	7.35725e-06	5.75172
0.00165538	362.452	7.35725e-06	5.22116
0.0016701	349.316	7.35725e-06	5.16052
0.00168481	333.602	7.35725e-06	5.08633
0.00169953	318.4	7.35725e-06	4.98359
0.00171424	308.843	7.35725e-06	4.72156
0.00172895	298.399	7.35725e-06	5.01235
0.00174367	285.669	7.35725e-06	4.515
0.00175838	266.517	7.35725e-06	4.32826
0.0017731	260.923	7.35725e-06	4.58563
0.00178781	241.256	7.35725e-06	4.02108
0.00180253	234.461	7.35725e-06	4.16503
0.00181724	218.583	7.35725e-06	3.82288
0.00183196	218.714	7.35725e-06	4.14434
0.00184667	197.874	7.35725e-06	3.62373
0.00186138	197.202	7.35725e-06	3.69523
0.0018761	183.114	7.35725e-06	3.48618
0.00189081	178.979	7.35725e-06	6.89723
0.00190553	159.163	7.35725e-06	3.1894
0.00192024	151.674	7.35725e-06	3.23223
0.00193496	144.644	7.35725e-06	3.09993
0.00194967	132.806	7.35725e-06	2.9896
0.00196439	128.166	7.35725e-06	2.86116
0.0019791	120.257	7.35725e-06	2.79934
0.00199382	112.609	7.35725e-06	2.63982
0.00200853	103.493	7.35725e-06	2.60425
0.00202324	98.8984	7.35725e-06	2.51257
0.00203796	90.1222	7.35725e-06	2.3192
0.00205267	84.936	7.35725e-06	2.30594
0.00206739	82.2294	7.35725e-06	2.25645
0.0020821	79.1282	7.35725e-06	2.18594
0.00209682	70.7639	7.35725e-06	2.02597
0.00211153	63.7248	7.35725e-06	1.95798
0.00212625	61.5227	7.35725e-06	1.90989
0.00214096	56.1418	7.35725e-06	1.81704
0.00215567	54.0343	7.35725e-06	1.78572
0.00217039	46.139	7.35725e-06	1.63655
0.0021851	45.394	7.35725e-06	1.60208
0.00219982	42.2421	7.35725e-06	1.56042
0.00221453	38.0648	7.35725e-06	1.45264
0.00222925	34.8464	7.35725e-06	1.38683
0.00224396	32.7532	7.35725e-06	1.34638
0.00225868	29.6028	7.35725e-06	1.27994
0.00227339	26.5891	7.35725e-06	1.21646
0.00228811	24.1589	7.35725e-06	1.13276
0.00230282	22.2091	7.35725e-06	1.10675
0.00231753	19.5939	7.35725e-06	1.03988
0.00233225	16.7287	7.35725e-06	0.942119
0.00234696	17.7514	7.35725e-06	0.962002
0.00236168	15.3104	7.35725e-06	0.907421
0.00237639	12.2482	7.35725e-06	0.794217
0.00239111	10.4707	7.35725e-06	0.742722
0.00240582	9.73607	7.35725e-06	0.709336
0.00242054	8.94148	7.35725e-06	0.686401
0.00243525	8.55385	7.35725e-06	0.666824
0.00244996	7.31567	7.35725e-06	0.612339
0.00246468	6.14716	7.35725e-06	0.553137
0.00247939	4.84141	7.35725e-06	0.488785
0.00249411	3.47502	7.35725e-06	0.410738
0.00250882	3.14482	7.35725e-06	0.402228
0.00252354	2.25848	7.35725e-06	0.330298
0.00253825	1.40039	7.35725e-06	0.260571
0.00255297	1.00294	7.35725e-06	0.219021
0.00256768	0.558231	7.35725e-06	0.161323
0.0025824	0.143842	7.35725e-06	0.0830844
