0	2754.08	7.6717e-06	2231.92
1.53434e-05	1638.81	7.6717e-06	77.5578
3.06868e-05	1529.89	7.6717e-06	27.16
4.60302e-05	1474.7	7.6717e-06	15.7855
6.13736e-05	1437.93	7.6717e-06	11.7532
7.6717e-05	1406.47	7.6717e-06	9.40998
9.20604e-05	1381.3	7.6717e-06	8.20134
0.000107404	1358.17	7.6717e-06	7.37053
0.000122747	1337.06	7.6717e-06	6.79861
0.000138091	1316.86	7.6717e-06	6.35672
0.000153434	1297.56	7.6717e-06	6.01152
0.000168777	1279.06	7.6717e-06	5.73257
0.000184121	1261.35	7.6717e-06	5.50875
0.000199464	1243.81	7.6717e-06	5.31596
0.000214808	1225.98	7.6717e-06	5.13753
0.000230151	1207.68	7.6717e-06	4.96888
0.000245494	1189.9	7.6717e-06	4.82485
0.000260838	1171.74	7.6717e-06	4.68159
0.000276181	1153.45	7.6717e-06	4.5519
0.000291525	1135.73	7.6717e-06	4.43857
0.000306868	1118.09	7.6717e-06	4.33623
0.000322211	1099.98	7.6717e-06	4.23218
0.000337555	1081.93	7.6717e-06	4.13479
0.000352898	1063.37	7.6717e-06	4.03646
0.000368242	1045.29	7.6717e-06	3.9516
0.000383585	1026.05	7.6717e-06	3.85566
0.000398928	1006.95	7.6717e-06	3.7658
0.000414272	987.315	7.6717e-06	3.62385
0.000429615	968.443	7.6717e-06	3.54419
0.000444959	949.702	7.6717e-06	3.46999
0.000460302	930.97	7.6717e-06	3.39614
0.000475645	911.615	7.6717e-06	3.29603
0.000490989	892.446	7.6717e-06	3.22455
0.000506332	872.83	7.6717e-06	3.14701
0.000521676	853.829	7.6717e-06	3.08199
0.000537019	834.218	7.6717e-06	2.97607
0.000552363	815.732	7.6717e-06	2.91985
0.000567706	795.772	7.6717e-06	2.83247
0.000583049	777.175	7.6717e-06	2.77584
0.000598393	759.225	7.6717e-06	2.72403
0.000613736	739.859	7.6717e-06	2.65323
0.00062908	721.03	7.6717e-06	2.59024
0.000644423	701.884	7.6717e-06	2.52672
0.000659766	684.293	7.6717e-06	2.47646
0.00067511	666.43	7.6717e-06	2.43147
0.000690453	648.74	7.6717e-06	2.38583
0.000705797	629.569	7.6717e-06	2.3088
0.00072114	611.601	7.6717e-06	2.24488
0.000736483	593.887	7.6717e-06	2.19528
0.000751827	575.622	7.6717e-06	2.13849
0.00076717	558.598	7.6717e-06	2.0947
0.000782514	541.791	7.6717e-06	2.05276
0.000797857	524.906	7.6717e-06	2.00337
0.0008132	508.969	7.6717e-06	1.96779
0.000828544	492.939	7.6717e-06	1.92874
0.000843887	476.654	7.6717e-06	1.87393
0.000859231	461.078	7.6717e-06	1.83241
0.000874574	445.757	7.6717e-06	1.79961
0.000889917	430.406	7.6717e-06	1.75979
0.000905261	415.638	7.6717e-06	1.72892
0.000920604	400.937	7.6717e-06	1.69386
0.000935948	386.163	7.6717e-06	1.65498
0.000951291	372.568	7.6717e-06	1.62805
0.000966634	358.982	7.6717e-06	1.60054
0.000981978	344.993	7.6717e-06	1.55238
0.000997321	331.718	7.6717e-06	1.5111
0.00101266	318.973	7.6717e-06	1.48661
0.00102801	306.416	7.6717e-06	1.45093
0.00104335	293.999	7.6717e-06	1.41534
0.00105869	282.059	7.6717e-06	1.39008
0.00107404	270.481	7.6717e-06	1.36524
0.00108938	259.211	7.6717e-06	1.34192
0.00110473	248.071	7.6717e-06	1.31468
0.00112007	237.151	7.6717e-06	1.25818
0.00113541	226.362	7.6717e-06	1.23588
0.00115076	216.506	7.6717e-06	1.2162
0.0011661	207.087	7.6717e-06	1.19968
0.00118144	197.811	7.6717e-06	1.17625
0.00119679	189.065	7.6717e-06	1.16056
0.00121213	180.318	7.6717e-06	1.1437
0.00122747	171.493	7.6717e-06	1.09901
0.00124282	163.504	7.6717e-06	1.08386
0.00125816	155.824	7.6717e-06	1.07005
0.0012735	147.972	7.6717e-06	1.04887
0.00128885	140.469	7.6717e-06	1.02903
0.00130419	133.293	7.6717e-06	1.01407
0.00131953	126.072	7.6717e-06	0.987196
0.00133488	119.32	7.6717e-06	0.971641
0.00135022	112.879	7.6717e-06	0.957061
0.00136556	107.083	7.6717e-06	0.946582
0.00138091	100.401	7.6717e-06	0.745945
0.00139625	95.0428	7.6717e-06	0.73547
0.00141159	89.2287	7.6717e-06	0.700423
0.00142694	84.364	7.6717e-06	0.688146
0.00144228	79.6205	7.6717e-06	0.675578
0.00145762	74.7913	7.6717e-06	0.647808
0.00147297	70.5653	7.6717e-06	0.636512
0.00148831	66.2278	7.6717e-06	0.620937
0.00150365	62.1964	7.6717e-06	0.605552
0.001519	58.3827	7.6717e-06	0.592617
0.00153434	54.7922	7.6717e-06	0.582689
0.00154968	51.5337	7.6717e-06	0.574742
0.00156503	48.2902	7.6717e-06	0.566886
0.00158037	45.1795	7.6717e-06	0.557364
0.00159571	42.3923	7.6717e-06	0.550639
0.00161106	39.6671	7.6717e-06	0.541744
0.0016264	37.0746	7.6717e-06	0.533875
0.00164174	34.4316	7.6717e-06	0.522211
0.00165709	32.0631	7.6717e-06	0.508522
0.00167243	29.9424	7.6717e-06	0.501111
0.00168777	27.9029	7.6717e-06	0.489318
0.00170312	25.9046	7.6717e-06	0.483779
0.00171846	23.9654	7.6717e-06	0.475524
0.0017338	22.4303	7.6717e-06	0.471778
0.00174915	20.369	7.6717e-06	0.346957
0.00176449	19.0005	7.6717e-06	0.342636
0.00177983	17.5592	7.6717e-06	0.336212
0.00179518	16.0636	7.6717e-06	0.323766
0.00181052	14.8452	7.6717e-06	0.316597
0.00182586	13.6982	7.6717e-06	0.311886
0.00184121	12.288	7.6717e-06	0.208022
0.00185655	11.0415	7.6717e-06	0.185974
0.0018719	10.111	7.6717e-06	0.179853
0.00188724	9.2402	7.6717e-06	0.171048
0.00190258	8.43856	7.6717e-06	0.164904
0.00191793	7.6915	7.6717e-06	0.159755
0.00193327	7.01973	7.6717e-06	0.155292
0.00194861	6.40095	7.6717e-06	0.150404
0.00196396	5.88063	7.6717e-06	0.147195
0.0019793	5.37206	7.6717e-06	0.144097
0.00199464	4.8107	7.6717e-06	0.136562
0.00200999	4.33433	7.6717e-06	0.133149
0.00202533	3.8789	7.6717e-06	0.12955
0.00204067	3.48007	7.6717e-06	0.125184
0.00205602	3.1507	7.6717e-06	0.122817
0.00207136	2.86554	7.6717e-06	0.121
0.0020867	2.60973	7.6717e-06	0.118989
0.00210205	2.31085	7.6717e-06	0.115985
0.00211739	1.96671	7.6717e-06	0.0989306
0.00213273	1.77819	7.6717e-06	0.0973069
0.00214808	1.58249	7.6717e-06	0.0949872
0.00216342	1.32459	7.6717e-06	0.0844591
0.00217876	1.19464	7.6717e-06	0.0834034
0.00219411	0.990108	7.6717e-06	0.0740652
0.00220945	0.848176	7.6717e-06	0.0715112
0.00222479	0.754681	7.6717e-06	0.0703755
0.00224014	0.671345	7.6717e-06	0.0695422
0.00225548	0.561669	7.6717e-06	0.0676916
0.00227082	0.493194	7.6717e-06	0.0670529
0.00228617	0.429987	7.6717e-06	0.0660726
0.00230151	0.318855	7.6717e-06	0.0335922
0.00231685	0.23439	7.6717e-06	0.0256064
0.0023322	0.196476	7.6717e-06	0.0245839
0.00234754	0.159649	7.6717e-06	0.0231351
0.00236288	0.131966	7.6717e-06	0.0223466
0.00237823	0.0924404	7.6717e-06	0.0179303
0.00239357	0.0556847	7.6717e-06	0.0132125
0.00240891	0.0412803	7.6717e-06	0.0122996
0.00242426	0.0287915	7.6717e-06	0.0108012
0.0024396	0.0134898	7.6717e-06	0.00469767
0.00245494	0.0110474	7.6717e-06	0.00435771
0.00247029	0.00512767	7.6717e-06	0.00189724
0.00248563	0.00239872	7.6717e-06	0.00144574
0.00250097	0.00239872	7.6717e-06	0.00144574
0.00251632	0.00191921	7.6717e-06	0.0013639
