0	4146	7.11906e-06	4185.12
1.42381e-05	2054.49	7.11906e-06	131.61
2.84762e-05	1868.39	7.11906e-06	43.8128
4.27143e-05	1777.63	7.11906e-06	24.4864
5.69525e-05	1717.04	7.11906e-06	17.2849
7.11906e-05	1669.82	7.11906e-06	13.7014
8.54287e-05	1630.16	7.11906e-06	11.6273
9.96668e-05	1595.42	7.11906e-06	10.3038
0.000113905	1562.76	7.11906e-06	9.3191
0.000128143	1532.92	7.11906e-06	8.61492
0.000142381	1504.62	7.11906e-06	8.06906
0.000156619	1477.38	7.11906e-06	7.62533
0.000170857	1449.7	7.11906e-06	7.21692
0.000185096	1424.15	7.11906e-06	6.90999
0.000199334	1398.75	7.11906e-06	6.63324
0.000213572	1372.79	7.11906e-06	6.37249
0.00022781	1347.44	7.11906e-06	6.14474
0.000242048	1322.01	7.11906e-06	5.93525
0.000256286	1296.53	7.11906e-06	5.73979
0.000270524	1270.62	7.11906e-06	5.54825
0.000284762	1245.51	7.11906e-06	5.38396
0.000299	1219.45	7.11906e-06	5.21515
0.000313239	1193.78	7.11906e-06	5.05726
0.000327477	1167.51	7.11906e-06	4.90607
0.000341715	1141.25	7.11906e-06	4.75943
0.000355953	1116.1	7.11906e-06	4.63253
0.000370191	1091.27	7.11906e-06	4.51426
0.000384429	1065.17	7.11906e-06	4.36204
0.000398667	1040.74	7.11906e-06	4.25591
0.000412905	1015.84	7.11906e-06	4.15063
0.000427143	991.212	7.11906e-06	4.0504
0.000441382	966.49	7.11906e-06	3.9101
0.00045562	942.773	7.11906e-06	3.82362
0.000469858	916.174	7.11906e-06	3.48364
0.000484096	892.459	7.11906e-06	3.39412
0.000498334	868.972	7.11906e-06	3.30835
0.000512572	845.615	7.11906e-06	3.20892
0.00052681	822.692	7.11906e-06	3.13288
0.000541048	799.696	7.11906e-06	3.05538
0.000555287	776.337	7.11906e-06	2.95617
0.000569525	753.62	7.11906e-06	2.88234
0.000583763	731.805	7.11906e-06	2.81646
0.000598001	709.879	7.11906e-06	2.73568
0.000612239	687.632	7.11906e-06	2.64942
0.000626477	665.931	7.11906e-06	2.58126
0.000640715	644.959	7.11906e-06	2.52178
0.000654953	624.552	7.11906e-06	2.46307
0.000669191	603.899	7.11906e-06	2.38097
0.00068343	583.841	7.11906e-06	2.3194
0.000697668	564.28	7.11906e-06	2.26327
0.000711906	545.002	7.11906e-06	2.20632
0.000726144	525.689	7.11906e-06	2.14193
0.000740382	507.039	7.11906e-06	2.06454
0.00075462	489.556	7.11906e-06	2.02009
0.000768858	472.211	7.11906e-06	1.97406
0.000783096	455.266	7.11906e-06	1.93136
0.000797335	439.035	7.11906e-06	1.89254
0.000811573	422.078	7.11906e-06	1.83226
0.000825811	406.433	7.11906e-06	1.79787
0.000840049	390.647	7.11906e-06	1.75156
0.000854287	374.685	7.11906e-06	1.69466
0.000868525	359.78	7.11906e-06	1.65741
0.000882763	345.386	7.11906e-06	1.62212
0.000897001	331.119	7.11906e-06	1.57898
0.000911239	317.538	7.11906e-06	1.54791
0.000925478	304.328	7.11906e-06	1.51818
0.000939716	291.391	7.11906e-06	1.48678
0.000953954	278.888	7.11906e-06	1.45309
0.000968192	267.201	7.11906e-06	1.42623
0.00098243	255.439	7.11906e-06	1.39791
0.000996668	244.094	7.11906e-06	1.3735
0.00101091	233.069	7.11906e-06	1.34172
0.00102514	222.446	7.11906e-06	1.31903
0.00103938	212.087	7.11906e-06	1.29822
0.00105362	202.01	7.11906e-06	1.27401
0.00106786	191.598	7.11906e-06	1.00891
0.0010821	182.309	7.11906e-06	0.983155
0.00109633	173.144	7.11906e-06	0.957874
0.00111057	164.837	7.11906e-06	0.93599
0.00112481	156.528	7.11906e-06	0.908645
0.00113905	148.521	7.11906e-06	0.885523
0.00115329	140.829	7.11906e-06	0.861109
0.00116753	133.843	7.11906e-06	0.844824
0.00118176	126.931	7.11906e-06	0.827046
0.001196	120.227	7.11906e-06	0.803249
0.00121024	113.646	7.11906e-06	0.774893
0.00122448	107.017	7.11906e-06	0.740174
0.00123872	101.595	7.11906e-06	0.72719
0.00125295	95.6424	7.11906e-06	0.703354
0.00126719	90.5576	7.11906e-06	0.691326
0.00128143	85.1355	7.11906e-06	0.666068
0.00129567	80.4722	7.11906e-06	0.653203
0.00130991	75.6813	7.11906e-06	0.63556
0.00132414	71.0925	7.11906e-06	0.617854
0.00133838	66.7641	7.11906e-06	0.603686
0.00135262	62.6665	7.11906e-06	0.582844
0.00136686	58.7368	7.11906e-06	0.568623
0.0013811	55.3429	7.11906e-06	0.559469
0.00139534	51.9272	7.11906e-06	0.548087
0.00140957	48.675	7.11906e-06	0.528968
0.00142381	45.4157	7.11906e-06	0.49225
0.00143805	42.5548	7.11906e-06	0.48285
0.00145229	39.8328	7.11906e-06	0.473234
0.00146653	37.1945	7.11906e-06	0.455579
0.00148076	34.5633	7.11906e-06	0.4362
0.001495	32.2087	7.11906e-06	0.423596
0.00150924	30.0122	7.11906e-06	0.412077
0.00152348	27.7527	7.11906e-06	0.373648
0.00153772	25.7723	7.11906e-06	0.361981
0.00155195	24.0693	7.11906e-06	0.356055
0.00156619	22.4323	7.11906e-06	0.347663
0.00158043	20.8756	7.11906e-06	0.341561
0.00159467	19.2095	7.11906e-06	0.32963
0.00160891	17.7769	7.11906e-06	0.323911
0.00162315	16.4322	7.11906e-06	0.31781
0.00163738	15.1678	7.11906e-06	0.312096
0.00165162	14.0026	7.11906e-06	0.307487
0.00166586	12.9361	7.11906e-06	0.301799
0.0016801	11.9573	7.11906e-06	0.296359
0.00169434	11.0817	7.11906e-06	0.293238
0.00170857	10.157	7.11906e-06	0.287994
0.00172281	9.41972	7.11906e-06	0.285008
0.00173705	8.62559	7.11906e-06	0.28043
0.00175129	7.90733	7.11906e-06	0.27617
0.00176553	7.21714	7.11906e-06	0.267391
0.00177976	6.59686	7.11906e-06	0.262516
0.001794	6.03017	7.11906e-06	0.257665
0.00180824	5.37707	7.11906e-06	0.24734
0.00182248	4.8669	7.11906e-06	0.244144
0.00183672	4.43955	7.11906e-06	0.241577
0.00185096	4.00786	7.11906e-06	0.238823
0.00186519	3.5221	7.11906e-06	0.225446
0.00187943	3.16343	7.11906e-06	0.222772
0.00189367	2.55578	7.11906e-06	0.0900355
0.00190791	2.2781	7.11906e-06	0.0859155
0.00192215	2.01808	7.11906e-06	0.0823207
0.00193638	1.77533	7.11906e-06	0.0760244
0.00195062	1.57566	7.11906e-06	0.072352
0.00196486	1.42542	7.11906e-06	0.0701173
0.0019791	1.24438	7.11906e-06	0.067686
0.00199334	1.1125	7.11906e-06	0.0656105
0.00200757	0.958646	7.11906e-06	0.0614495
0.00202181	0.859638	7.11906e-06	0.0594945
0.00203605	0.753693	7.11906e-06	0.0559813
0.00205029	0.620196	7.11906e-06	0.0505069
0.00206453	0.561584	7.11906e-06	0.0493823
0.00207876	0.489418	7.11906e-06	0.0475746
0.002093	0.3973	7.11906e-06	0.0378233
0.00210724	0.333865	7.11906e-06	0.0357284
0.00212148	0.261381	7.11906e-06	0.0299872
0.00213572	0.235818	7.11906e-06	0.0294087
0.00214996	0.194313	7.11906e-06	0.0272519
0.00216419	0.144553	7.11906e-06	0.0195974
0.00217843	0.111909	7.11906e-06	0.0177844
0.00219267	0.0924889	7.11906e-06	0.0164673
0.00220691	0.0739023	7.11906e-06	0.0156946
0.00222115	0.04919	7.11906e-06	0.00806609
0.00223538	0.0315158	7.11906e-06	0.0053119
0.00224962	0.0239239	7.11906e-06	0.0045617
0.00226386	0.0200743	7.11906e-06	0.00404944
0.0022781	0.0135673	7.11906e-06	0.00323582
0.00229234	0.00932413	7.11906e-06	0.00256994
0.00230657	0.00707992	7.11906e-06	0.0021309
0.00232081	0.00525173	7.11906e-06	0.00181418
0.00233505	0.00240001	7.11906e-06	0.00110753
0.00234929	0.000594145	7.11906e-06	0.000594155
0.00236353	0.000594145	7.11906e-06	0.000594155
0.00237777	0.000594145	7.11906e-06	0.000594155
0.002392	0.000594145	7.11906e-06	0.000594155
