0	4922.45	6.79235e-06	5321.47
1.35847e-05	2262.89	6.79235e-06	157.418
2.71694e-05	2040.02	6.79235e-06	51.9074
4.07541e-05	1932.58	6.79235e-06	29.0596
5.43388e-05	1858.44	6.79235e-06	19.8538
6.79235e-05	1804.38	6.79235e-06	15.7817
8.15082e-05	1758.92	6.79235e-06	13.4224
9.50929e-05	1718.9	6.79235e-06	11.9059
0.000108678	1682.19	6.79235e-06	10.8332
0.000122262	1646.64	6.79235e-06	9.95853
0.000135847	1612.23	6.79235e-06	9.25002
0.000149432	1580.05	6.79235e-06	8.70782
0.000163016	1547.47	6.79235e-06	8.18175
0.000176601	1515.93	6.79235e-06	7.75686
0.000190186	1485.19	6.79235e-06	7.34969
0.000203771	1455.68	6.79235e-06	7.04833
0.000217355	1426.07	6.79235e-06	6.76665
0.00023094	1397.45	6.79235e-06	6.52453
0.000244525	1368.78	6.79235e-06	6.29473
0.000258109	1340.41	6.79235e-06	6.09142
0.000271694	1310.59	6.79235e-06	5.86909
0.000285279	1281.69	6.79235e-06	5.67154
0.000298864	1253.29	6.79235e-06	5.4957
0.000312448	1224.59	6.79235e-06	5.32911
0.000326033	1196.71	6.79235e-06	5.18059
0.000339618	1168.65	6.79235e-06	5.03593
0.000353202	1140.82	6.79235e-06	4.89916
0.000366787	1112.64	6.79235e-06	4.7621
0.000380372	1085.33	6.79235e-06	4.63568
0.000393957	1058.1	6.79235e-06	4.51915
0.000407541	1031.48	6.79235e-06	4.41304
0.000421126	1004.89	6.79235e-06	4.30381
0.000434711	978.409	6.79235e-06	4.19325
0.000448295	951.777	6.79235e-06	4.08188
0.00046188	926.15	6.79235e-06	3.99149
0.000475465	899.161	6.79235e-06	3.81125
0.000489049	872.681	6.79235e-06	3.70021
0.000502634	847.683	6.79235e-06	3.61898
0.000516219	822.137	6.79235e-06	3.52226
0.000529804	797.679	6.79235e-06	3.44581
0.000543388	773.573	6.79235e-06	3.37443
0.000556973	748.106	6.79235e-06	3.07221
0.000570558	724.646	6.79235e-06	2.98212
0.000584142	701.609	6.79235e-06	2.9032
0.000597727	679.041	6.79235e-06	2.8394
0.000611312	657.178	6.79235e-06	2.76747
0.000624897	635.032	6.79235e-06	2.68443
0.000638481	614.077	6.79235e-06	2.62824
0.000652066	592.597	6.79235e-06	2.50741
0.000665651	572.544	6.79235e-06	2.4566
0.000679235	551.779	6.79235e-06	2.39054
0.00069282	531.014	6.79235e-06	2.26626
0.000706405	512.055	6.79235e-06	2.2181
0.000719989	492.849	6.79235e-06	2.12414
0.000733574	474.207	6.79235e-06	2.05994
0.000747159	455.425	6.79235e-06	1.9433
0.000760744	437.822	6.79235e-06	1.89078
0.000774328	420.556	6.79235e-06	1.8274
0.000787913	404.142	6.79235e-06	1.78632
0.000801498	388.177	6.79235e-06	1.74001
0.000815082	372.254	6.79235e-06	1.69668
0.000828667	357.386	6.79235e-06	1.66253
0.000842252	342.72	6.79235e-06	1.62757
0.000855837	328.828	6.79235e-06	1.59599
0.000869421	315.185	6.79235e-06	1.56611
0.000883006	301.748	6.79235e-06	1.53328
0.000896591	289.022	6.79235e-06	1.50197
0.000910175	275.284	6.79235e-06	1.36226
0.00092376	262.661	6.79235e-06	1.30572
0.000937345	251.222	6.79235e-06	1.27851
0.000950929	239.445	6.79235e-06	1.22901
0.000964514	228.303	6.79235e-06	1.1911
0.000978099	217.024	6.79235e-06	1.13649
0.000991684	206.206	6.79235e-06	1.1027
0.00100527	196.056	6.79235e-06	1.06203
0.00101885	186.286	6.79235e-06	1.02671
0.00103244	177.435	6.79235e-06	1.00204
0.00104602	168.577	6.79235e-06	0.977235
0.00105961	160.319	6.79235e-06	0.956955
0.00107319	151.599	6.79235e-06	0.927557
0.00108678	143.855	6.79235e-06	0.904104
0.00110036	136.721	6.79235e-06	0.886067
0.00111395	129.462	6.79235e-06	0.862247
0.00112753	122.906	6.79235e-06	0.841013
0.00114112	116.241	6.79235e-06	0.810488
0.0011547	110.164	6.79235e-06	0.790164
0.00116828	104.227	6.79235e-06	0.756286
0.00118187	98.3601	6.79235e-06	0.736994
0.00119545	92.6199	6.79235e-06	0.698907
0.00120904	87.3473	6.79235e-06	0.668594
0.00122262	82.4119	6.79235e-06	0.650335
0.00123621	77.6198	6.79235e-06	0.61927
0.00124979	73.4349	6.79235e-06	0.608923
0.00126338	68.7581	6.79235e-06	0.58118
0.00127696	64.6051	6.79235e-06	0.56571
0.00129055	60.7071	6.79235e-06	0.549645
0.00130413	57.0416	6.79235e-06	0.537641
0.00131772	53.4606	6.79235e-06	0.52044
0.0013313	50.1051	6.79235e-06	0.508099
0.00134489	46.8882	6.79235e-06	0.493487
0.00135847	43.7627	6.79235e-06	0.466418
0.00137206	41.1277	6.79235e-06	0.457546
0.00138564	38.4056	6.79235e-06	0.445578
0.00139922	35.7701	6.79235e-06	0.428048
0.00141281	33.3713	6.79235e-06	0.417508
0.00142639	31.1002	6.79235e-06	0.403957
0.00143998	28.9751	6.79235e-06	0.392743
0.00145356	26.965	6.79235e-06	0.383437
0.00146715	25.0595	6.79235e-06	0.375245
0.00148073	23.3425	6.79235e-06	0.366123
0.00149432	21.786	6.79235e-06	0.3584
0.0015079	20.3193	6.79235e-06	0.352604
0.00152149	18.9671	6.79235e-06	0.346758
0.00153507	17.5883	6.79235e-06	0.339251
0.00154866	16.332	6.79235e-06	0.328935
0.00156224	14.8096	6.79235e-06	0.307082
0.00157583	13.6485	6.79235e-06	0.298153
0.00158941	12.6328	6.79235e-06	0.293636
0.001603	11.616	6.79235e-06	0.287057
0.00161658	10.6699	6.79235e-06	0.28049
0.00163016	9.82156	6.79235e-06	0.273444
0.00164375	9.03208	6.79235e-06	0.268732
0.00165733	8.15545	6.79235e-06	0.25675
0.00167092	7.25651	6.79235e-06	0.191569
0.0016845	6.69371	6.79235e-06	0.186676
0.00169809	6.09955	6.79235e-06	0.176519
0.00171167	5.53536	6.79235e-06	0.170593
0.00172526	4.99039	6.79235e-06	0.163745
0.00173884	4.5929	6.79235e-06	0.160794
0.00175243	3.98914	6.79235e-06	0.140582
0.00176601	3.56251	6.79235e-06	0.117764
0.0017796	3.19106	6.79235e-06	0.112248
0.00179318	2.90626	6.79235e-06	0.108523
0.00180677	2.5607	6.79235e-06	0.101117
0.00182035	2.2238	6.79235e-06	0.0901425
0.00183394	2.01948	6.79235e-06	0.0879247
0.00184752	1.81465	6.79235e-06	0.0827313
0.0018611	1.60833	6.79235e-06	0.0785107
0.00187469	1.43038	6.79235e-06	0.0758093
0.00188827	1.23721	6.79235e-06	0.0697314
0.00190186	1.08423	6.79235e-06	0.0661528
0.00191544	0.921813	6.79235e-06	0.0581213
0.00192903	0.780309	6.79235e-06	0.0502376
0.00194261	0.64774	6.79235e-06	0.045003
0.0019562	0.52409	6.79235e-06	0.0394255
0.00196978	0.429797	6.79235e-06	0.032877
0.00198337	0.367734	6.79235e-06	0.0297193
0.00199695	0.310129	6.79235e-06	0.0277469
0.00201054	0.262966	6.79235e-06	0.0246997
0.00202412	0.218088	6.79235e-06	0.0228888
0.00203771	0.175007	6.79235e-06	0.0209067
0.00205129	0.131987	6.79235e-06	0.0142529
0.00206488	0.110906	6.79235e-06	0.0133343
0.00207846	0.100211	6.79235e-06	0.0129386
0.00209204	0.0773939	6.79235e-06	0.0106374
0.00210563	0.0580423	6.79235e-06	0.00932441
0.00211921	0.0484907	6.79235e-06	0.00896482
0.0021328	0.0407093	6.79235e-06	0.00850386
0.00214638	0.0298643	6.79235e-06	0.00766149
0.00215997	0.0160967	6.79235e-06	0.00324812
0.00217355	0.012344	6.79235e-06	0.00282065
0.00218714	0.00973309	6.79235e-06	0.00261562
0.00220072	0.00695344	6.79235e-06	0.00223781
0.00221431	0.00608213	6.79235e-06	0.00215131
0.00222789	0.00315877	6.79235e-06	0.00156689
0.00224148	0.00202656	6.79235e-06	0.00108315
0.00225506	0.00156266	6.79235e-06	0.000978779
0.00226865	0.000738842	6.79235e-06	0.000528492
0.00228223	0.000738842	6.79235e-06	0.000528492
0.00229582	0.000738842	6.79235e-06	0.000528492
0.0023094	0.000425769	6.79235e-06	0.000425776
0.00232298	0.000425769	6.79235e-06	0.000425776
0.00233657	0.000425769	6.79235e-06	0.000425776
