0	1966.98	7.73031e-06	1163.23
1.54606e-05	1385.91	7.73031e-06	49.4305
3.09212e-05	1316.66	7.73031e-06	17.581
4.63818e-05	1281.09	7.73031e-06	10.2639
6.18424e-05	1257.42	7.73031e-06	7.68587
7.73031e-05	1238.96	7.73031e-06	6.47722
9.27637e-05	1222.26	7.73031e-06	5.69954
0.000108224	1208.43	7.73031e-06	5.27128
0.000123685	1194.88	7.73031e-06	4.9341
0.000139146	1182.18	7.73031e-06	4.68908
0.000154606	1170.19	7.73031e-06	4.50196
0.000170067	1158.23	7.73031e-06	4.34385
0.000185527	1146.2	7.73031e-06	4.1952
0.000200988	1134.33	7.73031e-06	4.07464
0.000216449	1122.78	7.73031e-06	3.97485
0.000231909	1111.17	7.73031e-06	3.88416
0.00024737	1099.4	7.73031e-06	3.79915
0.00026283	1087.06	7.73031e-06	3.71389
0.000278291	1075.19	7.73031e-06	3.64114
0.000293752	1063.19	7.73031e-06	3.57325
0.000309212	1051.03	7.73031e-06	3.50699
0.000324673	1038.09	7.73031e-06	3.44
0.000340133	1024.78	7.73031e-06	3.36844
0.000355594	1011.88	7.73031e-06	3.30795
0.000371055	998.606	7.73031e-06	3.24739
0.000386515	985.454	7.73031e-06	3.1936
0.000401976	971.962	7.73031e-06	3.14023
0.000417437	958.15	7.73031e-06	3.08548
0.000432897	944.409	7.73031e-06	3.03551
0.000448358	930.277	7.73031e-06	2.98451
0.000463818	916.285	7.73031e-06	2.93646
0.000479279	901.84	7.73031e-06	2.88575
0.00049474	886.771	7.73031e-06	2.82368
0.0005102	872.098	7.73031e-06	2.77869
0.000525661	857.809	7.73031e-06	2.73706
0.000541121	842.892	7.73031e-06	2.69193
0.000556582	827.422	7.73031e-06	2.64105
0.000572043	812.303	7.73031e-06	2.59782
0.000587503	797.06	7.73031e-06	2.55603
0.000602964	781.975	7.73031e-06	2.51502
0.000618424	766.049	7.73031e-06	2.4603
0.000633885	750.565	7.73031e-06	2.41577
0.000649346	734.796	7.73031e-06	2.37542
0.000664806	718.756	7.73031e-06	2.33342
0.000680267	703.636	7.73031e-06	2.29552
0.000695728	688.078	7.73031e-06	2.25534
0.000711188	672.498	7.73031e-06	2.21873
0.000726649	657.025	7.73031e-06	2.18226
0.000742109	641.3	7.73031e-06	2.14759
0.00075757	625.492	7.73031e-06	2.10818
0.000773031	610.224	7.73031e-06	2.07302
0.000788491	594.694	7.73031e-06	2.03962
0.000803952	579.032	7.73031e-06	2.00334
0.000819412	563.926	7.73031e-06	1.97302
0.000834873	546.82	7.73031e-06	1.74013
0.000850334	531.691	7.73031e-06	1.70393
0.000865794	516.833	7.73031e-06	1.67208
0.000881255	501.58	7.73031e-06	1.6243
0.000896715	486.765	7.73031e-06	1.58913
0.000912176	472.113	7.73031e-06	1.5574
0.000927637	457.641	7.73031e-06	1.52539
0.000943097	443.251	7.73031e-06	1.47162
0.000958558	428.845	7.73031e-06	1.428
0.000974019	414.908	7.73031e-06	1.39898
0.000989479	401.036	7.73031e-06	1.3707
0.00100494	387.721	7.73031e-06	1.34571
0.0010204	373.903	7.73031e-06	1.31226
0.00103586	360.385	7.73031e-06	1.27694
0.00105132	347.965	7.73031e-06	1.25468
0.00106678	335.632	7.73031e-06	1.22751
0.00108224	323.171	7.73031e-06	1.20042
0.0010977	310.302	7.73031e-06	1.11443
0.00111316	298.613	7.73031e-06	1.09184
0.00112862	286.821	7.73031e-06	1.06499
0.00114409	275.373	7.73031e-06	1.03997
0.00115955	264.079	7.73031e-06	1.01231
0.00117501	253.375	7.73031e-06	0.991641
0.00119047	242.87	7.73031e-06	0.96983
0.00120593	232.471	7.73031e-06	0.944164
0.00122139	222.585	7.73031e-06	0.920135
0.00123685	212.83	7.73031e-06	0.901982
0.00125231	203.529	7.73031e-06	0.88078
0.00126777	193.98	7.73031e-06	0.854902
0.00128323	184.821	7.73031e-06	0.78307
0.00129869	176.118	7.73031e-06	0.762951
0.00131415	167.772	7.73031e-06	0.734583
0.00132961	159.574	7.73031e-06	0.686049
0.00134507	151.487	7.73031e-06	0.650792
0.00136053	144.138	7.73031e-06	0.635862
0.00137599	136.733	7.73031e-06	0.608803
0.00139146	129.627	7.73031e-06	0.589231
0.00140692	122.97	7.73031e-06	0.57561
0.00142238	116.518	7.73031e-06	0.559751
0.00143784	110.559	7.73031e-06	0.546312
0.0014533	104.601	7.73031e-06	0.529019
0.00146876	98.8783	7.73031e-06	0.51533
0.00148422	93.2676	7.73031e-06	0.487495
0.00149968	88.1688	7.73031e-06	0.475896
0.00151514	83.2789	7.73031e-06	0.465072
0.0015306	78.561	7.73031e-06	0.455106
0.00154606	73.9925	7.73031e-06	0.442601
0.00156152	69.5625	7.73031e-06	0.424414
0.00157698	65.4699	7.73031e-06	0.406223
0.00159244	61.4939	7.73031e-06	0.394356
0.0016079	57.4922	7.73031e-06	0.36245
0.00162336	53.986	7.73031e-06	0.353937
0.00163882	50.6455	7.73031e-06	0.340423
0.00165429	47.4097	7.73031e-06	0.332198
0.00166975	44.2647	7.73031e-06	0.321943
0.00168521	41.3042	7.73031e-06	0.308622
0.00170067	38.6622	7.73031e-06	0.301959
0.00171613	35.853	7.73031e-06	0.261326
0.00173159	33.3765	7.73031e-06	0.254027
0.00174705	31.0865	7.73031e-06	0.243968
0.00176251	28.8265	7.73031e-06	0.231956
0.00177797	26.568	7.73031e-06	0.198903
0.00179343	24.6847	7.73031e-06	0.191073
0.00180889	22.9296	7.73031e-06	0.184334
0.00182435	21.1167	7.73031e-06	0.170515
0.00183981	19.5785	7.73031e-06	0.162309
0.00185527	18.1614	7.73031e-06	0.157193
0.00187073	16.7269	7.73031e-06	0.150131
0.00188619	15.4648	7.73031e-06	0.144883
0.00190166	14.2428	7.73031e-06	0.139112
0.00191712	13.0885	7.73031e-06	0.133431
0.00193258	12.09	7.73031e-06	0.129333
0.00194804	11.0929	7.73031e-06	0.124372
0.0019635	10.1414	7.73031e-06	0.116697
0.00197896	9.26912	7.73031e-06	0.111523
0.00199442	8.4769	7.73031e-06	0.106973
0.00200988	7.78653	7.73031e-06	0.104147
0.00202534	7.05998	7.73031e-06	0.0971597
0.0020408	6.45589	7.73031e-06	0.0938291
0.00205626	5.82367	7.73031e-06	0.0851413
0.00207172	5.26544	7.73031e-06	0.0815257
0.00208718	4.76952	7.73031e-06	0.0770836
0.00210264	4.31838	7.73031e-06	0.0733361
0.0021181	3.90458	7.73031e-06	0.070578
0.00213356	3.43836	7.73031e-06	0.0603696
0.00214902	3.07939	7.73031e-06	0.0575076
0.00216449	2.78261	7.73031e-06	0.0548567
0.00217995	2.48241	7.73031e-06	0.0511248
0.00219541	2.21219	7.73031e-06	0.0485906
0.00221087	1.96814	7.73031e-06	0.0459398
0.00222633	1.73218	7.73031e-06	0.0428372
0.00224179	1.5339	7.73031e-06	0.0406498
0.00225725	1.35954	7.73031e-06	0.0381862
0.00227271	1.1927	7.73031e-06	0.0355222
0.00228817	1.03018	7.73031e-06	0.0325627
0.00230363	0.891702	7.73031e-06	0.0298443
0.00231909	0.761046	7.73031e-06	0.0277388
0.00233455	0.634569	7.73031e-06	0.0256533
0.00235001	0.526247	7.73031e-06	0.0222346
0.00236547	0.444508	7.73031e-06	0.0209372
0.00238093	0.369717	7.73031e-06	0.0182664
0.00239639	0.307778	7.73031e-06	0.0164794
0.00241186	0.245559	7.73031e-06	0.0136917
0.00242732	0.196759	7.73031e-06	0.0119528
0.00244278	0.154555	7.73031e-06	0.010555
0.00245824	0.119658	7.73031e-06	0.00935051
0.0024737	0.0924909	7.73031e-06	0.00830329
0.00248916	0.063296	7.73031e-06	0.00674256
0.00250462	0.0436328	7.73031e-06	0.00558058
0.00252008	0.0290991	7.73031e-06	0.00460656
0.00253554	0.0150781	7.73031e-06	0.00303557
0.002551	0.00860362	7.73031e-06	0.00226756
0.00256646	0.00283151	7.73031e-06	0.00128377
