0	6173.18	6.25693e-06	7182.16
1.25139e-05	2583.55	6.25693e-06	202.581
2.50277e-05	2297.01	6.25693e-06	67.334
3.75416e-05	2153.75	6.25693e-06	35.2381
5.00555e-05	2064.4	6.25693e-06	24.2496
6.25693e-05	1995.31	6.25693e-06	18.7356
7.50832e-05	1939.45	6.25693e-06	15.711
8.75971e-05	1888.85	6.25693e-06	13.614
0.000100111	1844.58	6.25693e-06	12.247
0.000112625	1804.13	6.25693e-06	11.2623
0.000125139	1765.2	6.25693e-06	10.4669
0.000137653	1726.47	6.25693e-06	9.76313
0.000150166	1690.48	6.25693e-06	9.20902
0.00016268	1654.71	6.25693e-06	8.70586
0.000175194	1620.48	6.25693e-06	8.30837
0.000187708	1585.7	6.25693e-06	7.93135
0.000200222	1552.54	6.25693e-06	7.61918
0.000212736	1519.99	6.25693e-06	7.34366
0.00022525	1487.82	6.25693e-06	7.09303
0.000237763	1455.63	6.25693e-06	6.86012
0.000250277	1423.1	6.25693e-06	6.63489
0.000262791	1391.81	6.25693e-06	6.43674
0.000275305	1359.7	6.25693e-06	6.23752
0.000287819	1328.14	6.25693e-06	6.06117
0.000300333	1295.78	6.25693e-06	5.87666
0.000312847	1264.47	6.25693e-06	5.71841
0.000325361	1232.27	6.25693e-06	5.54491
0.000337874	1200.8	6.25693e-06	5.39558
0.000350388	1170.36	6.25693e-06	5.26472
0.000362902	1139.6	6.25693e-06	5.13338
0.000375416	1104.41	6.25693e-06	4.38666
0.00038793	1074.74	6.25693e-06	4.25823
0.000400444	1044.32	6.25693e-06	4.111
0.000412958	1015.75	6.25693e-06	3.98832
0.000425471	987.569	6.25693e-06	3.8817
0.000437985	958.755	6.25693e-06	3.76986
0.000450499	930.206	6.25693e-06	3.6524
0.000463013	902.655	6.25693e-06	3.54381
0.000475527	874.62	6.25693e-06	3.44025
0.000488041	847.808	6.25693e-06	3.3446
0.000500555	821.368	6.25693e-06	3.25705
0.000513069	795.469	6.25693e-06	3.17145
0.000525582	769.887	6.25693e-06	3.09078
0.000538096	745.229	6.25693e-06	3.01675
0.00055061	721.405	6.25693e-06	2.95014
0.000563124	697.146	6.25693e-06	2.87212
0.000575638	674.079	6.25693e-06	2.80394
0.000588152	649.973	6.25693e-06	2.6807
0.000600666	626.676	6.25693e-06	2.60315
0.000613179	603.872	6.25693e-06	2.51881
0.000625693	582.71	6.25693e-06	2.46573
0.000638207	561.673	6.25693e-06	2.40818
0.000650721	540.736	6.25693e-06	2.34625
0.000663235	520.278	6.25693e-06	2.28925
0.000675749	500.117	6.25693e-06	2.23141
0.000688263	480.487	6.25693e-06	2.15149
0.000700777	462.82	6.25693e-06	2.11113
0.00071329	445.311	6.25693e-06	2.06996
0.000725804	427.251	6.25693e-06	2.01123
0.000738318	410.053	6.25693e-06	1.96921
0.000750832	392.433	6.25693e-06	1.90927
0.000763346	375.398	6.25693e-06	1.79953
0.00077586	359.457	6.25693e-06	1.73671
0.000788374	344.057	6.25693e-06	1.68657
0.000800887	329.757	6.25693e-06	1.65456
0.000813401	315.488	6.25693e-06	1.61372
0.000825915	301.048	6.25693e-06	1.51182
0.000838429	287.581	6.25693e-06	1.4691
0.000850943	273.832	6.25693e-06	1.40339
0.000863457	261.445	6.25693e-06	1.37269
0.000875971	249.282	6.25693e-06	1.33829
0.000888485	237.073	6.25693e-06	1.3012
0.000900998	225.415	6.25693e-06	1.26498
0.000913512	213.337	6.25693e-06	1.17152
0.000926026	202.883	6.25693e-06	1.12852
0.00093854	193.219	6.25693e-06	1.10074
0.000951054	183.436	6.25693e-06	1.07419
0.000963568	173.844	6.25693e-06	1.04551
0.000976082	164.852	6.25693e-06	1.01624
0.000988595	156.65	6.25693e-06	0.993746
0.00100111	148.292	6.25693e-06	0.95569
0.00101362	140.67	6.25693e-06	0.933815
0.00102614	133.072	6.25693e-06	0.907811
0.00103865	125.86	6.25693e-06	0.889357
0.00105116	118.702	6.25693e-06	0.856827
0.00106368	112.282	6.25693e-06	0.840789
0.00107619	106.075	6.25693e-06	0.810374
0.00108871	100.008	6.25693e-06	0.781392
0.00110122	94.2392	6.25693e-06	0.765461
0.00111373	89.027	6.25693e-06	0.753074
0.00112625	83.9393	6.25693e-06	0.738345
0.00113876	78.9109	6.25693e-06	0.723106
0.00115128	74.0053	6.25693e-06	0.69461
0.00116379	69.6052	6.25693e-06	0.682111
0.0011763	65.4169	6.25693e-06	0.669655
0.00118882	61.4206	6.25693e-06	0.653512
0.00120133	57.4274	6.25693e-06	0.576773
0.00121385	53.6068	6.25693e-06	0.556758
0.00122636	49.926	6.25693e-06	0.530642
0.00123887	46.6913	6.25693e-06	0.5196
0.00125139	43.6153	6.25693e-06	0.493945
0.0012639	40.3873	6.25693e-06	0.471271
0.00127641	37.5929	6.25693e-06	0.452279
0.00128893	34.8447	6.25693e-06	0.435664
0.00130144	32.5674	6.25693e-06	0.426287
0.00131396	30.329	6.25693e-06	0.41691
0.00132647	28.2007	6.25693e-06	0.407104
0.00133898	26.1881	6.25693e-06	0.398414
0.0013515	24.2726	6.25693e-06	0.385955
0.00136401	22.3786	6.25693e-06	0.368576
0.00137653	20.656	6.25693e-06	0.355374
0.00138904	19.1441	6.25693e-06	0.345013
0.00140155	17.7907	6.25693e-06	0.33966
0.00141407	16.405	6.25693e-06	0.329438
0.00142658	15.0558	6.25693e-06	0.316764
0.00143909	13.8204	6.25693e-06	0.308459
0.00145161	12.6991	6.25693e-06	0.301593
0.00146412	11.6891	6.25693e-06	0.295517
0.00147664	10.7582	6.25693e-06	0.289882
0.00148915	9.98617	6.25693e-06	0.283584
0.00150166	9.08851	6.25693e-06	0.2742
0.00151418	8.23426	6.25693e-06	0.258055
0.00152669	7.52097	6.25693e-06	0.253121
0.00153921	6.87107	6.25693e-06	0.249444
0.00155172	6.25541	6.25693e-06	0.242817
0.00156423	5.76445	6.25693e-06	0.240388
0.00157675	5.27892	6.25693e-06	0.237897
0.00158926	4.81027	6.25693e-06	0.232863
0.00160177	4.40381	6.25693e-06	0.230443
0.00161429	4.02151	6.25693e-06	0.226939
0.0016268	3.57248	6.25693e-06	0.214852
0.00163932	3.26837	6.25693e-06	0.212532
0.00165183	2.93499	6.25693e-06	0.209705
0.00166434	2.6303	6.25693e-06	0.206562
0.00167686	2.36559	6.25693e-06	0.201897
0.00168937	2.12087	6.25693e-06	0.198298
0.00170189	1.89137	6.25693e-06	0.195237
0.0017144	1.67739	6.25693e-06	0.192642
0.00172691	1.46002	6.25693e-06	0.189858
0.00173943	1.31835	6.25693e-06	0.188772
0.00175194	1.18746	6.25693e-06	0.186633
0.00176446	1.10639	6.25693e-06	0.18614
0.00177697	1.02451	6.25693e-06	0.185532
0.00178948	0.911235	6.25693e-06	0.184185
0.001802	0.862075	6.25693e-06	0.183977
0.00181451	0.693779	6.25693e-06	0.173769
0.00182702	0.366993	6.25693e-06	0.0338303
0.00183954	0.308389	6.25693e-06	0.0315354
0.00185205	0.245709	6.25693e-06	0.0244868
0.00186457	0.197824	6.25693e-06	0.0214636
0.00187708	0.167614	6.25693e-06	0.0201712
0.00188959	0.130267	6.25693e-06	0.012617
0.00190211	0.10039	6.25693e-06	0.0102578
0.00191462	0.0887035	6.25693e-06	0.00957295
0.00192714	0.0743181	6.25693e-06	0.00879785
0.00193965	0.0552024	6.25693e-06	0.006976
0.00195216	0.0500669	6.25693e-06	0.00672192
0.00196468	0.0401868	6.25693e-06	0.00612971
0.00197719	0.0344909	6.25693e-06	0.00581288
0.0019897	0.0272451	6.25693e-06	0.0052374
0.00200222	0.0248182	6.25693e-06	0.00507638
0.00201473	0.0230831	6.25693e-06	0.00500446
0.00202725	0.0164188	6.25693e-06	0.00450012
0.00203976	0.0134084	6.25693e-06	0.0041861
0.00205227	0.00654368	6.25693e-06	0.00176944
0.00206479	0.00587223	6.25693e-06	0.00163709
0.0020773	0.00514735	6.25693e-06	0.00153998
0.00208982	0.00397054	6.25693e-06	0.00137166
0.00210233	0.00331845	6.25693e-06	0.00120674
0.00211484	0.00255656	6.25693e-06	0.00107444
0.00212736	0.00207904	6.25693e-06	0.000962493
0.00213987	0.00117686	6.25693e-06	0.000708033
0.00215239	0.000710886	6.25693e-06	0.000533079
0.0021649	0.000710886	6.25693e-06	0.000533079
0.00217741	0.000229975	6.25693e-06	0.000229979
0.00218993	0.000229975	6.25693e-06	0.000229979
0.00220244	0.000229975	6.25693e-06	0.000229979
0.00221495	0.000229975	6.25693e-06	0.000229979
0.00222747	0.000229975	6.25693e-06	0.000229979
