0	1925.8	7.70041e-06	1100.01
1.54008e-05	1376.31	7.70041e-06	46.533
3.08016e-05	1312.02	7.70041e-06	18.0443
4.62025e-05	1275.48	7.70041e-06	10.5224
6.16033e-05	1251.23	7.70041e-06	7.89082
7.70041e-05	1231.69	7.70041e-06	6.5556
9.24049e-05	1216.09	7.70041e-06	5.88735
0.000107806	1201.85	7.70041e-06	5.44716
0.000123207	1189.37	7.70041e-06	5.17249
0.000138607	1176.93	7.70041e-06	4.94826
0.000154008	1164.84	7.70041e-06	4.7696
0.000169409	1153.38	7.70041e-06	4.63138
0.00018481	1142.59	7.70041e-06	4.52237
0.000200211	1130.76	7.70041e-06	4.41133
0.000215612	1119.24	7.70041e-06	4.31863
0.000231012	1108.11	7.70041e-06	4.24107
0.000246413	1096.55	7.70041e-06	4.16636
0.000261814	1084.97	7.70041e-06	4.09919
0.000277215	1072.94	7.70041e-06	4.02
0.000292616	1061.11	7.70041e-06	3.95891
0.000308016	1049.16	7.70041e-06	3.90357
0.000323417	1036.73	7.70041e-06	3.8469
0.000338818	1024.21	7.70041e-06	3.79286
0.000354219	1011.6	7.70041e-06	3.74207
0.00036962	999.273	7.70041e-06	3.69709
0.000385021	986.523	7.70041e-06	3.65196
0.000400421	973.236	7.70041e-06	3.60652
0.000415822	960.172	7.70041e-06	3.56541
0.000431223	946.886	7.70041e-06	3.52465
0.000446624	933.509	7.70041e-06	3.4864
0.000462025	919.042	7.70041e-06	3.3604
0.000477425	904.248	7.70041e-06	3.29977
0.000492826	890.35	7.70041e-06	3.26133
0.000508227	875.66	7.70041e-06	3.21743
0.000523628	860.939	7.70041e-06	3.17816
0.000539029	846.408	7.70041e-06	3.14185
0.00055443	831.599	7.70041e-06	3.10302
0.00056983	816.516	7.70041e-06	3.04003
0.000585231	801.3	7.70041e-06	3.00271
0.000600632	786.572	7.70041e-06	2.97139
0.000616033	770.689	7.70041e-06	2.92211
0.000631434	754.917	7.70041e-06	2.86467
0.000646835	739.932	7.70041e-06	2.83395
0.000662235	724.436	7.70041e-06	2.80121
0.000677636	709.033	7.70041e-06	2.77026
0.000693037	693.447	7.70041e-06	2.73684
0.000708438	678.102	7.70041e-06	2.70858
0.000723839	661.722	7.70041e-06	2.6695
0.000739239	646.604	7.70041e-06	2.64128
0.00075464	630.999	7.70041e-06	2.61328
0.000770041	615.105	7.70041e-06	2.58288
0.000785442	599.702	7.70041e-06	2.55415
0.000800843	584.07	7.70041e-06	2.52647
0.000816244	568.641	7.70041e-06	2.49513
0.000831644	553.593	7.70041e-06	2.47196
0.000847045	538.568	7.70041e-06	2.449
0.000862446	522.916	7.70041e-06	2.38157
0.000877847	507.516	7.70041e-06	2.35257
0.000893248	492.684	7.70041e-06	2.32558
0.000908648	478.194	7.70041e-06	2.30413
0.000924049	463.904	7.70041e-06	2.28416
0.00093945	448.868	7.70041e-06	2.24986
0.000954851	434.802	7.70041e-06	2.23084
0.000970252	419.94	7.70041e-06	2.1939
0.000985653	406.637	7.70041e-06	2.17799
0.00100105	392.97	7.70041e-06	2.16019
0.00101645	379.802	7.70041e-06	2.13932
0.00103186	366.507	7.70041e-06	2.12241
0.00104726	353.613	7.70041e-06	2.10387
0.00106266	341.263	7.70041e-06	2.09039
0.00107806	328.895	7.70041e-06	2.07579
0.00109346	316.719	7.70041e-06	2.06192
0.00110886	304.784	7.70041e-06	2.04923
0.00112426	293.458	7.70041e-06	2.03822
0.00113966	281.517	7.70041e-06	2.00139
0.00115506	269.968	7.70041e-06	1.98184
0.00117046	259.472	7.70041e-06	1.97279
0.00118586	248.576	7.70041e-06	1.95943
0.00120126	238.19	7.70041e-06	1.94151
0.00121666	227.775	7.70041e-06	1.91207
0.00123207	218.099	7.70041e-06	1.90156
0.00124747	208.525	7.70041e-06	1.89067
0.00126287	199.066	7.70041e-06	1.88125
0.00127827	189.9	7.70041e-06	1.86928
0.00129367	181.368	7.70041e-06	1.86242
0.00130907	172.517	7.70041e-06	1.84644
0.00132447	162.081	7.70041e-06	0.635426
0.00133987	154.295	7.70041e-06	0.616964
0.00135527	146.682	7.70041e-06	0.599497
0.00137067	139.48	7.70041e-06	0.583472
0.00138607	132.384	7.70041e-06	0.567998
0.00140147	125.828	7.70041e-06	0.554654
0.00141688	119.386	7.70041e-06	0.541553
0.00143228	112.845	7.70041e-06	0.517392
0.00144768	106.758	7.70041e-06	0.502692
0.00146308	100.894	7.70041e-06	0.486939
0.00147848	95.521	7.70041e-06	0.473163
0.00149388	90.16	7.70041e-06	0.456954
0.00150928	85.0914	7.70041e-06	0.444413
0.00152468	79.9586	7.70041e-06	0.395278
0.00154008	75.4603	7.70041e-06	0.384863
0.00155548	70.7872	7.70041e-06	0.370615
0.00157088	66.6183	7.70041e-06	0.358982
0.00158628	62.5044	7.70041e-06	0.344623
0.00160169	58.8126	7.70041e-06	0.332183
0.00161709	55.0928	7.70041e-06	0.308734
0.00163249	51.5236	7.70041e-06	0.295023
0.00164789	48.2313	7.70041e-06	0.284152
0.00166329	45.1464	7.70041e-06	0.274238
0.00167869	42.2806	7.70041e-06	0.266588
0.00169409	39.4674	7.70041e-06	0.25859
0.00170949	36.8585	7.70041e-06	0.250297
0.00172489	34.3385	7.70041e-06	0.242087
0.00174029	32.0072	7.70041e-06	0.235289
0.00175569	29.6992	7.70041e-06	0.220527
0.00177109	27.591	7.70041e-06	0.21399
0.0017865	25.632	7.70041e-06	0.206909
0.0018019	23.7119	7.70041e-06	0.198796
0.0018173	21.9198	7.70041e-06	0.19312
0.0018327	20.3267	7.70041e-06	0.188349
0.0018481	18.839	7.70041e-06	0.182815
0.0018635	17.3271	7.70041e-06	0.175513
0.0018789	16.0258	7.70041e-06	0.171661
0.0018943	14.7828	7.70041e-06	0.16735
0.0019097	13.5716	7.70041e-06	0.160543
0.0019251	12.5433	7.70041e-06	0.157481
0.0019405	11.5488	7.70041e-06	0.15412
0.0019559	10.6166	7.70041e-06	0.150828
0.00197131	9.77908	7.70041e-06	0.148401
0.00198671	8.95002	7.70041e-06	0.14492
0.00200211	8.16817	7.70041e-06	0.137986
0.00201751	7.49044	7.70041e-06	0.135543
0.00203291	6.82073	7.70041e-06	0.131785
0.00204831	6.23743	7.70041e-06	0.129597
0.00206371	5.5961	7.70041e-06	0.0826723
0.00207911	5.07672	7.70041e-06	0.0782926
0.00209451	4.60946	7.70041e-06	0.0739472
0.00210991	4.1686	7.70041e-06	0.0710202
0.00212531	3.73681	7.70041e-06	0.0656666
0.00214071	3.33691	7.70041e-06	0.0617114
0.00215612	2.96282	7.70041e-06	0.0587251
0.00217152	2.66969	7.70041e-06	0.056375
0.00218692	2.3717	7.70041e-06	0.0521656
0.00220232	2.09859	7.70041e-06	0.0498098
0.00221772	1.8124	7.70041e-06	0.0448658
0.00223312	1.61568	7.70041e-06	0.0431569
0.00224852	1.42663	7.70041e-06	0.0415203
0.00226392	1.24572	7.70041e-06	0.0394965
0.00227932	1.09151	7.70041e-06	0.0379092
0.00229472	0.949628	7.70041e-06	0.0359511
0.00231012	0.809567	7.70041e-06	0.0329863
0.00232552	0.711965	7.70041e-06	0.0319835
0.00234092	0.609793	7.70041e-06	0.030544
0.00235633	0.506668	7.70041e-06	0.0290965
0.00237173	0.426679	7.70041e-06	0.0277385
0.00238713	0.33731	7.70041e-06	0.0189602
0.00240253	0.271912	7.70041e-06	0.0164218
0.00241793	0.212986	7.70041e-06	0.0150427
0.00243333	0.175599	7.70041e-06	0.0143341
0.00244873	0.137481	7.70041e-06	0.0121382
0.00246413	0.103294	7.70041e-06	0.00909819
0.00247953	0.0684212	7.70041e-06	0.0071421
0.00249493	0.0458093	7.70041e-06	0.00592124
0.00251033	0.0310069	7.70041e-06	0.00524479
0.00252573	0.0127386	7.70041e-06	0.00256985
0.00254114	0.00705824	7.70041e-06	0.00185885
0.00255654	0.00269518	7.70041e-06	0.00112067
0.00257194	0.00105509	7.70041e-06	0.000761311
