6.58938e-06	1480.69	6.58938e-06	10.2746
1.97681e-05	370.836	6.58938e-06	5.85642
3.29469e-05	303.522	6.58938e-06	4.7816
4.61257e-05	279.505	6.58938e-06	4.42562
5.93044e-05	273.439	6.58938e-06	4.41471
7.24832e-05	272.376	6.58938e-06	4.69934
8.5662e-05	286.095	6.58938e-06	5.34444
9.88407e-05	288.524	6.58938e-06	4.79808
0.00011202	314.992	6.58938e-06	5.40565
0.000125198	329.505	6.58938e-06	5.33235
0.000138377	359.427	6.58938e-06	6.83448
0.000151556	374.614	6.58938e-06	6.34944
0.000164735	405.374	6.58938e-06	6.56218
0.000177913	428.086	6.58938e-06	6.99183
0.000191092	449.856	6.58938e-06	7.67645
0.000204271	473.567	6.58938e-06	7.5639
0.00021745	514.602	6.58938e-06	8.98349
0.000230628	552.435	6.58938e-06	11.3486
0.000243807	555.987	6.58938e-06	9.16801
0.000256986	602.383	6.58938e-06	9.36278
0.000270165	616.918	6.58938e-06	9.33778
0.000283343	659.18	6.58938e-06	10.4184
0.000296522	682.289	6.58938e-06	10.7526
0.000309701	693.941	6.58938e-06	9.84127
0.00032288	748.604	6.58938e-06	15.4408
0.000336059	732.35	6.58938e-06	11.4871
0.000349237	777.541	6.58938e-06	12.2278
0.000362416	800.607	6.58938e-06	13.9168
0.000375595	829.253	6.58938e-06	13.9888
0.000388774	846.666	6.58938e-06	11.5454
0.000401952	876.326	6.58938e-06	20.0363
0.000415131	915.996	6.58938e-06	21.538
0.00042831	856.103	6.58938e-06	10.9076
0.000441489	916.224	6.58938e-06	14.8778
0.000454667	919.809	6.58938e-06	13.3907
0.000467846	924.441	6.58938e-06	13.1515
0.000481025	1062.21	6.58938e-06	64.7333
0.000494204	954.193	6.58938e-06	13.4521
0.000507382	999.12	6.58938e-06	18.1469
0.000520561	991.752	6.58938e-06	14.5657
0.00053374	988.746	6.58938e-06	12.5487
0.000546919	1014.7	6.58938e-06	16.8665
0.000560098	1026.46	6.58938e-06	17.3464
0.000573276	1022.97	6.58938e-06	15.6806
0.000586455	1008.91	6.58938e-06	14.9773
0.000599634	1063.41	6.58938e-06	15.9558
0.000612813	1082.25	6.58938e-06	19.6241
0.000625991	1022.31	6.58938e-06	14.8791
0.00063917	1041.57	6.58938e-06	18.8016
0.000652349	1004.64	6.58938e-06	16.3521
0.000665528	1043.33	6.58938e-06	16.5756
0.000678706	1032.68	6.58938e-06	17.2841
0.000691885	986.479	6.58938e-06	14.5879
0.000705064	1017.74	6.58938e-06	16.5769
0.000718243	1014.38	6.58938e-06	17.2219
0.000731421	979.068	6.58938e-06	15.5436
0.0007446	1025.75	6.58938e-06	22.2509
0.000757779	950.797	6.58938e-06	15.5984
0.000770958	951.491	6.58938e-06	15.7565
0.000784137	963.117	6.58938e-06	17.7157
0.000797315	888.87	6.58938e-06	12.9277
0.000810494	925.803	6.58938e-06	15.6
0.000823673	940.056	6.58938e-06	16.9561
0.000836852	872.089	6.58938e-06	13.4588
0.00085003	891.723	6.58938e-06	15.4015
0.000863209	876.897	6.58938e-06	15.846
0.000876388	906.709	6.58938e-06	18.9335
0.000889567	836.463	6.58938e-06	15.2042
0.000902745	848.042	6.58938e-06	17.6858
0.000915924	814.794	6.58938e-06	15.1289
0.000929103	783.722	6.58938e-06	14.4012
0.000942282	749.975	6.58938e-06	13.4646
0.00095546	755.517	6.58938e-06	14.8142
0.000968639	717.94	6.58938e-06	15.1207
0.000981818	794.278	6.58938e-06	21.8681
0.000994997	708.316	6.58938e-06	19.1461
0.00100818	730.284	6.58938e-06	19.8383
0.00102135	678.38	6.58938e-06	16.3555
0.00103453	651.674	6.58938e-06	12.8996
0.00104771	625.547	6.58938e-06	14.3366
0.00106089	618.888	6.58938e-06	13.4659
0.00107407	592.871	6.58938e-06	14.5888
0.00108725	554.342	6.58938e-06	12.7108
0.00110043	583.439	6.58938e-06	25.9281
0.00111361	534.144	6.58938e-06	14.2243
0.00112678	573.088	6.58938e-06	23.2718
0.00113996	486.516	6.58938e-06	14.0442
0.00115314	474.013	6.58938e-06	13.3494
0.00116632	470.551	6.58938e-06	17.0788
0.0011795	428.885	6.58938e-06	11.155
0.00119268	452.669	6.58938e-06	14.8875
0.00120586	429.643	6.58938e-06	13.0547
0.00121904	444.864	6.58938e-06	26.7505
0.00123221	374.815	6.58938e-06	11.6951
0.00124539	361.329	6.58938e-06	12.4306
0.00125857	372.318	6.58938e-06	15.2717
0.00127175	336.984	6.58938e-06	10.4286
0.00128493	316.248	6.58938e-06	10.7211
0.00129811	321.565	6.58938e-06	11.8509
0.00131129	286.725	6.58938e-06	9.84024
0.00132447	283.281	6.58938e-06	10.4552
0.00133764	271.033	6.58938e-06	12.1793
0.00135082	241.5	6.58938e-06	8.25392
0.001364	244.072	6.58938e-06	13.6939
0.00137718	250.672	6.58938e-06	12.267
0.00139036	213.575	6.58938e-06	7.87375
0.00140354	201.113	6.58938e-06	8.64713
0.00141672	211.839	6.58938e-06	11.0861
0.0014299	184.953	6.58938e-06	8.75338
0.00144307	200.817	6.58938e-06	14.7867
0.00145625	172.863	6.58938e-06	7.92869
0.00146943	166.112	6.58938e-06	7.15301
0.00148261	156.4	6.58938e-06	11.5069
0.00149579	150.51	6.58938e-06	11.9505
0.00150897	199.828	6.58938e-06	47.7316
0.00152215	117.977	6.58938e-06	6.47791
0.00153533	135.988	6.58938e-06	9.83841
0.0015485	104.363	6.58938e-06	5.44166
0.00156168	110.119	6.58938e-06	6.77761
0.00157486	90.1595	6.58938e-06	6.30619
0.00158804	93.1596	6.58938e-06	5.59109
0.00160122	95.3153	6.58938e-06	7.15391
0.0016144	73.6938	6.58938e-06	4.40059
0.00162758	73.8457	6.58938e-06	4.91808
0.00164076	67.4895	6.58938e-06	5.02095
0.00165394	69.6752	6.58938e-06	5.17289
0.00166711	62.2886	6.58938e-06	7.16976
0.00168029	53.7856	6.58938e-06	4.30889
0.00169347	52.3401	6.58938e-06	4.57757
0.00170665	50.654	6.58938e-06	4.79651
0.00171983	60.6553	6.58938e-06	6.53249
0.00173301	36.3911	6.58938e-06	3.00057
0.00174619	34.4475	6.58938e-06	3.19283
0.00175937	39.1104	6.58938e-06	4.58695
0.00177254	32.5053	6.58938e-06	3.67232
0.00178572	29.7068	6.58938e-06	3.30244
0.0017989	21.7888	6.58938e-06	2.58703
0.00181208	43.0098	6.58938e-06	10.8318
0.00182526	45.4862	6.58938e-06	13.2563
0.00183844	15.0272	6.58938e-06	2.11756
0.00185162	14.3579	6.58938e-06	1.94727
0.0018648	14.079	6.58938e-06	1.93759
0.00187797	11.8012	6.58938e-06	1.98156
0.00189115	10.8572	6.58938e-06	2.05564
0.00190433	14.4167	6.58938e-06	3.52109
0.00191751	7.08729	6.58938e-06	1.46788
0.00193069	9.49556	6.58938e-06	1.95561
0.00194387	15.9057	6.58938e-06	5.55199
0.00195705	5.73391	6.58938e-06	1.66523
0.00197023	10.2912	6.58938e-06	2.16579
0.0019834	4.00381	6.58938e-06	1.008
0.00199658	3.94556	6.58938e-06	0.98173
0.00200976	9.33069	6.58938e-06	3.38373
0.00202294	3.17572	6.58938e-06	0.860512
0.00203612	2.63216	6.58938e-06	0.744193
0.0020493	2.09415	6.58938e-06	0.635635
0.00206248	1.63301	6.58938e-06	0.501602
0.00207566	2.08115	6.58938e-06	0.576743
0.00208883	1.20451	6.58938e-06	0.495987
0.00210201	3.00877	6.58938e-06	1.00279
0.00211519	0.551615	6.58938e-06	0.293609
0.00212837	0.751284	6.58938e-06	0.284036
0.00214155	0.150493	6.58938e-06	0.120525
0.00215473	0.0799637	6.58938e-06	0.0799637
0.00216791	0.424887	6.58938e-06	0.227801
0.00218109	0.501032	6.58938e-06	0.229121
0.00219426	0.28171	6.58938e-06	0.160493
0.00220744	0.629836	6.58938e-06	0.249281
0.00222062	0	6.58938e-06	0
0.0022338	0	6.58938e-06	0
0.00224698	0.231195	6.58938e-06	0.172387
0.00226016	0.11259	6.58938e-06	0.11259
0.00227334	0	6.58938e-06	0
0.00228652	0	6.58938e-06	0
0.00229969	0	6.58938e-06	0
0.00231287	0.120787	6.58938e-06	0.120787
