6.25693e-06	1794.82	6.25693e-06	11.7179
1.87708e-05	429.803	6.25693e-06	5.82305
3.12847e-05	358.161	6.25693e-06	7.15162
4.37985e-05	312.724	6.25693e-06	4.92421
5.63124e-05	310.923	6.25693e-06	5.07204
6.88263e-05	307.186	6.25693e-06	5.67823
8.13401e-05	328.924	6.25693e-06	6.11513
9.3854e-05	332.054	6.25693e-06	5.32035
0.000106368	343.751	6.25693e-06	6.08961
0.000118882	369.911	6.25693e-06	6.61125
0.000131396	406.655	6.25693e-06	8.34404
0.000143909	413.845	6.25693e-06	9.76108
0.000156423	447.144	6.25693e-06	11.3499
0.000168937	462.081	6.25693e-06	7.81065
0.000181451	504.379	6.25693e-06	8.79292
0.000193965	513.92	6.25693e-06	8.18221
0.000206479	537.077	6.25693e-06	7.92678
0.000218993	563.061	6.25693e-06	8.53719
0.000231507	595.342	6.25693e-06	8.7545
0.00024402	634.407	6.25693e-06	9.86587
0.000256534	641.454	6.25693e-06	10.4598
0.000269048	690.45	6.25693e-06	11.6565
0.000281562	710.034	6.25693e-06	10.1055
0.000294076	760.502	6.25693e-06	13.0045
0.00030659	767.122	6.25693e-06	11.0037
0.000319104	820.957	6.25693e-06	15.3037
0.000331617	833.902	6.25693e-06	12.5324
0.000344131	837.124	6.25693e-06	11.3262
0.000356645	876.819	6.25693e-06	12.7595
0.000369159	1038.03	6.25693e-06	70.3438
0.000381673	904.953	6.25693e-06	12.3486
0.000394187	958.311	6.25693e-06	17.2375
0.000406701	928.422	6.25693e-06	15.2786
0.000419215	944.084	6.25693e-06	12.1463
0.000431728	994.084	6.25693e-06	13.7226
0.000444242	1013.48	6.25693e-06	16.8425
0.000456756	1005.62	6.25693e-06	16.7911
0.00046927	1051.32	6.25693e-06	15.204
0.000481784	1032.26	6.25693e-06	15.5897
0.000494298	1044.38	6.25693e-06	14.2389
0.000506812	1048.9	6.25693e-06	15.2281
0.000519325	1061.66	6.25693e-06	14.6805
0.000531839	1047.97	6.25693e-06	14.4446
0.000544353	1036.33	6.25693e-06	13.5867
0.000556867	1079.54	6.25693e-06	17.6358
0.000569381	1049.51	6.25693e-06	16.4042
0.000581895	1120.95	6.25693e-06	29.6711
0.000594409	1106.6	6.25693e-06	19.5398
0.000606923	1106	6.25693e-06	22.2726
0.000619436	1047.5	6.25693e-06	14.1617
0.00063195	1062.39	6.25693e-06	16.5146
0.000644464	1078.27	6.25693e-06	18.5091
0.000656978	1074.02	6.25693e-06	17.5983
0.000669492	1078.61	6.25693e-06	18.4926
0.000682006	1069.87	6.25693e-06	25.5939
0.00069452	980.503	6.25693e-06	14.7563
0.000707033	989.274	6.25693e-06	15.5867
0.000719547	1038.44	6.25693e-06	21.5958
0.000732061	1006.09	6.25693e-06	16.63
0.000744575	1048.36	6.25693e-06	22.6415
0.000757089	1030.64	6.25693e-06	34.6336
0.000769603	980.368	6.25693e-06	24.2109
0.000782117	962.476	6.25693e-06	20.8142
0.000794631	908.085	6.25693e-06	15.0585
0.000807144	920.325	6.25693e-06	18.756
0.000819658	945.798	6.25693e-06	34.0274
0.000832172	895.551	6.25693e-06	19.5401
0.000844686	928.08	6.25693e-06	25.9032
0.0008572	848.538	6.25693e-06	15.6954
0.000869714	845.31	6.25693e-06	17.3942
0.000882228	860.728	6.25693e-06	18.3741
0.000894741	833.551	6.25693e-06	18.4171
0.000907255	875.68	6.25693e-06	32.4201
0.000919769	768.344	6.25693e-06	20.616
0.000932283	719.957	6.25693e-06	15.8221
0.000944797	738.666	6.25693e-06	15.278
0.000957311	733.757	6.25693e-06	16.24
0.000969825	696.871	6.25693e-06	16.7838
0.000982339	643.867	6.25693e-06	14.5355
0.000994852	664.483	6.25693e-06	19.9758
0.00100737	613.516	6.25693e-06	14.4829
0.00101988	619.261	6.25693e-06	16.1357
0.00103239	594.952	6.25693e-06	13.1804
0.00104491	597.767	6.25693e-06	18.5688
0.00105742	542.415	6.25693e-06	12.3772
0.00106994	530.706	6.25693e-06	18.1275
0.00108245	524.838	6.25693e-06	17.5601
0.00109496	504.763	6.25693e-06	12.4659
0.00110748	461.281	6.25693e-06	10.9614
0.00111999	455.349	6.25693e-06	12.2508
0.0011325	455.066	6.25693e-06	12.5345
0.00114502	448.867	6.25693e-06	17.7248
0.00115753	407.009	6.25693e-06	11.3083
0.00117005	391.606	6.25693e-06	11.3864
0.00118256	377.643	6.25693e-06	13.2206
0.00119507	381.356	6.25693e-06	29.0706
0.00120759	368.686	6.25693e-06	14.0243
0.0012201	358.875	6.25693e-06	16.013
0.00123262	318.619	6.25693e-06	10.102
0.00124513	306.063	6.25693e-06	15.7472
0.00125764	324.419	6.25693e-06	14.5129
0.00127016	283.627	6.25693e-06	13.1489
0.00128267	281.691	6.25693e-06	12.1428
0.00129519	235.703	6.25693e-06	9.02202
0.0013077	233.911	6.25693e-06	9.01855
0.00132021	224.534	6.25693e-06	9.24133
0.00133273	214.343	6.25693e-06	8.68012
0.00134524	205.913	6.25693e-06	10.4531
0.00135775	205.507	6.25693e-06	12.2793
0.00137027	188.621	6.25693e-06	10.5656
0.00138278	167.066	6.25693e-06	9.29063
0.0013953	150.906	6.25693e-06	6.61345
0.00140781	155.887	6.25693e-06	9.20002
0.00142032	153.133	6.25693e-06	10.1827
0.00143284	141.453	6.25693e-06	8.15772
0.00144535	129.511	6.25693e-06	7.39032
0.00145787	117.661	6.25693e-06	6.94417
0.00147038	109.383	6.25693e-06	6.68422
0.00148289	91.4864	6.25693e-06	7.07948
0.00149541	107.27	6.25693e-06	8.59873
0.00150792	102.938	6.25693e-06	11.1378
0.00152043	86.6648	6.25693e-06	6.05969
0.00153295	79.6122	6.25693e-06	5.22562
0.00154546	76.034	6.25693e-06	7.02714
0.00155798	61.1242	6.25693e-06	4.23715
0.00157049	60.9348	6.25693e-06	4.30457
0.001583	59.2844	6.25693e-06	6.13994
0.00159552	51.8225	6.25693e-06	4.25021
0.00160803	49.1266	6.25693e-06	5.13013
0.00162055	58.149	6.25693e-06	9.45234
0.00163306	39.6865	6.25693e-06	4.09789
0.00164557	43.8388	6.25693e-06	4.5307
0.00165809	40.372	6.25693e-06	4.78348
0.0016706	35.3381	6.25693e-06	5.82159
0.00168312	32.9152	6.25693e-06	5.09797
0.00169563	31.0975	6.25693e-06	4.69775
0.00170814	29.2086	6.25693e-06	4.32485
0.00172066	29.8873	6.25693e-06	4.48168
0.00173317	19.6217	6.25693e-06	2.80522
0.00174568	18.26	6.25693e-06	3.95089
0.0017582	11.3902	6.25693e-06	1.90233
0.00177071	11.5861	6.25693e-06	2.12621
0.00178323	16.1411	6.25693e-06	3.17867
0.00179574	7.05433	6.25693e-06	1.25291
0.00180825	24.3188	6.25693e-06	8.73084
0.00182077	47.5474	6.25693e-06	24.7974
0.00183328	8.58546	6.25693e-06	1.79337
0.0018458	9.24528	6.25693e-06	2.93038
0.00185831	7.11092	6.25693e-06	1.74961
0.00187082	4.51643	6.25693e-06	1.09623
0.00188334	5.62074	6.25693e-06	2.36829
0.00189585	4.52636	6.25693e-06	1.11255
0.00190836	1.78218	6.25693e-06	0.56187
0.00192088	2.20815	6.25693e-06	0.579054
0.00193339	2.95338	6.25693e-06	0.828014
0.00194591	0.798565	6.25693e-06	0.290046
0.00195842	1.54624	6.25693e-06	0.431636
0.00197093	0.897104	6.25693e-06	0.306318
0.00198345	1.14845	6.25693e-06	0.399632
0.00199596	0.38709	6.25693e-06	0.205533
0.00200848	0.27849	6.25693e-06	0.136647
0.00202099	1.07629	6.25693e-06	0.353529
0.0020335	0.489174	6.25693e-06	0.268359
0.00204602	1.12239	6.25693e-06	0.620239
0.00205853	0.110453	6.25693e-06	0.110453
0.00207104	0.119967	6.25693e-06	0.091924
0.00208356	0.195939	6.25693e-06	0.116555
0.00209607	0.109225	6.25693e-06	0.109225
0.00210859	0.128379	6.25693e-06	0.0925643
0.0021211	0.0809397	6.25693e-06	0.0809397
0.00213361	0.153822	6.25693e-06	0.11116
0.00214613	0.0799141	6.25693e-06	0.0799141
0.00215864	0	6.25693e-06	0
0.00217116	0.0834381	6.25693e-06	0.0834381
0.00218367	0	6.25693e-06	0
0.00219618	0	6.25693e-06	0
0.0022087	0	6.25693e-06	0
0.00222121	0	6.25693e-06	0
0.00223373	0.0410506	6.25693e-06	0.0410506
