7.57221e-06	235.419	7.57221e-06	5.14216
2.27166e-05	94.5538	7.57221e-06	2.94326
3.78611e-05	75.1054	7.57221e-06	2.76155
5.30055e-05	80.092	7.57221e-06	2.62564
6.81499e-05	81.7639	7.57221e-06	3.39535
8.32943e-05	80.5796	7.57221e-06	2.90121
9.84388e-05	88.0037	7.57221e-06	3.56944
0.000113583	86.6189	7.57221e-06	2.9322
0.000128728	99.7355	7.57221e-06	2.94887
0.000143872	106.113	7.57221e-06	3.57297
0.000159016	116.433	7.57221e-06	3.81701
0.000174161	124.147	7.57221e-06	3.83988
0.000189305	127.91	7.57221e-06	4.37717
0.00020445	149.135	7.57221e-06	6.09624
0.000219594	163.491	7.57221e-06	5.307
0.000234739	173.315	7.57221e-06	7.47419
0.000249883	180.773	7.57221e-06	5.42095
0.000265027	186.982	7.57221e-06	4.55105
0.000280172	205.732	7.57221e-06	5.21918
0.000295316	233.582	7.57221e-06	6.07136
0.000310461	233.21	7.57221e-06	4.93765
0.000325605	251.604	7.57221e-06	5.38288
0.00034075	273.425	7.57221e-06	5.95625
0.000355894	273.348	7.57221e-06	5.50301
0.000371038	304.273	7.57221e-06	6.95975
0.000386183	318.082	7.57221e-06	6.26322
0.000401327	345.839	7.57221e-06	8.31275
0.000416472	372.589	7.57221e-06	11.1578
0.000431616	366.689	7.57221e-06	6.94239
0.000446761	410.054	7.57221e-06	7.05215
0.000461905	402.104	7.57221e-06	7.38975
0.000477049	427.532	7.57221e-06	7.10957
0.000492194	451.059	7.57221e-06	8.43028
0.000507338	487.079	7.57221e-06	9.51394
0.000522483	500.891	7.57221e-06	7.96099
0.000537627	526.358	7.57221e-06	8.10745
0.000552772	578.698	7.57221e-06	19.9938
0.000567916	578.871	7.57221e-06	9.11866
0.00058306	581.704	7.57221e-06	8.09336
0.000598205	606.842	7.57221e-06	9.01358
0.000613349	614.36	7.57221e-06	9.87348
0.000628494	642.923	7.57221e-06	8.78121
0.000643638	645.765	7.57221e-06	8.92714
0.000658782	681.622	7.57221e-06	10.2548
0.000673927	717.13	7.57221e-06	10.4417
0.000689071	720.335	7.57221e-06	9.31837
0.000704216	741.206	7.57221e-06	9.58855
0.00071936	764.178	7.57221e-06	10.0351
0.000734505	761.938	7.57221e-06	9.98413
0.000749649	780.62	7.57221e-06	12.9217
0.000764793	799.282	7.57221e-06	14.8661
0.000779938	812.337	7.57221e-06	10.2123
0.000795082	809.224	7.57221e-06	9.83272
0.000810227	843.663	7.57221e-06	11.6595
0.000825371	836.553	7.57221e-06	9.38253
0.000840516	837.19	7.57221e-06	9.64965
0.00085566	868.811	7.57221e-06	10.8508
0.000870804	873.392	7.57221e-06	9.94402
0.000885949	871.219	7.57221e-06	9.35901
0.000901093	875.834	7.57221e-06	9.57012
0.000916238	890.845	7.57221e-06	10.2275
0.000931382	883.366	7.57221e-06	9.89353
0.000946527	901.033	7.57221e-06	12.0022
0.000961671	895.681	7.57221e-06	10.033
0.000976815	908.302	7.57221e-06	10.4709
0.00099196	908.453	7.57221e-06	10.0511
0.0010071	925.94	7.57221e-06	10.5378
0.00102225	906.236	7.57221e-06	13.0274
0.00103739	890.305	7.57221e-06	9.88266
0.00105254	906.348	7.57221e-06	10.5909
0.00106768	891.64	7.57221e-06	9.43947
0.00108283	887.389	7.57221e-06	13.5421
0.00109797	869.313	7.57221e-06	9.53618
0.00111312	862.161	7.57221e-06	10.821
0.00112826	849.379	7.57221e-06	10.2342
0.0011434	864.419	7.57221e-06	10.2366
0.00115855	862.489	7.57221e-06	15.2325
0.00117369	824.302	7.57221e-06	9.08225
0.00118884	801.678	7.57221e-06	8.82026
0.00120398	784.496	7.57221e-06	8.6281
0.00121913	777.917	7.57221e-06	8.95715
0.00123427	769.998	7.57221e-06	8.80976
0.00124942	767.716	7.57221e-06	9.0215
0.00126456	745.634	7.57221e-06	9.32224
0.0012797	738.848	7.57221e-06	9.11194
0.00129485	733.889	7.57221e-06	8.53251
0.00130999	705.411	7.57221e-06	8.53017
0.00132514	695.914	7.57221e-06	8.17096
0.00134028	668.957	7.57221e-06	8.13605
0.00135543	659.753	7.57221e-06	7.79722
0.00137057	649.071	7.57221e-06	8.23514
0.00138571	629.522	7.57221e-06	8.15003
0.00140086	596.503	7.57221e-06	7.33111
0.001416	592.093	7.57221e-06	9.3905
0.00143115	562.891	7.57221e-06	7.23488
0.00144629	565.139	7.57221e-06	7.50407
0.00146144	526.341	7.57221e-06	7.10852
0.00147658	518.833	7.57221e-06	7.25096
0.00149173	503.695	7.57221e-06	8.28914
0.00150687	478.63	7.57221e-06	6.60243
0.00152201	470.842	7.57221e-06	6.79349
0.00153716	443.133	7.57221e-06	6.32624
0.0015523	441.88	7.57221e-06	7.3517
0.00156745	416.426	7.57221e-06	6.04263
0.00158259	404.732	7.57221e-06	6.87744
0.00159774	392.227	7.57221e-06	5.95276
0.00161288	365.604	7.57221e-06	5.88814
0.00162803	353.546	7.57221e-06	5.53978
0.00164317	337.232	7.57221e-06	5.79375
0.00165831	327.38	7.57221e-06	5.38411
0.00167346	313.368	7.57221e-06	5.51701
0.0016886	291.898	7.57221e-06	4.95068
0.00170375	285.424	7.57221e-06	5.01493
0.00171889	259.512	7.57221e-06	4.65085
0.00173404	257.647	7.57221e-06	4.84064
0.00174918	245.686	7.57221e-06	4.5209
0.00176433	224.496	7.57221e-06	4.39947
0.00177947	216.774	7.57221e-06	4.2601
0.00179461	208.19	7.57221e-06	4.32125
0.00180976	193.114	7.57221e-06	3.86797
0.0018249	187.673	7.57221e-06	3.97461
0.00184005	182.725	7.57221e-06	4.18852
0.00185519	169.332	7.57221e-06	5.55813
0.00187034	153.37	7.57221e-06	3.74163
0.00188548	147.627	7.57221e-06	3.41232
0.00190063	139.674	7.57221e-06	3.28856
0.00191577	128.969	7.57221e-06	3.15014
0.00193091	126.9	7.57221e-06	3.18944
0.00194606	117.523	7.57221e-06	2.92529
0.0019612	106.013	7.57221e-06	2.82397
0.00197635	98.8461	7.57221e-06	2.6992
0.00199149	96.0571	7.57221e-06	2.72473
0.00200664	88.3795	7.57221e-06	2.99078
0.00202178	80.3128	7.57221e-06	2.40544
0.00203693	75.6783	7.57221e-06	2.62152
0.00205207	71.7478	7.57221e-06	2.33564
0.00206721	67.5687	7.57221e-06	2.47128
0.00208236	54.5936	7.57221e-06	1.91388
0.0020975	54.7207	7.57221e-06	1.81231
0.00211265	52.8778	7.57221e-06	1.87371
0.00212779	50.7555	7.57221e-06	2.02337
0.00214294	43.8659	7.57221e-06	1.78386
0.00215808	44.1416	7.57221e-06	2.42453
0.00217323	39.0714	7.57221e-06	1.91878
0.00218837	35.8795	7.57221e-06	1.50512
0.00220351	32.1528	7.57221e-06	1.57096
0.00221866	33.0136	7.57221e-06	1.90352
0.0022338	30.4802	7.57221e-06	1.807
0.00224895	23.4016	7.57221e-06	1.2828
0.00226409	21.7266	7.57221e-06	1.11568
0.00227924	20.7592	7.57221e-06	1.89857
0.00229438	17.4874	7.57221e-06	1.06066
0.00230952	15.1917	7.57221e-06	1.00494
0.00232467	13.7194	7.57221e-06	0.857603
0.00233981	12.0323	7.57221e-06	0.913728
0.00235496	12.9387	7.57221e-06	1.07029
0.0023701	9.97557	7.57221e-06	0.756766
0.00238525	8.09234	7.57221e-06	0.683183
0.00240039	8.92095	7.57221e-06	0.870004
0.00241554	6.73509	7.57221e-06	0.599492
0.00243068	5.05744	7.57221e-06	0.491909
0.00244582	4.14139	7.57221e-06	0.438629
0.00246097	3.47342	7.57221e-06	0.441561
0.00247611	3.21374	7.57221e-06	0.400827
0.00249126	1.64531	7.57221e-06	0.267179
0.0025064	1.88092	7.57221e-06	0.283621
0.00252155	1.40754	7.57221e-06	0.245053
0.00253669	1.09676	7.57221e-06	0.215104
0.00255184	0.755663	7.57221e-06	0.17812
0.00256698	0.334368	7.57221e-06	0.118219
