7.70009e-06	258.972	7.70009e-06	4.42087
2.31003e-05	95.7498	7.70009e-06	2.58833
3.85004e-05	85.8235	7.70009e-06	2.51519
5.39006e-05	78.7601	7.70009e-06	2.43692
6.93008e-05	80.0317	7.70009e-06	2.38323
8.4701e-05	84.1014	7.70009e-06	3.2476
0.000100101	88.699	7.70009e-06	2.79791
0.000115501	99.1277	7.70009e-06	2.94636
0.000130901	105.355	7.70009e-06	3.40678
0.000146302	104.994	7.70009e-06	2.81896
0.000161702	113.478	7.70009e-06	3.29274
0.000177102	125.542	7.70009e-06	3.46072
0.000192502	141.036	7.70009e-06	3.43795
0.000207902	158.322	7.70009e-06	6.67876
0.000223303	158.116	7.70009e-06	3.7774
0.000238703	177.018	7.70009e-06	4.6828
0.000254103	187.818	7.70009e-06	4.74395
0.000269503	198.168	7.70009e-06	4.25236
0.000284903	212.582	7.70009e-06	4.65061
0.000300303	229.377	7.70009e-06	5.59418
0.000315704	246.674	7.70009e-06	5.46184
0.000331104	266.88	7.70009e-06	6.36254
0.000346504	268.365	7.70009e-06	6.55295
0.000361904	290.451	7.70009e-06	6.58505
0.000377304	321.933	7.70009e-06	6.99158
0.000392704	321.24	7.70009e-06	6.15899
0.000408105	345.732	7.70009e-06	6.79529
0.000423505	358.721	7.70009e-06	6.35287
0.000438905	384.998	7.70009e-06	8.12994
0.000454305	431.937	7.70009e-06	12.1849
0.000469705	427.063	7.70009e-06	7.75259
0.000485106	436.137	7.70009e-06	7.23275
0.000500506	469.364	7.70009e-06	9.69902
0.000515906	471.714	7.70009e-06	7.06597
0.000531306	508.283	7.70009e-06	10.4058
0.000546706	524.405	7.70009e-06	9.33155
0.000562106	542.702	7.70009e-06	9.48702
0.000577507	573.383	7.70009e-06	12.7462
0.000592907	572.225	7.70009e-06	8.19454
0.000608307	602.867	7.70009e-06	10.588
0.000623707	607.543	7.70009e-06	8.34609
0.000639107	632.817	7.70009e-06	8.36903
0.000654507	650.669	7.70009e-06	9.04773
0.000669908	670.048	7.70009e-06	9.71252
0.000685308	693.803	7.70009e-06	10.0028
0.000700708	715.007	7.70009e-06	9.01581
0.000716108	714.892	7.70009e-06	10.0062
0.000731508	764.713	7.70009e-06	14.416
0.000746908	751.365	7.70009e-06	10.6191
0.000762309	776.261	7.70009e-06	10.0392
0.000777709	772.731	7.70009e-06	9.79854
0.000793109	782.612	7.70009e-06	10.187
0.000808509	785.316	7.70009e-06	9.29449
0.000823909	815.948	7.70009e-06	11.2052
0.00083931	831.504	7.70009e-06	11.4164
0.00085471	844.912	7.70009e-06	11.026
0.00087011	848.233	7.70009e-06	13.9462
0.00088551	849.283	7.70009e-06	11.3062
0.00090091	881.785	7.70009e-06	14.1538
0.00091631	857.71	7.70009e-06	10.6735
0.000931711	894.246	7.70009e-06	14.6597
0.000947111	866.416	7.70009e-06	10.3044
0.000962511	898.368	7.70009e-06	12.1756
0.000977911	908.493	7.70009e-06	16.8284
0.000993311	896.345	7.70009e-06	13.6963
0.00100871	888.437	7.70009e-06	13.6559
0.00102411	877.937	7.70009e-06	10.8668
0.00103951	901.724	7.70009e-06	17.038
0.00105491	883.524	7.70009e-06	10.8609
0.00107031	871.383	7.70009e-06	10.1945
0.00108571	852.57	7.70009e-06	11.687
0.00110111	863.418	7.70009e-06	11.5384
0.00111651	873.994	7.70009e-06	15.0277
0.00113191	853.733	7.70009e-06	14.5924
0.00114731	837.187	7.70009e-06	11.8466
0.00116271	815.005	7.70009e-06	10.2073
0.00117811	808.885	7.70009e-06	9.60758
0.00119351	820.152	7.70009e-06	11.118
0.00120891	793.493	7.70009e-06	10.8781
0.00122431	775.588	7.70009e-06	9.92862
0.00123971	773.857	7.70009e-06	11.2426
0.00125511	755.319	7.70009e-06	9.81028
0.00127051	729.314	7.70009e-06	9.15183
0.00128591	740.167	7.70009e-06	12.7367
0.00130131	727.632	7.70009e-06	10.1161
0.00131671	699.338	7.70009e-06	10.4198
0.00133212	679.948	7.70009e-06	8.72574
0.00134752	690.4	7.70009e-06	12.7186
0.00136292	662.78	7.70009e-06	10.0435
0.00137832	646.287	7.70009e-06	9.5881
0.00139372	625.732	7.70009e-06	10.1057
0.00140912	610.186	7.70009e-06	9.39364
0.00142452	657.382	7.70009e-06	58.2439
0.00143992	560.869	7.70009e-06	8.48201
0.00145532	541.491	7.70009e-06	8.22782
0.00147072	544.667	7.70009e-06	12.9082
0.00148612	510.559	7.70009e-06	7.70681
0.00150152	489.736	7.70009e-06	7.70484
0.00151692	471.111	7.70009e-06	7.4544
0.00153232	486.527	7.70009e-06	12.9474
0.00154772	477.692	7.70009e-06	10.5821
0.00156312	424.396	7.70009e-06	6.83879
0.00157852	427.184	7.70009e-06	8.82777
0.00159392	401	7.70009e-06	7.22544
0.00160932	376.743	7.70009e-06	8.07319
0.00162472	366.514	7.70009e-06	7.10629
0.00164012	351.153	7.70009e-06	6.95993
0.00165552	332.513	7.70009e-06	6.40308
0.00167092	313.261	7.70009e-06	7.57459
0.00168632	301.077	7.70009e-06	5.61215
0.00170172	297.024	7.70009e-06	5.9119
0.00171712	280.837	7.70009e-06	5.97076
0.00173252	256.861	7.70009e-06	5.7114
0.00174792	321.602	7.70009e-06	44.2659
0.00176332	239.131	7.70009e-06	5.50247
0.00177872	230.63	7.70009e-06	5.88996
0.00179412	220.738	7.70009e-06	5.0943
0.00180952	217.211	7.70009e-06	7.68427
0.00182492	194.709	7.70009e-06	4.76167
0.00184032	190.45	7.70009e-06	5.02239
0.00185572	173.11	7.70009e-06	4.44076
0.00187112	169.99	7.70009e-06	4.51169
0.00188652	154.985	7.70009e-06	4.06229
0.00190192	138.97	7.70009e-06	3.74542
0.00191732	142.626	7.70009e-06	4.36982
0.00193272	150.091	7.70009e-06	11.5658
0.00194812	127.462	7.70009e-06	4.0048
0.00196352	113.804	7.70009e-06	3.68788
0.00197892	108.643	7.70009e-06	3.80676
0.00199432	103.394	7.70009e-06	4.29368
0.00200972	106.4	7.70009e-06	6.92508
0.00202512	88.2057	7.70009e-06	3.15253
0.00204052	74.7341	7.70009e-06	2.54387
0.00205592	77.4663	7.70009e-06	3.22416
0.00207132	68.954	7.70009e-06	2.80334
0.00208672	61.9972	7.70009e-06	2.42182
0.00210212	85.4853	7.70009e-06	17.129
0.00211752	50.1046	7.70009e-06	2.18711
0.00213292	52.2374	7.70009e-06	2.32056
0.00214832	50.0009	7.70009e-06	2.26471
0.00216372	44.0656	7.70009e-06	2.04152
0.00217912	41.3983	7.70009e-06	2.19858
0.00219452	39.1059	7.70009e-06	2.54959
0.00220993	33.319	7.70009e-06	1.99276
0.00222533	29.0914	7.70009e-06	1.96291
0.00224073	30.8079	7.70009e-06	2.25654
0.00225613	25.7522	7.70009e-06	1.51151
0.00227153	23.6984	7.70009e-06	1.63105
0.00228693	21.1212	7.70009e-06	1.39872
0.00230233	20.8531	7.70009e-06	1.362
0.00231773	17.9424	7.70009e-06	1.44533
0.00233313	17.9403	7.70009e-06	1.48024
0.00234853	13.8076	7.70009e-06	1.20262
0.00236393	11.3022	7.70009e-06	1.22899
0.00237933	10.2242	7.70009e-06	1.10865
0.00239473	9.39511	7.70009e-06	0.928828
0.00241013	9.28153	7.70009e-06	1.01001
0.00242553	6.12725	7.70009e-06	0.650279
0.00244093	6.26428	7.70009e-06	0.715238
0.00245633	6.50269	7.70009e-06	0.705169
0.00247173	4.51848	7.70009e-06	0.559319
0.00248713	3.5385	7.70009e-06	0.612276
0.00250253	2.71092	7.70009e-06	0.457786
0.00251793	3.08781	7.70009e-06	0.455393
0.00253333	1.43231	7.70009e-06	0.33941
0.00254873	1.36246	7.70009e-06	0.302638
0.00256413	0.735344	7.70009e-06	0.223171
0.00257953	0.0604302	7.70009e-06	0.0604302
