7.6717e-06	557.636	7.6717e-06	5.81008
2.30151e-05	163.386	7.6717e-06	3.16086
3.83585e-05	137.955	7.6717e-06	2.82236
5.37019e-05	128.711	7.6717e-06	2.81316
6.90453e-05	141.551	7.6717e-06	3.83802
8.43887e-05	138.438	7.6717e-06	3.21595
9.97321e-05	150.365	7.6717e-06	3.38495
0.000115076	158.312	7.6717e-06	3.20429
0.000130419	171.733	7.6717e-06	3.43735
0.000145762	183.325	7.6717e-06	3.59623
0.000161106	194.288	7.6717e-06	4.33483
0.000176449	203.67	7.6717e-06	4.36965
0.000191793	219.219	7.6717e-06	4.3013
0.000207136	240.683	7.6717e-06	4.6999
0.000222479	265.355	7.6717e-06	4.84322
0.000237823	275.534	7.6717e-06	4.78631
0.000253166	299.749	7.6717e-06	6.38335
0.00026851	319.967	7.6717e-06	5.69323
0.000283853	327.941	7.6717e-06	5.87238
0.000299196	343.963	7.6717e-06	5.50787
0.00031454	371.251	7.6717e-06	6.83453
0.000329883	388.104	7.6717e-06	7.12981
0.000345227	417.397	7.6717e-06	7.91368
0.00036057	424.903	7.6717e-06	6.88706
0.000375913	471.438	7.6717e-06	8.90679
0.000391257	487.016	7.6717e-06	8.97469
0.0004066	520.413	7.6717e-06	18.7343
0.000421944	518.966	7.6717e-06	8.69978
0.000437287	534.118	7.6717e-06	8.45648
0.00045263	552.586	7.6717e-06	9.5083
0.000467974	590.344	7.6717e-06	15.7672
0.000483317	603.827	7.6717e-06	9.74631
0.000498661	637.511	7.6717e-06	11.7094
0.000514004	636.534	7.6717e-06	9.66693
0.000529347	676.571	7.6717e-06	19.472
0.000544691	656.257	7.6717e-06	8.72031
0.000560034	728.546	7.6717e-06	16.4688
0.000575378	697.379	7.6717e-06	10.0369
0.000590721	691.085	7.6717e-06	10.0099
0.000606064	764.941	7.6717e-06	14.7959
0.000621408	762.601	7.6717e-06	13.682
0.000636751	794.56	7.6717e-06	13.9023
0.000652095	747.623	7.6717e-06	12.0281
0.000667438	777.032	7.6717e-06	9.9394
0.000682781	787.21	7.6717e-06	11.0671
0.000698125	872.262	7.6717e-06	19.5219
0.000713468	835.493	7.6717e-06	17.5094
0.000728812	841.442	7.6717e-06	13.5278
0.000744155	885.855	7.6717e-06	15.6646
0.000759498	842.7	7.6717e-06	12.8213
0.000774842	848.737	7.6717e-06	12.6918
0.000790185	869.578	7.6717e-06	15.6915
0.000805529	836.692	7.6717e-06	11.6405
0.000820872	857.593	7.6717e-06	13.3627
0.000836215	887.542	7.6717e-06	18.8117
0.000851559	864.45	7.6717e-06	15.2097
0.000866902	865.651	7.6717e-06	12.0656
0.000882246	882.691	7.6717e-06	15.2621
0.000897589	863.932	7.6717e-06	12.2671
0.000912932	874.703	7.6717e-06	14.4476
0.000928276	893.814	7.6717e-06	16.0736
0.000943619	836.086	7.6717e-06	12.2299
0.000958963	849.156	7.6717e-06	12.7427
0.000974306	888.306	7.6717e-06	20.4099
0.000989649	856.2	7.6717e-06	18.7049
0.00100499	834.838	7.6717e-06	12.3486
0.00102034	835	7.6717e-06	17.4887
0.00103568	838.175	7.6717e-06	17.6255
0.00105102	817.896	7.6717e-06	13.7821
0.00106637	804.685	7.6717e-06	14.0159
0.00108171	794.476	7.6717e-06	13.6703
0.00109705	796.528	7.6717e-06	15.6773
0.0011124	791.682	7.6717e-06	25.3941
0.00112774	792.993	7.6717e-06	13.5671
0.00114308	734.295	7.6717e-06	13.0672
0.00115843	711.115	7.6717e-06	11.7808
0.00117377	709.606	7.6717e-06	15.4792
0.00118911	677.828	7.6717e-06	11.9934
0.00120446	686.633	7.6717e-06	12.7619
0.0012198	701.634	7.6717e-06	23.5697
0.00123514	643.131	7.6717e-06	12.2657
0.00125049	625.862	7.6717e-06	11.773
0.00126583	647.835	7.6717e-06	15.6153
0.00128117	626.503	7.6717e-06	15.2021
0.00129652	606.331	7.6717e-06	12.9164
0.00131186	617.394	7.6717e-06	18.4656
0.0013272	584.096	7.6717e-06	13.5051
0.00134255	563.561	7.6717e-06	13.1838
0.00135789	512.951	7.6717e-06	11.0741
0.00137323	598.038	7.6717e-06	51.7252
0.00138858	484.907	7.6717e-06	9.91916
0.00140392	531.996	7.6717e-06	19.6855
0.00141926	449.982	7.6717e-06	11.0541
0.00143461	443.515	7.6717e-06	11.2844
0.00144995	456.362	7.6717e-06	17.4605
0.00146529	403.58	7.6717e-06	10.6982
0.00148064	418.576	7.6717e-06	12.7895
0.00149598	393.053	7.6717e-06	12.772
0.00151133	375.653	7.6717e-06	11.654
0.00152667	357.254	7.6717e-06	10.1311
0.00154201	327.476	7.6717e-06	9.0706
0.00155736	329.216	7.6717e-06	9.04888
0.0015727	318.849	7.6717e-06	10.1387
0.00158804	288.478	7.6717e-06	8.48862
0.00160339	284.779	7.6717e-06	9.93377
0.00161873	273.509	7.6717e-06	9.35355
0.00163407	281.481	7.6717e-06	11.5205
0.00164942	254.613	7.6717e-06	12.5479
0.00166476	230.103	7.6717e-06	9.14276
0.0016801	223.318	7.6717e-06	11.6569
0.00169545	220.821	7.6717e-06	7.86297
0.00171079	216.214	7.6717e-06	9.73042
0.00172613	172.704	7.6717e-06	6.52346
0.00174148	233.955	7.6717e-06	36.2252
0.00175682	156.694	7.6717e-06	6.09806
0.00177216	166.466	7.6717e-06	7.48999
0.00178751	174.236	7.6717e-06	10.4524
0.00180285	143.169	7.6717e-06	7.86718
0.00181819	135.92	7.6717e-06	6.34518
0.00183354	168.511	7.6717e-06	27.7334
0.00184888	150.207	7.6717e-06	11.1616
0.00186422	113.055	7.6717e-06	5.67324
0.00187957	106.674	7.6717e-06	6.75332
0.00189491	99.003	7.6717e-06	5.55353
0.00191025	93.0093	7.6717e-06	5.03484
0.0019256	84.3062	7.6717e-06	4.65791
0.00194094	78.2766	7.6717e-06	4.8507
0.00195628	66.3408	7.6717e-06	3.90558
0.00197163	65.3509	7.6717e-06	3.82681
0.00198697	72.6955	7.6717e-06	5.92856
0.00200231	62.1666	7.6717e-06	3.93087
0.00201766	59.8894	7.6717e-06	4.0175
0.002033	52.8443	7.6717e-06	4.40087
0.00204834	43.9714	7.6717e-06	3.21751
0.00206369	38.3546	7.6717e-06	2.81622
0.00207903	34.6617	7.6717e-06	2.96619
0.00209437	40.7968	7.6717e-06	3.61404
0.00210972	47.3203	7.6717e-06	8.31731
0.00212506	26.1089	7.6717e-06	2.46506
0.0021404	27.3013	7.6717e-06	2.93978
0.00215575	36.2347	7.6717e-06	6.10139
0.00217109	18.3876	7.6717e-06	1.87924
0.00218643	29.1459	7.6717e-06	5.46058
0.00220178	20.3673	7.6717e-06	2.76333
0.00221712	13.51	7.6717e-06	1.83189
0.00223247	12.1254	7.6717e-06	1.56892
0.00224781	16.0676	7.6717e-06	2.3321
0.00226315	10.1	7.6717e-06	1.36655
0.0022785	9.38623	7.6717e-06	1.69528
0.00229384	16.6142	7.6717e-06	8.50523
0.00230918	12.7119	7.6717e-06	3.27118
0.00232453	5.74397	7.6717e-06	1.08468
0.00233987	5.61614	7.6717e-06	1.26744
0.00235521	4.24947	7.6717e-06	0.91883
0.00237056	6.10663	7.6717e-06	2.06019
0.0023859	5.71552	7.6717e-06	1.8845
0.00240124	2.25428	7.6717e-06	0.755107
0.00241659	1.967	7.6717e-06	0.926552
0.00243193	2.42531	7.6717e-06	1.54152
0.00244727	0.389556	7.6717e-06	0.279841
0.00246262	0.950124	7.6717e-06	0.629617
0.00247796	0.440726	7.6717e-06	0.198394
0.0024933	0	7.6717e-06	0
0.00250865	0.0784003	7.6717e-06	0.0784003
0.00252399	0.31571	7.6717e-06	0.224353
