7.69433e-06	488.69	7.69433e-06	5.21225
2.3083e-05	160.821	7.69433e-06	3.91698
3.84717e-05	127.597	7.69433e-06	2.7093
5.38603e-05	121.482	7.69433e-06	2.56083
6.9249e-05	121.021	7.69433e-06	2.98596
8.46376e-05	129.569	7.69433e-06	3.03135
0.000100026	139.999	7.69433e-06	3.6312
0.000115415	138.856	7.69433e-06	3.04782
0.000130804	154.596	7.69433e-06	3.38411
0.000146192	164.787	7.69433e-06	3.37691
0.000161581	180.313	7.69433e-06	3.94055
0.00017697	194.306	7.69433e-06	4.52303
0.000192358	203.879	7.69433e-06	3.87061
0.000207747	248.036	7.69433e-06	19.769
0.000223136	245.556	7.69433e-06	5.05866
0.000238524	260.381	7.69433e-06	4.86167
0.000253913	282.98	7.69433e-06	5.79706
0.000269302	289.556	7.69433e-06	5.74339
0.00028469	303.474	7.69433e-06	5.45142
0.000300079	334.946	7.69433e-06	6.23607
0.000315468	376.031	7.69433e-06	20.7992
0.000330856	374.871	7.69433e-06	7.65415
0.000346245	395.64	7.69433e-06	6.64733
0.000361634	409.852	7.69433e-06	7.92801
0.000377022	425.916	7.69433e-06	8.18225
0.000392411	453.55	7.69433e-06	7.82681
0.0004078	451.308	7.69433e-06	6.58866
0.000423188	503.231	7.69433e-06	9.1157
0.000438577	514.339	7.69433e-06	8.69816
0.000453966	518.776	7.69433e-06	7.6208
0.000469354	588.378	7.69433e-06	16.2107
0.000484743	599.359	7.69433e-06	18.1727
0.000500131	606.901	7.69433e-06	10.3413
0.00051552	636.533	7.69433e-06	28.8257
0.000530909	638.419	7.69433e-06	12.4663
0.000546297	628.399	7.69433e-06	8.92638
0.000561686	665.796	7.69433e-06	10.5696
0.000577075	682.429	7.69433e-06	10.8325
0.000592463	709.317	7.69433e-06	11.0871
0.000607852	674.597	7.69433e-06	9.03515
0.000623241	744.732	7.69433e-06	17.2163
0.000638629	737.849	7.69433e-06	10.535
0.000654018	760.368	7.69433e-06	12.4931
0.000669407	770.68	7.69433e-06	11.0579
0.000684795	827.611	7.69433e-06	20.0077
0.000700184	836.99	7.69433e-06	33.108
0.000715573	802.428	7.69433e-06	12.59
0.000730961	831.836	7.69433e-06	12.4235
0.00074635	838.408	7.69433e-06	13.9062
0.000761739	813.466	7.69433e-06	10.9817
0.000777127	862.863	7.69433e-06	14.1643
0.000792516	842.746	7.69433e-06	12.1712
0.000807905	885.439	7.69433e-06	16.2396
0.000823293	860.305	7.69433e-06	17.5548
0.000838682	865.199	7.69433e-06	13.3116
0.000854071	897.013	7.69433e-06	20.0507
0.000869459	884.884	7.69433e-06	15.0804
0.000884848	943.798	7.69433e-06	38.6351
0.000900237	953.495	7.69433e-06	48.9131
0.000915625	860.534	7.69433e-06	13.9232
0.000931014	871.048	7.69433e-06	13.8211
0.000946403	864.807	7.69433e-06	13.7381
0.000961791	857.407	7.69433e-06	12.8042
0.00097718	851.435	7.69433e-06	14.4787
0.000992569	893.497	7.69433e-06	16.2752
0.00100796	812.104	7.69433e-06	12.1459
0.00102335	851.726	7.69433e-06	13.2706
0.00103873	856.841	7.69433e-06	20.7546
0.00105412	815.055	7.69433e-06	15.4994
0.00106951	834.811	7.69433e-06	18.1624
0.0010849	796.771	7.69433e-06	14.1416
0.00110029	817.782	7.69433e-06	16.64
0.00111568	777.979	7.69433e-06	12.8752
0.00113107	749.717	7.69433e-06	11.7849
0.00114646	773.358	7.69433e-06	14.8404
0.00116184	725.469	7.69433e-06	15.8201
0.00117723	745.152	7.69433e-06	13.1026
0.00119262	711.922	7.69433e-06	12.7187
0.00120801	703.982	7.69433e-06	11.9154
0.0012234	698.054	7.69433e-06	15.7423
0.00123879	645.987	7.69433e-06	11.6608
0.00125418	651.216	7.69433e-06	13.9592
0.00126956	674.295	7.69433e-06	29.4447
0.00128495	618.019	7.69433e-06	12.8869
0.00130034	608.773	7.69433e-06	13.7336
0.00131573	595.002	7.69433e-06	11.8254
0.00133112	603.57	7.69433e-06	13.368
0.00134651	556.971	7.69433e-06	14.3839
0.0013619	551.744	7.69433e-06	12.8861
0.00137729	527.177	7.69433e-06	11.0811
0.00139267	514.493	7.69433e-06	11.9825
0.00140806	527.656	7.69433e-06	13.0169
0.00142345	471.165	7.69433e-06	10.8801
0.00143884	439.016	7.69433e-06	9.47378
0.00145423	438.708	7.69433e-06	9.1781
0.00146962	426.116	7.69433e-06	11.2579
0.00148501	433.622	7.69433e-06	29.0722
0.00150039	419.073	7.69433e-06	14.3184
0.00151578	377.703	7.69433e-06	10.9555
0.00153117	390.495	7.69433e-06	11.3432
0.00154656	354.867	7.69433e-06	9.74107
0.00156195	340.438	7.69433e-06	8.65038
0.00157734	332.236	7.69433e-06	8.89533
0.00159273	309.28	7.69433e-06	8.59556
0.00160812	318.728	7.69433e-06	10.3292
0.0016235	284.659	7.69433e-06	10.7727
0.00163889	292.64	7.69433e-06	13.6976
0.00165428	269.794	7.69433e-06	10.7364
0.00166967	235.937	7.69433e-06	7.5196
0.00168506	238.594	7.69433e-06	12.7407
0.00170045	224.686	7.69433e-06	7.30976
0.00171584	235.607	7.69433e-06	11.4407
0.00173122	222.195	7.69433e-06	9.04859
0.00174661	196.285	7.69433e-06	10.7196
0.001762	176.586	7.69433e-06	6.58616
0.00177739	163.281	7.69433e-06	5.96833
0.00179278	156.386	7.69433e-06	6.07243
0.00180817	160.462	7.69433e-06	8.20666
0.00182356	138.471	7.69433e-06	5.56924
0.00183895	131.701	7.69433e-06	5.68302
0.00185433	126.151	7.69433e-06	5.73477
0.00186972	135.429	7.69433e-06	13.4179
0.00188511	120.269	7.69433e-06	8.15912
0.0019005	116.793	7.69433e-06	8.46893
0.00191589	93.9407	7.69433e-06	4.37414
0.00193128	97.5701	7.69433e-06	5.68576
0.00194667	89.0132	7.69433e-06	5.87725
0.00196205	71.0485	7.69433e-06	4.38445
0.00197744	66.7512	7.69433e-06	4.24052
0.00199283	67.743	7.69433e-06	3.92479
0.00200822	114.586	7.69433e-06	36.7636
0.00202361	64.1503	7.69433e-06	4.00332
0.002039	50.8841	7.69433e-06	3.33351
0.00205439	62.1326	7.69433e-06	6.21966
0.00206977	46.8933	7.69433e-06	3.65576
0.00208516	38.418	7.69433e-06	2.71495
0.00210055	41.3257	7.69433e-06	4.21055
0.00211594	42.7808	7.69433e-06	5.12036
0.00213133	31.0703	7.69433e-06	2.63854
0.00214672	31.6745	7.69433e-06	3.47631
0.00216211	24.5942	7.69433e-06	2.20745
0.0021775	26.8412	7.69433e-06	3.50816
0.00219288	24.0749	7.69433e-06	3.18966
0.00220827	18.6199	7.69433e-06	1.78919
0.00222366	16.1837	7.69433e-06	1.74436
0.00223905	25.765	7.69433e-06	8.6769
0.00225444	12.2412	7.69433e-06	1.82541
0.00226983	14.584	7.69433e-06	1.82837
0.00228522	10.6488	7.69433e-06	2.01912
0.0023006	15.486	7.69433e-06	3.10816
0.00231599	8.38193	7.69433e-06	1.46442
0.00233138	7.73684	7.69433e-06	2.26292
0.00234677	7.63818	7.69433e-06	1.35999
0.00236216	8.15849	7.69433e-06	2.11792
0.00237755	6.14717	7.69433e-06	1.58243
0.00239294	3.13505	7.69433e-06	1.27648
0.00240833	5.356	7.69433e-06	2.5114
0.00242371	4.04774	7.69433e-06	1.75388
0.0024391	3.11663	7.69433e-06	0.970753
0.00245449	1.30486	7.69433e-06	0.738344
0.00246988	0.799166	7.69433e-06	0.499945
0.00248527	0.357895	7.69433e-06	0.264421
0.00250066	0.218285	7.69433e-06	0.155418
0.00251605	0.551056	7.69433e-06	0.395306
0.00253143	0.300371	7.69433e-06	0.175693
0.00254682	0.0881187	7.69433e-06	0.0881187
0.00256221	0	7.69433e-06	0
0.0025776	0.230568	7.69433e-06	0.167817
