7.66629e-06	260.951	7.66629e-06	4.75689
2.29989e-05	94.3286	7.66629e-06	2.71138
3.83315e-05	80.4223	7.66629e-06	2.37284
5.3664e-05	79.8792	7.66629e-06	2.69044
6.89966e-05	81.7287	7.66629e-06	2.69502
8.43292e-05	81.7031	7.66629e-06	2.47585
9.96618e-05	86.6356	7.66629e-06	3.20225
0.000114994	96.1009	7.66629e-06	3.14019
0.000130327	98.7566	7.66629e-06	2.84695
0.00014566	107.204	7.66629e-06	3.75465
0.000160992	112.457	7.66629e-06	3.18928
0.000176325	122.642	7.66629e-06	4.18011
0.000191657	136.797	7.66629e-06	4.55267
0.00020699	148.339	7.66629e-06	4.28826
0.000222322	164.983	7.66629e-06	5.08955
0.000237655	173.617	7.66629e-06	4.0741
0.000252988	177.406	7.66629e-06	4.16441
0.00026832	195.082	7.66629e-06	4.77265
0.000283653	207.483	7.66629e-06	4.60684
0.000298985	224.951	7.66629e-06	4.86576
0.000314318	233.303	7.66629e-06	5.76785
0.000329651	264.114	7.66629e-06	6.20009
0.000344983	281.938	7.66629e-06	6.24348
0.000360316	295.574	7.66629e-06	7.41158
0.000375648	306.993	7.66629e-06	7.34643
0.000390981	328.647	7.66629e-06	7.21228
0.000406313	353.897	7.66629e-06	6.84188
0.000421646	379.758	7.66629e-06	9.95884
0.000436979	361.368	7.66629e-06	6.09434
0.000452311	408.227	7.66629e-06	8.8416
0.000467644	417.561	7.66629e-06	6.63814
0.000482976	438.273	7.66629e-06	7.93244
0.000498309	444.81	7.66629e-06	6.79864
0.000513642	479.079	7.66629e-06	7.53458
0.000528974	496.339	7.66629e-06	8.07227
0.000544307	507.533	7.66629e-06	7.57161
0.000559639	554.218	7.66629e-06	8.46223
0.000574972	553.543	7.66629e-06	7.95946
0.000590305	558.303	7.66629e-06	7.98807
0.000605637	617.437	7.66629e-06	14.3649
0.00062097	610.374	7.66629e-06	8.60073
0.000636302	638.957	7.66629e-06	10.9635
0.000651635	640.129	7.66629e-06	8.17456
0.000666967	689.246	7.66629e-06	12.5872
0.0006823	683.704	7.66629e-06	9.69058
0.000697633	687.753	7.66629e-06	9.2146
0.000712965	730.356	7.66629e-06	9.64741
0.000728298	750.899	7.66629e-06	11.3755
0.00074363	750.331	7.66629e-06	17.9098
0.000758963	762.893	7.66629e-06	9.69165
0.000774296	799.064	7.66629e-06	15.961
0.000789628	782.404	7.66629e-06	9.44158
0.000804961	790.739	7.66629e-06	9.57375
0.000820293	824.179	7.66629e-06	11.447
0.000835626	828.804	7.66629e-06	10.9222
0.000850958	846.17	7.66629e-06	11.4869
0.000866291	836.346	7.66629e-06	10.0614
0.000881624	864.019	7.66629e-06	11.0065
0.000896956	886.679	7.66629e-06	12.9025
0.000912289	863.815	7.66629e-06	11.5774
0.000927621	900.725	7.66629e-06	13.4172
0.000942954	860.997	7.66629e-06	10.0855
0.000958287	918.802	7.66629e-06	15.2962
0.000973619	892.845	7.66629e-06	11.3746
0.000988952	889.326	7.66629e-06	11.4435
0.00100428	860.286	7.66629e-06	10.8211
0.00101962	865.551	7.66629e-06	10.5477
0.00103495	862.957	7.66629e-06	9.84407
0.00105028	874.512	7.66629e-06	10.4237
0.00106561	859.258	7.66629e-06	10.3666
0.00108095	855.244	7.66629e-06	10.1487
0.00109628	876.175	7.66629e-06	10.6282
0.00111161	870.008	7.66629e-06	11.4385
0.00112694	866.44	7.66629e-06	10.8132
0.00114228	857.886	7.66629e-06	12.3683
0.00115761	842.194	7.66629e-06	12.9123
0.00117294	835.301	7.66629e-06	10.6947
0.00118828	824.766	7.66629e-06	11.3182
0.00120361	802.33	7.66629e-06	9.42016
0.00121894	791.591	7.66629e-06	9.88987
0.00123427	764.567	7.66629e-06	10.0521
0.00124961	755.971	7.66629e-06	9.4522
0.00126494	744.083	7.66629e-06	9.18085
0.00128027	734.757	7.66629e-06	9.66407
0.0012956	723.164	7.66629e-06	9.2129
0.00131094	898.871	7.66629e-06	128.366
0.00132627	709.933	7.66629e-06	11.7193
0.0013416	663.094	7.66629e-06	9.88522
0.00135693	663.464	7.66629e-06	9.05394
0.00137227	653.092	7.66629e-06	10.1319
0.0013876	617.541	7.66629e-06	8.76688
0.00140293	607.788	7.66629e-06	8.6472
0.00141826	594.04	7.66629e-06	8.17827
0.0014336	577.806	7.66629e-06	8.32006
0.00144893	570.911	7.66629e-06	8.36095
0.00146426	550.595	7.66629e-06	11.2288
0.00147959	515.832	7.66629e-06	7.56479
0.00149493	506.181	7.66629e-06	7.94335
0.00151026	490.985	7.66629e-06	7.92689
0.00152559	483.596	7.66629e-06	9.38423
0.00154092	451.118	7.66629e-06	7.0244
0.00155626	441.246	7.66629e-06	8.57546
0.00157159	435.02	7.66629e-06	8.45726
0.00158692	419.126	7.66629e-06	12.5277
0.00160226	412.518	7.66629e-06	11.911
0.00161759	375.992	7.66629e-06	6.81257
0.00163292	361.755	7.66629e-06	6.51012
0.00164825	350.232	7.66629e-06	7.09981
0.00166359	341.341	7.66629e-06	6.89963
0.00167892	323.872	7.66629e-06	7.59972
0.00169425	302.297	7.66629e-06	6.10781
0.00170958	277.336	7.66629e-06	5.62674
0.00172492	277.143	7.66629e-06	6.26747
0.00174025	256.41	7.66629e-06	5.18503
0.00175558	247.41	7.66629e-06	5.42504
0.00177091	234.492	7.66629e-06	5.14361
0.00178625	215.526	7.66629e-06	5.12417
0.00180158	220.421	7.66629e-06	6.71414
0.00181691	203.088	7.66629e-06	4.84517
0.00183224	190.953	7.66629e-06	4.68429
0.00184758	173.211	7.66629e-06	4.22463
0.00186291	164.859	7.66629e-06	4.06969
0.00187824	158.142	7.66629e-06	4.44899
0.00189357	147.359	7.66629e-06	3.9554
0.00190891	139.538	7.66629e-06	4.12395
0.00192424	134.938	7.66629e-06	4.51125
0.00193957	126.752	7.66629e-06	3.90214
0.0019549	123.233	7.66629e-06	6.46176
0.00197024	110.378	7.66629e-06	3.41103
0.00198557	98.897	7.66629e-06	3.01165
0.0020009	97.5622	7.66629e-06	3.45884
0.00201623	91.4281	7.66629e-06	3.46072
0.00203157	90.2103	7.66629e-06	3.28798
0.0020469	83.8257	7.66629e-06	6.3392
0.00206223	73.8578	7.66629e-06	2.72489
0.00207757	67.4883	7.66629e-06	2.77133
0.0020929	64.3328	7.66629e-06	2.68403
0.00210823	56.8749	7.66629e-06	2.54538
0.00212356	51.4673	7.66629e-06	2.18845
0.0021389	48.9116	7.66629e-06	2.05646
0.00215423	47.984	7.66629e-06	2.24049
0.00216956	42.6512	7.66629e-06	2.28308
0.00218489	39.5087	7.66629e-06	2.62017
0.00220023	35.263	7.66629e-06	1.96722
0.00221556	33.9595	7.66629e-06	2.01251
0.00223089	28.6632	7.66629e-06	1.85786
0.00224622	31.2205	7.66629e-06	1.88996
0.00226156	24.9772	7.66629e-06	1.4597
0.00227689	22.0764	7.66629e-06	1.2815
0.00229222	21.6416	7.66629e-06	1.33794
0.00230755	22.0971	7.66629e-06	1.58303
0.00232289	16.3485	7.66629e-06	1.23717
0.00233822	15.7844	7.66629e-06	1.18596
0.00235355	13.7426	7.66629e-06	1.20956
0.00236888	12.4319	7.66629e-06	0.986684
0.00238422	10.2563	7.66629e-06	1.03
0.00239955	8.40308	7.66629e-06	0.78418
0.00241488	8.23521	7.66629e-06	0.845094
0.00243021	6.60457	7.66629e-06	0.680135
0.00244555	6.39242	7.66629e-06	0.677074
0.00246088	4.43568	7.66629e-06	0.544269
0.00247621	4.30459	7.66629e-06	0.523938
0.00249155	3.81762	7.66629e-06	0.501012
0.00250688	2.13172	7.66629e-06	0.368704
0.00252221	1.85722	7.66629e-06	0.338146
0.00253754	1.38337	7.66629e-06	0.301136
0.00255288	0.789557	7.66629e-06	0.20486
0.00256821	0.339442	7.66629e-06	0.139694
