0	4070.47	8.45459e-06	3357.35
1.69092e-05	2392.7	8.45459e-06	103.17
3.38184e-05	2252.65	8.45459e-06	43.4098
5.07275e-05	2180.48	8.45459e-06	32.2641
6.76367e-05	2116.97	8.45459e-06	26.4114
8.45459e-05	2064.46	8.45459e-06	23.5244
0.000101455	2012.26	8.45459e-06	21.284
0.000118364	1962.03	8.45459e-06	19.7122
0.000135273	1912.65	8.45459e-06	18.4881
0.000152183	1858.67	8.45459e-06	17.2429
0.000169092	1805.29	8.45459e-06	16.1918
0.000186001	1759.46	8.45459e-06	15.5221
0.00020291	1712.47	8.45459e-06	14.9241
0.000219819	1656.6	8.45459e-06	13.8909
0.000236729	1605.59	8.45459e-06	13.3062
0.000253638	1555.98	8.45459e-06	12.7941
0.000270547	1504.46	8.45459e-06	12.2898
0.000287456	1450.28	8.45459e-06	11.748
0.000304365	1393.06	8.45459e-06	11.163
0.000321274	1338.25	8.45459e-06	10.6775
0.000338184	1285.9	8.45459e-06	10.2671
0.000355093	1232.55	8.45459e-06	9.86215
0.000372002	1176.8	8.45459e-06	8.04962
0.000388911	1126.43	8.45459e-06	7.64929
0.00040582	1074.63	8.45459e-06	7.20359
0.000422729	1028.8	8.45459e-06	6.88635
0.000439639	980.33	8.45459e-06	6.4489
0.000456548	933.752	8.45459e-06	6.12775
0.000473457	889.444	8.45459e-06	5.84257
0.000490366	847.962	8.45459e-06	5.60186
0.000507275	804.46	8.45459e-06	5.29709
0.000524185	760.139	8.45459e-06	4.93532
0.000541094	719.547	8.45459e-06	4.69301
0.000558003	680.256	8.45459e-06	4.41168
0.000574912	641.795	8.45459e-06	4.18571
0.000591821	605.849	8.45459e-06	3.98539
0.00060873	570.621	8.45459e-06	3.78652
0.00062564	536.002	8.45459e-06	3.53204
0.000642549	503.441	8.45459e-06	3.35298
0.000659458	471.648	8.45459e-06	3.14813
0.000676367	442.773	8.45459e-06	3.0019
0.000693276	414.374	8.45459e-06	2.81369
0.000710186	388.403	8.45459e-06	2.68124
0.000727095	362.446	8.45459e-06	2.50072
0.000744004	339.053	8.45459e-06	2.39624
0.000760913	317.012	8.45459e-06	2.2912
0.000777822	295.58	8.45459e-06	2.19056
0.000794731	273.847	8.45459e-06	2.0731
0.000811641	255.106	8.45459e-06	1.99004
0.00082855	236.334	8.45459e-06	1.85067
0.000845459	218.248	8.45459e-06	1.73553
0.000862368	202.001	8.45459e-06	1.64859
0.000879277	186.148	8.45459e-06	1.55794
0.000896186	171.519	8.45459e-06	1.47535
0.000913096	157.694	8.45459e-06	1.34932
0.000930005	144.753	8.45459e-06	1.28558
0.000946914	132.442	8.45459e-06	1.2136
0.000963823	121.555	8.45459e-06	1.16272
0.000980732	111.146	8.45459e-06	1.11602
0.000997642	100.716	8.45459e-06	1.05557
0.00101455	91.4158	8.45459e-06	1.00985
0.00103146	82.6929	8.45459e-06	0.939869
0.00104837	75.0249	8.45459e-06	0.897611
0.00106528	67.5157	8.45459e-06	0.84704
0.00108219	60.6336	8.45459e-06	0.804826
0.0010991	54.5669	8.45459e-06	0.773367
0.00111601	48.6711	8.45459e-06	0.700752
0.00113291	43.3417	8.45459e-06	0.671304
0.00114982	38.6415	8.45459e-06	0.647569
0.00116673	34.0078	8.45459e-06	0.586575
0.00118364	30.4553	8.45459e-06	0.565923
0.00120055	27.0512	8.45459e-06	0.544816
0.00121746	23.8626	8.45459e-06	0.50769
0.00123437	20.7499	8.45459e-06	0.461085
0.00125128	18.406	8.45459e-06	0.445407
0.00126819	16.196	8.45459e-06	0.428614
0.0012851	14.2035	8.45459e-06	0.414489
0.00130201	12.3535	8.45459e-06	0.396067
0.00131892	10.7596	8.45459e-06	0.385117
0.00133583	8.94459	8.45459e-06	0.253505
0.00135273	7.66395	8.45459e-06	0.239064
0.00136964	6.6851	8.45459e-06	0.229302
0.00138655	5.79261	8.45459e-06	0.216715
0.00140346	4.90469	8.45459e-06	0.20341
0.00142037	4.25256	8.45459e-06	0.1969
0.00143728	3.66108	8.45459e-06	0.189395
0.00145419	3.08011	8.45459e-06	0.182177
0.0014711	2.54512	8.45459e-06	0.169918
0.00148801	2.19323	8.45459e-06	0.164671
0.00150492	1.76318	8.45459e-06	0.148583
0.00152183	1.42725	8.45459e-06	0.137963
0.00153874	1.13535	8.45459e-06	0.13249
0.00155564	0.978523	8.45459e-06	0.130114
0.00157255	0.697551	8.45459e-06	0.0572993
0.00158946	0.588919	8.45459e-06	0.0530314
0.00160637	0.459098	8.45459e-06	0.0486209
0.00162328	0.36152	8.45459e-06	0.0449331
0.00164019	0.269549	8.45459e-06	0.0392295
0.0016571	0.184528	8.45459e-06	0.0334229
0.00167401	0.111171	8.45459e-06	0.0229453
0.00169092	0.0911816	8.45459e-06	0.0207332
0.00170783	0.0523228	8.45459e-06	0.0143251
0.00172474	0.0340101	8.45459e-06	0.0123438
0.00174165	0.0130833	8.45459e-06	0.00551569
0.00175855	0.0100207	8.45459e-06	0.00503591
0.00177546	0.00450473	8.45459e-06	0.00261349
0.00179237	0.00129336	8.45459e-06	0.00129341
0.00180928	0.00129336	8.45459e-06	0.00129341
