0	2560.13	1.25658e-05	2471.86
2.51315e-05	1324.85	1.25658e-05	62.7928
5.02631e-05	1237.3	1.25658e-05	22.6729
7.53946e-05	1194.39	1.25658e-05	14.6304
0.000100526	1163.97	1.25658e-05	10.8332
0.000125658	1142.83	1.25658e-05	9.68841
0.000150789	1125.37	1.25658e-05	9.10431
0.000175921	1107.88	1.25658e-05	8.64029
0.000201052	1090.51	1.25658e-05	8.24435
0.000226184	1073.88	1.25658e-05	7.92223
0.000251315	1058.6	1.25658e-05	7.69035
0.000276447	1043.11	1.25658e-05	7.49436
0.000301578	1025.89	1.25658e-05	7.28762
0.00032671	1008.23	1.25658e-05	7.10864
0.000351841	989.854	1.25658e-05	6.94585
0.000376973	972.677	1.25658e-05	6.81871
0.000402105	951.47	1.25658e-05	6.57574
0.000427236	930.644	1.25658e-05	6.41438
0.000452368	910.057	1.25658e-05	6.27754
0.000477499	889.101	1.25658e-05	6.14743
0.000502631	868.643	1.25658e-05	6.01306
0.000527762	845.667	1.25658e-05	5.83577
0.000552894	822.996	1.25658e-05	5.70523
0.000578025	801.394	1.25658e-05	5.6019
0.000603157	779.123	1.25658e-05	5.49251
0.000628288	755.455	1.25658e-05	5.36563
0.00065342	731.958	1.25658e-05	5.26065
0.000678551	707.934	1.25658e-05	5.14442
0.000703683	683.971	1.25658e-05	5.04107
0.000728814	658.847	1.25658e-05	4.92188
0.000753946	634.957	1.25658e-05	4.82609
0.000779078	609.832	1.25658e-05	4.69601
0.000804209	584.562	1.25658e-05	4.59295
0.000829341	559.954	1.25658e-05	4.4987
0.000854472	535.181	1.25658e-05	4.4072
0.000879604	511.619	1.25658e-05	4.32305
0.000904735	487.926	1.25658e-05	4.22389
0.000929867	465.376	1.25658e-05	4.15574
0.000954998	442.408	1.25658e-05	4.08265
0.00098013	420.504	1.25658e-05	4.0186
0.00100526	398.336	1.25658e-05	3.93828
0.00103039	376.155	1.25658e-05	3.8678
0.00105552	354.922	1.25658e-05	3.81065
0.00108066	334.217	1.25658e-05	3.73835
0.00110579	313.091	1.25658e-05	3.67127
0.00113092	291.389	1.25658e-05	1.90515
0.00115605	272.889	1.25658e-05	1.82271
0.00118118	255.42	1.25658e-05	1.72631
0.00120631	238.51	1.25658e-05	1.64639
0.00123145	221.94	1.25658e-05	1.56309
0.00125658	206.642	1.25658e-05	1.49545
0.00128171	191.262	1.25658e-05	1.41435
0.00130684	177.212	1.25658e-05	1.35463
0.00133197	163.593	1.25658e-05	1.29244
0.0013571	151.065	1.25658e-05	1.24156
0.00138223	138.707	1.25658e-05	1.1825
0.00140737	126.723	1.25658e-05	1.0688
0.0014325	116.155	1.25658e-05	1.02189
0.00145763	106.378	1.25658e-05	0.978032
0.00148276	96.847	1.25658e-05	0.897695
0.00150789	88.6088	1.25658e-05	0.863463
0.00153302	80.8443	1.25658e-05	0.830554
0.00155816	73.3469	1.25658e-05	0.794296
0.00158329	66.1878	1.25658e-05	0.733801
0.00160842	59.8488	1.25658e-05	0.641593
0.00163355	53.9644	1.25658e-05	0.604454
0.00165868	48.5146	1.25658e-05	0.563947
0.00168381	43.4181	1.25658e-05	0.533078
0.00170894	38.8955	1.25658e-05	0.482489
0.00173408	35.0267	1.25658e-05	0.460431
0.00175921	31.3034	1.25658e-05	0.439663
0.00178434	27.6463	1.25658e-05	0.40966
0.00180947	24.4872	1.25658e-05	0.390109
0.0018346	21.6194	1.25658e-05	0.360008
0.00185973	19.1787	1.25658e-05	0.341266
0.00188486	16.9773	1.25658e-05	0.328675
0.00191	14.9704	1.25658e-05	0.312399
0.00193513	13.1481	1.25658e-05	0.287254
0.00196026	11.4458	1.25658e-05	0.273342
0.00198539	10.0207	1.25658e-05	0.264772
0.00201052	8.42847	1.25658e-05	0.210834
0.00203565	7.15698	1.25658e-05	0.187922
0.00206079	6.19878	1.25658e-05	0.179125
0.00208592	5.20197	1.25658e-05	0.153429
0.00211105	4.46663	1.25658e-05	0.144672
0.00213618	3.7555	1.25658e-05	0.134007
0.00216131	3.20325	1.25658e-05	0.129384
0.00218644	2.58801	1.25658e-05	0.115059
0.00221157	2.12414	1.25658e-05	0.108127
0.00223671	1.76469	1.25658e-05	0.103671
0.00226184	1.43694	1.25658e-05	0.0990361
0.00228697	1.11544	1.25658e-05	0.0927927
0.0023121	0.912079	1.25658e-05	0.089898
0.00233723	0.67951	1.25658e-05	0.0831037
0.00236236	0.535851	1.25658e-05	0.0801077
0.0023875	0.400027	1.25658e-05	0.0768909
0.00241263	0.308913	1.25658e-05	0.0756957
0.00243776	0.211738	1.25658e-05	0.0740927
0.00246289	0.168972	1.25658e-05	0.0735973
0.00248802	0.056518	1.25658e-05	0.010631
0.00251315	0.0327177	1.25658e-05	0.00767803
0.00253828	0.00771488	1.25658e-05	0.00318459
