0	3425	1.02784e-05	2968.28
2.05569e-05	1941.66	1.02784e-05	90.5023
4.11137e-05	1816.64	1.02784e-05	34.7391
6.16706e-05	1754.85	1.02784e-05	24.0309
8.22274e-05	1710.43	1.02784e-05	20.1737
0.000102784	1672.41	1.02784e-05	18.1802
0.000123341	1632.92	1.02784e-05	16.6382
0.000143898	1590.15	1.02784e-05	15.1698
0.000164455	1553.4	1.02784e-05	14.2459
0.000185012	1512.95	1.02784e-05	13.2608
0.000205569	1472.59	1.02784e-05	12.5029
0.000226125	1433.95	1.02784e-05	11.8889
0.000246682	1393.23	1.02784e-05	11.2973
0.000267239	1353.09	1.02784e-05	10.7483
0.000287796	1310.14	1.02784e-05	10.2045
0.000308353	1269.41	1.02784e-05	9.76121
0.00032891	1227.2	1.02784e-05	9.30697
0.000349467	1186.95	1.02784e-05	8.92706
0.000370023	1146.07	1.02784e-05	8.54261
0.00039058	1103.95	1.02784e-05	8.16603
0.000411137	1062.7	1.02784e-05	7.83178
0.000431694	1019.9	1.02784e-05	7.47428
0.000452251	977.818	1.02784e-05	7.14085
0.000472808	938.96	1.02784e-05	6.87495
0.000493364	899.573	1.02784e-05	6.61913
0.000513921	862.171	1.02784e-05	6.40536
0.000534478	821.139	1.02784e-05	6.12346
0.000555035	782.529	1.02784e-05	5.88463
0.000575592	744.286	1.02784e-05	5.61362
0.000596149	706.807	1.02784e-05	5.37433
0.000616706	672.082	1.02784e-05	5.16273
0.000637262	638.161	1.02784e-05	4.994
0.000657819	605.219	1.02784e-05	4.8295
0.000678376	572.574	1.02784e-05	4.67932
0.000698933	540.084	1.02784e-05	4.13184
0.00071949	510.138	1.02784e-05	3.98865
0.000740047	481.234	1.02784e-05	3.85883
0.000760604	449.855	1.02784e-05	2.99563
0.00078116	422.792	1.02784e-05	2.85474
0.000801717	397.008	1.02784e-05	2.70465
0.000822274	372.979	1.02784e-05	2.58845
0.000842831	349.011	1.02784e-05	2.44064
0.000863388	327.368	1.02784e-05	2.3384
0.000883945	306.515	1.02784e-05	2.23933
0.000904502	286.235	1.02784e-05	2.13952
0.000925058	265.348	1.02784e-05	2.00207
0.000945615	244.857	1.02784e-05	1.8325
0.000966172	226.324	1.02784e-05	1.73359
0.000986729	210.276	1.02784e-05	1.65952
0.00100729	194.309	1.02784e-05	1.58305
0.00102784	179.027	1.02784e-05	1.49213
0.0010484	164.846	1.02784e-05	1.40335
0.00106896	151.805	1.02784e-05	1.34434
0.00108951	139.594	1.02784e-05	1.27893
0.00111007	128.395	1.02784e-05	1.23042
0.00113063	117.678	1.02784e-05	1.18038
0.00115118	107.824	1.02784e-05	1.12896
0.00117174	98.2405	1.02784e-05	0.991845
0.0011923	89.8927	1.02784e-05	0.945839
0.00121285	81.9791	1.02784e-05	0.906045
0.00123341	74.1844	1.02784e-05	0.792549
0.00125397	67.3882	1.02784e-05	0.74998
0.00127452	61.3155	1.02784e-05	0.721773
0.00129508	55.2736	1.02784e-05	0.656172
0.00131564	50.0597	1.02784e-05	0.629709
0.0013362	45.2584	1.02784e-05	0.596503
0.00135675	40.8813	1.02784e-05	0.572396
0.00137731	36.5781	1.02784e-05	0.54629
0.00139787	32.995	1.02784e-05	0.526857
0.00141842	29.261	1.02784e-05	0.466181
0.00143898	26.0505	1.02784e-05	0.44315
0.00145954	23.2431	1.02784e-05	0.425102
0.00148009	20.6543	1.02784e-05	0.404566
0.00150065	18.0201	1.02784e-05	0.3773
0.00152121	15.8935	1.02784e-05	0.337632
0.00154176	14.2171	1.02784e-05	0.322731
0.00156232	12.6627	1.02784e-05	0.31129
0.00158288	11.2478	1.02784e-05	0.300862
0.00160343	9.9401	1.02784e-05	0.290267
0.00162399	8.67175	1.02784e-05	0.278449
0.00164455	7.54486	1.02784e-05	0.248829
0.00166511	6.49333	1.02784e-05	0.226961
0.00168566	5.73182	1.02784e-05	0.221369
0.00170622	5.06514	1.02784e-05	0.215342
0.00172678	4.38589	1.02784e-05	0.205826
0.00174733	3.71339	1.02784e-05	0.197267
0.00176789	3.1775	1.02784e-05	0.190198
0.00178845	2.66228	1.02784e-05	0.184187
0.001809	2.16161	1.02784e-05	0.17517
0.00182956	1.82188	1.02784e-05	0.170734
0.00185012	1.51272	1.02784e-05	0.16372
0.00187067	1.21157	1.02784e-05	0.150211
0.00189123	0.998392	1.02784e-05	0.146949
0.00191179	0.832955	1.02784e-05	0.142861
0.00193234	0.714919	1.02784e-05	0.141422
0.0019529	0.496932	1.02784e-05	0.0605443
0.00197346	0.3722	1.02784e-05	0.0407824
0.00199401	0.27012	1.02784e-05	0.0346566
0.00201457	0.199421	1.02784e-05	0.0308214
0.00203513	0.127921	1.02784e-05	0.025593
0.00205569	0.0915173	1.02784e-05	0.0224879
0.00207624	0.0803698	1.02784e-05	0.0214247
0.0020968	0.0398813	1.02784e-05	0.0112919
0.00211736	0.0268628	1.02784e-05	0.00904991
0.00213791	0.0204085	1.02784e-05	0.0086406
0.00215847	0.00974568	1.02784e-05	0.00619654
0.00217903	0.00670886	1.02784e-05	0.00576839
0.00219958	0.00567467	1.02784e-05	0.00567491
