0	3023.14	1.11482e-05	2596.45
2.22965e-05	1725.56	1.11482e-05	76.5996
4.4593e-05	1620.56	1.11482e-05	30.5748
6.68894e-05	1564.32	1.11482e-05	20.2673
8.91859e-05	1526.42	1.11482e-05	17.0032
0.000111482	1492.09	1.11482e-05	15.0931
0.000133779	1460.96	1.11482e-05	13.9241
0.000156075	1428.28	1.11482e-05	12.9005
0.000178372	1397.45	1.11482e-05	12.157
0.000200668	1365.04	1.11482e-05	11.48
0.000222965	1333.61	1.11482e-05	10.9244
0.000245261	1303.29	1.11482e-05	10.4814
0.000267558	1267.14	1.11482e-05	9.92839
0.000289854	1232.92	1.11482e-05	9.4762
0.000312151	1196.61	1.11482e-05	9.00143
0.000334447	1163.6	1.11482e-05	8.65027
0.000356744	1131.15	1.11482e-05	8.34354
0.00037904	1093.22	1.11482e-05	7.92844
0.000401337	1057.89	1.11482e-05	7.60998
0.000423633	1021.73	1.11482e-05	7.30098
0.00044593	983.727	1.11482e-05	6.9528
0.000468226	950.64	1.11482e-05	6.7238
0.000490523	914.951	1.11482e-05	6.4575
0.000512819	877.832	1.11482e-05	6.1897
0.000535115	842.646	1.11482e-05	5.96543
0.000557412	806.874	1.11482e-05	5.72323
0.000579708	771.283	1.11482e-05	5.47015
0.000602005	738.089	1.11482e-05	5.28262
0.000624301	703.624	1.11482e-05	4.75831
0.000646598	670.599	1.11482e-05	4.54044
0.000668894	638.954	1.11482e-05	4.37131
0.000691191	607.825	1.11482e-05	4.20853
0.000713487	575.709	1.11482e-05	4.00186
0.000735784	544.165	1.11482e-05	3.40266
0.00075808	514.276	1.11482e-05	3.21465
0.000780377	485.865	1.11482e-05	3.03389
0.000802673	459.64	1.11482e-05	2.89268
0.00082497	434.354	1.11482e-05	2.76319
0.000847266	408.408	1.11482e-05	2.62744
0.000869563	383.836	1.11482e-05	2.4883
0.000891859	360.509	1.11482e-05	2.33274
0.000914156	338.22	1.11482e-05	2.21804
0.000936452	316.871	1.11482e-05	2.10685
0.000958749	295.591	1.11482e-05	1.99043
0.000981045	275.293	1.11482e-05	1.85692
0.00100334	257.31	1.11482e-05	1.77822
0.00102564	239.275	1.11482e-05	1.68184
0.00104793	221.9	1.11482e-05	1.59844
0.00107023	206.243	1.11482e-05	1.53038
0.00109253	190.669	1.11482e-05	1.45445
0.00111482	176.425	1.11482e-05	1.38088
0.00113712	162.351	1.11482e-05	1.24889
0.00115942	149.934	1.11482e-05	1.19061
0.00118171	137.583	1.11482e-05	1.12119
0.00120401	126.373	1.11482e-05	1.06344
0.00122631	116.474	1.11482e-05	1.01406
0.0012486	106.88	1.11482e-05	0.965625
0.0012709	97.858	1.11482e-05	0.896427
0.0012932	89.5291	1.11482e-05	0.855818
0.00131549	81.6552	1.11482e-05	0.805514
0.00133779	74.4816	1.11482e-05	0.768347
0.00136009	67.1866	1.11482e-05	0.703885
0.00138238	60.6829	1.11482e-05	0.665616
0.00140468	54.9012	1.11482e-05	0.636821
0.00142697	49.7608	1.11482e-05	0.600104
0.00144927	45.1053	1.11482e-05	0.567673
0.00147157	40.563	1.11482e-05	0.543996
0.00149386	36.3699	1.11482e-05	0.517754
0.00151616	32.6347	1.11482e-05	0.497366
0.00153846	29.1565	1.11482e-05	0.474371
0.00156075	26.1026	1.11482e-05	0.457445
0.00158305	22.9453	1.11482e-05	0.386992
0.00160535	20.368	1.11482e-05	0.358766
0.00162764	17.9742	1.11482e-05	0.33376
0.00164994	16.0454	1.11482e-05	0.320376
0.00167224	14.1793	1.11482e-05	0.307477
0.00169453	12.5008	1.11482e-05	0.280605
0.00171683	11.1299	1.11482e-05	0.26994
0.00173913	9.629	1.11482e-05	0.251452
0.00176142	8.31998	1.11482e-05	0.237715
0.00178372	7.28938	1.11482e-05	0.225039
0.00180601	6.42112	1.11482e-05	0.216528
0.00182831	5.6259	1.11482e-05	0.210721
0.00185061	4.82207	1.11482e-05	0.202285
0.0018729	3.95277	1.11482e-05	0.166713
0.0018952	3.43979	1.11482e-05	0.161057
0.0019175	2.8587	1.11482e-05	0.146063
0.00193979	2.31136	1.11482e-05	0.128969
0.00196209	1.96676	1.11482e-05	0.121874
0.00198439	1.69671	1.11482e-05	0.117831
0.00200668	1.32308	1.11482e-05	0.0940387
0.00202898	1.12256	1.11482e-05	0.0905302
0.00205128	0.950097	1.11482e-05	0.0865055
0.00207357	0.693689	1.11482e-05	0.0493483
0.00209587	0.531909	1.11482e-05	0.0425431
0.00211817	0.428596	1.11482e-05	0.0392354
0.00214046	0.315483	1.11482e-05	0.032376
0.00216276	0.254554	1.11482e-05	0.030043
0.00218505	0.1511	1.11482e-05	0.02235
0.00220735	0.0965484	1.11482e-05	0.0168787
0.00222965	0.0791043	1.11482e-05	0.0157043
0.00225194	0.0376052	1.11482e-05	0.0118222
0.00227424	0.0246199	1.11482e-05	0.0104583
0.00229654	0.0224642	1.11482e-05	0.0102337
0.00231883	0.0122377	1.11482e-05	0.00471227
0.00234113	0.00543763	1.11482e-05	0.00279755
0.00236343	0.00462186	1.11482e-05	0.00267596
