0	2821.04	1.17258e-05	2563.96
2.34517e-05	1539.6	1.17258e-05	67.1077
4.69033e-05	1448.86	1.17258e-05	28.7202
7.0355e-05	1400.51	1.17258e-05	21.0663
9.38067e-05	1367.97	1.17258e-05	18.8322
0.000117258	1337.82	1.17258e-05	17.5194
0.00014071	1311.4	1.17258e-05	16.7997
0.000164162	1287.16	1.17258e-05	16.3431
0.000187613	1262.09	1.17258e-05	15.9413
0.000211065	1239.16	1.17258e-05	15.6897
0.000234517	1213.47	1.17258e-05	15.4245
0.000257968	1186.38	1.17258e-05	15.1617
0.00028142	1158.8	1.17258e-05	14.9389
0.000304872	1132.32	1.17258e-05	14.7565
0.000328323	1106.96	1.17258e-05	14.6132
0.000351775	1081.36	1.17258e-05	14.4895
0.000375227	1053.62	1.17258e-05	14.3476
0.000398678	1024.62	1.17258e-05	14.2215
0.00042213	994.96	1.17258e-05	14.0921
0.000445582	965.104	1.17258e-05	13.9731
0.000469033	936.542	1.17258e-05	13.8794
0.000492485	905.894	1.17258e-05	13.7808
0.000515937	875.17	1.17258e-05	13.6902
0.000539388	846.001	1.17258e-05	13.6131
0.00056284	815.926	1.17258e-05	13.5365
0.000586292	783.576	1.17258e-05	13.4413
0.000609743	753.983	1.17258e-05	13.3724
0.000633195	724.855	1.17258e-05	13.3122
0.000656647	698.719	1.17258e-05	13.2687
0.000680098	669.486	1.17258e-05	13.2112
0.00070355	641.487	1.17258e-05	13.1655
0.000727002	612.863	1.17258e-05	13.1148
0.000750453	584.426	1.17258e-05	13.0695
0.000773905	554.511	1.17258e-05	13.0106
0.000797357	528.009	1.17258e-05	12.9754
0.000820808	502.155	1.17258e-05	12.9344
0.00084426	477.808	1.17258e-05	12.9076
0.000867712	451.911	1.17258e-05	12.8714
0.000891163	428.094	1.17258e-05	12.8441
0.000914615	404.598	1.17258e-05	12.8186
0.000938067	382.232	1.17258e-05	12.7966
0.000961518	361.031	1.17258e-05	12.7795
0.00098497	339.569	1.17258e-05	12.7596
0.00100842	318.79	1.17258e-05	12.7393
0.00103187	298.36	1.17258e-05	12.6899
0.00105533	267.103	1.17258e-05	2.5207
0.00107878	249	1.17258e-05	2.45848
0.00110223	232.38	1.17258e-05	2.40309
0.00112568	215.744	1.17258e-05	2.33303
0.00114913	199.975	1.17258e-05	2.18793
0.00117258	185.004	1.17258e-05	2.13728
0.00119604	170.059	1.17258e-05	1.35368
0.00121949	157.314	1.17258e-05	1.29856
0.00124294	144.992	1.17258e-05	1.24046
0.00126639	133.713	1.17258e-05	1.19333
0.00128984	123.049	1.17258e-05	1.13387
0.00131329	112.998	1.17258e-05	1.08307
0.00133675	104.203	1.17258e-05	1.05132
0.0013602	95.8583	1.17258e-05	1.02185
0.00138365	87.8987	1.17258e-05	0.986286
0.0014071	79.5943	1.17258e-05	0.939707
0.00143055	72.3257	1.17258e-05	0.903633
0.001454	65.5941	1.17258e-05	0.874313
0.00147746	58.6256	1.17258e-05	0.718443
0.00150091	52.8129	1.17258e-05	0.675957
0.00152436	47.8484	1.17258e-05	0.654157
0.00154781	43.3444	1.17258e-05	0.633444
0.00157126	39.1561	1.17258e-05	0.616726
0.00159471	35.0028	1.17258e-05	0.593423
0.00161817	31.3757	1.17258e-05	0.570522
0.00164162	28.0163	1.17258e-05	0.555951
0.00166507	24.7158	1.17258e-05	0.53809
0.00168852	22.1706	1.17258e-05	0.527221
0.00171197	19.4858	1.17258e-05	0.426472
0.00173542	17.2826	1.17258e-05	0.411721
0.00175888	15.1899	1.17258e-05	0.394572
0.00178233	13.2327	1.17258e-05	0.366485
0.00180578	11.5838	1.17258e-05	0.355743
0.00182923	10.0782	1.17258e-05	0.341865
0.00185268	8.78084	1.17258e-05	0.331637
0.00187613	7.62544	1.17258e-05	0.324769
0.00189959	6.6789	1.17258e-05	0.317349
0.00192304	5.61472	1.17258e-05	0.265861
0.00194649	4.84899	1.17258e-05	0.259856
0.00196994	4.12717	1.17258e-05	0.252183
0.00199339	3.47662	1.17258e-05	0.247734
0.00201684	2.79082	1.17258e-05	0.112385
0.0020403	2.32806	1.17258e-05	0.100256
0.00206375	1.96843	1.17258e-05	0.0949034
0.0020872	1.63219	1.17258e-05	0.0886959
0.00211065	1.31437	1.17258e-05	0.0814337
0.0021341	1.07293	1.17258e-05	0.0673806
0.00215755	0.874651	1.17258e-05	0.0634016
0.00218101	0.634219	1.17258e-05	0.054888
0.00220446	0.450666	1.17258e-05	0.0356264
0.00222791	0.369423	1.17258e-05	0.0330868
0.00225136	0.286738	1.17258e-05	0.0299605
0.00227481	0.229337	1.17258e-05	0.027353
0.00229826	0.152371	1.17258e-05	0.0214487
0.00232172	0.122547	1.17258e-05	0.0200982
0.00234517	0.0770378	1.17258e-05	0.0162451
0.00236862	0.0290521	1.17258e-05	0.00940915
0.00239207	0.0137275	1.17258e-05	0.00732066
0.00241552	0.00781626	1.17258e-05	0.00622972
0.00243897	0.00611162	1.17258e-05	0.0061119
