1.1389e-05	634.829	1.1389e-05	15.4368
3.41671e-05	144.137	1.1389e-05	8.97011
5.69452e-05	143.497	1.1389e-05	8.11691
7.97233e-05	140.832	1.1389e-05	6.60465
0.000102501	143.834	1.1389e-05	6.69916
0.00012528	147.184	1.1389e-05	6.36063
0.000148058	194.308	1.1389e-05	12.7512
0.000170836	204.923	1.1389e-05	8.31797
0.000193614	249.909	1.1389e-05	10.0206
0.000216392	278.882	1.1389e-05	8.34095
0.00023917	334.085	1.1389e-05	12.6175
0.000261948	357.363	1.1389e-05	11.0205
0.000284726	410.022	1.1389e-05	30.0711
0.000307504	428.214	1.1389e-05	13.8237
0.000330282	472.723	1.1389e-05	16.5882
0.00035306	527.291	1.1389e-05	17.888
0.000375839	583.328	1.1389e-05	22.6775
0.000398617	617.082	1.1389e-05	16.0051
0.000421395	631.455	1.1389e-05	16.1943
0.000444173	647.187	1.1389e-05	16.4627
0.000466951	686.859	1.1389e-05	17.0343
0.000489729	743.8	1.1389e-05	17.1298
0.000512507	759.082	1.1389e-05	19.9379
0.000535285	782.297	1.1389e-05	16.7529
0.000558063	832.143	1.1389e-05	20.341
0.000580841	852.455	1.1389e-05	28.7075
0.00060362	829.156	1.1389e-05	20.1575
0.000626398	893.59	1.1389e-05	28.1008
0.000649176	872.212	1.1389e-05	20.9417
0.000671954	897.058	1.1389e-05	22.786
0.000694732	950.528	1.1389e-05	24.0023
0.00071751	964.741	1.1389e-05	21.0875
0.000740288	925.947	1.1389e-05	23.2462
0.000763066	920.114	1.1389e-05	17.5549
0.000785844	925.98	1.1389e-05	19.9493
0.000808622	916.666	1.1389e-05	21.1798
0.0008314	968.567	1.1389e-05	38.6651
0.000854179	926.971	1.1389e-05	19.1457
0.000876957	926.999	1.1389e-05	19.5282
0.000899735	926.132	1.1389e-05	18.2851
0.000922513	907.953	1.1389e-05	20.4473
0.000945291	932.163	1.1389e-05	57.3427
0.000968069	823.564	1.1389e-05	17.6083
0.000990847	872.763	1.1389e-05	19.9723
0.00101363	885.531	1.1389e-05	26.3315
0.0010364	819.022	1.1389e-05	18.4667
0.00105918	819.19	1.1389e-05	27.4266
0.00108196	743.315	1.1389e-05	15.7583
0.00110474	763.235	1.1389e-05	17.2682
0.00112752	710.298	1.1389e-05	15.4923
0.00115029	690.099	1.1389e-05	20.021
0.00117307	637.492	1.1389e-05	15.4036
0.00119585	639.301	1.1389e-05	14.4516
0.00121863	642.057	1.1389e-05	22.1956
0.00124141	571.333	1.1389e-05	16.3252
0.00126418	554.077	1.1389e-05	20.5079
0.00128696	528.595	1.1389e-05	16.2099
0.00130974	528.667	1.1389e-05	14.7945
0.00133252	495.942	1.1389e-05	15.237
0.0013553	467.22	1.1389e-05	12.8551
0.00137807	411.018	1.1389e-05	12.324
0.00140085	407.763	1.1389e-05	13.1202
0.00142363	352.339	1.1389e-05	11.2426
0.00144641	345.303	1.1389e-05	20.8437
0.00146919	300.75	1.1389e-05	10.0749
0.00149197	286.354	1.1389e-05	9.51705
0.00151474	263.125	1.1389e-05	9.1741
0.00153752	243.612	1.1389e-05	8.32222
0.0015603	216.199	1.1389e-05	7.64817
0.00158308	248.702	1.1389e-05	22.6355
0.00160586	209.076	1.1389e-05	13.5148
0.00162863	192.612	1.1389e-05	8.22821
0.00165141	171.015	1.1389e-05	7.35165
0.00167419	141.766	1.1389e-05	6.05899
0.00169697	150.826	1.1389e-05	8.71236
0.00171975	128.839	1.1389e-05	7.4119
0.00174252	115.169	1.1389e-05	6.68662
0.0017653	97.977	1.1389e-05	5.50699
0.00178808	96.3592	1.1389e-05	7.83567
0.00181086	86.651	1.1389e-05	6.15905
0.00183364	86.4862	1.1389e-05	8.52948
0.00185641	69.2969	1.1389e-05	6.10109
0.00187919	54.1254	1.1389e-05	3.77111
0.00190197	55.6752	1.1389e-05	5.25646
0.00192475	46.0323	1.1389e-05	4.02509
0.00194753	36.4779	1.1389e-05	3.02201
0.00197031	38.8686	1.1389e-05	3.67971
0.00199308	33.718	1.1389e-05	4.17688
0.00201586	24.9175	1.1389e-05	2.6833
0.00203864	28.0496	1.1389e-05	2.68768
0.00206142	25.6394	1.1389e-05	3.85148
0.0020842	27.6097	1.1389e-05	9.14783
0.00210697	16.4155	1.1389e-05	4.14868
0.00212975	15.3128	1.1389e-05	3.41216
0.00215253	14.8802	1.1389e-05	2.54617
0.00217531	11.1896	1.1389e-05	1.93011
0.00219809	7.17427	1.1389e-05	1.73791
0.00222086	6.82037	1.1389e-05	1.31661
0.00224364	6.70547	1.1389e-05	1.49601
0.00226642	3.1225	1.1389e-05	0.865333
0.0022892	1.3059	1.1389e-05	0.522518
0.00231198	1.43335	1.1389e-05	0.667494
0.00233475	0.917036	1.1389e-05	0.373154
