1.17258e-05	640.722	1.17258e-05	15.5454
3.51775e-05	136.109	1.17258e-05	6.57195
5.86292e-05	120.868	1.17258e-05	6.64853
8.20808e-05	113.871	1.17258e-05	5.77966
0.000105533	135.683	1.17258e-05	7.56892
0.000128984	145.346	1.17258e-05	6.97986
0.000152436	157.549	1.17258e-05	7.20328
0.000175888	188.041	1.17258e-05	10.0539
0.000199339	194.897	1.17258e-05	7.0261
0.000222791	244.039	1.17258e-05	9.19751
0.000246243	284.438	1.17258e-05	12.3499
0.000269694	317.136	1.17258e-05	11.24
0.000293146	331.071	1.17258e-05	12.0322
0.000316598	342.269	1.17258e-05	11.1645
0.000340049	371.291	1.17258e-05	10.0387
0.000363501	429.888	1.17258e-05	14.6327
0.000386953	478.606	1.17258e-05	11.7972
0.000410404	518.968	1.17258e-05	15.5796
0.000433856	552.337	1.17258e-05	15.8751
0.000457308	556.954	1.17258e-05	13.297
0.000480759	628.295	1.17258e-05	14.3724
0.000504211	660.553	1.17258e-05	14.3634
0.000527663	656.304	1.17258e-05	14.646
0.000551114	706.756	1.17258e-05	15.6268
0.000574566	792.584	1.17258e-05	22.2636
0.000598018	754.614	1.17258e-05	18.028
0.000621469	771.902	1.17258e-05	16.7409
0.000644921	718.734	1.17258e-05	13.834
0.000668373	833.135	1.17258e-05	19.5083
0.000691824	825.973	1.17258e-05	16.3305
0.000715276	873.029	1.17258e-05	20.4851
0.000738728	895.788	1.17258e-05	19.1853
0.000762179	972.226	1.17258e-05	26.9727
0.000785631	887.816	1.17258e-05	17.9767
0.000809083	891.958	1.17258e-05	24.435
0.000832534	864.342	1.17258e-05	16.7675
0.000855986	945.23	1.17258e-05	23.9091
0.000879438	893.147	1.17258e-05	20.4912
0.000902889	904.586	1.17258e-05	20.4822
0.000926341	883.431	1.17258e-05	19.41
0.000949793	858.665	1.17258e-05	16.4142
0.000973244	890.647	1.17258e-05	20.344
0.000996696	883.149	1.17258e-05	22.4394
0.00102015	888.692	1.17258e-05	44.282
0.0010436	1390.91	1.17258e-05	552.563
0.00106705	823.731	1.17258e-05	17.7098
0.0010905	772.822	1.17258e-05	17.4941
0.00111395	790.196	1.17258e-05	21.7239
0.00113741	764.802	1.17258e-05	35.9772
0.00116086	741.059	1.17258e-05	17.6824
0.00118431	754.731	1.17258e-05	82.1758
0.00120776	656.337	1.17258e-05	15.01
0.00123121	646.933	1.17258e-05	15.9611
0.00125466	603.418	1.17258e-05	14.1818
0.00127812	581.182	1.17258e-05	17.2422
0.00130157	557.828	1.17258e-05	15.6809
0.00132502	496.935	1.17258e-05	11.7867
0.00134847	479.815	1.17258e-05	11.5062
0.00137192	465.633	1.17258e-05	13.4555
0.00139537	494.112	1.17258e-05	15.7682
0.00141883	439.749	1.17258e-05	13.8044
0.00144228	413.998	1.17258e-05	12.3226
0.00146573	435.527	1.17258e-05	30.3516
0.00148918	369.105	1.17258e-05	14.3211
0.00151263	320.216	1.17258e-05	9.79718
0.00153608	295.012	1.17258e-05	9.70252
0.00155954	278.517	1.17258e-05	8.65366
0.00158299	280.35	1.17258e-05	10.5467
0.00160644	248.454	1.17258e-05	10.5791
0.00162989	233.481	1.17258e-05	8.24628
0.00165334	232.681	1.17258e-05	9.28598
0.00167679	181.985	1.17258e-05	7.26034
0.00170025	194.649	1.17258e-05	22.3122
0.0017237	161.934	1.17258e-05	7.87019
0.00174715	155.904	1.17258e-05	8.50671
0.0017706	147.772	1.17258e-05	10.8635
0.00179405	126.138	1.17258e-05	6.5336
0.0018175	116.688	1.17258e-05	7.47531
0.00184096	101.842	1.17258e-05	6.38496
0.00186441	91.8543	1.17258e-05	5.21122
0.00188786	76.1961	1.17258e-05	5.47512
0.00191131	86.7309	1.17258e-05	14.0828
0.00193476	63.1724	1.17258e-05	4.57186
0.00195821	60.272	1.17258e-05	5.18354
0.00198167	54.9718	1.17258e-05	3.93204
0.00200512	58.6359	1.17258e-05	18.8638
0.00202857	40.0283	1.17258e-05	4.36852
0.00205202	31.4679	1.17258e-05	2.80511
0.00207547	29.7569	1.17258e-05	2.96872
0.00209892	28.4452	1.17258e-05	3.12983
0.00212238	21.8506	1.17258e-05	4.13158
0.00214583	18.1424	1.17258e-05	2.07784
0.00216928	22.2399	1.17258e-05	2.92556
0.00219273	17.1622	1.17258e-05	3.89975
0.00221618	7.67752	1.17258e-05	1.2457
0.00223963	7.89634	1.17258e-05	1.33823
0.00226309	5.53924	1.17258e-05	1.17829
0.00228654	7.5042	1.17258e-05	1.65324
0.00230999	2.93761	1.17258e-05	0.737218
0.00233344	4.52821	1.17258e-05	1.17656
0.00235689	4.82256	1.17258e-05	1.33004
0.00238034	1.55545	1.17258e-05	0.599772
0.0024038	0.605899	1.17258e-05	0.39405
0.00242725	0.17643	1.17258e-05	0.124791
0.0024507	0.638664	1.17258e-05	0.638664
