7.99877e-06	929.147	7.99877e-06	24.0215
2.39963e-05	250.48	7.99877e-06	11.7333
3.99939e-05	205.25	7.99877e-06	10.3902
5.59914e-05	197.045	7.99877e-06	9.13393
7.1989e-05	239.325	7.99877e-06	16.4762
8.79865e-05	312.305	7.99877e-06	14.1673
0.000103984	320.637	7.99877e-06	13.5514
0.000119982	414.491	7.99877e-06	13.9719
0.000135979	436.228	7.99877e-06	14.4195
0.000151977	499.985	7.99877e-06	17.5264
0.000167974	580.834	7.99877e-06	17.9996
0.000183972	583.337	7.99877e-06	16.4003
0.000199969	674.23	7.99877e-06	19.0902
0.000215967	747.111	7.99877e-06	46.0585
0.000231964	738.668	7.99877e-06	18.1797
0.000247962	820.131	7.99877e-06	21.1966
0.00026396	903.772	7.99877e-06	23.4268
0.000279957	934.74	7.99877e-06	28.4428
0.000295955	1019.9	7.99877e-06	24.8554
0.000311952	1021.9	7.99877e-06	27.7579
0.00032795	1077.39	7.99877e-06	30.2597
0.000343947	1137.23	7.99877e-06	31.5841
0.000359945	1192.37	7.99877e-06	25.2166
0.000375942	1195.6	7.99877e-06	27.9333
0.00039194	1259.74	7.99877e-06	70.0454
0.000407937	1291.7	7.99877e-06	25.9888
0.000423935	1246.27	7.99877e-06	26.5768
0.000439933	1301.32	7.99877e-06	33.7891
0.00045593	1337.24	7.99877e-06	34.0985
0.000471928	1303.94	7.99877e-06	29.5935
0.000487925	1280.22	7.99877e-06	29.6713
0.000503923	1335.09	7.99877e-06	29.648
0.00051992	1282.09	7.99877e-06	32.1657
0.000535918	1349.1	7.99877e-06	32.8204
0.000551915	1296.09	7.99877e-06	48.3764
0.000567913	1296.59	7.99877e-06	24.4414
0.000583911	1320.59	7.99877e-06	29.5842
0.000599908	1262.9	7.99877e-06	25.7169
0.000615906	1277.56	7.99877e-06	36.7636
0.000631903	1208.33	7.99877e-06	25.2897
0.000647901	1194.59	7.99877e-06	31.8396
0.000663898	1192.5	7.99877e-06	29.2401
0.000679896	1155.94	7.99877e-06	27.5494
0.000695893	1127.92	7.99877e-06	26.293
0.000711891	1099.43	7.99877e-06	27.2424
0.000727888	1109.76	7.99877e-06	24.2178
0.000743886	1139.33	7.99877e-06	41.8056
0.000759884	1021.12	7.99877e-06	24.0665
0.000775881	1001.76	7.99877e-06	24.3266
0.000791879	956.429	7.99877e-06	24.1183
0.000807876	899.612	7.99877e-06	20.2859
0.000823874	895.471	7.99877e-06	26.8587
0.000839871	851.001	7.99877e-06	20.3591
0.000855869	813.935	7.99877e-06	21.9955
0.000871866	764	7.99877e-06	19.6668
0.000887864	727.111	7.99877e-06	22.7681
0.000903862	704.463	7.99877e-06	19.0279
0.000919859	658.902	7.99877e-06	20.9742
0.000935857	628.63	7.99877e-06	18.9241
0.000951854	648.135	7.99877e-06	26.0287
0.000967852	564.662	7.99877e-06	16.1844
0.000983849	542.898	7.99877e-06	22.8754
0.000999847	530.709	7.99877e-06	16.401
0.00101584	461.854	7.99877e-06	15.1272
0.00103184	474.049	7.99877e-06	22.5585
0.00104784	379.586	7.99877e-06	11.4832
0.00106384	396.03	7.99877e-06	13.7245
0.00107983	367.387	7.99877e-06	15.0136
0.00109583	312.262	7.99877e-06	13.4095
0.00111183	312.952	7.99877e-06	23.2265
0.00112783	265.307	7.99877e-06	11.6695
0.00114382	272.715	7.99877e-06	11.7801
0.00115982	249.016	7.99877e-06	23.5909
0.00117582	215.331	7.99877e-06	9.67164
0.00119182	181.917	7.99877e-06	11.0513
0.00120781	163.157	7.99877e-06	12.6387
0.00122381	142.277	7.99877e-06	7.77509
0.00123981	120.935	7.99877e-06	6.93285
0.00125581	121.341	7.99877e-06	7.60166
0.00127181	110.021	7.99877e-06	8.95671
0.0012878	106.621	7.99877e-06	7.3183
0.0013038	82.6863	7.99877e-06	6.37708
0.0013198	79.1443	7.99877e-06	6.80303
0.0013358	68.6698	7.99877e-06	6.98196
0.00135179	68.3628	7.99877e-06	5.76146
0.00136779	56.6055	7.99877e-06	9.03035
0.00138379	32.0916	7.99877e-06	3.59911
0.00139979	33.9153	7.99877e-06	3.94102
0.00141578	25.761	7.99877e-06	3.83587
0.00143178	25.4211	7.99877e-06	3.18004
0.00144778	16.6115	7.99877e-06	2.68939
0.00146378	14.777	7.99877e-06	2.59787
0.00147977	14.5844	7.99877e-06	6.07731
0.00149577	7.85247	7.99877e-06	1.50522
0.00151177	5.30839	7.99877e-06	1.35596
0.00152777	8.87095	7.99877e-06	2.41672
0.00154376	2.54507	7.99877e-06	1.18138
0.00155976	3.23118	7.99877e-06	1.39844
0.00157576	0.583712	7.99877e-06	0.29451
0.00159176	0.469862	7.99877e-06	0.342483
0.00160775	0	7.99877e-06	0
0.00162375	0.139691	7.99877e-06	0.139691
