1.21851e-05	643.296	1.21851e-05	15.8882
3.65553e-05	139.157	1.21851e-05	7.28333
6.09255e-05	108.519	1.21851e-05	5.77677
8.52958e-05	115.738	1.21851e-05	9.00394
0.000109666	97.0129	1.21851e-05	4.57864
0.000134036	133.916	1.21851e-05	7.06987
0.000158406	134.493	1.21851e-05	6.15517
0.000182777	137.454	1.21851e-05	5.70881
0.000207147	173.006	1.21851e-05	7.5692
0.000231517	203.861	1.21851e-05	11.3027
0.000255887	198.795	1.21851e-05	7.56698
0.000280258	245.848	1.21851e-05	9.4421
0.000304628	264.514	1.21851e-05	8.78946
0.000328998	294.225	1.21851e-05	8.70387
0.000353368	317.607	1.21851e-05	9.06346
0.000377738	381.894	1.21851e-05	11.1
0.000402109	404.519	1.21851e-05	14.1381
0.000426479	438.66	1.21851e-05	13.1948
0.000450849	468.011	1.21851e-05	12.4824
0.000475219	516.803	1.21851e-05	13.353
0.000499589	537.88	1.21851e-05	12.5534
0.00052396	592.003	1.21851e-05	16.0775
0.00054833	624.588	1.21851e-05	17.3228
0.0005727	660.284	1.21851e-05	17.5573
0.00059707	779.013	1.21851e-05	126.22
0.000621441	671.633	1.21851e-05	14.5468
0.000645811	763.988	1.21851e-05	17.9959
0.000670181	795.86	1.21851e-05	19.3398
0.000694551	817.696	1.21851e-05	22.5463
0.000718921	796.21	1.21851e-05	15.1592
0.000743292	832.443	1.21851e-05	22.4526
0.000767662	796.961	1.21851e-05	20.6502
0.000792032	829.036	1.21851e-05	16.3062
0.000816402	859.164	1.21851e-05	23.822
0.000840773	937.64	1.21851e-05	51.9612
0.000865143	927.824	1.21851e-05	28.3233
0.000889513	913.298	1.21851e-05	19.989
0.000913883	933.99	1.21851e-05	21.3043
0.000938253	885.563	1.21851e-05	18.802
0.000962624	924.973	1.21851e-05	22.0917
0.000986994	904.979	1.21851e-05	18.6065
0.00101136	862.314	1.21851e-05	18.8094
0.00103573	841.777	1.21851e-05	18.8859
0.0010601	847.812	1.21851e-05	18.0953
0.00108447	842.082	1.21851e-05	18.2327
0.00110884	819.294	1.21851e-05	17.3947
0.00113322	779.003	1.21851e-05	16.464
0.00115759	748.262	1.21851e-05	16.671
0.00118196	754.996	1.21851e-05	18.3308
0.00120633	757.752	1.21851e-05	33.2968
0.0012307	722.614	1.21851e-05	18.8436
0.00125507	695.173	1.21851e-05	16.012
0.00127944	663.701	1.21851e-05	15.555
0.00130381	622.455	1.21851e-05	17.937
0.00132818	571.408	1.21851e-05	12.9441
0.00135255	577.17	1.21851e-05	15.8509
0.00137692	541.002	1.21851e-05	13.5739
0.00140129	568.005	1.21851e-05	27.5599
0.00142566	502.715	1.21851e-05	13.0245
0.00145003	487.836	1.21851e-05	13.864
0.0014744	440.807	1.21851e-05	12.2346
0.00149877	413.738	1.21851e-05	12.1402
0.00152314	410.744	1.21851e-05	11.7355
0.00154751	355.915	1.21851e-05	11.7902
0.00157188	311.541	1.21851e-05	10.1525
0.00159625	292.769	1.21851e-05	8.65714
0.00162062	314.873	1.21851e-05	12.1824
0.00164499	306.052	1.21851e-05	11.7282
0.00166936	309.567	1.21851e-05	44.2904
0.00169373	245.933	1.21851e-05	8.7793
0.0017181	226.182	1.21851e-05	8.47814
0.00174247	229.066	1.21851e-05	11.5267
0.00176684	200.199	1.21851e-05	9.57501
0.00179121	182.669	1.21851e-05	8.2349
0.00181558	161.097	1.21851e-05	6.53246
0.00183995	142.544	1.21851e-05	6.74189
0.00186432	129.279	1.21851e-05	6.44105
0.00188869	123.508	1.21851e-05	12.1862
0.00191306	96.2659	1.21851e-05	5.16393
0.00193743	90.2057	1.21851e-05	6.1729
0.0019618	81.5764	1.21851e-05	4.43985
0.00198617	76.0154	1.21851e-05	9.65026
0.00201054	62.7452	1.21851e-05	9.4543
0.00203491	61.0036	1.21851e-05	3.8362
0.00205928	68.5067	1.21851e-05	10.0913
0.00208365	40.8099	1.21851e-05	3.02337
0.00210802	35.7337	1.21851e-05	3.76396
0.00213239	34.8215	1.21851e-05	3.34324
0.00215676	25.3558	1.21851e-05	2.27552
0.00218113	28.16	1.21851e-05	2.80042
0.0022055	29.6687	1.21851e-05	3.62136
0.00222987	15.2048	1.21851e-05	2.06859
0.00225425	18.047	1.21851e-05	2.47637
0.00227862	14.2101	1.21851e-05	1.78666
0.00230299	16.0241	1.21851e-05	2.60227
0.00232736	9.20792	1.21851e-05	1.39901
0.00235173	7.25841	1.21851e-05	1.29005
0.0023761	7.27353	1.21851e-05	2.52565
0.00240047	3.2252	1.21851e-05	0.76516
0.00242484	3.64189	1.21851e-05	1.41978
0.00244921	2.03364	1.21851e-05	0.869118
0.00247358	0.856498	1.21851e-05	0.367166
0.00249795	1.46062	1.21851e-05	0.586926
0.00252232	0	1.21851e-05	0
0.00254669	0.0804021	1.21851e-05	0.0804021
0.00257106	0.0875806	1.21851e-05	0.0875806
