1.25658e-05	617.637	1.25658e-05	25.0591
3.76973e-05	131.336	1.25658e-05	6.97747
6.28288e-05	107.259	1.25658e-05	5.86165
8.79604e-05	106.496	1.25658e-05	16.0822
0.000113092	95.1346	1.25658e-05	5.36694
0.000138223	95.9957	1.25658e-05	5.23597
0.000163355	113.69	1.25658e-05	6.47732
0.000188486	130.301	1.25658e-05	8.61425
0.000213618	141.371	1.25658e-05	9.98139
0.00023875	145.09	1.25658e-05	9.6686
0.000263881	162.678	1.25658e-05	9.3846
0.000289013	198.058	1.25658e-05	10.3699
0.000314144	220.677	1.25658e-05	9.53683
0.000339276	248.123	1.25658e-05	8.89721
0.000364407	249.063	1.25658e-05	8.53901
0.000389539	328.706	1.25658e-05	18.2243
0.00041467	343.637	1.25658e-05	11.7016
0.000439802	360.27	1.25658e-05	10.3957
0.000464933	387.686	1.25658e-05	10.6832
0.000490065	398.935	1.25658e-05	14.24
0.000515196	470.998	1.25658e-05	18.8402
0.000540328	487.425	1.25658e-05	13.5074
0.000565459	486.047	1.25658e-05	11.1722
0.000590591	523.379	1.25658e-05	13.1975
0.000615723	579.854	1.25658e-05	16.3352
0.000640854	599.187	1.25658e-05	13.1622
0.000665986	636.633	1.25658e-05	16.4957
0.000691117	658.968	1.25658e-05	14.8967
0.000716249	716.043	1.25658e-05	18.2556
0.00074138	704.744	1.25658e-05	15.5549
0.000766512	766.321	1.25658e-05	22.8236
0.000791643	796.003	1.25658e-05	17.6445
0.000816775	799.783	1.25658e-05	17.307
0.000841906	829.892	1.25658e-05	17.3445
0.000867038	812.866	1.25658e-05	17.8661
0.000892169	841.114	1.25658e-05	22.5112
0.000917301	823.068	1.25658e-05	15.8852
0.000942432	861.306	1.25658e-05	17.8664
0.000967564	843.289	1.25658e-05	17.009
0.000992696	875.635	1.25658e-05	22.4891
0.00101783	898.339	1.25658e-05	20.2603
0.00104296	881.163	1.25658e-05	17.4616
0.00106809	879.986	1.25658e-05	23.6011
0.00109322	918.982	1.25658e-05	22.2313
0.00111835	965.721	1.25658e-05	137.956
0.00114348	841.738	1.25658e-05	17.1467
0.00116862	812.345	1.25658e-05	20.8462
0.00119375	803.222	1.25658e-05	17.9492
0.00121888	803.613	1.25658e-05	18.8241
0.00124401	757.287	1.25658e-05	16.5196
0.00126914	776.681	1.25658e-05	19.1117
0.00129427	723.559	1.25658e-05	15.5314
0.00131941	715.004	1.25658e-05	16.3781
0.00134454	670.235	1.25658e-05	14.5634
0.00136967	673.547	1.25658e-05	16.5066
0.0013948	665.072	1.25658e-05	25.3946
0.00141993	597.088	1.25658e-05	14.1905
0.00144506	562.226	1.25658e-05	13.9428
0.00147019	557.536	1.25658e-05	20.6122
0.00149533	490.175	1.25658e-05	12.0653
0.00152046	469.753	1.25658e-05	11.9902
0.00154559	461.092	1.25658e-05	12.9079
0.00157072	447.44	1.25658e-05	17.6026
0.00159585	402.525	1.25658e-05	21.707
0.00162098	379.548	1.25658e-05	12.5658
0.00164612	356.961	1.25658e-05	13.1663
0.00167125	338.918	1.25658e-05	11.1257
0.00169638	305.272	1.25658e-05	14.616
0.00172151	265.017	1.25658e-05	9.08988
0.00174664	258.769	1.25658e-05	8.74242
0.00177177	257.827	1.25658e-05	10.6433
0.0017969	225.876	1.25658e-05	8.36403
0.00182204	207.911	1.25658e-05	10.5099
0.00184717	179.394	1.25658e-05	8.06522
0.0018723	164.004	1.25658e-05	6.47862
0.00189743	151.518	1.25658e-05	7.44636
0.00192256	139.405	1.25658e-05	9.2152
0.00194769	131.934	1.25658e-05	6.62925
0.00197283	111.866	1.25658e-05	5.13668
0.00199796	126.583	1.25658e-05	12.6333
0.00202309	102.355	1.25658e-05	7.58861
0.00204822	78.093	1.25658e-05	4.53094
0.00207335	82.2374	1.25658e-05	7.56099
0.00209848	61.4002	1.25658e-05	4.20238
0.00212361	60.0906	1.25658e-05	4.55151
0.00214875	47.2173	1.25658e-05	2.93169
0.00217388	53.2186	1.25658e-05	5.08152
0.00219901	40.5887	1.25658e-05	3.41034
0.00222414	31.8113	1.25658e-05	2.69492
0.00224927	29.3335	1.25658e-05	2.72376
0.0022744	29.0962	1.25658e-05	3.11541
0.00229954	18.6072	1.25658e-05	2.09431
0.00232467	21.5126	1.25658e-05	3.16278
0.0023498	13.4321	1.25658e-05	2.06255
0.00237493	12.8353	1.25658e-05	2.11933
0.00240006	8.70143	1.25658e-05	1.28649
0.00242519	9.3774	1.25658e-05	1.49216
0.00245032	4.16963	1.25658e-05	0.832823
0.00247546	11.0767	1.25658e-05	7.17243
0.00250059	2.36813	1.25658e-05	0.731236
0.00252572	2.51278	1.25658e-05	0.701693
0.00255085	0.78306	1.25658e-05	0.323144
