1.24096e-05	615.494	1.24096e-05	46.1329
3.72289e-05	133.239	1.24096e-05	6.80052
6.20482e-05	110.737	1.24096e-05	8.93966
8.68674e-05	103.801	1.24096e-05	7.43654
0.000111687	118.959	1.24096e-05	6.5183
0.000136506	162.133	1.24096e-05	40.0727
0.000161325	112.781	1.24096e-05	5.33284
0.000186145	156.498	1.24096e-05	15.7696
0.000210964	200.826	1.24096e-05	39.0531
0.000235783	161.241	1.24096e-05	6.21616
0.000260602	201.342	1.24096e-05	8.49441
0.000285422	251.402	1.24096e-05	12.2332
0.000310241	290.117	1.24096e-05	25.8478
0.00033506	262.69	1.24096e-05	8.38341
0.000359879	319.048	1.24096e-05	13.738
0.000384699	362.054	1.24096e-05	12.1711
0.000409518	366.678	1.24096e-05	11.2571
0.000434337	431.214	1.24096e-05	14.7564
0.000459156	434.531	1.24096e-05	16.7582
0.000483976	442.673	1.24096e-05	10.8618
0.000508795	497.923	1.24096e-05	12.3055
0.000533614	510.903	1.24096e-05	13.4001
0.000558434	559.486	1.24096e-05	12.567
0.000583253	597.076	1.24096e-05	14.6983
0.000608072	649.108	1.24096e-05	17.4379
0.000632891	661.749	1.24096e-05	15.2627
0.000657711	664.602	1.24096e-05	15.2132
0.00068253	739.722	1.24096e-05	17.3716
0.000707349	743.408	1.24096e-05	15.7101
0.000732168	908.048	1.24096e-05	117.486
0.000756988	809.276	1.24096e-05	20.0255
0.000781807	813.949	1.24096e-05	21.9863
0.000806626	789.122	1.24096e-05	15.4527
0.000831445	854.591	1.24096e-05	17.8521
0.000856265	853.422	1.24096e-05	18.2296
0.000881084	866.887	1.24096e-05	20.0565
0.000905903	837.972	1.24096e-05	15.5042
0.000930723	872.981	1.24096e-05	20.6664
0.000955542	894.541	1.24096e-05	18.2404
0.000980361	885.893	1.24096e-05	19.6553
0.00100518	884.316	1.24096e-05	19.1268
0.00103	861.711	1.24096e-05	16.5073
0.00105482	862.115	1.24096e-05	17.2897
0.00107964	850.328	1.24096e-05	18.3915
0.00110446	824.95	1.24096e-05	18.3978
0.00112928	799.14	1.24096e-05	16.4345
0.0011541	817.256	1.24096e-05	17.1156
0.00117892	784.241	1.24096e-05	16.9344
0.00120373	758.537	1.24096e-05	17.6285
0.00122855	733.541	1.24096e-05	16.6476
0.00125337	757.548	1.24096e-05	16.076
0.00127819	736.873	1.24096e-05	42.1346
0.00130301	681.626	1.24096e-05	16.907
0.00132783	644.336	1.24096e-05	15.3062
0.00135265	640.478	1.24096e-05	18.249
0.00137747	602.968	1.24096e-05	15.481
0.00140229	610.929	1.24096e-05	21.1973
0.00142711	539.752	1.24096e-05	12.6763
0.00145193	518.83	1.24096e-05	13.7272
0.00147675	495.481	1.24096e-05	13.4261
0.00150157	491.253	1.24096e-05	17.431
0.00152638	432.927	1.24096e-05	12.4328
0.0015512	414.731	1.24096e-05	12.2843
0.00157602	385.784	1.24096e-05	11.5121
0.00160084	336.569	1.24096e-05	9.99995
0.00162566	324.711	1.24096e-05	10.2803
0.00165048	287.892	1.24096e-05	10.1744
0.0016753	269.633	1.24096e-05	9.58177
0.00170012	265.954	1.24096e-05	10.7671
0.00172494	242.458	1.24096e-05	8.12973
0.00174976	226.916	1.24096e-05	9.84053
0.00177458	196.523	1.24096e-05	7.23839
0.0017994	208.472	1.24096e-05	10.3822
0.00182422	153.971	1.24096e-05	6.60062
0.00184904	154.766	1.24096e-05	8.059
0.00187385	126.841	1.24096e-05	6.02373
0.00189867	131.679	1.24096e-05	6.66276
0.00192349	118.368	1.24096e-05	6.4235
0.00194831	106.864	1.24096e-05	6.20423
0.00197313	157.28	1.24096e-05	58.702
0.00199795	73.504	1.24096e-05	4.4004
0.00202277	84.4969	1.24096e-05	5.51244
0.00204759	59.9653	1.24096e-05	4.27153
0.00207241	54.5587	1.24096e-05	3.60259
0.00209723	48.8979	1.24096e-05	3.4055
0.00212205	43.5017	1.24096e-05	3.71231
0.00214687	35.1617	1.24096e-05	2.78893
0.00217169	31.044	1.24096e-05	2.70175
0.00219651	36.3143	1.24096e-05	4.52248
0.00222132	28.1684	1.24096e-05	3.01253
0.00224614	19.7662	1.24096e-05	2.46439
0.00227096	13.7594	1.24096e-05	1.65923
0.00229578	16.3443	1.24096e-05	2.10455
0.0023206	16.484	1.24096e-05	1.91502
0.00234542	9.32925	1.24096e-05	1.23766
0.00237024	6.55173	1.24096e-05	1.07228
0.00239506	7.3902	1.24096e-05	1.1792
0.00241988	6.24436	1.24096e-05	1.23628
0.0024447	4.24576	1.24096e-05	0.959355
0.00246952	4.278	1.24096e-05	1.32182
0.00249434	1.4666	1.24096e-05	0.600477
0.00251916	2.08653	1.24096e-05	0.650228
0.00254397	0.668559	1.24096e-05	0.48503
0.00256879	0.386529	1.24096e-05	0.286571
