0	12498.6	8.57123e-06	17620.8
1.71425e-05	3690.98	8.57123e-06	432.366
3.42849e-05	3089.61	8.57123e-06	161.289
5.14274e-05	2744.16	8.57123e-06	82.6574
6.85699e-05	2541.29	8.57123e-06	58.6591
8.57123e-05	2368.47	8.57123e-06	44.0883
0.000102855	2231.78	8.57123e-06	36.2258
0.000119997	2111.94	8.57123e-06	31.028
0.00013714	2002.08	8.57123e-06	27.1685
0.000154282	1893.11	8.57123e-06	23.6629
0.000171425	1795.75	8.57123e-06	21.1865
0.000188567	1701.73	8.57123e-06	18.485
0.00020571	1616.66	8.57123e-06	16.8203
0.000222852	1535.33	8.57123e-06	15.3584
0.000239995	1457.3	8.57123e-06	14.1014
0.000257137	1382.76	8.57123e-06	13.0401
0.000274279	1309.45	8.57123e-06	11.9998
0.000291422	1241.53	8.57123e-06	11.1427
0.000308564	1173.25	8.57123e-06	10.3095
0.000325707	1108.31	8.57123e-06	9.58443
0.000342849	1044.62	8.57123e-06	8.89983
0.000359992	984.087	8.57123e-06	8.24876
0.000377134	928.253	8.57123e-06	7.72909
0.000394277	873.757	8.57123e-06	7.17106
0.000411419	821.201	8.57123e-06	6.70384
0.000428562	772.779	8.57123e-06	6.27459
0.000445704	726.377	8.57123e-06	5.89715
0.000462847	681.538	8.57123e-06	5.56797
0.000479989	637.697	8.57123e-06	5.24377
0.000497131	596.868	8.57123e-06	4.92772
0.000514274	556.538	8.57123e-06	4.49439
0.000531416	518.946	8.57123e-06	4.21376
0.000548559	484.282	8.57123e-06	3.91363
0.000565701	451.271	8.57123e-06	3.6945
0.000582844	417.843	8.57123e-06	3.23459
0.000599986	388.894	8.57123e-06	3.02756
0.000617129	361.282	8.57123e-06	2.82962
0.000634271	335.415	8.57123e-06	2.67351
0.000651414	310.604	8.57123e-06	2.51726
0.000668556	286.623	8.57123e-06	2.31896
0.000685699	265.226	8.57123e-06	2.19623
0.000702841	245.338	8.57123e-06	2.08185
0.000719984	226.24	8.57123e-06	1.96424
0.000737126	206.884	8.57123e-06	1.82558
0.000754268	189.027	8.57123e-06	1.72347
0.000771411	173.737	8.57123e-06	1.64681
0.000788553	157.679	8.57123e-06	1.43228
0.000805696	143.18	8.57123e-06	1.33082
0.000822838	130.162	8.57123e-06	1.24059
0.000839981	118.804	8.57123e-06	1.15982
0.000857123	108.635	8.57123e-06	1.10312
0.000874266	99.2059	8.57123e-06	1.0522
0.000891408	90.4752	8.57123e-06	1.00477
0.000908551	82.1432	8.57123e-06	0.955994
0.000925693	74.411	8.57123e-06	0.908589
0.000942836	66.9717	8.57123e-06	0.845185
0.000959978	59.8187	8.57123e-06	0.771226
0.000977121	53.8776	8.57123e-06	0.732361
0.000994263	48.4579	8.57123e-06	0.697902
0.00101141	43.6594	8.57123e-06	0.668953
0.00102855	39.1189	8.57123e-06	0.632089
0.00104569	35.1771	8.57123e-06	0.602471
0.00106283	31.4589	8.57123e-06	0.57245
0.00107998	28.0828	8.57123e-06	0.545958
0.00109712	24.8065	8.57123e-06	0.491972
0.00111426	22.0482	8.57123e-06	0.467123
0.0011314	19.6471	8.57123e-06	0.448031
0.00114855	17.279	8.57123e-06	0.422072
0.00116569	15.0467	8.57123e-06	0.318044
0.00118283	13.321	8.57123e-06	0.300399
0.00119997	11.6491	8.57123e-06	0.279515
0.00121712	10.2177	8.57123e-06	0.256498
0.00123426	8.75195	8.57123e-06	0.232232
0.0012514	7.51008	8.57123e-06	0.211035
0.00126854	6.63478	8.57123e-06	0.199408
0.00128568	5.83175	8.57123e-06	0.189381
0.00130283	5.0724	8.57123e-06	0.174051
0.00131997	4.17841	8.57123e-06	0.153647
0.00133711	3.53296	8.57123e-06	0.144127
0.00135425	3.02475	8.57123e-06	0.136743
0.0013714	2.56332	8.57123e-06	0.119548
0.00138854	2.16254	8.57123e-06	0.102602
0.00140568	1.85507	8.57123e-06	0.096624
0.00142282	1.57449	8.57123e-06	0.0899496
0.00143997	1.28948	8.57123e-06	0.082528
0.00145711	1.03409	8.57123e-06	0.0746687
0.00147425	0.827086	8.57123e-06	0.0673495
0.00149139	0.720272	8.57123e-06	0.0651876
0.00150854	0.608429	8.57123e-06	0.0627907
0.00152568	0.464073	8.57123e-06	0.0560342
0.00154282	0.397386	8.57123e-06	0.054295
0.00155996	0.320633	8.57123e-06	0.0517794
0.00157711	0.249037	8.57123e-06	0.0498113
0.00159425	0.192655	8.57123e-06	0.0465593
0.00161139	0.139386	8.57123e-06	0.0452779
0.00162853	0.120974	8.57123e-06	0.0448655
0.00164568	0.0556575	8.57123e-06	0.0105013
0.00166282	0.0400105	8.57123e-06	0.00920752
0.00167996	0.0308423	8.57123e-06	0.00796133
0.0016971	0.0220514	8.57123e-06	0.00650119
0.00171425	0.0126358	8.57123e-06	0.00459153
0.00173139	0.00718254	8.57123e-06	0.00322941
0.00174853	0.00148311	8.57123e-06	0.00148317
0.00176567	0.00148311	8.57123e-06	0.00148317
0.00178282	0.00148311	8.57123e-06	0.00148317
