0	12670.3	8.30401e-06	17760.8
1.6608e-05	3792.93	8.30401e-06	449.98
3.3216e-05	3164.77	8.30401e-06	163.671
4.9824e-05	2815.19	8.30401e-06	84.4417
6.64321e-05	2607.52	8.30401e-06	59.7413
8.30401e-05	2431.91	8.30401e-06	44.9062
9.96481e-05	2288.76	8.30401e-06	36.4186
0.000116256	2165.91	8.30401e-06	30.942
0.000132864	2053.65	8.30401e-06	26.9402
0.000149472	1949.6	8.30401e-06	23.7143
0.00016608	1850.41	8.30401e-06	21.096
0.000182688	1754.54	8.30401e-06	18.7948
0.000199296	1663.6	8.30401e-06	16.9238
0.000215904	1577.55	8.30401e-06	15.2981
0.000232512	1500.8	8.30401e-06	14.0998
0.00024912	1424.16	8.30401e-06	12.9517
0.000265728	1351.39	8.30401e-06	11.9782
0.000282336	1280.04	8.30401e-06	11.0001
0.000298944	1209.95	8.30401e-06	10.1193
0.000315552	1144.97	8.30401e-06	9.32899
0.00033216	1082.55	8.30401e-06	8.66907
0.000348768	1022.62	8.30401e-06	8.04993
0.000365376	965.376	8.30401e-06	7.46642
0.000381984	910.591	8.30401e-06	6.96358
0.000398592	856.373	8.30401e-06	6.46757
0.0004152	804.222	8.30401e-06	6.00449
0.000431808	757.566	8.30401e-06	5.64433
0.000448416	711.643	8.30401e-06	5.29038
0.000465024	667.87	8.30401e-06	4.97368
0.000481632	624.543	8.30401e-06	4.6191
0.00049824	586.129	8.30401e-06	4.36538
0.000514848	548.528	8.30401e-06	4.10785
0.000531456	512.753	8.30401e-06	3.84253
0.000548064	477.3	8.30401e-06	3.6157
0.000564672	444.618	8.30401e-06	3.40511
0.00058128	412.768	8.30401e-06	3.20507
0.000597888	383.165	8.30401e-06	3.02003
0.000614496	356.359	8.30401e-06	2.86193
0.000631104	328.3	8.30401e-06	2.60691
0.000647712	303.558	8.30401e-06	2.43339
0.000664321	280.16	8.30401e-06	2.2413
0.000680929	259.01	8.30401e-06	2.10303
0.000697537	239.119	8.30401e-06	1.99793
0.000714145	221.129	8.30401e-06	1.89201
0.000730753	204.443	8.30401e-06	1.81097
0.000747361	188.824	8.30401e-06	1.72861
0.000763969	172.882	8.30401e-06	1.63347
0.000780577	157.137	8.30401e-06	1.50909
0.000797185	143.558	8.30401e-06	1.42551
0.000813793	130.299	8.30401e-06	1.35099
0.000830401	118.151	8.30401e-06	1.27399
0.000847009	107.427	8.30401e-06	1.22227
0.000863617	96.3935	8.30401e-06	1.14831
0.000880225	87.0731	8.30401e-06	1.09654
0.000896833	78.66	8.30401e-06	1.04642
0.000913441	71.167	8.30401e-06	0.981434
0.000930049	64.2546	8.30401e-06	0.944027
0.000946657	57.6116	8.30401e-06	0.899512
0.000963265	51.0354	8.30401e-06	0.849653
0.000979873	45.6318	8.30401e-06	0.811382
0.000996481	41.0932	8.30401e-06	0.78815
0.00101309	36.5984	8.30401e-06	0.757097
0.0010297	32.1438	8.30401e-06	0.71736
0.0010463	28.5754	8.30401e-06	0.698275
0.00106291	25.2837	8.30401e-06	0.678826
0.00107952	22.404	8.30401e-06	0.663277
0.00109613	19.8037	8.30401e-06	0.645375
0.00111274	16.9455	8.30401e-06	0.375789
0.00112934	14.6706	8.30401e-06	0.344995
0.00114595	12.5512	8.30401e-06	0.316018
0.00116256	10.6671	8.30401e-06	0.289077
0.00117917	8.90013	8.30401e-06	0.236889
0.00119578	7.64583	8.30401e-06	0.221876
0.00121238	6.50241	8.30401e-06	0.203366
0.00122899	5.54557	8.30401e-06	0.18892
0.0012456	4.8027	8.30401e-06	0.179251
0.00126221	4.01742	8.30401e-06	0.167598
0.00127882	3.42285	8.30401e-06	0.157264
0.00129542	2.97275	8.30401e-06	0.151458
0.00131203	2.48794	8.30401e-06	0.10475
0.00132864	2.06971	8.30401e-06	0.0942427
0.00134525	1.73354	8.30401e-06	0.0874092
0.00136186	1.41894	8.30401e-06	0.075891
0.00137847	1.21333	8.30401e-06	0.069095
0.00139507	0.984296	8.30401e-06	0.0602101
0.00141168	0.794369	8.30401e-06	0.0540575
0.00142829	0.676749	8.30401e-06	0.0479449
0.0014449	0.5543	8.30401e-06	0.044059
0.00146151	0.470583	8.30401e-06	0.0409966
0.00147811	0.388836	8.30401e-06	0.0378224
0.00149472	0.30527	8.30401e-06	0.0341586
0.00151133	0.199634	8.30401e-06	0.0246385
0.00152794	0.124281	8.30401e-06	0.0188354
0.00154455	0.0876748	8.30401e-06	0.015415
0.00156115	0.0639075	8.30401e-06	0.0137353
0.00157776	0.0498593	8.30401e-06	0.0113541
0.00159437	0.0329731	8.30401e-06	0.00976868
0.00161098	0.0313674	8.30401e-06	0.00963581
0.00162759	0.0279287	8.30401e-06	0.00931941
0.00164419	0.0147834	8.30401e-06	0.00513579
0.0016608	0.00674537	8.30401e-06	0.00341291
0.00167741	0.00382317	8.30401e-06	0.00270494
0.00169402	0.00184977	8.30401e-06	0.00184985
