0	8163	1.29367e-05	11824.6
2.58735e-05	2252.54	1.29367e-05	287.955
5.17469e-05	1843.08	1.29367e-05	90.2112
7.76204e-05	1651.63	1.29367e-05	47.3056
0.000103494	1530.47	1.29367e-05	32.0678
0.000129367	1434.23	1.29367e-05	23.6772
0.000155241	1356.64	1.29367e-05	18.6996
0.000181114	1296.14	1.29367e-05	16.1395
0.000206988	1236.59	1.29367e-05	13.9539
0.000232861	1184.63	1.29367e-05	12.4517
0.000258735	1137.98	1.29367e-05	11.3809
0.000284608	1091.3	1.29367e-05	10.388
0.000310482	1047.74	1.29367e-05	9.61293
0.000336355	1008.64	1.29367e-05	9.04229
0.000362228	965.123	1.29367e-05	8.32753
0.000388102	924.563	1.29367e-05	7.76108
0.000413975	885.277	1.29367e-05	7.2513
0.000439849	847.847	1.29367e-05	6.83476
0.000465722	812.461	1.29367e-05	6.45776
0.000491596	777.322	1.29367e-05	6.09197
0.000517469	743.986	1.29367e-05	5.79349
0.000543343	708.66	1.29367e-05	5.46252
0.000569216	673.536	1.29367e-05	5.11851
0.00059509	638.148	1.29367e-05	4.77816
0.000620963	604.685	1.29367e-05	4.50813
0.000646836	571.561	1.29367e-05	4.22934
0.00067271	540.504	1.29367e-05	3.98662
0.000698583	511.095	1.29367e-05	3.77273
0.000724457	482.12	1.29367e-05	3.5189
0.00075033	454.242	1.29367e-05	3.29896
0.000776204	426.475	1.29367e-05	3.09224
0.000802077	399.585	1.29367e-05	2.87982
0.000827951	374.488	1.29367e-05	2.71895
0.000853824	349.521	1.29367e-05	2.54683
0.000879698	326.429	1.29367e-05	2.3953
0.000905571	304.498	1.29367e-05	2.26648
0.000931445	282.44	1.29367e-05	2.11497
0.000957318	261.015	1.29367e-05	1.97027
0.000983191	241.881	1.29367e-05	1.85257
0.00100906	223.839	1.29367e-05	1.75336
0.00103494	206.493	1.29367e-05	1.6447
0.00106081	190.066	1.29367e-05	1.5535
0.00108669	174.386	1.29367e-05	1.45174
0.00111256	159.964	1.29367e-05	1.35907
0.00113843	146.359	1.29367e-05	1.28709
0.00116431	133.621	1.29367e-05	1.22171
0.00119018	121.19	1.29367e-05	1.08721
0.00121605	110.792	1.29367e-05	1.03255
0.00124193	100.375	1.29367e-05	0.971634
0.0012678	90.602	1.29367e-05	0.888518
0.00129367	81.9204	1.29367e-05	0.838603
0.00131955	74.4586	1.29367e-05	0.802459
0.00134542	66.685	1.29367e-05	0.728024
0.00137129	59.9571	1.29367e-05	0.688987
0.00139717	54.0852	1.29367e-05	0.656811
0.00142304	48.2482	1.29367e-05	0.613515
0.00144891	43.1949	1.29367e-05	0.583195
0.00147479	38.284	1.29367e-05	0.537287
0.00150066	33.9374	1.29367e-05	0.511231
0.00152653	29.7465	1.29367e-05	0.435195
0.00155241	26.2288	1.29367e-05	0.393481
0.00157828	23.2352	1.29367e-05	0.370094
0.00160415	20.5358	1.29367e-05	0.347822
0.00163003	18.2142	1.29367e-05	0.331137
0.0016559	16.2255	1.29367e-05	0.318497
0.00168177	14.0769	1.29367e-05	0.295758
0.00170765	12.2042	1.29367e-05	0.270782
0.00173352	10.5011	1.29367e-05	0.24161
0.0017594	9.09976	1.29367e-05	0.228501
0.00178527	7.84747	1.29367e-05	0.217704
0.00181114	6.57249	1.29367e-05	0.175973
0.00183702	5.70185	1.29367e-05	0.165655
0.00186289	4.92561	1.29367e-05	0.156285
0.00188876	4.27674	1.29367e-05	0.148201
0.00191464	3.61375	1.29367e-05	0.136388
0.00194051	3.11924	1.29367e-05	0.129718
0.00196638	2.71943	1.29367e-05	0.124127
0.00199226	2.32664	1.29367e-05	0.111129
0.00201813	1.97253	1.29367e-05	0.0865628
0.002044	1.66568	1.29367e-05	0.0807526
0.00206988	1.33232	1.29367e-05	0.068333
0.00209575	1.05589	1.29367e-05	0.0567791
0.00212162	0.841463	1.29367e-05	0.0511649
0.0021475	0.684774	1.29367e-05	0.0475835
0.00217337	0.542389	1.29367e-05	0.0411309
0.00219924	0.404464	1.29367e-05	0.0350505
0.00222512	0.295394	1.29367e-05	0.0306881
0.00225099	0.198673	1.29367e-05	0.0212409
0.00227686	0.153555	1.29367e-05	0.0187725
0.00230274	0.105506	1.29367e-05	0.0147328
0.00232861	0.0748547	1.29367e-05	0.0131019
0.00235448	0.0570734	1.29367e-05	0.0112047
0.00238036	0.0286244	1.29367e-05	0.00748697
0.00240623	0.0175415	1.29367e-05	0.0063464
0.00243211	0.00981161	1.29367e-05	0.00453244
0.00245798	0.00498955	1.29367e-05	0.00350774
