0	8182.22	1.23201e-05	11582.9
2.46401e-05	2392.82	1.23201e-05	301.422
4.92803e-05	1963.11	1.23201e-05	93.2028
7.39204e-05	1766.21	1.23201e-05	49.278
9.85606e-05	1642.93	1.23201e-05	34.2633
0.000123201	1542.83	1.23201e-05	25.8837
0.000147841	1459.93	1.23201e-05	20.8489
0.000172481	1390.96	1.23201e-05	17.8563
0.000197121	1327.42	1.23201e-05	15.4922
0.000221761	1272.02	1.23201e-05	13.9762
0.000246401	1216.24	1.23201e-05	12.5945
0.000271042	1162.98	1.23201e-05	11.4399
0.000295682	1111.82	1.23201e-05	10.4542
0.000320322	1064.47	1.23201e-05	9.66764
0.000344962	1018	1.23201e-05	8.93162
0.000369602	972.765	1.23201e-05	8.30506
0.000394242	927.962	1.23201e-05	7.69867
0.000418882	885.362	1.23201e-05	7.18828
0.000443523	845.213	1.23201e-05	6.75208
0.000468163	806.987	1.23201e-05	6.3718
0.000492803	770.336	1.23201e-05	6.02627
0.000517443	734.232	1.23201e-05	5.70707
0.000542083	699.193	1.23201e-05	5.42018
0.000566723	663.324	1.23201e-05	5.12165
0.000591363	627.319	1.23201e-05	4.75473
0.000616004	592.898	1.23201e-05	4.4675
0.000640644	560.613	1.23201e-05	4.21753
0.000665284	529.554	1.23201e-05	3.99648
0.000689924	499.129	1.23201e-05	3.77322
0.000714564	470.618	1.23201e-05	3.5801
0.000739204	441.728	1.23201e-05	3.38165
0.000763844	414.493	1.23201e-05	3.21507
0.000788485	387.998	1.23201e-05	3.05433
0.000813125	362.266	1.23201e-05	2.87388
0.000837765	339.123	1.23201e-05	2.69784
0.000862405	315.174	1.23201e-05	2.50958
0.000887045	291.962	1.23201e-05	2.35299
0.000911685	270.833	1.23201e-05	2.22964
0.000936325	250.101	1.23201e-05	2.09093
0.000960966	231.695	1.23201e-05	1.99201
0.000985606	214.159	1.23201e-05	1.89252
0.00101025	198.119	1.23201e-05	1.79762
0.00103489	182.326	1.23201e-05	1.68306
0.00105953	166.197	1.23201e-05	1.56
0.00108417	150.628	1.23201e-05	1.31015
0.00110881	137.959	1.23201e-05	1.24577
0.00113345	125.889	1.23201e-05	1.17595
0.00115809	114.207	1.23201e-05	1.08351
0.00118273	103.278	1.23201e-05	1.0165
0.00120737	93.6711	1.23201e-05	0.959449
0.00123201	85.1468	1.23201e-05	0.917594
0.00125665	77.5008	1.23201e-05	0.878045
0.00128129	70.1061	1.23201e-05	0.828624
0.00130593	63.1104	1.23201e-05	0.778056
0.00133057	56.8055	1.23201e-05	0.747918
0.00135521	51.1133	1.23201e-05	0.713758
0.00137985	45.6952	1.23201e-05	0.677322
0.00140449	41.3187	1.23201e-05	0.656703
0.00142913	36.7395	1.23201e-05	0.552433
0.00145377	32.7883	1.23201e-05	0.526856
0.00147841	29.1528	1.23201e-05	0.504288
0.00150305	25.7239	1.23201e-05	0.471391
0.00152769	22.5456	1.23201e-05	0.440269
0.00155233	19.9739	1.23201e-05	0.420133
0.00157697	17.5998	1.23201e-05	0.404429
0.00160161	15.4195	1.23201e-05	0.390916
0.00162625	13.5543	1.23201e-05	0.378267
0.00165089	11.9049	1.23201e-05	0.23023
0.00167553	10.413	1.23201e-05	0.209209
0.00170017	8.82756	1.23201e-05	0.18037
0.00172481	7.68253	1.23201e-05	0.168856
0.00174945	6.61468	1.23201e-05	0.156868
0.00177409	5.67582	1.23201e-05	0.146235
0.00179873	4.89858	1.23201e-05	0.13596
0.00182337	4.22233	1.23201e-05	0.125731
0.00184801	3.61714	1.23201e-05	0.115521
0.00187265	3.03251	1.23201e-05	0.103701
0.00189729	2.55423	1.23201e-05	0.0861507
0.00192193	2.11251	1.23201e-05	0.0739585
0.00194657	1.75919	1.23201e-05	0.067787
0.00197121	1.44747	1.23201e-05	0.0619356
0.00199585	1.19026	1.23201e-05	0.0553551
0.00202049	0.899707	1.23201e-05	0.0448448
0.00204513	0.755697	1.23201e-05	0.041627
0.00206977	0.594671	1.23201e-05	0.03623
0.00209441	0.422796	1.23201e-05	0.0303623
0.00211905	0.324998	1.23201e-05	0.0271357
0.00214369	0.244615	1.23201e-05	0.0243133
0.00216833	0.173999	1.23201e-05	0.02084
0.00219297	0.138315	1.23201e-05	0.0194426
0.00221761	0.0855155	1.23201e-05	0.0115338
0.00224225	0.0517264	1.23201e-05	0.0090408
0.00226689	0.033231	1.23201e-05	0.00738938
0.00229153	0.0212969	1.23201e-05	0.00580013
0.00231617	0.00541358	1.23201e-05	0.00250759
0.00234081	0.00282095	1.23201e-05	0.00163881
