0	9967.9	1.11265e-05	14281.6
2.22531e-05	2829.76	1.11265e-05	374.929
4.45062e-05	2294.15	1.11265e-05	113.813
6.67593e-05	2057.28	1.11265e-05	62.7024
8.90124e-05	1897.11	1.11265e-05	42.2061
0.000111265	1773.79	1.11265e-05	31.9424
0.000133519	1670.81	1.11265e-05	25.6997
0.000155772	1588.66	1.11265e-05	22.2862
0.000178025	1505	1.11265e-05	19.1634
0.000200278	1434.47	1.11265e-05	17.1981
0.000222531	1363.98	1.11265e-05	15.4286
0.000244784	1297.16	1.11265e-05	13.9293
0.000267037	1233.82	1.11265e-05	12.6893
0.00028929	1178.04	1.11265e-05	11.796
0.000311543	1119.63	1.11265e-05	10.6356
0.000333796	1067.51	1.11265e-05	9.93696
0.00035605	1013.52	1.11265e-05	9.1387
0.000378303	959.509	1.11265e-05	8.39531
0.000400556	907.842	1.11265e-05	7.62739
0.000422809	860.22	1.11265e-05	7.10076
0.000445062	815.096	1.11265e-05	6.64791
0.000467315	770.747	1.11265e-05	6.19959
0.000489568	727.318	1.11265e-05	5.80027
0.000511821	686.4	1.11265e-05	5.44031
0.000534074	650.753	1.11265e-05	5.17693
0.000556327	613.679	1.11265e-05	4.88525
0.00057858	576.298	1.11265e-05	4.42289
0.000600834	541.957	1.11265e-05	4.16854
0.000623087	509.061	1.11265e-05	3.92615
0.00064534	475.673	1.11265e-05	3.67868
0.000667593	442.4	1.11265e-05	3.34728
0.000689846	412.704	1.11265e-05	3.14216
0.000712099	384.658	1.11265e-05	2.94526
0.000734352	358.541	1.11265e-05	2.78
0.000756605	334.545	1.11265e-05	2.63072
0.000778858	311.599	1.11265e-05	2.49158
0.000801111	288.378	1.11265e-05	2.33101
0.000823364	266.02	1.11265e-05	2.14223
0.000845618	246.86	1.11265e-05	2.02994
0.000867871	227.435	1.11265e-05	1.90381
0.000890124	210.231	1.11265e-05	1.7878
0.000912377	193.671	1.11265e-05	1.69625
0.00093463	177.92	1.11265e-05	1.54129
0.000956883	163.736	1.11265e-05	1.47125
0.000979136	149.713	1.11265e-05	1.38453
0.00100139	137.123	1.11265e-05	1.31138
0.00102364	124.388	1.11265e-05	1.14334
0.0010459	113.223	1.11265e-05	1.0824
0.00106815	102.624	1.11265e-05	1.00597
0.0010904	92.9518	1.11265e-05	0.942481
0.00111265	83.9779	1.11265e-05	0.868701
0.00113491	76.2861	1.11265e-05	0.820577
0.00115716	69.0378	1.11265e-05	0.753981
0.00117941	62.3374	1.11265e-05	0.710968
0.00120167	56.0178	1.11265e-05	0.668814
0.00122392	50.647	1.11265e-05	0.612901
0.00124617	45.5236	1.11265e-05	0.572727
0.00126843	40.856	1.11265e-05	0.525831
0.00129068	36.315	1.11265e-05	0.489158
0.00131293	32.77	1.11265e-05	0.465768
0.00133519	29.3864	1.11265e-05	0.438569
0.00135744	26.6254	1.11265e-05	0.421475
0.00137969	23.5857	1.11265e-05	0.398015
0.00140194	20.9465	1.11265e-05	0.373497
0.0014242	18.6329	1.11265e-05	0.352444
0.00144645	16.4756	1.11265e-05	0.328683
0.0014687	14.2711	1.11265e-05	0.291463
0.00149096	12.5205	1.11265e-05	0.276223
0.00151321	11.0564	1.11265e-05	0.261948
0.00153546	9.68109	1.11265e-05	0.245789
0.00155772	8.38661	1.11265e-05	0.229002
0.00157997	7.2697	1.11265e-05	0.210765
0.00160222	6.30819	1.11265e-05	0.198988
0.00162448	5.54542	1.11265e-05	0.187791
0.00164673	4.85846	1.11265e-05	0.180098
0.00166898	4.20774	1.11265e-05	0.171036
0.00169124	3.65618	1.11265e-05	0.158485
0.00171349	3.11232	1.11265e-05	0.152249
0.00173574	2.58998	1.11265e-05	0.141021
0.00175799	2.18312	1.11265e-05	0.135659
0.00178025	1.859	1.11265e-05	0.131888
0.0018025	1.58949	1.11265e-05	0.128436
0.00182475	1.379	1.11265e-05	0.125061
0.00184701	1.19834	1.11265e-05	0.122754
0.00186926	0.999223	1.11265e-05	0.120273
0.00189151	0.748541	1.11265e-05	0.0516422
0.00191377	0.622067	1.11265e-05	0.0479573
0.00193602	0.489852	1.11265e-05	0.0381958
0.00195827	0.391301	1.11265e-05	0.0343704
0.00198053	0.313597	1.11265e-05	0.0312768
0.00200278	0.241158	1.11265e-05	0.0268866
0.00202503	0.185992	1.11265e-05	0.0232345
0.00204728	0.150846	1.11265e-05	0.0197189
0.00206954	0.125066	1.11265e-05	0.0174729
0.00209179	0.0831535	1.11265e-05	0.0124324
0.00211404	0.0655656	1.11265e-05	0.00990246
0.0021363	0.0536132	1.11265e-05	0.00893374
0.00215855	0.0388274	1.11265e-05	0.0075073
0.0021808	0.0287932	1.11265e-05	0.00617717
0.00220306	0.0208208	1.11265e-05	0.00537319
0.00222531	0.0134563	1.11265e-05	0.00458084
0.00224756	0.00507305	1.11265e-05	0.002289
0.00226982	0.00189579	1.11265e-05	0.00134064
0.00229207	0.00093996	1.11265e-05	0.000940004
