0	7622.47	1.31656e-05	10957.7
2.63313e-05	2145.43	1.31656e-05	273.272
5.26625e-05	1754.09	1.31656e-05	80.1701
7.89938e-05	1585.3	1.31656e-05	42.643
0.000105325	1478.61	1.31656e-05	29.6247
0.000131656	1392.46	1.31656e-05	22.47
0.000157988	1320.58	1.31656e-05	18.1596
0.000184319	1259.6	1.31656e-05	15.4186
0.00021065	1203.52	1.31656e-05	13.3911
0.000236981	1153.7	1.31656e-05	11.9688
0.000263313	1108.81	1.31656e-05	10.9082
0.000289644	1066	1.31656e-05	10.0562
0.000315975	1026.58	1.31656e-05	9.39407
0.000342306	988.285	1.31656e-05	8.82617
0.000368638	949.34	1.31656e-05	8.26873
0.000394969	914.307	1.31656e-05	7.86471
0.0004213	879.896	1.31656e-05	7.49352
0.000447631	846.645	1.31656e-05	7.17636
0.000473963	810.099	1.31656e-05	6.75915
0.000500294	775.299	1.31656e-05	6.44277
0.000526625	740.178	1.31656e-05	6.12775
0.000552957	706.584	1.31656e-05	5.7603
0.000579288	674.775	1.31656e-05	5.52442
0.000605619	642.872	1.31656e-05	5.28462
0.00063195	611.285	1.31656e-05	5.0636
0.000658282	580.289	1.31656e-05	4.84764
0.000684613	549.308	1.31656e-05	4.6249
0.000710944	517.732	1.31656e-05	3.93372
0.000737275	489.611	1.31656e-05	3.74675
0.000763607	461.955	1.31656e-05	3.56622
0.000789938	434.293	1.31656e-05	3.37355
0.000816269	408.421	1.31656e-05	3.20986
0.0008426	383.154	1.31656e-05	3.0662
0.000868932	359.824	1.31656e-05	2.92506
0.000895263	336.365	1.31656e-05	2.8064
0.000921594	313.599	1.31656e-05	2.68724
0.000947926	291.314	1.31656e-05	2.56697
0.000974257	269.807	1.31656e-05	2.41056
0.00100059	250.67	1.31656e-05	2.31587
0.00102692	231.982	1.31656e-05	2.23037
0.00105325	214.426	1.31656e-05	2.13775
0.00107958	197.817	1.31656e-05	2.05922
0.00110591	181.334	1.31656e-05	1.74786
0.00113224	165.091	1.31656e-05	1.64943
0.00115858	150.557	1.31656e-05	1.37821
0.00118491	138.182	1.31656e-05	1.31962
0.00121124	126.721	1.31656e-05	1.26516
0.00123757	115.775	1.31656e-05	1.2025
0.0012639	105.091	1.31656e-05	1.08559
0.00129023	95.7818	1.31656e-05	1.04095
0.00131656	86.0564	1.31656e-05	0.986644
0.00134289	77.9428	1.31656e-05	0.941426
0.00136923	70.4891	1.31656e-05	0.905859
0.00139556	63.0367	1.31656e-05	0.809792
0.00142189	56.6246	1.31656e-05	0.765097
0.00144822	50.7431	1.31656e-05	0.730157
0.00147455	45.3553	1.31656e-05	0.701326
0.00150088	40.5555	1.31656e-05	0.67558
0.00152721	36.1393	1.31656e-05	0.654262
0.00155354	31.938	1.31656e-05	0.631674
0.00157988	28.3694	1.31656e-05	0.60619
0.00160621	24.9788	1.31656e-05	0.588474
0.00163254	21.9814	1.31656e-05	0.572006
0.00165887	19.2551	1.31656e-05	0.559795
0.0016852	16.9361	1.31656e-05	0.544236
0.00171153	14.4466	1.31656e-05	0.509157
0.00173786	12.4609	1.31656e-05	0.499154
0.00176419	10.8419	1.31656e-05	0.489757
0.00179053	8.85901	1.31656e-05	0.219772
0.00181686	7.57447	1.31656e-05	0.207317
0.00184319	6.45211	1.31656e-05	0.192728
0.00186952	5.54966	1.31656e-05	0.182439
0.00189585	4.5637	1.31656e-05	0.126422
0.00192218	3.89419	1.31656e-05	0.116804
0.00194851	3.34761	1.31656e-05	0.109475
0.00197484	2.87509	1.31656e-05	0.101315
0.00200118	2.42711	1.31656e-05	0.094169
0.00202751	1.99464	1.31656e-05	0.0854983
0.00205384	1.62272	1.31656e-05	0.0733593
0.00208017	1.30521	1.31656e-05	0.0644099
0.0021065	1.06529	1.31656e-05	0.0600368
0.00213283	0.816007	1.31656e-05	0.046849
0.00215916	0.673973	1.31656e-05	0.0435885
0.00218549	0.535639	1.31656e-05	0.03798
0.00221183	0.406581	1.31656e-05	0.031812
0.00223816	0.312153	1.31656e-05	0.028232
0.00226449	0.221243	1.31656e-05	0.0229925
0.00229082	0.170526	1.31656e-05	0.0205661
0.00231715	0.111051	1.31656e-05	0.0159764
0.00234348	0.0706038	1.31656e-05	0.012099
0.00236981	0.0442687	1.31656e-05	0.00968157
0.00239615	0.0306475	1.31656e-05	0.00877987
0.00242248	0.00715954	1.31656e-05	0.00318576
0.00244881	0.00226698	1.31656e-05	0.00165695
0.00247514	0.00142978	1.31656e-05	0.00142986
0.00250147	0.00142978	1.31656e-05	0.00142986
