0	10778.6	1.01222e-05	15297.5
2.02445e-05	3132.43	1.01222e-05	386.481
4.04889e-05	2586.3	1.01222e-05	128.782
6.07334e-05	2323.77	1.01222e-05	74.2186
8.09778e-05	2139.79	1.01222e-05	52.2218
0.000101222	1985.36	1.01222e-05	37.7877
0.000121467	1860.81	1.01222e-05	30.0248
0.000141711	1757.56	1.01222e-05	24.7157
0.000161956	1671.39	1.01222e-05	21.7687
0.0001822	1584.97	1.01222e-05	19.1328
0.000202445	1506.18	1.01222e-05	17.0123
0.000222689	1431.87	1.01222e-05	15.3558
0.000242933	1361.24	1.01222e-05	13.9254
0.000263178	1293.53	1.01222e-05	12.7173
0.000283422	1227.72	1.01222e-05	11.6257
0.000303667	1167.04	1.01222e-05	10.6863
0.000323911	1108.67	1.01222e-05	9.93153
0.000344156	1051.36	1.01222e-05	9.19406
0.0003644	998.318	1.01222e-05	8.60441
0.000384645	947.733	1.01222e-05	8.08671
0.000404889	894.843	1.01222e-05	7.5332
0.000425134	844.137	1.01222e-05	7.04738
0.000445378	795.647	1.01222e-05	6.59936
0.000465623	749.484	1.01222e-05	6.16926
0.000485867	703.181	1.01222e-05	5.62168
0.000506111	661.32	1.01222e-05	5.28153
0.000526356	622.371	1.01222e-05	4.94112
0.0005466	584.51	1.01222e-05	4.61855
0.000566845	546.231	1.01222e-05	4.30773
0.000587089	512.064	1.01222e-05	4.06315
0.000607334	478.126	1.01222e-05	3.81538
0.000627578	444.951	1.01222e-05	3.53229
0.000647823	413.826	1.01222e-05	3.31743
0.000668067	385.188	1.01222e-05	3.14415
0.000688312	357.792	1.01222e-05	2.92545
0.000708556	331.636	1.01222e-05	2.74502
0.0007288	305.837	1.01222e-05	2.45071
0.000749045	283.078	1.01222e-05	2.29039
0.000769289	262.164	1.01222e-05	2.14808
0.000789534	242.892	1.01222e-05	2.03751
0.000809778	224.225	1.01222e-05	1.92486
0.000830023	206.015	1.01222e-05	1.81694
0.000850267	188.738	1.01222e-05	1.70334
0.000870512	173.862	1.01222e-05	1.57675
0.000890756	159.65	1.01222e-05	1.4946
0.000911001	146.858	1.01222e-05	1.43377
0.000931245	134.271	1.01222e-05	1.34428
0.000951489	122.317	1.01222e-05	1.28087
0.000971734	111.379	1.01222e-05	1.209
0.000991978	101.542	1.01222e-05	1.15965
0.00101222	91.7847	1.01222e-05	1.05307
0.00103247	82.9267	1.01222e-05	0.998433
0.00105271	74.9666	1.01222e-05	0.94955
0.00107296	68.0991	1.01222e-05	0.912203
0.0010932	61.6597	1.01222e-05	0.843768
0.00111345	55.8391	1.01222e-05	0.807527
0.00113369	50.2963	1.01222e-05	0.769288
0.00115393	45.5229	1.01222e-05	0.747412
0.00117418	40.8797	1.01222e-05	0.708231
0.00119442	36.403	1.01222e-05	0.597769
0.00121467	32.7618	1.01222e-05	0.570139
0.00123491	29.0327	1.01222e-05	0.53141
0.00125516	25.8584	1.01222e-05	0.506441
0.0012754	23.1767	1.01222e-05	0.490043
0.00129565	20.7835	1.01222e-05	0.476158
0.00131589	18.5727	1.01222e-05	0.459779
0.00133613	16.39	1.01222e-05	0.370743
0.00135638	14.5458	1.01222e-05	0.351071
0.00137662	12.9269	1.01222e-05	0.339249
0.00139687	11.4844	1.01222e-05	0.323609
0.00141711	10.0221	1.01222e-05	0.308429
0.00143736	8.55111	1.01222e-05	0.245596
0.0014576	7.40882	1.01222e-05	0.231262
0.00147785	6.31326	1.01222e-05	0.206942
0.00149809	5.55167	1.01222e-05	0.198846
0.00151833	4.76048	1.01222e-05	0.179113
0.00153858	4.00095	1.01222e-05	0.146681
0.00155882	3.52356	1.01222e-05	0.140165
0.00157907	3.08117	1.01222e-05	0.134462
0.00159931	2.74084	1.01222e-05	0.129829
0.00161956	2.41643	1.01222e-05	0.126602
0.0016398	2.01131	1.01222e-05	0.102945
0.00166005	1.62762	1.01222e-05	0.0811635
0.00168029	1.29955	1.01222e-05	0.0709507
0.00170053	1.05868	1.01222e-05	0.0629432
0.00172078	0.853727	1.01222e-05	0.0534811
0.00174102	0.715805	1.01222e-05	0.0498705
0.00176127	0.611112	1.01222e-05	0.0473737
0.00178151	0.487588	1.01222e-05	0.0430576
0.00180176	0.385701	1.01222e-05	0.0391765
0.001822	0.29885	1.01222e-05	0.0363699
0.00184225	0.261092	1.01222e-05	0.0353709
0.00186249	0.203601	1.01222e-05	0.0320622
0.00188273	0.165212	1.01222e-05	0.0294658
0.00190298	0.138706	1.01222e-05	0.0283826
0.00192322	0.0933545	1.01222e-05	0.0156075
0.00194347	0.0770925	1.01222e-05	0.0145181
0.00196371	0.0504682	1.01222e-05	0.0120642
0.00198396	0.03431	1.01222e-05	0.00934771
0.0020042	0.0308718	1.01222e-05	0.0091324
0.00202445	0.0226673	1.01222e-05	0.00846986
0.00204469	0.0168103	1.01222e-05	0.00792404
0.00206493	0.0145102	1.01222e-05	0.00758285
0.00208518	0.00170229	1.01222e-05	0.00170237
