1.15043e-05	3212.7	1.15043e-05	42.1963
3.4513e-05	731.462	1.15043e-05	20.0986
5.75217e-05	607.734	1.15043e-05	18.6221
8.05304e-05	496.862	1.15043e-05	13.5837
0.000103539	504.78	1.15043e-05	13.528
0.000126548	511.976	1.15043e-05	14.5546
0.000149556	488.752	1.15043e-05	12.4622
0.000172565	558.274	1.15043e-05	14.4359
0.000195574	632.875	1.15043e-05	18.145
0.000218583	616.057	1.15043e-05	14.9813
0.000241591	676.175	1.15043e-05	21.2492
0.0002646	704.725	1.15043e-05	16.275
0.000287609	712.138	1.15043e-05	19.433
0.000310617	737.72	1.15043e-05	21.9763
0.000333626	780.276	1.15043e-05	22.5796
0.000356635	784.237	1.15043e-05	18.1378
0.000379643	761.018	1.15043e-05	15.7391
0.000402652	785.247	1.15043e-05	16.8349
0.000425661	848.095	1.15043e-05	18.1363
0.000448669	822.969	1.15043e-05	18.3716
0.000471678	838.354	1.15043e-05	17.6745
0.000494687	859.774	1.15043e-05	19.6624
0.000517695	903.055	1.15043e-05	20.506
0.000540704	951.652	1.15043e-05	21.6854
0.000563713	917.193	1.15043e-05	22.6625
0.000586721	883.768	1.15043e-05	19.1565
0.00060973	878.245	1.15043e-05	18.2836
0.000632739	910.862	1.15043e-05	19.1137
0.000655748	918.883	1.15043e-05	20.7853
0.000678756	891.131	1.15043e-05	20.2883
0.000701765	881.659	1.15043e-05	21.5922
0.000724774	852.996	1.15043e-05	23.4318
0.000747782	829.134	1.15043e-05	17.7669
0.000770791	810.458	1.15043e-05	17.2706
0.0007938	824.288	1.15043e-05	20.8823
0.000816808	763.13	1.15043e-05	18.3584
0.000839817	883.443	1.15043e-05	147.694
0.000862826	717.166	1.15043e-05	16.611
0.000885834	735.7	1.15043e-05	24.3102
0.000908843	671.637	1.15043e-05	16.309
0.000931852	699.855	1.15043e-05	25.597
0.00095486	632.398	1.15043e-05	16.7104
0.000977869	601.956	1.15043e-05	16.1092
0.00100088	563.574	1.15043e-05	12.797
0.00102389	554.549	1.15043e-05	16.8201
0.0010469	572.484	1.15043e-05	19.3708
0.0010699	497.06	1.15043e-05	13.8603
0.00109291	514.849	1.15043e-05	17.0771
0.00111592	422.035	1.15043e-05	12.3128
0.00113893	436.225	1.15043e-05	14.9124
0.00116194	450.887	1.15043e-05	30.2955
0.00118495	360.423	1.15043e-05	11.3526
0.00120796	341.841	1.15043e-05	13.3019
0.00123096	338.492	1.15043e-05	23.4546
0.00125397	302.495	1.15043e-05	10.7649
0.00127698	294.883	1.15043e-05	12.0408
0.00129999	279.065	1.15043e-05	12.9942
0.001323	260.971	1.15043e-05	11.2073
0.00134601	250.217	1.15043e-05	11.6295
0.00136902	195.336	1.15043e-05	8.13302
0.00139203	212.197	1.15043e-05	10.2991
0.00141503	164.304	1.15043e-05	6.41104
0.00143804	155.16	1.15043e-05	7.3953
0.00146105	151.13	1.15043e-05	6.8616
0.00148406	142.442	1.15043e-05	8.23456
0.00150707	127.574	1.15043e-05	6.75967
0.00153008	112.349	1.15043e-05	6.82405
0.00155309	91.5895	1.15043e-05	4.91771
0.00157609	80.5785	1.15043e-05	4.78407
0.0015991	81.034	1.15043e-05	9.88802
0.00162211	61.3434	1.15043e-05	3.77709
0.00164512	68.0752	1.15043e-05	7.31873
0.00166813	53.4957	1.15043e-05	4.44083
0.00169114	47.5634	1.15043e-05	3.4538
0.00171415	45.1709	1.15043e-05	4.1242
0.00173716	170.363	1.15043e-05	129.281
0.00176016	30.5715	1.15043e-05	2.54131
0.00178317	27.8272	1.15043e-05	2.87211
0.00180618	23.1322	1.15043e-05	2.28095
0.00182919	25.7579	1.15043e-05	2.68742
0.0018522	17.4318	1.15043e-05	1.79089
0.00187521	16.7116	1.15043e-05	1.98806
0.00189822	15.5354	1.15043e-05	3.46224
0.00192123	12.8298	1.15043e-05	1.97049
0.00194423	10.518	1.15043e-05	1.38704
0.00196724	6.93796	1.15043e-05	0.972422
0.00199025	9.74459	1.15043e-05	1.85671
0.00201326	10.3904	1.15043e-05	2.20223
0.00203627	5.36799	1.15043e-05	1.03899
0.00205928	3.72322	1.15043e-05	0.853861
0.00208229	4.60029	1.15043e-05	1.11748
0.00210529	3.26923	1.15043e-05	0.997493
0.0021283	2.12468	1.15043e-05	0.595181
0.00215131	1.68633	1.15043e-05	0.509248
0.00217432	0.920101	1.15043e-05	0.402901
0.00219733	0.673443	1.15043e-05	0.371515
0.00222034	0.250327	1.15043e-05	0.182553
0.00224335	0.230578	1.15043e-05	0.16371
0.00226636	0.0940128	1.15043e-05	0.0940128
0.00228936	0.0964935	1.15043e-05	0.0964935
0.00231237	0.398494	1.15043e-05	0.300616
0.00233538	0.468277	1.15043e-05	0.281917
