1.35102e-05	2668.04	1.35102e-05	34.2938
4.05307e-05	546.262	1.35102e-05	25.1745
6.75512e-05	481.991	1.35102e-05	51.1808
9.45717e-05	443	1.35102e-05	14.9255
0.000121592	374.172	1.35102e-05	11.5677
0.000148613	341.5	1.35102e-05	9.47148
0.000175633	328.574	1.35102e-05	10.8079
0.000202654	314.08	1.35102e-05	10.3458
0.000229674	345.307	1.35102e-05	14.3238
0.000256695	376.59	1.35102e-05	18.1241
0.000283715	388.503	1.35102e-05	11.7189
0.000310736	435.618	1.35102e-05	22.0942
0.000337756	455.531	1.35102e-05	14.0894
0.000364777	456.534	1.35102e-05	12.2131
0.000391797	491.635	1.35102e-05	12.8881
0.000418818	494.439	1.35102e-05	15.5074
0.000445838	548.568	1.35102e-05	14.0962
0.000472859	569.474	1.35102e-05	13.1512
0.000499879	614.876	1.35102e-05	14.1222
0.000526899	635.146	1.35102e-05	17.9024
0.00055392	616.389	1.35102e-05	12.8041
0.00058094	656.702	1.35102e-05	17.1199
0.000607961	650.897	1.35102e-05	16.037
0.000634981	718.943	1.35102e-05	18.0075
0.000662002	748.973	1.35102e-05	17.5478
0.000689022	797.195	1.35102e-05	18.3426
0.000716043	789.457	1.35102e-05	18.428
0.000743063	779.615	1.35102e-05	16.6899
0.000770084	789.023	1.35102e-05	20.6638
0.000797104	785.268	1.35102e-05	19.1225
0.000824125	785.922	1.35102e-05	16.4447
0.000851145	797.161	1.35102e-05	23.2031
0.000878166	808.865	1.35102e-05	18.1749
0.000905186	782.137	1.35102e-05	22.2548
0.000932207	800.886	1.35102e-05	16.0807
0.000959227	801.831	1.35102e-05	33.5669
0.000986248	762.61	1.35102e-05	20.3592
0.00101327	702.196	1.35102e-05	14.5493
0.00104029	728.19	1.35102e-05	17.4369
0.00106731	697.422	1.35102e-05	16.5983
0.00109433	661.204	1.35102e-05	14.2999
0.00112135	655.818	1.35102e-05	17.0952
0.00114837	633.757	1.35102e-05	18.1648
0.00117539	590.266	1.35102e-05	13.2337
0.00120241	586.146	1.35102e-05	14.9847
0.00122943	534.62	1.35102e-05	13.0811
0.00125645	525.866	1.35102e-05	14.7748
0.00128347	496.221	1.35102e-05	12.1664
0.00131049	457.152	1.35102e-05	11.2666
0.00133751	484.074	1.35102e-05	15.7072
0.00136453	425.263	1.35102e-05	11.0646
0.00139156	415.927	1.35102e-05	11.3775
0.00141858	366.932	1.35102e-05	10.9267
0.0014456	370.125	1.35102e-05	13.0885
0.00147262	320.763	1.35102e-05	9.38595
0.00149964	316.996	1.35102e-05	12.8089
0.00152666	292.746	1.35102e-05	13.2946
0.00155368	260.491	1.35102e-05	10.534
0.0015807	241.613	1.35102e-05	7.45651
0.00160772	222.558	1.35102e-05	9.66208
0.00163474	186.37	1.35102e-05	7.45651
0.00166176	189.505	1.35102e-05	8.14858
0.00168878	180.373	1.35102e-05	9.18401
0.0017158	156.269	1.35102e-05	7.42674
0.00174282	138.357	1.35102e-05	6.49766
0.00176984	131.693	1.35102e-05	19.2296
0.00179686	117.151	1.35102e-05	6.41541
0.00182388	104.617	1.35102e-05	5.82977
0.0018509	96.4855	1.35102e-05	5.26999
0.00187792	85.0135	1.35102e-05	8.39756
0.00190494	56.9748	1.35102e-05	3.89302
0.00193196	51.4907	1.35102e-05	3.95153
0.00195899	52.963	1.35102e-05	5.10409
0.00198601	52.301	1.35102e-05	5.13368
0.00201303	37.9201	1.35102e-05	2.8372
0.00204005	32.3468	1.35102e-05	2.88259
0.00206707	25.3748	1.35102e-05	2.44209
0.00209409	28.5038	1.35102e-05	3.864
0.00212111	19.7237	1.35102e-05	1.94928
0.00214813	18.3618	1.35102e-05	1.77344
0.00217515	18.7172	1.35102e-05	1.91045
0.00220217	12.0028	1.35102e-05	1.43548
0.00222919	13.1428	1.35102e-05	1.80153
0.00225621	7.73489	1.35102e-05	2.48477
0.00228323	5.10632	1.35102e-05	0.832017
0.00231025	5.22556	1.35102e-05	0.796634
0.00233727	6.16307	1.35102e-05	0.980303
0.00236429	2.53193	1.35102e-05	0.690228
0.00239131	2.13437	1.35102e-05	0.533251
0.00241833	2.50273	1.35102e-05	0.903675
0.00244535	2.55669	1.35102e-05	1.46461
0.00247237	0.383109	1.35102e-05	0.198005
0.0024994	0.394605	1.35102e-05	0.201008
0.00252642	0.419499	1.35102e-05	0.296634
0.00255344	0.0860407	1.35102e-05	0.0860407
