1.23201e-05	2894.7	1.23201e-05	33.7463
3.69602e-05	644.561	1.23201e-05	15.1867
6.16004e-05	492.249	1.23201e-05	18.5959
8.62405e-05	431.477	1.23201e-05	12.9633
0.000110881	450.475	1.23201e-05	13.6039
0.000135521	455.941	1.23201e-05	15.6614
0.000160161	448.311	1.23201e-05	11.6976
0.000184801	476.537	1.23201e-05	19.9405
0.000209441	470.876	1.23201e-05	12.6021
0.000234081	529.918	1.23201e-05	14.2065
0.000258721	559.272	1.23201e-05	14.914
0.000283362	588.312	1.23201e-05	15.393
0.000308002	591.9	1.23201e-05	15.1953
0.000332642	627.399	1.23201e-05	18.3053
0.000357282	655.852	1.23201e-05	14.9928
0.000381922	694.441	1.23201e-05	18.0063
0.000406562	702.903	1.23201e-05	15.9322
0.000431202	702.6	1.23201e-05	15.8215
0.000455843	707.183	1.23201e-05	15.7113
0.000480483	714.71	1.23201e-05	16.8993
0.000505123	740.121	1.23201e-05	16.4471
0.000529763	753.335	1.23201e-05	15.7458
0.000554403	807.051	1.23201e-05	17.51
0.000579043	846.118	1.23201e-05	26.5499
0.000603683	843.324	1.23201e-05	20.1299
0.000628324	823.266	1.23201e-05	19.2186
0.000652964	823.066	1.23201e-05	17.6175
0.000677604	836.671	1.23201e-05	19.6519
0.000702244	812.589	1.23201e-05	18.4548
0.000726884	852.235	1.23201e-05	19.1753
0.000751524	830.69	1.23201e-05	16.7471
0.000776164	834.57	1.23201e-05	17.2616
0.000800805	836.307	1.23201e-05	21.6277
0.000825445	775.279	1.23201e-05	23.7727
0.000850085	826.233	1.23201e-05	24.3592
0.000874725	824.037	1.23201e-05	20.513
0.000899365	771.217	1.23201e-05	17.5105
0.000924005	777.457	1.23201e-05	20.3201
0.000948645	708.605	1.23201e-05	16.1232
0.000973286	692.684	1.23201e-05	17.188
0.000997926	649.611	1.23201e-05	17.8083
0.00102257	655.402	1.23201e-05	20.9131
0.00104721	685.484	1.23201e-05	21.4644
0.00107185	677.259	1.23201e-05	33.3841
0.00109649	563.774	1.23201e-05	12.859
0.00112113	549.186	1.23201e-05	14.2963
0.00114577	543.223	1.23201e-05	17.7525
0.00117041	519.117	1.23201e-05	14.0737
0.00119505	465.936	1.23201e-05	13.1473
0.00121969	421.953	1.23201e-05	10.9472
0.00124433	386.125	1.23201e-05	11.0746
0.00126897	380.823	1.23201e-05	13.0008
0.00129361	367.277	1.23201e-05	13.2286
0.00131825	337.313	1.23201e-05	9.58558
0.00134289	310.222	1.23201e-05	10.766
0.00136753	300.705	1.23201e-05	11.2592
0.00139217	247.273	1.23201e-05	8.28556
0.00141681	263.303	1.23201e-05	19.8965
0.00144145	231.148	1.23201e-05	8.88022
0.00146609	216.308	1.23201e-05	8.31693
0.00149073	207.45	1.23201e-05	10.2823
0.00151537	195.468	1.23201e-05	9.85938
0.00154001	160.73	1.23201e-05	7.81433
0.00156465	150.751	1.23201e-05	6.82486
0.00158929	140.631	1.23201e-05	6.32115
0.00161393	122.17	1.23201e-05	6.18569
0.00163857	109.685	1.23201e-05	19.8906
0.00166321	100.709	1.23201e-05	6.31364
0.00168785	108.599	1.23201e-05	7.08545
0.00171249	79.5798	1.23201e-05	4.25566
0.00173713	75.2836	1.23201e-05	4.27408
0.00176177	67.1281	1.23201e-05	3.94905
0.00178641	56.3501	1.23201e-05	3.8258
0.00181105	49.7045	1.23201e-05	3.7421
0.00183569	45.0868	1.23201e-05	3.64763
0.00186033	44.1397	1.23201e-05	3.79853
0.00188497	36.5884	1.23201e-05	4.3898
0.00190961	34.233	1.23201e-05	3.39552
0.00193425	27.7357	1.23201e-05	2.29474
0.00195889	24.7819	1.23201e-05	2.16801
0.00198353	20.7054	1.23201e-05	2.22159
0.00200817	23.6798	1.23201e-05	2.62883
0.00203281	11.8808	1.23201e-05	1.36862
0.00205745	13.4456	1.23201e-05	1.70404
0.00208209	14.5234	1.23201e-05	1.66147
0.00210673	8.36177	1.23201e-05	1.16045
0.00213137	6.95314	1.23201e-05	1.03925
0.00215601	6.17888	1.23201e-05	1.0935
0.00218065	3.158	1.23201e-05	0.663034
0.00220529	4.72559	1.23201e-05	1.39985
0.00222993	3.05791	1.23201e-05	0.647271
0.00225457	1.69233	1.23201e-05	0.47626
0.00227921	1.10391	1.23201e-05	0.423331
0.00230385	1.48509	1.23201e-05	0.488752
0.00232849	0.245004	1.23201e-05	0.17934
0.00235313	0.2694	1.23201e-05	0.156481
