0	1928.98	9.45529e-06	1119.69
1.89106e-05	1369.47	9.45529e-06	37.1243
3.78212e-05	1318.96	9.45529e-06	15.4843
5.67318e-05	1290.44	9.45529e-06	10.3984
7.56423e-05	1271.93	9.45529e-06	8.91572
9.45529e-05	1257.34	9.45529e-06	8.2799
0.000113464	1241.73	9.45529e-06	7.73556
0.000132374	1228.4	9.45529e-06	7.43532
0.000151285	1215.49	9.45529e-06	7.21757
0.000170195	1202.61	9.45529e-06	7.03854
0.000189106	1188.62	9.45529e-06	6.85812
0.000208016	1175.35	9.45529e-06	6.72088
0.000226927	1161.21	9.45529e-06	6.59008
0.000245838	1146.39	9.45529e-06	6.46717
0.000264748	1130.63	9.45529e-06	6.33606
0.000283659	1114.79	9.45529e-06	6.22291
0.000302569	1098.51	9.45529e-06	6.115
0.00032148	1081.77	9.45529e-06	6.01452
0.000340391	1064.08	9.45529e-06	5.90099
0.000359301	1046.46	9.45529e-06	5.79441
0.000378212	1028.36	9.45529e-06	5.69743
0.000397122	1010.76	9.45529e-06	5.61738
0.000416033	991.845	9.45529e-06	5.53216
0.000434943	972.935	9.45529e-06	5.4522
0.000453854	953.865	9.45529e-06	5.37747
0.000472765	933.765	9.45529e-06	5.29499
0.000491675	913.246	9.45529e-06	5.15677
0.000510586	893.414	9.45529e-06	5.07797
0.000529496	871.615	9.45529e-06	4.92469
0.000548407	850.884	9.45529e-06	4.85306
0.000567318	830.357	9.45529e-06	4.78776
0.000586228	808.644	9.45529e-06	4.6823
0.000605139	786.761	9.45529e-06	4.59751
0.000624049	765.002	9.45529e-06	4.53042
0.00064296	741.91	9.45529e-06	4.26521
0.00066187	720.435	9.45529e-06	4.20144
0.000680781	699.272	9.45529e-06	4.1445
0.000699692	678.338	9.45529e-06	4.08613
0.000718602	654.115	9.45529e-06	3.06181
0.000737513	633.728	9.45529e-06	2.99337
0.000756423	612.824	9.45529e-06	2.90337
0.000775334	592.721	9.45529e-06	2.84296
0.000794245	572.462	9.45529e-06	2.77231
0.000813155	551.623	9.45529e-06	2.69599
0.000832066	532.549	9.45529e-06	2.64061
0.000850976	512.291	9.45529e-06	2.51545
0.000869887	491.674	9.45529e-06	2.26831
0.000888797	472.969	9.45529e-06	2.20675
0.000907708	454.058	9.45529e-06	2.14641
0.000926619	435.562	9.45529e-06	2.08568
0.000945529	417.796	9.45529e-06	2.01616
0.00096444	399.213	9.45529e-06	1.93451
0.00098335	381.853	9.45529e-06	1.87821
0.00100226	364.261	9.45529e-06	1.76966
0.00102117	347.221	9.45529e-06	1.68683
0.00104008	330.747	9.45529e-06	1.62353
0.00105899	314.743	9.45529e-06	1.57101
0.0010779	299.521	9.45529e-06	1.51316
0.00109681	284.71	9.45529e-06	1.45964
0.00111572	270.445	9.45529e-06	1.4141
0.00113464	256.389	9.45529e-06	1.36965
0.00115355	243.253	9.45529e-06	1.32823
0.00117246	230.12	9.45529e-06	1.28277
0.00119137	217.457	9.45529e-06	1.22134
0.00121028	205.475	9.45529e-06	1.1769
0.00122919	194.181	9.45529e-06	1.14371
0.0012481	183.334	9.45529e-06	1.10419
0.00126701	172.902	9.45529e-06	1.07384
0.00128592	162.792	9.45529e-06	1.04133
0.00130483	153.096	9.45529e-06	1.00674
0.00132374	143.831	9.45529e-06	0.978566
0.00134265	134.91	9.45529e-06	0.940704
0.00136156	126.643	9.45529e-06	0.913787
0.00138047	118.425	9.45529e-06	0.881336
0.00139938	110.621	9.45529e-06	0.855281
0.00141829	103.453	9.45529e-06	0.833668
0.0014372	96.5086	9.45529e-06	0.808882
0.00145612	89.4104	9.45529e-06	0.772007
0.00147503	83.1589	9.45529e-06	0.752509
0.00149394	77.152	9.45529e-06	0.731051
0.00151285	71.3577	9.45529e-06	0.680915
0.00153176	66.1053	9.45529e-06	0.66087
0.00155067	61.2534	9.45529e-06	0.643384
0.00156958	56.561	9.45529e-06	0.617333
0.00158849	52.203	9.45529e-06	0.602181
0.0016074	48.2259	9.45529e-06	0.587965
0.00162631	44.3498	9.45529e-06	0.570505
0.00164522	40.7391	9.45529e-06	0.554687
0.00166413	37.5016	9.45529e-06	0.5408
0.00168304	34.3159	9.45529e-06	0.528751
0.00170195	31.2812	9.45529e-06	0.511972
0.00172086	28.6883	9.45529e-06	0.5039
0.00173977	26.1597	9.45529e-06	0.492635
0.00175868	24.0265	9.45529e-06	0.480264
0.00177759	22.0569	9.45529e-06	0.47427
0.00179651	20.1281	9.45529e-06	0.462529
0.00181542	18.4811	9.45529e-06	0.456012
0.00183433	16.5848	9.45529e-06	0.421846
0.00185324	15.0512	9.45529e-06	0.413891
0.00187215	13.6599	9.45529e-06	0.407572
0.00189106	12.3638	9.45529e-06	0.402416
0.00190997	11.1446	9.45529e-06	0.397525
0.00192888	10.0611	9.45529e-06	0.392828
0.00194779	9.06195	9.45529e-06	0.388844
0.0019667	7.45653	9.45529e-06	0.21624
0.00198561	6.74229	9.45529e-06	0.210731
0.00200452	5.95532	9.45529e-06	0.204335
0.00202343	5.1304	9.45529e-06	0.165825
0.00204234	4.60668	9.45529e-06	0.161924
0.00206125	4.05654	9.45529e-06	0.156711
0.00208016	3.56195	9.45529e-06	0.151246
0.00209907	3.12454	9.45529e-06	0.144183
0.00211799	2.67957	9.45529e-06	0.131226
0.0021369	2.32882	9.45529e-06	0.12657
0.00215581	2.10197	9.45529e-06	0.12401
0.00217472	1.88994	9.45529e-06	0.122422
0.00219363	1.61592	9.45529e-06	0.116385
0.00221254	1.41878	9.45529e-06	0.113825
0.00223145	1.25615	9.45529e-06	0.112384
0.00225036	1.05883	9.45529e-06	0.106067
0.00226927	0.840605	9.45529e-06	0.0701884
0.00228818	0.704942	9.45529e-06	0.0654702
0.00230709	0.575219	9.45529e-06	0.0620472
0.002326	0.471788	9.45529e-06	0.0593417
0.00234491	0.354512	9.45529e-06	0.056143
0.00236382	0.288397	9.45529e-06	0.0533348
0.00238273	0.195025	9.45529e-06	0.0417356
0.00240164	0.143656	9.45529e-06	0.0353079
0.00242055	0.111943	9.45529e-06	0.0333791
0.00243947	0.0506382	9.45529e-06	0.0159412
0.00245838	0.0364041	9.45529e-06	0.0141151
0.00247729	0.0229862	9.45529e-06	0.0113604
0.0024962	0.0123403	9.45529e-06	0.00949768
0.00251511	0.00953719	9.45529e-06	0.00907458
0.00253402	0.00906187	9.45529e-06	0.00906212
