0	1608.17	9.55503e-06	767.207
1.91101e-05	1224.9	9.55503e-06	29.9773
3.82201e-05	1183.5	9.55503e-06	11.5695
5.73302e-05	1163.07	9.55503e-06	8.09443
7.64402e-05	1147.79	9.55503e-06	6.72997
9.55503e-05	1135.66	9.55503e-06	6.09414
0.00011466	1125.89	9.55503e-06	5.81051
0.00013377	1116.42	9.55503e-06	5.6025
0.00015288	1105.46	9.55503e-06	5.11343
0.000171991	1096.82	9.55503e-06	4.99764
0.000191101	1087.73	9.55503e-06	4.88724
0.000210211	1078.08	9.55503e-06	4.785
0.000229321	1068.82	9.55503e-06	4.70153
0.000248431	1058.82	9.55503e-06	4.61175
0.000267541	1049.03	9.55503e-06	4.54193
0.000286651	1037.66	9.55503e-06	4.45496
0.000305761	1026.78	9.55503e-06	4.38626
0.000324871	1015.04	9.55503e-06	4.30472
0.000343981	1002.4	9.55503e-06	4.22223
0.000363091	990.414	9.55503e-06	4.1546
0.000382201	978.11	9.55503e-06	4.09303
0.000401311	964.196	9.55503e-06	4.01941
0.000420421	950.262	9.55503e-06	3.94107
0.000439531	935.595	9.55503e-06	3.86986
0.000458641	921.389	9.55503e-06	3.80149
0.000477751	904.824	9.55503e-06	3.64263
0.000496861	889.201	9.55503e-06	3.57269
0.000515972	873.197	9.55503e-06	3.47522
0.000535082	857.211	9.55503e-06	3.40592
0.000554192	841.097	9.55503e-06	3.338
0.000573302	824.142	9.55503e-06	3.2695
0.000592412	806.612	9.55503e-06	3.19379
0.000611522	789.608	9.55503e-06	3.11951
0.000630632	772.155	9.55503e-06	3.05523
0.000649742	754.492	9.55503e-06	2.98337
0.000668852	736.12	9.55503e-06	2.91566
0.000687962	718.398	9.55503e-06	2.85584
0.000707072	700.098	9.55503e-06	2.78222
0.000726182	681.645	9.55503e-06	2.71666
0.000745292	663.525	9.55503e-06	2.65699
0.000764402	645.447	9.55503e-06	2.59432
0.000783512	627.372	9.55503e-06	2.53726
0.000802622	608.53	9.55503e-06	2.44811
0.000821732	589.328	9.55503e-06	2.37306
0.000840842	570.824	9.55503e-06	2.30961
0.000859953	552.301	9.55503e-06	2.24169
0.000879063	534.053	9.55503e-06	2.18175
0.000898173	515.31	9.55503e-06	2.11576
0.000917283	496.89	9.55503e-06	2.05829
0.000936393	478.841	9.55503e-06	2.00136
0.000955503	461.513	9.55503e-06	1.95194
0.000974613	443.578	9.55503e-06	1.84515
0.000993723	426.465	9.55503e-06	1.79428
0.00101283	409.615	9.55503e-06	1.74398
0.00103194	392.435	9.55503e-06	1.68288
0.00105105	375.974	9.55503e-06	1.63294
0.00107016	359.832	9.55503e-06	1.5641
0.00108927	343.969	9.55503e-06	1.51699
0.00110838	328.217	9.55503e-06	1.4479
0.00112749	312.478	9.55503e-06	1.3866
0.0011466	298.03	9.55503e-06	1.33765
0.00116571	283.833	9.55503e-06	1.28267
0.00118482	269.809	9.55503e-06	1.2412
0.00120393	255.973	9.55503e-06	1.18911
0.00122304	242.647	9.55503e-06	1.14247
0.00124215	230.421	9.55503e-06	1.1073
0.00126126	218.366	9.55503e-06	1.07314
0.00128037	206.507	9.55503e-06	1.03749
0.00129948	195.326	9.55503e-06	1.00666
0.00131859	184.007	9.55503e-06	0.94224
0.0013377	173.556	9.55503e-06	0.915022
0.00135681	163.449	9.55503e-06	0.888839
0.00137592	153.561	9.55503e-06	0.858931
0.00139503	144.33	9.55503e-06	0.832402
0.00141414	135.138	9.55503e-06	0.763035
0.00143325	126.494	9.55503e-06	0.734139
0.00145236	118.068	9.55503e-06	0.701897
0.00147147	110.268	9.55503e-06	0.676107
0.00149058	103.123	9.55503e-06	0.654243
0.00150969	96.0551	9.55503e-06	0.625854
0.0015288	89.6334	9.55503e-06	0.606087
0.00154791	83.4148	9.55503e-06	0.574017
0.00156702	77.3387	9.55503e-06	0.552573
0.00158613	71.4737	9.55503e-06	0.533241
0.00160524	66.0759	9.55503e-06	0.493516
0.00162435	61.0062	9.55503e-06	0.468652
0.00164346	56.261	9.55503e-06	0.444591
0.00166257	51.8955	9.55503e-06	0.413601
0.00168168	47.8912	9.55503e-06	0.400558
0.00170079	44.2535	9.55503e-06	0.389761
0.00171991	40.6783	9.55503e-06	0.372842
0.00173902	37.1506	9.55503e-06	0.344985
0.00175813	33.7891	9.55503e-06	0.305573
0.00177724	30.7837	9.55503e-06	0.286083
0.00179635	28.156	9.55503e-06	0.273057
0.00181546	25.699	9.55503e-06	0.260502
0.00183457	23.4384	9.55503e-06	0.250552
0.00185368	21.2732	9.55503e-06	0.240323
0.00187279	19.3035	9.55503e-06	0.231623
0.0018919	17.4689	9.55503e-06	0.221032
0.00191101	15.8347	9.55503e-06	0.212692
0.00193012	14.3251	9.55503e-06	0.204064
0.00194923	12.9101	9.55503e-06	0.196927
0.00196834	11.7475	9.55503e-06	0.191065
0.00198745	10.5186	9.55503e-06	0.182387
0.00200656	9.47542	9.55503e-06	0.176163
0.00202567	8.31784	9.55503e-06	0.128308
0.00204478	7.35326	9.55503e-06	0.120722
0.00206389	6.55767	9.55503e-06	0.113339
0.002083	5.79606	9.55503e-06	0.105099
0.00210211	5.16726	9.55503e-06	0.0999461
0.00212122	4.61705	9.55503e-06	0.0958411
0.00214033	4.02237	9.55503e-06	0.0884968
0.00215944	3.49791	9.55503e-06	0.0822082
0.00217855	3.10422	9.55503e-06	0.0767801
0.00219766	2.68714	9.55503e-06	0.0722829
0.00221677	2.32446	9.55503e-06	0.0677129
0.00223588	1.97737	9.55503e-06	0.0634624
0.00225499	1.69265	9.55503e-06	0.0603824
0.0022741	1.44625	9.55503e-06	0.0572412
0.00229321	1.19919	9.55503e-06	0.0483423
0.00231232	1.02011	9.55503e-06	0.0456225
0.00233143	0.82213	9.55503e-06	0.0408572
0.00235054	0.681074	9.55503e-06	0.0373491
0.00236965	0.535696	9.55503e-06	0.0299164
0.00238876	0.435299	9.55503e-06	0.0278891
0.00240787	0.350949	9.55503e-06	0.0259237
0.00242698	0.270756	9.55503e-06	0.0237906
0.00244609	0.212898	9.55503e-06	0.0217396
0.0024652	0.149133	9.55503e-06	0.0139695
0.00248431	0.104521	9.55503e-06	0.0121757
0.00250342	0.074275	9.55503e-06	0.0102585
0.00252253	0.0481672	9.55503e-06	0.00794246
0.00254164	0.017738	9.55503e-06	0.00455048
0.00256075	0.00106985	9.55503e-06	0.00106988
