0	3634.73	7.51498e-06	3156.37
1.503e-05	2057.1	7.51498e-06	80.7249
3.00599e-05	1944.87	7.51498e-06	30.1246
4.50899e-05	1888.1	7.51498e-06	19.5693
6.01198e-05	1848.78	7.51498e-06	15.9706
7.51498e-05	1818.42	7.51498e-06	14.4366
9.01797e-05	1787.14	7.51498e-06	13.2061
0.00010521	1759.28	7.51498e-06	12.4619
0.00012024	1731.3	7.51498e-06	11.8579
0.00013527	1703.31	7.51498e-06	11.3587
0.0001503	1672.08	7.51498e-06	10.6533
0.000165329	1641.33	7.51498e-06	10.1572
0.000180359	1611.17	7.51498e-06	9.76593
0.000195389	1581.18	7.51498e-06	9.43919
0.000210419	1548.78	7.51498e-06	9.09764
0.000225449	1515.9	7.51498e-06	8.77642
0.000240479	1483.92	7.51498e-06	8.50227
0.000255509	1450.46	7.51498e-06	8.21605
0.000270539	1416.44	7.51498e-06	7.95187
0.000285569	1382.34	7.51498e-06	7.69701
0.000300599	1346.61	7.51498e-06	7.38805
0.000315629	1312.21	7.51498e-06	7.15811
0.000330659	1276.02	7.51498e-06	6.92308
0.000345689	1240.49	7.51498e-06	6.69914
0.000360719	1205.49	7.51498e-06	6.48322
0.000375749	1169.94	7.51498e-06	6.27596
0.000390779	1133.91	7.51498e-06	5.98832
0.000405809	1099.98	7.51498e-06	5.821
0.000420839	1065.14	7.51498e-06	5.6441
0.000435869	1030.2	7.51498e-06	5.47288
0.000450899	995.988	7.51498e-06	5.29262
0.000465929	960.592	7.51498e-06	5.09785
0.000480958	925.596	7.51498e-06	4.91834
0.000495988	892.199	7.51498e-06	4.73088
0.000511018	860.072	7.51498e-06	4.59214
0.000526048	828.3	7.51498e-06	4.45884
0.000541078	796.303	7.51498e-06	4.26628
0.000556108	764.039	7.51498e-06	4.04831
0.000571138	733.761	7.51498e-06	3.93225
0.000586168	704.58	7.51498e-06	3.82442
0.000601198	675.351	7.51498e-06	3.72024
0.000616228	647.293	7.51498e-06	3.61513
0.000631258	620.313	7.51498e-06	3.52809
0.000646288	592.194	7.51498e-06	3.21131
0.000661318	565.357	7.51498e-06	3.09836
0.000676348	540.96	7.51498e-06	3.01959
0.000691378	516.45	7.51498e-06	2.92437
0.000706408	492.98	7.51498e-06	2.84494
0.000721438	470.281	7.51498e-06	2.77734
0.000736468	447.876	7.51498e-06	2.68948
0.000751498	426.493	7.51498e-06	2.62235
0.000766528	405.123	7.51498e-06	2.53464
0.000781558	385.244	7.51498e-06	2.47927
0.000796588	366.317	7.51498e-06	2.41786
0.000811617	346.861	7.51498e-06	2.35643
0.000826647	328.694	7.51498e-06	2.30607
0.000841677	310.601	7.51498e-06	2.23919
0.000856707	294.32	7.51498e-06	2.19393
0.000871737	278.121	7.51498e-06	2.14742
0.000886767	262.781	7.51498e-06	2.10339
0.000901797	248.132	7.51498e-06	2.06324
0.000916827	234.291	7.51498e-06	2.0268
0.000931857	220.745	7.51498e-06	1.98745
0.000946887	206.439	7.51498e-06	1.7193
0.000961917	193.286	7.51498e-06	1.6661
0.000976947	181.443	7.51498e-06	1.63115
0.000991977	170.267	7.51498e-06	1.60062
0.00100701	160.074	7.51498e-06	1.57123
0.00102204	149.932	7.51498e-06	1.53642
0.00103707	140.666	7.51498e-06	1.50937
0.0010521	131.652	7.51498e-06	1.48374
0.00106713	122.438	7.51498e-06	1.45218
0.00108216	114.016	7.51498e-06	1.42443
0.00109719	106.427	7.51498e-06	1.39692
0.00111222	98.2245	7.51498e-06	1.26479
0.00112725	90.7059	7.51498e-06	1.18163
0.00114228	84.5858	7.51498e-06	1.16104
0.00115731	78.0961	7.51498e-06	1.12905
0.00117234	72.3287	7.51498e-06	1.10128
0.00118737	66.9029	7.51498e-06	1.07553
0.0012024	61.75	7.51498e-06	1.05362
0.00121743	56.762	7.51498e-06	1.00667
0.00123246	52.7079	7.51498e-06	0.994909
0.00124749	48.4602	7.51498e-06	0.974527
0.00126252	44.8921	7.51498e-06	0.965263
0.00127755	41.1823	7.51498e-06	0.941626
0.00129258	36.9499	7.51498e-06	0.657594
0.00130761	33.8202	7.51498e-06	0.627361
0.00132264	30.8023	7.51498e-06	0.593939
0.00133767	28.007	7.51498e-06	0.561171
0.0013527	25.462	7.51498e-06	0.541484
0.00136773	23.2032	7.51498e-06	0.520932
0.00138276	21.193	7.51498e-06	0.508898
0.00139779	19.1495	7.51498e-06	0.488593
0.00141282	17.5422	7.51498e-06	0.477526
0.00142785	15.9292	7.51498e-06	0.467446
0.00144288	14.2114	7.51498e-06	0.433084
0.00145791	12.7346	7.51498e-06	0.419638
0.00147294	11.6208	7.51498e-06	0.410857
0.00148797	10.6534	7.51498e-06	0.405601
0.001503	9.66105	7.51498e-06	0.398143
0.00151803	8.60613	7.51498e-06	0.381122
0.00153306	7.6175	7.51498e-06	0.368458
0.00154809	6.93631	7.51498e-06	0.363636
0.00156312	6.22815	7.51498e-06	0.342294
0.00157815	5.64987	7.51498e-06	0.337844
0.00159318	4.93683	7.51498e-06	0.322474
0.0016082	4.46044	7.51498e-06	0.318847
0.00162323	3.79801	7.51498e-06	0.300924
0.00163826	3.44426	7.51498e-06	0.298257
0.00165329	3.01484	7.51498e-06	0.293306
0.00166832	2.67677	7.51498e-06	0.28988
0.00168335	2.35336	7.51498e-06	0.286193
0.00169838	2.10214	7.51498e-06	0.283665
0.00171341	1.78389	7.51498e-06	0.274991
0.00172844	1.60547	7.51498e-06	0.273529
0.00174347	1.33449	7.51498e-06	0.269471
0.0017585	1.21422	7.51498e-06	0.268615
0.00177353	1.03483	7.51498e-06	0.265597
0.00178856	0.921405	7.51498e-06	0.264753
0.00180359	0.796391	7.51498e-06	0.262768
0.00181862	0.378823	7.51498e-06	0.106915
0.00183365	0.329676	7.51498e-06	0.104916
0.00184868	0.285213	7.51498e-06	0.103927
0.00186371	0.241477	7.51498e-06	0.102504
0.00187874	0.218418	7.51498e-06	0.1019
0.00189377	0.0529947	7.51498e-06	0.0196074
0.0019088	0.0451551	7.51498e-06	0.0187458
0.00192383	0.0366825	7.51498e-06	0.0169781
0.00193886	0.0187918	7.51498e-06	0.0116912
0.00195389	0.015924	7.51498e-06	0.011334
0.00196892	0.00887451	7.51498e-06	0.00887476
