6.95339e-06	921.327	6.95339e-06	13.0614
2.08602e-05	192.032	6.95339e-06	5.28603
3.4767e-05	147.14	6.95339e-06	5.0355
4.86737e-05	151.631	6.95339e-06	4.97007
6.25805e-05	144.651	6.95339e-06	4.75029
7.64873e-05	177.581	6.95339e-06	7.14623
9.03941e-05	194.351	6.95339e-06	7.27231
0.000104301	211.883	6.95339e-06	6.27497
0.000118208	264.337	6.95339e-06	8.36821
0.000132114	283.671	6.95339e-06	9.07083
0.000146021	357.85	6.95339e-06	27.5738
0.000159928	372.44	6.95339e-06	10.3245
0.000173835	406.041	6.95339e-06	9.81786
0.000187742	454.478	6.95339e-06	12.835
0.000201648	514.465	6.95339e-06	13.8317
0.000215555	600.808	6.95339e-06	49.8888
0.000229462	571.625	6.95339e-06	12.7286
0.000243369	629.87	6.95339e-06	22.1727
0.000257276	690.373	6.95339e-06	17.6134
0.000271182	689.59	6.95339e-06	12.9918
0.000285089	740.934	6.95339e-06	13.6684
0.000298996	803.719	6.95339e-06	17.0012
0.000312903	1031.31	6.95339e-06	100.736
0.000326809	872.853	6.95339e-06	19.2042
0.000340716	899.627	6.95339e-06	16.5057
0.000354623	970.848	6.95339e-06	21.4555
0.00036853	966.971	6.95339e-06	17.3365
0.000382437	990.597	6.95339e-06	16.8187
0.000396343	1079.61	6.95339e-06	36.4039
0.00041025	1094.34	6.95339e-06	28.5479
0.000424157	1067.93	6.95339e-06	19.3224
0.000438064	1136.36	6.95339e-06	26.1039
0.000451971	1152.03	6.95339e-06	22.063
0.000465877	1155.57	6.95339e-06	22.5731
0.000479784	1156.46	6.95339e-06	19.7139
0.000493691	1140.63	6.95339e-06	19.2531
0.000507598	1219.15	6.95339e-06	22.7772
0.000521504	1198.76	6.95339e-06	31.7717
0.000535411	1205.84	6.95339e-06	20.9998
0.000549318	1217.44	6.95339e-06	22.3619
0.000563225	1295.47	6.95339e-06	34.7264
0.000577132	1244.95	6.95339e-06	21.8319
0.000591038	1233.2	6.95339e-06	21.0649
0.000604945	1244.81	6.95339e-06	28.9799
0.000618852	1198.75	6.95339e-06	23.4762
0.000632759	1224.68	6.95339e-06	25.5244
0.000646665	1253.03	6.95339e-06	28.8448
0.000660572	1189.63	6.95339e-06	26.457
0.000674479	1180.12	6.95339e-06	23.8351
0.000688386	1168.82	6.95339e-06	21.2528
0.000702293	1088.62	6.95339e-06	19.671
0.000716199	1141.92	6.95339e-06	24.3162
0.000730106	1065.09	6.95339e-06	18.594
0.000744013	1089.55	6.95339e-06	26.3235
0.00075792	1066.03	6.95339e-06	24.1402
0.000771827	1025.61	6.95339e-06	18.7901
0.000785733	1013.1	6.95339e-06	21.1699
0.00079964	1007.22	6.95339e-06	26.0819
0.000813547	953.158	6.95339e-06	23.4219
0.000827454	920.213	6.95339e-06	19.5021
0.00084136	924.372	6.95339e-06	19.2963
0.000855267	912.365	6.95339e-06	22.3064
0.000869174	888.842	6.95339e-06	18.8014
0.000883081	860.581	6.95339e-06	20.3015
0.000896988	856.525	6.95339e-06	19.4053
0.000910894	778.303	6.95339e-06	18.3869
0.000924801	795.318	6.95339e-06	29.0566
0.000938708	711.06	6.95339e-06	17.5162
0.000952615	705.459	6.95339e-06	15.7863
0.000966522	730.083	6.95339e-06	20.5141
0.000980428	717.181	6.95339e-06	20.5494
0.000994335	680.743	6.95339e-06	23.7014
0.00100824	645.268	6.95339e-06	18.666
0.00102215	659.681	6.95339e-06	26.4466
0.00103606	605.094	6.95339e-06	27.4672
0.00104996	552.799	6.95339e-06	18.7963
0.00106387	498.084	6.95339e-06	16.4234
0.00107778	518.058	6.95339e-06	18.7587
0.00109168	462.807	6.95339e-06	14.7851
0.00110559	465.439	6.95339e-06	17.3452
0.0011195	451.289	6.95339e-06	16.4593
0.0011334	416.869	6.95339e-06	16.0684
0.00114731	399.283	6.95339e-06	17.7518
0.00116122	370.964	6.95339e-06	14.4409
0.00117512	377.123	6.95339e-06	20.3896
0.00118903	334.81	6.95339e-06	15.208
0.00120294	314.877	6.95339e-06	15.6885
0.00121684	268.052	6.95339e-06	10.9924
0.00123075	309.436	6.95339e-06	18.6904
0.00124466	254.242	6.95339e-06	12.8034
0.00125856	240.132	6.95339e-06	12.1501
0.00127247	241.877	6.95339e-06	16.0242
0.00128638	202.978	6.95339e-06	11.3951
0.00130028	186.166	6.95339e-06	11.2014
0.00131419	202.904	6.95339e-06	16.3022
0.0013281	163.58	6.95339e-06	10.0952
0.001342	145.974	6.95339e-06	9.39561
0.00135591	132.258	6.95339e-06	8.45014
0.00136982	132.869	6.95339e-06	9.47862
0.00138373	134.703	6.95339e-06	10.1879
0.00139763	88.7684	6.95339e-06	8.33472
0.00141154	81.6802	6.95339e-06	6.00891
0.00142545	88.7696	6.95339e-06	7.68984
0.00143935	123.049	6.95339e-06	13.6688
0.00145326	68.3986	6.95339e-06	7.14807
0.00146717	80.0133	6.95339e-06	9.66178
0.00148107	58.5693	6.95339e-06	6.53443
0.00149498	58.9246	6.95339e-06	9.6181
0.00150889	40.4063	6.95339e-06	4.91594
0.00152279	45.6899	6.95339e-06	7.27854
0.0015367	45.1332	6.95339e-06	7.1724
0.00155061	50.9902	6.95339e-06	14.2634
0.00156451	14.3825	6.95339e-06	3.0847
0.00157842	11.8131	6.95339e-06	3.2669
0.00159233	19.6794	6.95339e-06	4.85045
0.00160623	30.8622	6.95339e-06	9.67345
0.00162014	18.3188	6.95339e-06	6.63461
0.00163405	6.84573	6.95339e-06	2.16449
0.00164795	12.7338	6.95339e-06	4.26913
0.00166186	3.07206	6.95339e-06	1.44387
0.00167577	11.7946	6.95339e-06	7.6232
0.00168967	9.24318	6.95339e-06	5.73987
0.00170358	8.4388	6.95339e-06	4.00512
0.00171749	0.100085	6.95339e-06	0.100085
0.00173139	0	6.95339e-06	0
0.0017453	0	6.95339e-06	0
0.00175921	0	6.95339e-06	0
0.00177312	0	6.95339e-06	0
0.00178702	0	6.95339e-06	0
0.00180093	0.13189	6.95339e-06	0.13189
