9.54517e-06	195.637	9.54517e-06	5.78489
2.86355e-05	67.2663	9.54517e-06	6.1236
4.77258e-05	52.6691	9.54517e-06	2.9119
6.68162e-05	47.2612	9.54517e-06	2.5
8.59065e-05	46.873	9.54517e-06	2.70746
0.000104997	55.4855	9.54517e-06	3.40345
0.000124087	49.7998	9.54517e-06	2.47338
0.000143178	67.2037	9.54517e-06	3.4514
0.000162268	71.5265	9.54517e-06	3.98616
0.000181358	85.7317	9.54517e-06	3.64431
0.000200449	103.468	9.54517e-06	4.72057
0.000219539	113.033	9.54517e-06	6.58941
0.000238629	124.901	9.54517e-06	5.2985
0.00025772	137.87	9.54517e-06	6.81199
0.00027681	135.456	9.54517e-06	4.65456
0.0002959	161.661	9.54517e-06	5.22398
0.000314991	177.077	9.54517e-06	5.48493
0.000334081	217.758	9.54517e-06	9.28228
0.000353171	231.142	9.54517e-06	10.9006
0.000372262	244.149	9.54517e-06	7.64698
0.000391352	279.687	9.54517e-06	11.7021
0.000410442	273.148	9.54517e-06	7.56174
0.000429533	298.742	9.54517e-06	8.03009
0.000448623	327.197	9.54517e-06	8.04066
0.000467713	367.587	9.54517e-06	10.1952
0.000486804	376.724	9.54517e-06	9.42769
0.000505894	391.859	9.54517e-06	9.52222
0.000524984	434.829	9.54517e-06	17.1076
0.000544075	462.325	9.54517e-06	10.997
0.000563165	489.832	9.54517e-06	11.8448
0.000582255	512.292	9.54517e-06	11.409
0.000601346	537.063	9.54517e-06	13.1221
0.000620436	579.889	9.54517e-06	13.2341
0.000639526	585.241	9.54517e-06	11.0973
0.000658617	618.481	9.54517e-06	12.4287
0.000677707	638.172	9.54517e-06	11.9589
0.000696797	645.679	9.54517e-06	10.9493
0.000715888	679.318	9.54517e-06	11.6025
0.000734978	694.647	9.54517e-06	14.6075
0.000754068	713.216	9.54517e-06	12.1957
0.000773159	721.324	9.54517e-06	11.8304
0.000792249	745.493	9.54517e-06	12.4309
0.000811339	794.263	9.54517e-06	14.6317
0.00083043	812.796	9.54517e-06	13.389
0.00084952	832.802	9.54517e-06	13.9147
0.00086861	876.928	9.54517e-06	14.7071
0.000887701	847.207	9.54517e-06	13.7543
0.000906791	870.984	9.54517e-06	13.868
0.000925881	849.371	9.54517e-06	12.6547
0.000944972	870.987	9.54517e-06	13.6531
0.000964062	883.201	9.54517e-06	13.8693
0.000983152	879.695	9.54517e-06	14.3752
0.00100224	901.811	9.54517e-06	15.3672
0.00102133	905.135	9.54517e-06	16.4517
0.00104042	890.068	9.54517e-06	15.2993
0.00105951	900.65	9.54517e-06	13.7402
0.0010786	884.03	9.54517e-06	13.6619
0.00109769	943.783	9.54517e-06	30.2689
0.00111678	886.443	9.54517e-06	14.4233
0.00113588	872.771	9.54517e-06	12.8277
0.00115497	891.077	9.54517e-06	13.4729
0.00117406	844.806	9.54517e-06	13.4174
0.00119315	874.063	9.54517e-06	14.1274
0.00121224	841.416	9.54517e-06	13.1844
0.00123133	825.316	9.54517e-06	13.7205
0.00125042	804.598	9.54517e-06	15.4563
0.00126951	814.539	9.54517e-06	16.0428
0.0012886	772.17	9.54517e-06	15.4739
0.00130769	781.401	9.54517e-06	17.2817
0.00132678	726.954	9.54517e-06	12.7073
0.00134587	714.517	9.54517e-06	11.8941
0.00136496	700.066	9.54517e-06	12.7274
0.00138405	698.269	9.54517e-06	13.619
0.00140314	675.266	9.54517e-06	16.4498
0.00142223	662.347	9.54517e-06	12.4508
0.00144132	629.644	9.54517e-06	10.8092
0.00146041	640.412	9.54517e-06	30.1076
0.0014795	575.432	9.54517e-06	12.5506
0.00149859	545.622	9.54517e-06	10.5356
0.00151768	530.511	9.54517e-06	10.7486
0.00153677	519.763	9.54517e-06	11.0498
0.00155586	502.348	9.54517e-06	11.8415
0.00157495	486.957	9.54517e-06	12.6403
0.00159404	457.06	9.54517e-06	9.45312
0.00161313	416.678	9.54517e-06	9.37365
0.00163222	405.317	9.54517e-06	9.00321
0.00165131	378.48	9.54517e-06	9.25236
0.0016704	355.219	9.54517e-06	7.87885
0.0016895	347.824	9.54517e-06	8.46287
0.00170859	348.163	9.54517e-06	9.54255
0.00172768	301.178	9.54517e-06	8.13398
0.00174677	280.165	9.54517e-06	7.99709
0.00176586	269.895	9.54517e-06	8.05918
0.00178495	256.989	9.54517e-06	7.9241
0.00180404	240.862	9.54517e-06	7.86204
0.00182313	225.446	9.54517e-06	7.36217
0.00184222	217.2	9.54517e-06	6.44662
0.00186131	192.433	9.54517e-06	5.75552
0.0018804	186.859	9.54517e-06	6.29071
0.00189949	180.663	9.54517e-06	6.13968
0.00191858	144.092	9.54517e-06	5.40231
0.00193767	158.295	9.54517e-06	6.85117
0.00195676	145.604	9.54517e-06	5.65631
0.00197585	137.077	9.54517e-06	7.86297
0.00199494	124.37	9.54517e-06	6.41544
0.00201403	113.21	9.54517e-06	4.53654
0.00203312	107.841	9.54517e-06	4.33469
0.00205221	86.8995	9.54517e-06	3.74335
0.0020713	86.0525	9.54517e-06	4.17628
0.00209039	82.4348	9.54517e-06	4.0501
0.00210948	69.1069	9.54517e-06	3.12969
0.00212857	60.1079	9.54517e-06	3.30688
0.00214766	58.8028	9.54517e-06	3.20001
0.00216675	48.4543	9.54517e-06	2.63419
0.00218584	50.7494	9.54517e-06	4.28019
0.00220493	44.7213	9.54517e-06	2.68323
0.00222402	39.9876	9.54517e-06	3.12415
0.00224311	37.5331	9.54517e-06	2.86634
0.00226221	25.9696	9.54517e-06	1.81425
0.0022813	26.1797	9.54517e-06	1.81227
0.00230039	28.8714	9.54517e-06	2.99575
0.00231948	22.9378	9.54517e-06	3.49954
0.00233857	17.5704	9.54517e-06	1.73327
0.00235766	16.5139	9.54517e-06	1.65379
0.00237675	13.423	9.54517e-06	1.53846
0.00239584	15.796	9.54517e-06	2.2845
0.00241493	8.53092	9.54517e-06	1.13931
0.00243402	8.22645	9.54517e-06	1.4531
0.00245311	6.08193	9.54517e-06	0.843898
0.0024722	4.77074	9.54517e-06	0.762356
0.00249129	5.23551	9.54517e-06	0.852361
0.00251038	3.53604	9.54517e-06	0.671696
0.00252947	2.96583	9.54517e-06	0.696443
0.00254856	0.907612	9.54517e-06	0.295275
0.00256765	0.0973478	9.54517e-06	0.0973478
