9.55129e-06	253.704	9.55129e-06	6.68897
2.86539e-05	73.9792	9.55129e-06	2.8128
4.77564e-05	58.7812	9.55129e-06	3.14705
6.6859e-05	54.8942	9.55129e-06	2.53209
8.59616e-05	59.9347	9.55129e-06	3.02959
0.000105064	65.0059	9.55129e-06	2.93589
0.000124167	79.6163	9.55129e-06	3.4043
0.000143269	85.057	9.55129e-06	3.59104
0.000162372	96.9643	9.55129e-06	3.79021
0.000181474	105.887	9.55129e-06	3.99174
0.000200577	121.721	9.55129e-06	4.32937
0.00021968	138.472	9.55129e-06	4.65854
0.000238782	145.903	9.55129e-06	4.73184
0.000257885	192.538	9.55129e-06	12.8692
0.000276987	191.523	9.55129e-06	5.83927
0.00029609	238.162	9.55129e-06	12.6251
0.000315192	237.004	9.55129e-06	6.80876
0.000334295	251.952	9.55129e-06	7.19889
0.000353398	284.98	9.55129e-06	7.46816
0.0003725	310.906	9.55129e-06	7.94317
0.000391603	342.97	9.55129e-06	14.2219
0.000410705	361.845	9.55129e-06	8.39013
0.000429808	378.866	9.55129e-06	8.50413
0.00044891	403.659	9.55129e-06	8.93579
0.000468013	436.565	9.55129e-06	10.3669
0.000487116	487.221	9.55129e-06	10.7091
0.000506218	495.694	9.55129e-06	10.3548
0.000525321	521.662	9.55129e-06	10.3237
0.000544423	553.676	9.55129e-06	14.6753
0.000563526	566.183	9.55129e-06	10.9009
0.000582628	583.909	9.55129e-06	11.3872
0.000601731	605.485	9.55129e-06	12.6638
0.000620834	615.629	9.55129e-06	10.9086
0.000639936	703.532	9.55129e-06	15.4581
0.000659039	685.72	9.55129e-06	12.4006
0.000678141	714.185	9.55129e-06	14.0091
0.000697244	767.24	9.55129e-06	15.9432
0.000716346	764.487	9.55129e-06	16.4608
0.000735449	774.2	9.55129e-06	13.7719
0.000754552	798.973	9.55129e-06	13.7983
0.000773654	805.056	9.55129e-06	16.3507
0.000792757	812.031	9.55129e-06	14.4558
0.000811859	792.664	9.55129e-06	13.0081
0.000830962	825.427	9.55129e-06	17.3947
0.000850064	861.936	9.55129e-06	21.4962
0.000869167	860.6	9.55129e-06	16.2893
0.00088827	884.895	9.55129e-06	17.7366
0.000907372	850.725	9.55129e-06	13.2616
0.000926475	902.861	9.55129e-06	15.5101
0.000945577	868.981	9.55129e-06	14.5047
0.00096468	919.956	9.55129e-06	21.6628
0.000983782	884.546	9.55129e-06	15.4332
0.00100289	865.608	9.55129e-06	15.21
0.00102199	853.903	9.55129e-06	16.1144
0.00104109	914.869	9.55129e-06	26.5875
0.00106019	878.821	9.55129e-06	15.6432
0.0010793	878.633	9.55129e-06	16.3804
0.0010984	861.757	9.55129e-06	24.6385
0.0011175	841.795	9.55129e-06	14.1443
0.0011366	923.381	9.55129e-06	43.9249
0.00115571	813.033	9.55129e-06	16.6747
0.00117481	836.669	9.55129e-06	21.3925
0.00119391	826.151	9.55129e-06	15.2545
0.00121301	798.338	9.55129e-06	15.7194
0.00123212	758.961	9.55129e-06	16.5428
0.00125122	732.772	9.55129e-06	12.8417
0.00127032	746.443	9.55129e-06	15.4854
0.00128942	691.502	9.55129e-06	13.2657
0.00130853	697.687	9.55129e-06	14.4276
0.00132763	673.362	9.55129e-06	13.8082
0.00134673	665.921	9.55129e-06	14.5222
0.00136583	658.878	9.55129e-06	16.1454
0.00138494	672.536	9.55129e-06	23.477
0.00140404	609.458	9.55129e-06	13.1228
0.00142314	599.771	9.55129e-06	18.0301
0.00144224	551.678	9.55129e-06	11.8575
0.00146135	524.453	9.55129e-06	13.1245
0.00148045	501.25	9.55129e-06	12.0391
0.00149955	583.422	9.55129e-06	45.5849
0.00151865	486.933	9.55129e-06	14.562
0.00153776	436.266	9.55129e-06	10.8006
0.00155686	435.834	9.55129e-06	14.0544
0.00157596	415.308	9.55129e-06	17.6521
0.00159506	366.928	9.55129e-06	9.12811
0.00161417	361.174	9.55129e-06	10.3533
0.00163327	348.79	9.55129e-06	9.72298
0.00165237	350.048	9.55129e-06	11.59
0.00167148	310.413	9.55129e-06	17.5122
0.00169058	314.752	9.55129e-06	13.9423
0.00170968	268.588	9.55129e-06	8.09215
0.00172878	258.131	9.55129e-06	9.34885
0.00174789	237.753	9.55129e-06	8.13763
0.00176699	239.892	9.55129e-06	7.68411
0.00178609	212.436	9.55129e-06	8.54057
0.00180519	202.057	9.55129e-06	8.0096
0.0018243	185.368	9.55129e-06	8.65298
0.0018434	191.858	9.55129e-06	9.09166
0.0018625	165.059	9.55129e-06	6.62165
0.0018816	186.871	9.55129e-06	14.1071
0.00190071	138.187	9.55129e-06	6.88489
0.00191981	119.398	9.55129e-06	6.13739
0.00193891	116.946	9.55129e-06	6.14258
0.00195801	112.962	9.55129e-06	5.15473
0.00197712	102.533	9.55129e-06	5.42855
0.00199622	88.1414	9.55129e-06	4.93875
0.00201532	93.4388	9.55129e-06	6.99435
0.00203442	81.9151	9.55129e-06	5.77775
0.00205353	81.9378	9.55129e-06	5.94391
0.00207263	66.8111	9.55129e-06	5.27689
0.00209173	62.3695	9.55129e-06	4.61367
0.00211083	55.4273	9.55129e-06	4.30772
0.00212994	44.7581	9.55129e-06	3.51682
0.00214904	49.947	9.55129e-06	3.68096
0.00216814	42.7536	9.55129e-06	3.73314
0.00218724	35.5799	9.55129e-06	4.60481
0.00220635	31.4753	9.55129e-06	3.61005
0.00222545	25.8788	9.55129e-06	2.3624
0.00224455	24.2059	9.55129e-06	2.30288
0.00226365	29.1763	9.55129e-06	6.73405
0.00228276	20.9449	9.55129e-06	2.43281
0.00230186	22.2837	9.55129e-06	5.23317
0.00232096	19.4642	9.55129e-06	5.07521
0.00234007	10.2378	9.55129e-06	1.43461
0.00235917	10.7288	9.55129e-06	1.95611
0.00237827	8.28925	9.55129e-06	1.32546
0.00239737	10.9272	9.55129e-06	1.72427
0.00241648	4.65452	9.55129e-06	0.979394
0.00243558	4.25022	9.55129e-06	0.888947
0.00245468	7.85696	9.55129e-06	3.33469
0.00247378	5.34374	9.55129e-06	2.31286
0.00249289	3.17134	9.55129e-06	1.29113
0.00251199	1.99106	9.55129e-06	0.836884
0.00253109	0.45995	9.55129e-06	0.325645
0.00255019	0.648807	9.55129e-06	0.648807
