8.22283e-06	620.295	8.22283e-06	11.874
2.46685e-05	144.017	8.22283e-06	4.49479
4.11142e-05	116.892	8.22283e-06	4.31856
5.75598e-05	110.878	8.22283e-06	4.42825
7.40055e-05	128.073	8.22283e-06	4.37737
9.04512e-05	136.691	8.22283e-06	4.46299
0.000106897	165.5	8.22283e-06	5.93756
0.000123342	184.613	8.22283e-06	5.77445
0.000139788	201.726	8.22283e-06	6.32602
0.000156234	242.811	8.22283e-06	6.64913
0.000172679	261.456	8.22283e-06	7.26243
0.000189125	290.47	8.22283e-06	7.81039
0.000205571	348.171	8.22283e-06	12.7831
0.000222016	390.36	8.22283e-06	8.77357
0.000238462	425.023	8.22283e-06	11.8827
0.000254908	450.262	8.22283e-06	10.2142
0.000271353	498.205	8.22283e-06	13.264
0.000287799	523.082	8.22283e-06	11.2175
0.000304245	564.325	8.22283e-06	11.0394
0.00032069	595.663	8.22283e-06	11.8137
0.000337136	650.27	8.22283e-06	15.7211
0.000353582	668.841	8.22283e-06	14.1718
0.000370027	690.147	8.22283e-06	13.2662
0.000386473	733.763	8.22283e-06	15.6798
0.000402919	772.92	8.22283e-06	17.4504
0.000419364	835.826	8.22283e-06	17.0459
0.00043581	844.611	8.22283e-06	15.1504
0.000452256	886.042	8.22283e-06	16.8815
0.000468701	854.282	8.22283e-06	14.5015
0.000485147	951.122	8.22283e-06	16.9819
0.000501593	971.118	8.22283e-06	18.8118
0.000518038	1028.92	8.22283e-06	32.7573
0.000534484	964.354	8.22283e-06	17.1312
0.00055093	994.042	8.22283e-06	18.855
0.000567375	1026.18	8.22283e-06	25.1398
0.000583821	1007.33	8.22283e-06	19.7618
0.000600267	1022.14	8.22283e-06	18.4475
0.000616712	1012.72	8.22283e-06	16.8805
0.000633158	1020.47	8.22283e-06	17.1873
0.000649604	1007.48	8.22283e-06	16.9271
0.000666049	1012.77	8.22283e-06	17.2212
0.000682495	1041.88	8.22283e-06	18.9034
0.000698941	1026.07	8.22283e-06	18.2679
0.000715386	1000.13	8.22283e-06	16.8306
0.000731832	1033.87	8.22283e-06	20.7692
0.000748278	1080.42	8.22283e-06	24.8324
0.000764723	1016.72	8.22283e-06	19.1394
0.000781169	1038.67	8.22283e-06	18.8743
0.000797615	1006.14	8.22283e-06	19.4805
0.00081406	968.608	8.22283e-06	17.5923
0.000830506	1036.88	8.22283e-06	20.8539
0.000846952	968.336	8.22283e-06	20.0344
0.000863397	947.645	8.22283e-06	28.3885
0.000879843	917.158	8.22283e-06	17.3604
0.000896289	898.342	8.22283e-06	22.9335
0.000912734	870.25	8.22283e-06	17.6055
0.00092918	878.452	8.22283e-06	19.3709
0.000945626	904.712	8.22283e-06	22.9035
0.000962071	848.895	8.22283e-06	17.3407
0.000978517	844.948	8.22283e-06	18.1585
0.000994963	855.429	8.22283e-06	26.75
0.00101141	793.444	8.22283e-06	26.0848
0.00102785	749.368	8.22283e-06	17.3961
0.0010443	754.586	8.22283e-06	24.1221
0.00106075	675.809	8.22283e-06	18.8907
0.00107719	715.043	8.22283e-06	21.102
0.00109364	650.584	8.22283e-06	17.8954
0.00111008	676.726	8.22283e-06	47.3165
0.00112653	580.538	8.22283e-06	14.4507
0.00114297	632.192	8.22283e-06	25.7083
0.00115942	550.985	8.22283e-06	15.5821
0.00117587	531.67	8.22283e-06	14.1913
0.00119231	501.172	8.22283e-06	15.0555
0.00120876	467.993	8.22283e-06	12.6448
0.0012252	458.294	8.22283e-06	12.5799
0.00124165	498.028	8.22283e-06	21.9678
0.00125809	452.021	8.22283e-06	35.6402
0.00127454	410.705	8.22283e-06	14.4539
0.00129098	439.07	8.22283e-06	38.2676
0.00130743	375.953	8.22283e-06	19.5269
0.00132388	377.117	8.22283e-06	14.2566
0.00134032	357.41	8.22283e-06	22.7023
0.00135677	339.067	8.22283e-06	16.0529
0.00137321	300.432	8.22283e-06	10.753
0.00138966	293.85	8.22283e-06	14.4177
0.0014061	243.952	8.22283e-06	9.05696
0.00142255	234.908	8.22283e-06	9.57097
0.001439	246.504	8.22283e-06	11.4369
0.00145544	222.595	8.22283e-06	11.0413
0.00147189	216.206	8.22283e-06	13.4604
0.00148833	221.771	8.22283e-06	17.0264
0.00150478	175.652	8.22283e-06	8.532
0.00152122	158.41	8.22283e-06	8.03875
0.00153767	142.383	8.22283e-06	7.6386
0.00155412	151.567	8.22283e-06	8.66414
0.00157056	136.35	8.22283e-06	7.82684
0.00158701	127.972	8.22283e-06	8.04073
0.00160345	120.975	8.22283e-06	7.85838
0.0016199	118.136	8.22283e-06	9.15585
0.00163634	101.007	8.22283e-06	6.41583
0.00165279	100.007	8.22283e-06	7.07267
0.00166924	88.3634	8.22283e-06	8.93684
0.00168568	101.523	8.22283e-06	13.0456
0.00170213	64.0194	8.22283e-06	5.28724
0.00171857	71.9079	8.22283e-06	6.14276
0.00173502	81.4907	8.22283e-06	9.90934
0.00175146	65.1364	8.22283e-06	6.78613
0.00176791	75.9987	8.22283e-06	12.5708
0.00178435	58.0315	8.22283e-06	7.98073
0.0018008	46.2715	8.22283e-06	6.98718
0.00181725	36.8833	8.22283e-06	5.81535
0.00183369	35.4464	8.22283e-06	3.93034
0.00185014	46.5838	8.22283e-06	8.46949
0.00186658	22.9075	8.22283e-06	3.98878
0.00188303	30.1939	8.22283e-06	4.71118
0.00189947	33.1969	8.22283e-06	5.54618
0.00191592	17.5748	8.22283e-06	3.42283
0.00193237	14.3292	8.22283e-06	2.51879
0.00194881	11.845	8.22283e-06	2.25081
0.00196526	8.55069	8.22283e-06	1.61134
0.0019817	10.4105	8.22283e-06	2.81927
0.00199815	9.41498	8.22283e-06	2.20746
0.00201459	7.08273	8.22283e-06	2.11976
0.00203104	2.90467	8.22283e-06	1.02495
0.00204749	6.25651	8.22283e-06	2.92282
0.00206393	3.46403	8.22283e-06	2.11182
0.00208038	1.52427	8.22283e-06	0.768055
0.00209682	13.4142	8.22283e-06	7.01001
0.00211327	3.03734	8.22283e-06	1.76691
0.00212971	0.515793	8.22283e-06	0.515793
0.00214616	0	8.22283e-06	0
0.0021626	0.103596	8.22283e-06	0.103596
0.00217905	0.0591299	8.22283e-06	0.0591299
