9.55497e-06	216.017	9.55497e-06	5.80404
2.86649e-05	66.3733	9.55497e-06	3.05023
4.77749e-05	61.819	9.55497e-06	3.76496
6.68848e-05	62.1867	9.55497e-06	7.20356
8.59948e-05	56.484	9.55497e-06	2.89059
0.000105105	61.9618	9.55497e-06	3.7971
0.000124215	67.1475	9.55497e-06	3.05359
0.000143325	76.8804	9.55497e-06	4.09474
0.000162435	88.018	9.55497e-06	4.24653
0.000181545	103.404	9.55497e-06	6.46045
0.000200654	107.527	9.55497e-06	3.90362
0.000219764	133.953	9.55497e-06	4.80671
0.000238874	153.146	9.55497e-06	7.39338
0.000257984	161.197	9.55497e-06	6.7319
0.000277094	165.182	9.55497e-06	4.99499
0.000296204	196.597	9.55497e-06	6.06184
0.000315314	202.404	9.55497e-06	5.20133
0.000334424	235.256	9.55497e-06	10.3097
0.000353534	237.649	9.55497e-06	6.45683
0.000372644	310.187	9.55497e-06	14.8612
0.000391754	292.818	9.55497e-06	7.13298
0.000410864	308.724	9.55497e-06	7.22923
0.000429974	338.892	9.55497e-06	9.02544
0.000449084	355.189	9.55497e-06	7.64649
0.000468194	400.859	9.55497e-06	10.3514
0.000487304	447.034	9.55497e-06	15.0767
0.000506414	450.713	9.55497e-06	10.1584
0.000525524	487.267	9.55497e-06	13.3267
0.000544634	493.184	9.55497e-06	13.3432
0.000563743	524.197	9.55497e-06	13.3363
0.000582853	570.352	9.55497e-06	12.4226
0.000601963	626.119	9.55497e-06	66.4751
0.000621073	601.828	9.55497e-06	12.6001
0.000640183	633.213	9.55497e-06	12.6164
0.000659293	625.488	9.55497e-06	13.0148
0.000678403	657.821	9.55497e-06	11.2468
0.000697513	701.336	9.55497e-06	13.4983
0.000716623	705.634	9.55497e-06	15.2046
0.000735733	733.759	9.55497e-06	15.7164
0.000754843	765.681	9.55497e-06	18.7148
0.000773953	776.847	9.55497e-06	14.9929
0.000793063	810.928	9.55497e-06	18.7528
0.000812173	823.9	9.55497e-06	21.5626
0.000831283	819.739	9.55497e-06	14.902
0.000850393	820.823	9.55497e-06	14.2597
0.000869503	850.483	9.55497e-06	14.0455
0.000888613	843.463	9.55497e-06	16.7629
0.000907723	1065.02	9.55497e-06	136.87
0.000926832	870.925	9.55497e-06	15.9859
0.000945942	864.242	9.55497e-06	14.8561
0.000965052	904.991	9.55497e-06	18.0747
0.000984162	918.538	9.55497e-06	15.5493
0.00100327	910.018	9.55497e-06	21.014
0.00102238	905.909	9.55497e-06	16.7891
0.00104149	891.151	9.55497e-06	15.8444
0.0010606	873.747	9.55497e-06	14.7595
0.00107971	889.113	9.55497e-06	21.3814
0.00109882	928.545	9.55497e-06	39.6378
0.00111793	881.676	9.55497e-06	19.9682
0.00113704	861.959	9.55497e-06	15.4742
0.00115615	864.636	9.55497e-06	15.3498
0.00117526	791.485	9.55497e-06	13.997
0.00119437	833.325	9.55497e-06	18.0683
0.00121348	823.006	9.55497e-06	23.7085
0.00123259	831.005	9.55497e-06	20.21
0.0012517	777.618	9.55497e-06	14.4453
0.00127081	759.537	9.55497e-06	15.2903
0.00128992	762.082	9.55497e-06	31.8987
0.00130903	703.384	9.55497e-06	12.7006
0.00132814	706.532	9.55497e-06	15.482
0.00134725	685.883	9.55497e-06	17.2433
0.00136636	672.653	9.55497e-06	16.9054
0.00138547	663.975	9.55497e-06	17.8562
0.00140458	612.989	9.55497e-06	11.867
0.00142369	595.141	9.55497e-06	12.4458
0.0014428	599.468	9.55497e-06	15.0973
0.00146191	530.497	9.55497e-06	10.9647
0.00148102	509.939	9.55497e-06	11.0991
0.00150013	521.328	9.55497e-06	13.8269
0.00151924	493.911	9.55497e-06	11.5897
0.00153835	443.172	9.55497e-06	9.93153
0.00155746	437.695	9.55497e-06	11.0737
0.00157657	445.982	9.55497e-06	12.6941
0.00159568	401.049	9.55497e-06	9.77089
0.00161479	402.626	9.55497e-06	10.8688
0.0016339	392.373	9.55497e-06	11.6461
0.00165301	346.387	9.55497e-06	9.97606
0.00167212	309.79	9.55497e-06	8.87124
0.00169123	352.431	9.55497e-06	20.0491
0.00171034	283.292	9.55497e-06	7.82385
0.00172945	291.548	9.55497e-06	9.24842
0.00174856	268.659	9.55497e-06	10.2343
0.00176767	242.006	9.55497e-06	7.08015
0.00178678	238.317	9.55497e-06	7.91558
0.00180589	230.065	9.55497e-06	10.068
0.001825	209.727	9.55497e-06	7.45258
0.00184411	201.763	9.55497e-06	9.71255
0.00186322	179.375	9.55497e-06	8.28262
0.00188233	184.053	9.55497e-06	8.94343
0.00190144	156.542	9.55497e-06	6.45771
0.00192055	138.465	9.55497e-06	7.47344
0.00193966	132.209	9.55497e-06	6.20702
0.00195877	126.728	9.55497e-06	6.92941
0.00197788	119.71	9.55497e-06	5.77835
0.00199699	113.978	9.55497e-06	6.34226
0.0020161	95.4722	9.55497e-06	5.77383
0.00203521	77.7681	9.55497e-06	4.78752
0.00205432	80.2627	9.55497e-06	4.09045
0.00207343	78.5418	9.55497e-06	4.91415
0.00209254	67.6288	9.55497e-06	4.1436
0.00211165	63.3764	9.55497e-06	3.74646
0.00213076	60.5563	9.55497e-06	5.75621
0.00214987	50.5245	9.55497e-06	3.26409
0.00216898	42.4423	9.55497e-06	2.84174
0.00218809	44.3197	9.55497e-06	3.63663
0.0022072	38.4481	9.55497e-06	2.67608
0.00222631	40.3947	9.55497e-06	3.43203
0.00224542	29.8721	9.55497e-06	3.18349
0.00226453	26.0854	9.55497e-06	2.36038
0.00228364	18.4219	9.55497e-06	1.67041
0.00230275	21.8572	9.55497e-06	2.20018
0.00232186	18.4192	9.55497e-06	2.07931
0.00234097	19.4976	9.55497e-06	2.27915
0.00236008	10.4543	9.55497e-06	1.40596
0.00237919	15.7843	9.55497e-06	2.13347
0.0023983	11.297	9.55497e-06	1.99896
0.00241741	12.2456	9.55497e-06	2.44195
0.00243652	4.89555	9.55497e-06	0.855288
0.00245563	5.06517	9.55497e-06	1.05972
0.00247474	3.54671	9.55497e-06	0.96352
0.00249385	2.82817	9.55497e-06	0.628633
0.00251296	3.01982	9.55497e-06	1.32524
0.00253207	2.1302	9.55497e-06	0.884477
0.00255118	0.825095	9.55497e-06	0.444014
0.00257029	0.93209	9.55497e-06	0.842776
