4.21494e-06	0.0405195	4.21494e-06	0.021011
1.26448e-05	0.271666	4.21494e-06	0.0663601
2.10747e-05	0.854811	4.21494e-06	0.154467
2.95046e-05	1.3337	4.21494e-06	0.144871
3.79345e-05	2.438	4.21494e-06	0.19488
4.63644e-05	4.11475	4.21494e-06	0.296675
5.47943e-05	6.00752	4.21494e-06	0.368174
6.32241e-05	8.16164	4.21494e-06	0.601642
7.1654e-05	9.78023	4.21494e-06	0.459546
8.00839e-05	12.2515	4.21494e-06	0.691342
8.85138e-05	16.8037	4.21494e-06	0.701878
9.69437e-05	16.8036	4.21494e-06	0.585509
0.000105374	20.9003	4.21494e-06	0.795719
0.000113803	25.3559	4.21494e-06	0.814526
0.000122233	29.7467	4.21494e-06	0.940748
0.000130663	33.2884	4.21494e-06	0.937162
0.000139093	39.5042	4.21494e-06	2.29523
0.000147523	42.6445	4.21494e-06	1.13428
0.000155953	47.3955	4.21494e-06	1.38138
0.000164383	50.1953	4.21494e-06	1.08242
0.000172813	59.0057	4.21494e-06	1.30288
0.000181243	64.6024	4.21494e-06	1.40953
0.000189672	70.1666	4.21494e-06	1.57796
0.000198102	75.2958	4.21494e-06	1.46456
0.000206532	79.0692	4.21494e-06	1.43118
0.000214962	88.3392	4.21494e-06	1.83
0.000223392	101.3	4.21494e-06	3.66553
0.000231822	100.78	4.21494e-06	1.71316
0.000240252	106.733	4.21494e-06	1.61483
0.000248682	117.999	4.21494e-06	2.06093
0.000257112	122.842	4.21494e-06	2.72093
0.000265541	130.56	4.21494e-06	1.8864
0.000273971	137.765	4.21494e-06	1.9819
0.000282401	159.52	4.21494e-06	3.89937
0.000290831	164.562	4.21494e-06	5.63407
0.000299261	168.689	4.21494e-06	2.74265
0.000307691	174.969	4.21494e-06	2.41644
0.000316121	182.193	4.21494e-06	2.30733
0.000324551	192.62	4.21494e-06	2.25157
0.00033298	201.022	4.21494e-06	2.3079
0.00034141	210.963	4.21494e-06	2.38907
0.00034984	225.27	4.21494e-06	2.55047
0.00035827	234.388	4.21494e-06	2.6937
0.0003667	244.504	4.21494e-06	2.75364
0.00037513	261.64	4.21494e-06	3.41985
0.00038356	271.457	4.21494e-06	4.34185
0.00039199	269.879	4.21494e-06	2.74673
0.00040042	288.968	4.21494e-06	3.1662
0.000408849	302.978	4.21494e-06	4.24097
0.000417279	311.267	4.21494e-06	4.27911
0.000425709	322.121	4.21494e-06	3.32642
0.000434139	334.19	4.21494e-06	3.95366
0.000442569	336.919	4.21494e-06	3.25058
0.000450999	351.86	4.21494e-06	3.05507
0.000459429	363.644	4.21494e-06	3.34491
0.000467859	369.967	4.21494e-06	3.25477
0.000476289	385.034	4.21494e-06	3.4795
0.000484718	407.76	4.21494e-06	9.44684
0.000493148	409.502	4.21494e-06	4.55431
0.000501578	423.199	4.21494e-06	3.57248
0.000510008	426.705	4.21494e-06	3.49424
0.000518438	451.146	4.21494e-06	4.25723
0.000526868	458.389	4.21494e-06	4.04655
0.000535298	470.109	4.21494e-06	3.92528
0.000543728	488.046	4.21494e-06	4.56363
0.000552158	501.552	4.21494e-06	4.6278
0.000560587	510.06	4.21494e-06	4.19311
0.000569017	517.087	4.21494e-06	3.97533
0.000577447	529.31	4.21494e-06	4.49812
0.000585877	537.348	4.21494e-06	4.15769
0.000594307	555.359	4.21494e-06	5.34884
0.000602737	564.211	4.21494e-06	4.91289
0.000611167	574.344	4.21494e-06	5.66248
0.000619597	581.069	4.21494e-06	4.03681
0.000628026	601.572	4.21494e-06	4.47447
0.000636456	613.261	4.21494e-06	4.30313
0.000644886	616.444	4.21494e-06	4.2628
0.000653316	627.204	4.21494e-06	4.49423
0.000661746	633.032	4.21494e-06	4.57395
0.000670176	658.29	4.21494e-06	5.84165
0.000678606	658.304	4.21494e-06	4.58564
0.000687036	693.727	4.21494e-06	9.77078
0.000695466	686.973	4.21494e-06	4.53844
0.000703895	689.158	4.21494e-06	4.65684
0.000712325	705.081	4.21494e-06	5.0306
0.000720755	711.07	4.21494e-06	4.8712
0.000729185	721.113	4.21494e-06	5.0038
0.000737615	727.531	4.21494e-06	4.6284
0.000746045	729.012	4.21494e-06	4.36363
0.000754475	752.172	4.21494e-06	5.90218
0.000762905	757.973	4.21494e-06	5.16997
0.000771335	774.49	4.21494e-06	5.45837
0.000779764	774.467	4.21494e-06	4.71654
0.000788194	848.168	4.21494e-06	26.1599
0.000796624	796.34	4.21494e-06	7.65819
0.000805054	807.8	4.21494e-06	5.55291
0.000813484	804.803	4.21494e-06	6.85761
0.000821914	816.328	4.21494e-06	5.11403
0.000830344	832.981	4.21494e-06	7.45742
0.000838774	844.226	4.21494e-06	5.87999
0.000847204	840.027	4.21494e-06	5.76758
0.000855633	853.345	4.21494e-06	12.8555
0.000864063	848.909	4.21494e-06	5.51046
0.000872493	846.934	4.21494e-06	4.95811
0.000880923	866.132	4.21494e-06	5.99297
0.000889353	870.308	4.21494e-06	6.05714
0.000897783	865.678	4.21494e-06	5.19125
0.000906213	883.994	4.21494e-06	7.11383
0.000914643	900.34	4.21494e-06	6.96353
0.000923072	885.693	4.21494e-06	6.75079
0.000931502	891.525	4.21494e-06	5.92242
0.000939932	900.224	4.21494e-06	6.0868
0.000948362	888.052	4.21494e-06	4.93602
0.000956792	890.271	4.21494e-06	5.36015
0.000965222	896.178	4.21494e-06	5.54451
0.000973652	899.501	4.21494e-06	5.36153
0.000982082	891.371	4.21494e-06	4.97345
0.000990512	901.353	4.21494e-06	5.28453
0.000998941	895.621	4.21494e-06	4.78017
0.00100737	906.206	4.21494e-06	5.62363
0.0010158	915.899	4.21494e-06	5.71085
0.00102423	915.484	4.21494e-06	8.18952
0.00103266	913.22	4.21494e-06	6.5496
0.00104109	903.445	4.21494e-06	5.59661
0.00104952	922.763	4.21494e-06	14.1486
0.00105795	911.354	4.21494e-06	5.72504
0.00106638	903.525	4.21494e-06	5.35688
0.00107481	908.99	4.21494e-06	5.80962
0.00108324	902.848	4.21494e-06	6.09555
0.00109167	901.789	4.21494e-06	7.0089
0.0011001	901.022	4.21494e-06	5.20914
0.00110853	888.209	4.21494e-06	5.32764
0.00111696	903.089	4.21494e-06	6.28854
0.00112539	891.843	4.21494e-06	5.88259
0.00113382	888.329	4.21494e-06	5.76738
0.00114225	885.463	4.21494e-06	5.70225
0.00115068	870.358	4.21494e-06	5.83558
0.00115911	869.093	4.21494e-06	5.98844
0.00116754	869.05	4.21494e-06	5.38515
0.00117597	859.594	4.21494e-06	4.9748
0.0011844	863.311	4.21494e-06	6.10939
0.00119283	846.69	4.21494e-06	4.88633
0.00120126	850.298	4.21494e-06	5.7332
0.00120969	843.109	4.21494e-06	5.46988
0.00121812	835.274	4.21494e-06	5.04895
0.00122655	828.26	4.21494e-06	5.52913
0.00123498	826.248	4.21494e-06	5.78454
0.00124341	813.505	4.21494e-06	4.76668
0.00125184	812.68	4.21494e-06	5.08191
0.00126027	810.776	4.21494e-06	6.74937
0.0012687	795.016	4.21494e-06	4.92951
0.00127713	780.253	4.21494e-06	4.40988
0.00128556	783.391	4.21494e-06	5.01501
0.00129399	769.444	4.21494e-06	5.21976
0.00130242	767.703	4.21494e-06	5.5572
0.00131085	758.22	4.21494e-06	4.91645
0.00131928	750.752	4.21494e-06	5.06011
0.00132771	733.552	4.21494e-06	4.91511
0.00133614	732.595	4.21494e-06	4.71463
0.00134457	724.304	4.21494e-06	5.1635
0.001353	708.888	4.21494e-06	4.48414
0.00136143	711.465	4.21494e-06	4.60043
0.00136986	690.047	4.21494e-06	4.33246
0.00137829	688.81	4.21494e-06	4.3372
0.00138672	674.38	4.21494e-06	4.1797
0.00139515	656.765	4.21494e-06	4.02982
0.00140358	662.063	4.21494e-06	4.88033
0.00141201	663.794	4.21494e-06	5.75386
0.00142044	636.307	4.21494e-06	4.58813
0.00142887	638.782	4.21494e-06	4.68047
0.0014373	616.036	4.21494e-06	3.97936
0.00144573	610.786	4.21494e-06	4.20538
0.00145416	597.418	4.21494e-06	3.78435
0.00146259	585.458	4.21494e-06	3.8215
0.00147102	588.742	4.21494e-06	7.27411
0.00147944	572.636	4.21494e-06	3.86647
0.00148787	563.684	4.21494e-06	4.49667
0.0014963	558.119	4.21494e-06	4.15935
0.00150473	543.351	4.21494e-06	3.94983
0.00151316	534.27	4.21494e-06	3.65078
0.00152159	520.622	4.21494e-06	3.54052
0.00153002	525.507	4.21494e-06	4.82823
0.00153845	504.38	4.21494e-06	3.82918
0.00154688	494.144	4.21494e-06	4.05027
0.00155531	490.838	4.21494e-06	3.82549
0.00156374	486.847	4.21494e-06	3.60974
0.00157217	471.974	4.21494e-06	4.38098
0.0015806	456.954	4.21494e-06	3.74919
0.00158903	453.921	4.21494e-06	3.85855
0.00159746	442.115	4.21494e-06	3.42577
0.00160589	431.343	4.21494e-06	3.86443
0.00161432	422.253	4.21494e-06	3.44657
0.00162275	458.006	4.21494e-06	24.4625
0.00163118	403.008	4.21494e-06	3.43496
0.00163961	388.119	4.21494e-06	3.04942
0.00164804	382.71	4.21494e-06	2.94159
0.00165647	370.242	4.21494e-06	2.87029
0.0016649	376.417	4.21494e-06	3.5813
0.00167333	365.088	4.21494e-06	3.6534
0.00168176	354.857	4.21494e-06	3.77421
0.00169019	346.41	4.21494e-06	3.01225
0.00169862	334.179	4.21494e-06	2.93516
0.00170705	324.502	4.21494e-06	2.91191
0.00171548	319.927	4.21494e-06	2.81498
0.00172391	311.345	4.21494e-06	2.82591
0.00173234	302.408	4.21494e-06	2.94295
0.00174077	297.848	4.21494e-06	2.837
0.0017492	288.862	4.21494e-06	2.60277
0.00175763	274.156	4.21494e-06	2.51104
0.00176606	276.565	4.21494e-06	3.02992
0.00177449	266.255	4.21494e-06	2.75797
0.00178292	263.429	4.21494e-06	2.67454
0.00179135	253.792	4.21494e-06	3.52204
0.00179978	245.851	4.21494e-06	2.98203
0.00180821	235.36	4.21494e-06	2.39974
0.00181664	237.009	4.21494e-06	3.17089
0.00182507	222.044	4.21494e-06	2.32689
0.0018335	221.26	4.21494e-06	2.3242
0.00184193	209.115	4.21494e-06	2.16589
0.00185036	202.49	4.21494e-06	2.03979
0.00185879	198.742	4.21494e-06	2.46193
0.00186722	192.586	4.21494e-06	2.26946
0.00187565	187.817	4.21494e-06	1.92952
0.00188408	183.975	4.21494e-06	2.33293
0.00189251	176.322	4.21494e-06	1.93736
0.00190094	173.583	4.21494e-06	2.4208
0.00190937	166.88	4.21494e-06	2.75646
0.0019178	157.889	4.21494e-06	2.03843
0.00192623	153.412	4.21494e-06	1.75099
0.00193466	147.89	4.21494e-06	1.8111
0.00194309	153.926	4.21494e-06	4.02148
0.00195152	139.96	4.21494e-06	1.7789
0.00195995	138.987	4.21494e-06	2.10002
0.00196838	126.977	4.21494e-06	1.55568
0.00197681	124.662	4.21494e-06	1.62213
0.00198524	123.377	4.21494e-06	2.26548
0.00199367	116.855	4.21494e-06	1.69457
0.0020021	113.512	4.21494e-06	1.47132
0.00201053	110.007	4.21494e-06	2.1739
0.00201896	102.484	4.21494e-06	1.35865
0.00202739	102.108	4.21494e-06	2.26173
0.00203582	100.263	4.21494e-06	1.68255
0.00204425	91.8938	4.21494e-06	1.29815
0.00205268	91.2724	4.21494e-06	1.52134
0.00206111	87.7951	4.21494e-06	1.3085
0.00206954	81.9989	4.21494e-06	1.2621
0.00207797	81.9933	4.21494e-06	1.79257
0.0020864	76.6306	4.21494e-06	1.29329
0.00209483	74.1352	4.21494e-06	1.1865
0.00210326	72.5032	4.21494e-06	1.3592
0.00211169	69.6698	4.21494e-06	1.1303
0.00212012	65.7878	4.21494e-06	1.28504
0.00212855	64.0892	4.21494e-06	1.31361
0.00213698	60.1673	4.21494e-06	1.03638
0.00214541	57.3832	4.21494e-06	1.25926
0.00215384	56.9378	4.21494e-06	1.2998
0.00216227	53.9362	4.21494e-06	1.47821
0.0021707	49.9275	4.21494e-06	0.961561
0.00217913	48.398	4.21494e-06	0.898774
0.00218756	47.3519	4.21494e-06	0.987983
0.00219599	44.3761	4.21494e-06	0.991524
0.00220442	42.0788	4.21494e-06	0.903248
0.00221285	42.4048	4.21494e-06	1.97412
0.00222127	39.6524	4.21494e-06	0.99415
0.0022297	38.8754	4.21494e-06	1.20744
0.00223813	36.4405	4.21494e-06	0.964778
0.00224656	33.7546	4.21494e-06	0.783755
0.00225499	32.0635	4.21494e-06	1.07621
0.00226342	29.6851	4.21494e-06	0.675628
0.00227185	28.9023	4.21494e-06	0.731371
0.00228028	28.0829	4.21494e-06	0.708483
0.00228871	25.1853	4.21494e-06	0.630029
0.00229714	24.2135	4.21494e-06	0.662454
0.00230557	24.1434	4.21494e-06	0.652094
0.002314	21.9952	4.21494e-06	0.617639
0.00232243	21.7702	4.21494e-06	0.600607
0.00233086	19.3377	4.21494e-06	0.499254
0.00233929	18.1515	4.21494e-06	0.511047
0.00234772	17.9703	4.21494e-06	0.513466
0.00235615	16.4358	4.21494e-06	0.467167
0.00236458	15.0301	4.21494e-06	0.449072
0.00237301	14.5945	4.21494e-06	0.445442
0.00238144	13.5907	4.21494e-06	0.425579
0.00238987	12.9458	4.21494e-06	0.410079
0.0023983	12.1928	4.21494e-06	0.383581
0.00240673	10.9287	4.21494e-06	0.372723
0.00241516	10.3498	4.21494e-06	0.355778
0.00242359	9.55349	4.21494e-06	0.337791
0.00243202	8.58309	4.21494e-06	0.318959
0.00244045	8.10173	4.21494e-06	0.30534
0.00244888	7.16954	4.21494e-06	0.291607
0.00245731	6.86486	4.21494e-06	0.278803
0.00246574	5.98181	4.21494e-06	0.260633
0.00247417	5.34584	4.21494e-06	0.23941
0.0024826	5.55451	4.21494e-06	0.248256
0.00249103	4.46308	4.21494e-06	0.219246
0.00249946	4.37138	4.21494e-06	0.216595
0.00250789	3.42236	4.21494e-06	0.189422
0.00251632	2.95508	4.21494e-06	0.174093
0.00252475	2.50335	4.21494e-06	0.159899
0.00253318	2.20925	4.21494e-06	0.150824
0.00254161	1.83804	4.21494e-06	0.137625
0.00255004	1.41242	4.21494e-06	0.119108
0.00255847	0.919188	4.21494e-06	0.0950753
0.0025669	0.599632	4.21494e-06	0.0765818
0.00257533	0.380493	4.21494e-06	0.061077
0.00258376	0.0493614	4.21494e-06	0.0220912
