4.21494e-06	0.0615948	4.21494e-06	0.0277815
1.26448e-05	0.250018	4.21494e-06	0.0715296
2.10747e-05	0.958309	4.21494e-06	0.150524
2.95046e-05	1.4828	4.21494e-06	0.196587
3.79345e-05	2.61272	4.21494e-06	0.270034
4.63644e-05	4.21726	4.21494e-06	0.298502
5.47943e-05	5.60852	4.21494e-06	0.496599
6.32241e-05	6.77856	4.21494e-06	0.544002
7.1654e-05	9.09599	4.21494e-06	0.42852
8.00839e-05	12.577	4.21494e-06	0.701973
8.85138e-05	15.633	4.21494e-06	1.94027
9.69437e-05	18.5646	4.21494e-06	1.82144
0.000105374	22.2916	4.21494e-06	2.56589
0.000113803	28.8148	4.21494e-06	3.77546
0.000122233	27.6282	4.21494e-06	1.15135
0.000130663	30.6078	4.21494e-06	0.885184
0.000139093	35.3471	4.21494e-06	0.9215
0.000147523	39.5773	4.21494e-06	1.11129
0.000155953	41.6427	4.21494e-06	0.926474
0.000164383	55.6152	4.21494e-06	3.26892
0.000172813	55.4043	4.21494e-06	1.48194
0.000181243	60.5841	4.21494e-06	1.516
0.000189672	67.8947	4.21494e-06	1.45264
0.000198102	74.4759	4.21494e-06	1.51696
0.000206532	78.0077	4.21494e-06	1.54373
0.000214962	83.8616	4.21494e-06	1.51979
0.000223392	89.5634	4.21494e-06	1.75981
0.000231822	99.4084	4.21494e-06	1.74483
0.000240252	103.305	4.21494e-06	1.73227
0.000248682	111.78	4.21494e-06	1.86835
0.000257112	119.917	4.21494e-06	1.85572
0.000265541	124.365	4.21494e-06	1.90835
0.000273971	133.37	4.21494e-06	2.12895
0.000282401	140.138	4.21494e-06	1.81266
0.000290831	153.529	4.21494e-06	2.57085
0.000299261	161.479	4.21494e-06	2.23818
0.000307691	168.035	4.21494e-06	2.09623
0.000316121	180.319	4.21494e-06	2.52501
0.000324551	191.108	4.21494e-06	2.81547
0.00033298	197.481	4.21494e-06	2.8465
0.00034141	209.704	4.21494e-06	3.0501
0.00034984	217.924	4.21494e-06	2.7186
0.00035827	223.235	4.21494e-06	3.04031
0.0003667	241	4.21494e-06	3.19983
0.00037513	246.223	4.21494e-06	3.10042
0.00038356	259.966	4.21494e-06	3.14235
0.00039199	266.8	4.21494e-06	2.80473
0.00040042	277.323	4.21494e-06	3.04322
0.000408849	285.42	4.21494e-06	2.8549
0.000417279	303.078	4.21494e-06	3.44211
0.000425709	304.209	4.21494e-06	2.88034
0.000434139	318.737	4.21494e-06	3.22304
0.000442569	332.61	4.21494e-06	3.35889
0.000450999	345.246	4.21494e-06	3.52486
0.000459429	352.514	4.21494e-06	3.14988
0.000467859	369.614	4.21494e-06	3.1957
0.000476289	378.304	4.21494e-06	3.35721
0.000484718	389.272	4.21494e-06	3.56586
0.000493148	411.996	4.21494e-06	5.07266
0.000501578	414.511	4.21494e-06	3.74645
0.000510008	423.216	4.21494e-06	3.67468
0.000518438	438.39	4.21494e-06	3.7744
0.000526868	446.099	4.21494e-06	3.57561
0.000535298	458.944	4.21494e-06	3.77799
0.000543728	473.705	4.21494e-06	4.1511
0.000552158	482.423	4.21494e-06	4.67689
0.000560587	496.164	4.21494e-06	3.80512
0.000569017	513.688	4.21494e-06	4.20648
0.000577447	517.757	4.21494e-06	3.90814
0.000585877	534.929	4.21494e-06	5.17964
0.000594307	553.709	4.21494e-06	4.75715
0.000602737	559.316	4.21494e-06	4.33315
0.000611167	563.706	4.21494e-06	4.07405
0.000619597	576.816	4.21494e-06	4.28092
0.000628026	584.847	4.21494e-06	4.01625
0.000636456	597.974	4.21494e-06	4.35486
0.000644886	615.856	4.21494e-06	4.29653
0.000653316	653.456	4.21494e-06	25.0517
0.000661746	624.158	4.21494e-06	4.0783
0.000670176	644.036	4.21494e-06	4.29272
0.000678606	653.585	4.21494e-06	4.41984
0.000687036	663.337	4.21494e-06	4.89263
0.000695466	672.144	4.21494e-06	4.71814
0.000703895	682.514	4.21494e-06	4.3257
0.000712325	689.158	4.21494e-06	4.38204
0.000720755	719.855	4.21494e-06	5.55941
0.000729185	728.991	4.21494e-06	5.61358
0.000737615	730.681	4.21494e-06	6.2977
0.000746045	738.994	4.21494e-06	5.65286
0.000754475	751.031	4.21494e-06	5.67431
0.000762905	763.475	4.21494e-06	5.20975
0.000771335	769.444	4.21494e-06	6.2481
0.000779764	773.422	4.21494e-06	5.24537
0.000788194	781.949	4.21494e-06	6.01165
0.000796624	781.245	4.21494e-06	4.49291
0.000805054	797.861	4.21494e-06	5.21774
0.000813484	816.444	4.21494e-06	9.89913
0.000821914	815.299	4.21494e-06	5.5193
0.000830344	818.25	4.21494e-06	4.79442
0.000838774	826.804	4.21494e-06	4.81519
0.000847204	828.979	4.21494e-06	4.98163
0.000855633	850.012	4.21494e-06	5.93516
0.000864063	849.71	4.21494e-06	5.70968
0.000872493	852.625	4.21494e-06	5.20391
0.000880923	861.815	4.21494e-06	5.0757
0.000889353	874.432	4.21494e-06	6.54045
0.000897783	867.535	4.21494e-06	4.99008
0.000906213	865.388	4.21494e-06	4.7519
0.000914643	895.096	4.21494e-06	9.9577
0.000923072	884.041	4.21494e-06	6.19393
0.000931502	887.474	4.21494e-06	5.41175
0.000939932	894.8	4.21494e-06	5.70727
0.000948362	897.764	4.21494e-06	6.80715
0.000956792	897.052	4.21494e-06	4.98155
0.000965222	908.555	4.21494e-06	7.49333
0.000973652	911.519	4.21494e-06	5.58748
0.000982082	908.21	4.21494e-06	5.27498
0.000990512	914.272	4.21494e-06	6.09507
0.000998941	908.847	4.21494e-06	5.26361
0.00100737	912.173	4.21494e-06	5.85663
0.0010158	902.966	4.21494e-06	5.1186
0.00102423	907.413	4.21494e-06	5.5229
0.00103266	920.781	4.21494e-06	6.09427
0.00104109	919.659	4.21494e-06	7.66502
0.00104952	915.073	4.21494e-06	5.65136
0.00105795	907.779	4.21494e-06	5.07393
0.00106638	904.408	4.21494e-06	4.9785
0.00107481	908.23	4.21494e-06	6.60501
0.00108324	908.695	4.21494e-06	5.57414
0.00109167	903.791	4.21494e-06	6.83438
0.0011001	902.509	4.21494e-06	5.23807
0.00110853	920.824	4.21494e-06	9.71769
0.00111696	899.653	4.21494e-06	5.94539
0.00112539	903.781	4.21494e-06	7.50822
0.00113382	892.598	4.21494e-06	5.72716
0.00114225	883.206	4.21494e-06	5.28728
0.00115068	876.563	4.21494e-06	4.96005
0.00115911	876.384	4.21494e-06	5.3849
0.00116754	874.07	4.21494e-06	5.46422
0.00117597	874.129	4.21494e-06	5.49792
0.0011844	874.675	4.21494e-06	6.35614
0.00119283	864.997	4.21494e-06	6.86065
0.00120126	857.792	4.21494e-06	8.33093
0.00120969	848.832	4.21494e-06	4.67618
0.00121812	844.893	4.21494e-06	6.76108
0.00122655	836.207	4.21494e-06	5.25569
0.00123498	840.63	4.21494e-06	8.50338
0.00124341	828.129	4.21494e-06	5.12583
0.00125184	816.724	4.21494e-06	5.41002
0.00126027	803.216	4.21494e-06	5.23228
0.0012687	806.28	4.21494e-06	5.13249
0.00127713	799.241	4.21494e-06	4.79304
0.00128556	793.637	4.21494e-06	7.42325
0.00129399	768.293	4.21494e-06	4.42328
0.00130242	766.758	4.21494e-06	4.87315
0.00131085	754.59	4.21494e-06	4.28636
0.00131928	756.566	4.21494e-06	5.61199
0.00132771	742.361	4.21494e-06	4.34263
0.00133614	732.506	4.21494e-06	4.56596
0.00134457	741.918	4.21494e-06	8.01554
0.001353	721.018	4.21494e-06	4.80335
0.00136143	718.266	4.21494e-06	5.73599
0.00136986	705.944	4.21494e-06	4.64398
0.00137829	694.502	4.21494e-06	4.51821
0.00138672	688.855	4.21494e-06	5.04458
0.00139515	684.945	4.21494e-06	11.5238
0.00140358	664.73	4.21494e-06	4.61825
0.00141201	649.03	4.21494e-06	4.03592
0.00142044	650.416	4.21494e-06	4.88452
0.00142887	650.035	4.21494e-06	8.95453
0.0014373	622.679	4.21494e-06	3.97636
0.00144573	614.768	4.21494e-06	4.47105
0.00145416	610.533	4.21494e-06	4.22944
0.00146259	609.302	4.21494e-06	5.34133
0.00147102	589.856	4.21494e-06	3.89946
0.00147944	581.147	4.21494e-06	4.46059
0.00148787	568.283	4.21494e-06	5.29749
0.0014963	565.441	4.21494e-06	4.12488
0.00150473	545.647	4.21494e-06	3.82148
0.00151316	537.874	4.21494e-06	3.80305
0.00152159	525.954	4.21494e-06	4.27949
0.00153002	520.768	4.21494e-06	3.64756
0.00153845	514.396	4.21494e-06	4.08822
0.00154688	504.448	4.21494e-06	3.5615
0.00155531	484.494	4.21494e-06	3.75098
0.00156374	486.403	4.21494e-06	4.11935
0.00157217	473.442	4.21494e-06	3.7847
0.0015806	463.907	4.21494e-06	4.37844
0.00158903	452.95	4.21494e-06	3.60931
0.00159746	444.69	4.21494e-06	3.46267
0.00160589	437.328	4.21494e-06	3.70703
0.00161432	423.427	4.21494e-06	3.48633
0.00162275	410.008	4.21494e-06	2.91538
0.00163118	408.638	4.21494e-06	3.09536
0.00163961	400.724	4.21494e-06	6.13508
0.00164804	408.962	4.21494e-06	7.9869
0.00165647	385.858	4.21494e-06	5.4521
0.0016649	376.345	4.21494e-06	3.8289
0.00167333	368.396	4.21494e-06	4.28668
0.00168176	352.578	4.21494e-06	3.0978
0.00169019	358.949	4.21494e-06	4.96717
0.00169862	337.387	4.21494e-06	2.95152
0.00170705	332.533	4.21494e-06	3.11532
0.00171548	324.809	4.21494e-06	3.14676
0.00172391	310.469	4.21494e-06	2.85289
0.00173234	309.799	4.21494e-06	3.31194
0.00174077	295.491	4.21494e-06	2.57181
0.0017492	286.427	4.21494e-06	2.57462
0.00175763	283.778	4.21494e-06	2.61489
0.00176606	275.755	4.21494e-06	2.58166
0.00177449	269.31	4.21494e-06	3.02878
0.00178292	258.707	4.21494e-06	2.5629
0.00179135	256.498	4.21494e-06	2.58811
0.00179978	246.972	4.21494e-06	2.56718
0.00180821	242.366	4.21494e-06	2.83336
0.00181664	236.365	4.21494e-06	2.68864
0.00182507	228.335	4.21494e-06	2.36665
0.0018335	218.604	4.21494e-06	2.30572
0.00184193	212.439	4.21494e-06	2.29686
0.00185036	211.179	4.21494e-06	2.28022
0.00185879	202.26	4.21494e-06	2.19537
0.00186722	196.622	4.21494e-06	2.23827
0.00187565	191.65	4.21494e-06	2.03106
0.00188408	179.546	4.21494e-06	1.96433
0.00189251	176.373	4.21494e-06	2.22719
0.00190094	172.601	4.21494e-06	2.08823
0.00190937	169.815	4.21494e-06	3.21432
0.0019178	160.188	4.21494e-06	1.93237
0.00192623	154.663	4.21494e-06	1.82079
0.00193466	148.261	4.21494e-06	1.78147
0.00194309	144.361	4.21494e-06	2.50507
0.00195152	141.847	4.21494e-06	1.96723
0.00195995	134.298	4.21494e-06	1.7831
0.00196838	133.271	4.21494e-06	1.68049
0.00197681	127.026	4.21494e-06	1.70842
0.00198524	122.656	4.21494e-06	1.71686
0.00199367	123.025	4.21494e-06	2.04881
0.0020021	118.551	4.21494e-06	2.13115
0.00201053	111.48	4.21494e-06	1.50059
0.00201896	105.18	4.21494e-06	1.45913
0.00202739	104.828	4.21494e-06	2.64346
0.00203582	98.8569	4.21494e-06	1.43332
0.00204425	95.8494	4.21494e-06	1.55132
0.00205268	91.1924	4.21494e-06	1.41671
0.00206111	87.646	4.21494e-06	1.24032
0.00206954	86.4217	4.21494e-06	1.5434
0.00207797	81.2224	4.21494e-06	1.25058
0.0020864	77.2275	4.21494e-06	1.26971
0.00209483	73.0171	4.21494e-06	1.16297
0.00210326	68.7404	4.21494e-06	1.06737
0.00211169	70.6623	4.21494e-06	1.2173
0.00212012	68.0836	4.21494e-06	1.47473
0.00212855	64.0269	4.21494e-06	1.14204
0.00213698	63.0582	4.21494e-06	1.18146
0.00214541	63.0762	4.21494e-06	2.68525
0.00215384	56.8263	4.21494e-06	1.03175
0.00216227	53.347	4.21494e-06	1.08727
0.0021707	54.887	4.21494e-06	1.46133
0.00217913	49.0497	4.21494e-06	0.937396
0.00218756	45.728	4.21494e-06	0.893653
0.00219599	45.2701	4.21494e-06	0.919645
0.00220442	42.1866	4.21494e-06	0.942913
0.00221285	41.5752	4.21494e-06	1.20263
0.00222127	41.1923	4.21494e-06	1.39426
0.0022297	37.5019	4.21494e-06	1.09636
0.00223813	36.2699	4.21494e-06	0.9696
0.00224656	33.4132	4.21494e-06	0.736331
0.00225499	31.3407	4.21494e-06	0.711006
0.00226342	31.223	4.21494e-06	0.784895
0.00227185	29.4751	4.21494e-06	0.720231
0.00228028	27.1396	4.21494e-06	0.668296
0.00228871	24.9992	4.21494e-06	0.597639
0.00229714	24.5791	4.21494e-06	0.689602
0.00230557	24.0562	4.21494e-06	0.743496
0.002314	23.6191	4.21494e-06	1.23768
0.00232243	20.0946	4.21494e-06	0.550036
0.00233086	19.647	4.21494e-06	0.536032
0.00233929	18.2348	4.21494e-06	0.516856
0.00234772	17.2478	4.21494e-06	0.480717
0.00235615	16.0362	4.21494e-06	0.456454
0.00236458	15.6088	4.21494e-06	0.453091
0.00237301	14.9282	4.21494e-06	0.444651
0.00238144	13.2477	4.21494e-06	0.41297
0.00238987	13.1442	4.21494e-06	0.403428
0.0023983	12.033	4.21494e-06	0.381662
0.00240673	11.0532	4.21494e-06	0.374439
0.00241516	10.6222	4.21494e-06	0.366698
0.00242359	9.65964	4.21494e-06	0.344517
0.00243202	9.28891	4.21494e-06	0.342827
0.00244045	8.09627	4.21494e-06	0.313496
0.00244888	7.27731	4.21494e-06	0.291683
0.00245731	7.16226	4.21494e-06	0.287665
0.00246574	5.4986	4.21494e-06	0.246932
0.00247417	5.96475	4.21494e-06	0.258114
0.0024826	5.45546	4.21494e-06	0.248092
0.00249103	4.38979	4.21494e-06	0.219866
0.00249946	4.16019	4.21494e-06	0.213018
0.00250789	3.7311	4.21494e-06	0.204249
0.00251632	2.68621	4.21494e-06	0.170334
0.00252475	2.86625	4.21494e-06	0.176118
0.00253318	2.13722	4.21494e-06	0.14874
0.00254161	1.84632	4.21494e-06	0.14021
0.00255004	1.19505	4.21494e-06	0.111909
0.00255847	0.914175	4.21494e-06	0.0976285
0.0025669	0.739072	4.21494e-06	0.0870127
0.00257533	0.357253	4.21494e-06	0.0597258
0.00258376	0.0202617	4.21494e-06	0.0143282
