4.21494e-06	0.0377441	4.21494e-06	0.0224481
1.26448e-05	0.215213	4.21494e-06	0.0461259
2.10747e-05	0.702299	4.21494e-06	0.0886165
2.95046e-05	1.38722	4.21494e-06	0.136824
3.79345e-05	2.93821	4.21494e-06	0.251737
4.63644e-05	4.88447	4.21494e-06	0.615287
5.47943e-05	5.58435	4.21494e-06	0.311775
6.32241e-05	8.0363	4.21494e-06	0.398001
7.1654e-05	9.4061	4.21494e-06	0.393125
8.00839e-05	12.4692	4.21494e-06	0.750062
8.85138e-05	13.4229	4.21494e-06	0.520085
9.69437e-05	16.9383	4.21494e-06	0.608398
0.000105374	20.4293	4.21494e-06	0.63039
0.000113803	24.3394	4.21494e-06	0.933731
0.000122233	28.821	4.21494e-06	1.48803
0.000130663	35.6372	4.21494e-06	1.59067
0.000139093	36.1383	4.21494e-06	0.964532
0.000147523	40.5641	4.21494e-06	1.11464
0.000155953	43.5023	4.21494e-06	0.949006
0.000164383	51.3522	4.21494e-06	1.03551
0.000172813	55.4394	4.21494e-06	1.05306
0.000181243	60.7839	4.21494e-06	1.3232
0.000189672	66.7257	4.21494e-06	1.27459
0.000198102	70.4738	4.21494e-06	1.17589
0.000206532	75.4744	4.21494e-06	1.27658
0.000214962	82.4394	4.21494e-06	1.29623
0.000223392	90.0041	4.21494e-06	1.48056
0.000231822	101.601	4.21494e-06	1.7022
0.000240252	104.144	4.21494e-06	1.51949
0.000248682	110.843	4.21494e-06	1.72678
0.000257112	122.332	4.21494e-06	2.55715
0.000265541	127.152	4.21494e-06	1.77626
0.000273971	137.237	4.21494e-06	1.95969
0.000282401	145.471	4.21494e-06	1.90031
0.000290831	155.31	4.21494e-06	2.38935
0.000299261	160.517	4.21494e-06	2.13752
0.000307691	173.36	4.21494e-06	2.57817
0.000316121	179.814	4.21494e-06	2.31342
0.000324551	189.435	4.21494e-06	2.22766
0.00033298	198.92	4.21494e-06	3.11641
0.00034141	223.261	4.21494e-06	9.26417
0.00034984	212.934	4.21494e-06	2.33482
0.00035827	225.313	4.21494e-06	2.67428
0.0003667	240.211	4.21494e-06	3.86709
0.00037513	242.746	4.21494e-06	3.28087
0.00038356	254.539	4.21494e-06	2.43552
0.00039199	267.447	4.21494e-06	2.88474
0.00040042	274.188	4.21494e-06	2.58514
0.000408849	289.301	4.21494e-06	3.0594
0.000417279	298.429	4.21494e-06	2.90985
0.000425709	309.304	4.21494e-06	2.78329
0.000434139	328.934	4.21494e-06	4.14983
0.000442569	332.633	4.21494e-06	3.11693
0.000450999	355.115	4.21494e-06	5.04858
0.000459429	356.344	4.21494e-06	3.95516
0.000467859	369.668	4.21494e-06	3.41278
0.000476289	369.902	4.21494e-06	3.04053
0.000484718	386.452	4.21494e-06	3.39586
0.000493148	406.47	4.21494e-06	7.84384
0.000501578	414.702	4.21494e-06	3.67644
0.000510008	422.838	4.21494e-06	3.49835
0.000518438	431.23	4.21494e-06	3.54124
0.000526868	444.763	4.21494e-06	3.4224
0.000535298	465.804	4.21494e-06	3.90628
0.000543728	465.321	4.21494e-06	3.51515
0.000552158	487.096	4.21494e-06	4.45546
0.000560587	493.616	4.21494e-06	6.29231
0.000569017	502.379	4.21494e-06	3.84223
0.000577447	527.011	4.21494e-06	5.85995
0.000585877	529.545	4.21494e-06	3.76303
0.000594307	538.27	4.21494e-06	3.97406
0.000602737	551.968	4.21494e-06	4.10165
0.000611167	570.455	4.21494e-06	4.34004
0.000619597	583.938	4.21494e-06	4.98869
0.000628026	588.995	4.21494e-06	4.15376
0.000636456	603.424	4.21494e-06	6.40292
0.000644886	618.127	4.21494e-06	5.40682
0.000653316	616.061	4.21494e-06	4.27155
0.000661746	623.044	4.21494e-06	4.61987
0.000670176	644.541	4.21494e-06	4.9267
0.000678606	650.878	4.21494e-06	5.27326
0.000687036	682.487	4.21494e-06	8.11611
0.000695466	677.127	4.21494e-06	4.87203
0.000703895	673.286	4.21494e-06	4.37083
0.000712325	691.937	4.21494e-06	4.72895
0.000720755	704.952	4.21494e-06	4.8127
0.000729185	715.153	4.21494e-06	5.5115
0.000737615	734.051	4.21494e-06	6.05275
0.000746045	732.209	4.21494e-06	5.12542
0.000754475	748.399	4.21494e-06	5.5428
0.000762905	757.693	4.21494e-06	5.99307
0.000771335	755.48	4.21494e-06	5.19572
0.000779764	811.446	4.21494e-06	31.1968
0.000788194	789.407	4.21494e-06	5.93526
0.000796624	790.955	4.21494e-06	4.94136
0.000805054	803.409	4.21494e-06	5.20927
0.000813484	803.617	4.21494e-06	5.04704
0.000821914	810.17	4.21494e-06	4.93002
0.000830344	822.739	4.21494e-06	6.24086
0.000838774	829.685	4.21494e-06	6.09228
0.000847204	839.889	4.21494e-06	10.9752
0.000855633	835.459	4.21494e-06	5.46603
0.000864063	839.604	4.21494e-06	5.11294
0.000872493	868.35	4.21494e-06	7.5996
0.000880923	859.753	4.21494e-06	6.01871
0.000889353	866.838	4.21494e-06	6.04403
0.000897783	885.744	4.21494e-06	15.5788
0.000906213	870.913	4.21494e-06	5.97182
0.000914643	884.687	4.21494e-06	5.553
0.000923072	899.032	4.21494e-06	8.08511
0.000931502	885.533	4.21494e-06	5.40754
0.000939932	876.834	4.21494e-06	5.13231
0.000948362	896.108	4.21494e-06	7.28897
0.000956792	895.861	4.21494e-06	5.68414
0.000965222	892.428	4.21494e-06	5.58202
0.000973652	899.892	4.21494e-06	5.90185
0.000982082	906.304	4.21494e-06	6.21977
0.000990512	903.22	4.21494e-06	6.04143
0.000998941	909.362	4.21494e-06	5.87388
0.00100737	914.145	4.21494e-06	7.08311
0.0010158	904.372	4.21494e-06	5.41865
0.00102423	935.012	4.21494e-06	7.86041
0.00103266	909.91	4.21494e-06	5.49809
0.00104109	915.798	4.21494e-06	6.846
0.00104952	909.536	4.21494e-06	5.86335
0.00105795	902.303	4.21494e-06	5.41306
0.00106638	907.317	4.21494e-06	5.89781
0.00107481	904.11	4.21494e-06	7.95166
0.00108324	916.895	4.21494e-06	7.43704
0.00109167	904.362	4.21494e-06	6.62873
0.0011001	895.763	4.21494e-06	5.37933
0.00110853	893.758	4.21494e-06	5.33913
0.00111696	896.775	4.21494e-06	5.95454
0.00112539	888.81	4.21494e-06	5.81187
0.00113382	878.725	4.21494e-06	5.79328
0.00114225	881.481	4.21494e-06	5.57585
0.00115068	877.246	4.21494e-06	5.6127
0.00115911	879.152	4.21494e-06	5.43453
0.00116754	882.225	4.21494e-06	9.85061
0.00117597	863.814	4.21494e-06	5.60362
0.0011844	858.789	4.21494e-06	5.87472
0.00119283	854.373	4.21494e-06	5.89475
0.00120126	856.379	4.21494e-06	8.6467
0.00120969	846.442	4.21494e-06	6.10905
0.00121812	841.796	4.21494e-06	6.72535
0.00122655	839.574	4.21494e-06	7.79805
0.00123498	835.464	4.21494e-06	7.06805
0.00124341	829.945	4.21494e-06	6.28859
0.00125184	810.885	4.21494e-06	6.55142
0.00126027	803.031	4.21494e-06	5.4233
0.0012687	796.218	4.21494e-06	5.92039
0.00127713	793.383	4.21494e-06	6.41384
0.00128556	782.539	4.21494e-06	6.03196
0.00129399	784.215	4.21494e-06	5.81008
0.00130242	781.392	4.21494e-06	7.63611
0.00131085	758.36	4.21494e-06	4.9667
0.00131928	751.226	4.21494e-06	5.03958
0.00132771	753.318	4.21494e-06	5.79007
0.00133614	732.005	4.21494e-06	4.85452
0.00134457	737.975	4.21494e-06	6.13036
0.001353	719.061	4.21494e-06	5.47518
0.00136143	717.116	4.21494e-06	5.83086
0.00136986	712.502	4.21494e-06	7.22462
0.00137829	689.685	4.21494e-06	4.79426
0.00138672	691.501	4.21494e-06	9.19996
0.00139515	669.064	4.21494e-06	4.79437
0.00140358	664.071	4.21494e-06	5.40475
0.00141201	647.651	4.21494e-06	4.88846
0.00142044	647.174	4.21494e-06	5.45751
0.00142887	633.469	4.21494e-06	4.54295
0.0014373	629.898	4.21494e-06	4.80739
0.00144573	620.294	4.21494e-06	4.77689
0.00145416	608.08	4.21494e-06	4.54468
0.00146259	600.969	4.21494e-06	4.93202
0.00147102	585.789	4.21494e-06	4.73226
0.00147944	575.07	4.21494e-06	5.08693
0.00148787	567.179	4.21494e-06	4.51764
0.0014963	571.294	4.21494e-06	9.42312
0.00150473	552.977	4.21494e-06	4.71363
0.00151316	547.382	4.21494e-06	5.0327
0.00152159	530.13	4.21494e-06	4.42502
0.00153002	526.395	4.21494e-06	5.08044
0.00153845	519.103	4.21494e-06	4.66967
0.00154688	496.911	4.21494e-06	4.41512
0.00155531	488.257	4.21494e-06	4.1531
0.00156374	488.951	4.21494e-06	4.62895
0.00157217	481.825	4.21494e-06	5.92502
0.0015806	469.258	4.21494e-06	4.56978
0.00158903	453.665	4.21494e-06	4.03603
0.00159746	443.165	4.21494e-06	4.02053
0.00160589	437.613	4.21494e-06	5.36895
0.00161432	430.593	4.21494e-06	4.24381
0.00162275	424.365	4.21494e-06	5.06949
0.00163118	420.796	4.21494e-06	5.12729
0.00163961	399.589	4.21494e-06	4.35652
0.00164804	399.703	4.21494e-06	5.71756
0.00165647	379.819	4.21494e-06	4.30818
0.0016649	395.652	4.21494e-06	16.1821
0.00167333	367.734	4.21494e-06	4.03016
0.00168176	358.25	4.21494e-06	4.65117
0.00169019	350.058	4.21494e-06	3.88874
0.00169862	339.926	4.21494e-06	3.54153
0.00170705	338.819	4.21494e-06	5.41647
0.00171548	323.634	4.21494e-06	3.77461
0.00172391	323.708	4.21494e-06	5.28575
0.00173234	303.209	4.21494e-06	3.20615
0.00174077	299.515	4.21494e-06	3.86648
0.0017492	294.02	4.21494e-06	3.53345
0.00175763	292.289	4.21494e-06	6.15331
0.00176606	278.038	4.21494e-06	3.19734
0.00177449	265.513	4.21494e-06	3.24744
0.00178292	261.458	4.21494e-06	3.19353
0.00179135	249.662	4.21494e-06	2.95077
0.00179978	247.411	4.21494e-06	3.0774
0.00180821	244.386	4.21494e-06	3.25889
0.00181664	232.043	4.21494e-06	2.9658
0.00182507	228.389	4.21494e-06	3.02472
0.0018335	222.577	4.21494e-06	3.03876
0.00184193	225.22	4.21494e-06	3.57914
0.00185036	207.513	4.21494e-06	3.38082
0.00185879	205.17	4.21494e-06	2.85734
0.00186722	193.968	4.21494e-06	3.73439
0.00187565	187.574	4.21494e-06	2.44359
0.00188408	212.21	4.21494e-06	17.6425
0.00189251	175.121	4.21494e-06	2.3496
0.00190094	169.504	4.21494e-06	2.45447
0.00190937	166.257	4.21494e-06	2.65675
0.0019178	167.591	4.21494e-06	3.47253
0.00192623	156.003	4.21494e-06	2.77994
0.00193466	152.663	4.21494e-06	2.62324
0.00194309	145.321	4.21494e-06	2.25594
0.00195152	147.084	4.21494e-06	4.02309
0.00195995	139.611	4.21494e-06	3.07236
0.00196838	129.9	4.21494e-06	1.94951
0.00197681	128.2	4.21494e-06	2.39056
0.00198524	124.538	4.21494e-06	2.00528
0.00199367	119.153	4.21494e-06	2.24082
0.0020021	116.6	4.21494e-06	2.33762
0.00201053	112.842	4.21494e-06	2.31227
0.00201896	108.078	4.21494e-06	2.2828
0.00202739	102.482	4.21494e-06	2.02128
0.00203582	99.0382	4.21494e-06	2.0025
0.00204425	100.385	4.21494e-06	3.07998
0.00205268	93.3093	4.21494e-06	1.8511
0.00206111	87.7937	4.21494e-06	1.70879
0.00206954	81.5011	4.21494e-06	1.64253
0.00207797	81.4873	4.21494e-06	3.17232
0.0020864	76.5537	4.21494e-06	1.58528
0.00209483	73.0284	4.21494e-06	1.56318
0.00210326	72.4919	4.21494e-06	1.6174
0.00211169	74.279	4.21494e-06	2.60534
0.00212012	69.0439	4.21494e-06	2.91329
0.00212855	64.1724	4.21494e-06	1.48119
0.00213698	61.6894	4.21494e-06	1.50122
0.00214541	66.1897	4.21494e-06	3.79486
0.00215384	55.8236	4.21494e-06	1.52488
0.00216227	53.8755	4.21494e-06	1.3329
0.0021707	52.8706	4.21494e-06	2.21065
0.00217913	49.5256	4.21494e-06	1.68323
0.00218756	45.9135	4.21494e-06	1.15973
0.00219599	45.075	4.21494e-06	1.23483
0.00220442	43.3938	4.21494e-06	1.39615
0.00221285	39.0406	4.21494e-06	1.13462
0.00222127	40.0612	4.21494e-06	1.11698
0.0022297	38.141	4.21494e-06	1.17944
0.00223813	37.8778	4.21494e-06	1.21471
0.00224656	33.6876	4.21494e-06	1.01877
0.00225499	37.015	4.21494e-06	5.89272
0.00226342	31.6116	4.21494e-06	1.1454
0.00227185	27.3485	4.21494e-06	0.915956
0.00228028	27.1274	4.21494e-06	0.875452
0.00228871	26.5401	4.21494e-06	1.00045
0.00229714	25.4802	4.21494e-06	1.56894
0.00230557	23.6389	4.21494e-06	1.02646
0.002314	22.6442	4.21494e-06	0.812138
0.00232243	19.7582	4.21494e-06	0.697494
0.00233086	19.6718	4.21494e-06	0.979004
0.00233929	19.5758	4.21494e-06	0.977646
0.00234772	16.7125	4.21494e-06	0.682375
0.00235615	24.2753	4.21494e-06	5.62739
0.00236458	16.155	4.21494e-06	0.879931
0.00237301	15.9173	4.21494e-06	0.720491
0.00238144	13.7892	4.21494e-06	0.821339
0.00238987	12.2825	4.21494e-06	0.586695
0.0023983	11.2993	4.21494e-06	0.681867
0.00240673	11.0413	4.21494e-06	0.633593
0.00241516	10.1325	4.21494e-06	0.642255
0.00242359	11.6527	4.21494e-06	1.94281
0.00243202	9.27886	4.21494e-06	0.665372
0.00244045	7.46626	4.21494e-06	0.555865
0.00244888	7.58306	4.21494e-06	0.671542
0.00245731	7.75662	4.21494e-06	1.13218
0.00246574	5.99259	4.21494e-06	0.415545
0.00247417	5.3118	4.21494e-06	0.343523
0.0024826	7.0966	4.21494e-06	1.24648
0.00249103	5.30069	4.21494e-06	0.5476
0.00249946	3.78358	4.21494e-06	0.327103
0.00250789	4.25146	4.21494e-06	0.668151
0.00251632	2.61939	4.21494e-06	0.255822
0.00252475	2.65425	4.21494e-06	0.239234
0.00253318	1.96863	4.21494e-06	0.188579
0.00254161	1.81356	4.21494e-06	0.208265
0.00255004	1.10209	4.21494e-06	0.13945
0.00255847	1.12017	4.21494e-06	0.148012
0.0025669	0.557713	4.21494e-06	0.0992158
0.00257533	0.404501	4.21494e-06	0.0844216
0.00258376	0.0159177	4.21494e-06	0.0159177
