4.21494e-06	0.0500965	4.21494e-06	0.020756
1.26448e-05	0.336639	4.21494e-06	0.0728872
2.10747e-05	0.786989	4.21494e-06	0.0930357
2.95046e-05	2.12301	4.21494e-06	0.229147
3.79345e-05	2.67561	4.21494e-06	0.214059
4.63644e-05	4.92365	4.21494e-06	0.806004
5.47943e-05	6.21456	4.21494e-06	0.421503
6.32241e-05	8.66479	4.21494e-06	0.722599
7.1654e-05	9.30219	4.21494e-06	0.501675
8.00839e-05	12.1063	4.21494e-06	0.66617
8.85138e-05	14.227	4.21494e-06	0.512622
9.69437e-05	17.55	4.21494e-06	0.672066
0.000105374	20.5096	4.21494e-06	0.697344
0.000113803	24.202	4.21494e-06	0.906311
0.000122233	27.4014	4.21494e-06	0.994606
0.000130663	32.2909	4.21494e-06	0.902549
0.000139093	35.8512	4.21494e-06	0.977181
0.000147523	40.9342	4.21494e-06	1.09399
0.000155953	46.9902	4.21494e-06	1.25366
0.000164383	48.6203	4.21494e-06	1.13767
0.000172813	53.3357	4.21494e-06	1.20316
0.000181243	59.6037	4.21494e-06	1.22094
0.000189672	68.3319	4.21494e-06	1.84441
0.000198102	75.0093	4.21494e-06	1.99032
0.000206532	77.7578	4.21494e-06	1.55374
0.000214962	85.5411	4.21494e-06	1.45192
0.000223392	90.8115	4.21494e-06	2.1121
0.000231822	98.3154	4.21494e-06	1.81184
0.000240252	106.607	4.21494e-06	1.84224
0.000248682	115.461	4.21494e-06	2.04086
0.000257112	117.133	4.21494e-06	1.74527
0.000265541	124.642	4.21494e-06	1.69546
0.000273971	138.443	4.21494e-06	2.77083
0.000282401	149.489	4.21494e-06	3.29027
0.000290831	151.21	4.21494e-06	2.05203
0.000299261	160.349	4.21494e-06	2.13973
0.000307691	168.593	4.21494e-06	2.19126
0.000316121	180.544	4.21494e-06	2.42588
0.000324551	187.035	4.21494e-06	2.24024
0.00033298	193.413	4.21494e-06	2.21991
0.00034141	205.091	4.21494e-06	2.54774
0.00034984	218.317	4.21494e-06	2.92849
0.00035827	226.867	4.21494e-06	2.83259
0.0003667	235.956	4.21494e-06	2.56897
0.00037513	245.733	4.21494e-06	2.70155
0.00038356	254.058	4.21494e-06	3.0312
0.00039199	275.148	4.21494e-06	7.05815
0.00040042	277.366	4.21494e-06	2.84073
0.000408849	289.058	4.21494e-06	2.95261
0.000417279	295.923	4.21494e-06	2.97042
0.000425709	312.462	4.21494e-06	4.69523
0.000434139	324.568	4.21494e-06	4.29266
0.000442569	329.614	4.21494e-06	3.20253
0.000450999	341.4	4.21494e-06	3.54183
0.000459429	358.899	4.21494e-06	3.43559
0.000467859	370.376	4.21494e-06	3.66193
0.000476289	378.849	4.21494e-06	3.47575
0.000484718	385.724	4.21494e-06	3.32793
0.000493148	402.978	4.21494e-06	3.66894
0.000501578	410.09	4.21494e-06	3.60934
0.000510008	433.03	4.21494e-06	4.15169
0.000518438	447.787	4.21494e-06	10.2383
0.000526868	452.432	4.21494e-06	4.09603
0.000535298	464.22	4.21494e-06	4.36483
0.000543728	471.518	4.21494e-06	3.84998
0.000552158	483.35	4.21494e-06	4.06576
0.000560587	495.494	4.21494e-06	3.82193
0.000569017	511.84	4.21494e-06	4.19361
0.000577447	515.717	4.21494e-06	3.69492
0.000585877	531.293	4.21494e-06	5.04821
0.000594307	549.589	4.21494e-06	4.40795
0.000602737	552.469	4.21494e-06	4.16217
0.000611167	567.759	4.21494e-06	4.21775
0.000619597	573.194	4.21494e-06	4.27935
0.000628026	592.09	4.21494e-06	6.09388
0.000636456	597.607	4.21494e-06	4.1209
0.000644886	618.646	4.21494e-06	5.16056
0.000653316	634.874	4.21494e-06	7.95589
0.000661746	645.152	4.21494e-06	6.88368
0.000670176	636.659	4.21494e-06	4.41146
0.000678606	659.644	4.21494e-06	5.11404
0.000687036	663.21	4.21494e-06	5.95177
0.000695466	681.366	4.21494e-06	4.37067
0.000703895	733.179	4.21494e-06	27.6174
0.000712325	702.265	4.21494e-06	4.80352
0.000720755	712.867	4.21494e-06	5.98348
0.000729185	739.03	4.21494e-06	11.8398
0.000737615	733.151	4.21494e-06	5.87867
0.000746045	743.384	4.21494e-06	5.99639
0.000754475	745.496	4.21494e-06	5.36559
0.000762905	753.398	4.21494e-06	4.78153
0.000771335	764.549	4.21494e-06	4.72628
0.000779764	777.057	4.21494e-06	5.34003
0.000788194	780.678	4.21494e-06	4.9486
0.000796624	793.544	4.21494e-06	5.77435
0.000805054	786.741	4.21494e-06	5.85272
0.000813484	805.214	4.21494e-06	5.25785
0.000821914	820.08	4.21494e-06	7.06235
0.000830344	817.416	4.21494e-06	5.16176
0.000838774	822.072	4.21494e-06	5.96641
0.000847204	839.713	4.21494e-06	5.32451
0.000855633	840.669	4.21494e-06	5.09561
0.000864063	841.031	4.21494e-06	5.45312
0.000872493	852.737	4.21494e-06	4.96791
0.000880923	850.921	4.21494e-06	5.22521
0.000889353	863.765	4.21494e-06	4.93378
0.000897783	867.58	4.21494e-06	5.5558
0.000906213	888.399	4.21494e-06	8.23451
0.000914643	887.538	4.21494e-06	8.27008
0.000923072	882.658	4.21494e-06	5.72596
0.000931502	898.519	4.21494e-06	10.0064
0.000939932	888.219	4.21494e-06	5.27123
0.000948362	894.611	4.21494e-06	5.481
0.000956792	898.739	4.21494e-06	7.97086
0.000965222	902.355	4.21494e-06	5.66981
0.000973652	893.104	4.21494e-06	6.63907
0.000982082	903.914	4.21494e-06	5.42268
0.000990512	902.042	4.21494e-06	5.10496
0.000998941	912.597	4.21494e-06	6.00136
0.00100737	904.431	4.21494e-06	5.09878
0.0010158	908.042	4.21494e-06	5.37907
0.00102423	919.821	4.21494e-06	6.3341
0.00103266	910.595	4.21494e-06	5.5103
0.00104109	908.848	4.21494e-06	5.66256
0.00104952	907.502	4.21494e-06	5.15026
0.00105795	920.379	4.21494e-06	6.78833
0.00106638	901.226	4.21494e-06	4.943
0.00107481	896.418	4.21494e-06	5.19482
0.00108324	899.273	4.21494e-06	5.13716
0.00109167	906.619	4.21494e-06	6.44848
0.0011001	905.787	4.21494e-06	5.81775
0.00110853	891.508	4.21494e-06	5.09413
0.00111696	887.907	4.21494e-06	5.42084
0.00112539	892.802	4.21494e-06	5.78733
0.00113382	892.463	4.21494e-06	5.36469
0.00114225	882.935	4.21494e-06	5.12357
0.00115068	883.372	4.21494e-06	5.83021
0.00115911	868.391	4.21494e-06	4.95329
0.00116754	865.483	4.21494e-06	4.94216
0.00117597	873.091	4.21494e-06	6.27905
0.0011844	869.24	4.21494e-06	7.18692
0.00119283	860.866	4.21494e-06	5.98024
0.00120126	857.29	4.21494e-06	7.78792
0.00120969	847.164	4.21494e-06	5.23237
0.00121812	847.144	4.21494e-06	5.20573
0.00122655	840.989	4.21494e-06	5.08119
0.00123498	836.302	4.21494e-06	8.37822
0.00124341	835.249	4.21494e-06	9.36405
0.00125184	824.004	4.21494e-06	5.95762
0.00126027	809.403	4.21494e-06	5.01413
0.0012687	794.466	4.21494e-06	5.32232
0.00127713	798.488	4.21494e-06	5.0344
0.00128556	789.107	4.21494e-06	5.29412
0.00129399	778.824	4.21494e-06	5.35058
0.00130242	772.029	4.21494e-06	5.33896
0.00131085	768.926	4.21494e-06	5.24918
0.00131928	767.698	4.21494e-06	10.0838
0.00132771	751.199	4.21494e-06	5.15006
0.00133614	734.422	4.21494e-06	4.58202
0.00134457	733.302	4.21494e-06	5.51128
0.001353	727.577	4.21494e-06	6.81457
0.00136143	715.265	4.21494e-06	4.90696
0.00136986	697.841	4.21494e-06	4.52236
0.00137829	691.884	4.21494e-06	4.60788
0.00138672	681.972	4.21494e-06	4.34233
0.00139515	686.407	4.21494e-06	6.54202
0.00140358	672.396	4.21494e-06	4.55257
0.00141201	650.57	4.21494e-06	4.21394
0.00142044	650.556	4.21494e-06	4.40051
0.00142887	634.622	4.21494e-06	4.67783
0.0014373	626.184	4.21494e-06	4.58966
0.00144573	619.34	4.21494e-06	5.25327
0.00145416	598.277	4.21494e-06	4.26628
0.00146259	605.06	4.21494e-06	4.60466
0.00147102	587.681	4.21494e-06	4.09266
0.00147944	580.015	4.21494e-06	4.21706
0.00148787	579.112	4.21494e-06	4.98513
0.0014963	557.142	4.21494e-06	4.04918
0.00150473	549.499	4.21494e-06	3.94254
0.00151316	542.25	4.21494e-06	4.8603
0.00152159	529.225	4.21494e-06	4.07385
0.00153002	520.56	4.21494e-06	4.33398
0.00153845	507.95	4.21494e-06	3.70824
0.00154688	504.543	4.21494e-06	4.838
0.00155531	499.052	4.21494e-06	4.42092
0.00156374	481.683	4.21494e-06	3.72702
0.00157217	477.878	4.21494e-06	3.88507
0.0015806	468.584	4.21494e-06	4.02185
0.00158903	450.457	4.21494e-06	3.37505
0.00159746	449.754	4.21494e-06	3.85139
0.00160589	438.582	4.21494e-06	3.45114
0.00161432	423.304	4.21494e-06	3.38011
0.00162275	419.689	4.21494e-06	3.41383
0.00163118	406.782	4.21494e-06	3.63605
0.00163961	403.86	4.21494e-06	3.64499
0.00164804	395.616	4.21494e-06	3.50481
0.00165647	382.237	4.21494e-06	3.39574
0.0016649	378.814	4.21494e-06	4.26622
0.00167333	368.331	4.21494e-06	3.68507
0.00168176	357.669	4.21494e-06	3.06799
0.00169019	353.975	4.21494e-06	3.34082
0.00169862	355.93	4.21494e-06	12.0157
0.00170705	325.645	4.21494e-06	2.84343
0.00171548	322.93	4.21494e-06	2.84582
0.00172391	316.503	4.21494e-06	2.91298
0.00173234	301.929	4.21494e-06	2.73821
0.00174077	298.247	4.21494e-06	2.77922
0.0017492	293.365	4.21494e-06	2.89325
0.00175763	290.7	4.21494e-06	3.94166
0.00176606	272.65	4.21494e-06	2.8392
0.00177449	266.062	4.21494e-06	2.64308
0.00178292	257.668	4.21494e-06	2.66674
0.00179135	252.958	4.21494e-06	2.79116
0.00179978	248.382	4.21494e-06	3.02875
0.00180821	242.127	4.21494e-06	2.99046
0.00181664	235.848	4.21494e-06	2.47512
0.00182507	227.527	4.21494e-06	3.13665
0.0018335	217.671	4.21494e-06	2.33085
0.00184193	212.359	4.21494e-06	2.41099
0.00185036	205.2	4.21494e-06	2.86368
0.00185879	203.851	4.21494e-06	2.25723
0.00186722	190.925	4.21494e-06	2.25586
0.00187565	187.441	4.21494e-06	2.23008
0.00188408	191.301	4.21494e-06	3.50099
0.00189251	180.046	4.21494e-06	2.27468
0.00190094	171.859	4.21494e-06	2.07841
0.00190937	167.284	4.21494e-06	2.15115
0.0019178	167.492	4.21494e-06	2.66825
0.00192623	156.724	4.21494e-06	2.12954
0.00193466	149.083	4.21494e-06	1.86701
0.00194309	145.124	4.21494e-06	1.89376
0.00195152	143.789	4.21494e-06	2.30716
0.00195995	135.036	4.21494e-06	1.80612
0.00196838	134.174	4.21494e-06	2.03302
0.00197681	128.592	4.21494e-06	2.06106
0.00198524	124.719	4.21494e-06	2.39754
0.00199367	123.933	4.21494e-06	3.29639
0.0020021	116.919	4.21494e-06	2.89089
0.00201053	111.016	4.21494e-06	1.62141
0.00201896	105.255	4.21494e-06	1.56091
0.00202739	100.244	4.21494e-06	1.43897
0.00203582	97.7861	4.21494e-06	1.47336
0.00204425	97.173	4.21494e-06	1.78325
0.00205268	91.7819	4.21494e-06	1.59532
0.00206111	90.4584	4.21494e-06	1.79926
0.00206954	84.4508	4.21494e-06	1.61152
0.00207797	85.6312	4.21494e-06	3.19553
0.0020864	78.875	4.21494e-06	1.39458
0.00209483	73.0658	4.21494e-06	1.32104
0.00210326	72.1533	4.21494e-06	1.22154
0.00211169	69.7326	4.21494e-06	1.41343
0.00212012	65.653	4.21494e-06	1.28499
0.00212855	64.1495	4.21494e-06	1.26831
0.00213698	60.3615	4.21494e-06	1.23834
0.00214541	59.3087	4.21494e-06	1.34132
0.00215384	58.284	4.21494e-06	1.43511
0.00216227	52.9289	4.21494e-06	1.18315
0.0021707	54.6181	4.21494e-06	3.66721
0.00217913	48.7865	4.21494e-06	1.07431
0.00218756	51.0254	4.21494e-06	3.73487
0.00219599	44.6526	4.21494e-06	0.98044
0.00220442	41.3546	4.21494e-06	0.90745
0.00221285	41.3972	4.21494e-06	0.967306
0.00222127	38.2741	4.21494e-06	1.07513
0.0022297	38.3664	4.21494e-06	1.8647
0.00223813	36.7308	4.21494e-06	0.994733
0.00224656	34.7501	4.21494e-06	0.94612
0.00225499	31.7178	4.21494e-06	0.798811
0.00226342	29.9108	4.21494e-06	0.740678
0.00227185	30.0819	4.21494e-06	1.03019
0.00228028	29.0754	4.21494e-06	0.977933
0.00228871	26.6233	4.21494e-06	1.01549
0.00229714	26.458	4.21494e-06	1.15074
0.00230557	24.0673	4.21494e-06	0.722547
0.002314	21.2419	4.21494e-06	0.672529
0.00232243	20.5891	4.21494e-06	0.609124
0.00233086	19.3569	4.21494e-06	0.633904
0.00233929	19.2629	4.21494e-06	0.650543
0.00234772	17.7177	4.21494e-06	0.580957
0.00235615	16.8455	4.21494e-06	0.555811
0.00236458	15.8758	4.21494e-06	0.620158
0.00237301	14.2747	4.21494e-06	0.485533
0.00238144	13.1431	4.21494e-06	0.490435
0.00238987	12.6097	4.21494e-06	0.494424
0.0023983	11.8583	4.21494e-06	0.441309
0.00240673	10.8838	4.21494e-06	0.39091
0.00241516	10.6364	4.21494e-06	0.424384
0.00242359	10.1244	4.21494e-06	0.390199
0.00243202	8.31916	4.21494e-06	0.338145
0.00244045	8.34412	4.21494e-06	0.347067
0.00244888	7.7703	4.21494e-06	0.322655
0.00245731	6.57312	4.21494e-06	0.299191
0.00246574	5.72925	4.21494e-06	0.270952
0.00247417	5.9268	4.21494e-06	0.282827
0.0024826	5.60946	4.21494e-06	0.270263
0.00249103	4.81657	4.21494e-06	0.247184
0.00249946	4.04575	4.21494e-06	0.22113
0.00250789	3.12407	4.21494e-06	0.193056
0.00251632	3.14632	4.21494e-06	0.193523
0.00252475	2.53612	4.21494e-06	0.171679
0.00253318	2.29537	4.21494e-06	0.162254
0.00254161	1.95985	4.21494e-06	0.150726
0.00255004	1.33579	4.21494e-06	0.122845
0.00255847	1.08773	4.21494e-06	0.109627
0.0025669	0.754275	4.21494e-06	0.0915973
0.00257533	0.31518	4.21494e-06	0.0587856
0.00258376	0.0321003	4.21494e-06	0.0185611
