4.21494e-06	0.0336046	4.21494e-06	0.0201247
1.26448e-05	0.404478	4.21494e-06	0.110331
2.10747e-05	0.92464	4.21494e-06	0.133361
2.95046e-05	2.03734	4.21494e-06	0.475433
3.79345e-05	2.63839	4.21494e-06	0.278781
4.63644e-05	4.45327	4.21494e-06	0.334061
5.47943e-05	6.27491	4.21494e-06	0.507325
6.32241e-05	7.49429	4.21494e-06	0.443404
7.1654e-05	9.78172	4.21494e-06	0.486983
8.00839e-05	11.9963	4.21494e-06	0.514317
8.85138e-05	16.2089	4.21494e-06	0.873769
9.69437e-05	18.5066	4.21494e-06	0.715269
0.000105374	23.3072	4.21494e-06	0.994805
0.000113803	27.5565	4.21494e-06	0.956814
0.000122233	30.6456	4.21494e-06	0.997655
0.000130663	43.9156	4.21494e-06	7.10862
0.000139093	38.5722	4.21494e-06	1.09813
0.000147523	43.4582	4.21494e-06	1.46731
0.000155953	52.5538	4.21494e-06	2.09979
0.000164383	54.9308	4.21494e-06	1.58758
0.000172813	64.2156	4.21494e-06	2.85775
0.000181243	67.4558	4.21494e-06	1.68197
0.000189672	73.5922	4.21494e-06	2.40109
0.000198102	78.0976	4.21494e-06	1.50946
0.000206532	89.7201	4.21494e-06	2.71547
0.000214962	91.8101	4.21494e-06	1.61815
0.000223392	97.7941	4.21494e-06	1.9067
0.000231822	108.292	4.21494e-06	2.48756
0.000240252	115.917	4.21494e-06	2.11723
0.000248682	124.489	4.21494e-06	2.2994
0.000257112	134.354	4.21494e-06	2.67898
0.000265541	142.429	4.21494e-06	2.38371
0.000273971	148.858	4.21494e-06	3.21829
0.000282401	159.659	4.21494e-06	4.51649
0.000290831	170.56	4.21494e-06	5.44922
0.000299261	174.312	4.21494e-06	2.4551
0.000307691	184.244	4.21494e-06	2.9331
0.000316121	228.336	4.21494e-06	23.063
0.000324551	203.166	4.21494e-06	3.09494
0.00033298	212.568	4.21494e-06	2.90738
0.00034141	222.03	4.21494e-06	2.61487
0.00034984	231.415	4.21494e-06	3.10879
0.00035827	240.703	4.21494e-06	2.88943
0.0003667	254.496	4.21494e-06	2.82917
0.00037513	266.285	4.21494e-06	3.34939
0.00038356	274.168	4.21494e-06	3.25085
0.00039199	282.219	4.21494e-06	2.98238
0.00040042	291.467	4.21494e-06	3.31114
0.000408849	311.014	4.21494e-06	3.6194
0.000417279	314.97	4.21494e-06	3.52809
0.000425709	327.766	4.21494e-06	3.41939
0.000434139	339.365	4.21494e-06	3.42248
0.000442569	350.212	4.21494e-06	3.53471
0.000450999	351.908	4.21494e-06	3.31708
0.000459429	374.799	4.21494e-06	4.85868
0.000467859	386.54	4.21494e-06	4.21847
0.000476289	401.209	4.21494e-06	3.84938
0.000484718	409.968	4.21494e-06	3.83023
0.000493148	439.672	4.21494e-06	6.21827
0.000501578	438.085	4.21494e-06	4.57742
0.000510008	440.616	4.21494e-06	4.18155
0.000518438	454.893	4.21494e-06	4.01492
0.000526868	473.711	4.21494e-06	5.02343
0.000535298	478.371	4.21494e-06	4.02588
0.000543728	511.807	4.21494e-06	9.69581
0.000552158	505.334	4.21494e-06	4.14508
0.000560587	514.003	4.21494e-06	4.87682
0.000569017	525.223	4.21494e-06	4.00463
0.000577447	546.488	4.21494e-06	5.35645
0.000585877	550.72	4.21494e-06	4.24061
0.000594307	555.826	4.21494e-06	4.49379
0.000602737	580.774	4.21494e-06	6.09332
0.000611167	581.298	4.21494e-06	4.0155
0.000619597	610.827	4.21494e-06	6.55697
0.000628026	613.425	4.21494e-06	4.59035
0.000636456	622.765	4.21494e-06	4.43921
0.000644886	629.733	4.21494e-06	4.29312
0.000653316	643.085	4.21494e-06	4.31428
0.000661746	652.936	4.21494e-06	4.58768
0.000670176	670.155	4.21494e-06	4.98003
0.000678606	676.387	4.21494e-06	4.75961
0.000687036	689.109	4.21494e-06	7.47034
0.000695466	695.15	4.21494e-06	4.67506
0.000703895	710.378	4.21494e-06	5.33892
0.000712325	719.842	4.21494e-06	4.99077
0.000720755	723.774	4.21494e-06	4.71167
0.000729185	733.02	4.21494e-06	4.54804
0.000737615	744.627	4.21494e-06	5.53899
0.000746045	763.299	4.21494e-06	5.1091
0.000754475	779.642	4.21494e-06	6.12765
0.000762905	768.028	4.21494e-06	5.21119
0.000771335	780.187	4.21494e-06	5.34588
0.000779764	789.789	4.21494e-06	4.78879
0.000788194	787.514	4.21494e-06	4.49505
0.000796624	806.804	4.21494e-06	5.76536
0.000805054	827.241	4.21494e-06	17.4519
0.000813484	819.103	4.21494e-06	4.61371
0.000821914	840.378	4.21494e-06	9.66009
0.000830344	827.083	4.21494e-06	4.63463
0.000838774	846.939	4.21494e-06	5.49237
0.000847204	848.749	4.21494e-06	4.74001
0.000855633	880.977	4.21494e-06	13.5088
0.000864063	857.973	4.21494e-06	4.5376
0.000872493	885.313	4.21494e-06	17.8734
0.000880923	870.015	4.21494e-06	4.69544
0.000889353	874.704	4.21494e-06	6.57458
0.000897783	886.397	4.21494e-06	4.76116
0.000906213	886.67	4.21494e-06	4.75841
0.000914643	903.911	4.21494e-06	6.78993
0.000923072	890.23	4.21494e-06	4.55232
0.000931502	897.097	4.21494e-06	5.7177
0.000939932	895.414	4.21494e-06	4.33947
0.000948362	900.404	4.21494e-06	4.91257
0.000956792	907.597	4.21494e-06	5.67525
0.000965222	899.799	4.21494e-06	4.37255
0.000973652	906.787	4.21494e-06	4.78453
0.000982082	914.206	4.21494e-06	5.20127
0.000990512	899.791	4.21494e-06	4.40214
0.000998941	911.895	4.21494e-06	5.49648
0.00100737	906.837	4.21494e-06	5.92652
0.0010158	910.307	4.21494e-06	4.74825
0.00102423	907.425	4.21494e-06	4.57897
0.00103266	919.882	4.21494e-06	7.30193
0.00104109	904.449	4.21494e-06	4.36084
0.00104952	912.83	4.21494e-06	4.75519
0.00105795	907.852	4.21494e-06	4.58984
0.00106638	904.296	4.21494e-06	4.57452
0.00107481	903.803	4.21494e-06	5.09951
0.00108324	906.134	4.21494e-06	5.65301
0.00109167	897.287	4.21494e-06	4.3102
0.0011001	911.707	4.21494e-06	4.45673
0.00110853	890.789	4.21494e-06	4.28044
0.00111696	898.318	4.21494e-06	4.9148
0.00112539	884.955	4.21494e-06	4.33207
0.00113382	872.215	4.21494e-06	3.9641
0.00114225	882.118	4.21494e-06	4.49316
0.00115068	869.87	4.21494e-06	4.20815
0.00115911	869.008	4.21494e-06	4.32689
0.00116754	864.892	4.21494e-06	4.43196
0.00117597	858.189	4.21494e-06	4.38996
0.0011844	855.524	4.21494e-06	4.09226
0.00119283	857.002	4.21494e-06	4.35115
0.00120126	841.927	4.21494e-06	4.00327
0.00120969	835.839	4.21494e-06	3.9625
0.00121812	834.092	4.21494e-06	4.73379
0.00122655	825.294	4.21494e-06	4.28548
0.00123498	819.146	4.21494e-06	3.87134
0.00124341	815.369	4.21494e-06	3.80294
0.00125184	797.999	4.21494e-06	3.79731
0.00126027	793.16	4.21494e-06	3.74273
0.0012687	785.916	4.21494e-06	3.77906
0.00127713	790.378	4.21494e-06	5.97401
0.00128556	765.47	4.21494e-06	3.71886
0.00129399	769.083	4.21494e-06	3.98386
0.00130242	758.491	4.21494e-06	3.8912
0.00131085	759.753	4.21494e-06	7.9215
0.00131928	738.935	4.21494e-06	4.10606
0.00132771	730.001	4.21494e-06	3.72495
0.00133614	726.119	4.21494e-06	4.30284
0.00134457	715.228	4.21494e-06	3.51656
0.001353	703.319	4.21494e-06	3.62801
0.00136143	700.962	4.21494e-06	4.38075
0.00136986	681.462	4.21494e-06	3.28762
0.00137829	682.361	4.21494e-06	4.83731
0.00138672	669.384	4.21494e-06	4.26956
0.00139515	655.71	4.21494e-06	3.71817
0.00140358	650.59	4.21494e-06	3.22768
0.00141201	634.721	4.21494e-06	3.16822
0.00142044	636.184	4.21494e-06	3.49987
0.00142887	620.493	4.21494e-06	3.1631
0.0014373	613.714	4.21494e-06	3.1047
0.00144573	601.294	4.21494e-06	3.1965
0.00145416	589.296	4.21494e-06	2.95605
0.00146259	581.39	4.21494e-06	3.77637
0.00147102	574.945	4.21494e-06	3.12327
0.00147944	557.226	4.21494e-06	2.87053
0.00148787	549.798	4.21494e-06	2.93279
0.0014963	541.867	4.21494e-06	2.88883
0.00150473	529.053	4.21494e-06	2.88932
0.00151316	520.529	4.21494e-06	2.69345
0.00152159	516.411	4.21494e-06	3.32894
0.00153002	507.036	4.21494e-06	2.88263
0.00153845	494.109	4.21494e-06	2.72028
0.00154688	485.399	4.21494e-06	3.47888
0.00155531	481.01	4.21494e-06	2.77973
0.00156374	465.157	4.21494e-06	2.52776
0.00157217	456.132	4.21494e-06	2.57347
0.0015806	450.696	4.21494e-06	2.60049
0.00158903	440.725	4.21494e-06	2.59118
0.00159746	430.915	4.21494e-06	2.55068
0.00160589	423.3	4.21494e-06	2.72426
0.00161432	411.606	4.21494e-06	2.84372
0.00162275	402.901	4.21494e-06	2.36619
0.00163118	397.352	4.21494e-06	2.57156
0.00163961	382.573	4.21494e-06	2.28181
0.00164804	377.722	4.21494e-06	2.50819
0.00165647	367.809	4.21494e-06	2.20482
0.0016649	355.788	4.21494e-06	2.17735
0.00167333	347.477	4.21494e-06	2.20705
0.00168176	342.46	4.21494e-06	2.18262
0.00169019	336.14	4.21494e-06	2.22576
0.00169862	323.06	4.21494e-06	2.2114
0.00170705	317.798	4.21494e-06	2.01392
0.00171548	314.026	4.21494e-06	2.11532
0.00172391	303.199	4.21494e-06	2.29956
0.00173234	295.052	4.21494e-06	1.89089
0.00174077	287.216	4.21494e-06	1.92524
0.0017492	281.257	4.21494e-06	1.85345
0.00175763	272.352	4.21494e-06	1.98452
0.00176606	267.68	4.21494e-06	1.99772
0.00177449	261.249	4.21494e-06	1.8252
0.00178292	248.61	4.21494e-06	1.77426
0.00179135	246.267	4.21494e-06	2.07179
0.00179978	237.809	4.21494e-06	1.71766
0.00180821	231.314	4.21494e-06	1.76295
0.00181664	224.144	4.21494e-06	1.63161
0.00182507	218.717	4.21494e-06	1.64143
0.0018335	210.555	4.21494e-06	1.55081
0.00184193	204.927	4.21494e-06	1.5795
0.00185036	198.323	4.21494e-06	1.53672
0.00185879	192.902	4.21494e-06	1.52533
0.00186722	183.791	4.21494e-06	1.46259
0.00187565	180.86	4.21494e-06	1.43225
0.00188408	175.41	4.21494e-06	1.41696
0.00189251	169.459	4.21494e-06	1.48098
0.00190094	165.086	4.21494e-06	1.37856
0.00190937	158.502	4.21494e-06	1.32895
0.0019178	154.921	4.21494e-06	1.32792
0.00192623	148.681	4.21494e-06	1.27558
0.00193466	145.898	4.21494e-06	1.276
0.00194309	138.512	4.21494e-06	1.23048
0.00195152	132.641	4.21494e-06	1.19915
0.00195995	130.368	4.21494e-06	1.2052
0.00196838	124.726	4.21494e-06	1.15522
0.00197681	120.192	4.21494e-06	1.13139
0.00198524	116.399	4.21494e-06	1.1152
0.00199367	113.282	4.21494e-06	1.09025
0.0020021	108.676	4.21494e-06	1.07091
0.00201053	104.405	4.21494e-06	1.05112
0.00201896	101.492	4.21494e-06	1.0331
0.00202739	98.6711	4.21494e-06	1.01206
0.00203582	94.1207	4.21494e-06	0.996651
0.00204425	89.5397	4.21494e-06	0.977028
0.00205268	85.5238	4.21494e-06	0.937419
0.00206111	83.0735	4.21494e-06	0.92681
0.00206954	79.948	4.21494e-06	0.906743
0.00207797	76.3597	4.21494e-06	0.885217
0.0020864	72.9722	4.21494e-06	0.862386
0.00209483	71.3596	4.21494e-06	0.848989
0.00210326	67.9232	4.21494e-06	0.825138
0.00211169	64.9344	4.21494e-06	0.810775
0.00212012	63.2697	4.21494e-06	0.797648
0.00212855	59.1374	4.21494e-06	0.770127
0.00213698	58.2714	4.21494e-06	0.761955
0.00214541	56.3157	4.21494e-06	0.752284
0.00215384	52.3163	4.21494e-06	0.71933
0.00216227	50.8075	4.21494e-06	0.709689
0.0021707	49.0505	4.21494e-06	0.693353
0.00217913	46.8888	4.21494e-06	0.677846
0.00218756	43.6535	4.21494e-06	0.653963
0.00219599	42.3315	4.21494e-06	0.640306
0.00220442	40.6124	4.21494e-06	0.630447
0.00221285	38.1531	4.21494e-06	0.609481
0.00222127	36.7027	4.21494e-06	0.596803
0.0022297	35.8559	4.21494e-06	0.586346
0.00223813	32.8195	4.21494e-06	0.558064
0.00224656	33.0978	4.21494e-06	0.562103
0.00225499	29.5899	4.21494e-06	0.532554
0.00226342	28.1941	4.21494e-06	0.515282
0.00227185	27.8393	4.21494e-06	0.514074
0.00228028	26.0347	4.21494e-06	0.494415
0.00228871	24.135	4.21494e-06	0.47489
0.00229714	22.9788	4.21494e-06	0.465239
0.00230557	21.9	4.21494e-06	0.453446
0.002314	20.1586	4.21494e-06	0.433759
0.00232243	19.9208	4.21494e-06	0.428813
0.00233086	18.7033	4.21494e-06	0.415333
0.00233929	17.116	4.21494e-06	0.39769
0.00234772	15.9541	4.21494e-06	0.381922
0.00235615	15.8419	4.21494e-06	0.381361
0.00236458	13.8627	4.21494e-06	0.354506
0.00237301	13.9673	4.21494e-06	0.403305
0.00238144	12.7584	4.21494e-06	0.338606
0.00238987	11.4035	4.21494e-06	0.319119
0.0023983	10.5498	4.21494e-06	0.306621
0.00240673	10.3496	4.21494e-06	0.305537
0.00241516	8.92873	4.21494e-06	0.281313
0.00242359	8.87103	4.21494e-06	0.281569
0.00243202	8.20466	4.21494e-06	0.268861
0.00244045	7.44548	4.21494e-06	0.261842
0.00244888	6.54652	4.21494e-06	0.239646
0.00245731	6.28522	4.21494e-06	0.233496
0.00246574	5.56909	4.21494e-06	0.219869
0.00247417	5.1198	4.21494e-06	0.210202
0.0024826	4.77832	4.21494e-06	0.202705
0.00249103	3.9251	4.21494e-06	0.183973
0.00249946	3.59322	4.21494e-06	0.174712
0.00250789	3.05606	4.21494e-06	0.160063
0.00251632	2.63032	4.21494e-06	0.149857
0.00252475	2.41652	4.21494e-06	0.142677
0.00253318	1.80857	4.21494e-06	0.12326
0.00254161	1.723	4.21494e-06	0.120034
0.00255004	1.20343	4.21494e-06	0.10043
0.00255847	0.890229	4.21494e-06	0.086241
0.0025669	0.629836	4.21494e-06	0.0718039
0.00257533	0.22948	4.21494e-06	0.0433782
0.00258376	0.0163099	4.21494e-06	0.0115343
