4.21494e-06	0.0578213	4.21494e-06	0.0232837
1.26448e-05	0.292784	4.21494e-06	0.0649101
2.10747e-05	0.759788	4.21494e-06	0.155165
2.95046e-05	1.56411	4.21494e-06	0.167554
3.79345e-05	2.77381	4.21494e-06	0.265064
4.63644e-05	3.89834	4.21494e-06	0.261744
5.47943e-05	5.45897	4.21494e-06	0.281732
6.32241e-05	7.3247	4.21494e-06	0.363143
7.1654e-05	8.88139	4.21494e-06	0.359491
8.00839e-05	12.1928	4.21494e-06	0.633705
8.85138e-05	15.3514	4.21494e-06	0.77916
9.69437e-05	18.769	4.21494e-06	0.837833
0.000105374	19.7005	4.21494e-06	0.634371
0.000113803	23.168	4.21494e-06	0.698921
0.000122233	27.8288	4.21494e-06	1.06153
0.000130663	30.2657	4.21494e-06	0.719948
0.000139093	37.7315	4.21494e-06	1.087
0.000147523	42.6388	4.21494e-06	1.26574
0.000155953	45.4698	4.21494e-06	1.49518
0.000164383	50.3938	4.21494e-06	1.20742
0.000172813	54.8805	4.21494e-06	1.26117
0.000181243	60.7114	4.21494e-06	1.15217
0.000189672	68.4564	4.21494e-06	1.66882
0.000198102	72.4299	4.21494e-06	1.2811
0.000206532	80.0726	4.21494e-06	1.9392
0.000214962	86.2546	4.21494e-06	1.48663
0.000223392	95.4513	4.21494e-06	1.90711
0.000231822	97.4875	4.21494e-06	1.53779
0.000240252	107.562	4.21494e-06	1.79166
0.000248682	115.997	4.21494e-06	1.85091
0.000257112	120.221	4.21494e-06	1.74118
0.000265541	127.185	4.21494e-06	1.92359
0.000273971	133.334	4.21494e-06	1.68785
0.000282401	142.139	4.21494e-06	1.74251
0.000290831	166.801	4.21494e-06	7.23011
0.000299261	162.176	4.21494e-06	2.84779
0.000307691	170.863	4.21494e-06	2.10318
0.000316121	175.899	4.21494e-06	2.10782
0.000324551	195.763	4.21494e-06	3.59121
0.00033298	200.573	4.21494e-06	2.39588
0.00034141	206.922	4.21494e-06	3.04274
0.00034984	217.539	4.21494e-06	2.28045
0.00035827	231.022	4.21494e-06	2.98884
0.0003667	236.064	4.21494e-06	2.56395
0.00037513	248.69	4.21494e-06	3.17735
0.00038356	260.374	4.21494e-06	3.50148
0.00039199	271.463	4.21494e-06	5.23773
0.00040042	277.169	4.21494e-06	2.60114
0.000408849	283.039	4.21494e-06	2.57586
0.000417279	298.16	4.21494e-06	2.64522
0.000425709	310.059	4.21494e-06	2.89243
0.000434139	319.428	4.21494e-06	3.18376
0.000442569	329.839	4.21494e-06	2.94652
0.000450999	337.652	4.21494e-06	2.77282
0.000459429	354.167	4.21494e-06	3.13538
0.000467859	370.486	4.21494e-06	5.55353
0.000476289	374.067	4.21494e-06	3.37036
0.000484718	391.393	4.21494e-06	4.60406
0.000493148	398.885	4.21494e-06	3.76417
0.000501578	404.601	4.21494e-06	3.04383
0.000510008	433.211	4.21494e-06	5.26601
0.000518438	435.75	4.21494e-06	3.6236
0.000526868	449.552	4.21494e-06	3.87448
0.000535298	454.808	4.21494e-06	3.4966
0.000543728	466.011	4.21494e-06	3.73198
0.000552158	488.398	4.21494e-06	4.85352
0.000560587	494.996	4.21494e-06	3.95847
0.000569017	496.595	4.21494e-06	4.05759
0.000577447	529.134	4.21494e-06	4.76027
0.000585877	533.061	4.21494e-06	4.33419
0.000594307	547.646	4.21494e-06	5.04914
0.000602737	558.174	4.21494e-06	4.07745
0.000611167	561.985	4.21494e-06	3.96196
0.000619597	575.89	4.21494e-06	4.24952
0.000628026	595.494	4.21494e-06	7.32779
0.000636456	605.277	4.21494e-06	4.99039
0.000644886	624.068	4.21494e-06	5.02317
0.000653316	619.794	4.21494e-06	4.39054
0.000661746	644.492	4.21494e-06	6.01705
0.000670176	637.792	4.21494e-06	4.16187
0.000678606	660.491	4.21494e-06	4.90048
0.000687036	658.868	4.21494e-06	4.68116
0.000695466	674.293	4.21494e-06	4.54803
0.000703895	695.822	4.21494e-06	8.37289
0.000712325	694.596	4.21494e-06	5.06628
0.000720755	707.398	4.21494e-06	4.98005
0.000729185	719.46	4.21494e-06	5.51767
0.000737615	729.945	4.21494e-06	5.14749
0.000746045	753.361	4.21494e-06	6.6408
0.000754475	742.71	4.21494e-06	4.64317
0.000762905	754.067	4.21494e-06	5.1079
0.000771335	759.365	4.21494e-06	4.62439
0.000779764	776.425	4.21494e-06	4.8674
0.000788194	788.822	4.21494e-06	5.48404
0.000796624	786.441	4.21494e-06	5.10814
0.000805054	799.883	4.21494e-06	5.32648
0.000813484	810.399	4.21494e-06	5.49865
0.000821914	820.348	4.21494e-06	5.78139
0.000830344	831.789	4.21494e-06	6.33791
0.000838774	825.694	4.21494e-06	5.32314
0.000847204	828.681	4.21494e-06	5.56653
0.000855633	846.416	4.21494e-06	5.09888
0.000864063	849.643	4.21494e-06	5.18331
0.000872493	846.212	4.21494e-06	5.37357
0.000880923	846.898	4.21494e-06	5.40997
0.000889353	862.61	4.21494e-06	5.32637
0.000897783	868.696	4.21494e-06	5.0896
0.000906213	873.923	4.21494e-06	5.72938
0.000914643	884.923	4.21494e-06	6.00555
0.000923072	888.395	4.21494e-06	6.03722
0.000931502	892.066	4.21494e-06	6.83497
0.000939932	894.472	4.21494e-06	6.10385
0.000948362	885.026	4.21494e-06	5.58221
0.000956792	898.659	4.21494e-06	5.89653
0.000965222	900.721	4.21494e-06	5.53655
0.000973652	890.085	4.21494e-06	4.93476
0.000982082	921.036	4.21494e-06	6.82598
0.000990512	904.91	4.21494e-06	5.83927
0.000998941	909.997	4.21494e-06	6.07266
0.00100737	915.441	4.21494e-06	6.05294
0.0010158	902.04	4.21494e-06	5.56699
0.00102423	909.536	4.21494e-06	5.89663
0.00103266	920.896	4.21494e-06	6.36476
0.00104109	907.345	4.21494e-06	5.80079
0.00104952	913.987	4.21494e-06	6.49213
0.00105795	906.701	4.21494e-06	5.58066
0.00106638	899.33	4.21494e-06	6.02096
0.00107481	903.884	4.21494e-06	6.0673
0.00108324	901.509	4.21494e-06	6.04343
0.00109167	892.311	4.21494e-06	5.30033
0.0011001	895.589	4.21494e-06	6.17482
0.00110853	909.088	4.21494e-06	6.32068
0.00111696	901.076	4.21494e-06	6.35781
0.00112539	893.713	4.21494e-06	6.58251
0.00113382	897.937	4.21494e-06	8.37635
0.00114225	889.517	4.21494e-06	5.74758
0.00115068	885.051	4.21494e-06	6.72646
0.00115911	879.994	4.21494e-06	6.16578
0.00116754	888.096	4.21494e-06	7.43019
0.00117597	870.59	4.21494e-06	6.27589
0.0011844	848.015	4.21494e-06	5.39599
0.00119283	853.317	4.21494e-06	6.01125
0.00120126	846.497	4.21494e-06	5.21911
0.00120969	869.351	4.21494e-06	8.73197
0.00121812	842.589	4.21494e-06	6.817
0.00122655	837.357	4.21494e-06	11.275
0.00123498	828.129	4.21494e-06	6.46628
0.00124341	828.259	4.21494e-06	5.64215
0.00125184	830.058	4.21494e-06	6.80349
0.00126027	814.273	4.21494e-06	6.34311
0.0012687	806.185	4.21494e-06	5.70123
0.00127713	793.358	4.21494e-06	5.77238
0.00128556	792.969	4.21494e-06	5.6226
0.00129399	778.278	4.21494e-06	5.99514
0.00130242	776.643	4.21494e-06	5.75299
0.00131085	761.183	4.21494e-06	5.4464
0.00131928	773.818	4.21494e-06	7.86263
0.00132771	755.636	4.21494e-06	5.87841
0.00133614	735.836	4.21494e-06	5.88782
0.00134457	721.253	4.21494e-06	4.98312
0.001353	710.902	4.21494e-06	5.13115
0.00136143	718.596	4.21494e-06	5.73664
0.00136986	705.951	4.21494e-06	6.51918
0.00137829	697.062	4.21494e-06	5.25062
0.00138672	689.477	4.21494e-06	5.68382
0.00139515	671.02	4.21494e-06	4.86948
0.00140358	667.375	4.21494e-06	5.70662
0.00141201	654.574	4.21494e-06	4.98437
0.00142044	649.941	4.21494e-06	5.59961
0.00142887	652.818	4.21494e-06	11.2099
0.0014373	632.578	4.21494e-06	5.65689
0.00144573	648.984	4.21494e-06	17.4831
0.00145416	601.016	4.21494e-06	4.48407
0.00146259	607.572	4.21494e-06	6.36406
0.00147102	593.578	4.21494e-06	5.50077
0.00147944	575.454	4.21494e-06	5.07473
0.00148787	564.974	4.21494e-06	4.44584
0.0014963	568.428	4.21494e-06	6.3415
0.00150473	565.441	4.21494e-06	6.32514
0.00151316	534.89	4.21494e-06	4.6532
0.00152159	524.377	4.21494e-06	4.36427
0.00153002	525.039	4.21494e-06	7.35675
0.00153845	508.391	4.21494e-06	4.26873
0.00154688	500.449	4.21494e-06	4.36635
0.00155531	490.217	4.21494e-06	4.24787
0.00156374	489.256	4.21494e-06	4.51209
0.00157217	474.812	4.21494e-06	4.4823
0.0015806	451.422	4.21494e-06	4.22409
0.00158903	450.713	4.21494e-06	4.06878
0.00159746	447.825	4.21494e-06	4.38254
0.00160589	443.961	4.21494e-06	4.95638
0.00161432	428.704	4.21494e-06	4.03412
0.00162275	421.774	4.21494e-06	4.24466
0.00163118	410.655	4.21494e-06	4.34535
0.00163961	403.135	4.21494e-06	4.39388
0.00164804	383.894	4.21494e-06	3.64313
0.00165647	378.098	4.21494e-06	3.72486
0.0016649	369.913	4.21494e-06	3.75317
0.00167333	360.1	4.21494e-06	3.59493
0.00168176	352.171	4.21494e-06	3.40247
0.00169019	343.859	4.21494e-06	3.89592
0.00169862	340.568	4.21494e-06	4.64712
0.00170705	325.752	4.21494e-06	3.55732
0.00171548	323.371	4.21494e-06	3.8766
0.00172391	312.118	4.21494e-06	3.77945
0.00173234	306.132	4.21494e-06	3.48571
0.00174077	304.176	4.21494e-06	5.26909
0.0017492	297.969	4.21494e-06	4.69408
0.00175763	280.552	4.21494e-06	3.16687
0.00176606	271.329	4.21494e-06	3.0503
0.00177449	266.629	4.21494e-06	2.98581
0.00178292	263.213	4.21494e-06	3.18662
0.00179135	250.108	4.21494e-06	3.03619
0.00179978	246.496	4.21494e-06	3.03594
0.00180821	262.453	4.21494e-06	10.5855
0.00181664	234.707	4.21494e-06	3.40698
0.00182507	224.553	4.21494e-06	2.9365
0.0018335	218.05	4.21494e-06	2.77035
0.00184193	215.605	4.21494e-06	3.48775
0.00185036	201.558	4.21494e-06	2.72376
0.00185879	199.197	4.21494e-06	3.22231
0.00186722	196.557	4.21494e-06	3.10034
0.00187565	194.397	4.21494e-06	2.84845
0.00188408	183.772	4.21494e-06	2.57404
0.00189251	179.25	4.21494e-06	2.53718
0.00190094	172.824	4.21494e-06	3.08843
0.00190937	171.172	4.21494e-06	3.04698
0.0019178	162.001	4.21494e-06	2.72804
0.00192623	156.795	4.21494e-06	2.49487
0.00193466	152.333	4.21494e-06	2.56247
0.00194309	144.792	4.21494e-06	2.67747
0.00195152	139.979	4.21494e-06	2.21989
0.00195995	136.323	4.21494e-06	2.2819
0.00196838	134.873	4.21494e-06	4.85135
0.00197681	127.471	4.21494e-06	2.16756
0.00198524	122.533	4.21494e-06	2.58579
0.00199367	119.361	4.21494e-06	2.06702
0.0020021	118.84	4.21494e-06	2.9296
0.00201053	111.097	4.21494e-06	2.11007
0.00201896	107.175	4.21494e-06	1.98349
0.00202739	102.758	4.21494e-06	1.96253
0.00203582	122.941	4.21494e-06	15.9216
0.00204425	97.2852	4.21494e-06	1.96659
0.00205268	92.1387	4.21494e-06	1.88324
0.00206111	86.4066	4.21494e-06	1.81312
0.00206954	87.8113	4.21494e-06	1.83907
0.00207797	87.4208	4.21494e-06	3.40898
0.0020864	79.9412	4.21494e-06	1.80683
0.00209483	76.3507	4.21494e-06	1.56558
0.00210326	72.6292	4.21494e-06	1.6712
0.00211169	74.0377	4.21494e-06	2.27886
0.00212012	68.1374	4.21494e-06	1.52798
0.00212855	63.9497	4.21494e-06	1.72107
0.00213698	61.4082	4.21494e-06	1.53346
0.00214541	58.1368	4.21494e-06	1.87599
0.00215384	55.9814	4.21494e-06	1.75914
0.00216227	55.9514	4.21494e-06	1.8488
0.0021707	56.1903	4.21494e-06	3.10165
0.00217913	50.201	4.21494e-06	1.41333
0.00218756	46.6518	4.21494e-06	1.23195
0.00219599	44.1182	4.21494e-06	1.36219
0.00220442	41.2627	4.21494e-06	1.11081
0.00221285	38.6899	4.21494e-06	1.16408
0.00222127	39.9657	4.21494e-06	1.27906
0.0022297	40.9626	4.21494e-06	2.42614
0.00223813	35.1654	4.21494e-06	1.26278
0.00224656	33.5969	4.21494e-06	1.17475
0.00225499	31.797	4.21494e-06	1.0607
0.00226342	29.2625	4.21494e-06	1.01366
0.00227185	30.1789	4.21494e-06	2.32219
0.00228028	28.1333	4.21494e-06	1.006
0.00228871	26.8561	4.21494e-06	1.00244
0.00229714	24.6963	4.21494e-06	1.09756
0.00230557	23.6306	4.21494e-06	1.12713
0.002314	24.6096	4.21494e-06	1.14605
0.00232243	21.2774	4.21494e-06	0.971039
0.00233086	18.6565	4.21494e-06	0.797059
0.00233929	17.7405	4.21494e-06	0.91663
0.00234772	18.4463	4.21494e-06	0.924108
0.00235615	16.568	4.21494e-06	0.756456
0.00236458	16.2492	4.21494e-06	0.84901
0.00237301	16.3713	4.21494e-06	2.17461
0.00238144	13.3565	4.21494e-06	0.703772
0.00238987	13.3103	4.21494e-06	0.786003
0.0023983	10.9218	4.21494e-06	0.609216
0.00240673	10.9632	4.21494e-06	0.640644
0.00241516	10.3609	4.21494e-06	0.599095
0.00242359	9.33173	4.21494e-06	0.56186
0.00243202	8.86222	4.21494e-06	0.588353
0.00244045	8.11871	4.21494e-06	0.78819
0.00244888	7.6763	4.21494e-06	0.712156
0.00245731	6.03009	4.21494e-06	0.422958
0.00246574	6.39362	4.21494e-06	0.615542
0.00247417	6.48179	4.21494e-06	0.782387
0.0024826	5.21836	4.21494e-06	0.563139
0.00249103	5.24673	4.21494e-06	0.680399
0.00249946	3.83196	4.21494e-06	0.776329
0.00250789	4.13994	4.21494e-06	0.482542
0.00251632	3.03995	4.21494e-06	0.297525
0.00252475	2.94256	4.21494e-06	0.414007
0.00253318	2.16605	4.21494e-06	0.328288
0.00254161	1.82546	4.21494e-06	0.339801
0.00255004	1.28573	4.21494e-06	0.18001
0.00255847	0.927885	4.21494e-06	0.215266
0.0025669	0.681734	4.21494e-06	0.183242
0.00257533	0.315424	4.21494e-06	0.101572
0.00258376	0	4.21494e-06	0
