4.21494e-06	0.0850824	4.21494e-06	0.0455656
1.26448e-05	0.488158	4.21494e-06	0.160199
2.10747e-05	0.927223	4.21494e-06	0.148646
2.95046e-05	1.63473	4.21494e-06	0.177123
3.79345e-05	2.5374	4.21494e-06	0.234065
4.63644e-05	4.49244	4.21494e-06	0.343704
5.47943e-05	5.60816	4.21494e-06	0.424908
6.32241e-05	7.76344	4.21494e-06	0.522637
7.1654e-05	11.0591	4.21494e-06	0.612701
8.00839e-05	13.2975	4.21494e-06	0.59311
8.85138e-05	15.159	4.21494e-06	0.631737
9.69437e-05	20.2382	4.21494e-06	0.903246
0.000105374	23.8804	4.21494e-06	1.12101
0.000113803	26.9788	4.21494e-06	0.99798
0.000122233	30.6873	4.21494e-06	1.16922
0.000130663	33.7728	4.21494e-06	0.993005
0.000139093	40.3429	4.21494e-06	1.50706
0.000147523	51.197	4.21494e-06	2.87222
0.000155953	51.1165	4.21494e-06	1.30556
0.000164383	55.4898	4.21494e-06	1.46246
0.000172813	58.1764	4.21494e-06	1.38437
0.000181243	69.7863	4.21494e-06	1.82905
0.000189672	77.6032	4.21494e-06	3.50363
0.000198102	79.6335	4.21494e-06	1.71593
0.000206532	83.8984	4.21494e-06	1.60004
0.000214962	92.8569	4.21494e-06	1.79888
0.000223392	150.628	4.21494e-06	34.378
0.000231822	113.2	4.21494e-06	4.21558
0.000240252	113.788	4.21494e-06	1.92041
0.000248682	128.95	4.21494e-06	2.51278
0.000257112	130.699	4.21494e-06	2.25077
0.000265541	138.119	4.21494e-06	2.1844
0.000273971	149.856	4.21494e-06	2.49781
0.000282401	155.322	4.21494e-06	2.22195
0.000290831	172.537	4.21494e-06	3.3341
0.000299261	172.004	4.21494e-06	2.56817
0.000307691	210.388	4.21494e-06	19.5734
0.000316121	192.316	4.21494e-06	2.42597
0.000324551	205.252	4.21494e-06	2.87702
0.00033298	215.877	4.21494e-06	3.03007
0.00034141	220.221	4.21494e-06	2.54365
0.00034984	236.245	4.21494e-06	2.86434
0.00035827	244.033	4.21494e-06	2.96427
0.0003667	255.044	4.21494e-06	3.45302
0.00037513	266.345	4.21494e-06	3.14096
0.00038356	271.621	4.21494e-06	3.29448
0.00039199	290.252	4.21494e-06	3.60426
0.00040042	303.455	4.21494e-06	3.67227
0.000408849	307.821	4.21494e-06	3.8075
0.000417279	317.516	4.21494e-06	3.52862
0.000425709	340.207	4.21494e-06	4.14884
0.000434139	345.827	4.21494e-06	3.34518
0.000442569	358.802	4.21494e-06	3.9461
0.000450999	364.1	4.21494e-06	4.15185
0.000459429	387.426	4.21494e-06	4.78511
0.000467859	393.336	4.21494e-06	3.9977
0.000476289	398.438	4.21494e-06	3.52929
0.000484718	413.364	4.21494e-06	3.74547
0.000493148	425.009	4.21494e-06	4.09742
0.000501578	428.667	4.21494e-06	3.74693
0.000510008	453.203	4.21494e-06	4.90522
0.000518438	453.433	4.21494e-06	3.74395
0.000526868	473.259	4.21494e-06	4.00933
0.000535298	485.878	4.21494e-06	3.8803
0.000543728	500.027	4.21494e-06	5.23776
0.000552158	516.65	4.21494e-06	4.81354
0.000560587	522.218	4.21494e-06	4.09987
0.000569017	535.363	4.21494e-06	4.92412
0.000577447	539.174	4.21494e-06	4.08277
0.000585877	553.469	4.21494e-06	4.62886
0.000594307	570.264	4.21494e-06	4.2501
0.000602737	574.586	4.21494e-06	3.91431
0.000611167	584.756	4.21494e-06	4.37504
0.000619597	606.091	4.21494e-06	5.75923
0.000628026	618.872	4.21494e-06	4.44775
0.000636456	624.989	4.21494e-06	5.74338
0.000644886	644.853	4.21494e-06	4.50588
0.000653316	659.601	4.21494e-06	5.56801
0.000661746	659.516	4.21494e-06	4.70498
0.000670176	674.127	4.21494e-06	4.71138
0.000678606	675.783	4.21494e-06	4.41535
0.000687036	702.904	4.21494e-06	7.56465
0.000695466	702.058	4.21494e-06	5.1042
0.000703895	714.875	4.21494e-06	4.62484
0.000712325	710.25	4.21494e-06	4.27679
0.000720755	725.498	4.21494e-06	4.62614
0.000729185	741.482	4.21494e-06	4.82552
0.000737615	742.644	4.21494e-06	4.33444
0.000746045	763.426	4.21494e-06	6.41189
0.000754475	768.007	4.21494e-06	5.90998
0.000762905	774.425	4.21494e-06	4.54985
0.000771335	777.747	4.21494e-06	4.27084
0.000779764	790.088	4.21494e-06	4.70025
0.000788194	797.473	4.21494e-06	4.70923
0.000796624	805.411	4.21494e-06	4.41134
0.000805054	802.856	4.21494e-06	4.24208
0.000813484	824.814	4.21494e-06	4.88033
0.000821914	839.572	4.21494e-06	5.1515
0.000830344	840.263	4.21494e-06	4.86154
0.000838774	845.673	4.21494e-06	4.82956
0.000847204	850.156	4.21494e-06	4.9662
0.000855633	857.587	4.21494e-06	4.95976
0.000864063	855.983	4.21494e-06	4.6292
0.000872493	859.487	4.21494e-06	4.36448
0.000880923	879.334	4.21494e-06	4.74156
0.000889353	880.995	4.21494e-06	4.59598
0.000897783	873.096	4.21494e-06	4.78476
0.000906213	895.23	4.21494e-06	4.72618
0.000914643	884.709	4.21494e-06	4.97503
0.000923072	898.606	4.21494e-06	5.50098
0.000931502	899.833	4.21494e-06	4.82436
0.000939932	892.379	4.21494e-06	4.49364
0.000948362	906.54	4.21494e-06	5.30407
0.000956792	900.605	4.21494e-06	4.56462
0.000965222	913.402	4.21494e-06	6.04218
0.000973652	911.759	4.21494e-06	4.40879
0.000982082	902.991	4.21494e-06	4.741
0.000990512	910.287	4.21494e-06	4.44491
0.000998941	923.538	4.21494e-06	5.38543
0.00100737	913.602	4.21494e-06	4.6756
0.0010158	908.002	4.21494e-06	4.75065
0.00102423	910.993	4.21494e-06	4.45793
0.00103266	913.788	4.21494e-06	4.78468
0.00104109	911.744	4.21494e-06	4.4338
0.00104952	908.991	4.21494e-06	4.3907
0.00105795	906.684	4.21494e-06	4.45559
0.00106638	915.247	4.21494e-06	4.6384
0.00107481	903.18	4.21494e-06	4.47464
0.00108324	895.868	4.21494e-06	4.37033
0.00109167	895.687	4.21494e-06	4.12159
0.0011001	895.569	4.21494e-06	4.21808
0.00110853	890.102	4.21494e-06	4.34374
0.00111696	896.104	4.21494e-06	4.52244
0.00112539	885.33	4.21494e-06	5.62863
0.00113382	874.712	4.21494e-06	4.20259
0.00114225	871.369	4.21494e-06	4.07882
0.00115068	872.142	4.21494e-06	4.03917
0.00115911	865.84	4.21494e-06	4.09387
0.00116754	863.218	4.21494e-06	4.12342
0.00117597	864.773	4.21494e-06	3.93721
0.0011844	856.132	4.21494e-06	5.27669
0.00119283	848.423	4.21494e-06	3.84959
0.00120126	853.847	4.21494e-06	4.02821
0.00120969	845.553	4.21494e-06	4.08652
0.00121812	838.688	4.21494e-06	6.34252
0.00122655	821.12	4.21494e-06	3.68546
0.00123498	817.579	4.21494e-06	3.81442
0.00124341	808.068	4.21494e-06	3.63462
0.00125184	802.039	4.21494e-06	3.69119
0.00126027	799.984	4.21494e-06	3.79881
0.0012687	801.646	4.21494e-06	7.30181
0.00127713	781.154	4.21494e-06	3.83629
0.00128556	766.844	4.21494e-06	3.694
0.00129399	762.267	4.21494e-06	3.75368
0.00130242	753.577	4.21494e-06	3.97535
0.00131085	739.315	4.21494e-06	3.6051
0.00131928	738.225	4.21494e-06	3.62791
0.00132771	732.984	4.21494e-06	3.59115
0.00133614	717.123	4.21494e-06	3.27779
0.00134457	715.496	4.21494e-06	3.51247
0.001353	702.753	4.21494e-06	3.37721
0.00136143	689.577	4.21494e-06	3.2191
0.00136986	683.586	4.21494e-06	3.41737
0.00137829	677.782	4.21494e-06	4.14985
0.00138672	665.259	4.21494e-06	4.1221
0.00139515	653.125	4.21494e-06	3.19943
0.00140358	646.863	4.21494e-06	3.10109
0.00141201	640.462	4.21494e-06	3.63005
0.00142044	625.887	4.21494e-06	3.11998
0.00142887	617.099	4.21494e-06	3.29192
0.0014373	610.388	4.21494e-06	3.18853
0.00144573	601.298	4.21494e-06	3.78845
0.00145416	590.245	4.21494e-06	3.14707
0.00146259	581.98	4.21494e-06	2.85643
0.00147102	570.781	4.21494e-06	2.89818
0.00147944	564.152	4.21494e-06	4.26812
0.00148787	554.293	4.21494e-06	2.73962
0.0014963	541.685	4.21494e-06	3.02057
0.00150473	533.863	4.21494e-06	2.79359
0.00151316	522.969	4.21494e-06	3.17653
0.00152159	512.931	4.21494e-06	2.67272
0.00153002	502.421	4.21494e-06	2.73529
0.00153845	494.263	4.21494e-06	2.59532
0.00154688	487.971	4.21494e-06	3.18531
0.00155531	468.4	4.21494e-06	2.67683
0.00156374	459.906	4.21494e-06	2.67409
0.00157217	458.725	4.21494e-06	2.48234
0.0015806	447.671	4.21494e-06	2.40687
0.00158903	436.079	4.21494e-06	2.41614
0.00159746	427.897	4.21494e-06	2.45965
0.00160589	420.874	4.21494e-06	2.34097
0.00161432	411.329	4.21494e-06	2.29624
0.00162275	399.786	4.21494e-06	2.42893
0.00163118	389.782	4.21494e-06	2.16839
0.00163961	384.601	4.21494e-06	2.15593
0.00164804	377.202	4.21494e-06	2.18256
0.00165647	364.867	4.21494e-06	2.08591
0.0016649	363.048	4.21494e-06	2.08318
0.00167333	350.389	4.21494e-06	2.04921
0.00168176	339.43	4.21494e-06	2.1461
0.00169019	334.089	4.21494e-06	2.00313
0.00169862	324.13	4.21494e-06	1.93865
0.00170705	316.1	4.21494e-06	1.89876
0.00171548	307.943	4.21494e-06	1.88606
0.00172391	304.527	4.21494e-06	1.86824
0.00173234	297.01	4.21494e-06	1.84443
0.00174077	287.151	4.21494e-06	1.79719
0.0017492	277.895	4.21494e-06	1.7594
0.00175763	272.814	4.21494e-06	1.74211
0.00176606	264.583	4.21494e-06	1.70794
0.00177449	258.01	4.21494e-06	1.68763
0.00178292	247.999	4.21494e-06	1.64525
0.00179135	243.03	4.21494e-06	1.6226
0.00179978	234.206	4.21494e-06	1.5874
0.00180821	227.655	4.21494e-06	1.57525
0.00181664	220.902	4.21494e-06	1.54274
0.00182507	214.653	4.21494e-06	1.52047
0.0018335	209.124	4.21494e-06	1.50027
0.00184193	202.725	4.21494e-06	1.468
0.00185036	199.329	4.21494e-06	1.4511
0.00185879	193.495	4.21494e-06	1.43016
0.00186722	186.658	4.21494e-06	1.40512
0.00187565	180.189	4.21494e-06	1.37233
0.00188408	175.16	4.21494e-06	1.35161
0.00189251	167.511	4.21494e-06	1.31813
0.00190094	164.362	4.21494e-06	1.30592
0.00190937	157.15	4.21494e-06	1.27607
0.0019178	152.165	4.21494e-06	1.25201
0.00192623	143.202	4.21494e-06	1.21451
0.00193466	142.371	4.21494e-06	1.21091
0.00194309	137.694	4.21494e-06	1.18779
0.00195152	134.226	4.21494e-06	1.16768
0.00195995	128.743	4.21494e-06	1.14366
0.00196838	123.279	4.21494e-06	1.11656
0.00197681	120.24	4.21494e-06	1.10301
0.00198524	116.075	4.21494e-06	1.08745
0.00199367	112.952	4.21494e-06	1.06514
0.0020021	107.636	4.21494e-06	1.03766
0.00201053	103.473	4.21494e-06	1.01715
0.00201896	100.164	4.21494e-06	1.00295
0.00202739	96.7964	4.21494e-06	0.98109
0.00203582	93.2771	4.21494e-06	0.964193
0.00204425	88.1462	4.21494e-06	0.934349
0.00205268	83.9605	4.21494e-06	0.910914
0.00206111	81.3265	4.21494e-06	0.892657
0.00206954	79.4531	4.21494e-06	0.885769
0.00207797	76.1239	4.21494e-06	0.862629
0.0020864	73.3858	4.21494e-06	0.848596
0.00209483	69.793	4.21494e-06	0.830748
0.00210326	66.7541	4.21494e-06	0.810156
0.00211169	64.2769	4.21494e-06	0.789467
0.00212012	62.758	4.21494e-06	0.785455
0.00212855	58.922	4.21494e-06	0.752783
0.00213698	56.5653	4.21494e-06	0.739193
0.00214541	55.3275	4.21494e-06	0.726452
0.00215384	50.5858	4.21494e-06	0.694168
0.00216227	50.4531	4.21494e-06	0.696433
0.0021707	47.5767	4.21494e-06	0.672676
0.00217913	46.4507	4.21494e-06	0.665435
0.00218756	43.5475	4.21494e-06	0.641929
0.00219599	41.2806	4.21494e-06	0.624142
0.00220442	38.9869	4.21494e-06	0.604064
0.00221285	38.4888	4.21494e-06	0.599651
0.00222127	36.5912	4.21494e-06	0.585055
0.0022297	33.5845	4.21494e-06	0.558037
0.00223813	31.8362	4.21494e-06	0.543902
0.00224656	30.8449	4.21494e-06	0.536132
0.00225499	29.2369	4.21494e-06	0.519344
0.00226342	28.8154	4.21494e-06	0.51613
0.00227185	26.6078	4.21494e-06	0.493541
0.00228028	26.0836	4.21494e-06	0.488104
0.00228871	24.1925	4.21494e-06	0.46936
0.00229714	22.869	4.21494e-06	0.456962
0.00230557	21.6533	4.21494e-06	0.443253
0.002314	19.9082	4.21494e-06	0.425183
0.00232243	18.9144	4.21494e-06	0.41282
0.00233086	18.1319	4.21494e-06	0.404212
0.00233929	16.9171	4.21494e-06	0.391437
0.00234772	15.7426	4.21494e-06	0.378451
0.00235615	15.0027	4.21494e-06	0.365839
0.00236458	14.1427	4.21494e-06	0.354671
0.00237301	12.7598	4.21494e-06	0.335776
0.00238144	12.218	4.21494e-06	0.328218
0.00238987	11.4465	4.21494e-06	0.318133
0.0023983	10.5143	4.21494e-06	0.320294
0.00240673	9.78753	4.21494e-06	0.2919
0.00241516	9.43455	4.21494e-06	0.285962
0.00242359	8.34675	4.21494e-06	0.269065
0.00243202	7.17729	4.21494e-06	0.249129
0.00244045	7.10793	4.21494e-06	0.247608
0.00244888	6.71312	4.21494e-06	0.239943
0.00245731	6.10112	4.21494e-06	0.22796
0.00246574	5.59951	4.21494e-06	0.218927
0.00247417	4.89255	4.21494e-06	0.203395
0.0024826	4.65833	4.21494e-06	0.198041
0.00249103	4.06845	4.21494e-06	0.185563
0.00249946	3.31442	4.21494e-06	0.167344
0.00250789	3.02815	4.21494e-06	0.158822
0.00251632	2.43209	4.21494e-06	0.143588
0.00252475	2.15381	4.21494e-06	0.13378
0.00253318	1.85772	4.21494e-06	0.123943
0.00254161	1.39992	4.21494e-06	0.107071
0.00255004	1.12509	4.21494e-06	0.0962375
0.00255847	0.644144	4.21494e-06	0.0725098
0.0025669	0.461496	4.21494e-06	0.0611325
0.00257533	0.258079	4.21494e-06	0.0456228
0.00258376	0.0321627	4.21494e-06	0.0160814
