4.21494e-06	0.011127	4.21494e-06	0.011127
1.26448e-05	0.293459	4.21494e-06	0.0642597
2.10747e-05	0.756131	4.21494e-06	0.140933
2.95046e-05	1.47089	4.21494e-06	0.193622
3.79345e-05	2.23333	4.21494e-06	0.193755
4.63644e-05	3.58733	4.21494e-06	0.272095
5.47943e-05	5.31329	4.21494e-06	0.384201
6.32241e-05	7.12879	4.21494e-06	0.418249
7.1654e-05	8.78759	4.21494e-06	0.573241
8.00839e-05	12.4032	4.21494e-06	0.676186
8.85138e-05	14.3202	4.21494e-06	0.594007
9.69437e-05	20.1423	4.21494e-06	0.909427
0.000105374	20.8819	4.21494e-06	0.773497
0.000113803	23.438	4.21494e-06	0.793547
0.000122233	28.4094	4.21494e-06	0.929611
0.000130663	30.0414	4.21494e-06	0.878087
0.000139093	38.4359	4.21494e-06	1.53242
0.000147523	37.7964	4.21494e-06	1.05946
0.000155953	46.0403	4.21494e-06	1.99822
0.000164383	48.7126	4.21494e-06	1.37753
0.000172813	54.9828	4.21494e-06	1.24661
0.000181243	61.9914	4.21494e-06	1.54185
0.000189672	67.8573	4.21494e-06	1.60712
0.000198102	73.0696	4.21494e-06	1.62949
0.000206532	78.57	4.21494e-06	1.54482
0.000214962	84.4212	4.21494e-06	1.78342
0.000223392	89.8795	4.21494e-06	1.60656
0.000231822	101.555	4.21494e-06	2.48673
0.000240252	106.97	4.21494e-06	1.86823
0.000248682	114.78	4.21494e-06	1.93766
0.000257112	119.743	4.21494e-06	2.02699
0.000265541	133.989	4.21494e-06	3.08451
0.000273971	132.126	4.21494e-06	1.86096
0.000282401	141.82	4.21494e-06	2.04489
0.000290831	150.529	4.21494e-06	2.34043
0.000299261	160.493	4.21494e-06	2.35996
0.000307691	168.702	4.21494e-06	2.31301
0.000316121	181.987	4.21494e-06	2.62546
0.000324551	194.083	4.21494e-06	3.98453
0.00033298	204.738	4.21494e-06	3.36717
0.00034141	213.447	4.21494e-06	2.71848
0.00034984	214.292	4.21494e-06	2.45929
0.00035827	227.987	4.21494e-06	3.85465
0.0003667	245.434	4.21494e-06	3.60306
0.00037513	244.4	4.21494e-06	2.66971
0.00038356	263.697	4.21494e-06	4.06307
0.00039199	276.976	4.21494e-06	4.54809
0.00040042	279.295	4.21494e-06	3.01184
0.000408849	282.689	4.21494e-06	2.75038
0.000417279	300.307	4.21494e-06	3.4498
0.000425709	312.954	4.21494e-06	3.64628
0.000434139	318.618	4.21494e-06	2.96258
0.000442569	334.312	4.21494e-06	3.18577
0.000450999	350.961	4.21494e-06	3.81323
0.000459429	356.597	4.21494e-06	4.45076
0.000467859	366.173	4.21494e-06	3.33544
0.000476289	382.365	4.21494e-06	4.84087
0.000484718	395.691	4.21494e-06	3.78265
0.000493148	398.704	4.21494e-06	3.31226
0.000501578	407.681	4.21494e-06	3.56435
0.000510008	426.834	4.21494e-06	3.62578
0.000518438	439.457	4.21494e-06	3.96349
0.000526868	454.234	4.21494e-06	3.88634
0.000535298	460.938	4.21494e-06	3.93532
0.000543728	475.289	4.21494e-06	5.42682
0.000552158	488.939	4.21494e-06	4.22756
0.000560587	492.287	4.21494e-06	4.00473
0.000569017	511.24	4.21494e-06	4.68036
0.000577447	526.737	4.21494e-06	5.77393
0.000585877	537.536	4.21494e-06	4.66138
0.000594307	534.503	4.21494e-06	3.80701
0.000602737	557.68	4.21494e-06	4.27629
0.000611167	576.095	4.21494e-06	5.1963
0.000619597	578.465	4.21494e-06	4.11582
0.000628026	587.625	4.21494e-06	4.59255
0.000636456	603.271	4.21494e-06	4.34601
0.000644886	611.16	4.21494e-06	4.26267
0.000653316	631.15	4.21494e-06	6.03643
0.000661746	636.481	4.21494e-06	4.43735
0.000670176	647.996	4.21494e-06	4.9509
0.000678606	660.866	4.21494e-06	4.92283
0.000687036	670.156	4.21494e-06	5.5398
0.000695466	683.285	4.21494e-06	5.32589
0.000703895	681.393	4.21494e-06	4.60511
0.000712325	701.17	4.21494e-06	5.24798
0.000720755	717.574	4.21494e-06	5.16458
0.000729185	722.119	4.21494e-06	4.51084
0.000737615	725.245	4.21494e-06	4.52053
0.000746045	745.19	4.21494e-06	5.34247
0.000754475	747.021	4.21494e-06	4.53488
0.000762905	751.226	4.21494e-06	4.78182
0.000771335	763.266	4.21494e-06	5.14733
0.000779764	773.415	4.21494e-06	5.41605
0.000788194	776.766	4.21494e-06	4.39298
0.000796624	804.361	4.21494e-06	6.57574
0.000805054	792.47	4.21494e-06	4.90582
0.000813484	805.263	4.21494e-06	4.63269
0.000821914	820.27	4.21494e-06	6.25025
0.000830344	824.144	4.21494e-06	4.9761
0.000838774	842.147	4.21494e-06	5.72403
0.000847204	829.198	4.21494e-06	4.66741
0.000855633	843.583	4.21494e-06	5.4657
0.000864063	840.76	4.21494e-06	4.75133
0.000872493	849.314	4.21494e-06	5.76219
0.000880923	864.483	4.21494e-06	5.35069
0.000889353	870.513	4.21494e-06	5.70951
0.000897783	865.594	4.21494e-06	4.79459
0.000906213	879.696	4.21494e-06	5.03346
0.000914643	889.915	4.21494e-06	5.34691
0.000923072	881.871	4.21494e-06	4.96355
0.000931502	883	4.21494e-06	4.89808
0.000939932	894.743	4.21494e-06	5.76508
0.000948362	898.065	4.21494e-06	6.33681
0.000956792	885.82	4.21494e-06	4.53294
0.000965222	904.887	4.21494e-06	5.39902
0.000973652	907.565	4.21494e-06	7.7921
0.000982082	903.375	4.21494e-06	4.88864
0.000990512	909.078	4.21494e-06	4.86613
0.000998941	915.22	4.21494e-06	5.65794
0.00100737	909.201	4.21494e-06	5.05071
0.0010158	905.44	4.21494e-06	4.82608
0.00102423	931.194	4.21494e-06	11.0385
0.00103266	906.371	4.21494e-06	4.70017
0.00104109	906.62	4.21494e-06	5.40227
0.00104952	926.321	4.21494e-06	5.04047
0.00105795	910.837	4.21494e-06	4.8516
0.00106638	910.559	4.21494e-06	5.67455
0.00107481	905.517	4.21494e-06	5.12688
0.00108324	914.329	4.21494e-06	5.26203
0.00109167	911.446	4.21494e-06	5.19379
0.0011001	904.835	4.21494e-06	4.7438
0.00110853	894.359	4.21494e-06	4.46653
0.00111696	885.066	4.21494e-06	4.63181
0.00112539	893.418	4.21494e-06	4.81031
0.00113382	880.555	4.21494e-06	4.47546
0.00114225	889.975	4.21494e-06	5.03441
0.00115068	891.653	4.21494e-06	5.32706
0.00115911	884.887	4.21494e-06	5.44846
0.00116754	874.7	4.21494e-06	4.66007
0.00117597	870.439	4.21494e-06	4.30772
0.0011844	869.336	4.21494e-06	5.3842
0.00119283	861.296	4.21494e-06	4.81688
0.00120126	853.386	4.21494e-06	7.47658
0.00120969	849.364	4.21494e-06	5.27102
0.00121812	838.8	4.21494e-06	4.31553
0.00122655	837.672	4.21494e-06	4.49384
0.00123498	826.05	4.21494e-06	4.46658
0.00124341	820.417	4.21494e-06	4.53492
0.00125184	812.796	4.21494e-06	4.75054
0.00126027	807.681	4.21494e-06	4.76712
0.0012687	805.221	4.21494e-06	6.13116
0.00127713	793.783	4.21494e-06	4.19944
0.00128556	788.175	4.21494e-06	4.32494
0.00129399	781.075	4.21494e-06	4.00279
0.00130242	779.157	4.21494e-06	4.28109
0.00131085	759.692	4.21494e-06	4.09114
0.00131928	746.448	4.21494e-06	3.81091
0.00132771	747.841	4.21494e-06	5.11132
0.00133614	740.982	4.21494e-06	4.06386
0.00134457	733.344	4.21494e-06	4.1039
0.001353	717.385	4.21494e-06	4.01243
0.00136143	713.569	4.21494e-06	3.88651
0.00136986	706.818	4.21494e-06	4.39842
0.00137829	694.278	4.21494e-06	5.06134
0.00138672	683.931	4.21494e-06	3.84479
0.00139515	671.637	4.21494e-06	3.69948
0.00140358	669.754	4.21494e-06	4.20354
0.00141201	662.541	4.21494e-06	3.84954
0.00142044	646.523	4.21494e-06	3.54691
0.00142887	636.112	4.21494e-06	3.58618
0.0014373	624.336	4.21494e-06	3.78542
0.00144573	627.063	4.21494e-06	5.19583
0.00145416	609.776	4.21494e-06	3.43009
0.00146259	601.317	4.21494e-06	3.56975
0.00147102	590.614	4.21494e-06	3.49877
0.00147944	576.905	4.21494e-06	3.74071
0.00148787	573.688	4.21494e-06	3.95259
0.0014963	559.034	4.21494e-06	3.46336
0.00150473	547.058	4.21494e-06	3.80994
0.00151316	543.526	4.21494e-06	3.28842
0.00152159	534.41	4.21494e-06	3.89472
0.00153002	519.4	4.21494e-06	3.14526
0.00153845	514.018	4.21494e-06	3.20694
0.00154688	505.59	4.21494e-06	3.34522
0.00155531	487.569	4.21494e-06	3.1305
0.00156374	490.464	4.21494e-06	4.79091
0.00157217	474.795	4.21494e-06	3.56825
0.0015806	462.398	4.21494e-06	3.08491
0.00158903	457.159	4.21494e-06	2.98619
0.00159746	443.939	4.21494e-06	2.93889
0.00160589	437.509	4.21494e-06	2.83727
0.00161432	429.413	4.21494e-06	3.01299
0.00162275	419.701	4.21494e-06	2.77594
0.00163118	412.399	4.21494e-06	2.78502
0.00163961	396.178	4.21494e-06	2.7755
0.00164804	390.832	4.21494e-06	2.54224
0.00165647	381.78	4.21494e-06	2.642
0.0016649	373.875	4.21494e-06	2.65032
0.00167333	359.322	4.21494e-06	2.79608
0.00168176	354.636	4.21494e-06	2.77682
0.00169019	346.297	4.21494e-06	2.4619
0.00169862	341.019	4.21494e-06	2.57909
0.00170705	327.941	4.21494e-06	2.3557
0.00171548	328.068	4.21494e-06	2.60703
0.00172391	312.417	4.21494e-06	2.32571
0.00173234	309.349	4.21494e-06	2.83339
0.00174077	296.778	4.21494e-06	2.26984
0.0017492	289.387	4.21494e-06	2.41193
0.00175763	283.519	4.21494e-06	2.4276
0.00176606	275.75	4.21494e-06	2.2549
0.00177449	269.165	4.21494e-06	2.43821
0.00178292	263.155	4.21494e-06	2.1915
0.00179135	253.093	4.21494e-06	2.14802
0.00179978	246.398	4.21494e-06	2.04405
0.00180821	241.701	4.21494e-06	1.96314
0.00181664	230.599	4.21494e-06	1.90939
0.00182507	225.838	4.21494e-06	2.08672
0.0018335	221.426	4.21494e-06	2.14557
0.00184193	214.01	4.21494e-06	1.90497
0.00185036	207.804	4.21494e-06	1.97557
0.00185879	200.802	4.21494e-06	1.68324
0.00186722	200.033	4.21494e-06	2.45491
0.00187565	191.481	4.21494e-06	2.01056
0.00188408	184.161	4.21494e-06	1.75566
0.00189251	181.141	4.21494e-06	1.92196
0.00190094	175.224	4.21494e-06	1.80363
0.00190937	168.462	4.21494e-06	1.59106
0.0019178	161.676	4.21494e-06	1.79839
0.00192623	154.672	4.21494e-06	1.66068
0.00193466	150.209	4.21494e-06	1.55101
0.00194309	145.22	4.21494e-06	1.4868
0.00195152	140.675	4.21494e-06	1.55633
0.00195995	138.322	4.21494e-06	1.81046
0.00196838	133.701	4.21494e-06	1.3879
0.00197681	128.354	4.21494e-06	1.56803
0.00198524	124.152	4.21494e-06	1.45978
0.00199367	118.156	4.21494e-06	1.29605
0.0020021	112.881	4.21494e-06	1.22865
0.00201053	110.538	4.21494e-06	1.32953
0.00201896	109.271	4.21494e-06	1.91538
0.00202739	102.808	4.21494e-06	1.21599
0.00203582	96.8221	4.21494e-06	1.14117
0.00204425	95.407	4.21494e-06	1.19734
0.00205268	91.9502	4.21494e-06	1.17573
0.00206111	88.7735	4.21494e-06	1.15571
0.00206954	84.6896	4.21494e-06	1.07768
0.00207797	82.4041	4.21494e-06	1.15332
0.0020864	76.9752	4.21494e-06	1.049
0.00209483	76.2606	4.21494e-06	1.04144
0.00210326	71.9149	4.21494e-06	1.02004
0.00211169	67.9417	4.21494e-06	0.966182
0.00212012	67.3706	4.21494e-06	0.933506
0.00212855	63.4222	4.21494e-06	0.885452
0.00213698	60.5832	4.21494e-06	0.875392
0.00214541	57.9612	4.21494e-06	0.815959
0.00215384	55.4969	4.21494e-06	0.819411
0.00216227	53.7251	4.21494e-06	0.818786
0.0021707	50.4678	4.21494e-06	0.781878
0.00217913	49.841	4.21494e-06	0.786007
0.00218756	47.2036	4.21494e-06	0.743037
0.00219599	44.7315	4.21494e-06	0.717768
0.00220442	43.3979	4.21494e-06	0.725241
0.00221285	41.3462	4.21494e-06	0.688179
0.00222127	39.9931	4.21494e-06	0.678121
0.0022297	37.8233	4.21494e-06	0.646452
0.00223813	35.141	4.21494e-06	0.625139
0.00224656	34.1164	4.21494e-06	0.61371
0.00225499	31.7961	4.21494e-06	0.591417
0.00226342	30.5622	4.21494e-06	0.57916
0.00227185	29.0277	4.21494e-06	0.560647
0.00228028	27.9817	4.21494e-06	0.554124
0.00228871	26.4237	4.21494e-06	0.537174
0.00229714	26.1018	4.21494e-06	0.525175
0.00230557	23.7312	4.21494e-06	0.506929
0.002314	21.4553	4.21494e-06	0.478084
0.00232243	21.7135	4.21494e-06	0.479799
0.00233086	20.586	4.21494e-06	0.469411
0.00233929	19.0445	4.21494e-06	0.447429
0.00234772	17.7102	4.21494e-06	0.432579
0.00235615	16.0479	4.21494e-06	0.404795
0.00236458	14.9287	4.21494e-06	0.389986
0.00237301	14.4123	4.21494e-06	0.380626
0.00238144	13.4478	4.21494e-06	0.370331
0.00238987	12.977	4.21494e-06	0.361233
0.0023983	12.1439	4.21494e-06	0.348913
0.00240673	11.239	4.21494e-06	0.337429
0.00241516	10.485	4.21494e-06	0.323375
0.00242359	9.72241	4.21494e-06	0.308069
0.00243202	8.52215	4.21494e-06	0.288205
0.00244045	8.05604	4.21494e-06	0.281298
0.00244888	7.91052	4.21494e-06	0.278808
0.00245731	6.91115	4.21494e-06	0.255825
0.00246574	6.31129	4.21494e-06	0.246245
0.00247417	5.6928	4.21494e-06	0.232705
0.0024826	4.88257	4.21494e-06	0.216667
0.00249103	4.73217	4.21494e-06	0.211964
0.00249946	3.75076	4.21494e-06	0.187412
0.00250789	3.87875	4.21494e-06	0.190423
0.00251632	3.06396	4.21494e-06	0.169131
0.00252475	2.78501	4.21494e-06	0.160572
0.00253318	2.26522	4.21494e-06	0.144775
0.00254161	1.95266	4.21494e-06	0.13384
0.00255004	1.40375	4.21494e-06	0.112758
0.00255847	0.932131	4.21494e-06	0.0916254
0.0025669	0.78758	4.21494e-06	0.0841075
0.00257533	0.251652	4.21494e-06	0.0476147
0.00258376	0.0173672	4.21494e-06	0.0122805
