4.21494e-06	0.0509557	4.21494e-06	0.0356642
1.26448e-05	0.313	4.21494e-06	0.0646767
2.10747e-05	0.758346	4.21494e-06	0.102119
2.95046e-05	1.91076	4.21494e-06	0.267654
3.79345e-05	3.20405	4.21494e-06	0.379023
4.63644e-05	4.24498	4.21494e-06	0.314255
5.47943e-05	6.96301	4.21494e-06	0.595514
6.32241e-05	8.52262	4.21494e-06	0.483551
7.1654e-05	9.56708	4.21494e-06	0.52282
8.00839e-05	13.9613	4.21494e-06	0.895547
8.85138e-05	16.4277	4.21494e-06	1.07706
9.69437e-05	20.1056	4.21494e-06	1.17486
0.000105374	22.8349	4.21494e-06	0.781553
0.000113803	27.3415	4.21494e-06	1.2329
0.000122233	30.6701	4.21494e-06	1.10357
0.000130663	32.8735	4.21494e-06	1.38559
0.000139093	38.5634	4.21494e-06	1.35388
0.000147523	41.9647	4.21494e-06	1.09678
0.000155953	49.1047	4.21494e-06	1.20977
0.000164383	51.9238	4.21494e-06	1.23979
0.000172813	57.6239	4.21494e-06	1.35718
0.000181243	64.404	4.21494e-06	1.36451
0.000189672	71.0093	4.21494e-06	1.45154
0.000198102	76.7511	4.21494e-06	1.49581
0.000206532	83.7782	4.21494e-06	1.62653
0.000214962	89.6008	4.21494e-06	1.7967
0.000223392	96.3139	4.21494e-06	2.05276
0.000231822	106.024	4.21494e-06	2.17063
0.000240252	110.875	4.21494e-06	2.65452
0.000248682	115.943	4.21494e-06	1.76463
0.000257112	127.098	4.21494e-06	1.84586
0.000265541	135.326	4.21494e-06	2.63766
0.000273971	147.199	4.21494e-06	3.25287
0.000282401	149.841	4.21494e-06	2.24452
0.000290831	159.349	4.21494e-06	2.24806
0.000299261	168.613	4.21494e-06	2.55795
0.000307691	175.564	4.21494e-06	2.40332
0.000316121	192.434	4.21494e-06	3.70519
0.000324551	196.398	4.21494e-06	2.64597
0.00033298	202.042	4.21494e-06	2.60437
0.00034141	214.864	4.21494e-06	2.80519
0.00034984	231.485	4.21494e-06	3.42619
0.00035827	234.503	4.21494e-06	2.70498
0.0003667	248.907	4.21494e-06	2.93283
0.00037513	257.438	4.21494e-06	2.89745
0.00038356	262.787	4.21494e-06	2.82572
0.00039199	276.308	4.21494e-06	3.05065
0.00040042	290.444	4.21494e-06	3.68725
0.000408849	299.797	4.21494e-06	4.87179
0.000417279	312.737	4.21494e-06	3.42945
0.000425709	329.003	4.21494e-06	3.80713
0.000434139	333.149	4.21494e-06	3.13979
0.000442569	355.47	4.21494e-06	5.16974
0.000450999	356.862	4.21494e-06	3.42633
0.000459429	360.354	4.21494e-06	3.2518
0.000467859	376.368	4.21494e-06	3.26523
0.000476289	388.892	4.21494e-06	3.50531
0.000484718	405.822	4.21494e-06	4.46947
0.000493148	410.394	4.21494e-06	3.79713
0.000501578	429.207	4.21494e-06	3.67337
0.000510008	440.825	4.21494e-06	4.34799
0.000518438	444.367	4.21494e-06	3.73568
0.000526868	453.644	4.21494e-06	3.55342
0.000535298	469.331	4.21494e-06	3.81093
0.000543728	479.328	4.21494e-06	3.86365
0.000552158	502.046	4.21494e-06	3.97319
0.000560587	509.922	4.21494e-06	4.20836
0.000569017	525.985	4.21494e-06	4.32328
0.000577447	530.867	4.21494e-06	3.86423
0.000585877	551.045	4.21494e-06	4.66503
0.000594307	546.811	4.21494e-06	4.03335
0.000602737	564.661	4.21494e-06	5.38219
0.000611167	579.743	4.21494e-06	5.36853
0.000619597	590.092	4.21494e-06	4.36404
0.000628026	599.69	4.21494e-06	4.28583
0.000636456	621.732	4.21494e-06	4.77208
0.000644886	620.742	4.21494e-06	4.56275
0.000653316	628.509	4.21494e-06	4.65685
0.000661746	655.484	4.21494e-06	7.01081
0.000670176	662.633	4.21494e-06	6.04209
0.000678606	662.388	4.21494e-06	4.93366
0.000687036	676.977	4.21494e-06	4.67578
0.000695466	686.387	4.21494e-06	5.47657
0.000703895	695.437	4.21494e-06	5.01169
0.000712325	705.307	4.21494e-06	4.97509
0.000720755	714.236	4.21494e-06	4.87381
0.000729185	726.775	4.21494e-06	4.80347
0.000737615	771.832	4.21494e-06	23.9525
0.000746045	749.519	4.21494e-06	5.07221
0.000754475	756.322	4.21494e-06	4.66859
0.000762905	770.677	4.21494e-06	5.21448
0.000771335	770.383	4.21494e-06	4.85951
0.000779764	787.157	4.21494e-06	5.81433
0.000788194	799.568	4.21494e-06	5.61607
0.000796624	788.976	4.21494e-06	4.94573
0.000805054	801.713	4.21494e-06	4.84973
0.000813484	811.01	4.21494e-06	5.02583
0.000821914	832.084	4.21494e-06	5.36674
0.000830344	832.388	4.21494e-06	5.10181
0.000838774	842.403	4.21494e-06	5.92951
0.000847204	837.177	4.21494e-06	5.19973
0.000855633	842.342	4.21494e-06	4.9871
0.000864063	863.407	4.21494e-06	8.1282
0.000872493	846.842	4.21494e-06	4.72171
0.000880923	861.796	4.21494e-06	5.2575
0.000889353	858.762	4.21494e-06	4.83052
0.000897783	871.557	4.21494e-06	5.57453
0.000906213	874.215	4.21494e-06	5.22183
0.000914643	878.178	4.21494e-06	5.91081
0.000923072	885.559	4.21494e-06	4.81764
0.000931502	899.121	4.21494e-06	5.87487
0.000939932	890.367	4.21494e-06	4.98953
0.000948362	898.759	4.21494e-06	9.07216
0.000956792	909.156	4.21494e-06	5.76397
0.000965222	901.601	4.21494e-06	5.07246
0.000973652	906.887	4.21494e-06	5.99041
0.000982082	908.819	4.21494e-06	5.50395
0.000990512	914.615	4.21494e-06	5.26392
0.000998941	906.122	4.21494e-06	5.59357
0.00100737	915.96	4.21494e-06	6.21576
0.0010158	906.305	4.21494e-06	5.43327
0.00102423	915.795	4.21494e-06	6.04435
0.00103266	906.125	4.21494e-06	5.26061
0.00104109	915.942	4.21494e-06	6.70273
0.00104952	913.659	4.21494e-06	6.22251
0.00105795	896.514	4.21494e-06	4.75298
0.00106638	903.225	4.21494e-06	4.99236
0.00107481	906.064	4.21494e-06	7.05
0.00108324	894.145	4.21494e-06	4.95679
0.00109167	899.108	4.21494e-06	4.98689
0.0011001	903.127	4.21494e-06	5.41738
0.00110853	890.121	4.21494e-06	4.73034
0.00111696	882.405	4.21494e-06	5.02832
0.00112539	894.419	4.21494e-06	5.91201
0.00113382	889.867	4.21494e-06	5.66414
0.00114225	877.999	4.21494e-06	4.93484
0.00115068	885.532	4.21494e-06	5.67566
0.00115911	873.728	4.21494e-06	5.10788
0.00116754	872.144	4.21494e-06	5.60691
0.00117597	858.984	4.21494e-06	4.81448
0.0011844	860.114	4.21494e-06	4.85521
0.00119283	856.317	4.21494e-06	4.9619
0.00120126	841.289	4.21494e-06	4.66651
0.00120969	838.103	4.21494e-06	4.85792
0.00121812	854.161	4.21494e-06	12.4143
0.00122655	827.4	4.21494e-06	5.13615
0.00123498	827.001	4.21494e-06	6.49217
0.00124341	806.865	4.21494e-06	4.3642
0.00125184	806.295	4.21494e-06	4.56762
0.00126027	800.651	4.21494e-06	4.82802
0.0012687	806.152	4.21494e-06	10.327
0.00127713	783.242	4.21494e-06	4.3533
0.00128556	776.825	4.21494e-06	4.29695
0.00129399	769.332	4.21494e-06	4.47829
0.00130242	760.641	4.21494e-06	4.3179
0.00131085	761.002	4.21494e-06	4.48977
0.00131928	743.248	4.21494e-06	4.12242
0.00132771	735.531	4.21494e-06	4.52889
0.00133614	730.886	4.21494e-06	4.1799
0.00134457	722.694	4.21494e-06	4.88577
0.001353	719.532	4.21494e-06	5.24829
0.00136143	702.674	4.21494e-06	4.46894
0.00136986	701.965	4.21494e-06	4.85551
0.00137829	693.201	4.21494e-06	5.08931
0.00138672	680.432	4.21494e-06	4.19053
0.00139515	665.519	4.21494e-06	4.27072
0.00140358	659.305	4.21494e-06	4.23822
0.00141201	650.683	4.21494e-06	3.93334
0.00142044	641.355	4.21494e-06	4.13606
0.00142887	623.481	4.21494e-06	3.84515
0.0014373	622.442	4.21494e-06	4.02879
0.00144573	616.134	4.21494e-06	4.34423
0.00145416	597.866	4.21494e-06	3.93151
0.00146259	591.389	4.21494e-06	3.61082
0.00147102	582.722	4.21494e-06	4.00799
0.00147944	560.572	4.21494e-06	3.28356
0.00148787	567.733	4.21494e-06	4.51607
0.0014963	553.97	4.21494e-06	3.795
0.00150473	540.732	4.21494e-06	3.99144
0.00151316	529.575	4.21494e-06	3.3882
0.00152159	527.49	4.21494e-06	4.72955
0.00153002	512.236	4.21494e-06	3.30689
0.00153845	501.53	4.21494e-06	3.82793
0.00154688	490.026	4.21494e-06	3.25361
0.00155531	481.733	4.21494e-06	3.16613
0.00156374	474.702	4.21494e-06	3.03298
0.00157217	476.831	4.21494e-06	4.38111
0.0015806	448.619	4.21494e-06	3.05329
0.00158903	450.631	4.21494e-06	3.85415
0.00159746	438.816	4.21494e-06	3.41238
0.00160589	428.308	4.21494e-06	2.89611
0.00161432	427.247	4.21494e-06	3.48872
0.00162275	404.319	4.21494e-06	2.74004
0.00163118	406.763	4.21494e-06	3.72744
0.00163961	398.18	4.21494e-06	5.25033
0.00164804	387.722	4.21494e-06	3.36958
0.00165647	379.767	4.21494e-06	2.89763
0.0016649	369.929	4.21494e-06	3.05128
0.00167333	359.451	4.21494e-06	2.73333
0.00168176	350.179	4.21494e-06	3.90802
0.00169019	342.122	4.21494e-06	3.12555
0.00169862	334.276	4.21494e-06	2.74012
0.00170705	328.059	4.21494e-06	2.99679
0.00171548	321.428	4.21494e-06	4.50655
0.00172391	309.757	4.21494e-06	2.61426
0.00173234	298.837	4.21494e-06	2.54097
0.00174077	293.506	4.21494e-06	2.53194
0.0017492	291.51	4.21494e-06	2.35891
0.00175763	279.415	4.21494e-06	2.86231
0.00176606	271.972	4.21494e-06	2.54406
0.00177449	265.419	4.21494e-06	2.4225
0.00178292	256.939	4.21494e-06	2.21205
0.00179135	253.109	4.21494e-06	2.49251
0.00179978	241.546	4.21494e-06	2.26662
0.00180821	234.574	4.21494e-06	2.4591
0.00181664	229.697	4.21494e-06	2.16287
0.00182507	223.988	4.21494e-06	2.1157
0.0018335	214.783	4.21494e-06	1.91201
0.00184193	212.149	4.21494e-06	2.05496
0.00185036	203.997	4.21494e-06	2.2298
0.00185879	196.83	4.21494e-06	2.00641
0.00186722	192.542	4.21494e-06	1.87389
0.00187565	181.074	4.21494e-06	1.74763
0.00188408	179.24	4.21494e-06	1.86115
0.00189251	173.978	4.21494e-06	1.69075
0.00190094	167.215	4.21494e-06	1.82392
0.00190937	162.781	4.21494e-06	1.70585
0.0019178	157.363	4.21494e-06	1.68567
0.00192623	153.322	4.21494e-06	1.63075
0.00193466	149.549	4.21494e-06	1.81027
0.00194309	145.058	4.21494e-06	1.55949
0.00195152	138.283	4.21494e-06	1.42298
0.00195995	134.945	4.21494e-06	1.63879
0.00196838	129.027	4.21494e-06	1.55098
0.00197681	127.078	4.21494e-06	1.65191
0.00198524	115.988	4.21494e-06	1.26205
0.00199367	113.134	4.21494e-06	1.28427
0.0020021	110.573	4.21494e-06	1.30649
0.00201053	106.198	4.21494e-06	1.33596
0.00201896	105.528	4.21494e-06	1.33833
0.00202739	99.4374	4.21494e-06	1.24261
0.00203582	97.361	4.21494e-06	1.3322
0.00204425	91.5311	4.21494e-06	1.41184
0.00205268	89.651	4.21494e-06	1.19683
0.00206111	84.9864	4.21494e-06	1.11792
0.00206954	82.5064	4.21494e-06	1.08939
0.00207797	80.1735	4.21494e-06	1.05027
0.0020864	77.7774	4.21494e-06	1.05844
0.00209483	75.2638	4.21494e-06	1.07969
0.00210326	72.039	4.21494e-06	1.02553
0.00211169	67.9476	4.21494e-06	1.05015
0.00212012	66.0372	4.21494e-06	0.975211
0.00212855	62.1762	4.21494e-06	1.04479
0.00213698	59.8046	4.21494e-06	0.887192
0.00214541	56.6534	4.21494e-06	0.963238
0.00215384	55.4235	4.21494e-06	0.905656
0.00216227	52.702	4.21494e-06	0.990023
0.0021707	50.5271	4.21494e-06	0.847718
0.00217913	47.8092	4.21494e-06	0.905204
0.00218756	45.7537	4.21494e-06	0.77631
0.00219599	44.6935	4.21494e-06	0.941046
0.00220442	42.4098	4.21494e-06	0.716189
0.00221285	39.8336	4.21494e-06	0.706527
0.00222127	39.2322	4.21494e-06	0.720745
0.0022297	36.2161	4.21494e-06	0.650602
0.00223813	35.2965	4.21494e-06	0.656669
0.00224656	33.4172	4.21494e-06	0.644152
0.00225499	30.3435	4.21494e-06	0.60045
0.00226342	29.6166	4.21494e-06	0.587573
0.00227185	28.3374	4.21494e-06	0.581746
0.00228028	27.0756	4.21494e-06	0.568347
0.00228871	24.6827	4.21494e-06	0.531964
0.00229714	23.79	4.21494e-06	0.52075
0.00230557	22.9186	4.21494e-06	0.514076
0.002314	22.0225	4.21494e-06	0.497072
0.00232243	20.6832	4.21494e-06	0.481137
0.00233086	19.7069	4.21494e-06	0.472898
0.00233929	18.5238	4.21494e-06	0.448592
0.00234772	18.0343	4.21494e-06	0.44646
0.00235615	16.4233	4.21494e-06	0.416995
0.00236458	15.5842	4.21494e-06	0.408349
0.00237301	13.7084	4.21494e-06	0.381164
0.00238144	13.1721	4.21494e-06	0.370029
0.00238987	12.6846	4.21494e-06	0.36403
0.0023983	11.6377	4.21494e-06	0.344488
0.00240673	10.9506	4.21494e-06	0.337123
0.00241516	10.1042	4.21494e-06	0.322845
0.00242359	9.37379	4.21494e-06	0.307394
0.00243202	8.75478	4.21494e-06	0.295679
0.00244045	7.84293	4.21494e-06	0.281465
0.00244888	7.39907	4.21494e-06	0.274304
0.00245731	6.6196	4.21494e-06	0.254527
0.00246574	6.37723	4.21494e-06	0.250886
0.00247417	5.735	4.21494e-06	0.236276
0.0024826	4.65605	4.21494e-06	0.209928
0.00249103	4.79885	4.21494e-06	0.213818
0.00249946	3.57581	4.21494e-06	0.183548
0.00250789	3.23001	4.21494e-06	0.1737
0.00251632	2.81777	4.21494e-06	0.162801
0.00252475	2.27481	4.21494e-06	0.146335
0.00253318	2.10716	4.21494e-06	0.138592
0.00254161	1.73306	4.21494e-06	0.126075
0.00255004	1.54904	4.21494e-06	0.118083
0.00255847	1.00751	4.21494e-06	0.0952165
0.0025669	0.670205	4.21494e-06	0.0771036
0.00257533	0.321358	4.21494e-06	0.0529
0.00258376	0.0356237	4.21494e-06	0.0178129
