4.21494e-06	0.132918	4.21494e-06	0.05906
1.26448e-05	0.297351	4.21494e-06	0.0591906
2.10747e-05	0.731015	4.21494e-06	0.112081
2.95046e-05	1.48025	4.21494e-06	0.156577
3.79345e-05	3.09751	4.21494e-06	0.324541
4.63644e-05	4.17047	4.21494e-06	0.320493
5.47943e-05	5.76476	4.21494e-06	0.384965
6.32241e-05	7.36983	4.21494e-06	0.349014
7.1654e-05	9.62457	4.21494e-06	0.419933
8.00839e-05	12.766	4.21494e-06	0.672631
8.85138e-05	16.2573	4.21494e-06	0.981679
9.69437e-05	18.9897	4.21494e-06	0.833025
0.000105374	21.8456	4.21494e-06	0.816735
0.000113803	25.4932	4.21494e-06	0.803224
0.000122233	28.6412	4.21494e-06	0.795091
0.000130663	34.9642	4.21494e-06	1.02581
0.000139093	43.6743	4.21494e-06	3.59778
0.000147523	41.3523	4.21494e-06	0.945576
0.000155953	47.5221	4.21494e-06	1.01416
0.000164383	51.2867	4.21494e-06	1.0588
0.000172813	56.9151	4.21494e-06	1.12064
0.000181243	62.8249	4.21494e-06	1.36372
0.000189672	70.5501	4.21494e-06	1.52634
0.000198102	76.0704	4.21494e-06	1.47956
0.000206532	80.5041	4.21494e-06	1.53581
0.000214962	87.9744	4.21494e-06	1.67631
0.000223392	94.8036	4.21494e-06	1.99084
0.000231822	98.8525	4.21494e-06	1.50309
0.000240252	106.446	4.21494e-06	1.69754
0.000248682	115.122	4.21494e-06	1.7654
0.000257112	124.529	4.21494e-06	1.88497
0.000265541	134.241	4.21494e-06	2.00671
0.000273971	142.181	4.21494e-06	2.52211
0.000282401	147.272	4.21494e-06	2.04004
0.000290831	158.567	4.21494e-06	4.37129
0.000299261	163.459	4.21494e-06	2.01814
0.000307691	173.937	4.21494e-06	2.28261
0.000316121	181.622	4.21494e-06	2.40873
0.000324551	194.41	4.21494e-06	2.20732
0.00033298	200.633	4.21494e-06	2.5358
0.00034141	207.766	4.21494e-06	2.27912
0.00034984	222.276	4.21494e-06	2.78632
0.00035827	227.553	4.21494e-06	2.73366
0.0003667	240.35	4.21494e-06	2.73456
0.00037513	251.509	4.21494e-06	2.98481
0.00038356	272.049	4.21494e-06	3.10048
0.00039199	272.167	4.21494e-06	2.9263
0.00040042	285.621	4.21494e-06	2.86701
0.000408849	284.156	4.21494e-06	2.70882
0.000417279	303.774	4.21494e-06	3.33637
0.000425709	323.674	4.21494e-06	3.86182
0.000434139	325.396	4.21494e-06	2.98415
0.000442569	337.088	4.21494e-06	3.17661
0.000450999	347.089	4.21494e-06	3.05179
0.000459429	361.113	4.21494e-06	3.17363
0.000467859	376.659	4.21494e-06	3.5197
0.000476289	384.577	4.21494e-06	3.53379
0.000484718	392.864	4.21494e-06	3.44207
0.000493148	404.716	4.21494e-06	3.91265
0.000501578	415.771	4.21494e-06	3.51215
0.000510008	434.771	4.21494e-06	4.96389
0.000518438	445.884	4.21494e-06	3.59489
0.000526868	460.836	4.21494e-06	4.4208
0.000535298	471.27	4.21494e-06	5.22442
0.000543728	476.503	4.21494e-06	4.01263
0.000552158	491.77	4.21494e-06	3.98694
0.000560587	496.815	4.21494e-06	4.52095
0.000569017	520.963	4.21494e-06	4.73627
0.000577447	522.179	4.21494e-06	4.11173
0.000585877	535.44	4.21494e-06	3.83561
0.000594307	549.899	4.21494e-06	4.51726
0.000602737	555.45	4.21494e-06	4.32135
0.000611167	572.881	4.21494e-06	4.83309
0.000619597	580.258	4.21494e-06	4.16464
0.000628026	601.994	4.21494e-06	5.22255
0.000636456	605.82	4.21494e-06	4.95779
0.000644886	614.381	4.21494e-06	5.47219
0.000653316	616.113	4.21494e-06	4.25535
0.000661746	636.517	4.21494e-06	6.26667
0.000670176	641.145	4.21494e-06	4.5303
0.000678606	657.783	4.21494e-06	4.90684
0.000687036	671.666	4.21494e-06	4.81858
0.000695466	672.083	4.21494e-06	4.47411
0.000703895	681.01	4.21494e-06	4.66542
0.000712325	714.239	4.21494e-06	10.6738
0.000720755	701.501	4.21494e-06	4.31228
0.000729185	716.421	4.21494e-06	4.68658
0.000737615	740.857	4.21494e-06	7.90529
0.000746045	740.017	4.21494e-06	5.50103
0.000754475	745.911	4.21494e-06	5.11708
0.000762905	757.499	4.21494e-06	5.62579
0.000771335	780.729	4.21494e-06	9.60093
0.000779764	768.23	4.21494e-06	5.07996
0.000788194	787.489	4.21494e-06	5.14254
0.000796624	799.499	4.21494e-06	10.1241
0.000805054	801.8	4.21494e-06	5.64074
0.000813484	809.554	4.21494e-06	7.37077
0.000821914	824.432	4.21494e-06	6.88005
0.000830344	833.291	4.21494e-06	7.34655
0.000838774	849.201	4.21494e-06	8.96069
0.000847204	834.58	4.21494e-06	6.27641
0.000855633	846.311	4.21494e-06	6.09314
0.000864063	843.672	4.21494e-06	5.07782
0.000872493	843.804	4.21494e-06	5.14944
0.000880923	855.675	4.21494e-06	6.51741
0.000889353	867.539	4.21494e-06	5.65885
0.000897783	879.011	4.21494e-06	5.8734
0.000906213	880.303	4.21494e-06	7.7762
0.000914643	874.498	4.21494e-06	5.44709
0.000923072	884.484	4.21494e-06	5.38098
0.000931502	883.972	4.21494e-06	4.93829
0.000939932	888.262	4.21494e-06	5.44682
0.000948362	898.885	4.21494e-06	5.60692
0.000956792	905.431	4.21494e-06	5.84975
0.000965222	895.652	4.21494e-06	5.31828
0.000973652	903.55	4.21494e-06	5.42274
0.000982082	891.144	4.21494e-06	5.25119
0.000990512	900.38	4.21494e-06	5.34304
0.000998941	901.789	4.21494e-06	5.46782
0.00100737	920.487	4.21494e-06	7.63328
0.0010158	909.146	4.21494e-06	5.44251
0.00102423	913.918	4.21494e-06	5.32908
0.00103266	910.794	4.21494e-06	6.1196
0.00104109	900.175	4.21494e-06	5.64636
0.00104952	909.842	4.21494e-06	6.21299
0.00105795	916.521	4.21494e-06	6.5786
0.00106638	900.895	4.21494e-06	6.06462
0.00107481	906.54	4.21494e-06	5.51977
0.00108324	899.618	4.21494e-06	6.1178
0.00109167	898.164	4.21494e-06	5.69103
0.0011001	906.027	4.21494e-06	5.41283
0.00110853	887.766	4.21494e-06	5.37533
0.00111696	901.859	4.21494e-06	6.15919
0.00112539	884.277	4.21494e-06	5.56022
0.00113382	882.977	4.21494e-06	5.69566
0.00114225	883.558	4.21494e-06	7.33659
0.00115068	882.642	4.21494e-06	7.04641
0.00115911	877.892	4.21494e-06	5.34885
0.00116754	875.826	4.21494e-06	8.39065
0.00117597	868.554	4.21494e-06	5.77733
0.0011844	860.629	4.21494e-06	7.05549
0.00119283	852.335	4.21494e-06	5.1891
0.00120126	854.015	4.21494e-06	5.36589
0.00120969	849.516	4.21494e-06	6.83038
0.00121812	830.28	4.21494e-06	5.28802
0.00122655	838.627	4.21494e-06	5.74011
0.00123498	827.607	4.21494e-06	6.36913
0.00124341	816.696	4.21494e-06	5.22742
0.00125184	800.084	4.21494e-06	6.27224
0.00126027	796.795	4.21494e-06	5.10091
0.0012687	793.963	4.21494e-06	4.93239
0.00127713	798.128	4.21494e-06	5.7834
0.00128556	785.739	4.21494e-06	6.19536
0.00129399	781.803	4.21494e-06	6.16101
0.00130242	768.037	4.21494e-06	5.03666
0.00131085	771.641	4.21494e-06	9.21425
0.00131928	745.603	4.21494e-06	4.79892
0.00132771	745.754	4.21494e-06	6.12961
0.00133614	736.659	4.21494e-06	5.05838
0.00134457	731.658	4.21494e-06	6.85058
0.001353	718.336	4.21494e-06	4.79359
0.00136143	707.066	4.21494e-06	5.01399
0.00136986	699.965	4.21494e-06	5.09073
0.00137829	681.585	4.21494e-06	4.52624
0.00138672	681.769	4.21494e-06	5.06854
0.00139515	665.06	4.21494e-06	5.04211
0.00140358	657.959	4.21494e-06	4.45385
0.00141201	651.343	4.21494e-06	4.57692
0.00142044	657.348	4.21494e-06	6.08539
0.00142887	625.738	4.21494e-06	5.02658
0.0014373	633.216	4.21494e-06	5.41892
0.00144573	617.655	4.21494e-06	4.74678
0.00145416	608.06	4.21494e-06	4.52259
0.00146259	614.511	4.21494e-06	12.9394
0.00147102	577.878	4.21494e-06	4.29152
0.00147944	578.587	4.21494e-06	4.27137
0.00148787	564.999	4.21494e-06	4.46603
0.0014963	552.863	4.21494e-06	4.17043
0.00150473	538.629	4.21494e-06	4.05833
0.00151316	541.9	4.21494e-06	4.37886
0.00152159	522.531	4.21494e-06	3.90258
0.00153002	521.934	4.21494e-06	4.29824
0.00153845	506.646	4.21494e-06	4.11775
0.00154688	498.463	4.21494e-06	4.05804
0.00155531	494.506	4.21494e-06	4.57012
0.00156374	486.528	4.21494e-06	4.2628
0.00157217	473.356	4.21494e-06	5.22482
0.0015806	464.756	4.21494e-06	4.84005
0.00158903	460.38	4.21494e-06	5.89718
0.00159746	442.708	4.21494e-06	4.23925
0.00160589	438.063	4.21494e-06	5.22756
0.00161432	426.005	4.21494e-06	3.89796
0.00162275	420.08	4.21494e-06	4.76184
0.00163118	410.71	4.21494e-06	4.14108
0.00163961	403.644	4.21494e-06	3.70461
0.00164804	392.097	4.21494e-06	3.3925
0.00165647	391.795	4.21494e-06	11.5898
0.0016649	372.369	4.21494e-06	3.51404
0.00167333	359.33	4.21494e-06	3.37747
0.00168176	373.254	4.21494e-06	16.0493
0.00169019	350.758	4.21494e-06	5.32932
0.00169862	337.63	4.21494e-06	3.8295
0.00170705	326.06	4.21494e-06	3.08377
0.00171548	319.338	4.21494e-06	3.08611
0.00172391	310.931	4.21494e-06	2.99577
0.00173234	314.167	4.21494e-06	5.43725
0.00174077	298.583	4.21494e-06	5.79724
0.0017492	295.864	4.21494e-06	3.501
0.00175763	281.756	4.21494e-06	4.06625
0.00176606	275.612	4.21494e-06	2.91341
0.00177449	267.199	4.21494e-06	3.20145
0.00178292	260.078	4.21494e-06	2.8139
0.00179135	250.162	4.21494e-06	2.60099
0.00179978	257.727	4.21494e-06	9.32491
0.00180821	235.505	4.21494e-06	2.52069
0.00181664	233.413	4.21494e-06	3.02766
0.00182507	229.101	4.21494e-06	2.91284
0.0018335	218.948	4.21494e-06	2.44789
0.00184193	212.003	4.21494e-06	2.69871
0.00185036	213.109	4.21494e-06	3.66088
0.00185879	200.011	4.21494e-06	2.36646
0.00186722	195.399	4.21494e-06	2.3502
0.00187565	190.398	4.21494e-06	4.4241
0.00188408	180.532	4.21494e-06	2.26853
0.00189251	178.826	4.21494e-06	2.8744
0.00190094	175.684	4.21494e-06	2.85521
0.00190937	167.957	4.21494e-06	2.64322
0.0019178	161.349	4.21494e-06	2.29304
0.00192623	154.568	4.21494e-06	2.97448
0.00193466	148.62	4.21494e-06	2.16877
0.00194309	146.032	4.21494e-06	2.15666
0.00195152	138.376	4.21494e-06	1.8633
0.00195995	143.749	4.21494e-06	3.95021
0.00196838	133.149	4.21494e-06	2.04577
0.00197681	130.437	4.21494e-06	2.23378
0.00198524	121.164	4.21494e-06	2.19206
0.00199367	117.864	4.21494e-06	1.85817
0.0020021	116.461	4.21494e-06	1.92814
0.00201053	114.722	4.21494e-06	1.83543
0.00201896	104.416	4.21494e-06	1.74262
0.00202739	104.377	4.21494e-06	1.98716
0.00203582	101.149	4.21494e-06	2.40296
0.00204425	95.9098	4.21494e-06	2.25654
0.00205268	90.5974	4.21494e-06	1.48633
0.00206111	87.9713	4.21494e-06	1.76419
0.00206954	83.5006	4.21494e-06	1.47762
0.00207797	84.0901	4.21494e-06	1.89088
0.0020864	80.2405	4.21494e-06	1.54858
0.00209483	74.0385	4.21494e-06	1.38993
0.00210326	72.1534	4.21494e-06	1.44221
0.00211169	70.7251	4.21494e-06	1.51223
0.00212012	68.0421	4.21494e-06	1.46418
0.00212855	65.3684	4.21494e-06	1.32445
0.00213698	61.9212	4.21494e-06	1.2841
0.00214541	58.173	4.21494e-06	1.2954
0.00215384	56.2262	4.21494e-06	1.27909
0.00216227	53.336	4.21494e-06	1.17824
0.0021707	51.4025	4.21494e-06	1.10391
0.00217913	49.6097	4.21494e-06	1.20265
0.00218756	47.2138	4.21494e-06	1.2677
0.00219599	45.3155	4.21494e-06	1.26444
0.00220442	43.608	4.21494e-06	1.27302
0.00221285	42.1168	4.21494e-06	1.2102
0.00222127	38.0044	4.21494e-06	1.0138
0.0022297	37.2208	4.21494e-06	1.14006
0.00223813	34.1755	4.21494e-06	0.833701
0.00224656	34.3898	4.21494e-06	1.48682
0.00225499	31.5821	4.21494e-06	0.991797
0.00226342	29.7695	4.21494e-06	0.77768
0.00227185	32.0625	4.21494e-06	1.49421
0.00228028	28.7682	4.21494e-06	0.979227
0.00228871	26.7313	4.21494e-06	1.1164
0.00229714	25.1859	4.21494e-06	1.11628
0.00230557	22.1014	4.21494e-06	0.695727
0.002314	22.0698	4.21494e-06	1.04564
0.00232243	19.9978	4.21494e-06	0.641043
0.00233086	20.9037	4.21494e-06	1.18698
0.00233929	18.216	4.21494e-06	0.646132
0.00234772	17.3429	4.21494e-06	0.864654
0.00235615	16.7486	4.21494e-06	1.0245
0.00236458	14.9235	4.21494e-06	0.498166
0.00237301	15.4858	4.21494e-06	0.708613
0.00238144	14.0983	4.21494e-06	0.569527
0.00238987	12.5002	4.21494e-06	0.563449
0.0023983	12.6102	4.21494e-06	0.923564
0.00240673	10.725	4.21494e-06	0.411863
0.00241516	9.69275	4.21494e-06	0.422096
0.00242359	9.60378	4.21494e-06	0.552053
0.00243202	10.0125	4.21494e-06	0.489699
0.00244045	7.72706	4.21494e-06	0.359558
0.00244888	7.10697	4.21494e-06	0.35978
0.00245731	6.68522	4.21494e-06	0.362214
0.00246574	6.67313	4.21494e-06	0.37193
0.00247417	5.45066	4.21494e-06	0.309524
0.0024826	5.00823	4.21494e-06	0.276132
0.00249103	4.84226	4.21494e-06	0.295448
0.00249946	4.29883	4.21494e-06	0.245492
0.00250789	3.2114	4.21494e-06	0.213894
0.00251632	2.75676	4.21494e-06	0.192346
0.00252475	2.62627	4.21494e-06	0.187801
0.00253318	2.2776	4.21494e-06	0.176366
0.00254161	1.57439	4.21494e-06	0.143934
0.00255004	1.31102	4.21494e-06	0.130013
0.00255847	1.05057	4.21494e-06	0.113445
0.0025669	0.720345	4.21494e-06	0.0944068
0.00257533	0.292948	4.21494e-06	0.059058
0.00258376	0.0361177	4.21494e-06	0.0209194
