4.21494e-06	0.0595502	4.21494e-06	0.0363266
1.26448e-05	0.281088	4.21494e-06	0.0658864
2.10747e-05	0.690443	4.21494e-06	0.130363
2.95046e-05	1.42248	4.21494e-06	0.170824
3.79345e-05	2.52677	4.21494e-06	0.33755
4.63644e-05	4.05795	4.21494e-06	0.309623
5.47943e-05	6.44566	4.21494e-06	0.412807
6.32241e-05	8.31889	4.21494e-06	0.579506
7.1654e-05	12.0548	4.21494e-06	0.761677
8.00839e-05	12.4491	4.21494e-06	0.597782
8.85138e-05	15.9673	4.21494e-06	0.67425
9.69437e-05	19.2131	4.21494e-06	0.903415
0.000105374	21.584	4.21494e-06	0.790916
0.000113803	26.8662	4.21494e-06	0.929425
0.000122233	29.9128	4.21494e-06	0.922646
0.000130663	33.9512	4.21494e-06	1.0355
0.000139093	39.0244	4.21494e-06	1.14359
0.000147523	43.6231	4.21494e-06	1.98711
0.000155953	49.0619	4.21494e-06	1.34348
0.000164383	56.2333	4.21494e-06	1.39158
0.000172813	57.9128	4.21494e-06	1.32381
0.000181243	65.5948	4.21494e-06	1.49368
0.000189672	72.9627	4.21494e-06	1.61431
0.000198102	81.3585	4.21494e-06	1.84279
0.000206532	89.0804	4.21494e-06	2.70628
0.000214962	89.9206	4.21494e-06	1.54143
0.000223392	97.62	4.21494e-06	1.80284
0.000231822	113.287	4.21494e-06	3.35177
0.000240252	117.342	4.21494e-06	2.15594
0.000248682	125.836	4.21494e-06	2.45807
0.000257112	130.683	4.21494e-06	2.0284
0.000265541	138.549	4.21494e-06	2.13045
0.000273971	147.583	4.21494e-06	2.45075
0.000282401	153.75	4.21494e-06	2.16832
0.000290831	166.715	4.21494e-06	2.50579
0.000299261	174.062	4.21494e-06	2.46007
0.000307691	182.674	4.21494e-06	2.48223
0.000316121	201.202	4.21494e-06	4.50148
0.000324551	199.737	4.21494e-06	2.77677
0.00033298	207.201	4.21494e-06	2.65961
0.00034141	219.21	4.21494e-06	2.81904
0.00034984	235.31	4.21494e-06	2.89893
0.00035827	239.096	4.21494e-06	2.6698
0.0003667	254.583	4.21494e-06	3.23121
0.00037513	259.98	4.21494e-06	2.83956
0.00038356	272.991	4.21494e-06	3.25914
0.00039199	278.606	4.21494e-06	2.85995
0.00040042	294.369	4.21494e-06	4.29649
0.000408849	312.148	4.21494e-06	3.45164
0.000417279	319.672	4.21494e-06	4.75137
0.000425709	328.786	4.21494e-06	3.23724
0.000434139	345.719	4.21494e-06	3.46967
0.000442569	351.119	4.21494e-06	3.60855
0.000450999	361.124	4.21494e-06	3.43201
0.000459429	384.708	4.21494e-06	3.83218
0.000467859	389.063	4.21494e-06	4.07911
0.000476289	401.148	4.21494e-06	4.88708
0.000484718	409.881	4.21494e-06	3.50766
0.000493148	413.187	4.21494e-06	3.45858
0.000501578	434.681	4.21494e-06	4.03836
0.000510008	454.357	4.21494e-06	4.27092
0.000518438	477.443	4.21494e-06	5.19279
0.000526868	465.642	4.21494e-06	3.85143
0.000535298	488.863	4.21494e-06	4.4639
0.000543728	512.119	4.21494e-06	5.5045
0.000552158	540.341	4.21494e-06	24.4096
0.000560587	515.853	4.21494e-06	4.64657
0.000569017	526.918	4.21494e-06	3.83
0.000577447	541.333	4.21494e-06	4.41667
0.000585877	565.291	4.21494e-06	6.03363
0.000594307	562.197	4.21494e-06	4.23756
0.000602737	578.171	4.21494e-06	4.11158
0.000611167	587.241	4.21494e-06	4.27654
0.000619597	601.505	4.21494e-06	4.25135
0.000628026	622.105	4.21494e-06	5.07585
0.000636456	618.37	4.21494e-06	4.41703
0.000644886	646.03	4.21494e-06	6.26374
0.000653316	656.687	4.21494e-06	5.20921
0.000661746	665.416	4.21494e-06	6.51449
0.000670176	666.364	4.21494e-06	4.69968
0.000678606	675.271	4.21494e-06	4.11209
0.000687036	691.171	4.21494e-06	5.42171
0.000695466	708.339	4.21494e-06	9.54431
0.000703895	712.73	4.21494e-06	5.08314
0.000712325	724.698	4.21494e-06	5.25105
0.000720755	723.14	4.21494e-06	4.44669
0.000729185	730.586	4.21494e-06	4.83563
0.000737615	752.466	4.21494e-06	4.6011
0.000746045	758.79	4.21494e-06	8.36493
0.000754475	765.631	4.21494e-06	4.51706
0.000762905	771.325	4.21494e-06	4.6889
0.000771335	776.322	4.21494e-06	4.48331
0.000779764	788.159	4.21494e-06	4.33064
0.000788194	799.111	4.21494e-06	4.44936
0.000796624	799.771	4.21494e-06	4.78487
0.000805054	815.682	4.21494e-06	4.66782
0.000813484	818.871	4.21494e-06	4.63428
0.000821914	824.346	4.21494e-06	4.6433
0.000830344	832.464	4.21494e-06	5.91666
0.000838774	841.947	4.21494e-06	4.541
0.000847204	848.998	4.21494e-06	5.9182
0.000855633	848.426	4.21494e-06	4.53087
0.000864063	872.209	4.21494e-06	5.95761
0.000872493	871.018	4.21494e-06	4.71684
0.000880923	871.44	4.21494e-06	4.86746
0.000889353	876.5	4.21494e-06	4.70694
0.000897783	876.692	4.21494e-06	4.38982
0.000906213	879.544	4.21494e-06	4.63454
0.000914643	884.835	4.21494e-06	5.10862
0.000923072	886.527	4.21494e-06	4.90733
0.000931502	899.085	4.21494e-06	5.18894
0.000939932	898.118	4.21494e-06	5.17354
0.000948362	905.208	4.21494e-06	5.26238
0.000956792	921.862	4.21494e-06	13.0355
0.000965222	903.856	4.21494e-06	5.03449
0.000973652	902.662	4.21494e-06	4.57711
0.000982082	914.285	4.21494e-06	5.56135
0.000990512	926.331	4.21494e-06	10.2868
0.000998941	910.894	4.21494e-06	5.23207
0.00100737	920.256	4.21494e-06	4.93281
0.0010158	916.949	4.21494e-06	4.66205
0.00102423	921.676	4.21494e-06	4.87535
0.00103266	918.302	4.21494e-06	6.88751
0.00104109	907.537	4.21494e-06	4.53421
0.00104952	903.494	4.21494e-06	4.29278
0.00105795	912.388	4.21494e-06	4.40839
0.00106638	914.713	4.21494e-06	4.94855
0.00107481	904.648	4.21494e-06	4.53751
0.00108324	907.153	4.21494e-06	4.89263
0.00109167	908.349	4.21494e-06	6.96851
0.0011001	898.438	4.21494e-06	4.92058
0.00110853	893.241	4.21494e-06	4.71192
0.00111696	906.445	4.21494e-06	12.7749
0.00112539	881.867	4.21494e-06	4.29493
0.00113382	891.237	4.21494e-06	5.23821
0.00114225	879.047	4.21494e-06	4.68793
0.00115068	876.576	4.21494e-06	4.34053
0.00115911	871.501	4.21494e-06	4.24122
0.00116754	868.32	4.21494e-06	4.77977
0.00117597	870.276	4.21494e-06	4.37958
0.0011844	858.614	4.21494e-06	4.9506
0.00119283	854.953	4.21494e-06	4.06676
0.00120126	841.47	4.21494e-06	4.03241
0.00120969	847.736	4.21494e-06	5.86299
0.00121812	833.162	4.21494e-06	4.34435
0.00122655	824.254	4.21494e-06	3.87848
0.00123498	841.643	4.21494e-06	19.8819
0.00124341	812.246	4.21494e-06	4.00169
0.00125184	798.805	4.21494e-06	3.67332
0.00126027	794.109	4.21494e-06	3.64642
0.0012687	786.041	4.21494e-06	3.65177
0.00127713	785.491	4.21494e-06	3.68018
0.00128556	772.687	4.21494e-06	3.8356
0.00129399	763.152	4.21494e-06	3.48875
0.00130242	761.324	4.21494e-06	3.84789
0.00131085	751.024	4.21494e-06	3.57513
0.00131928	737.548	4.21494e-06	3.42883
0.00132771	730.822	4.21494e-06	3.74789
0.00133614	721.977	4.21494e-06	3.56157
0.00134457	712.498	4.21494e-06	3.6747
0.001353	698.502	4.21494e-06	3.37493
0.00136143	694.489	4.21494e-06	3.28953
0.00136986	684.437	4.21494e-06	3.52804
0.00137829	678.536	4.21494e-06	3.3034
0.00138672	670.685	4.21494e-06	3.42722
0.00139515	661.396	4.21494e-06	3.70349
0.00140358	646.553	4.21494e-06	3.34561
0.00141201	637.906	4.21494e-06	3.24956
0.00142044	626.405	4.21494e-06	3.21858
0.00142887	619.913	4.21494e-06	3.14054
0.0014373	604.652	4.21494e-06	2.98474
0.00144573	601.27	4.21494e-06	3.15613
0.00145416	589.944	4.21494e-06	3.1191
0.00146259	586.226	4.21494e-06	6.90494
0.00147102	574.386	4.21494e-06	3.03524
0.00147944	561.982	4.21494e-06	4.76546
0.00148787	556.038	4.21494e-06	5.24042
0.0014963	542.957	4.21494e-06	2.8094
0.00150473	532.554	4.21494e-06	2.69392
0.00151316	516.431	4.21494e-06	2.7098
0.00152159	515.452	4.21494e-06	2.84786
0.00153002	499.3	4.21494e-06	2.64723
0.00153845	492.916	4.21494e-06	2.64116
0.00154688	483.454	4.21494e-06	2.51745
0.00155531	471.462	4.21494e-06	2.60007
0.00156374	463.611	4.21494e-06	2.56631
0.00157217	455.545	4.21494e-06	2.56976
0.0015806	446.966	4.21494e-06	2.64914
0.00158903	438.719	4.21494e-06	2.39388
0.00159746	433.15	4.21494e-06	2.93139
0.00160589	430.48	4.21494e-06	7.73943
0.00161432	406.79	4.21494e-06	2.29499
0.00162275	400.151	4.21494e-06	2.2635
0.00163118	389.556	4.21494e-06	2.283
0.00163961	384.579	4.21494e-06	2.3449
0.00164804	374.431	4.21494e-06	2.12017
0.00165647	367.742	4.21494e-06	2.15385
0.0016649	355.451	4.21494e-06	2.11033
0.00167333	347.191	4.21494e-06	2.03242
0.00168176	341.091	4.21494e-06	2.18233
0.00169019	334.94	4.21494e-06	1.9954
0.00169862	325.588	4.21494e-06	2.01086
0.00170705	319.836	4.21494e-06	2.01144
0.00171548	309.477	4.21494e-06	1.91854
0.00172391	299.611	4.21494e-06	1.8517
0.00173234	296.627	4.21494e-06	1.9492
0.00174077	283.968	4.21494e-06	1.80004
0.0017492	275.574	4.21494e-06	1.76734
0.00175763	269.276	4.21494e-06	1.7552
0.00176606	264.16	4.21494e-06	1.75086
0.00177449	256.663	4.21494e-06	1.69878
0.00178292	248.604	4.21494e-06	1.68123
0.00179135	241.541	4.21494e-06	1.63205
0.00179978	235.89	4.21494e-06	1.60645
0.00180821	227.559	4.21494e-06	1.5774
0.00181664	222.739	4.21494e-06	1.565
0.00182507	216.105	4.21494e-06	1.53277
0.0018335	211.336	4.21494e-06	1.51811
0.00184193	202.2	4.21494e-06	1.49023
0.00185036	194.387	4.21494e-06	1.44396
0.00185879	193.099	4.21494e-06	1.438
0.00186722	186.318	4.21494e-06	1.40682
0.00187565	181.895	4.21494e-06	1.39971
0.00188408	173.627	4.21494e-06	1.3557
0.00189251	169.931	4.21494e-06	1.33595
0.00190094	162.329	4.21494e-06	1.31247
0.00190937	158.876	4.21494e-06	1.28856
0.0019178	150.834	4.21494e-06	1.2564
0.00192623	146.713	4.21494e-06	1.23569
0.00193466	143.358	4.21494e-06	1.2269
0.00194309	136.515	4.21494e-06	1.19782
0.00195152	134.194	4.21494e-06	1.17916
0.00195995	126.069	4.21494e-06	1.13573
0.00196838	124.013	4.21494e-06	1.12286
0.00197681	119.715	4.21494e-06	1.10199
0.00198524	115.718	4.21494e-06	1.08812
0.00199367	112.672	4.21494e-06	1.07112
0.0020021	105.657	4.21494e-06	1.03257
0.00201053	102.937	4.21494e-06	1.01881
0.00201896	100.805	4.21494e-06	1.0044
0.00202739	97.0931	4.21494e-06	0.986756
0.00203582	94.9892	4.21494e-06	0.975289
0.00204425	90.809	4.21494e-06	0.955142
0.00205268	85.7264	4.21494e-06	0.923672
0.00206111	82.7693	4.21494e-06	0.905214
0.00206954	80.3363	4.21494e-06	0.89098
0.00207797	77.7313	4.21494e-06	0.880316
0.0020864	71.9915	4.21494e-06	0.84075
0.00209483	69.4646	4.21494e-06	0.823082
0.00210326	66.284	4.21494e-06	0.808102
0.00211169	65.6052	4.21494e-06	0.80257
0.00212012	63.1697	4.21494e-06	0.783762
0.00212855	59.9868	4.21494e-06	0.761951
0.00213698	56.7008	4.21494e-06	0.740182
0.00214541	54.58	4.21494e-06	0.725722
0.00215384	51.7594	4.21494e-06	0.705692
0.00216227	50.5331	4.21494e-06	0.696163
0.0021707	48.3408	4.21494e-06	0.682399
0.00217913	46.9501	4.21494e-06	0.670292
0.00218756	43.9973	4.21494e-06	0.646418
0.00219599	42.6669	4.21494e-06	0.635818
0.00220442	40.5048	4.21494e-06	0.620758
0.00221285	38.5871	4.21494e-06	0.611044
0.00222127	36.3216	4.21494e-06	0.584483
0.0022297	34.5973	4.21494e-06	0.570111
0.00223813	33.6597	4.21494e-06	0.561503
0.00224656	31.0627	4.21494e-06	0.538282
0.00225499	30.1637	4.21494e-06	0.530523
0.00226342	29.4927	4.21494e-06	0.52349
0.00227185	26.5357	4.21494e-06	0.493388
0.00228028	25.9199	4.21494e-06	0.487924
0.00228871	24.2242	4.21494e-06	0.471456
0.00229714	22.6286	4.21494e-06	0.455158
0.00230557	21.1678	4.21494e-06	0.440224
0.002314	20.8651	4.21494e-06	0.435786
0.00232243	18.6823	4.21494e-06	0.412981
0.00233086	17.9179	4.21494e-06	0.409273
0.00233929	16.6199	4.21494e-06	0.386333
0.00234772	15.4723	4.21494e-06	0.37372
0.00235615	15.2136	4.21494e-06	0.369004
0.00236458	14.5196	4.21494e-06	0.359306
0.00237301	13.5911	4.21494e-06	0.348576
0.00238144	12.3664	4.21494e-06	0.331079
0.00238987	11.1865	4.21494e-06	0.313528
0.0023983	10.829	4.21494e-06	0.308156
0.00240673	10.0098	4.21494e-06	0.296816
0.00241516	9.09607	4.21494e-06	0.281368
0.00242359	8.31041	4.21494e-06	0.269391
0.00243202	8.11118	4.21494e-06	0.265649
0.00244045	7.09178	4.21494e-06	0.247788
0.00244888	6.54714	4.21494e-06	0.237514
0.00245731	6.33414	4.21494e-06	0.233085
0.00246574	5.28946	4.21494e-06	0.212491
0.00247417	4.94742	4.21494e-06	0.205993
0.0024826	4.39405	4.21494e-06	0.192959
0.00249103	3.78495	4.21494e-06	0.178938
0.00249946	3.47704	4.21494e-06	0.171106
0.00250789	2.86179	4.21494e-06	0.154452
0.00251632	2.69109	4.21494e-06	0.150045
0.00252475	2.34768	4.21494e-06	0.139688
0.00253318	1.85842	4.21494e-06	0.126399
0.00254161	1.52518	4.21494e-06	0.112289
0.00255004	1.2065	4.21494e-06	0.0997111
0.00255847	0.872216	4.21494e-06	0.0843401
0.0025669	0.552712	4.21494e-06	0.0670354
0.00257533	0.242579	4.21494e-06	0.0442907
0.00258376	0.0321542	4.21494e-06	0.0160771
