4.21494e-06	0.0464302	4.21494e-06	0.0292487
1.26448e-05	0.328051	4.21494e-06	0.0787944
2.10747e-05	1.12314	4.21494e-06	0.175028
2.95046e-05	1.66874	4.21494e-06	0.167995
3.79345e-05	2.86888	4.21494e-06	0.217554
4.63644e-05	4.46258	4.21494e-06	0.388482
5.47943e-05	5.82469	4.21494e-06	0.361882
6.32241e-05	7.23486	4.21494e-06	0.360751
7.1654e-05	9.87346	4.21494e-06	0.512598
8.00839e-05	12.8994	4.21494e-06	0.722489
8.85138e-05	14.6251	4.21494e-06	0.567535
9.69437e-05	18.9087	4.21494e-06	0.806154
0.000105374	21.7054	4.21494e-06	0.865295
0.000113803	24.4106	4.21494e-06	0.75764
0.000122233	29.4778	4.21494e-06	0.844155
0.000130663	33.7985	4.21494e-06	1.8615
0.000139093	37.6608	4.21494e-06	1.022
0.000147523	39.853	4.21494e-06	0.887456
0.000155953	46.6682	4.21494e-06	1.10089
0.000164383	51.0315	4.21494e-06	1.62662
0.000172813	54.4647	4.21494e-06	1.14942
0.000181243	68.858	4.21494e-06	3.75587
0.000189672	66.1584	4.21494e-06	1.31594
0.000198102	73.3634	4.21494e-06	1.3016
0.000206532	78.4074	4.21494e-06	1.37743
0.000214962	83.3237	4.21494e-06	1.30912
0.000223392	90.6347	4.21494e-06	1.33064
0.000231822	101.589	4.21494e-06	1.69648
0.000240252	104.071	4.21494e-06	1.58086
0.000248682	112.087	4.21494e-06	1.77849
0.000257112	122.77	4.21494e-06	1.72345
0.000265541	132.74	4.21494e-06	2.02071
0.000273971	137.273	4.21494e-06	2.55102
0.000282401	145.038	4.21494e-06	1.88498
0.000290831	155.129	4.21494e-06	1.88098
0.000299261	161.052	4.21494e-06	1.9575
0.000307691	177.767	4.21494e-06	5.00793
0.000316121	175.354	4.21494e-06	1.93012
0.000324551	186.27	4.21494e-06	2.0096
0.00033298	201.62	4.21494e-06	2.78967
0.00034141	212.542	4.21494e-06	2.61915
0.00034984	217.367	4.21494e-06	2.29586
0.00035827	232.369	4.21494e-06	2.9906
0.0003667	239.651	4.21494e-06	3.53811
0.00037513	249.855	4.21494e-06	2.47672
0.00038356	260.286	4.21494e-06	2.52445
0.00039199	275.016	4.21494e-06	3.62695
0.00040042	284.942	4.21494e-06	3.24365
0.000408849	289.823	4.21494e-06	3.06201
0.000417279	305.148	4.21494e-06	3.13569
0.000425709	315.439	4.21494e-06	3.42505
0.000434139	321.928	4.21494e-06	2.90791
0.000442569	332.524	4.21494e-06	2.88604
0.000450999	349.25	4.21494e-06	3.05249
0.000459429	357.669	4.21494e-06	3.24922
0.000467859	368.377	4.21494e-06	3.05845
0.000476289	372.686	4.21494e-06	3.07838
0.000484718	392.466	4.21494e-06	3.79983
0.000493148	404.801	4.21494e-06	3.56512
0.000501578	419.349	4.21494e-06	4.11199
0.000510008	431.21	4.21494e-06	3.72368
0.000518438	439.936	4.21494e-06	5.64965
0.000526868	449.119	4.21494e-06	3.67449
0.000535298	464.32	4.21494e-06	3.79012
0.000543728	487.453	4.21494e-06	6.17942
0.000552158	483.384	4.21494e-06	3.80447
0.000560587	495.394	4.21494e-06	3.77775
0.000569017	506.53	4.21494e-06	3.76204
0.000577447	522.48	4.21494e-06	4.37082
0.000585877	535.038	4.21494e-06	4.67096
0.000594307	539.676	4.21494e-06	4.05823
0.000602737	549.744	4.21494e-06	4.00623
0.000611167	574.559	4.21494e-06	5.51118
0.000619597	580.98	4.21494e-06	4.05334
0.000628026	586.488	4.21494e-06	4.09856
0.000636456	593.723	4.21494e-06	4.04386
0.000644886	605.925	4.21494e-06	4.11564
0.000653316	619.629	4.21494e-06	4.5086
0.000661746	635.043	4.21494e-06	4.34921
0.000670176	643.355	4.21494e-06	4.70419
0.000678606	657.684	4.21494e-06	4.81733
0.000687036	665.818	4.21494e-06	4.95154
0.000695466	683.013	4.21494e-06	5.47033
0.000703895	678.597	4.21494e-06	4.21607
0.000712325	696.799	4.21494e-06	5.30583
0.000720755	699.153	4.21494e-06	4.39758
0.000729185	713.145	4.21494e-06	4.92082
0.000737615	719.633	4.21494e-06	4.6932
0.000746045	736.783	4.21494e-06	4.60192
0.000754475	745.028	4.21494e-06	5.09231
0.000762905	754.928	4.21494e-06	5.86451
0.000771335	775.01	4.21494e-06	7.85733
0.000779764	784.243	4.21494e-06	6.47242
0.000788194	785.842	4.21494e-06	8.14367
0.000796624	785.359	4.21494e-06	5.68349
0.000805054	797.224	4.21494e-06	5.01727
0.000813484	811.033	4.21494e-06	5.89352
0.000821914	808.844	4.21494e-06	5.02542
0.000830344	822.586	4.21494e-06	5.71818
0.000838774	832.684	4.21494e-06	7.20102
0.000847204	845.79	4.21494e-06	10.2403
0.000855633	848.614	4.21494e-06	6.98823
0.000864063	854.201	4.21494e-06	6.45681
0.000872493	879.496	4.21494e-06	8.07599
0.000880923	853.298	4.21494e-06	6.34441
0.000889353	870.492	4.21494e-06	11.2803
0.000897783	861.68	4.21494e-06	4.99698
0.000906213	868.226	4.21494e-06	5.52001
0.000914643	870.755	4.21494e-06	5.51764
0.000923072	885.964	4.21494e-06	5.96404
0.000931502	878.638	4.21494e-06	5.26509
0.000939932	893.225	4.21494e-06	5.9429
0.000948362	893.656	4.21494e-06	5.57059
0.000956792	903.85	4.21494e-06	5.87336
0.000965222	898.79	4.21494e-06	6.09849
0.000973652	900.766	4.21494e-06	5.68044
0.000982082	901.969	4.21494e-06	5.78683
0.000990512	913.695	4.21494e-06	8.85029
0.000998941	908.68	4.21494e-06	5.88099
0.00100737	911.505	4.21494e-06	6.67061
0.0010158	908.391	4.21494e-06	6.48799
0.00102423	899.904	4.21494e-06	5.38002
0.00103266	910.276	4.21494e-06	5.92281
0.00104109	912.981	4.21494e-06	6.58385
0.00104952	918.402	4.21494e-06	6.339
0.00105795	917.348	4.21494e-06	5.77874
0.00106638	906.839	4.21494e-06	6.19632
0.00107481	907.646	4.21494e-06	7.28648
0.00108324	899.405	4.21494e-06	5.42375
0.00109167	904.269	4.21494e-06	5.5708
0.0011001	895.932	4.21494e-06	6.06731
0.00110853	908.038	4.21494e-06	6.99383
0.00111696	903.044	4.21494e-06	6.33106
0.00112539	895.428	4.21494e-06	5.76959
0.00113382	866.724	4.21494e-06	5.14603
0.00114225	884.752	4.21494e-06	5.88172
0.00115068	884.284	4.21494e-06	5.88053
0.00115911	868.286	4.21494e-06	5.83929
0.00116754	866.969	4.21494e-06	6.27266
0.00117597	874.035	4.21494e-06	6.03026
0.0011844	863.243	4.21494e-06	5.91394
0.00119283	854.014	4.21494e-06	5.63772
0.00120126	857.206	4.21494e-06	5.87533
0.00120969	844.294	4.21494e-06	6.58801
0.00121812	842.668	4.21494e-06	6.12749
0.00122655	839.968	4.21494e-06	7.273
0.00123498	835.136	4.21494e-06	6.9165
0.00124341	819.699	4.21494e-06	5.12813
0.00125184	832.959	4.21494e-06	7.0354
0.00126027	812.222	4.21494e-06	5.7122
0.0012687	811.872	4.21494e-06	8.56157
0.00127713	791.263	4.21494e-06	5.73018
0.00128556	786.377	4.21494e-06	5.41516
0.00129399	784.463	4.21494e-06	5.90129
0.00130242	760.802	4.21494e-06	5.22151
0.00131085	762.627	4.21494e-06	5.14234
0.00131928	754.735	4.21494e-06	5.6494
0.00132771	744.237	4.21494e-06	5.56809
0.00133614	733.005	4.21494e-06	5.03911
0.00134457	730.907	4.21494e-06	5.67137
0.001353	719.919	4.21494e-06	6.08127
0.00136143	706.257	4.21494e-06	5.19282
0.00136986	692.693	4.21494e-06	5.16698
0.00137829	705.898	4.21494e-06	15.0931
0.00138672	672.544	4.21494e-06	4.86403
0.00139515	667.535	4.21494e-06	5.05837
0.00140358	657.882	4.21494e-06	4.97832
0.00141201	657.163	4.21494e-06	4.74428
0.00142044	646.914	4.21494e-06	4.99004
0.00142887	650.647	4.21494e-06	10.7411
0.0014373	620.599	4.21494e-06	4.66713
0.00144573	630.203	4.21494e-06	9.42933
0.00145416	614.932	4.21494e-06	5.74264
0.00146259	599.654	4.21494e-06	4.77742
0.00147102	590.726	4.21494e-06	5.30946
0.00147944	569.675	4.21494e-06	4.18667
0.00148787	569.406	4.21494e-06	4.67734
0.0014963	570.398	4.21494e-06	7.61252
0.00150473	609.122	4.21494e-06	36.8288
0.00151316	536.926	4.21494e-06	4.75664
0.00152159	534.135	4.21494e-06	6.22817
0.00153002	519.563	4.21494e-06	5.01622
0.00153845	515.915	4.21494e-06	4.90535
0.00154688	500.139	4.21494e-06	4.6245
0.00155531	497.363	4.21494e-06	4.52503
0.00156374	498.406	4.21494e-06	6.08426
0.00157217	477.135	4.21494e-06	5.06905
0.0015806	465.358	4.21494e-06	4.67214
0.00158903	450.324	4.21494e-06	3.9245
0.00159746	449.824	4.21494e-06	4.22434
0.00160589	437.076	4.21494e-06	4.22247
0.00161432	418.659	4.21494e-06	3.65383
0.00162275	416.619	4.21494e-06	4.27912
0.00163118	413.821	4.21494e-06	4.18727
0.00163961	395.353	4.21494e-06	3.59748
0.00164804	389.715	4.21494e-06	5.9739
0.00165647	380.473	4.21494e-06	5.38797
0.0016649	380.381	4.21494e-06	5.06232
0.00167333	363.887	4.21494e-06	3.75938
0.00168176	362.684	4.21494e-06	5.5369
0.00169019	344.899	4.21494e-06	3.84906
0.00169862	329.744	4.21494e-06	3.8034
0.00170705	336.9	4.21494e-06	4.60267
0.00171548	331.387	4.21494e-06	4.37581
0.00172391	310.334	4.21494e-06	3.3347
0.00173234	314.806	4.21494e-06	4.44837
0.00174077	294.559	4.21494e-06	3.23027
0.0017492	289.841	4.21494e-06	3.02389
0.00175763	282.58	4.21494e-06	3.39095
0.00176606	276.787	4.21494e-06	3.28007
0.00177449	262.751	4.21494e-06	3.03135
0.00178292	264.362	4.21494e-06	3.09095
0.00179135	255.045	4.21494e-06	3.04508
0.00179978	246.593	4.21494e-06	2.8591
0.00180821	239.204	4.21494e-06	3.19105
0.00181664	227.787	4.21494e-06	2.6308
0.00182507	226.622	4.21494e-06	3.05173
0.0018335	217.274	4.21494e-06	3.15859
0.00184193	218.128	4.21494e-06	3.0953
0.00185036	207.948	4.21494e-06	2.99819
0.00185879	199.787	4.21494e-06	2.75142
0.00186722	196.998	4.21494e-06	2.88542
0.00187565	187.796	4.21494e-06	2.82837
0.00188408	182.98	4.21494e-06	2.73536
0.00189251	177.121	4.21494e-06	2.55378
0.00190094	172.217	4.21494e-06	2.63371
0.00190937	165.08	4.21494e-06	2.30524
0.0019178	160.361	4.21494e-06	2.48305
0.00192623	152.602	4.21494e-06	2.26272
0.00193466	152.147	4.21494e-06	2.39528
0.00194309	146.271	4.21494e-06	2.92702
0.00195152	138.957	4.21494e-06	2.09667
0.00195995	134.799	4.21494e-06	2.1285
0.00196838	134.123	4.21494e-06	2.72829
0.00197681	123.446	4.21494e-06	2.0576
0.00198524	124.943	4.21494e-06	2.1148
0.00199367	121.738	4.21494e-06	2.38597
0.0020021	120.852	4.21494e-06	3.02972
0.00201053	111.801	4.21494e-06	1.88315
0.00201896	104.746	4.21494e-06	2.12431
0.00202739	103.754	4.21494e-06	1.96994
0.00203582	99.5857	4.21494e-06	1.81655
0.00204425	94.8256	4.21494e-06	1.70162
0.00205268	91.2687	4.21494e-06	1.6772
0.00206111	89.9675	4.21494e-06	1.87105
0.00206954	83.0525	4.21494e-06	1.64331
0.00207797	81.1099	4.21494e-06	1.76187
0.0020864	79.0889	4.21494e-06	1.79184
0.00209483	75.1057	4.21494e-06	1.58649
0.00210326	77.1708	4.21494e-06	1.96939
0.00211169	73.5901	4.21494e-06	3.53515
0.00212012	66.5476	4.21494e-06	1.54458
0.00212855	64.2836	4.21494e-06	1.46148
0.00213698	63.0313	4.21494e-06	1.63521
0.00214541	66.6057	4.21494e-06	5.72935
0.00215384	57.1584	4.21494e-06	1.60105
0.00216227	55.6741	4.21494e-06	1.39386
0.0021707	51.8453	4.21494e-06	1.30554
0.00217913	54.4819	4.21494e-06	1.8869
0.00218756	50.4345	4.21494e-06	1.94083
0.00219599	45.0688	4.21494e-06	1.25753
0.00220442	42.8391	4.21494e-06	1.20085
0.00221285	44.4665	4.21494e-06	2.11459
0.00222127	38.3402	4.21494e-06	1.11474
0.0022297	40.0121	4.21494e-06	1.6282
0.00223813	38.0193	4.21494e-06	2.42127
0.00224656	33.7676	4.21494e-06	1.15308
0.00225499	29.2789	4.21494e-06	0.904503
0.00226342	32.5941	4.21494e-06	1.28485
0.00227185	29.53	4.21494e-06	1.04888
0.00228028	27.4773	4.21494e-06	1.06043
0.00228871	25.4781	4.21494e-06	0.897951
0.00229714	27.0758	4.21494e-06	1.4964
0.00230557	27.2754	4.21494e-06	2.78064
0.002314	23.3762	4.21494e-06	0.928759
0.00232243	22.4004	4.21494e-06	1.54872
0.00233086	19.6864	4.21494e-06	0.764494
0.00233929	17.6573	4.21494e-06	0.757369
0.00234772	16.3263	4.21494e-06	0.762086
0.00235615	17.2349	4.21494e-06	0.978549
0.00236458	15.5048	4.21494e-06	0.757713
0.00237301	14.6567	4.21494e-06	0.643965
0.00238144	14.9435	4.21494e-06	0.887842
0.00238987	12.0556	4.21494e-06	0.581439
0.0023983	12.2825	4.21494e-06	0.646693
0.00240673	10.8601	4.21494e-06	0.610313
0.00241516	11.2824	4.21494e-06	1.25861
0.00242359	10.5408	4.21494e-06	1.16002
0.00243202	10.6084	4.21494e-06	1.22554
0.00244045	7.92665	4.21494e-06	0.501896
0.00244888	8.68711	4.21494e-06	0.99643
0.00245731	6.43742	4.21494e-06	0.456531
0.00246574	5.65138	4.21494e-06	0.495966
0.00247417	5.5639	4.21494e-06	0.421583
0.0024826	4.77529	4.21494e-06	0.381446
0.00249103	4.56939	4.21494e-06	0.509453
0.00249946	3.90028	4.21494e-06	0.491403
0.00250789	4.43753	4.21494e-06	0.447682
0.00251632	2.97901	4.21494e-06	0.352581
0.00252475	2.45682	4.21494e-06	0.238424
0.00253318	2.1274	4.21494e-06	0.297199
0.00254161	1.8446	4.21494e-06	0.22092
0.00255004	1.5204	4.21494e-06	0.197177
0.00255847	1.03231	4.21494e-06	0.159987
0.0025669	0.615227	4.21494e-06	0.114343
0.00257533	0.328542	4.21494e-06	0.081874
0.00258376	0	4.21494e-06	0
