4.21494e-06	0.0105492	4.21494e-06	0.0105492
1.26448e-05	0.313799	4.21494e-06	0.0904053
2.10747e-05	0.653828	4.21494e-06	0.0913617
2.95046e-05	1.47452	4.21494e-06	0.151863
3.79345e-05	2.94894	4.21494e-06	0.31401
4.63644e-05	4.47295	4.21494e-06	0.468092
5.47943e-05	6.2503	4.21494e-06	0.385821
6.32241e-05	8.29814	4.21494e-06	0.929346
7.1654e-05	9.88327	4.21494e-06	0.477304
8.00839e-05	12.0409	4.21494e-06	0.57663
8.85138e-05	14.7772	4.21494e-06	0.656055
9.69437e-05	18.6297	4.21494e-06	1.45351
0.000105374	21.1691	4.21494e-06	0.800843
0.000113803	23.2774	4.21494e-06	0.908919
0.000122233	28.1491	4.21494e-06	1.00001
0.000130663	32.9883	4.21494e-06	1.04147
0.000139093	34.8481	4.21494e-06	1.10534
0.000147523	41.1803	4.21494e-06	1.02502
0.000155953	45.0561	4.21494e-06	1.06905
0.000164383	53.0787	4.21494e-06	1.73496
0.000172813	54.989	4.21494e-06	1.35022
0.000181243	61.4266	4.21494e-06	1.75549
0.000189672	69.7026	4.21494e-06	1.76048
0.000198102	72.9058	4.21494e-06	1.58757
0.000206532	77.9766	4.21494e-06	1.43755
0.000214962	81.9171	4.21494e-06	1.4048
0.000223392	95.9771	4.21494e-06	2.78129
0.000231822	103.234	4.21494e-06	3.10815
0.000240252	108.641	4.21494e-06	2.46971
0.000248682	116.882	4.21494e-06	2.04693
0.000257112	120.22	4.21494e-06	1.98809
0.000265541	130.666	4.21494e-06	2.82968
0.000273971	139.241	4.21494e-06	2.56842
0.000282401	144.362	4.21494e-06	2.34052
0.000290831	149.856	4.21494e-06	2.18484
0.000299261	160.406	4.21494e-06	2.77261
0.000307691	171.704	4.21494e-06	2.42395
0.000316121	183.328	4.21494e-06	2.8964
0.000324551	183.744	4.21494e-06	2.28236
0.00033298	193.54	4.21494e-06	2.61766
0.00034141	210.082	4.21494e-06	3.14547
0.00034984	214.738	4.21494e-06	2.53498
0.00035827	236.014	4.21494e-06	4.45581
0.0003667	234.438	4.21494e-06	2.55556
0.00037513	247.058	4.21494e-06	3.41048
0.00038356	262.192	4.21494e-06	3.22299
0.00039199	272.764	4.21494e-06	3.27876
0.00040042	277.956	4.21494e-06	2.78352
0.000408849	288.028	4.21494e-06	3.08968
0.000417279	303.409	4.21494e-06	3.32231
0.000425709	313.747	4.21494e-06	3.73124
0.000434139	322.797	4.21494e-06	3.11404
0.000442569	332.285	4.21494e-06	3.11943
0.000450999	337.525	4.21494e-06	3.27774
0.000459429	350.623	4.21494e-06	3.53661
0.000467859	360.907	4.21494e-06	3.43627
0.000476289	375.467	4.21494e-06	3.451
0.000484718	389.386	4.21494e-06	3.62445
0.000493148	408.442	4.21494e-06	3.95449
0.000501578	416.066	4.21494e-06	5.21162
0.000510008	426.292	4.21494e-06	4.91233
0.000518438	434.227	4.21494e-06	3.69072
0.000526868	450.066	4.21494e-06	3.90499
0.000535298	461.867	4.21494e-06	3.7893
0.000543728	472.168	4.21494e-06	3.8068
0.000552158	490.015	4.21494e-06	4.68388
0.000560587	487.33	4.21494e-06	3.63038
0.000569017	506.492	4.21494e-06	3.79402
0.000577447	521.43	4.21494e-06	4.29362
0.000585877	527.413	4.21494e-06	5.17285
0.000594307	541.788	4.21494e-06	4.51298
0.000602737	556.962	4.21494e-06	4.26007
0.000611167	565.941	4.21494e-06	5.22112
0.000619597	578.441	4.21494e-06	5.08241
0.000628026	595.288	4.21494e-06	4.55371
0.000636456	600.969	4.21494e-06	4.09985
0.000644886	608.586	4.21494e-06	4.26801
0.000653316	628.719	4.21494e-06	5.28117
0.000661746	630.956	4.21494e-06	4.1703
0.000670176	644.766	4.21494e-06	4.45598
0.000678606	657.359	4.21494e-06	5.17017
0.000687036	681.294	4.21494e-06	7.25019
0.000695466	671.985	4.21494e-06	4.73706
0.000703895	686.263	4.21494e-06	4.74282
0.000712325	704.506	4.21494e-06	6.42153
0.000720755	704.361	4.21494e-06	5.04392
0.000729185	717.499	4.21494e-06	4.58084
0.000737615	729.885	4.21494e-06	6.09572
0.000746045	745.392	4.21494e-06	5.87089
0.000754475	745.886	4.21494e-06	4.71276
0.000762905	773.066	4.21494e-06	9.4761
0.000771335	770.001	4.21494e-06	5.77401
0.000779764	766.002	4.21494e-06	4.72687
0.000788194	783.649	4.21494e-06	4.83451
0.000796624	798.57	4.21494e-06	8.57741
0.000805054	793.141	4.21494e-06	5.00235
0.000813484	799.363	4.21494e-06	4.91579
0.000821914	827.651	4.21494e-06	7.13877
0.000830344	823.531	4.21494e-06	5.20158
0.000838774	831.554	4.21494e-06	5.62683
0.000847204	831.339	4.21494e-06	4.8241
0.000855633	843.582	4.21494e-06	6.5317
0.000864063	841.705	4.21494e-06	4.97877
0.000872493	847.474	4.21494e-06	4.97289
0.000880923	855.124	4.21494e-06	4.99871
0.000889353	865.707	4.21494e-06	5.92816
0.000897783	882.936	4.21494e-06	7.24956
0.000906213	880.031	4.21494e-06	6.66975
0.000914643	870.602	4.21494e-06	5.30784
0.000923072	889.175	4.21494e-06	5.27059
0.000931502	886.693	4.21494e-06	5.73676
0.000939932	898.776	4.21494e-06	5.83346
0.000948362	896.702	4.21494e-06	5.22194
0.000956792	895.762	4.21494e-06	5.48286
0.000965222	910.785	4.21494e-06	9.40056
0.000973652	931.718	4.21494e-06	22.4388
0.000982082	910.43	4.21494e-06	5.52323
0.000990512	903.462	4.21494e-06	5.14076
0.000998941	905.779	4.21494e-06	5.15727
0.00100737	920.932	4.21494e-06	7.04132
0.0010158	913.853	4.21494e-06	8.64979
0.00102423	910.866	4.21494e-06	5.25923
0.00103266	912.361	4.21494e-06	5.33639
0.00104109	916.039	4.21494e-06	6.74242
0.00104952	907.242	4.21494e-06	5.60144
0.00105795	917.571	4.21494e-06	6.6689
0.00106638	904.4	4.21494e-06	5.39646
0.00107481	915.815	4.21494e-06	6.40676
0.00108324	910.282	4.21494e-06	5.40002
0.00109167	903.763	4.21494e-06	5.03065
0.0011001	898.35	4.21494e-06	5.54043
0.00110853	917.436	4.21494e-06	12.8686
0.00111696	886.198	4.21494e-06	4.57342
0.00112539	902.737	4.21494e-06	6.77454
0.00113382	887.774	4.21494e-06	5.40273
0.00114225	888.385	4.21494e-06	6.20519
0.00115068	889.746	4.21494e-06	6.74378
0.00115911	880.138	4.21494e-06	5.42277
0.00116754	877.174	4.21494e-06	5.37122
0.00117597	867.938	4.21494e-06	5.08935
0.0011844	860.144	4.21494e-06	4.69027
0.00119283	850.216	4.21494e-06	4.65835
0.00120126	856.133	4.21494e-06	5.46184
0.00120969	852.684	4.21494e-06	5.33161
0.00121812	841.749	4.21494e-06	5.3209
0.00122655	837.606	4.21494e-06	5.81037
0.00123498	814.714	4.21494e-06	4.46787
0.00124341	831.174	4.21494e-06	5.73273
0.00125184	817.972	4.21494e-06	4.91541
0.00126027	818.233	4.21494e-06	6.38503
0.0012687	806.851	4.21494e-06	4.78136
0.00127713	786.496	4.21494e-06	4.74439
0.00128556	774.412	4.21494e-06	4.30392
0.00129399	788.274	4.21494e-06	7.82637
0.00130242	765.002	4.21494e-06	5.01913
0.00131085	763.119	4.21494e-06	4.7142
0.00131928	758.795	4.21494e-06	10.5515
0.00132771	750.235	4.21494e-06	4.67695
0.00133614	744.541	4.21494e-06	6.01375
0.00134457	728.349	4.21494e-06	4.35531
0.001353	718.687	4.21494e-06	4.46662
0.00136143	719.658	4.21494e-06	4.82366
0.00136986	696.937	4.21494e-06	4.01576
0.00137829	689.311	4.21494e-06	4.33323
0.00138672	678.779	4.21494e-06	5.00687
0.00139515	710.122	4.21494e-06	20.1716
0.00140358	664.99	4.21494e-06	4.17972
0.00141201	658.63	4.21494e-06	4.33028
0.00142044	653.793	4.21494e-06	5.16078
0.00142887	636.749	4.21494e-06	4.18148
0.0014373	634.759	4.21494e-06	5.8173
0.00144573	623.53	4.21494e-06	4.34247
0.00145416	608.658	4.21494e-06	4.12476
0.00146259	601.934	4.21494e-06	3.89547
0.00147102	582.423	4.21494e-06	3.55024
0.00147944	577.725	4.21494e-06	4.03657
0.00148787	571.873	4.21494e-06	3.93304
0.0014963	566.724	4.21494e-06	4.01721
0.00150473	548.979	4.21494e-06	3.70336
0.00151316	541.071	4.21494e-06	3.67626
0.00152159	536.194	4.21494e-06	4.11413
0.00153002	520.517	4.21494e-06	3.5125
0.00153845	511.269	4.21494e-06	3.45124
0.00154688	499.773	4.21494e-06	4.44131
0.00155531	493.613	4.21494e-06	3.93405
0.00156374	476.663	4.21494e-06	3.38403
0.00157217	474.397	4.21494e-06	3.32411
0.0015806	462.05	4.21494e-06	3.39808
0.00158903	454.265	4.21494e-06	3.24251
0.00159746	447.041	4.21494e-06	3.41337
0.00160589	431.812	4.21494e-06	3.04107
0.00161432	422.687	4.21494e-06	2.94988
0.00162275	415.932	4.21494e-06	3.21581
0.00163118	406.742	4.21494e-06	3.69312
0.00163961	397.744	4.21494e-06	3.44029
0.00164804	388.555	4.21494e-06	2.88305
0.00165647	381.44	4.21494e-06	3.13921
0.0016649	371.841	4.21494e-06	3.14795
0.00167333	366.087	4.21494e-06	2.76133
0.00168176	353.866	4.21494e-06	2.97599
0.00169019	344.711	4.21494e-06	2.72502
0.00169862	339.529	4.21494e-06	2.65774
0.00170705	325.499	4.21494e-06	2.69437
0.00171548	322.395	4.21494e-06	2.85703
0.00172391	309.982	4.21494e-06	2.55966
0.00173234	308.034	4.21494e-06	2.64205
0.00174077	297.425	4.21494e-06	2.54814
0.0017492	292.204	4.21494e-06	2.81134
0.00175763	283.273	4.21494e-06	2.48731
0.00176606	276.77	4.21494e-06	2.60558
0.00177449	270.574	4.21494e-06	2.47454
0.00178292	259.654	4.21494e-06	2.47359
0.00179135	261.333	4.21494e-06	4.15753
0.00179978	291.897	4.21494e-06	32.5705
0.00180821	237.897	4.21494e-06	2.26815
0.00181664	231.573	4.21494e-06	2.1996
0.00182507	226.909	4.21494e-06	2.14897
0.0018335	220.181	4.21494e-06	2.10078
0.00184193	213.581	4.21494e-06	2.26513
0.00185036	205.943	4.21494e-06	1.984
0.00185879	199.985	4.21494e-06	1.99354
0.00186722	195.379	4.21494e-06	2.1853
0.00187565	189.045	4.21494e-06	2.04066
0.00188408	182.949	4.21494e-06	2.18245
0.00189251	175.869	4.21494e-06	1.99557
0.00190094	168.621	4.21494e-06	2.10597
0.00190937	170.106	4.21494e-06	2.84282
0.0019178	161.186	4.21494e-06	1.84293
0.00192623	155.851	4.21494e-06	1.75176
0.00193466	152.597	4.21494e-06	2.52319
0.00194309	146.011	4.21494e-06	1.89582
0.00195152	137.795	4.21494e-06	1.54006
0.00195995	139.146	4.21494e-06	1.82743
0.00196838	132.192	4.21494e-06	1.67558
0.00197681	128.461	4.21494e-06	1.57861
0.00198524	122.918	4.21494e-06	1.66505
0.00199367	117.875	4.21494e-06	1.68115
0.0020021	114.274	4.21494e-06	1.80177
0.00201053	107.71	4.21494e-06	1.36185
0.00201896	106.834	4.21494e-06	1.4381
0.00202739	103.024	4.21494e-06	1.79425
0.00203582	96.1762	4.21494e-06	1.30938
0.00204425	97.381	4.21494e-06	3.10649
0.00205268	91.4045	4.21494e-06	1.36653
0.00206111	89.5406	4.21494e-06	1.40453
0.00206954	86.4555	4.21494e-06	1.36388
0.00207797	81.1493	4.21494e-06	1.19227
0.0020864	78.27	4.21494e-06	1.14832
0.00209483	73.9521	4.21494e-06	1.18452
0.00210326	71.3087	4.21494e-06	1.27195
0.00211169	68.9171	4.21494e-06	1.24471
0.00212012	68.5071	4.21494e-06	1.54493
0.00212855	64.2404	4.21494e-06	1.43556
0.00213698	64.0504	4.21494e-06	1.65275
0.00214541	58.6569	4.21494e-06	0.995238
0.00215384	55.4356	4.21494e-06	1.09127
0.00216227	54.1285	4.21494e-06	0.892828
0.0021707	49.2429	4.21494e-06	0.884468
0.00217913	48.3042	4.21494e-06	0.873859
0.00218756	47.9871	4.21494e-06	0.906359
0.00219599	44.8066	4.21494e-06	0.821248
0.00220442	43.5569	4.21494e-06	0.949356
0.00221285	40.8598	4.21494e-06	0.815857
0.00222127	40.6543	4.21494e-06	0.77874
0.0022297	36.7464	4.21494e-06	0.737537
0.00223813	35.3419	4.21494e-06	0.690231
0.00224656	32.3125	4.21494e-06	0.663034
0.00225499	32.1909	4.21494e-06	0.688293
0.00226342	30.7681	4.21494e-06	0.716973
0.00227185	29.0903	4.21494e-06	0.626694
0.00228028	27.5559	4.21494e-06	0.657665
0.00228871	25.8382	4.21494e-06	0.59743
0.00229714	25.1553	4.21494e-06	0.575076
0.00230557	22.9797	4.21494e-06	0.542617
0.002314	22.4075	4.21494e-06	0.548389
0.00232243	21.4092	4.21494e-06	0.519114
0.00233086	19.7117	4.21494e-06	0.500882
0.00233929	18.1208	4.21494e-06	0.479091
0.00234772	17.4088	4.21494e-06	0.469028
0.00235615	16.4105	4.21494e-06	0.449214
0.00236458	15.9933	4.21494e-06	0.444452
0.00237301	15.1749	4.21494e-06	0.422892
0.00238144	14.0268	4.21494e-06	0.403092
0.00238987	12.8654	4.21494e-06	0.384106
0.0023983	11.6714	4.21494e-06	0.366941
0.00240673	10.92	4.21494e-06	0.353313
0.00241516	10.5672	4.21494e-06	0.344383
0.00242359	9.9862	4.21494e-06	0.335732
0.00243202	8.29655	4.21494e-06	0.305209
0.00244045	8.43755	4.21494e-06	0.307356
0.00244888	7.14486	4.21494e-06	0.277873
0.00245731	6.80042	4.21494e-06	0.272231
0.00246574	6.31435	4.21494e-06	0.259217
0.00247417	5.5206	4.21494e-06	0.241314
0.0024826	5.15635	4.21494e-06	0.232895
0.00249103	4.33251	4.21494e-06	0.212487
0.00249946	3.99785	4.21494e-06	0.201664
0.00250789	3.39362	4.21494e-06	0.185039
0.00251632	3.19417	4.21494e-06	0.181341
0.00252475	2.66767	4.21494e-06	0.164144
0.00253318	2.37866	4.21494e-06	0.154638
0.00254161	1.63726	4.21494e-06	0.127312
0.00255004	1.42476	4.21494e-06	0.118316
0.00255847	1.0339	4.21494e-06	0.101171
0.0025669	0.490914	4.21494e-06	0.0682986
0.00257533	0.360024	4.21494e-06	0.0585039
0.00258376	0.0294917	4.21494e-06	0.0170305
