4.21494e-06	0.0464091	4.21494e-06	0.0200197
1.26448e-05	0.304265	4.21494e-06	0.0811383
2.10747e-05	1.00462	4.21494e-06	0.116496
2.95046e-05	2.50862	4.21494e-06	0.595278
3.79345e-05	2.61584	4.21494e-06	0.184557
4.63644e-05	4.02248	4.21494e-06	0.261544
5.47943e-05	5.70526	4.21494e-06	0.329166
6.32241e-05	7.68579	4.21494e-06	0.518913
7.1654e-05	9.36869	4.21494e-06	0.405366
8.00839e-05	11.8759	4.21494e-06	0.471932
8.85138e-05	14.7404	4.21494e-06	0.555165
9.69437e-05	18.6629	4.21494e-06	0.878967
0.000105374	20.5465	4.21494e-06	0.564806
0.000113803	24.6889	4.21494e-06	0.715405
0.000122233	28.1326	4.21494e-06	0.798697
0.000130663	34.479	4.21494e-06	0.946145
0.000139093	36.219	4.21494e-06	0.932979
0.000147523	40.9164	4.21494e-06	1.19478
0.000155953	46.6387	4.21494e-06	1.12032
0.000164383	51.8218	4.21494e-06	1.19113
0.000172813	54.5135	4.21494e-06	1.31428
0.000181243	59.3489	4.21494e-06	1.07687
0.000189672	64.5426	4.21494e-06	1.17966
0.000198102	73.7637	4.21494e-06	1.61121
0.000206532	78.9981	4.21494e-06	1.43805
0.000214962	84.3688	4.21494e-06	1.30329
0.000223392	90.5336	4.21494e-06	1.34158
0.000231822	99.0178	4.21494e-06	1.54538
0.000240252	107.322	4.21494e-06	1.64252
0.000248682	111.914	4.21494e-06	1.55448
0.000257112	120.045	4.21494e-06	1.71478
0.000265541	133.764	4.21494e-06	6.11142
0.000273971	135.889	4.21494e-06	1.82275
0.000282401	146.862	4.21494e-06	1.77877
0.000290831	158.082	4.21494e-06	2.83989
0.000299261	162.853	4.21494e-06	1.89664
0.000307691	177.686	4.21494e-06	3.19663
0.000316121	180.095	4.21494e-06	2.08757
0.000324551	187.307	4.21494e-06	1.99575
0.00033298	200.292	4.21494e-06	2.31001
0.00034141	205.209	4.21494e-06	2.05105
0.00034984	219.081	4.21494e-06	2.43166
0.00035827	223.174	4.21494e-06	2.29079
0.0003667	239.797	4.21494e-06	2.38652
0.00037513	248.483	4.21494e-06	2.78881
0.00038356	259.398	4.21494e-06	2.86357
0.00039199	268.537	4.21494e-06	3.88278
0.00040042	278.374	4.21494e-06	3.30951
0.000408849	289.908	4.21494e-06	2.86149
0.000417279	304.472	4.21494e-06	2.87277
0.000425709	311.725	4.21494e-06	3.09097
0.000434139	317.247	4.21494e-06	2.69824
0.000442569	334.541	4.21494e-06	3.51869
0.000450999	348.723	4.21494e-06	3.04716
0.000459429	348.984	4.21494e-06	3.1488
0.000467859	365.071	4.21494e-06	3.05597
0.000476289	378.046	4.21494e-06	3.14781
0.000484718	383.676	4.21494e-06	3.57453
0.000493148	406.388	4.21494e-06	4.13791
0.000501578	411.636	4.21494e-06	3.23059
0.000510008	424.237	4.21494e-06	3.97185
0.000518438	436.695	4.21494e-06	3.54398
0.000526868	450.251	4.21494e-06	4.00912
0.000535298	455.119	4.21494e-06	3.62471
0.000543728	473.419	4.21494e-06	4.69489
0.000552158	482.452	4.21494e-06	3.61662
0.000560587	495.169	4.21494e-06	4.06062
0.000569017	511.913	4.21494e-06	4.23812
0.000577447	515.538	4.21494e-06	4.51735
0.000585877	529.664	4.21494e-06	4.07124
0.000594307	540.659	4.21494e-06	4.11573
0.000602737	555.975	4.21494e-06	4.22027
0.000611167	562.053	4.21494e-06	3.84052
0.000619597	582.206	4.21494e-06	5.04562
0.000628026	572.877	4.21494e-06	3.84884
0.000636456	597.813	4.21494e-06	4.50734
0.000644886	620.107	4.21494e-06	5.34317
0.000653316	621.203	4.21494e-06	5.35604
0.000661746	630.037	4.21494e-06	4.17624
0.000670176	654.368	4.21494e-06	4.96128
0.000678606	653.586	4.21494e-06	4.55726
0.000687036	664.077	4.21494e-06	4.51624
0.000695466	672.82	4.21494e-06	4.63755
0.000703895	687.676	4.21494e-06	4.50267
0.000712325	694.025	4.21494e-06	4.87903
0.000720755	704.382	4.21494e-06	4.8281
0.000729185	707.389	4.21494e-06	4.54658
0.000737615	720.004	4.21494e-06	4.70959
0.000746045	737.353	4.21494e-06	4.70368
0.000754475	744.028	4.21494e-06	4.92815
0.000762905	750.446	4.21494e-06	4.97117
0.000771335	760.179	4.21494e-06	5.36856
0.000779764	767.249	4.21494e-06	4.94449
0.000788194	791.964	4.21494e-06	6.11717
0.000796624	795.49	4.21494e-06	6.01306
0.000805054	796.756	4.21494e-06	5.07114
0.000813484	811.943	4.21494e-06	5.66984
0.000821914	827.366	4.21494e-06	7.40335
0.000830344	820.619	4.21494e-06	7.18942
0.000838774	841.493	4.21494e-06	7.59155
0.000847204	835.196	4.21494e-06	6.35194
0.000855633	846.299	4.21494e-06	6.98682
0.000864063	848.884	4.21494e-06	5.94456
0.000872493	853.646	4.21494e-06	6.08626
0.000880923	862.405	4.21494e-06	5.43251
0.000889353	857.024	4.21494e-06	5.03369
0.000897783	864.779	4.21494e-06	5.42106
0.000906213	882.546	4.21494e-06	6.66014
0.000914643	870.997	4.21494e-06	5.81343
0.000923072	884.613	4.21494e-06	5.48802
0.000931502	897.038	4.21494e-06	9.60644
0.000939932	873.939	4.21494e-06	5.65739
0.000948362	899.61	4.21494e-06	6.99988
0.000956792	904.531	4.21494e-06	6.49517
0.000965222	886.56	4.21494e-06	5.96993
0.000973652	910.109	4.21494e-06	6.19123
0.000982082	911.456	4.21494e-06	6.40815
0.000990512	904.378	4.21494e-06	5.53891
0.000998941	909.533	4.21494e-06	5.86958
0.00100737	923.938	4.21494e-06	16.651
0.0010158	904.241	4.21494e-06	6.03705
0.00102423	921.565	4.21494e-06	8.14719
0.00103266	912.233	4.21494e-06	5.53074
0.00104109	908.949	4.21494e-06	7.4897
0.00104952	917.704	4.21494e-06	8.31401
0.00105795	908.115	4.21494e-06	7.21643
0.00106638	921.001	4.21494e-06	7.56936
0.00107481	922.357	4.21494e-06	11.2843
0.00108324	915.565	4.21494e-06	7.5511
0.00109167	906.134	4.21494e-06	5.84192
0.0011001	900.278	4.21494e-06	6.01581
0.00110853	893.066	4.21494e-06	5.5324
0.00111696	910.179	4.21494e-06	7.63991
0.00112539	885.375	4.21494e-06	5.78009
0.00113382	896.452	4.21494e-06	7.50524
0.00114225	883.846	4.21494e-06	5.54036
0.00115068	879.339	4.21494e-06	5.75817
0.00115911	873.649	4.21494e-06	5.30991
0.00116754	874.681	4.21494e-06	5.80817
0.00117597	872.806	4.21494e-06	7.6447
0.0011844	868.562	4.21494e-06	6.51068
0.00119283	864.044	4.21494e-06	5.64509
0.00120126	868.124	4.21494e-06	7.27163
0.00120969	866.933	4.21494e-06	9.50057
0.00121812	854.346	4.21494e-06	10.1742
0.00122655	835.665	4.21494e-06	5.74426
0.00123498	827.164	4.21494e-06	6.71514
0.00124341	821.783	4.21494e-06	7.67545
0.00125184	814.471	4.21494e-06	5.52011
0.00126027	811.207	4.21494e-06	5.59296
0.0012687	800.148	4.21494e-06	6.37565
0.00127713	785.307	4.21494e-06	6.65844
0.00128556	797.878	4.21494e-06	6.61816
0.00129399	779.072	4.21494e-06	6.44451
0.00130242	762.017	4.21494e-06	5.69283
0.00131085	755.083	4.21494e-06	5.3032
0.00131928	757.392	4.21494e-06	5.29841
0.00132771	749.866	4.21494e-06	5.65589
0.00133614	738.473	4.21494e-06	5.5675
0.00134457	726.409	4.21494e-06	5.01774
0.001353	728.655	4.21494e-06	5.81383
0.00136143	708.216	4.21494e-06	5.10248
0.00136986	692.736	4.21494e-06	4.94367
0.00137829	686.878	4.21494e-06	4.93716
0.00138672	682.435	4.21494e-06	5.74764
0.00139515	682.443	4.21494e-06	5.70032
0.00140358	658.453	4.21494e-06	4.99515
0.00141201	655.648	4.21494e-06	5.03694
0.00142044	644.892	4.21494e-06	4.89697
0.00142887	628.36	4.21494e-06	4.69886
0.0014373	631.291	4.21494e-06	5.01953
0.00144573	607.306	4.21494e-06	5.05957
0.00145416	614.759	4.21494e-06	4.99732
0.00146259	596.212	4.21494e-06	4.76071
0.00147102	585.879	4.21494e-06	4.67276
0.00147944	580.253	4.21494e-06	4.83487
0.00148787	573.767	4.21494e-06	7.6595
0.0014963	559.26	4.21494e-06	4.76641
0.00150473	549.492	4.21494e-06	4.86533
0.00151316	540.016	4.21494e-06	4.51018
0.00152159	532.965	4.21494e-06	5.42474
0.00153002	531.64	4.21494e-06	5.34901
0.00153845	507.517	4.21494e-06	4.3997
0.00154688	501.157	4.21494e-06	4.22248
0.00155531	506.885	4.21494e-06	5.27466
0.00156374	485.773	4.21494e-06	4.38391
0.00157217	477.447	4.21494e-06	5.32303
0.0015806	468.4	4.21494e-06	5.07714
0.00158903	456.412	4.21494e-06	4.61184
0.00159746	443.797	4.21494e-06	4.34973
0.00160589	435.542	4.21494e-06	3.81124
0.00161432	423.303	4.21494e-06	3.77633
0.00162275	417.872	4.21494e-06	4.92181
0.00163118	406.614	4.21494e-06	4.5081
0.00163961	422.155	4.21494e-06	14.9115
0.00164804	394.207	4.21494e-06	4.26824
0.00165647	382.035	4.21494e-06	3.81067
0.0016649	370.726	4.21494e-06	4.7888
0.00167333	364.354	4.21494e-06	4.18108
0.00168176	361.937	4.21494e-06	3.93343
0.00169019	342.359	4.21494e-06	3.68443
0.00169862	340.821	4.21494e-06	3.96469
0.00170705	332.456	4.21494e-06	4.06904
0.00171548	328.745	4.21494e-06	5.43495
0.00172391	323.267	4.21494e-06	7.35724
0.00173234	311.376	4.21494e-06	3.71271
0.00174077	303.131	4.21494e-06	4.76017
0.0017492	295.363	4.21494e-06	4.05917
0.00175763	283.557	4.21494e-06	3.21884
0.00176606	277.94	4.21494e-06	3.51104
0.00177449	269.506	4.21494e-06	3.73924
0.00178292	270.005	4.21494e-06	5.0109
0.00179135	256.473	4.21494e-06	3.71915
0.00179978	249.779	4.21494e-06	3.12538
0.00180821	244.812	4.21494e-06	4.04309
0.00181664	241.517	4.21494e-06	4.84275
0.00182507	227.15	4.21494e-06	2.92269
0.0018335	228.764	4.21494e-06	4.15061
0.00184193	217.006	4.21494e-06	4.38693
0.00185036	211.28	4.21494e-06	4.63338
0.00185879	203.788	4.21494e-06	2.93033
0.00186722	197.706	4.21494e-06	3.82676
0.00187565	185.673	4.21494e-06	2.68407
0.00188408	185.329	4.21494e-06	3.23517
0.00189251	179.442	4.21494e-06	2.91274
0.00190094	179.341	4.21494e-06	3.41357
0.00190937	165.24	4.21494e-06	2.41039
0.0019178	159.604	4.21494e-06	2.3585
0.00192623	157.056	4.21494e-06	2.70564
0.00193466	155.034	4.21494e-06	3.0946
0.00194309	152.012	4.21494e-06	2.63616
0.00195152	146.188	4.21494e-06	2.53813
0.00195995	135.829	4.21494e-06	2.27052
0.00196838	141.89	4.21494e-06	6.80564
0.00197681	127.822	4.21494e-06	2.14189
0.00198524	127.085	4.21494e-06	2.99248
0.00199367	123.383	4.21494e-06	2.2295
0.0020021	116.107	4.21494e-06	2.07185
0.00201053	112.337	4.21494e-06	2.55217
0.00201896	112.049	4.21494e-06	2.52512
0.00202739	104.426	4.21494e-06	2.00875
0.00203582	101.481	4.21494e-06	3.02804
0.00204425	93.8336	4.21494e-06	1.99081
0.00205268	91.0439	4.21494e-06	2.28012
0.00206111	88.2374	4.21494e-06	1.67541
0.00206954	85.6956	4.21494e-06	1.94177
0.00207797	78.5843	4.21494e-06	1.70027
0.0020864	74.6495	4.21494e-06	1.54747
0.00209483	74.1519	4.21494e-06	1.84374
0.00210326	71.6072	4.21494e-06	1.62118
0.00211169	66.6521	4.21494e-06	1.55731
0.00212012	63.1125	4.21494e-06	1.467
0.00212855	59.6082	4.21494e-06	1.38107
0.00213698	60.203	4.21494e-06	1.39364
0.00214541	58.7244	4.21494e-06	1.55647
0.00215384	57.8053	4.21494e-06	1.8469
0.00216227	55.4983	4.21494e-06	1.67018
0.0021707	51.0377	4.21494e-06	1.54109
0.00217913	48.8676	4.21494e-06	1.43626
0.00218756	45.3421	4.21494e-06	1.31222
0.00219599	43.7034	4.21494e-06	1.52686
0.00220442	41.0848	4.21494e-06	1.2018
0.00221285	41.0833	4.21494e-06	1.25966
0.00222127	41.6179	4.21494e-06	1.48342
0.0022297	35.8235	4.21494e-06	1.11153
0.00223813	38.823	4.21494e-06	1.47456
0.00224656	33.036	4.21494e-06	1.18794
0.00225499	29.9522	4.21494e-06	0.921804
0.00226342	31.7833	4.21494e-06	1.19599
0.00227185	29.7457	4.21494e-06	1.07774
0.00228028	28.0989	4.21494e-06	1.18235
0.00228871	29.8823	4.21494e-06	1.53351
0.00229714	23.8558	4.21494e-06	0.904186
0.00230557	23.0874	4.21494e-06	0.857543
0.002314	22.0048	4.21494e-06	0.83717
0.00232243	22.0302	4.21494e-06	1.15284
0.00233086	18.81	4.21494e-06	0.968731
0.00233929	21.7185	4.21494e-06	1.03533
0.00234772	16.4634	4.21494e-06	0.90022
0.00235615	17.0111	4.21494e-06	1.60154
0.00236458	16.9087	4.21494e-06	2.03408
0.00237301	14.4392	4.21494e-06	0.748544
0.00238144	15.2072	4.21494e-06	1.05591
0.00238987	12.7943	4.21494e-06	0.725077
0.0023983	11.9459	4.21494e-06	0.610825
0.00240673	12.0758	4.21494e-06	0.696851
0.00241516	10.1453	4.21494e-06	0.68736
0.00242359	10.1456	4.21494e-06	0.840935
0.00243202	8.69349	4.21494e-06	0.666478
0.00244045	8.60325	4.21494e-06	0.671855
0.00244888	7.21633	4.21494e-06	0.555678
0.00245731	7.56598	4.21494e-06	0.720809
0.00246574	5.7256	4.21494e-06	0.597155
0.00247417	5.87619	4.21494e-06	0.705637
0.0024826	5.59186	4.21494e-06	0.675436
0.00249103	4.58512	4.21494e-06	0.560308
0.00249946	5.05342	4.21494e-06	0.951612
0.00250789	2.59533	4.21494e-06	0.38302
0.00251632	2.31639	4.21494e-06	0.311803
0.00252475	2.48206	4.21494e-06	0.345368
0.00253318	1.99218	4.21494e-06	0.404211
0.00254161	2.82866	4.21494e-06	0.609427
0.00255004	1.43252	4.21494e-06	0.317016
0.00255847	0.708458	4.21494e-06	0.193233
0.0025669	0.562726	4.21494e-06	0.179424
0.00257533	0.774037	4.21494e-06	0.494246
0.00258376	0	4.21494e-06	0
