4.21494e-06	0.0050469	4.21494e-06	0.0050469
1.26448e-05	0.38287	4.21494e-06	0.0797591
2.10747e-05	0.984235	4.21494e-06	0.130379
2.95046e-05	1.28235	4.21494e-06	0.123285
3.79345e-05	2.56231	4.21494e-06	0.182388
4.63644e-05	4.25299	4.21494e-06	0.288948
5.47943e-05	5.59081	4.21494e-06	0.311886
6.32241e-05	7.06337	4.21494e-06	0.349414
7.1654e-05	9.23841	4.21494e-06	0.386026
8.00839e-05	12.6719	4.21494e-06	0.566595
8.85138e-05	15.0136	4.21494e-06	0.745068
9.69437e-05	17.1784	4.21494e-06	0.594709
0.000105374	21.0578	4.21494e-06	0.676992
0.000113803	24.1399	4.21494e-06	0.673287
0.000122233	28.0956	4.21494e-06	0.795538
0.000130663	32.9954	4.21494e-06	0.869054
0.000139093	35.3633	4.21494e-06	0.77444
0.000147523	40.1583	4.21494e-06	0.872329
0.000155953	45.4663	4.21494e-06	1.11912
0.000164383	50.8908	4.21494e-06	1.08872
0.000172813	55.8149	4.21494e-06	1.17019
0.000181243	61.4972	4.21494e-06	1.16537
0.000189672	67.4254	4.21494e-06	1.13033
0.000198102	73.4295	4.21494e-06	1.38931
0.000206532	80.9823	4.21494e-06	1.43071
0.000214962	87.9124	4.21494e-06	2.42199
0.000223392	91.1427	4.21494e-06	1.33614
0.000231822	98.4442	4.21494e-06	1.57718
0.000240252	104.838	4.21494e-06	1.5349
0.000248682	114.261	4.21494e-06	1.79567
0.000257112	122.297	4.21494e-06	1.74024
0.000265541	130.836	4.21494e-06	1.94427
0.000273971	133.77	4.21494e-06	1.71149
0.000282401	145.817	4.21494e-06	1.8808
0.000290831	154.377	4.21494e-06	1.9868
0.000299261	165.425	4.21494e-06	2.98135
0.000307691	168.171	4.21494e-06	1.99329
0.000316121	180.527	4.21494e-06	2.2656
0.000324551	187.03	4.21494e-06	2.18663
0.00033298	199.858	4.21494e-06	3.55081
0.00034141	209.817	4.21494e-06	2.47625
0.00034984	219.706	4.21494e-06	2.67202
0.00035827	223.597	4.21494e-06	2.24453
0.0003667	248.106	4.21494e-06	8.61777
0.00037513	244.902	4.21494e-06	2.45411
0.00038356	258.126	4.21494e-06	2.49067
0.00039199	261.924	4.21494e-06	2.48917
0.00040042	285.138	4.21494e-06	4.55507
0.000408849	301.785	4.21494e-06	7.64347
0.000417279	299.606	4.21494e-06	2.77714
0.000425709	314.328	4.21494e-06	3.26232
0.000434139	325.671	4.21494e-06	3.28368
0.000442569	335.196	4.21494e-06	2.98268
0.000450999	343.705	4.21494e-06	2.97505
0.000459429	354.534	4.21494e-06	3.2357
0.000467859	363.706	4.21494e-06	3.42007
0.000476289	376.94	4.21494e-06	3.31526
0.000484718	387.073	4.21494e-06	3.54683
0.000493148	400.413	4.21494e-06	3.16815
0.000501578	415.943	4.21494e-06	3.88396
0.000510008	424.666	4.21494e-06	3.64942
0.000518438	430.504	4.21494e-06	3.39912
0.000526868	447.81	4.21494e-06	3.84666
0.000535298	466.04	4.21494e-06	4.10406
0.000543728	469.129	4.21494e-06	3.74593
0.000552158	485.251	4.21494e-06	4.83614
0.000560587	503.343	4.21494e-06	4.38318
0.000569017	501.176	4.21494e-06	3.79382
0.000577447	521.255	4.21494e-06	4.00816
0.000585877	536.03	4.21494e-06	4.61456
0.000594307	544.716	4.21494e-06	4.93739
0.000602737	546.324	4.21494e-06	3.99133
0.000611167	557.404	4.21494e-06	3.83346
0.000619597	575.151	4.21494e-06	4.0412
0.000628026	585.625	4.21494e-06	4.03272
0.000636456	611.234	4.21494e-06	6.13395
0.000644886	620.015	4.21494e-06	4.61481
0.000653316	619.305	4.21494e-06	4.22982
0.000661746	636.684	4.21494e-06	4.92808
0.000670176	648.797	4.21494e-06	5.08997
0.000678606	655.826	4.21494e-06	4.46056
0.000687036	659.131	4.21494e-06	4.92485
0.000695466	675.249	4.21494e-06	4.64999
0.000703895	693.759	4.21494e-06	10.5552
0.000712325	694.785	4.21494e-06	4.87836
0.000720755	702.841	4.21494e-06	4.45242
0.000729185	719.233	4.21494e-06	4.62373
0.000737615	725.866	4.21494e-06	6.49896
0.000746045	741.322	4.21494e-06	5.69654
0.000754475	753.991	4.21494e-06	6.92082
0.000762905	742.129	4.21494e-06	4.59894
0.000771335	764.088	4.21494e-06	5.09773
0.000779764	771.124	4.21494e-06	5.12848
0.000788194	788.422	4.21494e-06	6.1234
0.000796624	788.536	4.21494e-06	5.2756
0.000805054	794.058	4.21494e-06	5.91738
0.000813484	801.919	4.21494e-06	5.06389
0.000821914	800.569	4.21494e-06	4.77754
0.000830344	821.841	4.21494e-06	5.45256
0.000838774	823.296	4.21494e-06	5.32677
0.000847204	822.352	4.21494e-06	4.96839
0.000855633	850.435	4.21494e-06	11.0614
0.000864063	841.02	4.21494e-06	5.31411
0.000872493	856.621	4.21494e-06	5.49737
0.000880923	879.11	4.21494e-06	17.4043
0.000889353	861.66	4.21494e-06	6.4959
0.000897783	865.536	4.21494e-06	5.58336
0.000906213	871.174	4.21494e-06	5.49487
0.000914643	877.274	4.21494e-06	5.69225
0.000923072	887.258	4.21494e-06	6.90479
0.000931502	895.319	4.21494e-06	6.11278
0.000939932	887.507	4.21494e-06	5.43987
0.000948362	896.38	4.21494e-06	5.81404
0.000956792	906.111	4.21494e-06	10.8014
0.000965222	897.174	4.21494e-06	5.57683
0.000973652	897.926	4.21494e-06	6.17953
0.000982082	902.327	4.21494e-06	5.73911
0.000990512	923.627	4.21494e-06	8.89974
0.000998941	895.887	4.21494e-06	5.40001
0.00100737	918.8	4.21494e-06	7.16337
0.0010158	903.238	4.21494e-06	5.99407
0.00102423	905.366	4.21494e-06	5.65227
0.00103266	1037	4.21494e-06	82.4695
0.00104109	900.453	4.21494e-06	5.72809
0.00104952	911.697	4.21494e-06	5.52164
0.00105795	920.144	4.21494e-06	7.39028
0.00106638	897.043	4.21494e-06	5.38193
0.00107481	937.425	4.21494e-06	21.4991
0.00108324	905.259	4.21494e-06	6.69844
0.00109167	911.608	4.21494e-06	6.79882
0.0011001	897.113	4.21494e-06	6.00616
0.00110853	885.253	4.21494e-06	5.67282
0.00111696	892.026	4.21494e-06	5.71317
0.00112539	906.095	4.21494e-06	8.33388
0.00113382	892.59	4.21494e-06	9.36494
0.00114225	888.663	4.21494e-06	5.95279
0.00115068	875.734	4.21494e-06	5.77368
0.00115911	874.023	4.21494e-06	6.17368
0.00116754	857.801	4.21494e-06	5.17283
0.00117597	867.44	4.21494e-06	5.90069
0.0011844	847.232	4.21494e-06	5.08804
0.00119283	860.962	4.21494e-06	6.08794
0.00120126	855.82	4.21494e-06	6.11439
0.00120969	847.285	4.21494e-06	5.95556
0.00121812	843.812	4.21494e-06	9.00694
0.00122655	829.141	4.21494e-06	5.64219
0.00123498	823.094	4.21494e-06	5.50879
0.00124341	816.9	4.21494e-06	5.4298
0.00125184	818.459	4.21494e-06	7.40905
0.00126027	809.184	4.21494e-06	6.63136
0.0012687	800.951	4.21494e-06	6.39158
0.00127713	798.569	4.21494e-06	5.84872
0.00128556	795.76	4.21494e-06	7.63548
0.00129399	773.678	4.21494e-06	5.37721
0.00130242	763.996	4.21494e-06	5.33703
0.00131085	762.351	4.21494e-06	5.90906
0.00131928	756.794	4.21494e-06	6.22302
0.00132771	746.229	4.21494e-06	5.44358
0.00133614	738.171	4.21494e-06	5.86878
0.00134457	730.467	4.21494e-06	5.28858
0.001353	721.873	4.21494e-06	6.34453
0.00136143	718.267	4.21494e-06	6.40051
0.00136986	700.701	4.21494e-06	5.1036
0.00137829	685.935	4.21494e-06	4.73028
0.00138672	676.669	4.21494e-06	5.87158
0.00139515	661.587	4.21494e-06	5.09339
0.00140358	688.896	4.21494e-06	11.7322
0.00141201	668.075	4.21494e-06	6.70871
0.00142044	645.594	4.21494e-06	5.45933
0.00142887	648.925	4.21494e-06	7.30808
0.0014373	636.094	4.21494e-06	6.59384
0.00144573	604.75	4.21494e-06	4.63315
0.00145416	608.772	4.21494e-06	5.2759
0.00146259	599.195	4.21494e-06	5.26625
0.00147102	589.955	4.21494e-06	5.56906
0.00147944	573.897	4.21494e-06	4.58902
0.00148787	564.026	4.21494e-06	4.55142
0.0014963	551.173	4.21494e-06	4.31398
0.00150473	599.976	4.21494e-06	32.6982
0.00151316	534.26	4.21494e-06	4.84158
0.00152159	534.743	4.21494e-06	4.92325
0.00153002	519.074	4.21494e-06	4.93499
0.00153845	509.312	4.21494e-06	4.28153
0.00154688	498.242	4.21494e-06	4.54858
0.00155531	485.849	4.21494e-06	4.22637
0.00156374	475.282	4.21494e-06	4.02119
0.00157217	468.22	4.21494e-06	5.01017
0.0015806	459.324	4.21494e-06	4.15943
0.00158903	449.325	4.21494e-06	4.23614
0.00159746	447.029	4.21494e-06	4.12589
0.00160589	444.585	4.21494e-06	6.05149
0.00161432	419.369	4.21494e-06	3.97698
0.00162275	410.064	4.21494e-06	3.98816
0.00163118	418.292	4.21494e-06	4.93806
0.00163961	401.61	4.21494e-06	4.27504
0.00164804	389.818	4.21494e-06	4.02207
0.00165647	381.926	4.21494e-06	4.35911
0.0016649	371.734	4.21494e-06	4.28783
0.00167333	355.409	4.21494e-06	3.6654
0.00168176	354.687	4.21494e-06	3.63152
0.00169019	347.738	4.21494e-06	4.00718
0.00169862	348.488	4.21494e-06	8.85045
0.00170705	330.043	4.21494e-06	4.12642
0.00171548	324.865	4.21494e-06	4.64836
0.00172391	323.038	4.21494e-06	4.12706
0.00173234	304.105	4.21494e-06	3.34495
0.00174077	296.678	4.21494e-06	3.48281
0.0017492	292.389	4.21494e-06	3.3338
0.00175763	289.09	4.21494e-06	4.38948
0.00176606	273.161	4.21494e-06	3.43436
0.00177449	264.567	4.21494e-06	3.23572
0.00178292	279.926	4.21494e-06	11.8917
0.00179135	252.983	4.21494e-06	4.41997
0.00179978	244.792	4.21494e-06	3.11445
0.00180821	240.533	4.21494e-06	3.61035
0.00181664	226.007	4.21494e-06	2.65346
0.00182507	229.532	4.21494e-06	3.10325
0.0018335	225.345	4.21494e-06	3.64363
0.00184193	216.51	4.21494e-06	2.9313
0.00185036	203.826	4.21494e-06	2.84645
0.00185879	231.512	4.21494e-06	22.6196
0.00186722	199.25	4.21494e-06	4.1126
0.00187565	183.861	4.21494e-06	2.53309
0.00188408	189.706	4.21494e-06	4.77741
0.00189251	178.451	4.21494e-06	4.15297
0.00190094	169.48	4.21494e-06	2.51109
0.00190937	179.279	4.21494e-06	6.77709
0.0019178	161.119	4.21494e-06	2.43945
0.00192623	158.181	4.21494e-06	2.77586
0.00193466	151.495	4.21494e-06	2.50879
0.00194309	148.22	4.21494e-06	2.53788
0.00195152	141.832	4.21494e-06	2.40403
0.00195995	158.811	4.21494e-06	15.9255
0.00196838	135.271	4.21494e-06	2.5512
0.00197681	128.359	4.21494e-06	2.57264
0.00198524	139.773	4.21494e-06	9.56729
0.00199367	118.133	4.21494e-06	2.74955
0.0020021	113.813	4.21494e-06	2.28951
0.00201053	109.029	4.21494e-06	2.13654
0.00201896	106.819	4.21494e-06	2.14855
0.00202739	108.382	4.21494e-06	3.0156
0.00203582	97.6952	4.21494e-06	2.33987
0.00204425	97.0133	4.21494e-06	2.1833
0.00205268	90.6741	4.21494e-06	2.08373
0.00206111	91.0325	4.21494e-06	2.09733
0.00206954	83.5747	4.21494e-06	1.86707
0.00207797	79.1281	4.21494e-06	1.7775
0.0020864	78.4778	4.21494e-06	1.85325
0.00209483	77.1588	4.21494e-06	1.92829
0.00210326	73.3314	4.21494e-06	1.69602
0.00211169	70.9288	4.21494e-06	2.04279
0.00212012	67.2166	4.21494e-06	1.99257
0.00212855	65.5609	4.21494e-06	1.70976
0.00213698	59.2754	4.21494e-06	1.4041
0.00214541	56.7536	4.21494e-06	1.61298
0.00215384	56.9599	4.21494e-06	1.77329
0.00216227	50.3104	4.21494e-06	1.31899
0.0021707	52.2076	4.21494e-06	1.55667
0.00217913	50.4376	4.21494e-06	1.47649
0.00218756	48.6061	4.21494e-06	1.44618
0.00219599	47.9625	4.21494e-06	1.43983
0.00220442	43.7973	4.21494e-06	1.42011
0.00221285	42.407	4.21494e-06	1.84991
0.00222127	38.9923	4.21494e-06	1.17507
0.0022297	38.581	4.21494e-06	1.31009
0.00223813	36.5988	4.21494e-06	1.19403
0.00224656	33.7988	4.21494e-06	1.05196
0.00225499	32.2171	4.21494e-06	1.30168
0.00226342	31.6817	4.21494e-06	1.19657
0.00227185	29.4199	4.21494e-06	1.09533
0.00228028	26.708	4.21494e-06	1.03572
0.00228871	24.9858	4.21494e-06	0.934021
0.00229714	24.1428	4.21494e-06	0.893533
0.00230557	22.8073	4.21494e-06	0.838537
0.002314	21.1348	4.21494e-06	0.950449
0.00232243	21.6324	4.21494e-06	1.01544
0.00233086	19.5333	4.21494e-06	1.11948
0.00233929	20.9478	4.21494e-06	1.25181
0.00234772	17.677	4.21494e-06	0.783003
0.00235615	18.9156	4.21494e-06	1.69202
0.00236458	15.9047	4.21494e-06	0.800695
0.00237301	15.4353	4.21494e-06	0.891823
0.00238144	13.7279	4.21494e-06	0.785663
0.00238987	12.6347	4.21494e-06	0.748185
0.0023983	11.9925	4.21494e-06	0.774458
0.00240673	11.2025	4.21494e-06	0.763687
0.00241516	10.2637	4.21494e-06	0.569137
0.00242359	9.86254	4.21494e-06	0.646004
0.00243202	8.02871	4.21494e-06	0.516046
0.00244045	8.90514	4.21494e-06	0.747972
0.00244888	6.78239	4.21494e-06	0.518804
0.00245731	6.54936	4.21494e-06	0.479258
0.00246574	6.24378	4.21494e-06	0.651418
0.00247417	5.87927	4.21494e-06	0.563573
0.0024826	4.23417	4.21494e-06	0.414811
0.00249103	5.2923	4.21494e-06	0.449739
0.00249946	3.65921	4.21494e-06	0.479529
0.00250789	2.87535	4.21494e-06	0.328206
0.00251632	3.31404	4.21494e-06	0.366492
0.00252475	2.92664	4.21494e-06	0.461709
0.00253318	2.52939	4.21494e-06	0.36407
0.00254161	1.51867	4.21494e-06	0.265661
0.00255004	1.36844	4.21494e-06	0.285685
0.00255847	0.946686	4.21494e-06	0.271508
0.0025669	0.746463	4.21494e-06	0.203651
0.00257533	0.281639	4.21494e-06	0.104736
0.00258376	0.0381152	4.21494e-06	0.0381152
