4.21494e-06	0.025113	4.21494e-06	0.0125995
1.26448e-05	0.187946	4.21494e-06	0.0468426
2.10747e-05	1.14983	4.21494e-06	0.271523
2.95046e-05	1.43288	4.21494e-06	0.171561
3.79345e-05	2.58287	4.21494e-06	0.220622
4.63644e-05	4.4386	4.21494e-06	0.341676
5.47943e-05	4.90953	4.21494e-06	0.292342
6.32241e-05	6.91883	4.21494e-06	0.372082
7.1654e-05	9.72094	4.21494e-06	0.412667
8.00839e-05	11.4231	4.21494e-06	0.449435
8.85138e-05	15.9668	4.21494e-06	1.08953
9.69437e-05	17.3217	4.21494e-06	0.56198
0.000105374	19.5728	4.21494e-06	0.58825
0.000113803	24.1606	4.21494e-06	0.825487
0.000122233	29.0558	4.21494e-06	1.12805
0.000130663	32.4745	4.21494e-06	1.5059
0.000139093	36.7253	4.21494e-06	1.17847
0.000147523	40.7956	4.21494e-06	0.98482
0.000155953	44.3588	4.21494e-06	0.971857
0.000164383	50.2053	4.21494e-06	1.12046
0.000172813	52.8379	4.21494e-06	0.978428
0.000181243	61.3315	4.21494e-06	1.69706
0.000189672	66.8568	4.21494e-06	1.31604
0.000198102	71.3069	4.21494e-06	1.28244
0.000206532	76.9943	4.21494e-06	1.31761
0.000214962	83.3308	4.21494e-06	1.56979
0.000223392	90.8527	4.21494e-06	1.40814
0.000231822	97.885	4.21494e-06	1.60126
0.000240252	105.259	4.21494e-06	2.62786
0.000248682	114.436	4.21494e-06	2.70731
0.000257112	118.786	4.21494e-06	1.55273
0.000265541	126.043	4.21494e-06	1.84128
0.000273971	137.674	4.21494e-06	2.25903
0.000282401	140.218	4.21494e-06	1.8004
0.000290831	152.542	4.21494e-06	2.11893
0.000299261	162.73	4.21494e-06	2.05246
0.000307691	168.389	4.21494e-06	2.39699
0.000316121	181.753	4.21494e-06	2.25493
0.000324551	187.289	4.21494e-06	2.39876
0.00033298	191.299	4.21494e-06	2.09019
0.00034141	209.477	4.21494e-06	2.77817
0.00034984	228.893	4.21494e-06	6.62183
0.00035827	227.756	4.21494e-06	2.61615
0.0003667	237.53	4.21494e-06	2.49379
0.00037513	250.207	4.21494e-06	4.50238
0.00038356	257.555	4.21494e-06	2.94177
0.00039199	262.266	4.21494e-06	2.48509
0.00040042	277.78	4.21494e-06	3.01403
0.000408849	289.917	4.21494e-06	2.98953
0.000417279	300.938	4.21494e-06	2.9414
0.000425709	307.394	4.21494e-06	2.88132
0.000434139	324.826	4.21494e-06	5.04454
0.000442569	335.922	4.21494e-06	3.30921
0.000450999	350.646	4.21494e-06	3.43075
0.000459429	360.088	4.21494e-06	5.35136
0.000467859	364.954	4.21494e-06	3.19803
0.000476289	371.264	4.21494e-06	3.11505
0.000484718	388.673	4.21494e-06	3.64131
0.000493148	407.877	4.21494e-06	4.49971
0.000501578	410.153	4.21494e-06	3.20598
0.000510008	427.066	4.21494e-06	3.53323
0.000518438	436.458	4.21494e-06	3.5956
0.000526868	448.128	4.21494e-06	3.74874
0.000535298	460.559	4.21494e-06	3.74587
0.000543728	473.689	4.21494e-06	3.96021
0.000552158	487.802	4.21494e-06	4.55333
0.000560587	503.6	4.21494e-06	13.8693
0.000569017	508.08	4.21494e-06	4.04046
0.000577447	522.044	4.21494e-06	4.58169
0.000585877	532.761	4.21494e-06	3.93518
0.000594307	551.518	4.21494e-06	7.05485
0.000602737	559.28	4.21494e-06	4.62978
0.000611167	566.574	4.21494e-06	4.68713
0.000619597	575.344	4.21494e-06	4.45338
0.000628026	594.885	4.21494e-06	4.37435
0.000636456	596.849	4.21494e-06	4.37605
0.000644886	616.37	4.21494e-06	4.85531
0.000653316	618.456	4.21494e-06	4.31425
0.000661746	626.266	4.21494e-06	4.90901
0.000670176	636.777	4.21494e-06	4.77793
0.000678606	652.087	4.21494e-06	5.07648
0.000687036	659.687	4.21494e-06	4.60933
0.000695466	679.84	4.21494e-06	5.77263
0.000703895	683.832	4.21494e-06	4.49055
0.000712325	713.932	4.21494e-06	7.53276
0.000720755	716.505	4.21494e-06	9.08227
0.000729185	721.681	4.21494e-06	5.58083
0.000737615	727.34	4.21494e-06	5.44967
0.000746045	739.743	4.21494e-06	4.78743
0.000754475	744.371	4.21494e-06	4.7067
0.000762905	765.657	4.21494e-06	5.15497
0.000771335	774.844	4.21494e-06	7.75029
0.000779764	773.537	4.21494e-06	4.88805
0.000788194	775.733	4.21494e-06	4.67194
0.000796624	795.743	4.21494e-06	5.9916
0.000805054	799.597	4.21494e-06	5.68078
0.000813484	799.388	4.21494e-06	5.01088
0.000821914	815.404	4.21494e-06	5.97225
0.000830344	820.298	4.21494e-06	5.31346
0.000838774	834.115	4.21494e-06	5.55058
0.000847204	819.769	4.21494e-06	5.23823
0.000855633	838.326	4.21494e-06	5.6478
0.000864063	850.12	4.21494e-06	6.06677
0.000872493	845.826	4.21494e-06	5.1655
0.000880923	861.252	4.21494e-06	5.29024
0.000889353	863.961	4.21494e-06	5.24648
0.000897783	871.239	4.21494e-06	5.30974
0.000906213	872.098	4.21494e-06	5.97194
0.000914643	896.39	4.21494e-06	8.39826
0.000923072	890.101	4.21494e-06	7.46085
0.000931502	881.029	4.21494e-06	7.12131
0.000939932	890.16	4.21494e-06	5.94569
0.000948362	890.157	4.21494e-06	5.15024
0.000956792	892.43	4.21494e-06	5.54784
0.000965222	904.226	4.21494e-06	5.92005
0.000973652	903.556	4.21494e-06	5.37075
0.000982082	892.488	4.21494e-06	5.3759
0.000990512	907.739	4.21494e-06	6.28338
0.000998941	906.244	4.21494e-06	5.73695
0.00100737	913.165	4.21494e-06	10.2966
0.0010158	901.417	4.21494e-06	5.8143
0.00102423	908.756	4.21494e-06	6.25787
0.00103266	910.596	4.21494e-06	5.69597
0.00104109	908.656	4.21494e-06	5.42813
0.00104952	908.189	4.21494e-06	5.8533
0.00105795	902.793	4.21494e-06	5.45348
0.00106638	920.362	4.21494e-06	8.81449
0.00107481	909.669	4.21494e-06	6.33717
0.00108324	917.643	4.21494e-06	9.23123
0.00109167	901.222	4.21494e-06	5.31994
0.0011001	912.613	4.21494e-06	8.07955
0.00110853	903.588	4.21494e-06	7.63308
0.00111696	895.732	4.21494e-06	6.03551
0.00112539	896.806	4.21494e-06	5.74376
0.00113382	910.854	4.21494e-06	12.847
0.00114225	873.734	4.21494e-06	5.9444
0.00115068	878.247	4.21494e-06	5.72752
0.00115911	876.639	4.21494e-06	5.62142
0.00116754	863.603	4.21494e-06	5.5895
0.00117597	868.872	4.21494e-06	5.98665
0.0011844	868.744	4.21494e-06	6.72637
0.00119283	854.975	4.21494e-06	5.40066
0.00120126	856.007	4.21494e-06	5.5739
0.00120969	868.985	4.21494e-06	7.48644
0.00121812	832.865	4.21494e-06	5.85008
0.00122655	834.625	4.21494e-06	5.32911
0.00123498	823.909	4.21494e-06	5.87142
0.00124341	830.61	4.21494e-06	6.39441
0.00125184	815.17	4.21494e-06	5.4723
0.00126027	809.111	4.21494e-06	6.04138
0.0012687	804.759	4.21494e-06	5.84103
0.00127713	800.219	4.21494e-06	6.62394
0.00128556	796.225	4.21494e-06	6.61175
0.00129399	790.911	4.21494e-06	10.0742
0.00130242	773.524	4.21494e-06	6.6632
0.00131085	762.704	4.21494e-06	5.60983
0.00131928	758.543	4.21494e-06	5.68156
0.00132771	744.424	4.21494e-06	4.92073
0.00133614	731.807	4.21494e-06	5.10592
0.00134457	734.933	4.21494e-06	6.3197
0.001353	716.902	4.21494e-06	6.29926
0.00136143	715.958	4.21494e-06	5.6055
0.00136986	695.948	4.21494e-06	5.42712
0.00137829	687.614	4.21494e-06	5.18967
0.00138672	678.909	4.21494e-06	4.98678
0.00139515	669.734	4.21494e-06	5.51989
0.00140358	668.989	4.21494e-06	5.8724
0.00141201	661.77	4.21494e-06	5.36871
0.00142044	652.263	4.21494e-06	6.23762
0.00142887	649.399	4.21494e-06	8.48537
0.0014373	621.46	4.21494e-06	4.51355
0.00144573	621.824	4.21494e-06	4.78429
0.00145416	610.156	4.21494e-06	5.32572
0.00146259	601.728	4.21494e-06	4.69254
0.00147102	593.375	4.21494e-06	4.78183
0.00147944	579.858	4.21494e-06	4.58768
0.00148787	573.754	4.21494e-06	5.63087
0.0014963	558.811	4.21494e-06	9.91143
0.00150473	547.842	4.21494e-06	4.75962
0.00151316	534.244	4.21494e-06	4.34765
0.00152159	529.301	4.21494e-06	6.66871
0.00153002	521.425	4.21494e-06	4.75246
0.00153845	527.546	4.21494e-06	5.31981
0.00154688	498.337	4.21494e-06	4.18525
0.00155531	499.591	4.21494e-06	6.52689
0.00156374	483.884	4.21494e-06	4.53633
0.00157217	471.591	4.21494e-06	4.33111
0.0015806	455.024	4.21494e-06	3.87999
0.00158903	456.543	4.21494e-06	4.0405
0.00159746	456.894	4.21494e-06	8.60791
0.00160589	446.326	4.21494e-06	5.02201
0.00161432	425.284	4.21494e-06	3.89756
0.00162275	419.6	4.21494e-06	6.7342
0.00163118	417.798	4.21494e-06	4.1709
0.00163961	399.495	4.21494e-06	4.56926
0.00164804	393.628	4.21494e-06	3.87886
0.00165647	384.323	4.21494e-06	3.66082
0.0016649	368.581	4.21494e-06	3.83954
0.00167333	362.893	4.21494e-06	3.60511
0.00168176	357.867	4.21494e-06	3.57884
0.00169019	344.623	4.21494e-06	3.78286
0.00169862	346.26	4.21494e-06	3.83311
0.00170705	336.211	4.21494e-06	4.45894
0.00171548	323.922	4.21494e-06	3.4603
0.00172391	316.139	4.21494e-06	3.68281
0.00173234	302.853	4.21494e-06	3.34675
0.00174077	306.464	4.21494e-06	3.7229
0.0017492	292.443	4.21494e-06	3.62217
0.00175763	276.874	4.21494e-06	3.56621
0.00176606	274.103	4.21494e-06	3.27023
0.00177449	269.102	4.21494e-06	3.62151
0.00178292	261.757	4.21494e-06	3.32013
0.00179135	257.308	4.21494e-06	3.4984
0.00179978	252.153	4.21494e-06	3.04673
0.00180821	245.537	4.21494e-06	3.44848
0.00181664	236.54	4.21494e-06	3.15645
0.00182507	225.93	4.21494e-06	2.84574
0.0018335	226.952	4.21494e-06	3.60917
0.00184193	213.098	4.21494e-06	2.811
0.00185036	214.038	4.21494e-06	3.47339
0.00185879	202.265	4.21494e-06	2.91572
0.00186722	201.96	4.21494e-06	3.24135
0.00187565	188.848	4.21494e-06	2.87679
0.00188408	191.189	4.21494e-06	5.60393
0.00189251	176.439	4.21494e-06	2.56795
0.00190094	180.639	4.21494e-06	7.14539
0.00190937	167.163	4.21494e-06	2.53868
0.0019178	160.729	4.21494e-06	2.52599
0.00192623	154.705	4.21494e-06	2.46638
0.00193466	151.577	4.21494e-06	2.4542
0.00194309	152.092	4.21494e-06	3.70914
0.00195152	144.067	4.21494e-06	2.65447
0.00195995	132.781	4.21494e-06	2.10833
0.00196838	138.495	4.21494e-06	2.32686
0.00197681	128.415	4.21494e-06	2.45663
0.00198524	124.643	4.21494e-06	3.5035
0.00199367	120.923	4.21494e-06	2.2145
0.0020021	120.936	4.21494e-06	2.57638
0.00201053	110.36	4.21494e-06	1.92073
0.00201896	109.776	4.21494e-06	2.26818
0.00202739	102.013	4.21494e-06	1.9444
0.00203582	97.7613	4.21494e-06	2.28401
0.00204425	94.152	4.21494e-06	1.88742
0.00205268	94.8703	4.21494e-06	2.33377
0.00206111	91.4417	4.21494e-06	3.19445
0.00206954	84.7188	4.21494e-06	2.04736
0.00207797	83.3747	4.21494e-06	2.59941
0.0020864	81.9616	4.21494e-06	1.94615
0.00209483	82.4606	4.21494e-06	6.39618
0.00210326	71.9091	4.21494e-06	1.67669
0.00211169	69.688	4.21494e-06	1.7343
0.00212012	68.0987	4.21494e-06	1.57384
0.00212855	65.38	4.21494e-06	1.63951
0.00213698	63.7367	4.21494e-06	2.09568
0.00214541	62.68	4.21494e-06	2.898
0.00215384	54.7089	4.21494e-06	1.43557
0.00216227	53.3295	4.21494e-06	1.41472
0.0021707	52.5542	4.21494e-06	1.95837
0.00217913	47.6895	4.21494e-06	1.24058
0.00218756	47.7584	4.21494e-06	1.4326
0.00219599	43.7495	4.21494e-06	1.12811
0.00220442	43.4751	4.21494e-06	1.2855
0.00221285	39.8994	4.21494e-06	1.16883
0.00222127	39.9118	4.21494e-06	1.40517
0.0022297	38.8583	4.21494e-06	1.45439
0.00223813	36.9956	4.21494e-06	1.52687
0.00224656	34.3883	4.21494e-06	1.12488
0.00225499	30.5477	4.21494e-06	0.904206
0.00226342	31.56	4.21494e-06	1.40949
0.00227185	29.8107	4.21494e-06	0.96701
0.00228028	27.8313	4.21494e-06	1.00451
0.00228871	24.8002	4.21494e-06	0.965156
0.00229714	26.0309	4.21494e-06	1.07867
0.00230557	24.2114	4.21494e-06	1.1795
0.002314	21.6663	4.21494e-06	0.975595
0.00232243	21.5381	4.21494e-06	1.01013
0.00233086	19.2971	4.21494e-06	0.866499
0.00233929	18.6494	4.21494e-06	0.879657
0.00234772	17.1981	4.21494e-06	0.887905
0.00235615	17.6586	4.21494e-06	1.31544
0.00236458	16.4866	4.21494e-06	0.899586
0.00237301	14.8511	4.21494e-06	0.729504
0.00238144	13.4824	4.21494e-06	0.651266
0.00238987	12.2658	4.21494e-06	0.62262
0.0023983	12.4173	4.21494e-06	0.728795
0.00240673	10.6863	4.21494e-06	0.621351
0.00241516	10.5039	4.21494e-06	0.64038
0.00242359	10.2753	4.21494e-06	1.07023
0.00243202	9.20693	4.21494e-06	0.541181
0.00244045	8.6943	4.21494e-06	0.717571
0.00244888	7.93087	4.21494e-06	0.562549
0.00245731	6.57987	4.21494e-06	0.481
0.00246574	6.64989	4.21494e-06	0.461528
0.00247417	5.38576	4.21494e-06	0.35737
0.0024826	5.14405	4.21494e-06	0.541162
0.00249103	5.72714	4.21494e-06	1.661
0.00249946	4.18092	4.21494e-06	0.372006
0.00250789	2.96093	4.21494e-06	0.290344
0.00251632	2.88404	4.21494e-06	0.277117
0.00252475	2.84706	4.21494e-06	0.683068
0.00253318	1.74697	4.21494e-06	0.197606
0.00254161	1.58804	4.21494e-06	0.230092
0.00255004	1.5868	4.21494e-06	0.21392
0.00255847	0.893991	4.21494e-06	0.151654
0.0025669	0.668015	4.21494e-06	0.13492
0.00257533	0.243877	4.21494e-06	0.0689601
0.00258376	0.0183871	4.21494e-06	0.0183871
