4.21494e-06	0.0465725	4.21494e-06	0.0256175
1.26448e-05	0.416978	4.21494e-06	0.0727136
2.10747e-05	0.833275	4.21494e-06	0.123721
2.95046e-05	1.29616	4.21494e-06	0.13079
3.79345e-05	2.13004	4.21494e-06	0.176512
4.63644e-05	3.87358	4.21494e-06	0.290795
5.47943e-05	6.15731	4.21494e-06	0.40205
6.32241e-05	7.20334	4.21494e-06	0.484818
7.1654e-05	10.4589	4.21494e-06	1.19823
8.00839e-05	11.8264	4.21494e-06	0.620955
8.85138e-05	13.5083	4.21494e-06	0.572385
9.69437e-05	19.0288	4.21494e-06	1.46861
0.000105374	21.7834	4.21494e-06	0.931467
0.000113803	23.672	4.21494e-06	0.95901
0.000122233	27.6672	4.21494e-06	0.833856
0.000130663	32.3132	4.21494e-06	1.01131
0.000139093	35.5738	4.21494e-06	0.999346
0.000147523	40.7705	4.21494e-06	1.03662
0.000155953	44.3674	4.21494e-06	1.15011
0.000164383	50.0595	4.21494e-06	1.67208
0.000172813	53.6766	4.21494e-06	1.36297
0.000181243	59.7024	4.21494e-06	1.3547
0.000189672	64.6877	4.21494e-06	1.26606
0.000198102	72.1483	4.21494e-06	1.47965
0.000206532	80.1163	4.21494e-06	1.97904
0.000214962	84.2433	4.21494e-06	1.63997
0.000223392	95.3991	4.21494e-06	2.89867
0.000231822	97.9615	4.21494e-06	1.69526
0.000240252	103.496	4.21494e-06	1.92587
0.000248682	113.582	4.21494e-06	2.35635
0.000257112	126.693	4.21494e-06	4.50536
0.000265541	127.535	4.21494e-06	2.26189
0.000273971	136.422	4.21494e-06	2.16061
0.000282401	141.623	4.21494e-06	2.36663
0.000290831	152.523	4.21494e-06	2.29341
0.000299261	164.307	4.21494e-06	2.93083
0.000307691	169.124	4.21494e-06	2.2824
0.000316121	178.658	4.21494e-06	2.77263
0.000324551	195.413	4.21494e-06	5.24083
0.00033298	198.221	4.21494e-06	2.41155
0.00034141	208.384	4.21494e-06	2.96806
0.00034984	224.595	4.21494e-06	5.92591
0.00035827	231.353	4.21494e-06	3.17122
0.0003667	236.133	4.21494e-06	2.6215
0.00037513	245.461	4.21494e-06	2.76973
0.00038356	261.801	4.21494e-06	3.09292
0.00039199	265.929	4.21494e-06	2.9217
0.00040042	278.544	4.21494e-06	2.94383
0.000408849	288.064	4.21494e-06	2.91325
0.000417279	300.771	4.21494e-06	3.22877
0.000425709	313.508	4.21494e-06	4.40508
0.000434139	324.759	4.21494e-06	3.76288
0.000442569	334.312	4.21494e-06	3.06808
0.000450999	346.642	4.21494e-06	3.44381
0.000459429	361.778	4.21494e-06	4.21197
0.000467859	369.152	4.21494e-06	3.3856
0.000476289	378.718	4.21494e-06	3.38001
0.000484718	422.664	4.21494e-06	23.0406
0.000493148	404.9	4.21494e-06	4.40939
0.000501578	416.611	4.21494e-06	3.94665
0.000510008	428.789	4.21494e-06	4.89889
0.000518438	444.652	4.21494e-06	4.29719
0.000526868	449.11	4.21494e-06	4.19561
0.000535298	461.027	4.21494e-06	3.909
0.000543728	472.816	4.21494e-06	3.75593
0.000552158	481.633	4.21494e-06	3.80637
0.000560587	500.378	4.21494e-06	4.17643
0.000569017	509.944	4.21494e-06	4.15608
0.000577447	516.315	4.21494e-06	4.33939
0.000585877	527.569	4.21494e-06	4.0492
0.000594307	549.268	4.21494e-06	4.17645
0.000602737	555.594	4.21494e-06	5.28407
0.000611167	569.612	4.21494e-06	4.41216
0.000619597	567.332	4.21494e-06	4.27318
0.000628026	585.709	4.21494e-06	4.06497
0.000636456	605.311	4.21494e-06	4.59398
0.000644886	611.591	4.21494e-06	4.50962
0.000653316	633.22	4.21494e-06	7.17881
0.000661746	626.353	4.21494e-06	4.83878
0.000670176	647.199	4.21494e-06	4.22501
0.000678606	660.565	4.21494e-06	5.32148
0.000687036	680.063	4.21494e-06	6.60991
0.000695466	670.9	4.21494e-06	4.79915
0.000703895	681.874	4.21494e-06	4.70109
0.000712325	704.234	4.21494e-06	5.90452
0.000720755	710.162	4.21494e-06	5.17532
0.000729185	714.404	4.21494e-06	4.36505
0.000737615	731.367	4.21494e-06	5.10705
0.000746045	725.339	4.21494e-06	4.70209
0.000754475	748.134	4.21494e-06	5.23967
0.000762905	763.408	4.21494e-06	4.98939
0.000771335	759.857	4.21494e-06	5.37842
0.000779764	771.617	4.21494e-06	5.37394
0.000788194	778.343	4.21494e-06	4.76527
0.000796624	791.142	4.21494e-06	4.78296
0.000805054	802.123	4.21494e-06	5.46633
0.000813484	799.805	4.21494e-06	4.88737
0.000821914	813.054	4.21494e-06	5.06565
0.000830344	822.507	4.21494e-06	5.26975
0.000838774	822.056	4.21494e-06	5.48101
0.000847204	822.603	4.21494e-06	4.96525
0.000855633	843.92	4.21494e-06	5.23489
0.000864063	865.818	4.21494e-06	8.27708
0.000872493	853.151	4.21494e-06	4.88351
0.000880923	862.749	4.21494e-06	7.05942
0.000889353	862.568	4.21494e-06	4.81776
0.000897783	882.692	4.21494e-06	6.81477
0.000906213	877.486	4.21494e-06	5.3456
0.000914643	872.155	4.21494e-06	4.98234
0.000923072	880.453	4.21494e-06	4.95269
0.000931502	888.266	4.21494e-06	5.13439
0.000939932	907.135	4.21494e-06	5.99281
0.000948362	894.148	4.21494e-06	5.46833
0.000956792	898.697	4.21494e-06	5.09328
0.000965222	899.029	4.21494e-06	4.99437
0.000973652	904.599	4.21494e-06	5.74191
0.000982082	906.645	4.21494e-06	5.69116
0.000990512	903.635	4.21494e-06	5.24856
0.000998941	900.231	4.21494e-06	5.13323
0.00100737	926.202	4.21494e-06	5.66802
0.0010158	941.788	4.21494e-06	13.2187
0.00102423	921.116	4.21494e-06	5.90997
0.00103266	913.406	4.21494e-06	5.86853
0.00104109	907.077	4.21494e-06	5.06457
0.00104952	935.612	4.21494e-06	9.9479
0.00105795	907.094	4.21494e-06	5.24381
0.00106638	910.175	4.21494e-06	4.95565
0.00107481	905.266	4.21494e-06	5.02805
0.00108324	913.381	4.21494e-06	6.75805
0.00109167	907.576	4.21494e-06	4.99327
0.0011001	897.995	4.21494e-06	4.90291
0.00110853	897.68	4.21494e-06	4.68432
0.00111696	896.239	4.21494e-06	6.30797
0.00112539	891.65	4.21494e-06	4.91329
0.00113382	887.909	4.21494e-06	5.02431
0.00114225	874.702	4.21494e-06	4.68647
0.00115068	883.399	4.21494e-06	5.36778
0.00115911	892.489	4.21494e-06	8.5844
0.00116754	873.983	4.21494e-06	5.14807
0.00117597	865.269	4.21494e-06	4.76722
0.0011844	855.102	4.21494e-06	4.51949
0.00119283	863.903	4.21494e-06	5.12118
0.00120126	853.596	4.21494e-06	6.06615
0.00120969	865.212	4.21494e-06	16.7943
0.00121812	833.283	4.21494e-06	4.88583
0.00122655	834.762	4.21494e-06	4.80639
0.00123498	824.247	4.21494e-06	5.98355
0.00124341	823.764	4.21494e-06	4.99108
0.00125184	819.697	4.21494e-06	4.64834
0.00126027	805.612	4.21494e-06	4.80374
0.0012687	804.948	4.21494e-06	5.1912
0.00127713	795.228	4.21494e-06	4.60957
0.00128556	774.21	4.21494e-06	4.37976
0.00129399	783.226	4.21494e-06	7.77272
0.00130242	766.6	4.21494e-06	5.00809
0.00131085	766.416	4.21494e-06	5.59937
0.00131928	758.37	4.21494e-06	5.02664
0.00132771	745.267	4.21494e-06	4.35707
0.00133614	739.514	4.21494e-06	4.42763
0.00134457	732.334	4.21494e-06	4.7133
0.001353	718.651	4.21494e-06	4.32995
0.00136143	713.47	4.21494e-06	4.53609
0.00136986	697.216	4.21494e-06	4.16245
0.00137829	692.481	4.21494e-06	4.90106
0.00138672	679.657	4.21494e-06	4.07188
0.00139515	672.06	4.21494e-06	5.03789
0.00140358	660.83	4.21494e-06	4.00505
0.00141201	659.356	4.21494e-06	4.02148
0.00142044	651.659	4.21494e-06	4.04571
0.00142887	644.274	4.21494e-06	8.14493
0.0014373	630.58	4.21494e-06	4.21746
0.00144573	613.695	4.21494e-06	3.73211
0.00145416	605.722	4.21494e-06	3.68722
0.00146259	600.898	4.21494e-06	3.73868
0.00147102	591.128	4.21494e-06	3.72428
0.00147944	580.603	4.21494e-06	3.61147
0.00148787	569.498	4.21494e-06	3.66967
0.0014963	557.551	4.21494e-06	3.54305
0.00150473	551.418	4.21494e-06	3.81012
0.00151316	535.44	4.21494e-06	3.61133
0.00152159	526.734	4.21494e-06	3.81597
0.00153002	524.973	4.21494e-06	4.26847
0.00153845	508.353	4.21494e-06	3.30502
0.00154688	510.84	4.21494e-06	4.72004
0.00155531	490.614	4.21494e-06	3.44608
0.00156374	485.706	4.21494e-06	3.95221
0.00157217	478.895	4.21494e-06	5.5386
0.0015806	464.188	4.21494e-06	3.84063
0.00158903	454.199	4.21494e-06	3.42923
0.00159746	444.368	4.21494e-06	3.1586
0.00160589	438.187	4.21494e-06	3.11189
0.00161432	417.924	4.21494e-06	2.85661
0.00162275	416.651	4.21494e-06	3.05625
0.00163118	412.574	4.21494e-06	3.03267
0.00163961	401.378	4.21494e-06	3.25821
0.00164804	391.595	4.21494e-06	3.06298
0.00165647	381.349	4.21494e-06	3.1237
0.0016649	371.996	4.21494e-06	3.12864
0.00167333	364.74	4.21494e-06	3.15094
0.00168176	361.071	4.21494e-06	3.30996
0.00169019	347.385	4.21494e-06	2.81732
0.00169862	342.148	4.21494e-06	4.83642
0.00170705	336.329	4.21494e-06	3.20869
0.00171548	326.648	4.21494e-06	3.16263
0.00172391	319.971	4.21494e-06	4.62997
0.00173234	299.588	4.21494e-06	2.29346
0.00174077	294.552	4.21494e-06	2.71499
0.0017492	306.667	4.21494e-06	9.85594
0.00175763	284.686	4.21494e-06	2.48632
0.00176606	280.727	4.21494e-06	2.87403
0.00177449	271.27	4.21494e-06	3.77091
0.00178292	265.045	4.21494e-06	2.76547
0.00179135	255.732	4.21494e-06	2.41055
0.00179978	246.868	4.21494e-06	2.36126
0.00180821	240.71	4.21494e-06	2.27437
0.00181664	229.136	4.21494e-06	2.05512
0.00182507	230.788	4.21494e-06	2.63966
0.0018335	218.731	4.21494e-06	2.034
0.00184193	214.997	4.21494e-06	2.16617
0.00185036	207.092	4.21494e-06	2.15766
0.00185879	204.544	4.21494e-06	2.01072
0.00186722	196.914	4.21494e-06	2.4499
0.00187565	190.655	4.21494e-06	2.08664
0.00188408	185.581	4.21494e-06	2.09528
0.00189251	176.82	4.21494e-06	1.9075
0.00190094	171.774	4.21494e-06	1.90116
0.00190937	170.781	4.21494e-06	2.32088
0.0019178	163.983	4.21494e-06	1.95464
0.00192623	154.789	4.21494e-06	1.57158
0.00193466	146.439	4.21494e-06	1.82118
0.00194309	145.229	4.21494e-06	1.86194
0.00195152	139.442	4.21494e-06	1.54092
0.00195995	141.123	4.21494e-06	2.37403
0.00196838	131.161	4.21494e-06	1.88407
0.00197681	126.035	4.21494e-06	1.58045
0.00198524	125.818	4.21494e-06	1.75271
0.00199367	118.408	4.21494e-06	1.87005
0.0020021	119.555	4.21494e-06	1.85418
0.00201053	110.83	4.21494e-06	1.51236
0.00201896	106.744	4.21494e-06	1.51626
0.00202739	103.344	4.21494e-06	1.66492
0.00203582	97.8079	4.21494e-06	1.38798
0.00204425	95.2605	4.21494e-06	1.31001
0.00205268	92.3062	4.21494e-06	1.33252
0.00206111	88.1883	4.21494e-06	1.41137
0.00206954	83.8167	4.21494e-06	1.16171
0.00207797	82.0193	4.21494e-06	1.25414
0.0020864	76.4047	4.21494e-06	1.06738
0.00209483	76.0923	4.21494e-06	1.61612
0.00210326	73.9433	4.21494e-06	1.57898
0.00211169	71.9049	4.21494e-06	1.39507
0.00212012	65.5616	4.21494e-06	1.00596
0.00212855	65.932	4.21494e-06	1.44015
0.00213698	61.8476	4.21494e-06	1.53926
0.00214541	59.3369	4.21494e-06	1.05905
0.00215384	55.2111	4.21494e-06	0.969724
0.00216227	53.4255	4.21494e-06	0.893063
0.0021707	52.4422	4.21494e-06	0.888446
0.00217913	49.0361	4.21494e-06	0.876857
0.00218756	46.8328	4.21494e-06	0.802658
0.00219599	44.7234	4.21494e-06	0.859962
0.00220442	43.1383	4.21494e-06	0.877416
0.00221285	41.188	4.21494e-06	0.851949
0.00222127	40.0594	4.21494e-06	0.791128
0.0022297	37.0458	4.21494e-06	0.720582
0.00223813	36.2318	4.21494e-06	0.796516
0.00224656	33.6888	4.21494e-06	0.69899
0.00225499	31.4407	4.21494e-06	0.637221
0.00226342	30.1859	4.21494e-06	0.667383
0.00227185	28.2534	4.21494e-06	0.631947
0.00228028	28.7468	4.21494e-06	0.626683
0.00228871	25.941	4.21494e-06	0.589151
0.00229714	24.881	4.21494e-06	0.573513
0.00230557	23.8624	4.21494e-06	0.563894
0.002314	21.8513	4.21494e-06	0.522709
0.00232243	21.0597	4.21494e-06	0.509872
0.00233086	20.0015	4.21494e-06	0.484937
0.00233929	19.236	4.21494e-06	0.483413
0.00234772	17.6895	4.21494e-06	0.455449
0.00235615	16.8718	4.21494e-06	0.448728
0.00236458	16.0285	4.21494e-06	0.434293
0.00237301	14.499	4.21494e-06	0.414299
0.00238144	14.1821	4.21494e-06	0.405552
0.00238987	12.5967	4.21494e-06	0.379934
0.0023983	11.4213	4.21494e-06	0.356268
0.00240673	11.1317	4.21494e-06	0.3566
0.00241516	10.6213	4.21494e-06	0.33925
0.00242359	9.14033	4.21494e-06	0.318534
0.00243202	8.94641	4.21494e-06	0.316522
0.00244045	8.02206	4.21494e-06	0.299523
0.00244888	7.61252	4.21494e-06	0.289725
0.00245731	6.84842	4.21494e-06	0.269875
0.00246574	5.9401	4.21494e-06	0.248093
0.00247417	5.80571	4.21494e-06	0.248897
0.0024826	5.13633	4.21494e-06	0.228584
0.00249103	4.39143	4.21494e-06	0.212514
0.00249946	3.87764	4.21494e-06	0.200152
0.00250789	3.30051	4.21494e-06	0.181196
0.00251632	3.09326	4.21494e-06	0.176227
0.00252475	2.35401	4.21494e-06	0.152694
0.00253318	2.06997	4.21494e-06	0.143654
0.00254161	1.96788	4.21494e-06	0.139634
0.00255004	1.39327	4.21494e-06	0.116459
0.00255847	0.969619	4.21494e-06	0.0970233
0.0025669	0.645502	4.21494e-06	0.0791587
0.00257533	0.269376	4.21494e-06	0.05101
0.00258376	0.0283496	4.21494e-06	0.0163788
