4.21494e-06	0	4.21494e-06	0
1.26448e-05	0.310528	4.21494e-06	0.0725689
2.10747e-05	0.874827	4.21494e-06	0.123069
2.95046e-05	1.70942	4.21494e-06	0.198396
3.79345e-05	2.45918	4.21494e-06	0.212098
4.63644e-05	3.65015	4.21494e-06	0.272351
5.47943e-05	5.67221	4.21494e-06	0.416199
6.32241e-05	8.51161	4.21494e-06	0.747196
7.1654e-05	10.0395	4.21494e-06	0.522915
8.00839e-05	13.3034	4.21494e-06	0.604441
8.85138e-05	14.9627	4.21494e-06	0.657974
9.69437e-05	17.9938	4.21494e-06	0.705876
0.000105374	22.4733	4.21494e-06	1.04865
0.000113803	26.1819	4.21494e-06	0.915532
0.000122233	30.0651	4.21494e-06	0.897725
0.000130663	33.7131	4.21494e-06	0.96652
0.000139093	39.186	4.21494e-06	1.10057
0.000147523	41.725	4.21494e-06	1.10828
0.000155953	49.4749	4.21494e-06	1.27042
0.000164383	56.5525	4.21494e-06	2.05346
0.000172813	57.8297	4.21494e-06	1.57972
0.000181243	63.4526	4.21494e-06	1.30769
0.000189672	69.5646	4.21494e-06	2.0113
0.000198102	74.6819	4.21494e-06	1.3964
0.000206532	82.071	4.21494e-06	1.53356
0.000214962	90.2449	4.21494e-06	1.62605
0.000223392	98.1466	4.21494e-06	1.87685
0.000231822	101.553	4.21494e-06	1.76248
0.000240252	110.765	4.21494e-06	2.00166
0.000248682	119.584	4.21494e-06	1.91136
0.000257112	123.623	4.21494e-06	1.80767
0.000265541	130.55	4.21494e-06	1.90906
0.000273971	144.026	4.21494e-06	2.25222
0.000282401	154.12	4.21494e-06	2.51304
0.000290831	160.548	4.21494e-06	2.4096
0.000299261	166.822	4.21494e-06	2.34961
0.000307691	181.112	4.21494e-06	2.91478
0.000316121	192.098	4.21494e-06	4.2226
0.000324551	198.878	4.21494e-06	2.73422
0.00033298	206.006	4.21494e-06	2.45613
0.00034141	214.877	4.21494e-06	3.85184
0.00034984	229.008	4.21494e-06	4.94416
0.00035827	235.273	4.21494e-06	2.91435
0.0003667	247.429	4.21494e-06	2.7373
0.00037513	254.898	4.21494e-06	2.84491
0.00038356	264.235	4.21494e-06	2.95848
0.00039199	277.466	4.21494e-06	2.89608
0.00040042	287.394	4.21494e-06	3.04784
0.000408849	310.938	4.21494e-06	6.40216
0.000417279	312.547	4.21494e-06	3.12114
0.000425709	330.034	4.21494e-06	3.61353
0.000434139	328.609	4.21494e-06	3.24088
0.000442569	342.608	4.21494e-06	3.63762
0.000450999	359.931	4.21494e-06	4.24391
0.000459429	374.595	4.21494e-06	5.58642
0.000467859	378.676	4.21494e-06	3.86614
0.000476289	385.478	4.21494e-06	3.54144
0.000484718	408.704	4.21494e-06	4.14234
0.000493148	416.212	4.21494e-06	3.96707
0.000501578	432.142	4.21494e-06	5.40739
0.000510008	439.074	4.21494e-06	3.58695
0.000518438	447.226	4.21494e-06	3.77088
0.000526868	459.349	4.21494e-06	3.92132
0.000535298	479.251	4.21494e-06	5.80656
0.000543728	481.502	4.21494e-06	3.92273
0.000552158	496.018	4.21494e-06	3.86803
0.000560587	510.891	4.21494e-06	4.15806
0.000569017	523.653	4.21494e-06	4.74514
0.000577447	537.49	4.21494e-06	4.53706
0.000585877	551.304	4.21494e-06	5.9541
0.000594307	555.3	4.21494e-06	4.20285
0.000602737	567.258	4.21494e-06	4.18021
0.000611167	577.676	4.21494e-06	4.71013
0.000619597	591.071	4.21494e-06	4.39965
0.000628026	613.418	4.21494e-06	6.54563
0.000636456	626.975	4.21494e-06	9.00416
0.000644886	629.199	4.21494e-06	5.73996
0.000653316	639.387	4.21494e-06	4.68032
0.000661746	651.354	4.21494e-06	4.89402
0.000670176	661.409	4.21494e-06	5.58383
0.000678606	677.095	4.21494e-06	4.93954
0.000687036	687.909	4.21494e-06	4.79922
0.000695466	702.333	4.21494e-06	8.28641
0.000703895	692.887	4.21494e-06	4.86571
0.000712325	729.586	4.21494e-06	14.0822
0.000720755	710.192	4.21494e-06	4.5098
0.000729185	730.684	4.21494e-06	5.41525
0.000737615	740.581	4.21494e-06	4.73785
0.000746045	744.713	4.21494e-06	4.83335
0.000754475	754.235	4.21494e-06	5.40439
0.000762905	769.948	4.21494e-06	5.12753
0.000771335	771.331	4.21494e-06	5.16959
0.000779764	788.314	4.21494e-06	7.10355
0.000788194	792.467	4.21494e-06	4.79456
0.000796624	815.574	4.21494e-06	9.35885
0.000805054	806.486	4.21494e-06	5.0979
0.000813484	823.888	4.21494e-06	7.73587
0.000821914	824.199	4.21494e-06	5.22302
0.000830344	826.282	4.21494e-06	5.52653
0.000838774	837.687	4.21494e-06	6.95394
0.000847204	845.8	4.21494e-06	4.9754
0.000855633	845.006	4.21494e-06	5.11995
0.000864063	860.859	4.21494e-06	5.42726
0.000872493	856.106	4.21494e-06	5.05159
0.000880923	868.071	4.21494e-06	6.06738
0.000889353	865.182	4.21494e-06	4.98977
0.000897783	872.554	4.21494e-06	4.82724
0.000906213	880.703	4.21494e-06	5.52285
0.000914643	878.798	4.21494e-06	5.32852
0.000923072	901.824	4.21494e-06	8.13252
0.000931502	893.644	4.21494e-06	5.4914
0.000939932	906.438	4.21494e-06	5.45964
0.000948362	903.925	4.21494e-06	8.40597
0.000956792	901.539	4.21494e-06	5.13043
0.000965222	901.215	4.21494e-06	5.42856
0.000973652	910.948	4.21494e-06	5.37287
0.000982082	904.771	4.21494e-06	5.684
0.000990512	907.713	4.21494e-06	6.32671
0.000998941	901.695	4.21494e-06	5.1952
0.00100737	911.265	4.21494e-06	5.76486
0.0010158	908.869	4.21494e-06	4.85832
0.00102423	914.907	4.21494e-06	7.67365
0.00103266	911.92	4.21494e-06	5.76511
0.00104109	910.346	4.21494e-06	5.9844
0.00104952	908.948	4.21494e-06	4.98605
0.00105795	904.167	4.21494e-06	4.98014
0.00106638	896.218	4.21494e-06	4.6447
0.00107481	898.892	4.21494e-06	4.80798
0.00108324	897.936	4.21494e-06	4.67235
0.00109167	901.072	4.21494e-06	6.11191
0.0011001	901.392	4.21494e-06	5.05778
0.00110853	892.383	4.21494e-06	4.94253
0.00111696	890.888	4.21494e-06	5.00643
0.00112539	884.718	4.21494e-06	4.81571
0.00113382	886.862	4.21494e-06	7.49232
0.00114225	883.974	4.21494e-06	4.9964
0.00115068	876.756	4.21494e-06	5.76563
0.00115911	865.604	4.21494e-06	4.92267
0.00116754	862.504	4.21494e-06	4.52983
0.00117597	856.327	4.21494e-06	4.72644
0.0011844	851.182	4.21494e-06	4.7745
0.00119283	847.182	4.21494e-06	4.76016
0.00120126	845.304	4.21494e-06	4.84862
0.00120969	846.221	4.21494e-06	6.05397
0.00121812	832.854	4.21494e-06	4.55172
0.00122655	819.741	4.21494e-06	4.53627
0.00123498	822.147	4.21494e-06	5.18979
0.00124341	815.465	4.21494e-06	4.92276
0.00125184	806.338	4.21494e-06	4.73586
0.00126027	808.301	4.21494e-06	7.22883
0.0012687	792.204	4.21494e-06	4.72031
0.00127713	783.59	4.21494e-06	4.40852
0.00128556	777.499	4.21494e-06	4.88615
0.00129399	773.824	4.21494e-06	4.60743
0.00130242	759.295	4.21494e-06	4.13779
0.00131085	759.144	4.21494e-06	4.61062
0.00131928	746.774	4.21494e-06	5.226
0.00132771	730.44	4.21494e-06	3.97204
0.00133614	721.988	4.21494e-06	3.88103
0.00134457	719.282	4.21494e-06	4.81446
0.001353	700.848	4.21494e-06	4.10912
0.00136143	709.323	4.21494e-06	4.29921
0.00136986	694.905	4.21494e-06	4.79639
0.00137829	696.81	4.21494e-06	5.75202
0.00138672	681.492	4.21494e-06	7.40823
0.00139515	668.629	4.21494e-06	3.77266
0.00140358	651.326	4.21494e-06	4.09749
0.00141201	641.581	4.21494e-06	4.02646
0.00142044	633.247	4.21494e-06	3.82154
0.00142887	631.937	4.21494e-06	3.69274
0.0014373	615.913	4.21494e-06	3.7135
0.00144573	607.369	4.21494e-06	3.69743
0.00145416	608.366	4.21494e-06	3.91313
0.00146259	583.996	4.21494e-06	3.73743
0.00147102	585.475	4.21494e-06	3.78221
0.00147944	576.981	4.21494e-06	4.01514
0.00148787	555.334	4.21494e-06	3.22979
0.0014963	553.586	4.21494e-06	3.49797
0.00150473	540.596	4.21494e-06	3.29898
0.00151316	529.239	4.21494e-06	3.59253
0.00152159	516.527	4.21494e-06	3.16796
0.00153002	503.962	4.21494e-06	3.20958
0.00153845	503.719	4.21494e-06	3.36409
0.00154688	488.495	4.21494e-06	3.07754
0.00155531	484.393	4.21494e-06	3.2635
0.00156374	479.71	4.21494e-06	3.48229
0.00157217	467.586	4.21494e-06	3.59016
0.0015806	459.481	4.21494e-06	5.16033
0.00158903	444.29	4.21494e-06	2.9523
0.00159746	436.593	4.21494e-06	3.04915
0.00160589	423.52	4.21494e-06	2.87385
0.00161432	422.809	4.21494e-06	3.67847
0.00162275	412.088	4.21494e-06	3.67303
0.00163118	403.189	4.21494e-06	2.76088
0.00163961	392.199	4.21494e-06	3.3254
0.00164804	377.099	4.21494e-06	2.65033
0.00165647	380.031	4.21494e-06	3.36756
0.0016649	368.255	4.21494e-06	2.84902
0.00167333	353.391	4.21494e-06	2.6108
0.00168176	349.676	4.21494e-06	2.56093
0.00169019	345.423	4.21494e-06	3.56468
0.00169862	331.707	4.21494e-06	2.4755
0.00170705	327.477	4.21494e-06	2.75455
0.00171548	318.908	4.21494e-06	2.50758
0.00172391	312.728	4.21494e-06	2.47806
0.00173234	298.547	4.21494e-06	2.57494
0.00174077	291.935	4.21494e-06	2.35368
0.0017492	288.763	4.21494e-06	2.43956
0.00175763	277.114	4.21494e-06	2.20597
0.00176606	270.647	4.21494e-06	2.26502
0.00177449	265.423	4.21494e-06	2.35114
0.00178292	258.462	4.21494e-06	2.82536
0.00179135	250.812	4.21494e-06	2.34073
0.00179978	242.633	4.21494e-06	2.27541
0.00180821	235.002	4.21494e-06	2.33254
0.00181664	225.332	4.21494e-06	1.98601
0.00182507	223.675	4.21494e-06	2.18056
0.0018335	214.788	4.21494e-06	1.88957
0.00184193	205.552	4.21494e-06	1.85637
0.00185036	203.194	4.21494e-06	2.10883
0.00185879	199.252	4.21494e-06	1.83535
0.00186722	191.137	4.21494e-06	1.72801
0.00187565	185.07	4.21494e-06	1.84148
0.00188408	179.765	4.21494e-06	1.83859
0.00189251	175.077	4.21494e-06	2.24434
0.00190094	169.197	4.21494e-06	1.73847
0.00190937	163.886	4.21494e-06	1.86808
0.0019178	156.127	4.21494e-06	1.56467
0.00192623	151.951	4.21494e-06	1.5936
0.00193466	148.436	4.21494e-06	1.7299
0.00194309	143.302	4.21494e-06	1.58314
0.00195152	138.308	4.21494e-06	2.14002
0.00195995	135.007	4.21494e-06	1.52629
0.00196838	129.808	4.21494e-06	1.41382
0.00197681	122.183	4.21494e-06	1.33981
0.00198524	119.185	4.21494e-06	1.58999
0.00199367	117.723	4.21494e-06	1.53847
0.0020021	114.179	4.21494e-06	1.50546
0.00201053	106.749	4.21494e-06	1.24327
0.00201896	105.579	4.21494e-06	1.31566
0.00202739	103.352	4.21494e-06	2.66373
0.00203582	97.4655	4.21494e-06	1.55226
0.00204425	91.846	4.21494e-06	1.23904
0.00205268	88.466	4.21494e-06	1.11675
0.00206111	85.2512	4.21494e-06	1.08051
0.00206954	81.5007	4.21494e-06	1.05118
0.00207797	80.3442	4.21494e-06	1.12964
0.0020864	74.8592	4.21494e-06	1.02371
0.00209483	74.2091	4.21494e-06	1.03943
0.00210326	72.8002	4.21494e-06	1.0581
0.00211169	68.6124	4.21494e-06	1.04108
0.00212012	63.6115	4.21494e-06	0.983319
0.00212855	62.2675	4.21494e-06	0.993732
0.00213698	61.0654	4.21494e-06	1.14098
0.00214541	58.3831	4.21494e-06	0.898441
0.00215384	54.9883	4.21494e-06	0.853596
0.00216227	53.3735	4.21494e-06	0.852383
0.0021707	50.6205	4.21494e-06	0.81502
0.00217913	48.8178	4.21494e-06	0.923427
0.00218756	48.4872	4.21494e-06	1.1888
0.00219599	43.1935	4.21494e-06	0.720727
0.00220442	41.8503	4.21494e-06	0.737452
0.00221285	39.8579	4.21494e-06	0.727009
0.00222127	37.3146	4.21494e-06	0.650772
0.0022297	37.1864	4.21494e-06	0.670997
0.00223813	35.7353	4.21494e-06	0.645174
0.00224656	31.8295	4.21494e-06	0.603305
0.00225499	31.0894	4.21494e-06	0.589715
0.00226342	29.4723	4.21494e-06	0.577252
0.00227185	29.0133	4.21494e-06	0.586516
0.00228028	26.6762	4.21494e-06	0.542935
0.00228871	25.4755	4.21494e-06	0.531619
0.00229714	24.2872	4.21494e-06	0.519486
0.00230557	23.6513	4.21494e-06	0.506847
0.002314	22.0093	4.21494e-06	0.493269
0.00232243	20.2806	4.21494e-06	0.470083
0.00233086	19.7	4.21494e-06	0.458278
0.00233929	18.3363	4.21494e-06	0.440933
0.00234772	17.5146	4.21494e-06	0.434264
0.00235615	16.2019	4.21494e-06	0.411934
0.00236458	14.5605	4.21494e-06	0.386971
0.00237301	13.9719	4.21494e-06	0.382307
0.00238144	13.7115	4.21494e-06	0.383532
0.00238987	12.8318	4.21494e-06	0.364983
0.0023983	12.2706	4.21494e-06	0.357511
0.00240673	10.7502	4.21494e-06	0.329259
0.00241516	9.76604	4.21494e-06	0.312429
0.00242359	9.39418	4.21494e-06	0.306139
0.00243202	8.04391	4.21494e-06	0.282503
0.00244045	7.76029	4.21494e-06	0.275528
0.00244888	7.41264	4.21494e-06	0.269555
0.00245731	6.73231	4.21494e-06	0.255859
0.00246574	6.04426	4.21494e-06	0.241763
0.00247417	5.68958	4.21494e-06	0.232849
0.0024826	4.76794	4.21494e-06	0.212009
0.00249103	4.22304	4.21494e-06	0.198522
0.00249946	3.69728	4.21494e-06	0.185323
0.00250789	3.56565	4.21494e-06	0.181722
0.00251632	3.06313	4.21494e-06	0.168315
0.00252475	2.76728	4.21494e-06	0.159948
0.00253318	2.25806	4.21494e-06	0.143318
0.00254161	1.85998	4.21494e-06	0.129177
0.00255004	1.15537	4.21494e-06	0.10151
0.00255847	1.06957	4.21494e-06	0.0972095
0.0025669	0.704837	4.21494e-06	0.0790035
0.00257533	0.183004	4.21494e-06	0.0400791
0.00258376	0.00895088	4.21494e-06	0.00895088
