4.21494e-06	0.0259505	4.21494e-06	0.0152471
1.26448e-05	0.35169	4.21494e-06	0.0836533
2.10747e-05	1.27144	4.21494e-06	0.337926
2.95046e-05	1.64712	4.21494e-06	0.179797
3.79345e-05	3.03709	4.21494e-06	0.293319
4.63644e-05	4.56589	4.21494e-06	0.572271
5.47943e-05	5.79178	4.21494e-06	0.420391
6.32241e-05	6.83399	4.21494e-06	0.354304
7.1654e-05	9.29828	4.21494e-06	0.442022
8.00839e-05	13.1263	4.21494e-06	0.684482
8.85138e-05	13.5024	4.21494e-06	0.616722
9.69437e-05	18.6445	4.21494e-06	0.763539
0.000105374	20.2286	4.21494e-06	0.659354
0.000113803	24.2046	4.21494e-06	0.958606
0.000122233	27.7623	4.21494e-06	0.900492
0.000130663	31.3159	4.21494e-06	0.881403
0.000139093	34.8805	4.21494e-06	0.993469
0.000147523	41.4119	4.21494e-06	1.01145
0.000155953	46.945	4.21494e-06	1.40254
0.000164383	50.0853	4.21494e-06	1.23334
0.000172813	54.4959	4.21494e-06	1.18652
0.000181243	62.3103	4.21494e-06	1.56528
0.000189672	65.1934	4.21494e-06	1.2773
0.000198102	72.6695	4.21494e-06	1.68999
0.000206532	80.159	4.21494e-06	1.62586
0.000214962	82.0756	4.21494e-06	1.61297
0.000223392	90.3411	4.21494e-06	1.60199
0.000231822	98.7953	4.21494e-06	1.90633
0.000240252	109.281	4.21494e-06	3.49395
0.000248682	110.175	4.21494e-06	1.79577
0.000257112	124.638	4.21494e-06	2.75402
0.000265541	128.116	4.21494e-06	1.9206
0.000273971	132.432	4.21494e-06	2.092
0.000282401	146.089	4.21494e-06	2.14036
0.000290831	151.496	4.21494e-06	2.0687
0.000299261	160.343	4.21494e-06	2.46049
0.000307691	170.738	4.21494e-06	2.38594
0.000316121	179.842	4.21494e-06	3.06057
0.000324551	188.271	4.21494e-06	2.47562
0.00033298	199.554	4.21494e-06	2.3948
0.00034141	211.467	4.21494e-06	2.85868
0.00034984	214.566	4.21494e-06	2.63384
0.00035827	230.609	4.21494e-06	3.11775
0.0003667	239.335	4.21494e-06	3.66203
0.00037513	245.56	4.21494e-06	2.60815
0.00038356	256.426	4.21494e-06	2.72427
0.00039199	274.322	4.21494e-06	6.10085
0.00040042	276.09	4.21494e-06	2.84855
0.000408849	292.309	4.21494e-06	3.8811
0.000417279	296.712	4.21494e-06	3.15489
0.000425709	311.472	4.21494e-06	3.26594
0.000434139	329.079	4.21494e-06	3.69369
0.000442569	333.219	4.21494e-06	3.58671
0.000450999	341.861	4.21494e-06	3.03791
0.000459429	357.347	4.21494e-06	3.61969
0.000467859	367.207	4.21494e-06	3.46935
0.000476289	378.883	4.21494e-06	3.50723
0.000484718	387.112	4.21494e-06	3.76047
0.000493148	401.787	4.21494e-06	4.01651
0.000501578	426.81	4.21494e-06	5.27321
0.000510008	417.067	4.21494e-06	3.59239
0.000518438	442.854	4.21494e-06	3.75104
0.000526868	447.089	4.21494e-06	3.73134
0.000535298	461.436	4.21494e-06	4.26436
0.000543728	479.699	4.21494e-06	4.68737
0.000552158	481.758	4.21494e-06	4.02094
0.000560587	492.954	4.21494e-06	3.73807
0.000569017	503.026	4.21494e-06	4.03132
0.000577447	535.826	4.21494e-06	7.10714
0.000585877	531.37	4.21494e-06	4.79254
0.000594307	542.432	4.21494e-06	4.16046
0.000602737	552.994	4.21494e-06	4.62018
0.000611167	579.351	4.21494e-06	13.5946
0.000619597	569.956	4.21494e-06	4.10294
0.000628026	591.836	4.21494e-06	6.1542
0.000636456	596.974	4.21494e-06	4.4585
0.000644886	606.979	4.21494e-06	4.33828
0.000653316	618.745	4.21494e-06	4.27891
0.000661746	632.861	4.21494e-06	4.74374
0.000670176	657.19	4.21494e-06	7.13316
0.000678606	664.823	4.21494e-06	6.59286
0.000687036	664.503	4.21494e-06	4.7156
0.000695466	683.322	4.21494e-06	5.58549
0.000703895	691.645	4.21494e-06	4.99676
0.000712325	691.824	4.21494e-06	4.51235
0.000720755	714.776	4.21494e-06	4.92185
0.000729185	728.936	4.21494e-06	8.46549
0.000737615	747.979	4.21494e-06	13.4879
0.000746045	734.905	4.21494e-06	4.6525
0.000754475	738.144	4.21494e-06	4.79943
0.000762905	751.697	4.21494e-06	4.60202
0.000771335	766.002	4.21494e-06	5.44128
0.000779764	774.57	4.21494e-06	7.23777
0.000788194	773.306	4.21494e-06	4.95503
0.000796624	796.276	4.21494e-06	7.02717
0.000805054	797.822	4.21494e-06	4.76768
0.000813484	805.526	4.21494e-06	4.82389
0.000821914	829.838	4.21494e-06	5.47527
0.000830344	818.64	4.21494e-06	5.59546
0.000838774	835.37	4.21494e-06	4.85901
0.000847204	834.564	4.21494e-06	4.95293
0.000855633	848.884	4.21494e-06	6.12837
0.000864063	849.16	4.21494e-06	5.47295
0.000872493	860.44	4.21494e-06	6.10457
0.000880923	863.966	4.21494e-06	8.00889
0.000889353	870.235	4.21494e-06	5.47307
0.000897783	866.02	4.21494e-06	4.9455
0.000906213	883.754	4.21494e-06	7.37308
0.000914643	883.142	4.21494e-06	7.83923
0.000923072	889.782	4.21494e-06	5.49511
0.000931502	891.463	4.21494e-06	6.31818
0.000939932	900.877	4.21494e-06	7.34794
0.000948362	891.859	4.21494e-06	5.94471
0.000956792	906.155	4.21494e-06	7.17522
0.000965222	897.452	4.21494e-06	5.00119
0.000973652	903.442	4.21494e-06	5.64822
0.000982082	899.097	4.21494e-06	5.13973
0.000990512	903.183	4.21494e-06	4.98777
0.000998941	915.207	4.21494e-06	5.61564
0.00100737	913.019	4.21494e-06	4.98996
0.0010158	925.272	4.21494e-06	8.19433
0.00102423	913.276	4.21494e-06	5.48312
0.00103266	910.542	4.21494e-06	4.96903
0.00104109	919.479	4.21494e-06	5.8043
0.00104952	917.414	4.21494e-06	5.59552
0.00105795	918.891	4.21494e-06	6.95736
0.00106638	905.93	4.21494e-06	6.0601
0.00107481	906.735	4.21494e-06	5.12594
0.00108324	900.406	4.21494e-06	5.1661
0.00109167	905.841	4.21494e-06	5.40006
0.0011001	907.048	4.21494e-06	5.12204
0.00110853	901.873	4.21494e-06	5.17692
0.00111696	890.625	4.21494e-06	6.01139
0.00112539	892.133	4.21494e-06	4.95716
0.00113382	897.086	4.21494e-06	5.36182
0.00114225	880.947	4.21494e-06	5.21938
0.00115068	889.177	4.21494e-06	6.01052
0.00115911	874.752	4.21494e-06	4.75564
0.00116754	865.924	4.21494e-06	4.60592
0.00117597	863.226	4.21494e-06	4.69577
0.0011844	862.88	4.21494e-06	4.98761
0.00119283	852.375	4.21494e-06	5.04345
0.00120126	855.344	4.21494e-06	4.79211
0.00120969	846.538	4.21494e-06	4.91056
0.00121812	836.105	4.21494e-06	5.1619
0.00122655	830.684	4.21494e-06	4.35311
0.00123498	830.259	4.21494e-06	4.56172
0.00124341	832.704	4.21494e-06	10.6206
0.00125184	830.322	4.21494e-06	12.3895
0.00126027	805.023	4.21494e-06	4.79372
0.0012687	802.579	4.21494e-06	4.4608
0.00127713	802.407	4.21494e-06	7.6968
0.00128556	787.997	4.21494e-06	4.89085
0.00129399	774.235	4.21494e-06	4.35685
0.00130242	778.522	4.21494e-06	6.05562
0.00131085	753.736	4.21494e-06	4.17392
0.00131928	750.833	4.21494e-06	4.44425
0.00132771	750.588	4.21494e-06	5.41508
0.00133614	739.933	4.21494e-06	4.50838
0.00134457	731.603	4.21494e-06	4.28927
0.001353	730.521	4.21494e-06	5.61061
0.00136143	721.336	4.21494e-06	6.39717
0.00136986	703.98	4.21494e-06	4.32791
0.00137829	699.395	4.21494e-06	4.63488
0.00138672	683.187	4.21494e-06	4.0849
0.00139515	671.612	4.21494e-06	3.76901
0.00140358	664.481	4.21494e-06	3.96273
0.00141201	649.814	4.21494e-06	3.71474
0.00142044	649.913	4.21494e-06	4.0768
0.00142887	635.642	4.21494e-06	4.04584
0.0014373	629.361	4.21494e-06	3.81298
0.00144573	621.394	4.21494e-06	4.92751
0.00145416	608.347	4.21494e-06	3.72364
0.00146259	598.459	4.21494e-06	3.74441
0.00147102	585.545	4.21494e-06	3.44079
0.00147944	572.573	4.21494e-06	3.5124
0.00148787	571.163	4.21494e-06	3.90872
0.0014963	563.556	4.21494e-06	4.39907
0.00150473	563.63	4.21494e-06	8.98529
0.00151316	539.872	4.21494e-06	3.46528
0.00152159	533.33	4.21494e-06	4.51367
0.00153002	517.173	4.21494e-06	3.45026
0.00153845	518.852	4.21494e-06	3.87818
0.00154688	501.54	4.21494e-06	3.35662
0.00155531	491.635	4.21494e-06	3.517
0.00156374	479.535	4.21494e-06	3.14125
0.00157217	478.815	4.21494e-06	4.41437
0.0015806	471.653	4.21494e-06	4.04918
0.00158903	455.508	4.21494e-06	3.11885
0.00159746	449.69	4.21494e-06	3.69281
0.00160589	440.846	4.21494e-06	3.41923
0.00161432	427.282	4.21494e-06	3.04665
0.00162275	417.462	4.21494e-06	3.06323
0.00163118	410.399	4.21494e-06	3.1379
0.00163961	401.148	4.21494e-06	3.06079
0.00164804	388.584	4.21494e-06	2.86077
0.00165647	385.462	4.21494e-06	4.07114
0.0016649	371.871	4.21494e-06	3.45717
0.00167333	363.828	4.21494e-06	3.01291
0.00168176	349.756	4.21494e-06	2.59779
0.00169019	351.509	4.21494e-06	3.44668
0.00169862	342.357	4.21494e-06	2.9272
0.00170705	334.923	4.21494e-06	3.27688
0.00171548	323.405	4.21494e-06	2.72765
0.00172391	316.573	4.21494e-06	2.65223
0.00173234	301.6	4.21494e-06	2.40259
0.00174077	296.758	4.21494e-06	2.47541
0.0017492	288.474	4.21494e-06	2.45598
0.00175763	285.621	4.21494e-06	3.55619
0.00176606	276.268	4.21494e-06	2.26909
0.00177449	279.814	4.21494e-06	6.86617
0.00178292	259.66	4.21494e-06	2.40539
0.00179135	252.318	4.21494e-06	2.14485
0.00179978	243.478	4.21494e-06	2.30038
0.00180821	241.429	4.21494e-06	2.3964
0.00181664	237.204	4.21494e-06	4.38534
0.00182507	227.596	4.21494e-06	2.14504
0.0018335	217.556	4.21494e-06	1.93186
0.00184193	209.882	4.21494e-06	1.96708
0.00185036	206.146	4.21494e-06	2.06052
0.00185879	201.953	4.21494e-06	2.47644
0.00186722	195.052	4.21494e-06	1.91014
0.00187565	186.412	4.21494e-06	1.83094
0.00188408	184.116	4.21494e-06	1.87275
0.00189251	178.581	4.21494e-06	1.94863
0.00190094	172.486	4.21494e-06	1.82248
0.00190937	166.536	4.21494e-06	1.91815
0.0019178	166.064	4.21494e-06	3.95319
0.00192623	154.856	4.21494e-06	2.03496
0.00193466	146.894	4.21494e-06	1.49191
0.00194309	143.834	4.21494e-06	1.53841
0.00195152	139.441	4.21494e-06	1.63358
0.00195995	136.965	4.21494e-06	1.59201
0.00196838	134.665	4.21494e-06	1.76381
0.00197681	128.509	4.21494e-06	1.55153
0.00198524	124.432	4.21494e-06	1.67568
0.00199367	118.834	4.21494e-06	1.61563
0.0020021	114.434	4.21494e-06	1.44996
0.00201053	108.855	4.21494e-06	2.5501
0.00201896	107.938	4.21494e-06	1.93467
0.00202739	101.038	4.21494e-06	1.40987
0.00203582	99.5808	4.21494e-06	1.3694
0.00204425	94.2607	4.21494e-06	1.36308
0.00205268	89.091	4.21494e-06	1.69404
0.00206111	86.8297	4.21494e-06	1.1345
0.00206954	83.8639	4.21494e-06	1.64494
0.00207797	79.6009	4.21494e-06	1.12167
0.0020864	78.2155	4.21494e-06	1.23004
0.00209483	74.2314	4.21494e-06	1.01629
0.00210326	72.8759	4.21494e-06	1.1967
0.00211169	68.6223	4.21494e-06	1.1232
0.00212012	65.2817	4.21494e-06	0.969214
0.00212855	64.3976	4.21494e-06	1.00558
0.00213698	61.302	4.21494e-06	0.979633
0.00214541	59.5027	4.21494e-06	1.13179
0.00215384	55.3946	4.21494e-06	0.94621
0.00216227	52.0532	4.21494e-06	0.851033
0.0021707	51.7134	4.21494e-06	1.03656
0.00217913	49.0308	4.21494e-06	0.848821
0.00218756	47.4919	4.21494e-06	0.922807
0.00219599	46.8614	4.21494e-06	1.24453
0.00220442	54.2336	4.21494e-06	9.30008
0.00221285	40.8476	4.21494e-06	0.760682
0.00222127	38.7525	4.21494e-06	0.726928
0.0022297	36.9106	4.21494e-06	0.709912
0.00223813	35.6987	4.21494e-06	0.768729
0.00224656	33.5521	4.21494e-06	0.642424
0.00225499	32.7868	4.21494e-06	0.650389
0.00226342	29.6247	4.21494e-06	0.675897
0.00227185	29.0109	4.21494e-06	0.613176
0.00228028	27.5881	4.21494e-06	0.578671
0.00228871	26.0929	4.21494e-06	0.573924
0.00229714	25.4017	4.21494e-06	0.556563
0.00230557	23.3735	4.21494e-06	0.532917
0.002314	22.3738	4.21494e-06	0.518532
0.00232243	21.2771	4.21494e-06	0.510807
0.00233086	19.9117	4.21494e-06	0.495608
0.00233929	18.6263	4.21494e-06	0.461912
0.00234772	18.4026	4.21494e-06	0.460872
0.00235615	15.8347	4.21494e-06	0.422541
0.00236458	15.7509	4.21494e-06	0.427321
0.00237301	15.0125	4.21494e-06	0.41109
0.00238144	13.9651	4.21494e-06	0.398442
0.00238987	12.6529	4.21494e-06	0.374206
0.0023983	12.1975	4.21494e-06	0.370892
0.00240673	10.9675	4.21494e-06	0.347462
0.00241516	10.2119	4.21494e-06	0.335771
0.00242359	9.52298	4.21494e-06	0.318739
0.00243202	8.82411	4.21494e-06	0.305603
0.00244045	7.85906	4.21494e-06	0.288218
0.00244888	7.52612	4.21494e-06	0.282653
0.00245731	7.5063	4.21494e-06	0.27813
0.00246574	6.3612	4.21494e-06	0.257057
0.00247417	5.51412	4.21494e-06	0.238071
0.0024826	4.77175	4.21494e-06	0.217976
0.00249103	4.28715	4.21494e-06	0.20742
0.00249946	4.00478	4.21494e-06	0.200756
0.00250789	3.19423	4.21494e-06	0.177358
0.00251632	2.93032	4.21494e-06	0.169982
0.00252475	2.44944	4.21494e-06	0.155119
0.00253318	2.1911	4.21494e-06	0.146324
0.00254161	1.83126	4.21494e-06	0.132905
0.00255004	1.51541	4.21494e-06	0.121012
0.00255847	1.10994	4.21494e-06	0.103423
0.0025669	0.563894	4.21494e-06	0.0736684
0.00257533	0.340895	4.21494e-06	0.0569548
0.00258376	0.0185864	4.21494e-06	0.0131457
