4.21494e-06	0.221604	4.21494e-06	0.175743
1.26448e-05	0.272201	4.21494e-06	0.0602011
2.10747e-05	0.750703	4.21494e-06	0.10565
2.95046e-05	1.49988	4.21494e-06	0.175493
3.79345e-05	3.00011	4.21494e-06	0.47388
4.63644e-05	4.43066	4.21494e-06	0.359567
5.47943e-05	5.25387	4.21494e-06	0.337711
6.32241e-05	6.69977	4.21494e-06	0.37195
7.1654e-05	8.85297	4.21494e-06	0.487974
8.00839e-05	11.5355	4.21494e-06	0.599471
8.85138e-05	13.8855	4.21494e-06	0.591768
9.69437e-05	19.2878	4.21494e-06	0.83632
0.000105374	19.592	4.21494e-06	0.68831
0.000113803	24.479	4.21494e-06	0.855917
0.000122233	27.2949	4.21494e-06	0.951277
0.000130663	30.3775	4.21494e-06	0.85258
0.000139093	38.0994	4.21494e-06	1.22642
0.000147523	41.5891	4.21494e-06	1.12427
0.000155953	46.2749	4.21494e-06	1.30592
0.000164383	49.3158	4.21494e-06	1.36774
0.000172813	55.4298	4.21494e-06	1.81595
0.000181243	62.3322	4.21494e-06	1.46275
0.000189672	65.7475	4.21494e-06	1.61956
0.000198102	76.0893	4.21494e-06	3.24527
0.000206532	78.7392	4.21494e-06	2.28423
0.000214962	87.8963	4.21494e-06	3.45303
0.000223392	90.9604	4.21494e-06	1.70073
0.000231822	103.084	4.21494e-06	2.4776
0.000240252	108.467	4.21494e-06	2.2759
0.000248682	111.103	4.21494e-06	1.73856
0.000257112	119.738	4.21494e-06	2.14211
0.000265541	144.981	4.21494e-06	13.2733
0.000273971	133.961	4.21494e-06	1.96941
0.000282401	144.857	4.21494e-06	2.32595
0.000290831	155.147	4.21494e-06	2.69618
0.000299261	160.939	4.21494e-06	2.47379
0.000307691	168.636	4.21494e-06	2.51463
0.000316121	178.572	4.21494e-06	2.65245
0.000324551	192.582	4.21494e-06	2.5842
0.00033298	195.412	4.21494e-06	2.37929
0.00034141	204.008	4.21494e-06	2.58586
0.00034984	229.367	4.21494e-06	6.08001
0.00035827	228.416	4.21494e-06	2.90628
0.0003667	231.616	4.21494e-06	2.57618
0.00037513	256.137	4.21494e-06	5.52644
0.00038356	253.69	4.21494e-06	2.91041
0.00039199	274.069	4.21494e-06	3.69344
0.00040042	281.132	4.21494e-06	4.15117
0.000408849	294.782	4.21494e-06	3.491
0.000417279	302.008	4.21494e-06	3.07473
0.000425709	311.106	4.21494e-06	3.09932
0.000434139	322.199	4.21494e-06	3.46124
0.000442569	337.778	4.21494e-06	3.89502
0.000450999	344.516	4.21494e-06	3.30938
0.000459429	353.635	4.21494e-06	3.62416
0.000467859	365.401	4.21494e-06	3.39789
0.000476289	387.822	4.21494e-06	9.72568
0.000484718	385.819	4.21494e-06	3.73212
0.000493148	403.993	4.21494e-06	3.6454
0.000501578	408.364	4.21494e-06	3.77898
0.000510008	420.793	4.21494e-06	3.56023
0.000518438	442.455	4.21494e-06	4.06712
0.000526868	450.897	4.21494e-06	4.05527
0.000535298	466.111	4.21494e-06	7.61761
0.000543728	473.424	4.21494e-06	3.87751
0.000552158	483.065	4.21494e-06	4.29348
0.000560587	493.12	4.21494e-06	3.82923
0.000569017	511.79	4.21494e-06	4.33019
0.000577447	522.694	4.21494e-06	5.39114
0.000585877	538.047	4.21494e-06	5.13643
0.000594307	544.352	4.21494e-06	4.28477
0.000602737	564.334	4.21494e-06	7.3306
0.000611167	563.512	4.21494e-06	4.09643
0.000619597	568.54	4.21494e-06	3.92633
0.000628026	586.05	4.21494e-06	4.25625
0.000636456	611.629	4.21494e-06	7.20838
0.000644886	616.859	4.21494e-06	4.46964
0.000653316	619.865	4.21494e-06	7.63995
0.000661746	628.908	4.21494e-06	4.23096
0.000670176	642.808	4.21494e-06	4.25687
0.000678606	668.58	4.21494e-06	6.23365
0.000687036	662.305	4.21494e-06	4.79506
0.000695466	674.893	4.21494e-06	5.37136
0.000703895	682.788	4.21494e-06	5.15366
0.000712325	694.859	4.21494e-06	4.53525
0.000720755	716.968	4.21494e-06	4.97005
0.000729185	723.471	4.21494e-06	4.60629
0.000737615	732.3	4.21494e-06	5.5477
0.000746045	745.931	4.21494e-06	6.60108
0.000754475	758.64	4.21494e-06	5.37156
0.000762905	758.167	4.21494e-06	4.9582
0.000771335	761.296	4.21494e-06	4.79242
0.000779764	769.785	4.21494e-06	4.80711
0.000788194	783.926	4.21494e-06	4.88652
0.000796624	791.154	4.21494e-06	4.59227
0.000805054	808.231	4.21494e-06	5.56369
0.000813484	800.28	4.21494e-06	5.18125
0.000821914	824.589	4.21494e-06	5.56441
0.000830344	826.553	4.21494e-06	5.02482
0.000838774	825.95	4.21494e-06	4.73067
0.000847204	829.012	4.21494e-06	4.61839
0.000855633	842.216	4.21494e-06	4.57029
0.000864063	839.864	4.21494e-06	4.56151
0.000872493	857.253	4.21494e-06	4.81376
0.000880923	865.643	4.21494e-06	5.02191
0.000889353	867.886	4.21494e-06	5.6975
0.000897783	871.363	4.21494e-06	4.95956
0.000906213	878.404	4.21494e-06	5.05581
0.000914643	875.331	4.21494e-06	4.62662
0.000923072	890.814	4.21494e-06	4.83262
0.000931502	891.965	4.21494e-06	5.12278
0.000939932	884.994	4.21494e-06	5.04448
0.000948362	948.215	4.21494e-06	37.506
0.000956792	897.759	4.21494e-06	4.74856
0.000965222	905.239	4.21494e-06	5.27663
0.000973652	907.509	4.21494e-06	4.97607
0.000982082	904.915	4.21494e-06	6.63165
0.000990512	915.3	4.21494e-06	6.0794
0.000998941	909.218	4.21494e-06	5.35703
0.00100737	908.883	4.21494e-06	4.70222
0.0010158	917.265	4.21494e-06	6.78244
0.00102423	912.522	4.21494e-06	4.64458
0.00103266	909.059	4.21494e-06	4.84672
0.00104109	907.202	4.21494e-06	4.61591
0.00104952	921.308	4.21494e-06	5.84558
0.00105795	910.814	4.21494e-06	4.70963
0.00106638	907.271	4.21494e-06	4.8367
0.00107481	908.051	4.21494e-06	4.43459
0.00108324	914.957	4.21494e-06	4.97671
0.00109167	911.49	4.21494e-06	5.19962
0.0011001	905.717	4.21494e-06	5.43207
0.00110853	897.84	4.21494e-06	4.76026
0.00111696	895.036	4.21494e-06	4.914
0.00112539	893.921	4.21494e-06	4.94297
0.00113382	888.13	4.21494e-06	4.76803
0.00114225	878.086	4.21494e-06	4.52627
0.00115068	885.192	4.21494e-06	5.33601
0.00115911	874.109	4.21494e-06	4.40052
0.00116754	871.983	4.21494e-06	4.68297
0.00117597	880.458	4.21494e-06	8.57744
0.0011844	861.897	4.21494e-06	4.28375
0.00119283	857.228	4.21494e-06	4.61291
0.00120126	857.226	4.21494e-06	4.55929
0.00120969	850.789	4.21494e-06	5.06707
0.00121812	835.289	4.21494e-06	4.25564
0.00122655	836.434	4.21494e-06	4.2704
0.00123498	828.771	4.21494e-06	5.21298
0.00124341	828.533	4.21494e-06	5.36488
0.00125184	815.524	4.21494e-06	5.02451
0.00126027	815.442	4.21494e-06	5.15664
0.0012687	803.143	4.21494e-06	4.93633
0.00127713	792.495	4.21494e-06	4.31595
0.00128556	781.48	4.21494e-06	4.07944
0.00129399	777.378	4.21494e-06	4.25693
0.00130242	771.105	4.21494e-06	4.2621
0.00131085	759.207	4.21494e-06	4.15317
0.00131928	749.329	4.21494e-06	3.88571
0.00132771	747.281	4.21494e-06	4.70661
0.00133614	732.213	4.21494e-06	3.9085
0.00134457	737.981	4.21494e-06	4.20031
0.001353	717.269	4.21494e-06	3.79111
0.00136143	718.436	4.21494e-06	6.73065
0.00136986	696.81	4.21494e-06	3.7676
0.00137829	693.59	4.21494e-06	3.82876
0.00138672	687.956	4.21494e-06	3.69047
0.00139515	675.385	4.21494e-06	3.99601
0.00140358	668.454	4.21494e-06	4.31843
0.00141201	656.383	4.21494e-06	3.72967
0.00142044	641.455	4.21494e-06	3.344
0.00142887	637.61	4.21494e-06	3.90087
0.0014373	635.45	4.21494e-06	5.80317
0.00144573	616.056	4.21494e-06	3.2641
0.00145416	608.26	4.21494e-06	3.4703
0.00146259	591.846	4.21494e-06	3.16683
0.00147102	584.597	4.21494e-06	3.81993
0.00147944	580.049	4.21494e-06	3.37796
0.00148787	563.699	4.21494e-06	3.16374
0.0014963	566.957	4.21494e-06	3.58033
0.00150473	550.796	4.21494e-06	3.46486
0.00151316	541.215	4.21494e-06	3.05939
0.00152159	526.374	4.21494e-06	3.00553
0.00153002	522.988	4.21494e-06	3.26709
0.00153845	520.794	4.21494e-06	4.36627
0.00154688	504.584	4.21494e-06	3.1554
0.00155531	488.833	4.21494e-06	2.96023
0.00156374	481.286	4.21494e-06	3.17979
0.00157217	474.023	4.21494e-06	3.2274
0.0015806	469.879	4.21494e-06	3.19137
0.00158903	460.84	4.21494e-06	3.09764
0.00159746	442.793	4.21494e-06	2.63118
0.00160589	439.204	4.21494e-06	2.67593
0.00161432	426.494	4.21494e-06	2.68641
0.00162275	417.616	4.21494e-06	2.6816
0.00163118	410.427	4.21494e-06	2.65751
0.00163961	399.236	4.21494e-06	2.60929
0.00164804	391.62	4.21494e-06	2.55309
0.00165647	379.427	4.21494e-06	2.57743
0.0016649	375.719	4.21494e-06	2.86615
0.00167333	364.603	4.21494e-06	2.63073
0.00168176	354.386	4.21494e-06	2.48822
0.00169019	347.082	4.21494e-06	2.36953
0.00169862	337.445	4.21494e-06	2.37504
0.00170705	330.383	4.21494e-06	2.43685
0.00171548	321.519	4.21494e-06	2.3619
0.00172391	314.103	4.21494e-06	2.2633
0.00173234	303.77	4.21494e-06	2.19596
0.00174077	299.169	4.21494e-06	2.25988
0.0017492	290.553	4.21494e-06	2.10764
0.00175763	287.753	4.21494e-06	5.95604
0.00176606	280.062	4.21494e-06	2.92295
0.00177449	266.474	4.21494e-06	2.14199
0.00178292	259.683	4.21494e-06	2.0049
0.00179135	252.024	4.21494e-06	1.94975
0.00179978	247.005	4.21494e-06	1.88508
0.00180821	238.534	4.21494e-06	2.02901
0.00181664	233.153	4.21494e-06	1.94521
0.00182507	223.113	4.21494e-06	1.91384
0.0018335	225.169	4.21494e-06	2.54623
0.00184193	214.033	4.21494e-06	1.77357
0.00185036	207.307	4.21494e-06	1.99639
0.00185879	200.508	4.21494e-06	1.72045
0.00186722	194.33	4.21494e-06	1.71978
0.00187565	188.372	4.21494e-06	1.66887
0.00188408	182.451	4.21494e-06	1.61081
0.00189251	177.863	4.21494e-06	1.67031
0.00190094	170.236	4.21494e-06	1.51751
0.00190937	166.264	4.21494e-06	1.54133
0.0019178	165.466	4.21494e-06	1.94185
0.00192623	155.338	4.21494e-06	1.51249
0.00193466	151.35	4.21494e-06	1.43007
0.00194309	146.355	4.21494e-06	1.39524
0.00195152	142.25	4.21494e-06	1.44899
0.00195995	136.154	4.21494e-06	1.46117
0.00196838	131.315	4.21494e-06	1.35685
0.00197681	124.852	4.21494e-06	1.26016
0.00198524	120.599	4.21494e-06	1.25691
0.00199367	120.589	4.21494e-06	1.34175
0.0020021	113.852	4.21494e-06	1.21213
0.00201053	110.356	4.21494e-06	1.17546
0.00201896	106.197	4.21494e-06	1.16223
0.00202739	102.568	4.21494e-06	1.13793
0.00203582	99.8807	4.21494e-06	1.15551
0.00204425	94.8036	4.21494e-06	1.15838
0.00205268	92.2985	4.21494e-06	1.06257
0.00206111	86.5829	4.21494e-06	1.02077
0.00206954	84.0789	4.21494e-06	1.23007
0.00207797	83.0304	4.21494e-06	1.05134
0.0020864	78.8501	4.21494e-06	1.01314
0.00209483	76.2644	4.21494e-06	0.988333
0.00210326	73.1627	4.21494e-06	0.938668
0.00211169	70.5998	4.21494e-06	0.934571
0.00212012	67.9136	4.21494e-06	0.881715
0.00212855	64.3076	4.21494e-06	0.893679
0.00213698	60.9785	4.21494e-06	0.873711
0.00214541	57.1759	4.21494e-06	0.810904
0.00215384	56.0946	4.21494e-06	0.792699
0.00216227	54.1945	4.21494e-06	0.780721
0.0021707	52.7015	4.21494e-06	0.774335
0.00217913	49.4016	4.21494e-06	0.742387
0.00218756	47.9175	4.21494e-06	0.742555
0.00219599	46.4195	4.21494e-06	0.722182
0.00220442	42.6499	4.21494e-06	0.683075
0.00221285	41.4752	4.21494e-06	0.674497
0.00222127	39.7588	4.21494e-06	0.660043
0.0022297	36.5451	4.21494e-06	0.634648
0.00223813	34.6685	4.21494e-06	0.613946
0.00224656	34.7883	4.21494e-06	0.611698
0.00225499	31.917	4.21494e-06	0.589343
0.00226342	30.497	4.21494e-06	0.565788
0.00227185	29.456	4.21494e-06	0.556387
0.00228028	27.482	4.21494e-06	0.536363
0.00228871	25.5928	4.21494e-06	0.516786
0.00229714	25.0665	4.21494e-06	0.50993
0.00230557	23.9718	4.21494e-06	0.498756
0.002314	22.7006	4.21494e-06	0.49409
0.00232243	21.7224	4.21494e-06	0.47116
0.00233086	19.9565	4.21494e-06	0.451273
0.00233929	19.202	4.21494e-06	0.444385
0.00234772	18.3652	4.21494e-06	0.432121
0.00235615	16.1189	4.21494e-06	0.406245
0.00236458	15.2538	4.21494e-06	0.390728
0.00237301	14.9764	4.21494e-06	0.38583
0.00238144	14.1376	4.21494e-06	0.374617
0.00238987	12.892	4.21494e-06	0.358189
0.0023983	11.6445	4.21494e-06	0.338708
0.00240673	11.0735	4.21494e-06	0.330871
0.00241516	10.4644	4.21494e-06	0.321099
0.00242359	10.126	4.21494e-06	0.313507
0.00243202	8.84502	4.21494e-06	0.292559
0.00244045	8.46835	4.21494e-06	0.28554
0.00244888	7.50198	4.21494e-06	0.266591
0.00245731	6.95914	4.21494e-06	0.262703
0.00246574	6.17989	4.21494e-06	0.241495
0.00247417	5.83697	4.21494e-06	0.236778
0.0024826	4.82817	4.21494e-06	0.213042
0.00249103	4.39665	4.21494e-06	0.200955
0.00249946	4.0154	4.21494e-06	0.192775
0.00250789	3.40343	4.21494e-06	0.177681
0.00251632	2.80595	4.21494e-06	0.159888
0.00252475	2.52818	4.21494e-06	0.151387
0.00253318	2.36681	4.21494e-06	0.146636
0.00254161	1.77475	4.21494e-06	0.126976
0.00255004	1.24468	4.21494e-06	0.105503
0.00255847	1.22025	4.21494e-06	0.104505
0.0025669	0.676509	4.21494e-06	0.0777224
0.00257533	0.254925	4.21494e-06	0.0473723
0.00258376	0	4.21494e-06	0
