4.21494e-06	0.0558188	4.21494e-06	0.0449057
1.26448e-05	0.285536	4.21494e-06	0.0628463
2.10747e-05	0.936775	4.21494e-06	0.131508
2.95046e-05	1.4496	4.21494e-06	0.147342
3.79345e-05	2.86819	4.21494e-06	0.461453
4.63644e-05	3.82945	4.21494e-06	0.296905
5.47943e-05	5.4831	4.21494e-06	0.429133
6.32241e-05	7.07667	4.21494e-06	0.51185
7.1654e-05	10.4589	4.21494e-06	0.940351
8.00839e-05	12.5205	4.21494e-06	0.698933
8.85138e-05	15.003	4.21494e-06	0.667418
9.69437e-05	18.0749	4.21494e-06	0.832538
0.000105374	20.173	4.21494e-06	0.740056
0.000113803	23.602	4.21494e-06	0.890054
0.000122233	30.19	4.21494e-06	2.65169
0.000130663	32.3735	4.21494e-06	1.14295
0.000139093	35.3019	4.21494e-06	1.00101
0.000147523	38.9658	4.21494e-06	1.1052
0.000155953	45.7928	4.21494e-06	1.42159
0.000164383	52.2358	4.21494e-06	1.42832
0.000172813	54.7124	4.21494e-06	1.52836
0.000181243	59.5189	4.21494e-06	1.36295
0.000189672	65.2139	4.21494e-06	1.47005
0.000198102	74.3645	4.21494e-06	2.18612
0.000206532	78.9677	4.21494e-06	1.85046
0.000214962	82.9313	4.21494e-06	1.58718
0.000223392	98.8817	4.21494e-06	6.63622
0.000231822	102.36	4.21494e-06	4.0382
0.000240252	105.442	4.21494e-06	2.1424
0.000248682	115.053	4.21494e-06	2.28717
0.000257112	117.95	4.21494e-06	1.9209
0.000265541	126.789	4.21494e-06	1.96276
0.000273971	135.41	4.21494e-06	1.91145
0.000282401	146.477	4.21494e-06	2.30781
0.000290831	156.436	4.21494e-06	2.36332
0.000299261	159.109	4.21494e-06	2.46432
0.000307691	168.303	4.21494e-06	2.34366
0.000316121	179.873	4.21494e-06	2.50611
0.000324551	188.886	4.21494e-06	2.48635
0.00033298	199.809	4.21494e-06	2.75294
0.00034141	208.874	4.21494e-06	2.97938
0.00034984	212.048	4.21494e-06	2.53129
0.00035827	231.479	4.21494e-06	2.99926
0.0003667	236.83	4.21494e-06	3.09556
0.00037513	255.202	4.21494e-06	5.14594
0.00038356	258.288	4.21494e-06	3.07048
0.00039199	270.584	4.21494e-06	3.03017
0.00040042	278.077	4.21494e-06	3.22144
0.000408849	284.298	4.21494e-06	2.86194
0.000417279	296.202	4.21494e-06	3.39043
0.000425709	308.086	4.21494e-06	3.1508
0.000434139	324.993	4.21494e-06	3.59544
0.000442569	332.331	4.21494e-06	3.188
0.000450999	343.858	4.21494e-06	3.29638
0.000459429	356.24	4.21494e-06	3.6037
0.000467859	366.409	4.21494e-06	3.44794
0.000476289	391.647	4.21494e-06	5.72534
0.000484718	386.956	4.21494e-06	3.88337
0.000493148	404.033	4.21494e-06	4.05555
0.000501578	415.368	4.21494e-06	3.92379
0.000510008	429.127	4.21494e-06	4.06498
0.000518438	439.683	4.21494e-06	4.49919
0.000526868	448.285	4.21494e-06	5.37005
0.000535298	465.604	4.21494e-06	4.60305
0.000543728	472.622	4.21494e-06	3.94014
0.000552158	488.523	4.21494e-06	3.89716
0.000560587	499.322	4.21494e-06	4.3356
0.000569017	512.681	4.21494e-06	4.19301
0.000577447	518.007	4.21494e-06	3.86112
0.000585877	526.798	4.21494e-06	3.99222
0.000594307	540.189	4.21494e-06	4.98086
0.000602737	556.292	4.21494e-06	4.95859
0.000611167	569.165	4.21494e-06	4.80535
0.000619597	578.643	4.21494e-06	4.5118
0.000628026	589.834	4.21494e-06	4.48053
0.000636456	608.103	4.21494e-06	4.80581
0.000644886	619.747	4.21494e-06	11.6206
0.000653316	622.716	4.21494e-06	4.22544
0.000661746	633.875	4.21494e-06	4.12515
0.000670176	646.237	4.21494e-06	4.22929
0.000678606	657.757	4.21494e-06	4.79401
0.000687036	672.955	4.21494e-06	4.71322
0.000695466	678.463	4.21494e-06	5.01965
0.000703895	695.673	4.21494e-06	5.05802
0.000712325	708.393	4.21494e-06	6.44074
0.000720755	720.521	4.21494e-06	7.78426
0.000729185	714.311	4.21494e-06	4.76496
0.000737615	729.207	4.21494e-06	5.82938
0.000746045	733.987	4.21494e-06	4.47929
0.000754475	740.609	4.21494e-06	4.75504
0.000762905	754.73	4.21494e-06	4.4189
0.000771335	775.233	4.21494e-06	4.97565
0.000779764	776.595	4.21494e-06	5.30834
0.000788194	787.993	4.21494e-06	5.27568
0.000796624	783.338	4.21494e-06	4.38505
0.000805054	799.948	4.21494e-06	5.72743
0.000813484	799.077	4.21494e-06	4.35416
0.000821914	826.144	4.21494e-06	7.6809
0.000830344	815.576	4.21494e-06	4.47406
0.000838774	832.714	4.21494e-06	6.7656
0.000847204	827.497	4.21494e-06	4.69427
0.000855633	844.428	4.21494e-06	5.22451
0.000864063	859.837	4.21494e-06	5.85095
0.000872493	859.713	4.21494e-06	5.46763
0.000880923	862.771	4.21494e-06	4.97192
0.000889353	860.413	4.21494e-06	4.82662
0.000897783	867.137	4.21494e-06	4.59436
0.000906213	873.414	4.21494e-06	4.81612
0.000914643	887.412	4.21494e-06	5.67271
0.000923072	887.948	4.21494e-06	5.6224
0.000931502	877.004	4.21494e-06	4.60955
0.000939932	885.519	4.21494e-06	4.58981
0.000948362	900.758	4.21494e-06	5.63625
0.000956792	896.233	4.21494e-06	5.0294
0.000965222	903.976	4.21494e-06	4.78285
0.000973652	908.182	4.21494e-06	5.17321
0.000982082	907.664	4.21494e-06	5.32825
0.000990512	921.616	4.21494e-06	8.23392
0.000998941	910.776	4.21494e-06	5.1241
0.00100737	909.049	4.21494e-06	4.5729
0.0010158	908.876	4.21494e-06	4.69284
0.00102423	910.789	4.21494e-06	4.85396
0.00103266	913.773	4.21494e-06	4.82181
0.00104109	914.923	4.21494e-06	5.09843
0.00104952	911.831	4.21494e-06	4.80447
0.00105795	909.292	4.21494e-06	4.62024
0.00106638	906.538	4.21494e-06	4.91865
0.00107481	902.54	4.21494e-06	4.5739
0.00108324	912.364	4.21494e-06	4.84127
0.00109167	902.957	4.21494e-06	5.7654
0.0011001	903.34	4.21494e-06	4.62536
0.00110853	896.95	4.21494e-06	4.91401
0.00111696	905.349	4.21494e-06	6.97367
0.00112539	893.339	4.21494e-06	4.46091
0.00113382	889.515	4.21494e-06	4.87496
0.00114225	888.115	4.21494e-06	5.10489
0.00115068	894.249	4.21494e-06	5.91592
0.00115911	884.376	4.21494e-06	4.92967
0.00116754	869.07	4.21494e-06	4.6783
0.00117597	862.22	4.21494e-06	4.35773
0.0011844	864.931	4.21494e-06	4.32214
0.00119283	857.707	4.21494e-06	4.32024
0.00120126	858.296	4.21494e-06	4.65694
0.00120969	854.2	4.21494e-06	4.3412
0.00121812	849.912	4.21494e-06	5.0994
0.00122655	835.003	4.21494e-06	4.39611
0.00123498	828.523	4.21494e-06	4.27056
0.00124341	838.218	4.21494e-06	5.18538
0.00125184	812.967	4.21494e-06	4.22934
0.00126027	813.001	4.21494e-06	5.31411
0.0012687	803.681	4.21494e-06	4.71209
0.00127713	796.773	4.21494e-06	4.39147
0.00128556	781.865	4.21494e-06	3.91269
0.00129399	772.955	4.21494e-06	3.84043
0.00130242	773.694	4.21494e-06	4.11202
0.00131085	770.499	4.21494e-06	4.74768
0.00131928	749.625	4.21494e-06	3.75994
0.00132771	744.308	4.21494e-06	3.96709
0.00133614	734.188	4.21494e-06	3.8523
0.00134457	729.737	4.21494e-06	4.32808
0.001353	716.626	4.21494e-06	3.97507
0.00136143	706.564	4.21494e-06	4.07729
0.00136986	696.032	4.21494e-06	3.53006
0.00137829	700.304	4.21494e-06	3.80713
0.00138672	689.784	4.21494e-06	3.75246
0.00139515	670.688	4.21494e-06	3.69675
0.00140358	676.004	4.21494e-06	10.9738
0.00141201	658.045	4.21494e-06	4.36957
0.00142044	643.398	4.21494e-06	3.43568
0.00142887	639.907	4.21494e-06	3.51096
0.0014373	628.385	4.21494e-06	3.29417
0.00144573	625.975	4.21494e-06	5.4227
0.00145416	605.921	4.21494e-06	3.43927
0.00146259	599.761	4.21494e-06	3.42289
0.00147102	591.589	4.21494e-06	3.99296
0.00147944	586.73	4.21494e-06	5.23253
0.00148787	569.624	4.21494e-06	3.13883
0.0014963	566.865	4.21494e-06	3.35746
0.00150473	547.867	4.21494e-06	2.94131
0.00151316	534.868	4.21494e-06	2.9593
0.00152159	528.529	4.21494e-06	3.102
0.00153002	520.686	4.21494e-06	3.41757
0.00153845	512.398	4.21494e-06	2.93402
0.00154688	504.031	4.21494e-06	3.7214
0.00155531	490.191	4.21494e-06	3.30699
0.00156374	483.142	4.21494e-06	2.93653
0.00157217	479.921	4.21494e-06	3.07587
0.0015806	463.75	4.21494e-06	3.01573
0.00158903	455.433	4.21494e-06	3.39669
0.00159746	453.202	4.21494e-06	3.10081
0.00160589	437.063	4.21494e-06	3.00852
0.00161432	424.679	4.21494e-06	2.70905
0.00162275	415.093	4.21494e-06	2.73076
0.00163118	405.616	4.21494e-06	2.70414
0.00163961	409.465	4.21494e-06	7.10086
0.00164804	389.928	4.21494e-06	4.05173
0.00165647	380.591	4.21494e-06	3.15789
0.0016649	373.43	4.21494e-06	2.53162
0.00167333	364.546	4.21494e-06	2.47439
0.00168176	356.317	4.21494e-06	2.72312
0.00169019	349.829	4.21494e-06	5.15566
0.00169862	339.28	4.21494e-06	2.53833
0.00170705	331.624	4.21494e-06	2.21058
0.00171548	327.558	4.21494e-06	2.72536
0.00172391	317.013	4.21494e-06	2.39641
0.00173234	301.747	4.21494e-06	2.13955
0.00174077	295.353	4.21494e-06	2.14232
0.0017492	292.338	4.21494e-06	2.1824
0.00175763	286.156	4.21494e-06	2.8008
0.00176606	277.703	4.21494e-06	2.1287
0.00177449	266.829	4.21494e-06	2.04808
0.00178292	260.626	4.21494e-06	2.18691
0.00179135	256.898	4.21494e-06	2.28452
0.00179978	245.327	4.21494e-06	1.94376
0.00180821	245.012	4.21494e-06	5.39157
0.00181664	233.474	4.21494e-06	1.84153
0.00182507	227.115	4.21494e-06	2.13309
0.0018335	220.046	4.21494e-06	2.72956
0.00184193	213.331	4.21494e-06	1.70512
0.00185036	206.978	4.21494e-06	1.80408
0.00185879	199.746	4.21494e-06	1.66469
0.00186722	194.922	4.21494e-06	1.63498
0.00187565	191.081	4.21494e-06	2.03563
0.00188408	185.954	4.21494e-06	1.9006
0.00189251	177.82	4.21494e-06	1.539
0.00190094	168.59	4.21494e-06	1.47417
0.00190937	163.738	4.21494e-06	1.48273
0.0019178	159.649	4.21494e-06	1.47507
0.00192623	157.161	4.21494e-06	1.82847
0.00193466	150.032	4.21494e-06	1.43725
0.00194309	147.077	4.21494e-06	1.43915
0.00195152	138.308	4.21494e-06	1.31387
0.00195995	138.168	4.21494e-06	1.4871
0.00196838	128.658	4.21494e-06	1.29393
0.00197681	128.612	4.21494e-06	1.58447
0.00198524	123.295	4.21494e-06	1.28991
0.00199367	120.123	4.21494e-06	1.49892
0.0020021	114.667	4.21494e-06	1.26378
0.00201053	110.021	4.21494e-06	1.22318
0.00201896	109.472	4.21494e-06	1.22362
0.00202739	102.25	4.21494e-06	1.10444
0.00203582	98.1304	4.21494e-06	1.10907
0.00204425	97.5703	4.21494e-06	1.13333
0.00205268	92.3995	4.21494e-06	1.07423
0.00206111	89.5221	4.21494e-06	1.17233
0.00206954	83.9762	4.21494e-06	0.983694
0.00207797	82.3507	4.21494e-06	0.981133
0.0020864	78.6647	4.21494e-06	0.987394
0.00209483	77.6657	4.21494e-06	0.963915
0.00210326	73.1782	4.21494e-06	0.913664
0.00211169	70.9916	4.21494e-06	0.921444
0.00212012	67.0386	4.21494e-06	0.886671
0.00212855	64.8264	4.21494e-06	0.85838
0.00213698	61.2773	4.21494e-06	0.842483
0.00214541	60.4613	4.21494e-06	0.827271
0.00215384	55.9571	4.21494e-06	0.791615
0.00216227	54.4985	4.21494e-06	0.78989
0.0021707	52.1599	4.21494e-06	0.7583
0.00217913	50.0145	4.21494e-06	0.740013
0.00218756	47.2265	4.21494e-06	0.719977
0.00219599	43.9592	4.21494e-06	0.685419
0.00220442	42.4403	4.21494e-06	0.683506
0.00221285	40.5249	4.21494e-06	0.658035
0.00222127	38.7946	4.21494e-06	0.647902
0.0022297	38.6088	4.21494e-06	0.641683
0.00223813	35.7956	4.21494e-06	0.616116
0.00224656	34.4878	4.21494e-06	0.603055
0.00225499	31.4514	4.21494e-06	0.571769
0.00226342	29.6951	4.21494e-06	0.556664
0.00227185	29.3342	4.21494e-06	0.555268
0.00228028	27.7007	4.21494e-06	0.537219
0.00228871	26.2912	4.21494e-06	0.518411
0.00229714	25.344	4.21494e-06	0.514279
0.00230557	23.6016	4.21494e-06	0.490559
0.002314	22.2964	4.21494e-06	0.47425
0.00232243	21.1508	4.21494e-06	0.461971
0.00233086	20.3432	4.21494e-06	0.450955
0.00233929	18.8039	4.21494e-06	0.433733
0.00234772	17.6236	4.21494e-06	0.417473
0.00235615	16.0883	4.21494e-06	0.399782
0.00236458	15.7864	4.21494e-06	0.393267
0.00237301	14.7501	4.21494e-06	0.381564
0.00238144	14.0121	4.21494e-06	0.369808
0.00238987	12.8161	4.21494e-06	0.353055
0.0023983	12.1324	4.21494e-06	0.341809
0.00240673	10.3623	4.21494e-06	0.316402
0.00241516	10.3824	4.21494e-06	0.314617
0.00242359	9.58811	4.21494e-06	0.302168
0.00243202	8.62676	4.21494e-06	0.286287
0.00244045	8.34305	4.21494e-06	0.282321
0.00244888	6.99922	4.21494e-06	0.257207
0.00245731	6.80061	4.21494e-06	0.252791
0.00246574	5.81965	4.21494e-06	0.232587
0.00247417	5.48918	4.21494e-06	0.225422
0.0024826	5.01927	4.21494e-06	0.215191
0.00249103	4.5932	4.21494e-06	0.204551
0.00249946	3.87676	4.21494e-06	0.18789
0.00250789	3.29499	4.21494e-06	0.172565
0.00251632	2.90712	4.21494e-06	0.161544
0.00252475	2.3619	4.21494e-06	0.146915
0.00253318	2.14917	4.21494e-06	0.138709
0.00254161	1.82295	4.21494e-06	0.127764
0.00255004	1.4297	4.21494e-06	0.111966
0.00255847	0.800937	4.21494e-06	0.0841544
0.0025669	0.786947	4.21494e-06	0.0830614
0.00257533	0.34661	4.21494e-06	0.0548341
0.00258376	0.00883822	4.21494e-06	0.00883822
