4.21494e-06	0.0199371	4.21494e-06	0.0117428
1.26448e-05	0.252444	4.21494e-06	0.0555588
2.10747e-05	0.908392	4.21494e-06	0.184549
2.95046e-05	1.68681	4.21494e-06	0.152104
3.79345e-05	3.03344	4.21494e-06	0.236905
4.63644e-05	3.72753	4.21494e-06	0.234794
5.47943e-05	6.27096	4.21494e-06	0.49106
6.32241e-05	6.952	4.21494e-06	0.327003
7.1654e-05	10.4866	4.21494e-06	0.518962
8.00839e-05	13.1985	4.21494e-06	0.569557
8.85138e-05	15.9897	4.21494e-06	0.982369
9.69437e-05	17.4425	4.21494e-06	0.778798
0.000105374	21.33	4.21494e-06	0.676779
0.000113803	25.0115	4.21494e-06	0.693968
0.000122233	28.1288	4.21494e-06	0.748258
0.000130663	31.8443	4.21494e-06	0.956238
0.000139093	35.889	4.21494e-06	0.916131
0.000147523	41.189	4.21494e-06	1.09661
0.000155953	48.0621	4.21494e-06	1.11269
0.000164383	52.0269	4.21494e-06	1.23785
0.000172813	54.8118	4.21494e-06	1.11786
0.000181243	59.0962	4.21494e-06	1.10408
0.000189672	67.9953	4.21494e-06	1.88482
0.000198102	76.506	4.21494e-06	1.92363
0.000206532	82.0229	4.21494e-06	1.53433
0.000214962	87.964	4.21494e-06	1.67901
0.000223392	93.3942	4.21494e-06	1.48493
0.000231822	101.335	4.21494e-06	1.60995
0.000240252	107.672	4.21494e-06	1.63188
0.000248682	116.094	4.21494e-06	1.95502
0.000257112	119.869	4.21494e-06	1.77039
0.000265541	129.446	4.21494e-06	1.90438
0.000273971	137.188	4.21494e-06	1.83824
0.000282401	145.201	4.21494e-06	1.87442
0.000290831	156.461	4.21494e-06	2.38539
0.000299261	164.9	4.21494e-06	2.73658
0.000307691	177.406	4.21494e-06	2.28281
0.000316121	184.731	4.21494e-06	2.5911
0.000324551	191.235	4.21494e-06	2.18477
0.00033298	203.787	4.21494e-06	3.24659
0.00034141	213.204	4.21494e-06	3.06652
0.00034984	218.873	4.21494e-06	2.71234
0.00035827	240.247	4.21494e-06	4.64722
0.0003667	241.641	4.21494e-06	3.10186
0.00037513	254.795	4.21494e-06	3.39259
0.00038356	263.859	4.21494e-06	3.36889
0.00039199	271.228	4.21494e-06	4.09677
0.00040042	280.789	4.21494e-06	2.93387
0.000408849	293.693	4.21494e-06	3.213
0.000417279	304.109	4.21494e-06	2.8492
0.000425709	316.563	4.21494e-06	3.14287
0.000434139	335.176	4.21494e-06	6.21537
0.000442569	339.728	4.21494e-06	3.54346
0.000450999	347.188	4.21494e-06	3.18886
0.000459429	360.235	4.21494e-06	3.25255
0.000467859	371.628	4.21494e-06	3.37539
0.000476289	378.961	4.21494e-06	3.1506
0.000484718	396.291	4.21494e-06	4.10297
0.000493148	417.789	4.21494e-06	6.34793
0.000501578	417.526	4.21494e-06	3.47177
0.000510008	435.746	4.21494e-06	3.98293
0.000518438	442.403	4.21494e-06	3.79704
0.000526868	455.512	4.21494e-06	4.1643
0.000535298	468.421	4.21494e-06	4.47634
0.000543728	481.654	4.21494e-06	4.09425
0.000552158	487.313	4.21494e-06	3.90847
0.000560587	497.693	4.21494e-06	3.86015
0.000569017	520.277	4.21494e-06	4.74074
0.000577447	521.761	4.21494e-06	4.44928
0.000585877	534.872	4.21494e-06	4.00873
0.000594307	545.466	4.21494e-06	4.29952
0.000602737	556.406	4.21494e-06	4.73373
0.000611167	574.047	4.21494e-06	5.1427
0.000619597	586.741	4.21494e-06	4.7461
0.000628026	587.178	4.21494e-06	5.17814
0.000636456	606.217	4.21494e-06	4.79318
0.000644886	614.242	4.21494e-06	4.71872
0.000653316	630.416	4.21494e-06	4.76209
0.000661746	637.381	4.21494e-06	5.34711
0.000670176	649.333	4.21494e-06	4.75218
0.000678606	659.793	4.21494e-06	4.61597
0.000687036	673.752	4.21494e-06	5.65482
0.000695466	683.009	4.21494e-06	4.72005
0.000703895	689.456	4.21494e-06	5.30543
0.000712325	715.932	4.21494e-06	10.4723
0.000720755	707.044	4.21494e-06	4.58716
0.000729185	734.589	4.21494e-06	6.91534
0.000737615	724.366	4.21494e-06	4.94974
0.000746045	724.878	4.21494e-06	4.5473
0.000754475	753.291	4.21494e-06	5.12837
0.000762905	766.343	4.21494e-06	5.98676
0.000771335	761.803	4.21494e-06	5.18637
0.000779764	777.882	4.21494e-06	5.73721
0.000788194	779.085	4.21494e-06	4.9711
0.000796624	789.046	4.21494e-06	5.61661
0.000805054	795.245	4.21494e-06	5.60627
0.000813484	804.841	4.21494e-06	7.35252
0.000821914	829.232	4.21494e-06	9.27991
0.000830344	823.376	4.21494e-06	5.27251
0.000838774	833.015	4.21494e-06	6.9393
0.000847204	835.507	4.21494e-06	6.59493
0.000855633	827.934	4.21494e-06	4.78275
0.000864063	838.584	4.21494e-06	5.17229
0.000872493	849.503	4.21494e-06	5.26042
0.000880923	860.183	4.21494e-06	6.06564
0.000889353	862.766	4.21494e-06	5.45146
0.000897783	874.776	4.21494e-06	5.84522
0.000906213	869.72	4.21494e-06	5.13237
0.000914643	882.042	4.21494e-06	5.38186
0.000923072	894.475	4.21494e-06	5.94777
0.000931502	887.842	4.21494e-06	5.90439
0.000939932	890.203	4.21494e-06	5.35442
0.000948362	891.898	4.21494e-06	5.26163
0.000956792	896.134	4.21494e-06	5.52541
0.000965222	887.07	4.21494e-06	5.23104
0.000973652	911.186	4.21494e-06	6.34807
0.000982082	900.396	4.21494e-06	6.15307
0.000990512	907.366	4.21494e-06	6.35787
0.000998941	905.666	4.21494e-06	5.44813
0.00100737	903.968	4.21494e-06	6.2369
0.0010158	905.923	4.21494e-06	5.33839
0.00102423	903.517	4.21494e-06	5.62667
0.00103266	909.559	4.21494e-06	5.61429
0.00104109	912.295	4.21494e-06	6.20012
0.00104952	920.043	4.21494e-06	7.95335
0.00105795	909.21	4.21494e-06	5.82375
0.00106638	916.454	4.21494e-06	7.13067
0.00107481	911.624	4.21494e-06	5.8349
0.00108324	897.884	4.21494e-06	6.11591
0.00109167	899.475	4.21494e-06	5.37063
0.0011001	898.642	4.21494e-06	6.16176
0.00110853	917.439	4.21494e-06	7.01642
0.00111696	898.684	4.21494e-06	5.56483
0.00112539	887.997	4.21494e-06	5.53258
0.00113382	877.257	4.21494e-06	5.27293
0.00114225	876.774	4.21494e-06	5.09848
0.00115068	883.016	4.21494e-06	6.38132
0.00115911	865.615	4.21494e-06	5.24859
0.00116754	880.084	4.21494e-06	6.13626
0.00117597	854.294	4.21494e-06	5.17981
0.0011844	863.053	4.21494e-06	7.40281
0.00119283	848.394	4.21494e-06	4.96463
0.00120126	847.316	4.21494e-06	5.21517
0.00120969	849.994	4.21494e-06	5.9707
0.00121812	861.91	4.21494e-06	14.1149
0.00122655	824.956	4.21494e-06	5.64919
0.00123498	832.199	4.21494e-06	11.0875
0.00124341	818.359	4.21494e-06	5.88248
0.00125184	821.304	4.21494e-06	7.04409
0.00126027	805.408	4.21494e-06	5.15384
0.0012687	791.296	4.21494e-06	5.0917
0.00127713	789.686	4.21494e-06	6.35009
0.00128556	787.119	4.21494e-06	5.6052
0.00129399	776.294	4.21494e-06	5.55488
0.00130242	771.018	4.21494e-06	5.6226
0.00131085	751.911	4.21494e-06	4.8834
0.00131928	753.025	4.21494e-06	5.10159
0.00132771	731.865	4.21494e-06	6.02997
0.00133614	729.998	4.21494e-06	5.15903
0.00134457	727.633	4.21494e-06	5.73187
0.001353	714.8	4.21494e-06	4.95363
0.00136143	719.822	4.21494e-06	7.94922
0.00136986	716.808	4.21494e-06	8.62027
0.00137829	681.727	4.21494e-06	4.62935
0.00138672	673.464	4.21494e-06	4.66576
0.00139515	667.7	4.21494e-06	5.31421
0.00140358	664.548	4.21494e-06	6.03305
0.00141201	653.163	4.21494e-06	6.33992
0.00142044	646.14	4.21494e-06	4.56392
0.00142887	632.97	4.21494e-06	4.36823
0.0014373	647.253	4.21494e-06	10.4839
0.00144573	620.569	4.21494e-06	5.22787
0.00145416	602.92	4.21494e-06	4.35925
0.00146259	596.702	4.21494e-06	4.74975
0.00147102	585.781	4.21494e-06	4.60679
0.00147944	577.123	4.21494e-06	4.4986
0.00148787	577.91	4.21494e-06	5.16961
0.0014963	551.936	4.21494e-06	4.1314
0.00150473	550.278	4.21494e-06	4.40354
0.00151316	545.045	4.21494e-06	4.7452
0.00152159	521.813	4.21494e-06	3.78068
0.00153002	516.793	4.21494e-06	4.32287
0.00153845	511.877	4.21494e-06	4.64529
0.00154688	496.991	4.21494e-06	4.48261
0.00155531	494.582	4.21494e-06	4.70592
0.00156374	493.233	4.21494e-06	9.8169
0.00157217	484.918	4.21494e-06	9.0385
0.0015806	462.912	4.21494e-06	4.10239
0.00158903	452.708	4.21494e-06	3.85547
0.00159746	451.065	4.21494e-06	5.30311
0.00160589	436.321	4.21494e-06	4.27401
0.00161432	424.572	4.21494e-06	3.78291
0.00162275	410.057	4.21494e-06	3.49247
0.00163118	417.953	4.21494e-06	4.28278
0.00163961	403.065	4.21494e-06	5.92008
0.00164804	391.09	4.21494e-06	3.72125
0.00165647	382.965	4.21494e-06	3.98438
0.0016649	365.967	4.21494e-06	3.12493
0.00167333	359.985	4.21494e-06	3.34665
0.00168176	358.765	4.21494e-06	4.93144
0.00169019	341.127	4.21494e-06	3.30453
0.00169862	341.928	4.21494e-06	3.5541
0.00170705	333.441	4.21494e-06	3.30247
0.00171548	321.888	4.21494e-06	3.24939
0.00172391	310.389	4.21494e-06	3.11106
0.00173234	314.325	4.21494e-06	6.85309
0.00174077	294.36	4.21494e-06	3.11355
0.0017492	293.328	4.21494e-06	3.95884
0.00175763	281.868	4.21494e-06	3.00664
0.00176606	276.134	4.21494e-06	3.02361
0.00177449	274.001	4.21494e-06	3.68522
0.00178292	260.925	4.21494e-06	2.9621
0.00179135	255.33	4.21494e-06	3.47501
0.00179978	250.891	4.21494e-06	2.86855
0.00180821	236.799	4.21494e-06	2.55806
0.00181664	229.914	4.21494e-06	2.68804
0.00182507	228.436	4.21494e-06	2.66091
0.0018335	219.126	4.21494e-06	3.17342
0.00184193	212.844	4.21494e-06	3.10371
0.00185036	210.569	4.21494e-06	3.14059
0.00185879	207.046	4.21494e-06	2.61976
0.00186722	192.972	4.21494e-06	2.29381
0.00187565	197.569	4.21494e-06	4.87784
0.00188408	185.65	4.21494e-06	2.47309
0.00189251	180.351	4.21494e-06	2.89802
0.00190094	171.079	4.21494e-06	2.48625
0.00190937	167.861	4.21494e-06	2.60009
0.0019178	163.905	4.21494e-06	2.51886
0.00192623	155.85	4.21494e-06	2.14996
0.00193466	157.924	4.21494e-06	5.29108
0.00194309	147.237	4.21494e-06	2.1453
0.00195152	140.439	4.21494e-06	1.99615
0.00195995	135.869	4.21494e-06	2.18738
0.00196838	132.134	4.21494e-06	2.42213
0.00197681	129.149	4.21494e-06	2.42014
0.00198524	122.852	4.21494e-06	2.16563
0.00199367	120.572	4.21494e-06	2.00607
0.0020021	115.481	4.21494e-06	2.12118
0.00201053	112.973	4.21494e-06	3.87315
0.00201896	104.65	4.21494e-06	1.77963
0.00202739	108.825	4.21494e-06	2.77108
0.00203582	98.8468	4.21494e-06	1.99721
0.00204425	95.214	4.21494e-06	1.73208
0.00205268	91.4139	4.21494e-06	1.52098
0.00206111	89.6459	4.21494e-06	1.73236
0.00206954	83.0924	4.21494e-06	1.65258
0.00207797	81.0328	4.21494e-06	1.82391
0.0020864	76.3518	4.21494e-06	1.38717
0.00209483	73.2393	4.21494e-06	1.43912
0.00210326	73.2725	4.21494e-06	1.40597
0.00211169	67.2903	4.21494e-06	1.44517
0.00212012	67.5885	4.21494e-06	1.30935
0.00212855	61.1985	4.21494e-06	1.22041
0.00213698	63.4564	4.21494e-06	2.61967
0.00214541	57.4161	4.21494e-06	1.38306
0.00215384	53.3087	4.21494e-06	1.04184
0.00216227	55.1706	4.21494e-06	1.36838
0.0021707	49.5394	4.21494e-06	1.09493
0.00217913	47.9682	4.21494e-06	1.12649
0.00218756	48.896	4.21494e-06	1.65054
0.00219599	45.5344	4.21494e-06	1.33442
0.00220442	42.6759	4.21494e-06	1.04614
0.00221285	41.6548	4.21494e-06	1.07073
0.00222127	38.5183	4.21494e-06	1.32025
0.0022297	36.7936	4.21494e-06	1.11489
0.00223813	36.43	4.21494e-06	1.04632
0.00224656	34.4121	4.21494e-06	1.32865
0.00225499	32.0683	4.21494e-06	1.06613
0.00226342	30.2517	4.21494e-06	0.827959
0.00227185	27.4651	4.21494e-06	0.834467
0.00228028	25.9634	4.21494e-06	0.78902
0.00228871	27.9329	4.21494e-06	1.06499
0.00229714	26.8315	4.21494e-06	1.33617
0.00230557	22.9273	4.21494e-06	0.837835
0.002314	21.5912	4.21494e-06	1.0025
0.00232243	20.9966	4.21494e-06	0.692192
0.00233086	20.4384	4.21494e-06	1.18645
0.00233929	19.2365	4.21494e-06	0.879164
0.00234772	17.8004	4.21494e-06	0.860554
0.00235615	17.2857	4.21494e-06	1.00563
0.00236458	15.2288	4.21494e-06	0.66741
0.00237301	14.4559	4.21494e-06	0.602959
0.00238144	13.654	4.21494e-06	0.572253
0.00238987	13.3652	4.21494e-06	0.609945
0.0023983	12.1184	4.21494e-06	0.79434
0.00240673	10.8711	4.21494e-06	0.56776
0.00241516	11.2163	4.21494e-06	0.657642
0.00242359	8.52205	4.21494e-06	0.381709
0.00243202	9.09371	4.21494e-06	0.562028
0.00244045	8.11824	4.21494e-06	0.436393
0.00244888	6.86976	4.21494e-06	0.347563
0.00245731	6.40432	4.21494e-06	0.312443
0.00246574	7.26699	4.21494e-06	0.397585
0.00247417	5.4832	4.21494e-06	0.300911
0.0024826	5.30651	4.21494e-06	0.301287
0.00249103	4.95098	4.21494e-06	0.306005
0.00249946	4.22226	4.21494e-06	0.251696
0.00250789	3.13448	4.21494e-06	0.217601
0.00251632	3.13379	4.21494e-06	0.213744
0.00252475	2.60405	4.21494e-06	0.190991
0.00253318	2.15464	4.21494e-06	0.17396
0.00254161	1.7937	4.21494e-06	0.156955
0.00255004	1.63582	4.21494e-06	0.151431
0.00255847	1.19866	4.21494e-06	0.126425
0.0025669	0.562264	4.21494e-06	0.0813152
0.00257533	0.248296	4.21494e-06	0.0544772
0.00258376	0.0123033	4.21494e-06	0.0123033
