4.21494e-06	0.0732785	4.21494e-06	0.0290598
1.26448e-05	0.39969	4.21494e-06	0.0931118
2.10747e-05	0.968928	4.21494e-06	0.112717
2.95046e-05	1.43854	4.21494e-06	0.135297
3.79345e-05	3.11464	4.21494e-06	0.368895
4.63644e-05	3.71578	4.21494e-06	0.231908
5.47943e-05	6.02194	4.21494e-06	0.324575
6.32241e-05	6.8658	4.21494e-06	0.367962
7.1654e-05	8.9843	4.21494e-06	0.489021
8.00839e-05	11.9929	4.21494e-06	0.453156
8.85138e-05	13.6796	4.21494e-06	0.464388
9.69437e-05	17.0203	4.21494e-06	0.632625
0.000105374	20.4167	4.21494e-06	0.627798
0.000113803	22.6514	4.21494e-06	0.659371
0.000122233	28.6375	4.21494e-06	0.85606
0.000130663	31.7907	4.21494e-06	0.788107
0.000139093	35.0637	4.21494e-06	0.894493
0.000147523	41.4716	4.21494e-06	1.16383
0.000155953	44.1565	4.21494e-06	1.01009
0.000164383	47.7304	4.21494e-06	0.917456
0.000172813	58.1425	4.21494e-06	1.64694
0.000181243	57.1938	4.21494e-06	1.0131
0.000189672	69.1886	4.21494e-06	1.92615
0.000198102	71.4559	4.21494e-06	1.29231
0.000206532	76.6427	4.21494e-06	1.48953
0.000214962	81.6054	4.21494e-06	1.19137
0.000223392	92.1295	4.21494e-06	1.85225
0.000231822	111.618	4.21494e-06	8.26847
0.000240252	103.583	4.21494e-06	1.67426
0.000248682	114.253	4.21494e-06	2.05821
0.000257112	119.065	4.21494e-06	1.60268
0.000265541	126.943	4.21494e-06	1.60571
0.000273971	136.528	4.21494e-06	1.71888
0.000282401	146.968	4.21494e-06	1.99803
0.000290831	156.29	4.21494e-06	2.57654
0.000299261	161.459	4.21494e-06	2.61313
0.000307691	171.034	4.21494e-06	2.97759
0.000316121	175.111	4.21494e-06	1.93403
0.000324551	189.455	4.21494e-06	2.88486
0.00033298	200.04	4.21494e-06	3.20163
0.00034141	202.682	4.21494e-06	2.18732
0.00034984	216.813	4.21494e-06	2.58201
0.00035827	227.109	4.21494e-06	2.60053
0.0003667	234.924	4.21494e-06	2.466
0.00037513	250.251	4.21494e-06	3.0552
0.00038356	260.21	4.21494e-06	3.3556
0.00039199	265.666	4.21494e-06	3.03037
0.00040042	275.845	4.21494e-06	2.56513
0.000408849	286.552	4.21494e-06	3.13699
0.000417279	299.22	4.21494e-06	2.95431
0.000425709	304.459	4.21494e-06	2.64745
0.000434139	326.225	4.21494e-06	5.79754
0.000442569	332.436	4.21494e-06	3.77775
0.000450999	340.729	4.21494e-06	3.31109
0.000459429	355.251	4.21494e-06	3.83142
0.000467859	367.39	4.21494e-06	3.11096
0.000476289	381.11	4.21494e-06	4.07959
0.000484718	385.749	4.21494e-06	3.19726
0.000493148	402.292	4.21494e-06	4.62018
0.000501578	414.303	4.21494e-06	3.85515
0.000510008	418.174	4.21494e-06	3.36918
0.000518438	432.493	4.21494e-06	3.56854
0.000526868	445.036	4.21494e-06	3.34766
0.000535298	456.657	4.21494e-06	3.82464
0.000543728	471.706	4.21494e-06	4.16181
0.000552158	483.159	4.21494e-06	4.68348
0.000560587	484.859	4.21494e-06	3.88869
0.000569017	509.332	4.21494e-06	4.09997
0.000577447	513.881	4.21494e-06	4.32506
0.000585877	525.819	4.21494e-06	3.97279
0.000594307	538.318	4.21494e-06	4.0753
0.000602737	544.193	4.21494e-06	4.38483
0.000611167	572.98	4.21494e-06	5.92739
0.000619597	575.653	4.21494e-06	3.84041
0.000628026	585.267	4.21494e-06	4.41804
0.000636456	601.606	4.21494e-06	5.51718
0.000644886	603.954	4.21494e-06	4.80239
0.000653316	626.434	4.21494e-06	5.20566
0.000661746	631.994	4.21494e-06	4.1297
0.000670176	639.917	4.21494e-06	4.28238
0.000678606	658.696	4.21494e-06	5.64721
0.000687036	680.363	4.21494e-06	6.27643
0.000695466	674.601	4.21494e-06	5.03506
0.000703895	694.969	4.21494e-06	5.56041
0.000712325	704.274	4.21494e-06	7.3519
0.000720755	708.547	4.21494e-06	6.69981
0.000729185	716.177	4.21494e-06	7.18689
0.000737615	725.059	4.21494e-06	5.82564
0.000746045	734.429	4.21494e-06	5.06771
0.000754475	731.278	4.21494e-06	4.48158
0.000762905	752.153	4.21494e-06	5.96247
0.000771335	776.069	4.21494e-06	15.9011
0.000779764	766.276	4.21494e-06	4.98542
0.000788194	780.954	4.21494e-06	6.14173
0.000796624	801.909	4.21494e-06	7.78009
0.000805054	792.514	4.21494e-06	5.55071
0.000813484	798.628	4.21494e-06	5.48834
0.000821914	813.471	4.21494e-06	5.21838
0.000830344	814.443	4.21494e-06	5.93473
0.000838774	822.598	4.21494e-06	5.58806
0.000847204	834.709	4.21494e-06	5.33126
0.000855633	1592.7	4.21494e-06	531.362
0.000864063	835.919	4.21494e-06	5.19932
0.000872493	854.705	4.21494e-06	5.69465
0.000880923	859.515	4.21494e-06	10.1888
0.000889353	867.603	4.21494e-06	7.17659
0.000897783	863.984	4.21494e-06	5.52335
0.000906213	865.083	4.21494e-06	5.40804
0.000914643	870.654	4.21494e-06	5.15556
0.000923072	885.661	4.21494e-06	6.1552
0.000931502	888.038	4.21494e-06	6.26647
0.000939932	884.305	4.21494e-06	5.42066
0.000948362	896.924	4.21494e-06	6.12625
0.000956792	897.015	4.21494e-06	5.98673
0.000965222	890.582	4.21494e-06	5.35764
0.000973652	907.117	4.21494e-06	7.73647
0.000982082	899.829	4.21494e-06	6.13794
0.000990512	891.799	4.21494e-06	5.78583
0.000998941	890.133	4.21494e-06	5.61361
0.00100737	903.973	4.21494e-06	5.78959
0.0010158	912.059	4.21494e-06	6.05934
0.00102423	914.491	4.21494e-06	6.23689
0.00103266	899.828	4.21494e-06	5.23416
0.00104109	898.917	4.21494e-06	5.82069
0.00104952	899.362	4.21494e-06	5.67485
0.00105795	896.68	4.21494e-06	5.54855
0.00106638	905.293	4.21494e-06	5.79925
0.00107481	911.402	4.21494e-06	6.76745
0.00108324	894.988	4.21494e-06	5.68628
0.00109167	908.55	4.21494e-06	8.51916
0.0011001	894.513	4.21494e-06	5.79555
0.00110853	888.139	4.21494e-06	5.54948
0.00111696	889.647	4.21494e-06	5.65277
0.00112539	885.596	4.21494e-06	7.1126
0.00113382	881.393	4.21494e-06	7.43994
0.00114225	875.87	4.21494e-06	5.76749
0.00115068	872.516	4.21494e-06	6.7331
0.00115911	890.46	4.21494e-06	6.67639
0.00116754	877.185	4.21494e-06	6.16821
0.00117597	854.583	4.21494e-06	5.94551
0.0011844	874.485	4.21494e-06	10.4565
0.00119283	848.842	4.21494e-06	5.70792
0.00120126	857.082	4.21494e-06	6.73692
0.00120969	835.103	4.21494e-06	5.46734
0.00121812	838.762	4.21494e-06	5.44408
0.00122655	821.876	4.21494e-06	5.44924
0.00123498	829.553	4.21494e-06	5.95921
0.00124341	817.201	4.21494e-06	5.91537
0.00125184	812.354	4.21494e-06	8.85198
0.00126027	803.412	4.21494e-06	5.82984
0.0012687	792.703	4.21494e-06	5.8584
0.00127713	797.659	4.21494e-06	7.38644
0.00128556	784.087	4.21494e-06	5.44467
0.00129399	772.93	4.21494e-06	5.86064
0.00130242	770.245	4.21494e-06	7.08423
0.00131085	763.508	4.21494e-06	6.65322
0.00131928	759.483	4.21494e-06	7.95028
0.00132771	745.451	4.21494e-06	5.93727
0.00133614	724.686	4.21494e-06	5.05971
0.00134457	722.59	4.21494e-06	5.07909
0.001353	704.383	4.21494e-06	5.13145
0.00136143	715.727	4.21494e-06	5.97736
0.00136986	693.477	4.21494e-06	5.47907
0.00137829	691.405	4.21494e-06	5.44337
0.00138672	685.973	4.21494e-06	5.98138
0.00139515	667.62	4.21494e-06	5.37693
0.00140358	663.491	4.21494e-06	5.65152
0.00141201	646.661	4.21494e-06	4.93713
0.00142044	647.724	4.21494e-06	4.97149
0.00142887	640.061	4.21494e-06	5.35692
0.0014373	616.494	4.21494e-06	4.58342
0.00144573	618.384	4.21494e-06	6.15462
0.00145416	604.144	4.21494e-06	4.91163
0.00146259	592.688	4.21494e-06	5.05178
0.00147102	580.924	4.21494e-06	4.6928
0.00147944	575.397	4.21494e-06	4.50926
0.00148787	572.206	4.21494e-06	7.57504
0.0014963	552.835	4.21494e-06	4.76146
0.00150473	547.374	4.21494e-06	4.48289
0.00151316	537.136	4.21494e-06	4.54962
0.00152159	527.615	4.21494e-06	5.74908
0.00153002	529.564	4.21494e-06	10.4132
0.00153845	515.744	4.21494e-06	5.26997
0.00154688	497.256	4.21494e-06	4.51299
0.00155531	509.781	4.21494e-06	7.53111
0.00156374	474.591	4.21494e-06	4.11003
0.00157217	473.959	4.21494e-06	4.38118
0.0015806	453.148	4.21494e-06	4.26614
0.00158903	451.779	4.21494e-06	4.30855
0.00159746	442.154	4.21494e-06	4.58537
0.00160589	439.647	4.21494e-06	7.50257
0.00161432	422.267	4.21494e-06	4.16219
0.00162275	415.666	4.21494e-06	4.93011
0.00163118	403.525	4.21494e-06	4.20206
0.00163961	395.663	4.21494e-06	3.80783
0.00164804	382.643	4.21494e-06	3.71718
0.00165647	370.316	4.21494e-06	3.76657
0.0016649	375.531	4.21494e-06	5.16265
0.00167333	373.604	4.21494e-06	6.91211
0.00168176	353.554	4.21494e-06	3.85571
0.00169019	341.811	4.21494e-06	3.81546
0.00169862	337.832	4.21494e-06	3.694
0.00170705	328.902	4.21494e-06	3.77001
0.00171548	317.748	4.21494e-06	3.75432
0.00172391	311.292	4.21494e-06	3.64428
0.00173234	314.727	4.21494e-06	4.48923
0.00174077	292.987	4.21494e-06	3.77293
0.0017492	286.543	4.21494e-06	3.1387
0.00175763	282.076	4.21494e-06	4.05366
0.00176606	266.962	4.21494e-06	3.61037
0.00177449	263.549	4.21494e-06	3.28666
0.00178292	267.725	4.21494e-06	5.5462
0.00179135	250.834	4.21494e-06	3.04704
0.00179978	242.141	4.21494e-06	3.12841
0.00180821	246.857	4.21494e-06	4.19132
0.00181664	232.344	4.21494e-06	2.98085
0.00182507	222.361	4.21494e-06	2.63519
0.0018335	214.551	4.21494e-06	2.8672
0.00184193	213.271	4.21494e-06	3.20291
0.00185036	214.739	4.21494e-06	5.46537
0.00185879	197.415	4.21494e-06	2.8727
0.00186722	190.52	4.21494e-06	2.55413
0.00187565	191.016	4.21494e-06	2.64896
0.00188408	185.184	4.21494e-06	2.76109
0.00189251	179.118	4.21494e-06	3.27037
0.00190094	167.82	4.21494e-06	2.72073
0.00190937	168.783	4.21494e-06	2.74768
0.0019178	158.562	4.21494e-06	2.51982
0.00192623	157.886	4.21494e-06	2.60528
0.00193466	147.119	4.21494e-06	2.4257
0.00194309	147.088	4.21494e-06	2.45266
0.00195152	135.865	4.21494e-06	2.03998
0.00195995	136.582	4.21494e-06	2.25967
0.00196838	128.898	4.21494e-06	2.1324
0.00197681	130.085	4.21494e-06	2.95069
0.00198524	121.644	4.21494e-06	2.31982
0.00199367	118.416	4.21494e-06	2.29507
0.0020021	119.639	4.21494e-06	2.60524
0.00201053	113.921	4.21494e-06	2.28733
0.00201896	109.837	4.21494e-06	2.47689
0.00202739	104.444	4.21494e-06	2.33992
0.00203582	98.9523	4.21494e-06	2.02674
0.00204425	95.2765	4.21494e-06	1.87727
0.00205268	91.208	4.21494e-06	1.85271
0.00206111	86.0521	4.21494e-06	1.81194
0.00206954	82.5334	4.21494e-06	1.71455
0.00207797	80.373	4.21494e-06	1.76966
0.0020864	78.3737	4.21494e-06	1.66086
0.00209483	75.9368	4.21494e-06	2.04281
0.00210326	72.9198	4.21494e-06	1.71684
0.00211169	69.9247	4.21494e-06	1.62173
0.00212012	68.6228	4.21494e-06	3.05994
0.00212855	64.0732	4.21494e-06	1.76534
0.00213698	60.2173	4.21494e-06	1.55904
0.00214541	59.3809	4.21494e-06	1.4532
0.00215384	56.2885	4.21494e-06	1.76269
0.00216227	55.337	4.21494e-06	1.36612
0.0021707	49.7352	4.21494e-06	1.45204
0.00217913	48.3861	4.21494e-06	1.62497
0.00218756	49.7388	4.21494e-06	1.82276
0.00219599	44.4296	4.21494e-06	1.27848
0.00220442	39.5493	4.21494e-06	1.15959
0.00221285	41.3858	4.21494e-06	1.37276
0.00222127	37.701	4.21494e-06	1.21096
0.0022297	38.3651	4.21494e-06	1.29806
0.00223813	39.1551	4.21494e-06	1.61429
0.00224656	33.1484	4.21494e-06	1.13876
0.00225499	33.2622	4.21494e-06	1.23585
0.00226342	28.8767	4.21494e-06	1.07724
0.00227185	28.1664	4.21494e-06	1.1535
0.00228028	26.2197	4.21494e-06	0.963469
0.00228871	28.4036	4.21494e-06	1.93633
0.00229714	22.4051	4.21494e-06	0.789338
0.00230557	21.5841	4.21494e-06	0.807844
0.002314	24.1532	4.21494e-06	1.83607
0.00232243	22.0258	4.21494e-06	0.942668
0.00233086	18.5353	4.21494e-06	0.867967
0.00233929	18.6688	4.21494e-06	0.890835
0.00234772	18.1714	4.21494e-06	0.940636
0.00235615	14.5623	4.21494e-06	0.728265
0.00236458	15.7727	4.21494e-06	0.865152
0.00237301	14.7681	4.21494e-06	0.765851
0.00238144	13.879	4.21494e-06	0.730732
0.00238987	13.4265	4.21494e-06	1.01624
0.0023983	12.6944	4.21494e-06	0.776948
0.00240673	11.5348	4.21494e-06	1.13239
0.00241516	10.9907	4.21494e-06	0.951068
0.00242359	9.47843	4.21494e-06	0.702321
0.00243202	9.37676	4.21494e-06	0.659644
0.00244045	7.62287	4.21494e-06	0.540171
0.00244888	7.50232	4.21494e-06	0.572527
0.00245731	6.87554	4.21494e-06	0.579547
0.00246574	6.02259	4.21494e-06	0.532012
0.00247417	5.49981	4.21494e-06	0.503343
0.0024826	5.81186	4.21494e-06	0.775268
0.00249103	4.50544	4.21494e-06	0.552394
0.00249946	3.55554	4.21494e-06	0.522359
0.00250789	4.1317	4.21494e-06	0.548217
0.00251632	2.49083	4.21494e-06	0.408818
0.00252475	3.01745	4.21494e-06	0.407167
0.00253318	1.57355	4.21494e-06	0.272226
0.00254161	1.68416	4.21494e-06	0.304805
0.00255004	1.17707	4.21494e-06	0.192941
0.00255847	1.24072	4.21494e-06	0.426153
0.0025669	0.688583	4.21494e-06	0.184527
0.00257533	0.217273	4.21494e-06	0.0957267
0.00258376	0.038122	4.21494e-06	0.038122
