4.21494e-06	0.0383662	4.21494e-06	0.0175868
1.26448e-05	0.293563	4.21494e-06	0.0620463
2.10747e-05	0.888156	4.21494e-06	0.146888
2.95046e-05	1.56542	4.21494e-06	0.158405
3.79345e-05	2.99987	4.21494e-06	0.322138
4.63644e-05	4.32552	4.21494e-06	0.317649
5.47943e-05	5.00395	4.21494e-06	0.251563
6.32241e-05	7.30139	4.21494e-06	0.409122
7.1654e-05	10.4267	4.21494e-06	0.56299
8.00839e-05	11.9712	4.21494e-06	0.45906
8.85138e-05	14.5079	4.21494e-06	0.68217
9.69437e-05	18.7405	4.21494e-06	0.667017
0.000105374	21.0473	4.21494e-06	0.631792
0.000113803	22.9374	4.21494e-06	0.608303
0.000122233	27.2563	4.21494e-06	0.68375
0.000130663	33.1161	4.21494e-06	0.93701
0.000139093	36.3021	4.21494e-06	1.01952
0.000147523	41.4672	4.21494e-06	1.02482
0.000155953	46.3187	4.21494e-06	1.11674
0.000164383	55.0599	4.21494e-06	2.24692
0.000172813	56.0947	4.21494e-06	1.13014
0.000181243	64.319	4.21494e-06	2.57999
0.000189672	65.6642	4.21494e-06	1.38421
0.000198102	74.3134	4.21494e-06	1.31767
0.000206532	83.8631	4.21494e-06	2.28541
0.000214962	88.1004	4.21494e-06	1.47287
0.000223392	94.6273	4.21494e-06	1.82052
0.000231822	98.7939	4.21494e-06	1.75075
0.000240252	106.953	4.21494e-06	1.64535
0.000248682	115.697	4.21494e-06	2.11673
0.000257112	124.219	4.21494e-06	1.99504
0.000265541	130.811	4.21494e-06	1.73774
0.000273971	138.935	4.21494e-06	1.98748
0.000282401	142.984	4.21494e-06	1.73781
0.000290831	156.431	4.21494e-06	2.50167
0.000299261	163.718	4.21494e-06	2.18839
0.000307691	182.225	4.21494e-06	3.70253
0.000316121	182.341	4.21494e-06	2.31246
0.000324551	188.833	4.21494e-06	2.88028
0.00033298	200.612	4.21494e-06	2.2577
0.00034141	210.166	4.21494e-06	2.58357
0.00034984	217.914	4.21494e-06	2.39537
0.00035827	228.687	4.21494e-06	2.73339
0.0003667	241.81	4.21494e-06	3.31089
0.00037513	249.218	4.21494e-06	2.55864
0.00038356	258.027	4.21494e-06	2.50095
0.00039199	267.353	4.21494e-06	2.64815
0.00040042	291.517	4.21494e-06	3.57845
0.000408849	298.131	4.21494e-06	3.5676
0.000417279	303.228	4.21494e-06	3.95144
0.000425709	318.136	4.21494e-06	4.04909
0.000434139	327.204	4.21494e-06	3.20257
0.000442569	336.136	4.21494e-06	4.28158
0.000450999	345.631	4.21494e-06	2.99645
0.000459429	357.664	4.21494e-06	3.30398
0.000467859	368.958	4.21494e-06	3.14765
0.000476289	381.884	4.21494e-06	3.34832
0.000484718	389.306	4.21494e-06	3.74473
0.000493148	400.073	4.21494e-06	3.32598
0.000501578	421.986	4.21494e-06	3.92943
0.000510008	424.009	4.21494e-06	3.24321
0.000518438	439.601	4.21494e-06	5.28118
0.000526868	443.886	4.21494e-06	3.70204
0.000535298	463.056	4.21494e-06	3.62323
0.000543728	471.585	4.21494e-06	3.78897
0.000552158	486.203	4.21494e-06	3.68144
0.000560587	507.982	4.21494e-06	5.01678
0.000569017	512.159	4.21494e-06	4.49989
0.000577447	523.254	4.21494e-06	5.31808
0.000585877	537.191	4.21494e-06	4.27934
0.000594307	545	4.21494e-06	3.85761
0.000602737	552.916	4.21494e-06	4.03739
0.000611167	568.533	4.21494e-06	4.48179
0.000619597	579.295	4.21494e-06	4.04964
0.000628026	596.749	4.21494e-06	4.92034
0.000636456	614.912	4.21494e-06	5.06962
0.000644886	612.634	4.21494e-06	4.77962
0.000653316	620.285	4.21494e-06	4.12713
0.000661746	630.564	4.21494e-06	4.48782
0.000670176	641.624	4.21494e-06	4.3825
0.000678606	663.237	4.21494e-06	5.39737
0.000687036	671.908	4.21494e-06	5.41465
0.000695466	668.907	4.21494e-06	4.46141
0.000703895	681.4	4.21494e-06	4.65107
0.000712325	701.93	4.21494e-06	5.99928
0.000720755	709.957	4.21494e-06	5.10111
0.000729185	720.117	4.21494e-06	5.90246
0.000737615	729.181	4.21494e-06	5.11685
0.000746045	733.464	4.21494e-06	5.426
0.000754475	745.06	4.21494e-06	5.45359
0.000762905	755.318	4.21494e-06	5.28327
0.000771335	770.926	4.21494e-06	7.12779
0.000779764	768.669	4.21494e-06	4.64705
0.000788194	795.383	4.21494e-06	7.41795
0.000796624	782.527	4.21494e-06	4.89401
0.000805054	800.813	4.21494e-06	5.82747
0.000813484	809.952	4.21494e-06	5.19542
0.000821914	820.163	4.21494e-06	7.3458
0.000830344	826.34	4.21494e-06	5.79685
0.000838774	821.049	4.21494e-06	5.16077
0.000847204	852.606	4.21494e-06	6.51737
0.000855633	844.703	4.21494e-06	6.13773
0.000864063	842.736	4.21494e-06	6.57237
0.000872493	856.413	4.21494e-06	6.38031
0.000880923	867.33	4.21494e-06	6.48344
0.000889353	861.641	4.21494e-06	5.86737
0.000897783	872.839	4.21494e-06	6.30701
0.000906213	870.331	4.21494e-06	6.24329
0.000914643	894.181	4.21494e-06	9.01894
0.000923072	877.911	4.21494e-06	5.36058
0.000931502	886.482	4.21494e-06	5.22103
0.000939932	888.468	4.21494e-06	5.65656
0.000948362	887.327	4.21494e-06	5.09444
0.000956792	899.563	4.21494e-06	8.13119
0.000965222	887.762	4.21494e-06	5.83379
0.000973652	893.963	4.21494e-06	5.40554
0.000982082	913.858	4.21494e-06	14.0735
0.000990512	901.425	4.21494e-06	5.36833
0.000998941	916.026	4.21494e-06	9.77087
0.00100737	926.314	4.21494e-06	11.685
0.0010158	905.108	4.21494e-06	5.67741
0.00102423	906.697	4.21494e-06	5.50907
0.00103266	915.964	4.21494e-06	6.11617
0.00104109	912.365	4.21494e-06	6.45941
0.00104952	926.936	4.21494e-06	9.28096
0.00105795	903.652	4.21494e-06	5.89073
0.00106638	917.72	4.21494e-06	7.38572
0.00107481	910.575	4.21494e-06	6.88824
0.00108324	904.818	4.21494e-06	5.42378
0.00109167	891.126	4.21494e-06	5.37035
0.0011001	905.618	4.21494e-06	6.02126
0.00110853	897.082	4.21494e-06	6.62147
0.00111696	895.528	4.21494e-06	5.869
0.00112539	903.649	4.21494e-06	6.87368
0.00113382	883.704	4.21494e-06	5.84461
0.00114225	881.328	4.21494e-06	7.64623
0.00115068	913.728	4.21494e-06	22.5022
0.00115911	884.206	4.21494e-06	6.63652
0.00116754	880.191	4.21494e-06	7.31767
0.00117597	865.363	4.21494e-06	5.50858
0.0011844	873.29	4.21494e-06	7.55751
0.00119283	862.428	4.21494e-06	6.12787
0.00120126	849.726	4.21494e-06	5.82918
0.00120969	848.301	4.21494e-06	6.0109
0.00121812	838.41	4.21494e-06	5.94466
0.00122655	831.2	4.21494e-06	5.4257
0.00123498	840.425	4.21494e-06	6.11542
0.00124341	821.995	4.21494e-06	6.04314
0.00125184	814.441	4.21494e-06	5.61212
0.00126027	808.316	4.21494e-06	5.80453
0.0012687	781.885	4.21494e-06	5.17032
0.00127713	782.231	4.21494e-06	5.18351
0.00128556	787.565	4.21494e-06	5.63632
0.00129399	759.746	4.21494e-06	5.4176
0.00130242	757.107	4.21494e-06	5.82759
0.00131085	761.805	4.21494e-06	5.44401
0.00131928	757.807	4.21494e-06	5.61204
0.00132771	744.98	4.21494e-06	6.0387
0.00133614	740.746	4.21494e-06	6.27691
0.00134457	725.044	4.21494e-06	5.64897
0.001353	717.213	4.21494e-06	5.14811
0.00136143	713.489	4.21494e-06	5.11718
0.00136986	702.609	4.21494e-06	5.73916
0.00137829	698.179	4.21494e-06	6.54677
0.00138672	682.057	4.21494e-06	5.3299
0.00139515	680.299	4.21494e-06	5.9416
0.00140358	667.354	4.21494e-06	5.87808
0.00141201	647.018	4.21494e-06	4.58006
0.00142044	638.944	4.21494e-06	5.26349
0.00142887	631.476	4.21494e-06	5.25202
0.0014373	626.127	4.21494e-06	6.4731
0.00144573	619.724	4.21494e-06	4.53694
0.00145416	617.413	4.21494e-06	5.18717
0.00146259	587.322	4.21494e-06	4.5709
0.00147102	600.318	4.21494e-06	8.65629
0.00147944	580.363	4.21494e-06	4.42993
0.00148787	567.642	4.21494e-06	4.47281
0.0014963	546.95	4.21494e-06	4.24142
0.00150473	545.729	4.21494e-06	4.68341
0.00151316	536.491	4.21494e-06	5.2964
0.00152159	525.751	4.21494e-06	4.19841
0.00153002	521.206	4.21494e-06	5.00112
0.00153845	506.664	4.21494e-06	4.42516
0.00154688	507.602	4.21494e-06	4.94532
0.00155531	490.119	4.21494e-06	4.83391
0.00156374	478.686	4.21494e-06	4.06679
0.00157217	472.059	4.21494e-06	4.42901
0.0015806	469.945	4.21494e-06	4.61094
0.00158903	456.053	4.21494e-06	4.15771
0.00159746	457.841	4.21494e-06	8.41261
0.00160589	438.044	4.21494e-06	4.41962
0.00161432	430.976	4.21494e-06	4.62333
0.00162275	428.257	4.21494e-06	4.87767
0.00163118	417.452	4.21494e-06	4.4757
0.00163961	392.285	4.21494e-06	3.50593
0.00164804	386.632	4.21494e-06	3.38811
0.00165647	383.146	4.21494e-06	4.28813
0.0016649	373.889	4.21494e-06	3.76049
0.00167333	357.1	4.21494e-06	3.32393
0.00168176	354.862	4.21494e-06	4.31326
0.00169019	348.718	4.21494e-06	3.89413
0.00169862	334.656	4.21494e-06	3.6196
0.00170705	327.544	4.21494e-06	4.33837
0.00171548	322.216	4.21494e-06	3.7045
0.00172391	314.9	4.21494e-06	3.57263
0.00173234	309.427	4.21494e-06	4.29609
0.00174077	300.878	4.21494e-06	5.08394
0.0017492	285.072	4.21494e-06	3.07673
0.00175763	287.165	4.21494e-06	4.53961
0.00176606	276	4.21494e-06	3.95885
0.00177449	265.856	4.21494e-06	3.42832
0.00178292	266.383	4.21494e-06	3.15479
0.00179135	255.627	4.21494e-06	3.13955
0.00179978	249.21	4.21494e-06	3.09483
0.00180821	246.581	4.21494e-06	4.14168
0.00181664	239.264	4.21494e-06	3.87557
0.00182507	227.687	4.21494e-06	2.85595
0.0018335	224.257	4.21494e-06	3.47317
0.00184193	213.206	4.21494e-06	3.20377
0.00185036	208.46	4.21494e-06	2.86908
0.00185879	203.853	4.21494e-06	4.00719
0.00186722	194.643	4.21494e-06	2.83676
0.00187565	188.488	4.21494e-06	2.72436
0.00188408	188.033	4.21494e-06	2.7386
0.00189251	179.596	4.21494e-06	2.96735
0.00190094	172.073	4.21494e-06	3.15286
0.00190937	166.249	4.21494e-06	2.66788
0.0019178	160.816	4.21494e-06	2.36054
0.00192623	154.74	4.21494e-06	2.33755
0.00193466	150.903	4.21494e-06	2.26376
0.00194309	146.638	4.21494e-06	2.93231
0.00195152	141.208	4.21494e-06	2.13486
0.00195995	135.177	4.21494e-06	2.45009
0.00196838	132.221	4.21494e-06	2.30916
0.00197681	127.203	4.21494e-06	2.25547
0.00198524	119.897	4.21494e-06	2.0194
0.00199367	115.273	4.21494e-06	1.80586
0.0020021	116.439	4.21494e-06	3.06706
0.00201053	118.592	4.21494e-06	4.47016
0.00201896	105.852	4.21494e-06	2.16073
0.00202739	105.942	4.21494e-06	2.20944
0.00203582	98.1477	4.21494e-06	1.98876
0.00204425	98.1624	4.21494e-06	2.20402
0.00205268	90.3084	4.21494e-06	1.84385
0.00206111	88.324	4.21494e-06	1.87073
0.00206954	86.2053	4.21494e-06	1.82683
0.00207797	81.502	4.21494e-06	1.71592
0.0020864	78.1852	4.21494e-06	1.63445
0.00209483	75.4037	4.21494e-06	1.57258
0.00210326	71.3411	4.21494e-06	1.60782
0.00211169	67.6797	4.21494e-06	1.48872
0.00212012	66.1472	4.21494e-06	1.37168
0.00212855	66.7327	4.21494e-06	2.1497
0.00213698	61.6612	4.21494e-06	1.46229
0.00214541	61.9288	4.21494e-06	1.99083
0.00215384	57.56	4.21494e-06	1.68186
0.00216227	52.0925	4.21494e-06	1.44791
0.0021707	54.7335	4.21494e-06	1.63275
0.00217913	51.6389	4.21494e-06	1.55419
0.00218756	54.3627	4.21494e-06	3.02262
0.00219599	44.9427	4.21494e-06	1.17399
0.00220442	44.7181	4.21494e-06	1.48358
0.00221285	41.5936	4.21494e-06	1.37101
0.00222127	37.946	4.21494e-06	1.05027
0.0022297	37.0809	4.21494e-06	1.13073
0.00223813	36.4634	4.21494e-06	2.30643
0.00224656	35.2267	4.21494e-06	1.12465
0.00225499	31.3648	4.21494e-06	0.978584
0.00226342	29.7828	4.21494e-06	1.02988
0.00227185	27.8734	4.21494e-06	1.02048
0.00228028	26.962	4.21494e-06	1.06329
0.00228871	25.9846	4.21494e-06	0.954082
0.00229714	26.2885	4.21494e-06	0.968627
0.00230557	23.2183	4.21494e-06	0.852138
0.002314	23.494	4.21494e-06	1.02664
0.00232243	20.9345	4.21494e-06	0.970224
0.00233086	18.7513	4.21494e-06	0.746109
0.00233929	18.9721	4.21494e-06	0.797455
0.00234772	17.9252	4.21494e-06	0.813461
0.00235615	17.4146	4.21494e-06	1.30628
0.00236458	16.7444	4.21494e-06	0.999262
0.00237301	14.6456	4.21494e-06	0.77724
0.00238144	15.3552	4.21494e-06	1.54246
0.00238987	11.9258	4.21494e-06	0.561521
0.0023983	10.8858	4.21494e-06	0.547554
0.00240673	10.7827	4.21494e-06	0.53359
0.00241516	10.7004	4.21494e-06	1.18741
0.00242359	10.7388	4.21494e-06	0.65932
0.00243202	8.92223	4.21494e-06	0.564086
0.00244045	8.62887	4.21494e-06	0.572866
0.00244888	7.85824	4.21494e-06	0.596359
0.00245731	8.32444	4.21494e-06	1.2075
0.00246574	6.51806	4.21494e-06	0.470366
0.00247417	5.61804	4.21494e-06	0.411203
0.0024826	4.82798	4.21494e-06	0.38584
0.00249103	4.75414	4.21494e-06	0.428561
0.00249946	4.11656	4.21494e-06	0.362736
0.00250789	3.49501	4.21494e-06	0.299294
0.00251632	2.53602	4.21494e-06	0.24547
0.00252475	2.95105	4.21494e-06	0.437804
0.00253318	2.15413	4.21494e-06	0.229147
0.00254161	1.80119	4.21494e-06	0.205437
0.00255004	1.33579	4.21494e-06	0.185038
0.00255847	0.920522	4.21494e-06	0.134159
0.0025669	0.881815	4.21494e-06	0.136204
0.00257533	0.293001	4.21494e-06	0.0730494
0.00258376	0.0181931	4.21494e-06	0.0181931
