4.21494e-06	0.0833123	4.21494e-06	0.0332734
1.26448e-05	0.260385	4.21494e-06	0.0575331
2.10747e-05	0.77764	4.21494e-06	0.116115
2.95046e-05	1.64026	4.21494e-06	0.164294
3.79345e-05	2.66489	4.21494e-06	0.275677
4.63644e-05	4.62934	4.21494e-06	0.51596
5.47943e-05	5.50467	4.21494e-06	0.326816
6.32241e-05	8.20506	4.21494e-06	0.437788
7.1654e-05	10.1049	4.21494e-06	0.599227
8.00839e-05	12.2073	4.21494e-06	0.549533
8.85138e-05	15.9034	4.21494e-06	0.611556
9.69437e-05	19.5778	4.21494e-06	0.710794
0.000105374	21.9094	4.21494e-06	0.874888
0.000113803	29.4506	4.21494e-06	1.53344
0.000122233	27.5764	4.21494e-06	0.860447
0.000130663	34.0421	4.21494e-06	1.04056
0.000139093	37.8651	4.21494e-06	1.10819
0.000147523	41.5949	4.21494e-06	1.23396
0.000155953	47.8444	4.21494e-06	1.32651
0.000164383	53.5971	4.21494e-06	1.20335
0.000172813	55.6011	4.21494e-06	1.19242
0.000181243	63.5241	4.21494e-06	1.28285
0.000189672	74.9582	4.21494e-06	2.20429
0.000198102	76.8399	4.21494e-06	1.69258
0.000206532	83.6281	4.21494e-06	1.92298
0.000214962	90.8882	4.21494e-06	2.12612
0.000223392	95.0244	4.21494e-06	1.5841
0.000231822	110.41	4.21494e-06	3.33954
0.000240252	108.489	4.21494e-06	1.84081
0.000248682	120.376	4.21494e-06	2.07201
0.000257112	125.239	4.21494e-06	1.98747
0.000265541	135.092	4.21494e-06	2.03174
0.000273971	138.275	4.21494e-06	1.99475
0.000282401	150.34	4.21494e-06	2.16967
0.000290831	157.973	4.21494e-06	2.06871
0.000299261	167.711	4.21494e-06	2.26577
0.000307691	173.139	4.21494e-06	2.14309
0.000316121	186.831	4.21494e-06	2.56067
0.000324551	213.787	4.21494e-06	6.59723
0.00033298	207.793	4.21494e-06	3.89125
0.00034141	212.73	4.21494e-06	2.41187
0.00034984	222.879	4.21494e-06	2.74825
0.00035827	231.056	4.21494e-06	3.18713
0.0003667	248.648	4.21494e-06	3.19143
0.00037513	260	4.21494e-06	3.50494
0.00038356	266.652	4.21494e-06	4.71085
0.00039199	277.933	4.21494e-06	2.96342
0.00040042	292.725	4.21494e-06	3.65535
0.000408849	294.709	4.21494e-06	2.8594
0.000417279	310.05	4.21494e-06	3.38483
0.000425709	319.51	4.21494e-06	3.76723
0.000434139	330.101	4.21494e-06	3.56932
0.000442569	343.325	4.21494e-06	3.72271
0.000450999	351.776	4.21494e-06	3.36961
0.000459429	365.693	4.21494e-06	3.89243
0.000467859	373.58	4.21494e-06	3.63288
0.000476289	399.026	4.21494e-06	5.82612
0.000484718	408.57	4.21494e-06	6.78671
0.000493148	413.041	4.21494e-06	3.58692
0.000501578	429.318	4.21494e-06	4.16363
0.000510008	436.256	4.21494e-06	3.95811
0.000518438	444.015	4.21494e-06	4.46952
0.000526868	453.823	4.21494e-06	3.62163
0.000535298	468.368	4.21494e-06	3.79168
0.000543728	484.01	4.21494e-06	4.66645
0.000552158	497.869	4.21494e-06	5.19903
0.000560587	503.65	4.21494e-06	3.92132
0.000569017	519.424	4.21494e-06	4.27124
0.000577447	525.487	4.21494e-06	4.08051
0.000585877	552.362	4.21494e-06	5.60094
0.000594307	555.221	4.21494e-06	5.29879
0.000602737	555.682	4.21494e-06	3.86062
0.000611167	578.153	4.21494e-06	4.25861
0.000619597	595.677	4.21494e-06	6.58004
0.000628026	599.048	4.21494e-06	4.30039
0.000636456	611.087	4.21494e-06	5.29175
0.000644886	617.04	4.21494e-06	4.24703
0.000653316	641.874	4.21494e-06	8.13727
0.000661746	652.165	4.21494e-06	6.10554
0.000670176	657.842	4.21494e-06	4.5249
0.000678606	663.387	4.21494e-06	4.66953
0.000687036	671.976	4.21494e-06	4.55826
0.000695466	687.261	4.21494e-06	4.549
0.000703895	689.024	4.21494e-06	4.83819
0.000712325	701.029	4.21494e-06	4.68943
0.000720755	726.304	4.21494e-06	5.63518
0.000729185	727.831	4.21494e-06	6.27279
0.000737615	743.038	4.21494e-06	5.13567
0.000746045	738.71	4.21494e-06	4.61898
0.000754475	748.771	4.21494e-06	5.60637
0.000762905	755.644	4.21494e-06	4.98413
0.000771335	782.042	4.21494e-06	5.7129
0.000779764	785.112	4.21494e-06	5.28746
0.000788194	786.913	4.21494e-06	5.14548
0.000796624	801.943	4.21494e-06	5.85881
0.000805054	797.756	4.21494e-06	4.9632
0.000813484	816.208	4.21494e-06	5.3588
0.000821914	825.557	4.21494e-06	5.10204
0.000830344	829.136	4.21494e-06	5.59383
0.000838774	830.379	4.21494e-06	5.5213
0.000847204	853.764	4.21494e-06	5.46914
0.000855633	838.553	4.21494e-06	5.09224
0.000864063	858.46	4.21494e-06	5.54751
0.000872493	854.389	4.21494e-06	5.74861
0.000880923	883.373	4.21494e-06	8.13532
0.000889353	866.298	4.21494e-06	5.09411
0.000897783	864.648	4.21494e-06	5.72874
0.000906213	876.468	4.21494e-06	7.58427
0.000914643	889.6	4.21494e-06	10.8127
0.000923072	888.571	4.21494e-06	5.0853
0.000931502	889.801	4.21494e-06	5.14828
0.000939932	885.468	4.21494e-06	5.62601
0.000948362	903.962	4.21494e-06	5.64757
0.000956792	890.867	4.21494e-06	5.13085
0.000965222	905.682	4.21494e-06	8.25046
0.000973652	897.248	4.21494e-06	5.10314
0.000982082	918.688	4.21494e-06	7.04116
0.000990512	908.307	4.21494e-06	5.30656
0.000998941	909.671	4.21494e-06	6.23085
0.00100737	910.114	4.21494e-06	5.33579
0.0010158	918.768	4.21494e-06	6.08088
0.00102423	913.043	4.21494e-06	5.51825
0.00103266	905.599	4.21494e-06	5.39681
0.00104109	905.184	4.21494e-06	5.68145
0.00104952	915.983	4.21494e-06	7.2645
0.00105795	904.599	4.21494e-06	4.94698
0.00106638	910.254	4.21494e-06	4.6828
0.00107481	906.89	4.21494e-06	5.60089
0.00108324	915.926	4.21494e-06	7.84197
0.00109167	910.335	4.21494e-06	5.28149
0.0011001	895.893	4.21494e-06	4.97134
0.00110853	885.193	4.21494e-06	4.76861
0.00111696	891.372	4.21494e-06	5.55109
0.00112539	892.31	4.21494e-06	4.81493
0.00113382	884.387	4.21494e-06	5.28038
0.00114225	885.146	4.21494e-06	5.22255
0.00115068	868.769	4.21494e-06	5.25132
0.00115911	866.118	4.21494e-06	4.50466
0.00116754	875.691	4.21494e-06	5.98305
0.00117597	864.266	4.21494e-06	5.57537
0.0011844	859.892	4.21494e-06	5.13748
0.00119283	851.807	4.21494e-06	6.38779
0.00120126	848.67	4.21494e-06	5.06046
0.00120969	845.675	4.21494e-06	4.89205
0.00121812	825.048	4.21494e-06	4.5728
0.00122655	832.843	4.21494e-06	5.16693
0.00123498	826.795	4.21494e-06	5.71501
0.00124341	816.681	4.21494e-06	5.86648
0.00125184	809.122	4.21494e-06	4.4521
0.00126027	810.01	4.21494e-06	4.92315
0.0012687	793.438	4.21494e-06	5.83352
0.00127713	791.119	4.21494e-06	6.72325
0.00128556	774.063	4.21494e-06	4.44459
0.00129399	770.479	4.21494e-06	4.60203
0.00130242	761.97	4.21494e-06	4.36814
0.00131085	758.657	4.21494e-06	5.33892
0.00131928	744.607	4.21494e-06	4.26367
0.00132771	735.437	4.21494e-06	4.85792
0.00133614	733.249	4.21494e-06	6.09127
0.00134457	733.354	4.21494e-06	5.70556
0.001353	711.21	4.21494e-06	5.11782
0.00136143	702.322	4.21494e-06	4.22426
0.00136986	696.933	4.21494e-06	4.02512
0.00137829	685.824	4.21494e-06	4.08888
0.00138672	685.063	4.21494e-06	4.92542
0.00139515	661.999	4.21494e-06	4.20024
0.00140358	652.344	4.21494e-06	3.90419
0.00141201	656.22	4.21494e-06	5.37368
0.00142044	642.706	4.21494e-06	4.38189
0.00142887	625.263	4.21494e-06	3.98314
0.0014373	614.326	4.21494e-06	3.83009
0.00144573	620.569	4.21494e-06	5.30338
0.00145416	602.11	4.21494e-06	3.939
0.00146259	586.243	4.21494e-06	3.62951
0.00147102	580.095	4.21494e-06	3.87099
0.00147944	569.025	4.21494e-06	3.60192
0.00148787	565.982	4.21494e-06	4.13991
0.0014963	561.733	4.21494e-06	4.49625
0.00150473	551.375	4.21494e-06	4.30722
0.00151316	538.431	4.21494e-06	3.80069
0.00152159	521.362	4.21494e-06	3.51123
0.00153002	507.767	4.21494e-06	3.71821
0.00153845	505.205	4.21494e-06	3.5299
0.00154688	492.749	4.21494e-06	5.11307
0.00155531	481.496	4.21494e-06	3.22245
0.00156374	477.278	4.21494e-06	3.20933
0.00157217	472.279	4.21494e-06	3.491
0.0015806	454.562	4.21494e-06	2.94444
0.00158903	449.374	4.21494e-06	3.24857
0.00159746	438.025	4.21494e-06	3.07464
0.00160589	436.549	4.21494e-06	3.53149
0.00161432	424.338	4.21494e-06	3.30787
0.00162275	408.103	4.21494e-06	3.00569
0.00163118	401.071	4.21494e-06	2.93166
0.00163961	391.991	4.21494e-06	2.88418
0.00164804	387.266	4.21494e-06	3.03919
0.00165647	375.637	4.21494e-06	2.99705
0.0016649	369.796	4.21494e-06	2.83273
0.00167333	353.686	4.21494e-06	2.75365
0.00168176	354.139	4.21494e-06	2.75522
0.00169019	342.629	4.21494e-06	2.57762
0.00169862	335.918	4.21494e-06	5.28648
0.00170705	329.06	4.21494e-06	2.71278
0.00171548	316.497	4.21494e-06	2.92252
0.00172391	314.772	4.21494e-06	3.08668
0.00173234	298.547	4.21494e-06	2.51581
0.00174077	294.285	4.21494e-06	2.83261
0.0017492	287.92	4.21494e-06	2.44879
0.00175763	277.725	4.21494e-06	2.32348
0.00176606	271.418	4.21494e-06	2.73904
0.00177449	263.437	4.21494e-06	2.5195
0.00178292	256.746	4.21494e-06	2.32751
0.00179135	248.188	4.21494e-06	2.15314
0.00179978	245.641	4.21494e-06	2.796
0.00180821	235.949	4.21494e-06	2.22878
0.00181664	232.467	4.21494e-06	2.46082
0.00182507	226.093	4.21494e-06	2.40325
0.0018335	217.712	4.21494e-06	2.11273
0.00184193	211.914	4.21494e-06	2.04654
0.00185036	205.051	4.21494e-06	2.0907
0.00185879	197.782	4.21494e-06	2.26033
0.00186722	194.01	4.21494e-06	2.93703
0.00187565	186.707	4.21494e-06	1.93325
0.00188408	181.269	4.21494e-06	1.96139
0.00189251	176.215	4.21494e-06	2.19091
0.00190094	169.976	4.21494e-06	1.83261
0.00190937	165.229	4.21494e-06	1.79915
0.0019178	158.14	4.21494e-06	1.75162
0.00192623	153.323	4.21494e-06	1.66005
0.00193466	149.075	4.21494e-06	1.76188
0.00194309	146.541	4.21494e-06	2.57911
0.00195152	136.251	4.21494e-06	1.6261
0.00195995	133.191	4.21494e-06	1.45916
0.00196838	128.539	4.21494e-06	1.48592
0.00197681	128.746	4.21494e-06	1.77377
0.00198524	121.566	4.21494e-06	1.43103
0.00199367	117.802	4.21494e-06	1.51929
0.0020021	113.298	4.21494e-06	1.67039
0.00201053	107.034	4.21494e-06	1.43865
0.00201896	105.485	4.21494e-06	1.31283
0.00202739	100.68	4.21494e-06	1.37418
0.00203582	98.6907	4.21494e-06	1.39474
0.00204425	93.9553	4.21494e-06	1.42603
0.00205268	91.2872	4.21494e-06	1.28038
0.00206111	86.9678	4.21494e-06	1.93112
0.00206954	83.2287	4.21494e-06	1.13716
0.00207797	79.6273	4.21494e-06	1.1116
0.0020864	77.0858	4.21494e-06	1.15575
0.00209483	73.3094	4.21494e-06	1.04331
0.00210326	73.742	4.21494e-06	2.13931
0.00211169	67.196	4.21494e-06	1.05207
0.00212012	64.4832	4.21494e-06	1.09948
0.00212855	61.8719	4.21494e-06	0.975586
0.00213698	64.1025	4.21494e-06	1.83309
0.00214541	59.3916	4.21494e-06	0.992097
0.00215384	54.4533	4.21494e-06	0.904129
0.00216227	53.5084	4.21494e-06	1.17049
0.0021707	50.8462	4.21494e-06	0.914444
0.00217913	48.261	4.21494e-06	0.952273
0.00218756	45.7026	4.21494e-06	0.800653
0.00219599	47.2602	4.21494e-06	1.53448
0.00220442	40.9594	4.21494e-06	0.751014
0.00221285	39.3488	4.21494e-06	0.757695
0.00222127	39.8835	4.21494e-06	0.77558
0.0022297	36.4107	4.21494e-06	0.678072
0.00223813	34.5335	4.21494e-06	0.679116
0.00224656	33.9962	4.21494e-06	0.640964
0.00225499	31.2713	4.21494e-06	0.612472
0.00226342	30.4133	4.21494e-06	0.701717
0.00227185	28.938	4.21494e-06	0.623371
0.00228028	27.3779	4.21494e-06	0.597249
0.00228871	26.356	4.21494e-06	0.571712
0.00229714	24.7842	4.21494e-06	0.569504
0.00230557	22.9981	4.21494e-06	0.534126
0.002314	22.1168	4.21494e-06	0.515484
0.00232243	20.2173	4.21494e-06	0.482857
0.00233086	19.2716	4.21494e-06	0.475395
0.00233929	18.234	4.21494e-06	0.463412
0.00234772	16.6491	4.21494e-06	0.435826
0.00235615	15.907	4.21494e-06	0.422084
0.00236458	16.273	4.21494e-06	0.430151
0.00237301	13.672	4.21494e-06	0.386047
0.00238144	13.1578	4.21494e-06	0.37896
0.00238987	13.1298	4.21494e-06	0.378204
0.0023983	11.7728	4.21494e-06	0.353819
0.00240673	11.2529	4.21494e-06	0.348343
0.00241516	10.4096	4.21494e-06	0.3293
0.00242359	10.2786	4.21494e-06	0.329249
0.00243202	8.83497	4.21494e-06	0.306863
0.00244045	8.20661	4.21494e-06	0.28971
0.00244888	7.14793	4.21494e-06	0.26899
0.00245731	7.14058	4.21494e-06	0.268457
0.00246574	6.53232	4.21494e-06	0.267223
0.00247417	5.44137	4.21494e-06	0.232852
0.0024826	5.14995	4.21494e-06	0.225878
0.00249103	4.46989	4.21494e-06	0.208641
0.00249946	3.91373	4.21494e-06	0.195395
0.00250789	3.67801	4.21494e-06	0.186445
0.00251632	2.98255	4.21494e-06	0.169287
0.00252475	2.5938	4.21494e-06	0.156484
0.00253318	2.26026	4.21494e-06	0.146764
0.00254161	1.70297	4.21494e-06	0.126673
0.00255004	1.36891	4.21494e-06	0.11215
0.00255847	0.954439	4.21494e-06	0.0932275
0.0025669	0.673545	4.21494e-06	0.0780491
0.00257533	0.282936	4.21494e-06	0.0509302
0.00258376	0.0528642	4.21494e-06	0.0216473
