4.21494e-06	0.041417	4.21494e-06	0.0208313
1.26448e-05	0.413067	4.21494e-06	0.0780012
2.10747e-05	1.11666	4.21494e-06	0.206742
2.95046e-05	1.68078	4.21494e-06	0.180874
3.79345e-05	2.92214	4.21494e-06	0.262146
4.63644e-05	4.1235	4.21494e-06	0.303715
5.47943e-05	6.97505	4.21494e-06	0.495411
6.32241e-05	7.72872	4.21494e-06	0.409674
7.1654e-05	10.1791	4.21494e-06	0.482483
8.00839e-05	13.4531	4.21494e-06	0.750541
8.85138e-05	17.2254	4.21494e-06	1.07139
9.69437e-05	20.7837	4.21494e-06	1.72995
0.000105374	23.6918	4.21494e-06	0.915023
0.000113803	25.939	4.21494e-06	0.885746
0.000122233	29.2222	4.21494e-06	0.941354
0.000130663	34.584	4.21494e-06	1.5546
0.000139093	39.787	4.21494e-06	1.19459
0.000147523	46.5098	4.21494e-06	1.2304
0.000155953	49.8538	4.21494e-06	1.29245
0.000164383	52.0954	4.21494e-06	1.18203
0.000172813	60.2142	4.21494e-06	1.69043
0.000181243	65.5387	4.21494e-06	1.55926
0.000189672	74.8684	4.21494e-06	2.03277
0.000198102	80.5291	4.21494e-06	1.5258
0.000206532	86.6282	4.21494e-06	1.84024
0.000214962	91.5612	4.21494e-06	1.72076
0.000223392	99.1807	4.21494e-06	1.68626
0.000231822	106.971	4.21494e-06	1.91226
0.000240252	115	4.21494e-06	2.10078
0.000248682	124.206	4.21494e-06	2.13828
0.000257112	131.433	4.21494e-06	2.29253
0.000265541	138.754	4.21494e-06	2.0838
0.000273971	147.276	4.21494e-06	2.17545
0.000282401	152.937	4.21494e-06	2.15291
0.000290831	164.463	4.21494e-06	4.78976
0.000299261	180.966	4.21494e-06	2.75479
0.000307691	184.516	4.21494e-06	2.60808
0.000316121	202.426	4.21494e-06	3.30113
0.000324551	199.149	4.21494e-06	2.77762
0.00033298	212.21	4.21494e-06	2.65012
0.00034141	222.469	4.21494e-06	3.16879
0.00034984	229.795	4.21494e-06	2.81375
0.00035827	239.098	4.21494e-06	2.71878
0.0003667	255	4.21494e-06	3.49137
0.00037513	266.308	4.21494e-06	3.18151
0.00038356	271.767	4.21494e-06	2.91008
0.00039199	291.72	4.21494e-06	6.23066
0.00040042	295.563	4.21494e-06	3.13857
0.000408849	309.23	4.21494e-06	3.32248
0.000417279	324.473	4.21494e-06	3.63425
0.000425709	330.885	4.21494e-06	3.52656
0.000434139	340.261	4.21494e-06	3.27536
0.000442569	352.525	4.21494e-06	3.33204
0.000450999	369.607	4.21494e-06	3.6523
0.000459429	374.188	4.21494e-06	3.59094
0.000467859	414.277	4.21494e-06	11.2741
0.000476289	408.159	4.21494e-06	5.76907
0.000484718	415.08	4.21494e-06	5.44063
0.000493148	432.382	4.21494e-06	3.83489
0.000501578	439.549	4.21494e-06	3.97832
0.000510008	451.33	4.21494e-06	4.52611
0.000518438	461.391	4.21494e-06	4.90022
0.000526868	470.81	4.21494e-06	4.135
0.000535298	483.16	4.21494e-06	4.35221
0.000543728	504.66	4.21494e-06	6.7997
0.000552158	508.702	4.21494e-06	3.93094
0.000560587	521.617	4.21494e-06	4.25622
0.000569017	531.826	4.21494e-06	4.06606
0.000577447	547.794	4.21494e-06	4.15483
0.000585877	571.518	4.21494e-06	6.73681
0.000594307	557.661	4.21494e-06	3.87516
0.000602737	578.848	4.21494e-06	4.57575
0.000611167	588.19	4.21494e-06	4.46511
0.000619597	597.438	4.21494e-06	3.93043
0.000628026	615.336	4.21494e-06	4.27299
0.000636456	626.561	4.21494e-06	4.66061
0.000644886	635.862	4.21494e-06	4.84256
0.000653316	657.143	4.21494e-06	6.07499
0.000661746	660.078	4.21494e-06	4.44574
0.000670176	671.293	4.21494e-06	4.77512
0.000678606	678.864	4.21494e-06	4.49918
0.000687036	695.154	4.21494e-06	4.7107
0.000695466	700.251	4.21494e-06	4.54853
0.000703895	735.764	4.21494e-06	10.6321
0.000712325	725.267	4.21494e-06	4.53826
0.000720755	738.258	4.21494e-06	5.08849
0.000729185	742.412	4.21494e-06	4.89597
0.000737615	749.978	4.21494e-06	4.86668
0.000746045	761.208	4.21494e-06	4.73988
0.000754475	762.12	4.21494e-06	4.88458
0.000762905	772.714	4.21494e-06	4.53062
0.000771335	780.97	4.21494e-06	4.40199
0.000779764	789.203	4.21494e-06	5.14154
0.000788194	795.075	4.21494e-06	4.60756
0.000796624	805.73	4.21494e-06	4.81494
0.000805054	809.919	4.21494e-06	5.02436
0.000813484	822.564	4.21494e-06	5.23747
0.000821914	822.336	4.21494e-06	4.5263
0.000830344	840.523	4.21494e-06	5.3013
0.000838774	845.832	4.21494e-06	5.52395
0.000847204	859.298	4.21494e-06	5.27086
0.000855633	876.34	4.21494e-06	11.6829
0.000864063	860.489	4.21494e-06	5.82885
0.000872493	858.992	4.21494e-06	4.91322
0.000880923	887.19	4.21494e-06	5.93129
0.000889353	877.447	4.21494e-06	4.33438
0.000897783	883.563	4.21494e-06	4.651
0.000906213	887.08	4.21494e-06	4.58943
0.000914643	893.036	4.21494e-06	4.56858
0.000923072	893.335	4.21494e-06	5.57514
0.000931502	904.645	4.21494e-06	5.53496
0.000939932	902.336	4.21494e-06	5.04408
0.000948362	907.481	4.21494e-06	4.71323
0.000956792	911.346	4.21494e-06	4.73523
0.000965222	912.123	4.21494e-06	4.58143
0.000973652	908.69	4.21494e-06	4.4189
0.000982082	902.385	4.21494e-06	4.43898
0.000990512	912.731	4.21494e-06	4.53893
0.000998941	910.736	4.21494e-06	4.86593
0.00100737	908.895	4.21494e-06	4.45459
0.0010158	909.235	4.21494e-06	4.50521
0.00102423	908.084	4.21494e-06	4.17044
0.00103266	911.353	4.21494e-06	4.29527
0.00104109	914.081	4.21494e-06	4.9716
0.00104952	919.123	4.21494e-06	5.01226
0.00105795	905.003	4.21494e-06	4.46799
0.00106638	921.273	4.21494e-06	5.74531
0.00107481	897.504	4.21494e-06	4.14374
0.00108324	897.848	4.21494e-06	4.30016
0.00109167	897.348	4.21494e-06	4.32902
0.0011001	900.547	4.21494e-06	4.17807
0.00110853	896.769	4.21494e-06	4.33594
0.00111696	896.708	4.21494e-06	4.49898
0.00112539	887.023	4.21494e-06	4.16447
0.00113382	894.687	4.21494e-06	6.21737
0.00114225	875.894	4.21494e-06	3.89804
0.00115068	870.673	4.21494e-06	4.06542
0.00115911	875.301	4.21494e-06	4.43627
0.00116754	872.833	4.21494e-06	4.81141
0.00117597	854.542	4.21494e-06	3.91937
0.0011844	859.818	4.21494e-06	4.134
0.00119283	848.4	4.21494e-06	3.99175
0.00120126	854.457	4.21494e-06	6.09598
0.00120969	834.538	4.21494e-06	3.87114
0.00121812	829.014	4.21494e-06	3.83861
0.00122655	827.026	4.21494e-06	3.6604
0.00123498	816.647	4.21494e-06	3.70959
0.00124341	804.048	4.21494e-06	3.67768
0.00125184	820.015	4.21494e-06	7.25045
0.00126027	790.85	4.21494e-06	3.60907
0.0012687	789.81	4.21494e-06	3.81003
0.00127713	780.859	4.21494e-06	3.81433
0.00128556	776.529	4.21494e-06	3.67892
0.00129399	763.814	4.21494e-06	3.85109
0.00130242	755.406	4.21494e-06	3.48634
0.00131085	754.09	4.21494e-06	3.96467
0.00131928	741.398	4.21494e-06	3.66576
0.00132771	731.263	4.21494e-06	3.62952
0.00133614	724.505	4.21494e-06	4.2307
0.00134457	712.667	4.21494e-06	3.6999
0.001353	699.794	4.21494e-06	3.28594
0.00136143	695.608	4.21494e-06	4.41491
0.00136986	680.174	4.21494e-06	3.89349
0.00137829	665.829	4.21494e-06	3.09426
0.00138672	665.147	4.21494e-06	3.21725
0.00139515	659.815	4.21494e-06	3.2258
0.00140358	652.211	4.21494e-06	4.73989
0.00141201	639.438	4.21494e-06	3.90807
0.00142044	630.404	4.21494e-06	3.61818
0.00142887	616.229	4.21494e-06	3.22049
0.0014373	611.468	4.21494e-06	3.21232
0.00144573	601.121	4.21494e-06	3.00978
0.00145416	592.787	4.21494e-06	3.48018
0.00146259	574.155	4.21494e-06	2.88053
0.00147102	573.336	4.21494e-06	4.26942
0.00147944	562.253	4.21494e-06	2.90486
0.00148787	549.187	4.21494e-06	2.95145
0.0014963	543.602	4.21494e-06	2.81457
0.00150473	532.258	4.21494e-06	2.87046
0.00151316	518.475	4.21494e-06	2.70809
0.00152159	513.973	4.21494e-06	2.88737
0.00153002	497.488	4.21494e-06	2.5833
0.00153845	495.248	4.21494e-06	2.64453
0.00154688	485.364	4.21494e-06	2.78707
0.00155531	468.173	4.21494e-06	2.54187
0.00156374	464.135	4.21494e-06	2.55025
0.00157217	456.224	4.21494e-06	2.5103
0.0015806	451.43	4.21494e-06	2.91887
0.00158903	432.867	4.21494e-06	2.36359
0.00159746	427.553	4.21494e-06	2.43553
0.00160589	415.926	4.21494e-06	2.38591
0.00161432	403.835	4.21494e-06	2.22786
0.00162275	403.181	4.21494e-06	2.22769
0.00163118	392.015	4.21494e-06	2.41258
0.00163961	382.928	4.21494e-06	2.15845
0.00164804	371.527	4.21494e-06	2.1059
0.00165647	365.763	4.21494e-06	2.11557
0.0016649	358.23	4.21494e-06	2.11991
0.00167333	347.281	4.21494e-06	2.00647
0.00168176	342.006	4.21494e-06	2.00463
0.00169019	331.18	4.21494e-06	1.96768
0.00169862	325.202	4.21494e-06	1.93143
0.00170705	318.864	4.21494e-06	1.9151
0.00171548	307.747	4.21494e-06	1.86844
0.00172391	300.223	4.21494e-06	1.8352
0.00173234	292.21	4.21494e-06	1.80234
0.00174077	286.762	4.21494e-06	1.78556
0.0017492	280.305	4.21494e-06	1.76429
0.00175763	269.708	4.21494e-06	1.72141
0.00176606	265.277	4.21494e-06	1.71734
0.00177449	257.312	4.21494e-06	1.69202
0.00178292	249.482	4.21494e-06	1.64812
0.00179135	243.649	4.21494e-06	1.62311
0.00179978	232.809	4.21494e-06	1.58221
0.00180821	228.991	4.21494e-06	1.56817
0.00181664	221	4.21494e-06	1.53286
0.00182507	210.489	4.21494e-06	1.49245
0.0018335	210.964	4.21494e-06	1.50008
0.00184193	203.104	4.21494e-06	1.46458
0.00185036	196.542	4.21494e-06	1.44522
0.00185879	188.786	4.21494e-06	1.40835
0.00186722	184.818	4.21494e-06	1.39536
0.00187565	178.92	4.21494e-06	1.36983
0.00188408	174.227	4.21494e-06	1.34962
0.00189251	168.007	4.21494e-06	1.32837
0.00190094	161.993	4.21494e-06	1.29345
0.00190937	158.354	4.21494e-06	1.27954
0.0019178	151.838	4.21494e-06	1.25664
0.00192623	146.489	4.21494e-06	1.24047
0.00193466	142.136	4.21494e-06	1.20598
0.00194309	137.309	4.21494e-06	1.18218
0.00195152	133.581	4.21494e-06	1.16902
0.00195995	129.269	4.21494e-06	1.14228
0.00196838	124.425	4.21494e-06	1.1225
0.00197681	120.18	4.21494e-06	1.09984
0.00198524	114.799	4.21494e-06	1.07369
0.00199367	110.622	4.21494e-06	1.0519
0.0020021	106.409	4.21494e-06	1.02858
0.00201053	103.409	4.21494e-06	1.01526
0.00201896	98.6042	4.21494e-06	0.999583
0.00202739	95.6247	4.21494e-06	0.973564
0.00203582	91.7703	4.21494e-06	0.95444
0.00204425	89.799	4.21494e-06	0.941776
0.00205268	85.6316	4.21494e-06	0.915614
0.00206111	82.7824	4.21494e-06	0.90079
0.00206954	80.2138	4.21494e-06	0.885949
0.00207797	76.0861	4.21494e-06	0.863273
0.0020864	73.956	4.21494e-06	0.849293
0.00209483	70.5396	4.21494e-06	0.830113
0.00210326	66.3761	4.21494e-06	0.803838
0.00211169	65.448	4.21494e-06	0.794053
0.00212012	62.2745	4.21494e-06	0.77521
0.00212855	60.0518	4.21494e-06	0.75982
0.00213698	56.4389	4.21494e-06	0.737791
0.00214541	54.0386	4.21494e-06	0.720363
0.00215384	51.3274	4.21494e-06	0.699899
0.00216227	49.8341	4.21494e-06	0.691121
0.0021707	47.1881	4.21494e-06	0.670342
0.00217913	44.8218	4.21494e-06	0.649724
0.00218756	44.6348	4.21494e-06	0.648803
0.00219599	40.6451	4.21494e-06	0.621844
0.00220442	39.5242	4.21494e-06	0.607932
0.00221285	38.0423	4.21494e-06	0.59973
0.00222127	35.7315	4.21494e-06	0.580501
0.0022297	34.8283	4.21494e-06	0.568583
0.00223813	32.1258	4.21494e-06	0.546093
0.00224656	32.1484	4.21494e-06	0.548987
0.00225499	29.7982	4.21494e-06	0.526081
0.00226342	28.3099	4.21494e-06	0.509483
0.00227185	26.7675	4.21494e-06	0.50518
0.00228028	25.9457	4.21494e-06	0.486666
0.00228871	23.5702	4.21494e-06	0.466212
0.00229714	22.987	4.21494e-06	0.458129
0.00230557	21.5098	4.21494e-06	0.442271
0.002314	19.5784	4.21494e-06	0.419953
0.00232243	19.8438	4.21494e-06	0.423121
0.00233086	17.8759	4.21494e-06	0.399166
0.00233929	17.5058	4.21494e-06	0.396392
0.00234772	16.2727	4.21494e-06	0.381036
0.00235615	15.7713	4.21494e-06	0.374421
0.00236458	13.9173	4.21494e-06	0.350663
0.00237301	12.7621	4.21494e-06	0.335046
0.00238144	11.6303	4.21494e-06	0.322233
0.00238987	10.8069	4.21494e-06	0.307923
0.0023983	11.0257	4.21494e-06	0.311032
0.00240673	10.0458	4.21494e-06	0.296503
0.00241516	9.03949	4.21494e-06	0.279912
0.00242359	8.19063	4.21494e-06	0.265775
0.00243202	7.52439	4.21494e-06	0.254577
0.00244045	6.77949	4.21494e-06	0.242147
0.00244888	6.35467	4.21494e-06	0.232913
0.00245731	6.10292	4.21494e-06	0.227807
0.00246574	5.57327	4.21494e-06	0.217958
0.00247417	4.70452	4.21494e-06	0.200656
0.0024826	4.28171	4.21494e-06	0.189926
0.00249103	3.65705	4.21494e-06	0.175531
0.00249946	3.32986	4.21494e-06	0.166839
0.00250789	3.00362	4.21494e-06	0.158379
0.00251632	2.60135	4.21494e-06	0.14775
0.00252475	2.38205	4.21494e-06	0.140147
0.00253318	1.84393	4.21494e-06	0.124206
0.00254161	1.33948	4.21494e-06	0.10499
0.00255004	1.22643	4.21494e-06	0.100621
0.00255847	0.714688	4.21494e-06	0.0761877
0.0025669	0.437035	4.21494e-06	0.0594736
0.00257533	0.250372	4.21494e-06	0.0449697
0.00258376	0.0160822	4.21494e-06	0.0113718
