4.21494e-06	0.0133905	4.21494e-06	0.00950212
1.26448e-05	0.240242	4.21494e-06	0.0472393
2.10747e-05	0.827162	4.21494e-06	0.129863
2.95046e-05	1.65441	4.21494e-06	0.180742
3.79345e-05	2.65604	4.21494e-06	0.235849
4.63644e-05	4.34778	4.21494e-06	0.308062
5.47943e-05	5.4153	4.21494e-06	0.356586
6.32241e-05	7.63079	4.21494e-06	0.396179
7.1654e-05	10.6689	4.21494e-06	0.502078
8.00839e-05	11.9635	4.21494e-06	0.506311
8.85138e-05	15.0582	4.21494e-06	0.57412
9.69437e-05	16.3451	4.21494e-06	0.592503
0.000105374	20.5934	4.21494e-06	0.64959
0.000113803	26.6235	4.21494e-06	0.871417
0.000122233	28.2788	4.21494e-06	0.768538
0.000130663	32.5615	4.21494e-06	0.828359
0.000139093	34.8041	4.21494e-06	0.86229
0.000147523	41.0431	4.21494e-06	0.929233
0.000155953	45.8218	4.21494e-06	1.07236
0.000164383	49.3191	4.21494e-06	0.941892
0.000172813	54.3547	4.21494e-06	1.19507
0.000181243	71.3879	4.21494e-06	5.55877
0.000189672	66.5176	4.21494e-06	1.10852
0.000198102	72.8276	4.21494e-06	1.75499
0.000206532	80.8542	4.21494e-06	1.39085
0.000214962	83.3285	4.21494e-06	1.28858
0.000223392	94.6568	4.21494e-06	1.64081
0.000231822	99.2608	4.21494e-06	1.47103
0.000240252	105.344	4.21494e-06	1.77599
0.000248682	115.687	4.21494e-06	1.91247
0.000257112	123.574	4.21494e-06	2.25319
0.000265541	132.608	4.21494e-06	3.58155
0.000273971	135.106	4.21494e-06	1.7473
0.000282401	148.815	4.21494e-06	2.37299
0.000290831	153.298	4.21494e-06	1.89941
0.000299261	159.904	4.21494e-06	1.91399
0.000307691	171.077	4.21494e-06	2.13946
0.000316121	177.184	4.21494e-06	1.95604
0.000324551	186.713	4.21494e-06	2.08528
0.00033298	202.103	4.21494e-06	2.62054
0.00034141	206.674	4.21494e-06	2.31873
0.00034984	222.089	4.21494e-06	2.83119
0.00035827	226.072	4.21494e-06	2.32519
0.0003667	240.439	4.21494e-06	2.56066
0.00037513	244.238	4.21494e-06	2.42394
0.00038356	262.236	4.21494e-06	2.73625
0.00039199	269.231	4.21494e-06	2.59821
0.00040042	280.324	4.21494e-06	3.24875
0.000408849	293.671	4.21494e-06	3.38987
0.000417279	299.593	4.21494e-06	2.77417
0.000425709	306.738	4.21494e-06	2.69519
0.000434139	324.643	4.21494e-06	2.86074
0.000442569	332.314	4.21494e-06	2.96459
0.000450999	348.958	4.21494e-06	3.65266
0.000459429	353.546	4.21494e-06	4.01586
0.000467859	371.883	4.21494e-06	3.27836
0.000476289	379.332	4.21494e-06	3.25835
0.000484718	399.49	4.21494e-06	4.66055
0.000493148	408.204	4.21494e-06	4.71106
0.000501578	417.216	4.21494e-06	3.54861
0.000510008	426.535	4.21494e-06	3.91661
0.000518438	438.857	4.21494e-06	5.29102
0.000526868	454.523	4.21494e-06	4.01583
0.000535298	466.174	4.21494e-06	3.581
0.000543728	474.868	4.21494e-06	3.91344
0.000552158	488.166	4.21494e-06	5.68888
0.000560587	491.036	4.21494e-06	3.67021
0.000569017	512.253	4.21494e-06	4.66719
0.000577447	519.51	4.21494e-06	3.95714
0.000585877	525.868	4.21494e-06	3.82491
0.000594307	535.089	4.21494e-06	3.71459
0.000602737	568.196	4.21494e-06	6.30816
0.000611167	578.318	4.21494e-06	4.94925
0.000619597	588.59	4.21494e-06	4.69244
0.000628026	601.424	4.21494e-06	5.01259
0.000636456	599.845	4.21494e-06	4.30269
0.000644886	608.895	4.21494e-06	4.65057
0.000653316	631	4.21494e-06	4.34783
0.000661746	641.402	4.21494e-06	4.71736
0.000670176	646.324	4.21494e-06	4.7473
0.000678606	656.169	4.21494e-06	4.34258
0.000687036	669.876	4.21494e-06	4.96885
0.000695466	679.542	4.21494e-06	4.77365
0.000703895	699.839	4.21494e-06	6.7727
0.000712325	702.958	4.21494e-06	5.02374
0.000720755	704.955	4.21494e-06	4.80839
0.000729185	713.533	4.21494e-06	4.69355
0.000737615	725.295	4.21494e-06	5.34754
0.000746045	730.239	4.21494e-06	4.72541
0.000754475	742.516	4.21494e-06	4.6891
0.000762905	754.439	4.21494e-06	4.91012
0.000771335	768.625	4.21494e-06	5.37687
0.000779764	804.628	4.21494e-06	18.762
0.000788194	780.151	4.21494e-06	5.69144
0.000796624	788.778	4.21494e-06	4.88062
0.000805054	780.571	4.21494e-06	4.42992
0.000813484	805.826	4.21494e-06	5.91639
0.000821914	804.008	4.21494e-06	5.21485
0.000830344	829.89	4.21494e-06	8.61105
0.000838774	836.34	4.21494e-06	5.58286
0.000847204	832.799	4.21494e-06	9.5387
0.000855633	843.41	4.21494e-06	10.7031
0.000864063	836.725	4.21494e-06	4.96786
0.000872493	851.086	4.21494e-06	5.55768
0.000880923	857.952	4.21494e-06	5.63331
0.000889353	863.828	4.21494e-06	5.55918
0.000897783	866.579	4.21494e-06	5.1311
0.000906213	877.544	4.21494e-06	5.79339
0.000914643	884.148	4.21494e-06	5.9433
0.000923072	911.181	4.21494e-06	16.2284
0.000931502	878.075	4.21494e-06	6.59493
0.000939932	888.724	4.21494e-06	5.45371
0.000948362	889.529	4.21494e-06	6.79709
0.000956792	900.247	4.21494e-06	5.29094
0.000965222	891.739	4.21494e-06	5.13502
0.000973652	902.478	4.21494e-06	5.73741
0.000982082	904.263	4.21494e-06	6.41328
0.000990512	903.37	4.21494e-06	5.53231
0.000998941	908.881	4.21494e-06	5.76659
0.00100737	906.609	4.21494e-06	5.67251
0.0010158	909.735	4.21494e-06	6.17228
0.00102423	916.399	4.21494e-06	6.11665
0.00103266	925.701	4.21494e-06	5.72599
0.00104109	912.06	4.21494e-06	6.12005
0.00104952	907.262	4.21494e-06	5.67205
0.00105795	903.742	4.21494e-06	5.6561
0.00106638	898.266	4.21494e-06	5.85238
0.00107481	901.139	4.21494e-06	5.69116
0.00108324	904.137	4.21494e-06	5.73025
0.00109167	894.383	4.21494e-06	5.86661
0.0011001	905.936	4.21494e-06	5.62538
0.00110853	890.403	4.21494e-06	5.19435
0.00111696	887.952	4.21494e-06	6.05569
0.00112539	920.549	4.21494e-06	19.7513
0.00113382	879.119	4.21494e-06	6.069
0.00114225	878.184	4.21494e-06	5.49413
0.00115068	878.54	4.21494e-06	5.81581
0.00115911	881.82	4.21494e-06	6.20778
0.00116754	872.95	4.21494e-06	5.99374
0.00117597	888.778	4.21494e-06	12.8069
0.0011844	863.301	4.21494e-06	6.05935
0.00119283	857.753	4.21494e-06	5.70553
0.00120126	852.812	4.21494e-06	5.612
0.00120969	853.083	4.21494e-06	5.80003
0.00121812	832.226	4.21494e-06	5.58937
0.00122655	835.218	4.21494e-06	5.69159
0.00123498	814.975	4.21494e-06	5.45239
0.00124341	825.97	4.21494e-06	7.53937
0.00125184	839.568	4.21494e-06	17.5697
0.00126027	814.047	4.21494e-06	6.41608
0.0012687	806.11	4.21494e-06	6.57126
0.00127713	809.768	4.21494e-06	9.74557
0.00128556	795.894	4.21494e-06	6.53055
0.00129399	769.88	4.21494e-06	5.31467
0.00130242	787.155	4.21494e-06	9.32415
0.00131085	763.778	4.21494e-06	6.09904
0.00131928	751.068	4.21494e-06	5.6344
0.00132771	744.685	4.21494e-06	5.40446
0.00133614	729.995	4.21494e-06	5.06968
0.00134457	720.674	4.21494e-06	5.16047
0.001353	719.002	4.21494e-06	6.25664
0.00136143	711.369	4.21494e-06	6.25774
0.00136986	702.782	4.21494e-06	5.6699
0.00137829	696.951	4.21494e-06	5.0376
0.00138672	691.127	4.21494e-06	5.71977
0.00139515	679.434	4.21494e-06	5.45937
0.00140358	661.481	4.21494e-06	5.26975
0.00141201	668.245	4.21494e-06	5.14015
0.00142044	647.754	4.21494e-06	6.76256
0.00142887	640.656	4.21494e-06	5.69704
0.0014373	628.853	4.21494e-06	4.64888
0.00144573	625.08	4.21494e-06	4.90099
0.00145416	612.155	4.21494e-06	5.31098
0.00146259	593.318	4.21494e-06	4.47277
0.00147102	582.437	4.21494e-06	4.71191
0.00147944	588.249	4.21494e-06	6.53191
0.00148787	566.901	4.21494e-06	4.82973
0.0014963	573.49	4.21494e-06	7.11698
0.00150473	546.288	4.21494e-06	5.03898
0.00151316	550.904	4.21494e-06	9.22183
0.00152159	530.237	4.21494e-06	5.03817
0.00153002	519.548	4.21494e-06	4.64702
0.00153845	513.021	4.21494e-06	4.48149
0.00154688	507.433	4.21494e-06	4.49432
0.00155531	494.373	4.21494e-06	4.19904
0.00156374	479.4	4.21494e-06	4.22538
0.00157217	473.9	4.21494e-06	6.06792
0.0015806	467.942	4.21494e-06	5.0539
0.00158903	458.826	4.21494e-06	5.12902
0.00159746	450.906	4.21494e-06	4.28253
0.00160589	428.271	4.21494e-06	4.07255
0.00161432	421.346	4.21494e-06	3.78286
0.00162275	413.059	4.21494e-06	4.29958
0.00163118	405	4.21494e-06	4.23989
0.00163961	397.177	4.21494e-06	4.73325
0.00164804	391.664	4.21494e-06	3.87745
0.00165647	379.172	4.21494e-06	3.90131
0.0016649	372.44	4.21494e-06	4.14373
0.00167333	371.209	4.21494e-06	4.8644
0.00168176	355.451	4.21494e-06	4.71787
0.00169019	353.093	4.21494e-06	4.53079
0.00169862	336.87	4.21494e-06	4.25584
0.00170705	331.106	4.21494e-06	4.30329
0.00171548	318.931	4.21494e-06	3.90974
0.00172391	313.316	4.21494e-06	3.54438
0.00173234	312.749	4.21494e-06	3.78828
0.00174077	299.81	4.21494e-06	3.48468
0.0017492	290.012	4.21494e-06	3.41625
0.00175763	283.518	4.21494e-06	4.29631
0.00176606	281.522	4.21494e-06	3.58093
0.00177449	276.457	4.21494e-06	4.37212
0.00178292	263.973	4.21494e-06	3.30694
0.00179135	255.213	4.21494e-06	5.62567
0.00179978	247.91	4.21494e-06	2.89191
0.00180821	240.654	4.21494e-06	3.1318
0.00181664	235.629	4.21494e-06	3.45956
0.00182507	223.565	4.21494e-06	2.83375
0.0018335	224.33	4.21494e-06	3.49715
0.00184193	213.203	4.21494e-06	2.91433
0.00185036	205.896	4.21494e-06	3.0576
0.00185879	212.091	4.21494e-06	4.71623
0.00186722	198.258	4.21494e-06	4.03476
0.00187565	185.622	4.21494e-06	2.5409
0.00188408	186.488	4.21494e-06	2.97145
0.00189251	173.148	4.21494e-06	2.4931
0.00190094	171.263	4.21494e-06	2.36252
0.00190937	166.409	4.21494e-06	2.70232
0.0019178	162.056	4.21494e-06	2.62789
0.00192623	152.864	4.21494e-06	2.20713
0.00193466	148.252	4.21494e-06	2.26463
0.00194309	144.607	4.21494e-06	2.74765
0.00195152	138.103	4.21494e-06	2.07802
0.00195995	130.861	4.21494e-06	2.02019
0.00196838	129.205	4.21494e-06	2.05162
0.00197681	125.736	4.21494e-06	2.73594
0.00198524	121.577	4.21494e-06	2.115
0.00199367	117.802	4.21494e-06	2.26212
0.0020021	109.598	4.21494e-06	1.87394
0.00201053	110.96	4.21494e-06	2.08381
0.00201896	102.263	4.21494e-06	1.87357
0.00202739	114.043	4.21494e-06	7.54389
0.00203582	99.3017	4.21494e-06	1.85586
0.00204425	91.8805	4.21494e-06	1.84229
0.00205268	89.6028	4.21494e-06	1.91737
0.00206111	85.8009	4.21494e-06	1.6048
0.00206954	85.6254	4.21494e-06	1.94637
0.00207797	81.2642	4.21494e-06	2.14303
0.0020864	78.4461	4.21494e-06	1.70792
0.00209483	79.809	4.21494e-06	2.65694
0.00210326	73.1963	4.21494e-06	1.54418
0.00211169	70.5081	4.21494e-06	1.58274
0.00212012	66.2122	4.21494e-06	1.52587
0.00212855	63.0572	4.21494e-06	1.58245
0.00213698	63.7596	4.21494e-06	1.67343
0.00214541	69.3258	4.21494e-06	7.87582
0.00215384	56.7173	4.21494e-06	1.67067
0.00216227	53.8303	4.21494e-06	1.43785
0.0021707	53.7671	4.21494e-06	2.6474
0.00217913	48.3175	4.21494e-06	1.78038
0.00218756	48.0525	4.21494e-06	1.61224
0.00219599	45.3155	4.21494e-06	1.30009
0.00220442	48.1662	4.21494e-06	2.11739
0.00221285	41.142	4.21494e-06	1.30468
0.00222127	39.9433	4.21494e-06	2.70449
0.0022297	37.5172	4.21494e-06	1.24095
0.00223813	35.7594	4.21494e-06	1.16278
0.00224656	33.5629	4.21494e-06	1.20017
0.00225499	31.3363	4.21494e-06	1.11887
0.00226342	28.6875	4.21494e-06	1.03485
0.00227185	27.2851	4.21494e-06	0.953936
0.00228028	27.3137	4.21494e-06	1.10897
0.00228871	27.0539	4.21494e-06	1.15146
0.00229714	22.4866	4.21494e-06	0.84651
0.00230557	25.2921	4.21494e-06	1.27142
0.002314	21.7343	4.21494e-06	0.839213
0.00232243	22.0848	4.21494e-06	1.49209
0.00233086	20.0287	4.21494e-06	0.916987
0.00233929	18.5409	4.21494e-06	0.744497
0.00234772	17.7271	4.21494e-06	0.831545
0.00235615	16.4839	4.21494e-06	0.742737
0.00236458	15.7007	4.21494e-06	0.740038
0.00237301	15.1672	4.21494e-06	0.998817
0.00238144	13.4189	4.21494e-06	0.796693
0.00238987	12.2346	4.21494e-06	0.599615
0.0023983	11.6475	4.21494e-06	0.63923
0.00240673	11.7753	4.21494e-06	0.762033
0.00241516	11.1804	4.21494e-06	1.1775
0.00242359	11.5272	4.21494e-06	0.943004
0.00243202	8.95848	4.21494e-06	0.859763
0.00244045	8.0572	4.21494e-06	0.666458
0.00244888	7.40659	4.21494e-06	0.667082
0.00245731	5.82777	4.21494e-06	0.433914
0.00246574	6.67222	4.21494e-06	0.772379
0.00247417	5.61849	4.21494e-06	0.57728
0.0024826	5.10543	4.21494e-06	0.440989
0.00249103	4.36812	4.21494e-06	0.410476
0.00249946	4.37859	4.21494e-06	0.473424
0.00250789	3.96671	4.21494e-06	0.479711
0.00251632	3.47543	4.21494e-06	0.355849
0.00252475	3.15607	4.21494e-06	0.582208
0.00253318	2.29904	4.21494e-06	0.302586
0.00254161	1.60203	4.21494e-06	0.227793
0.00255004	1.37806	4.21494e-06	0.266371
0.00255847	1.18225	4.21494e-06	0.209846
0.0025669	0.761052	4.21494e-06	0.155269
0.00257533	0.291423	4.21494e-06	0.079144
0.00258376	0.0679269	4.21494e-06	0.0394079
