4.21494e-06	0.0378227	4.21494e-06	0.0223879
1.26448e-05	0.334239	4.21494e-06	0.0948282
2.10747e-05	1.01129	4.21494e-06	0.134579
2.95046e-05	1.41783	4.21494e-06	0.152548
3.79345e-05	2.592	4.21494e-06	0.236147
4.63644e-05	4.96641	4.21494e-06	0.951573
5.47943e-05	5.95786	4.21494e-06	0.370804
6.32241e-05	7.21101	4.21494e-06	0.472131
7.1654e-05	9.78778	4.21494e-06	0.51797
8.00839e-05	12.4868	4.21494e-06	0.592066
8.85138e-05	16.2232	4.21494e-06	0.805382
9.69437e-05	18.8282	4.21494e-06	0.787979
0.000105374	23.9354	4.21494e-06	1.17461
0.000113803	25.2316	4.21494e-06	0.832563
0.000122233	28.4409	4.21494e-06	0.87525
0.000130663	33.9226	4.21494e-06	0.991223
0.000139093	38.0801	4.21494e-06	1.05128
0.000147523	42.8759	4.21494e-06	1.57931
0.000155953	47.593	4.21494e-06	1.51452
0.000164383	54.9356	4.21494e-06	1.41737
0.000172813	60.8885	4.21494e-06	1.58277
0.000181243	64.5954	4.21494e-06	1.45503
0.000189672	71.2587	4.21494e-06	1.69359
0.000198102	75.7023	4.21494e-06	1.50523
0.000206532	82.364	4.21494e-06	1.73913
0.000214962	91.772	4.21494e-06	1.82841
0.000223392	97.9065	4.21494e-06	1.81546
0.000231822	110.155	4.21494e-06	2.61874
0.000240252	110.971	4.21494e-06	1.92832
0.000248682	117.428	4.21494e-06	1.90997
0.000257112	126.453	4.21494e-06	1.98952
0.000265541	133.661	4.21494e-06	1.95598
0.000273971	142.513	4.21494e-06	2.07388
0.000282401	150.014	4.21494e-06	2.52294
0.000290831	159.872	4.21494e-06	2.36731
0.000299261	169.108	4.21494e-06	2.29953
0.000307691	181.484	4.21494e-06	3.03619
0.000316121	184.503	4.21494e-06	2.2779
0.000324551	197.179	4.21494e-06	3.01074
0.00033298	208.672	4.21494e-06	2.42217
0.00034141	219.04	4.21494e-06	4.1986
0.00034984	229.62	4.21494e-06	3.01781
0.00035827	244.633	4.21494e-06	3.33466
0.0003667	247.349	4.21494e-06	2.73529
0.00037513	259.253	4.21494e-06	2.70913
0.00038356	266.793	4.21494e-06	2.84042
0.00039199	280.553	4.21494e-06	3.46445
0.00040042	291.218	4.21494e-06	3.44115
0.000408849	316.017	4.21494e-06	7.01755
0.000417279	311.195	4.21494e-06	4.46446
0.000425709	327.23	4.21494e-06	3.21226
0.000434139	338.21	4.21494e-06	3.60857
0.000442569	348.487	4.21494e-06	4.66726
0.000450999	363.532	4.21494e-06	4.02617
0.000459429	372.765	4.21494e-06	5.23581
0.000467859	374.119	4.21494e-06	3.484
0.000476289	392.032	4.21494e-06	3.51552
0.000484718	399.218	4.21494e-06	3.6105
0.000493148	414.677	4.21494e-06	3.87355
0.000501578	427.579	4.21494e-06	3.73778
0.000510008	438.883	4.21494e-06	3.7615
0.000518438	450.153	4.21494e-06	3.82989
0.000526868	463.85	4.21494e-06	3.82772
0.000535298	468.387	4.21494e-06	3.53662
0.000543728	488.222	4.21494e-06	3.94057
0.000552158	503.945	4.21494e-06	7.88491
0.000560587	506.394	4.21494e-06	4.05044
0.000569017	520.594	4.21494e-06	4.69006
0.000577447	540.309	4.21494e-06	5.60053
0.000585877	548.811	4.21494e-06	4.86983
0.000594307	556.968	4.21494e-06	4.60315
0.000602737	565.555	4.21494e-06	4.02067
0.000611167	589.384	4.21494e-06	9.59527
0.000619597	585.364	4.21494e-06	4.12067
0.000628026	605.303	4.21494e-06	5.12536
0.000636456	613.431	4.21494e-06	4.54372
0.000644886	625.137	4.21494e-06	4.61687
0.000653316	634.92	4.21494e-06	4.57402
0.000661746	650.773	4.21494e-06	4.51898
0.000670176	649.296	4.21494e-06	5.1167
0.000678606	663.242	4.21494e-06	4.23985
0.000687036	683.983	4.21494e-06	6.34823
0.000695466	689.206	4.21494e-06	4.73947
0.000703895	710.708	4.21494e-06	6.25522
0.000712325	708.648	4.21494e-06	4.97711
0.000720755	717.213	4.21494e-06	5.24421
0.000729185	729.293	4.21494e-06	5.95621
0.000737615	741.71	4.21494e-06	6.15907
0.000746045	752.892	4.21494e-06	5.33805
0.000754475	755.476	4.21494e-06	5.07444
0.000762905	757.843	4.21494e-06	4.63384
0.000771335	774.885	4.21494e-06	4.87
0.000779764	775.672	4.21494e-06	4.87142
0.000788194	795.689	4.21494e-06	6.59616
0.000796624	812.079	4.21494e-06	9.24807
0.000805054	801.289	4.21494e-06	4.92861
0.000813484	807.277	4.21494e-06	4.70318
0.000821914	816.638	4.21494e-06	4.96766
0.000830344	822.639	4.21494e-06	4.79961
0.000838774	827.516	4.21494e-06	4.93143
0.000847204	846.176	4.21494e-06	6.29713
0.000855633	846.061	4.21494e-06	7.01265
0.000864063	850.461	4.21494e-06	4.86762
0.000872493	871.324	4.21494e-06	5.992
0.000880923	864.736	4.21494e-06	4.87194
0.000889353	867.876	4.21494e-06	5.84266
0.000897783	885.038	4.21494e-06	7.4367
0.000906213	882.799	4.21494e-06	4.95902
0.000914643	886.184	4.21494e-06	5.87179
0.000923072	888.373	4.21494e-06	4.98726
0.000931502	897.328	4.21494e-06	5.26689
0.000939932	899.312	4.21494e-06	5.81997
0.000948362	906.787	4.21494e-06	5.56563
0.000956792	897.701	4.21494e-06	5.00837
0.000965222	908.949	4.21494e-06	7.21823
0.000973652	912.124	4.21494e-06	5.80106
0.000982082	915.75	4.21494e-06	7.24927
0.000990512	917.047	4.21494e-06	6.32994
0.000998941	909.372	4.21494e-06	6.91822
0.00100737	904.551	4.21494e-06	4.78824
0.0010158	909.914	4.21494e-06	5.28649
0.00102423	911.181	4.21494e-06	6.72723
0.00103266	901.168	4.21494e-06	5.76095
0.00104109	904.426	4.21494e-06	5.02565
0.00104952	917.477	4.21494e-06	6.82328
0.00105795	911.291	4.21494e-06	4.93139
0.00106638	908.023	4.21494e-06	5.08617
0.00107481	901.186	4.21494e-06	5.36497
0.00108324	894.246	4.21494e-06	4.83474
0.00109167	894.111	4.21494e-06	4.76389
0.0011001	896.792	4.21494e-06	5.16161
0.00110853	889.269	4.21494e-06	4.68416
0.00111696	894.149	4.21494e-06	6.156
0.00112539	886.469	4.21494e-06	4.63297
0.00113382	881.211	4.21494e-06	5.03444
0.00114225	882.985	4.21494e-06	4.69539
0.00115068	877.495	4.21494e-06	5.44392
0.00115911	876.092	4.21494e-06	5.52464
0.00116754	855.232	4.21494e-06	4.4322
0.00117597	860.355	4.21494e-06	4.70986
0.0011844	865.801	4.21494e-06	5.22293
0.00119283	852.117	4.21494e-06	4.29492
0.00120126	844.995	4.21494e-06	5.37579
0.00120969	842.113	4.21494e-06	5.50933
0.00121812	840.22	4.21494e-06	4.55166
0.00122655	826.901	4.21494e-06	4.59192
0.00123498	815.24	4.21494e-06	4.38988
0.00124341	809.347	4.21494e-06	4.51507
0.00125184	799.279	4.21494e-06	4.25666
0.00126027	789.408	4.21494e-06	4.18942
0.0012687	796.32	4.21494e-06	4.91276
0.00127713	826.984	4.21494e-06	29.7071
0.00128556	781.062	4.21494e-06	4.37437
0.00129399	774.759	4.21494e-06	5.14753
0.00130242	757.017	4.21494e-06	4.2858
0.00131085	749.531	4.21494e-06	4.51104
0.00131928	738.89	4.21494e-06	4.20554
0.00132771	744.922	4.21494e-06	8.42222
0.00133614	731.138	4.21494e-06	4.46336
0.00134457	715.895	4.21494e-06	4.0608
0.001353	705.048	4.21494e-06	3.90809
0.00136143	700.562	4.21494e-06	4.02788
0.00136986	688.288	4.21494e-06	4.00631
0.00137829	680.21	4.21494e-06	3.9638
0.00138672	685.839	4.21494e-06	5.03933
0.00139515	664.456	4.21494e-06	5.93438
0.00140358	658.988	4.21494e-06	3.99736
0.00141201	651.312	4.21494e-06	3.80002
0.00142044	632.769	4.21494e-06	3.62464
0.00142887	624.163	4.21494e-06	4.27611
0.0014373	622.983	4.21494e-06	5.56361
0.00144573	611.704	4.21494e-06	5.50547
0.00145416	595.71	4.21494e-06	3.5166
0.00146259	585.943	4.21494e-06	3.36952
0.00147102	573.902	4.21494e-06	3.6151
0.00147944	569.361	4.21494e-06	3.6239
0.00148787	557.457	4.21494e-06	3.4849
0.0014963	550.881	4.21494e-06	3.37132
0.00150473	548.083	4.21494e-06	3.7734
0.00151316	528.103	4.21494e-06	3.10229
0.00152159	533.543	4.21494e-06	4.17206
0.00153002	518.048	4.21494e-06	3.38674
0.00153845	499.821	4.21494e-06	3.36027
0.00154688	494.867	4.21494e-06	3.95566
0.00155531	479.687	4.21494e-06	4.33702
0.00156374	505.017	4.21494e-06	20.4237
0.00157217	465.248	4.21494e-06	3.17784
0.0015806	454.08	4.21494e-06	2.95287
0.00158903	442.121	4.21494e-06	2.93034
0.00159746	436.713	4.21494e-06	3.18847
0.00160589	426.414	4.21494e-06	3.01933
0.00161432	423.73	4.21494e-06	4.47855
0.00162275	409.85	4.21494e-06	2.87554
0.00163118	398.46	4.21494e-06	2.94719
0.00163961	389.38	4.21494e-06	2.70984
0.00164804	396.563	4.21494e-06	7.23943
0.00165647	370.803	4.21494e-06	2.6147
0.0016649	363.643	4.21494e-06	2.72264
0.00167333	367.382	4.21494e-06	4.58972
0.00168176	349.941	4.21494e-06	2.42054
0.00169019	341.586	4.21494e-06	2.57293
0.00169862	333.626	4.21494e-06	3.26924
0.00170705	322.355	4.21494e-06	2.56671
0.00171548	314.243	4.21494e-06	2.38751
0.00172391	310.683	4.21494e-06	2.42871
0.00173234	298.177	4.21494e-06	2.40602
0.00174077	293.948	4.21494e-06	2.21433
0.0017492	286.555	4.21494e-06	2.4444
0.00175763	276.71	4.21494e-06	2.13671
0.00176606	269.079	4.21494e-06	2.27445
0.00177449	264.188	4.21494e-06	2.31651
0.00178292	255.767	4.21494e-06	2.09833
0.00179135	247.399	4.21494e-06	2.37113
0.00179978	244.171	4.21494e-06	2.25705
0.00180821	234.625	4.21494e-06	2.35292
0.00181664	230.224	4.21494e-06	2.06494
0.00182507	223.118	4.21494e-06	1.98945
0.0018335	211.433	4.21494e-06	1.93481
0.00184193	208.038	4.21494e-06	2.20888
0.00185036	205.512	4.21494e-06	2.04512
0.00185879	202.255	4.21494e-06	2.25153
0.00186722	187.261	4.21494e-06	1.65091
0.00187565	185.011	4.21494e-06	1.66497
0.00188408	181.643	4.21494e-06	2.49467
0.00189251	174.74	4.21494e-06	1.81316
0.00190094	167.966	4.21494e-06	1.81387
0.00190937	159.349	4.21494e-06	1.53522
0.0019178	157.096	4.21494e-06	1.58101
0.00192623	152.948	4.21494e-06	1.68163
0.00193466	151.645	4.21494e-06	2.21472
0.00194309	142.804	4.21494e-06	1.47237
0.00195152	136.924	4.21494e-06	1.73887
0.00195995	137.207	4.21494e-06	4.2604
0.00196838	128.768	4.21494e-06	1.39359
0.00197681	126.618	4.21494e-06	1.60493
0.00198524	119.89	4.21494e-06	1.42638
0.00199367	114.156	4.21494e-06	1.29575
0.0020021	113.844	4.21494e-06	1.42175
0.00201053	106.455	4.21494e-06	1.23143
0.00201896	101.6	4.21494e-06	1.2798
0.00202739	99.0467	4.21494e-06	1.18216
0.00203582	95.7955	4.21494e-06	1.11804
0.00204425	96.182	4.21494e-06	1.89658
0.00205268	89.8488	4.21494e-06	1.15045
0.00206111	86.6432	4.21494e-06	1.11339
0.00206954	83.9093	4.21494e-06	1.17602
0.00207797	78.767	4.21494e-06	1.09704
0.0020864	77.2195	4.21494e-06	1.03584
0.00209483	73.2698	4.21494e-06	0.98778
0.00210326	71.9983	4.21494e-06	1.05595
0.00211169	67.5615	4.21494e-06	1.07796
0.00212012	65.2369	4.21494e-06	0.952195
0.00212855	61.2737	4.21494e-06	0.938426
0.00213698	58.3373	4.21494e-06	0.855011
0.00214541	56.7789	4.21494e-06	0.843036
0.00215384	54.9122	4.21494e-06	0.849054
0.00216227	51.6657	4.21494e-06	0.807355
0.0021707	48.7298	4.21494e-06	0.801813
0.00217913	46.8897	4.21494e-06	0.747277
0.00218756	45.8687	4.21494e-06	0.767119
0.00219599	43.6611	4.21494e-06	0.706989
0.00220442	42.068	4.21494e-06	0.692137
0.00221285	39.483	4.21494e-06	0.693508
0.00222127	38.5615	4.21494e-06	0.665583
0.0022297	36.4124	4.21494e-06	0.642529
0.00223813	35.1456	4.21494e-06	0.642757
0.00224656	34.2758	4.21494e-06	0.623968
0.00225499	30.7804	4.21494e-06	0.586848
0.00226342	29.7668	4.21494e-06	0.578552
0.00227185	27.8626	4.21494e-06	0.559266
0.00228028	26.7204	4.21494e-06	0.541648
0.00228871	25.4268	4.21494e-06	0.521977
0.00229714	24.4959	4.21494e-06	0.513746
0.00230557	22.8076	4.21494e-06	0.496575
0.002314	21.5727	4.21494e-06	0.478086
0.00232243	20.0385	4.21494e-06	0.461187
0.00233086	18.5913	4.21494e-06	0.443113
0.00233929	18.5612	4.21494e-06	0.446264
0.00234772	16.8725	4.21494e-06	0.417379
0.00235615	15.8813	4.21494e-06	0.405973
0.00236458	14.8006	4.21494e-06	0.388018
0.00237301	14.5425	4.21494e-06	0.387229
0.00238144	12.6211	4.21494e-06	0.354755
0.00238987	12.6819	4.21494e-06	0.358894
0.0023983	11.1522	4.21494e-06	0.331936
0.00240673	10.7415	4.21494e-06	0.324529
0.00241516	9.92345	4.21494e-06	0.308873
0.00242359	9.25541	4.21494e-06	0.301246
0.00243202	8.52989	4.21494e-06	0.287978
0.00244045	8.03105	4.21494e-06	0.27891
0.00244888	7.48143	4.21494e-06	0.267559
0.00245731	6.54255	4.21494e-06	0.2495
0.00246574	6.05735	4.21494e-06	0.238848
0.00247417	5.36638	4.21494e-06	0.225278
0.0024826	4.91274	4.21494e-06	0.216919
0.00249103	4.57226	4.21494e-06	0.206615
0.00249946	3.82456	4.21494e-06	0.187016
0.00250789	3.77878	4.21494e-06	0.186406
0.00251632	3.08865	4.21494e-06	0.169106
0.00252475	2.74097	4.21494e-06	0.157384
0.00253318	2.02135	4.21494e-06	0.13497
0.00254161	1.83876	4.21494e-06	0.128901
0.00255004	1.26695	4.21494e-06	0.105306
0.00255847	0.836032	4.21494e-06	0.0856808
0.0025669	0.619345	4.21494e-06	0.0731257
0.00257533	0.285682	4.21494e-06	0.0498003
0.00258376	0.0176421	4.21494e-06	0.0124768
