4.21494e-06	0.0567194	4.21494e-06	0.0233796
1.26448e-05	0.275132	4.21494e-06	0.0600153
2.10747e-05	0.733451	4.21494e-06	0.105305
2.95046e-05	1.7386	4.21494e-06	0.160377
3.79345e-05	2.98443	4.21494e-06	0.267558
4.63644e-05	4.06824	4.21494e-06	0.275065
5.47943e-05	5.631	4.21494e-06	0.35294
6.32241e-05	7.01771	4.21494e-06	0.315072
7.1654e-05	10.6572	4.21494e-06	0.544245
8.00839e-05	12.2925	4.21494e-06	0.528715
8.85138e-05	15.4042	4.21494e-06	0.928625
9.69437e-05	18.3825	4.21494e-06	0.675722
0.000105374	20.2137	4.21494e-06	0.76891
0.000113803	26.1892	4.21494e-06	1.04628
0.000122233	27.7415	4.21494e-06	0.789703
0.000130663	32.4744	4.21494e-06	0.936932
0.000139093	38.0451	4.21494e-06	1.1248
0.000147523	40.2931	4.21494e-06	1.03685
0.000155953	49.2775	4.21494e-06	1.50103
0.000164383	50.2133	4.21494e-06	1.08371
0.000172813	56.4857	4.21494e-06	1.33575
0.000181243	65.5046	4.21494e-06	1.67016
0.000189672	66.9925	4.21494e-06	1.43704
0.000198102	75.9456	4.21494e-06	1.53174
0.000206532	79.6173	4.21494e-06	1.40636
0.000214962	86.2467	4.21494e-06	1.41167
0.000223392	93.331	4.21494e-06	1.61159
0.000231822	98.246	4.21494e-06	1.63112
0.000240252	109.684	4.21494e-06	2.24751
0.000248682	115.851	4.21494e-06	1.76887
0.000257112	125.271	4.21494e-06	1.73418
0.000265541	130.495	4.21494e-06	2.30055
0.000273971	142.585	4.21494e-06	2.2326
0.000282401	145.372	4.21494e-06	1.91481
0.000290831	157.802	4.21494e-06	2.75676
0.000299261	162.897	4.21494e-06	2.34355
0.000307691	177.912	4.21494e-06	2.43875
0.000316121	184.216	4.21494e-06	2.43315
0.000324551	190.48	4.21494e-06	2.25613
0.00033298	203.041	4.21494e-06	2.53025
0.00034141	206.142	4.21494e-06	2.25551
0.00034984	220.565	4.21494e-06	2.73445
0.00035827	231.418	4.21494e-06	2.61293
0.0003667	238.318	4.21494e-06	2.58451
0.00037513	255.433	4.21494e-06	3.32441
0.00038356	263.348	4.21494e-06	2.85954
0.00039199	270.531	4.21494e-06	3.25973
0.00040042	283.97	4.21494e-06	5.59329
0.000408849	289.295	4.21494e-06	2.82774
0.000417279	305.044	4.21494e-06	3.2837
0.000425709	314.736	4.21494e-06	3.41843
0.000434139	333.671	4.21494e-06	3.33076
0.000442569	339.631	4.21494e-06	3.24364
0.000450999	349.925	4.21494e-06	3.21191
0.000459429	361.213	4.21494e-06	3.35658
0.000467859	369.474	4.21494e-06	3.1539
0.000476289	384.139	4.21494e-06	3.85713
0.000484718	398.083	4.21494e-06	4.01416
0.000493148	403.858	4.21494e-06	3.6814
0.000501578	424.41	4.21494e-06	3.58843
0.000510008	429.927	4.21494e-06	3.56451
0.000518438	441.898	4.21494e-06	3.48952
0.000526868	449.867	4.21494e-06	4.20105
0.000535298	465.421	4.21494e-06	4.13572
0.000543728	479.028	4.21494e-06	3.84705
0.000552158	488.755	4.21494e-06	4.02424
0.000560587	498.865	4.21494e-06	4.28527
0.000569017	510.037	4.21494e-06	4.11339
0.000577447	519.395	4.21494e-06	4.06942
0.000585877	536.737	4.21494e-06	4.15535
0.000594307	556.261	4.21494e-06	5.46502
0.000602737	584.496	4.21494e-06	10.2037
0.000611167	571.965	4.21494e-06	4.93583
0.000619597	576.641	4.21494e-06	4.17344
0.000628026	587.207	4.21494e-06	4.19995
0.000636456	604.266	4.21494e-06	4.37563
0.000644886	617.704	4.21494e-06	4.56167
0.000653316	631.437	4.21494e-06	4.69692
0.000661746	641.123	4.21494e-06	5.35124
0.000670176	651.548	4.21494e-06	4.4261
0.000678606	656.648	4.21494e-06	4.73469
0.000687036	687.215	4.21494e-06	6.88342
0.000695466	710.69	4.21494e-06	18.4763
0.000703895	688.476	4.21494e-06	4.88064
0.000712325	695.504	4.21494e-06	4.41088
0.000720755	713.72	4.21494e-06	5.3523
0.000729185	718.944	4.21494e-06	5.085
0.000737615	720.183	4.21494e-06	4.48406
0.000746045	782.083	4.21494e-06	18.9272
0.000754475	752.121	4.21494e-06	5.72461
0.000762905	759.348	4.21494e-06	5.22803
0.000771335	768.233	4.21494e-06	5.3315
0.000779764	780.163	4.21494e-06	5.7348
0.000788194	789.577	4.21494e-06	5.16932
0.000796624	793.804	4.21494e-06	5.8264
0.000805054	813.269	4.21494e-06	8.81001
0.000813484	807.281	4.21494e-06	5.25835
0.000821914	821.318	4.21494e-06	5.59116
0.000830344	825.795	4.21494e-06	6.99485
0.000838774	828.015	4.21494e-06	5.26125
0.000847204	838.074	4.21494e-06	5.7541
0.000855633	840.849	4.21494e-06	5.27996
0.000864063	857.287	4.21494e-06	5.77592
0.000872493	860.495	4.21494e-06	6.61978
0.000880923	869.337	4.21494e-06	6.01501
0.000889353	872.932	4.21494e-06	9.18594
0.000897783	867.719	4.21494e-06	5.31242
0.000906213	880.083	4.21494e-06	7.41934
0.000914643	883.272	4.21494e-06	5.78682
0.000923072	893.006	4.21494e-06	7.85989
0.000931502	886.998	4.21494e-06	5.32646
0.000939932	883.9	4.21494e-06	5.83276
0.000948362	902.086	4.21494e-06	9.38893
0.000956792	896.622	4.21494e-06	5.5331
0.000965222	894.03	4.21494e-06	5.38079
0.000973652	896.591	4.21494e-06	5.05162
0.000982082	904.82	4.21494e-06	6.08143
0.000990512	908.743	4.21494e-06	6.13719
0.000998941	909.465	4.21494e-06	5.6244
0.00100737	906.045	4.21494e-06	6.19303
0.0010158	896.833	4.21494e-06	5.76971
0.00102423	909.342	4.21494e-06	5.16138
0.00103266	911.239	4.21494e-06	5.48277
0.00104109	910.422	4.21494e-06	5.43048
0.00104952	909.539	4.21494e-06	5.26731
0.00105795	907.307	4.21494e-06	5.93266
0.00106638	911.685	4.21494e-06	6.22592
0.00107481	907.262	4.21494e-06	5.51231
0.00108324	903.445	4.21494e-06	5.78978
0.00109167	903.353	4.21494e-06	5.88486
0.0011001	900.218	4.21494e-06	5.62822
0.00110853	903.052	4.21494e-06	5.53766
0.00111696	900.267	4.21494e-06	5.90676
0.00112539	884.627	4.21494e-06	5.33695
0.00113382	892.599	4.21494e-06	6.40845
0.00114225	884.473	4.21494e-06	6.7585
0.00115068	871.791	4.21494e-06	5.78093
0.00115911	873.258	4.21494e-06	6.01798
0.00116754	871.673	4.21494e-06	5.58301
0.00117597	865.046	4.21494e-06	5.42105
0.0011844	862.736	4.21494e-06	5.28574
0.00119283	849.814	4.21494e-06	5.65037
0.00120126	840.62	4.21494e-06	5.35701
0.00120969	845.654	4.21494e-06	5.0529
0.00121812	823.233	4.21494e-06	5.11117
0.00122655	831.245	4.21494e-06	5.13455
0.00123498	823.112	4.21494e-06	6.83645
0.00124341	817.203	4.21494e-06	5.64586
0.00125184	806.678	4.21494e-06	5.02281
0.00126027	811.012	4.21494e-06	5.7831
0.0012687	795.966	4.21494e-06	5.14511
0.00127713	783.669	4.21494e-06	5.41877
0.00128556	782.939	4.21494e-06	6.91904
0.00129399	772.739	4.21494e-06	4.91538
0.00130242	770.729	4.21494e-06	5.58117
0.00131085	753.13	4.21494e-06	4.97713
0.00131928	759.801	4.21494e-06	8.26217
0.00132771	744.005	4.21494e-06	5.32066
0.00133614	726.344	4.21494e-06	4.63009
0.00134457	719	4.21494e-06	4.50754
0.001353	713.274	4.21494e-06	4.67355
0.00136143	701.606	4.21494e-06	4.53684
0.00136986	706.193	4.21494e-06	4.92406
0.00137829	685.421	4.21494e-06	4.40889
0.00138672	690.74	4.21494e-06	5.32982
0.00139515	667.48	4.21494e-06	4.57668
0.00140358	669.167	4.21494e-06	6.23251
0.00141201	653.639	4.21494e-06	5.06175
0.00142044	642.363	4.21494e-06	4.70839
0.00142887	640.113	4.21494e-06	4.79214
0.0014373	635.956	4.21494e-06	7.30578
0.00144573	620.256	4.21494e-06	4.646
0.00145416	597.561	4.21494e-06	4.40313
0.00146259	598.267	4.21494e-06	4.40529
0.00147102	588.992	4.21494e-06	5.09035
0.00147944	574.478	4.21494e-06	4.35552
0.00148787	571.614	4.21494e-06	4.56619
0.0014963	557.079	4.21494e-06	4.99018
0.00150473	546.474	4.21494e-06	4.3226
0.00151316	540.522	4.21494e-06	4.89505
0.00152159	519.339	4.21494e-06	3.74187
0.00153002	515.736	4.21494e-06	4.55289
0.00153845	512.065	4.21494e-06	4.24305
0.00154688	506.319	4.21494e-06	4.52601
0.00155531	492.855	4.21494e-06	4.03867
0.00156374	492.461	4.21494e-06	6.78044
0.00157217	471.245	4.21494e-06	3.9208
0.0015806	459.131	4.21494e-06	3.6641
0.00158903	452.014	4.21494e-06	3.92694
0.00159746	443.261	4.21494e-06	3.6767
0.00160589	434.463	4.21494e-06	3.48829
0.00161432	417.726	4.21494e-06	3.68927
0.00162275	412.806	4.21494e-06	3.8931
0.00163118	416.545	4.21494e-06	4.49358
0.00163961	400.034	4.21494e-06	3.72992
0.00164804	386.344	4.21494e-06	3.59755
0.00165647	376.506	4.21494e-06	3.83138
0.0016649	372.253	4.21494e-06	3.54213
0.00167333	352.649	4.21494e-06	3.03522
0.00168176	350.048	4.21494e-06	3.22158
0.00169019	355.43	4.21494e-06	4.08524
0.00169862	335.759	4.21494e-06	3.13738
0.00170705	333.01	4.21494e-06	3.88194
0.00171548	326.38	4.21494e-06	3.48197
0.00172391	309.82	4.21494e-06	3.05138
0.00173234	306.616	4.21494e-06	3.17673
0.00174077	296.798	4.21494e-06	3.0513
0.0017492	287.901	4.21494e-06	2.94783
0.00175763	288.847	4.21494e-06	4.67204
0.00176606	276.238	4.21494e-06	2.95984
0.00177449	271.43	4.21494e-06	3.11142
0.00178292	265.427	4.21494e-06	3.57302
0.00179135	251.26	4.21494e-06	2.96342
0.00179978	243.894	4.21494e-06	2.82782
0.00180821	236.932	4.21494e-06	2.44521
0.00181664	229.704	4.21494e-06	2.93363
0.00182507	228.238	4.21494e-06	2.88804
0.0018335	226.352	4.21494e-06	5.14091
0.00184193	212.476	4.21494e-06	2.74209
0.00185036	210.771	4.21494e-06	2.76465
0.00185879	203.669	4.21494e-06	2.62577
0.00186722	197.456	4.21494e-06	2.5272
0.00187565	185.7	4.21494e-06	2.37485
0.00188408	182.608	4.21494e-06	2.38993
0.00189251	174.162	4.21494e-06	2.15939
0.00190094	179.764	4.21494e-06	7.2964
0.00190937	165.98	4.21494e-06	2.47385
0.0019178	162.391	4.21494e-06	2.23865
0.00192623	159.844	4.21494e-06	2.61795
0.00193466	150.748	4.21494e-06	2.07255
0.00194309	143.817	4.21494e-06	2.24782
0.00195152	140.61	4.21494e-06	1.97947
0.00195995	137.832	4.21494e-06	2.18633
0.00196838	133.297	4.21494e-06	2.06358
0.00197681	124.989	4.21494e-06	2.05036
0.00198524	120.511	4.21494e-06	1.77814
0.00199367	119.058	4.21494e-06	1.83505
0.0020021	113.612	4.21494e-06	1.88352
0.00201053	110.638	4.21494e-06	1.78756
0.00201896	105.647	4.21494e-06	1.72146
0.00202739	100.744	4.21494e-06	1.63975
0.00203582	101.011	4.21494e-06	2.23972
0.00204425	96.7421	4.21494e-06	2.27284
0.00205268	89.0435	4.21494e-06	1.50929
0.00206111	89.1773	4.21494e-06	1.83635
0.00206954	83.9617	4.21494e-06	1.43798
0.00207797	81.5136	4.21494e-06	1.5598
0.0020864	79.4597	4.21494e-06	1.69512
0.00209483	75.8343	4.21494e-06	1.42361
0.00210326	72.4788	4.21494e-06	1.44448
0.00211169	69.2359	4.21494e-06	1.4878
0.00212012	67.1147	4.21494e-06	1.4601
0.00212855	62.6665	4.21494e-06	1.18629
0.00213698	61.535	4.21494e-06	1.35425
0.00214541	59.7279	4.21494e-06	1.37947
0.00215384	58.2382	4.21494e-06	2.55168
0.00216227	53.014	4.21494e-06	1.18878
0.0021707	50.8348	4.21494e-06	1.08901
0.00217913	48.0008	4.21494e-06	1.07592
0.00218756	49.1864	4.21494e-06	1.31811
0.00219599	44.9733	4.21494e-06	1.21948
0.00220442	43.0886	4.21494e-06	1.21948
0.00221285	41.0294	4.21494e-06	1.1992
0.00222127	38.9477	4.21494e-06	1.25635
0.0022297	38.4167	4.21494e-06	1.03952
0.00223813	36.0552	4.21494e-06	1.00779
0.00224656	35.4692	4.21494e-06	1.55102
0.00225499	30.2044	4.21494e-06	0.783609
0.00226342	31.5768	4.21494e-06	0.984579
0.00227185	29.7876	4.21494e-06	1.42291
0.00228028	27.6582	4.21494e-06	0.753925
0.00228871	27.282	4.21494e-06	1.09039
0.00229714	25.0544	4.21494e-06	0.78808
0.00230557	23.3822	4.21494e-06	0.764681
0.002314	23.4795	4.21494e-06	0.799981
0.00232243	19.7801	4.21494e-06	0.634857
0.00233086	20.8484	4.21494e-06	0.669718
0.00233929	18.9157	4.21494e-06	0.898057
0.00234772	20.0195	4.21494e-06	1.60067
0.00235615	16.7733	4.21494e-06	0.563353
0.00236458	15.1945	4.21494e-06	0.635505
0.00237301	14.6681	4.21494e-06	0.61473
0.00238144	13.5888	4.21494e-06	0.511009
0.00238987	13.0732	4.21494e-06	0.56997
0.0023983	11.4575	4.21494e-06	0.417839
0.00240673	11.1664	4.21494e-06	0.479914
0.00241516	9.3996	4.21494e-06	0.477052
0.00242359	10.4549	4.21494e-06	0.626972
0.00243202	9.27572	4.21494e-06	0.411218
0.00244045	7.95002	4.21494e-06	0.361505
0.00244888	7.60788	4.21494e-06	0.363315
0.00245731	7.13966	4.21494e-06	0.367289
0.00246574	6.94712	4.21494e-06	0.34632
0.00247417	5.6757	4.21494e-06	0.299707
0.0024826	5.22788	4.21494e-06	0.290208
0.00249103	4.27987	4.21494e-06	0.243348
0.00249946	3.98095	4.21494e-06	0.236877
0.00250789	3.59784	4.21494e-06	0.227786
0.00251632	3.0612	4.21494e-06	0.200736
0.00252475	2.62521	4.21494e-06	0.186215
0.00253318	2.15554	4.21494e-06	0.165676
0.00254161	1.78963	4.21494e-06	0.148645
0.00255004	1.30568	4.21494e-06	0.128821
0.00255847	0.784658	4.21494e-06	0.1024
0.0025669	0.616677	4.21494e-06	0.0856908
0.00257533	0.400939	4.21494e-06	0.0684219
0.00258376	0.024792	4.21494e-06	0.0175667
