4.21494e-06	0.0430496	4.21494e-06	0.0224959
1.26448e-05	0.255409	4.21494e-06	0.0471062
2.10747e-05	1.04192	4.21494e-06	0.158758
2.95046e-05	1.7343	4.21494e-06	0.177047
3.79345e-05	2.70836	4.21494e-06	0.226389
4.63644e-05	3.69464	4.21494e-06	0.231167
5.47943e-05	5.64871	4.21494e-06	0.382928
6.32241e-05	6.92303	4.21494e-06	0.408588
7.1654e-05	9.23133	4.21494e-06	0.450054
8.00839e-05	12.6799	4.21494e-06	0.585636
8.85138e-05	14.3636	4.21494e-06	0.49546
9.69437e-05	16.3759	4.21494e-06	0.593953
0.000105374	20.9959	4.21494e-06	0.729639
0.000113803	24.4982	4.21494e-06	0.748166
0.000122233	28.9284	4.21494e-06	0.852672
0.000130663	31.7369	4.21494e-06	1.10922
0.000139093	35.4456	4.21494e-06	0.909135
0.000147523	41.1903	4.21494e-06	1.30534
0.000155953	47.3297	4.21494e-06	1.14841
0.000164383	47.92	4.21494e-06	1.22237
0.000172813	56.7404	4.21494e-06	1.30553
0.000181243	61.7744	4.21494e-06	1.21946
0.000189672	64.9262	4.21494e-06	1.2272
0.000198102	72.3938	4.21494e-06	1.50248
0.000206532	77.1636	4.21494e-06	1.36482
0.000214962	83.8691	4.21494e-06	1.90009
0.000223392	91.5831	4.21494e-06	1.81222
0.000231822	100.476	4.21494e-06	2.40814
0.000240252	106.898	4.21494e-06	1.95057
0.000248682	110.069	4.21494e-06	1.72538
0.000257112	119.186	4.21494e-06	1.76436
0.000265541	129.987	4.21494e-06	1.8098
0.000273971	134.324	4.21494e-06	2.25231
0.000282401	145.396	4.21494e-06	2.08358
0.000290831	151.956	4.21494e-06	2.29297
0.000299261	165.734	4.21494e-06	2.99573
0.000307691	169.54	4.21494e-06	2.369
0.000316121	181.112	4.21494e-06	3.04312
0.000324551	190.159	4.21494e-06	2.41101
0.00033298	199.841	4.21494e-06	3.05811
0.00034141	209.211	4.21494e-06	2.96357
0.00034984	216.982	4.21494e-06	2.46046
0.00035827	223.2	4.21494e-06	2.80482
0.0003667	237.742	4.21494e-06	2.8664
0.00037513	250.105	4.21494e-06	2.89589
0.00038356	256.252	4.21494e-06	3.34727
0.00039199	279.993	4.21494e-06	4.78627
0.00040042	285.558	4.21494e-06	5.05946
0.000408849	289.378	4.21494e-06	2.91754
0.000417279	295.116	4.21494e-06	2.74901
0.000425709	307.768	4.21494e-06	3.10927
0.000434139	321.441	4.21494e-06	3.0382
0.000442569	328.278	4.21494e-06	4.03022
0.000450999	356.78	4.21494e-06	5.37205
0.000459429	352.976	4.21494e-06	3.25254
0.000467859	358.36	4.21494e-06	3.02464
0.000476289	373.683	4.21494e-06	3.4159
0.000484718	396.236	4.21494e-06	4.13657
0.000493148	403.156	4.21494e-06	3.44738
0.000501578	408.332	4.21494e-06	3.35849
0.000510008	425.902	4.21494e-06	4.63822
0.000518438	430.959	4.21494e-06	3.38395
0.000526868	448.94	4.21494e-06	4.18568
0.000535298	457.161	4.21494e-06	3.56461
0.000543728	479.815	4.21494e-06	5.67261
0.000552158	480.658	4.21494e-06	3.97565
0.000560587	490.614	4.21494e-06	3.69188
0.000569017	514.983	4.21494e-06	7.80881
0.000577447	525.914	4.21494e-06	5.23303
0.000585877	536.942	4.21494e-06	5.29837
0.000594307	542.538	4.21494e-06	4.38708
0.000602737	559.542	4.21494e-06	4.78352
0.000611167	569.25	4.21494e-06	4.78449
0.000619597	568.7	4.21494e-06	4.08581
0.000628026	591.773	4.21494e-06	4.55901
0.000636456	607.294	4.21494e-06	5.51201
0.000644886	612.103	4.21494e-06	4.32196
0.000653316	622.443	4.21494e-06	4.73328
0.000661746	630.237	4.21494e-06	4.77429
0.000670176	644.583	4.21494e-06	5.68832
0.000678606	650.811	4.21494e-06	4.65564
0.000687036	677.321	4.21494e-06	5.08815
0.000695466	686.574	4.21494e-06	4.96182
0.000703895	688.301	4.21494e-06	4.90235
0.000712325	702.54	4.21494e-06	6.22027
0.000720755	704.164	4.21494e-06	4.99565
0.000729185	711.656	4.21494e-06	4.51517
0.000737615	728.131	4.21494e-06	6.13938
0.000746045	741.2	4.21494e-06	5.48131
0.000754475	745.732	4.21494e-06	5.04977
0.000762905	753.825	4.21494e-06	4.93361
0.000771335	760.639	4.21494e-06	4.69063
0.000779764	775.681	4.21494e-06	6.01195
0.000788194	789.503	4.21494e-06	6.66338
0.000796624	800.204	4.21494e-06	8.66489
0.000805054	796.89	4.21494e-06	5.11541
0.000813484	806.04	4.21494e-06	4.9697
0.000821914	814.315	4.21494e-06	5.49357
0.000830344	814.965	4.21494e-06	4.98338
0.000838774	828.675	4.21494e-06	5.73035
0.000847204	831.115	4.21494e-06	6.44368
0.000855633	843.376	4.21494e-06	6.33405
0.000864063	843.733	4.21494e-06	5.19217
0.000872493	859.652	4.21494e-06	5.27259
0.000880923	856.639	4.21494e-06	5.04062
0.000889353	860.072	4.21494e-06	4.98764
0.000897783	878.319	4.21494e-06	6.91919
0.000906213	868.954	4.21494e-06	5.035
0.000914643	874.93	4.21494e-06	5.37833
0.000923072	892.653	4.21494e-06	6.50563
0.000931502	884.694	4.21494e-06	5.45755
0.000939932	885.093	4.21494e-06	5.23769
0.000948362	896.329	4.21494e-06	6.9191
0.000956792	900.939	4.21494e-06	6.45677
0.000965222	917.317	4.21494e-06	8.39632
0.000973652	900.607	4.21494e-06	5.61796
0.000982082	909.781	4.21494e-06	6.49138
0.000990512	918.442	4.21494e-06	6.58861
0.000998941	903.587	4.21494e-06	5.52593
0.00100737	909.697	4.21494e-06	6.49464
0.0010158	914.41	4.21494e-06	5.4738
0.00102423	907.239	4.21494e-06	5.72868
0.00103266	927.258	4.21494e-06	10.0136
0.00104109	917.233	4.21494e-06	8.22946
0.00104952	914.942	4.21494e-06	6.61688
0.00105795	908.423	4.21494e-06	6.02135
0.00106638	907.485	4.21494e-06	5.62683
0.00107481	913.171	4.21494e-06	6.67334
0.00108324	917.895	4.21494e-06	7.27489
0.00109167	922.446	4.21494e-06	14.4714
0.0011001	905.834	4.21494e-06	5.79063
0.00110853	906.685	4.21494e-06	8.39542
0.00111696	891.103	4.21494e-06	5.14292
0.00112539	891.16	4.21494e-06	6.24764
0.00113382	882.193	4.21494e-06	5.53706
0.00114225	886.645	4.21494e-06	5.37896
0.00115068	876.986	4.21494e-06	5.14115
0.00115911	881.634	4.21494e-06	6.54266
0.00116754	879.039	4.21494e-06	6.87824
0.00117597	867.846	4.21494e-06	5.64671
0.0011844	862.243	4.21494e-06	5.34334
0.00119283	852.4	4.21494e-06	5.29528
0.00120126	848.92	4.21494e-06	5.19836
0.00120969	848.927	4.21494e-06	5.44292
0.00121812	838.264	4.21494e-06	5.14721
0.00122655	825.031	4.21494e-06	5.36791
0.00123498	825.482	4.21494e-06	5.59983
0.00124341	820.854	4.21494e-06	5.80314
0.00125184	830.258	4.21494e-06	11.4825
0.00126027	804.299	4.21494e-06	5.18596
0.0012687	802.381	4.21494e-06	5.80003
0.00127713	795.885	4.21494e-06	5.69747
0.00128556	781.174	4.21494e-06	5.16951
0.00129399	784.115	4.21494e-06	6.18055
0.00130242	761.391	4.21494e-06	4.87511
0.00131085	757.369	4.21494e-06	4.93117
0.00131928	768.972	4.21494e-06	7.32281
0.00132771	752.965	4.21494e-06	5.5181
0.00133614	737.636	4.21494e-06	5.21787
0.00134457	727.872	4.21494e-06	5.4585
0.001353	723.916	4.21494e-06	7.03923
0.00136143	703.159	4.21494e-06	4.51358
0.00136986	702.552	4.21494e-06	5.1532
0.00137829	692.762	4.21494e-06	4.8209
0.00138672	680.89	4.21494e-06	5.17355
0.00139515	672.366	4.21494e-06	4.72948
0.00140358	664.16	4.21494e-06	4.96119
0.00141201	664.483	4.21494e-06	6.49279
0.00142044	657.634	4.21494e-06	5.08746
0.00142887	641.389	4.21494e-06	4.46441
0.0014373	638.208	4.21494e-06	6.06796
0.00144573	624.388	4.21494e-06	4.83395
0.00145416	627.503	4.21494e-06	11.1854
0.00146259	599.917	4.21494e-06	4.36966
0.00147102	594.572	4.21494e-06	7.18916
0.00147944	583.428	4.21494e-06	4.6436
0.00148787	579.713	4.21494e-06	5.56921
0.0014963	568.669	4.21494e-06	4.90054
0.00150473	549.1	4.21494e-06	4.49411
0.00151316	531.347	4.21494e-06	3.91468
0.00152159	525.796	4.21494e-06	4.08634
0.00153002	524.9	4.21494e-06	5.2098
0.00153845	515.073	4.21494e-06	4.29181
0.00154688	501.853	4.21494e-06	4.347
0.00155531	491.446	4.21494e-06	3.85159
0.00156374	488.458	4.21494e-06	4.79328
0.00157217	476.659	4.21494e-06	5.73012
0.0015806	466.629	4.21494e-06	4.51929
0.00158903	462.718	4.21494e-06	6.32429
0.00159746	446.327	4.21494e-06	3.93844
0.00160589	434.671	4.21494e-06	3.85343
0.00161432	420.137	4.21494e-06	3.60183
0.00162275	415.622	4.21494e-06	3.70129
0.00163118	416.583	4.21494e-06	4.06801
0.00163961	406.717	4.21494e-06	6.67075
0.00164804	393.163	4.21494e-06	3.9085
0.00165647	382.167	4.21494e-06	3.39248
0.0016649	370.631	4.21494e-06	3.39189
0.00167333	368.729	4.21494e-06	3.67855
0.00168176	358.64	4.21494e-06	4.17227
0.00169019	348.876	4.21494e-06	3.62028
0.00169862	337.986	4.21494e-06	3.66819
0.00170705	331.507	4.21494e-06	3.13203
0.00171548	323.296	4.21494e-06	3.58981
0.00172391	312.123	4.21494e-06	3.06123
0.00173234	311.57	4.21494e-06	4.97153
0.00174077	297.735	4.21494e-06	3.21496
0.0017492	292.969	4.21494e-06	2.94092
0.00175763	281.929	4.21494e-06	6.3257
0.00176606	273.645	4.21494e-06	2.89425
0.00177449	269.439	4.21494e-06	2.78541
0.00178292	266.575	4.21494e-06	4.48295
0.00179135	252.684	4.21494e-06	2.95179
0.00179978	248.489	4.21494e-06	2.89887
0.00180821	236.969	4.21494e-06	2.60898
0.00181664	232.713	4.21494e-06	2.87192
0.00182507	224.332	4.21494e-06	2.50058
0.0018335	224.334	4.21494e-06	4.23622
0.00184193	212.76	4.21494e-06	2.44607
0.00185036	208.186	4.21494e-06	2.48191
0.00185879	203.218	4.21494e-06	2.42426
0.00186722	199.977	4.21494e-06	3.19404
0.00187565	190.955	4.21494e-06	3.28801
0.00188408	182.953	4.21494e-06	2.17823
0.00189251	185.649	4.21494e-06	3.20408
0.00190094	174.23	4.21494e-06	2.48126
0.00190937	166.401	4.21494e-06	2.39431
0.0019178	163.883	4.21494e-06	2.21793
0.00192623	161.957	4.21494e-06	2.73503
0.00193466	147.929	4.21494e-06	2.01558
0.00194309	144.947	4.21494e-06	2.1941
0.00195152	141.325	4.21494e-06	2.04367
0.00195995	138.707	4.21494e-06	2.24432
0.00196838	131.55	4.21494e-06	2.0716
0.00197681	129.073	4.21494e-06	2.0407
0.00198524	122.056	4.21494e-06	1.85124
0.00199367	117.396	4.21494e-06	1.86106
0.0020021	111.875	4.21494e-06	1.85189
0.00201053	111.814	4.21494e-06	2.01014
0.00201896	108.888	4.21494e-06	2.46515
0.00202739	106.543	4.21494e-06	2.51059
0.00203582	97.5508	4.21494e-06	1.82353
0.00204425	90.2928	4.21494e-06	1.5301
0.00205268	91.2255	4.21494e-06	1.78751
0.00206111	87.7271	4.21494e-06	1.57586
0.00206954	84.6071	4.21494e-06	1.58275
0.00207797	83.7614	4.21494e-06	1.89719
0.0020864	80.0545	4.21494e-06	1.49273
0.00209483	80.699	4.21494e-06	2.85992
0.00210326	72.1144	4.21494e-06	1.36793
0.00211169	65.7455	4.21494e-06	1.40296
0.00212012	66.7002	4.21494e-06	1.46578
0.00212855	67.8825	4.21494e-06	3.00058
0.00213698	58.589	4.21494e-06	1.23696
0.00214541	58.2281	4.21494e-06	1.14393
0.00215384	58.7218	4.21494e-06	1.78531
0.00216227	52.8377	4.21494e-06	1.18544
0.0021707	51.1215	4.21494e-06	1.20027
0.00217913	48.4954	4.21494e-06	1.10729
0.00218756	46.4818	4.21494e-06	1.11796
0.00219599	45.7305	4.21494e-06	1.32223
0.00220442	43.4294	4.21494e-06	1.07673
0.00221285	39.6251	4.21494e-06	0.95814
0.00222127	39.7155	4.21494e-06	1.5163
0.0022297	36.514	4.21494e-06	1.12206
0.00223813	35.1566	4.21494e-06	1.08595
0.00224656	34.6905	4.21494e-06	1.02062
0.00225499	31.7621	4.21494e-06	0.828264
0.00226342	30.764	4.21494e-06	0.883865
0.00227185	30.4024	4.21494e-06	1.03289
0.00228028	28.0697	4.21494e-06	0.902251
0.00228871	27.3843	4.21494e-06	1.33275
0.00229714	25.6516	4.21494e-06	0.848222
0.00230557	24.6182	4.21494e-06	1.21968
0.002314	21.6914	4.21494e-06	0.740674
0.00232243	20.9489	4.21494e-06	0.730427
0.00233086	19.833	4.21494e-06	0.683381
0.00233929	18.3561	4.21494e-06	0.683837
0.00234772	17.4955	4.21494e-06	0.63636
0.00235615	16.6086	4.21494e-06	0.590307
0.00236458	15.0623	4.21494e-06	0.723769
0.00237301	14.0086	4.21494e-06	0.652381
0.00238144	12.5938	4.21494e-06	0.774358
0.00238987	13.2987	4.21494e-06	0.567236
0.0023983	12.6999	4.21494e-06	0.792867
0.00240673	10.263	4.21494e-06	0.453095
0.00241516	20.8166	4.21494e-06	7.20538
0.00242359	9.34946	4.21494e-06	0.546137
0.00243202	10.3577	4.21494e-06	0.963872
0.00244045	7.88465	4.21494e-06	0.397801
0.00244888	6.65252	4.21494e-06	0.321562
0.00245731	6.86481	4.21494e-06	0.409026
0.00246574	6.52298	4.21494e-06	0.34499
0.00247417	5.62526	4.21494e-06	0.307303
0.0024826	4.83533	4.21494e-06	0.278297
0.00249103	4.21834	4.21494e-06	0.247014
0.00249946	4.15566	4.21494e-06	0.248252
0.00250789	3.4057	4.21494e-06	0.221189
0.00251632	2.85858	4.21494e-06	0.202447
0.00252475	2.64356	4.21494e-06	0.197075
0.00253318	2.27621	4.21494e-06	0.177075
0.00254161	2.07877	4.21494e-06	0.166409
0.00255004	1.21	4.21494e-06	0.126208
0.00255847	1.04769	4.21494e-06	0.11683
0.0025669	0.758139	4.21494e-06	0.0976888
0.00257533	0.323398	4.21494e-06	0.0639977
0.00258376	0.026394	4.21494e-06	0.0186685
