4.21494e-06	0.042857	4.21494e-06	0.0324303
1.26448e-05	0.257954	4.21494e-06	0.049647
2.10747e-05	1.34565	4.21494e-06	0.414181
2.95046e-05	2.06154	4.21494e-06	0.25036
3.79345e-05	2.52444	4.21494e-06	0.183107
4.63644e-05	4.16283	4.21494e-06	0.291187
5.47943e-05	5.68698	4.21494e-06	0.337534
6.32241e-05	7.62227	4.21494e-06	0.393703
7.1654e-05	8.58704	4.21494e-06	0.387729
8.00839e-05	11.4251	4.21494e-06	0.50489
8.85138e-05	15.2409	4.21494e-06	0.781831
9.69437e-05	18.1964	4.21494e-06	0.627871
0.000105374	21.7942	4.21494e-06	0.699187
0.000113803	22.9147	4.21494e-06	0.627132
0.000122233	28.2695	4.21494e-06	0.76119
0.000130663	30.9772	4.21494e-06	0.783513
0.000139093	34.8113	4.21494e-06	0.841426
0.000147523	40.2431	4.21494e-06	0.890342
0.000155953	43.7257	4.21494e-06	1.06508
0.000164383	50.3271	4.21494e-06	1.1153
0.000172813	56.0572	4.21494e-06	1.19385
0.000181243	58.9069	4.21494e-06	1.06484
0.000189672	66.6954	4.21494e-06	1.4679
0.000198102	74.3527	4.21494e-06	1.43105
0.000206532	79.9528	4.21494e-06	1.52503
0.000214962	85.783	4.21494e-06	1.69768
0.000223392	92.6603	4.21494e-06	1.44716
0.000231822	99.5519	4.21494e-06	1.95713
0.000240252	102.661	4.21494e-06	1.5508
0.000248682	116.597	4.21494e-06	2.62706
0.000257112	117.356	4.21494e-06	1.78487
0.000265541	126.614	4.21494e-06	1.85471
0.000273971	141.141	4.21494e-06	2.32414
0.000282401	146.675	4.21494e-06	2.44346
0.000290831	151.666	4.21494e-06	1.92095
0.000299261	160.277	4.21494e-06	2.06011
0.000307691	170.946	4.21494e-06	2.26412
0.000316121	181.465	4.21494e-06	4.47183
0.000324551	188.679	4.21494e-06	2.21214
0.00033298	198.275	4.21494e-06	2.58663
0.00034141	209.75	4.21494e-06	2.53301
0.00034984	216.99	4.21494e-06	2.48063
0.00035827	227.537	4.21494e-06	2.43735
0.0003667	239.18	4.21494e-06	2.86226
0.00037513	242.324	4.21494e-06	2.39049
0.00038356	259.571	4.21494e-06	3.05375
0.00039199	265.079	4.21494e-06	3.22328
0.00040042	275.926	4.21494e-06	2.58985
0.000408849	290.982	4.21494e-06	3.57641
0.000417279	301.178	4.21494e-06	3.34491
0.000425709	310.544	4.21494e-06	2.89349
0.000434139	328.025	4.21494e-06	3.42833
0.000442569	333.136	4.21494e-06	2.83802
0.000450999	343.248	4.21494e-06	3.38495
0.000459429	354.894	4.21494e-06	3.16576
0.000467859	365.051	4.21494e-06	3.79088
0.000476289	374.042	4.21494e-06	2.98761
0.000484718	395.124	4.21494e-06	3.28801
0.000493148	400.374	4.21494e-06	3.62332
0.000501578	416.536	4.21494e-06	4.82686
0.000510008	432.539	4.21494e-06	4.50361
0.000518438	438.023	4.21494e-06	3.82611
0.000526868	445.49	4.21494e-06	3.32484
0.000535298	450.58	4.21494e-06	3.34146
0.000543728	470.103	4.21494e-06	3.64671
0.000552158	486.375	4.21494e-06	3.73656
0.000560587	499.966	4.21494e-06	4.08916
0.000569017	516.463	4.21494e-06	7.72949
0.000577447	532.309	4.21494e-06	4.91611
0.000585877	533.171	4.21494e-06	4.41443
0.000594307	541.763	4.21494e-06	4.08754
0.000602737	549.166	4.21494e-06	4.28298
0.000611167	559.346	4.21494e-06	4.2516
0.000619597	577.871	4.21494e-06	4.15564
0.000628026	600.974	4.21494e-06	5.51555
0.000636456	608.599	4.21494e-06	4.82691
0.000644886	619.25	4.21494e-06	4.57053
0.000653316	619.265	4.21494e-06	4.53311
0.000661746	637.888	4.21494e-06	4.56167
0.000670176	654.388	4.21494e-06	5.73192
0.000678606	658.195	4.21494e-06	4.89328
0.000687036	671.096	4.21494e-06	4.87849
0.000695466	669.082	4.21494e-06	4.60957
0.000703895	690.899	4.21494e-06	5.0257
0.000712325	703.726	4.21494e-06	4.82206
0.000720755	711.852	4.21494e-06	4.87738
0.000729185	715.872	4.21494e-06	9.10257
0.000737615	733.196	4.21494e-06	5.26178
0.000746045	736.782	4.21494e-06	4.88708
0.000754475	753.309	4.21494e-06	5.15045
0.000762905	754.002	4.21494e-06	5.17473
0.000771335	760.111	4.21494e-06	5.29808
0.000779764	775.569	4.21494e-06	4.92945
0.000788194	779.848	4.21494e-06	4.88741
0.000796624	784.455	4.21494e-06	4.75829
0.000805054	801.115	4.21494e-06	5.31902
0.000813484	809.264	4.21494e-06	6.09224
0.000821914	807.429	4.21494e-06	4.97865
0.000830344	813.877	4.21494e-06	4.95893
0.000838774	835.006	4.21494e-06	5.95057
0.000847204	831.543	4.21494e-06	5.82059
0.000855633	844.407	4.21494e-06	5.46266
0.000864063	852.638	4.21494e-06	7.39053
0.000872493	853.38	4.21494e-06	5.99761
0.000880923	856.351	4.21494e-06	5.40737
0.000889353	873.092	4.21494e-06	5.92342
0.000897783	874.053	4.21494e-06	5.8369
0.000906213	874.802	4.21494e-06	5.76605
0.000914643	882.899	4.21494e-06	5.49379
0.000923072	875.025	4.21494e-06	5.48373
0.000931502	886.695	4.21494e-06	6.27456
0.000939932	883.625	4.21494e-06	6.26106
0.000948362	902.209	4.21494e-06	6.45067
0.000956792	899.306	4.21494e-06	5.6828
0.000965222	889.954	4.21494e-06	5.49149
0.000973652	915.975	4.21494e-06	6.83124
0.000982082	911.277	4.21494e-06	6.19936
0.000990512	898.376	4.21494e-06	5.22529
0.000998941	895.095	4.21494e-06	5.59625
0.00100737	909.542	4.21494e-06	6.43574
0.0010158	919.13	4.21494e-06	6.09802
0.00102423	914.345	4.21494e-06	7.94105
0.00103266	906.808	4.21494e-06	5.81896
0.00104109	916.817	4.21494e-06	6.3858
0.00104952	924.801	4.21494e-06	8.49952
0.00105795	906.993	4.21494e-06	6.08897
0.00106638	906.602	4.21494e-06	5.95912
0.00107481	907.183	4.21494e-06	7.18011
0.00108324	906.01	4.21494e-06	7.10255
0.00109167	901.706	4.21494e-06	5.62581
0.0011001	901.658	4.21494e-06	5.61711
0.00110853	902.631	4.21494e-06	6.90466
0.00111696	901.506	4.21494e-06	6.5924
0.00112539	903.17	4.21494e-06	7.51629
0.00113382	893.231	4.21494e-06	6.62353
0.00114225	887.006	4.21494e-06	6.46551
0.00115068	891.584	4.21494e-06	6.73509
0.00115911	866.202	4.21494e-06	6.01038
0.00116754	862.984	4.21494e-06	5.36089
0.00117597	881.548	4.21494e-06	9.11718
0.0011844	871.959	4.21494e-06	7.76632
0.00119283	862.14	4.21494e-06	6.24229
0.00120126	847.737	4.21494e-06	5.67241
0.00120969	847.5	4.21494e-06	5.61854
0.00121812	838.679	4.21494e-06	5.57448
0.00122655	831.28	4.21494e-06	5.92668
0.00123498	822.777	4.21494e-06	5.34096
0.00124341	822.938	4.21494e-06	5.78085
0.00125184	805.48	4.21494e-06	5.36038
0.00126027	812.197	4.21494e-06	6.05062
0.0012687	806.984	4.21494e-06	7.7099
0.00127713	794.558	4.21494e-06	5.45513
0.00128556	785.115	4.21494e-06	5.45593
0.00129399	768.364	4.21494e-06	5.14564
0.00130242	776.858	4.21494e-06	6.03312
0.00131085	762.359	4.21494e-06	5.69715
0.00131928	752.82	4.21494e-06	5.43077
0.00132771	751.117	4.21494e-06	5.66157
0.00133614	732.997	4.21494e-06	5.38452
0.00134457	731.147	4.21494e-06	5.63203
0.001353	719.986	4.21494e-06	5.80015
0.00136143	710.132	4.21494e-06	5.05513
0.00136986	721.758	4.21494e-06	9.47746
0.00137829	693.347	4.21494e-06	5.21253
0.00138672	685.683	4.21494e-06	5.72134
0.00139515	672.145	4.21494e-06	4.95389
0.00140358	653.459	4.21494e-06	4.78041
0.00141201	656.845	4.21494e-06	5.09343
0.00142044	648.251	4.21494e-06	4.99145
0.00142887	637.893	4.21494e-06	5.786
0.0014373	624.912	4.21494e-06	4.75299
0.00144573	623.164	4.21494e-06	5.10254
0.00145416	610.223	4.21494e-06	5.8515
0.00146259	592.944	4.21494e-06	4.84553
0.00147102	589.255	4.21494e-06	5.82821
0.00147944	580.489	4.21494e-06	4.8631
0.00148787	566.686	4.21494e-06	4.32303
0.0014963	554.882	4.21494e-06	4.50375
0.00150473	558.328	4.21494e-06	5.46273
0.00151316	544.215	4.21494e-06	4.85465
0.00152159	533.132	4.21494e-06	4.379
0.00153002	515.912	4.21494e-06	4.67138
0.00153845	511.395	4.21494e-06	4.73944
0.00154688	521.349	4.21494e-06	8.20887
0.00155531	484.159	4.21494e-06	4.18235
0.00156374	489.598	4.21494e-06	9.51195
0.00157217	485.639	4.21494e-06	5.0597
0.0015806	462.394	4.21494e-06	3.92402
0.00158903	458.979	4.21494e-06	5.52252
0.00159746	443.766	4.21494e-06	4.28593
0.00160589	433.248	4.21494e-06	4.06972
0.00161432	428.938	4.21494e-06	4.78179
0.00162275	421.187	4.21494e-06	4.36189
0.00163118	418.266	4.21494e-06	4.62745
0.00163961	403.001	4.21494e-06	4.2386
0.00164804	394.658	4.21494e-06	4.07813
0.00165647	388.921	4.21494e-06	4.72068
0.0016649	370.879	4.21494e-06	3.8326
0.00167333	361.787	4.21494e-06	3.73114
0.00168176	365.018	4.21494e-06	4.77407
0.00169019	348.708	4.21494e-06	3.86811
0.00169862	343.034	4.21494e-06	3.99152
0.00170705	340.573	4.21494e-06	3.89831
0.00171548	322.353	4.21494e-06	3.83558
0.00172391	319.669	4.21494e-06	8.43325
0.00173234	307.31	4.21494e-06	3.41869
0.00174077	307.928	4.21494e-06	5.2499
0.0017492	292.624	4.21494e-06	3.72689
0.00175763	286.312	4.21494e-06	3.67114
0.00176606	278.828	4.21494e-06	4.06391
0.00177449	272.103	4.21494e-06	4.14035
0.00178292	260.761	4.21494e-06	2.94284
0.00179135	255.44	4.21494e-06	3.07483
0.00179978	247.486	4.21494e-06	3.38782
0.00180821	243.826	4.21494e-06	3.3375
0.00181664	236.291	4.21494e-06	3.04587
0.00182507	222.382	4.21494e-06	2.86051
0.0018335	222.021	4.21494e-06	2.84245
0.00184193	211.087	4.21494e-06	2.8641
0.00185036	205.144	4.21494e-06	2.75143
0.00185879	201.899	4.21494e-06	2.81613
0.00186722	194.843	4.21494e-06	2.85497
0.00187565	184.15	4.21494e-06	2.49093
0.00188408	187.215	4.21494e-06	4.39018
0.00189251	182.381	4.21494e-06	4.06469
0.00190094	173.77	4.21494e-06	2.71655
0.00190937	164.354	4.21494e-06	2.6939
0.0019178	163.29	4.21494e-06	2.9549
0.00192623	152.754	4.21494e-06	2.37404
0.00193466	149.638	4.21494e-06	2.38309
0.00194309	145.385	4.21494e-06	2.33464
0.00195152	142.076	4.21494e-06	2.86323
0.00195995	138.367	4.21494e-06	2.68047
0.00196838	133.277	4.21494e-06	2.40927
0.00197681	131.898	4.21494e-06	3.1936
0.00198524	126.237	4.21494e-06	2.26858
0.00199367	120.487	4.21494e-06	3.19502
0.0020021	116.234	4.21494e-06	2.13654
0.00201053	109.446	4.21494e-06	2.14166
0.00201896	111.97	4.21494e-06	4.55386
0.00202739	103.549	4.21494e-06	1.92387
0.00203582	101.905	4.21494e-06	2.47881
0.00204425	95.6493	4.21494e-06	2.10066
0.00205268	90.9376	4.21494e-06	1.96939
0.00206111	90.2414	4.21494e-06	2.96327
0.00206954	86.3066	4.21494e-06	1.94723
0.00207797	84.4065	4.21494e-06	3.17626
0.0020864	75.2031	4.21494e-06	1.50063
0.00209483	77.9337	4.21494e-06	2.05273
0.00210326	70.9109	4.21494e-06	1.74987
0.00211169	73.2207	4.21494e-06	3.77556
0.00212012	66.4471	4.21494e-06	1.50787
0.00212855	63.9903	4.21494e-06	1.67056
0.00213698	59.7201	4.21494e-06	1.55405
0.00214541	59.3542	4.21494e-06	1.5962
0.00215384	54.7466	4.21494e-06	1.30356
0.00216227	57.1545	4.21494e-06	2.12194
0.0021707	52.7909	4.21494e-06	1.71546
0.00217913	50.7747	4.21494e-06	1.54488
0.00218756	49.7817	4.21494e-06	1.37415
0.00219599	45.3491	4.21494e-06	1.2946
0.00220442	42.2437	4.21494e-06	1.28461
0.00221285	42.1967	4.21494e-06	1.51941
0.00222127	39.1156	4.21494e-06	1.56413
0.0022297	39.0178	4.21494e-06	1.30315
0.00223813	36.2627	4.21494e-06	1.13154
0.00224656	32.6177	4.21494e-06	1.03207
0.00225499	32.236	4.21494e-06	1.17691
0.00226342	30.7121	4.21494e-06	1.04314
0.00227185	30.0961	4.21494e-06	1.33156
0.00228028	28.0333	4.21494e-06	1.20359
0.00228871	26.1337	4.21494e-06	1.00776
0.00229714	25.4242	4.21494e-06	1.54713
0.00230557	25.044	4.21494e-06	1.13156
0.002314	22.805	4.21494e-06	1.04376
0.00232243	20.5024	4.21494e-06	0.882095
0.00233086	32.3758	4.21494e-06	7.67743
0.00233929	17.2875	4.21494e-06	0.795597
0.00234772	17.5518	4.21494e-06	0.932209
0.00235615	16.9262	4.21494e-06	0.870951
0.00236458	17.1746	4.21494e-06	1.1166
0.00237301	15.0361	4.21494e-06	0.807629
0.00238144	13.6182	4.21494e-06	0.699476
0.00238987	13.3427	4.21494e-06	0.754045
0.0023983	12.4263	4.21494e-06	0.875357
0.00240673	10.6265	4.21494e-06	0.593957
0.00241516	10.1954	4.21494e-06	0.648358
0.00242359	9.99291	4.21494e-06	0.642885
0.00243202	9.43371	4.21494e-06	0.944998
0.00244045	8.83171	4.21494e-06	0.576846
0.00244888	8.11367	4.21494e-06	0.729948
0.00245731	6.93908	4.21494e-06	0.577732
0.00246574	6.57168	4.21494e-06	0.705351
0.00247417	5.4929	4.21494e-06	0.493683
0.0024826	5.80949	4.21494e-06	0.662893
0.00249103	4.24974	4.21494e-06	0.391844
0.00249946	3.88687	4.21494e-06	0.430336
0.00250789	3.00087	4.21494e-06	0.330372
0.00251632	2.92535	4.21494e-06	0.343459
0.00252475	2.5307	4.21494e-06	0.443433
0.00253318	2.28933	4.21494e-06	0.348804
0.00254161	1.60414	4.21494e-06	0.309653
0.00255004	0.92742	4.21494e-06	0.187817
0.00255847	0.937792	4.21494e-06	0.173611
0.0025669	0.509365	4.21494e-06	0.124924
0.00257533	0.346504	4.21494e-06	0.107454
0.00258376	0.0302256	4.21494e-06	0.0302256
