4.21494e-06	0.0163096	4.21494e-06	0.0115379
1.26448e-05	0.432548	4.21494e-06	0.102811
2.10747e-05	1.09726	4.21494e-06	0.401019
2.95046e-05	1.66851	4.21494e-06	0.235661
3.79345e-05	2.79587	4.21494e-06	0.222053
4.63644e-05	4.38241	4.21494e-06	0.331932
5.47943e-05	5.96471	4.21494e-06	0.659622
6.32241e-05	9.18071	4.21494e-06	0.841565
7.1654e-05	10.6675	4.21494e-06	0.570902
8.00839e-05	13.2261	4.21494e-06	0.643268
8.85138e-05	16.9288	4.21494e-06	0.806391
9.69437e-05	18.6297	4.21494e-06	0.748111
0.000105374	22.3329	4.21494e-06	0.812716
0.000113803	26.5418	4.21494e-06	0.866885
0.000122233	31.4748	4.21494e-06	1.18979
0.000130663	33.0078	4.21494e-06	1.04049
0.000139093	37.9966	4.21494e-06	1.12991
0.000147523	48.9236	4.21494e-06	2.69756
0.000155953	50.5852	4.21494e-06	1.56106
0.000164383	54.2359	4.21494e-06	1.31667
0.000172813	61.5366	4.21494e-06	1.44505
0.000181243	66.0082	4.21494e-06	1.62035
0.000189672	70.8084	4.21494e-06	1.54309
0.000198102	75.7798	4.21494e-06	1.93818
0.000206532	86.2257	4.21494e-06	1.60857
0.000214962	89.3341	4.21494e-06	1.9448
0.000223392	98.9918	4.21494e-06	1.83325
0.000231822	111.323	4.21494e-06	2.20223
0.000240252	125.615	4.21494e-06	5.85492
0.000248682	125.68	4.21494e-06	2.78548
0.000257112	133.766	4.21494e-06	2.37191
0.000265541	138.679	4.21494e-06	2.53005
0.000273971	145.119	4.21494e-06	2.36894
0.000282401	151.337	4.21494e-06	2.06897
0.000290831	164.497	4.21494e-06	2.24518
0.000299261	173.539	4.21494e-06	2.53064
0.000307691	187.728	4.21494e-06	2.58648
0.000316121	195.032	4.21494e-06	2.97825
0.000324551	196.504	4.21494e-06	2.67552
0.00033298	210.102	4.21494e-06	2.66376
0.00034141	224.269	4.21494e-06	2.68802
0.00034984	233.939	4.21494e-06	2.89323
0.00035827	240.508	4.21494e-06	3.13864
0.0003667	252.825	4.21494e-06	2.92456
0.00037513	263.808	4.21494e-06	2.97287
0.00038356	272.641	4.21494e-06	3.01363
0.00039199	282.766	4.21494e-06	3.43495
0.00040042	300.255	4.21494e-06	3.34802
0.000408849	306.206	4.21494e-06	3.58724
0.000417279	318.97	4.21494e-06	3.39305
0.000425709	324.911	4.21494e-06	3.30216
0.000434139	340.26	4.21494e-06	3.44908
0.000442569	357.004	4.21494e-06	3.37313
0.000450999	378.682	4.21494e-06	5.61584
0.000459429	373.176	4.21494e-06	3.68516
0.000467859	384.665	4.21494e-06	3.49168
0.000476289	403.916	4.21494e-06	3.51321
0.000484718	410.382	4.21494e-06	4.35833
0.000493148	425.908	4.21494e-06	4.10144
0.000501578	433.211	4.21494e-06	3.6608
0.000510008	448.336	4.21494e-06	3.8279
0.000518438	459.949	4.21494e-06	4.28363
0.000526868	478.777	4.21494e-06	5.57814
0.000535298	491.748	4.21494e-06	8.78021
0.000543728	493.449	4.21494e-06	4.019
0.000552158	515.33	4.21494e-06	5.41895
0.000560587	528.771	4.21494e-06	6.88479
0.000569017	532.479	4.21494e-06	4.32775
0.000577447	539.487	4.21494e-06	4.03051
0.000585877	561.127	4.21494e-06	6.26343
0.000594307	566.294	4.21494e-06	5.84035
0.000602737	579.291	4.21494e-06	4.21328
0.000611167	596.543	4.21494e-06	6.45642
0.000619597	602.357	4.21494e-06	4.14618
0.000628026	611.313	4.21494e-06	4.13611
0.000636456	624.003	4.21494e-06	4.37528
0.000644886	631.255	4.21494e-06	4.47838
0.000653316	643.57	4.21494e-06	4.34008
0.000661746	657.947	4.21494e-06	4.82515
0.000670176	674.163	4.21494e-06	5.13417
0.000678606	675.537	4.21494e-06	4.34924
0.000687036	682.367	4.21494e-06	4.51193
0.000695466	698.15	4.21494e-06	4.44057
0.000703895	714.931	4.21494e-06	5.07938
0.000712325	717.805	4.21494e-06	4.95029
0.000720755	729.246	4.21494e-06	4.93695
0.000729185	745.378	4.21494e-06	4.9253
0.000737615	742.132	4.21494e-06	4.482
0.000746045	747.42	4.21494e-06	4.41459
0.000754475	771.438	4.21494e-06	6.56261
0.000762905	772.34	4.21494e-06	4.68051
0.000771335	786.457	4.21494e-06	4.87342
0.000779764	794.001	4.21494e-06	5.25669
0.000788194	797.747	4.21494e-06	4.51998
0.000796624	809.139	4.21494e-06	5.20731
0.000805054	819.037	4.21494e-06	5.37509
0.000813484	829.383	4.21494e-06	5.21074
0.000821914	826.01	4.21494e-06	4.6171
0.000830344	837.689	4.21494e-06	5.22297
0.000838774	838.065	4.21494e-06	4.57882
0.000847204	844.189	4.21494e-06	4.69645
0.000855633	853.464	4.21494e-06	4.66505
0.000864063	866.442	4.21494e-06	4.80156
0.000872493	867.084	4.21494e-06	5.13217
0.000880923	874.374	4.21494e-06	4.60982
0.000889353	881.896	4.21494e-06	6.23935
0.000897783	880.624	4.21494e-06	4.63138
0.000906213	889.67	4.21494e-06	4.86678
0.000914643	884.031	4.21494e-06	4.57951
0.000923072	894.623	4.21494e-06	4.49033
0.000931502	900.991	4.21494e-06	5.46114
0.000939932	889.438	4.21494e-06	4.59887
0.000948362	918.372	4.21494e-06	5.93334
0.000956792	905.226	4.21494e-06	4.74338
0.000965222	917.872	4.21494e-06	8.51396
0.000973652	914.439	4.21494e-06	7.40924
0.000982082	913.301	4.21494e-06	5.29919
0.000990512	908.751	4.21494e-06	4.53153
0.000998941	915.539	4.21494e-06	4.93152
0.00100737	915.936	4.21494e-06	5.02849
0.0010158	911.224	4.21494e-06	4.41829
0.00102423	917.019	4.21494e-06	4.65704
0.00103266	905.029	4.21494e-06	4.45649
0.00104109	913.576	4.21494e-06	4.72918
0.00104952	907.201	4.21494e-06	4.23845
0.00105795	908.297	4.21494e-06	4.39042
0.00106638	909.363	4.21494e-06	4.40595
0.00107481	907.13	4.21494e-06	4.90478
0.00108324	898.94	4.21494e-06	4.49802
0.00109167	901.511	4.21494e-06	5.31867
0.0011001	903.425	4.21494e-06	4.49305
0.00110853	898.439	4.21494e-06	4.90104
0.00111696	892.032	4.21494e-06	4.1393
0.00112539	884.785	4.21494e-06	4.76694
0.00113382	883.391	4.21494e-06	4.40406
0.00114225	877.403	4.21494e-06	4.06204
0.00115068	874.95	4.21494e-06	4.0909
0.00115911	876.059	4.21494e-06	4.30239
0.00116754	872.657	4.21494e-06	4.49463
0.00117597	869.626	4.21494e-06	7.01321
0.0011844	854.471	4.21494e-06	5.05409
0.00119283	848.747	4.21494e-06	3.99892
0.00120126	845.758	4.21494e-06	4.33752
0.00120969	828.692	4.21494e-06	3.73709
0.00121812	852.602	4.21494e-06	9.58957
0.00122655	823.344	4.21494e-06	3.83273
0.00123498	815.716	4.21494e-06	3.80567
0.00124341	807.546	4.21494e-06	4.02584
0.00125184	802.027	4.21494e-06	3.79435
0.00126027	801.903	4.21494e-06	4.35935
0.0012687	785.547	4.21494e-06	3.59541
0.00127713	779.13	4.21494e-06	3.82088
0.00128556	766.265	4.21494e-06	3.86987
0.00129399	768.763	4.21494e-06	3.63674
0.00130242	753.913	4.21494e-06	3.63224
0.00131085	749.589	4.21494e-06	4.04582
0.00131928	736.496	4.21494e-06	3.51904
0.00132771	726.452	4.21494e-06	3.49023
0.00133614	729.742	4.21494e-06	3.90745
0.00134457	712.239	4.21494e-06	3.66543
0.001353	708.293	4.21494e-06	3.44196
0.00136143	694.52	4.21494e-06	3.34131
0.00136986	687.516	4.21494e-06	3.28692
0.00137829	674.625	4.21494e-06	3.30773
0.00138672	671.005	4.21494e-06	3.28214
0.00139515	658.177	4.21494e-06	3.25761
0.00140358	648.528	4.21494e-06	3.24497
0.00141201	636.177	4.21494e-06	3.17907
0.00142044	633.434	4.21494e-06	3.10739
0.00142887	623.375	4.21494e-06	3.20117
0.0014373	605.245	4.21494e-06	3.04063
0.00144573	597.927	4.21494e-06	3.00675
0.00145416	586.33	4.21494e-06	2.98455
0.00146259	586.682	4.21494e-06	3.13064
0.00147102	575.623	4.21494e-06	2.99383
0.00147944	558.444	4.21494e-06	2.88293
0.00148787	550.915	4.21494e-06	2.8154
0.0014963	544.172	4.21494e-06	3.35476
0.00150473	536.194	4.21494e-06	3.71016
0.00151316	524.27	4.21494e-06	3.04027
0.00152159	521.563	4.21494e-06	5.85027
0.00153002	507.156	4.21494e-06	2.76649
0.00153845	496.03	4.21494e-06	2.6386
0.00154688	485.869	4.21494e-06	2.87506
0.00155531	470.609	4.21494e-06	2.64426
0.00156374	469	4.21494e-06	2.60867
0.00157217	454.792	4.21494e-06	2.60038
0.0015806	447.498	4.21494e-06	2.54389
0.00158903	432.324	4.21494e-06	2.3886
0.00159746	428.175	4.21494e-06	2.61742
0.00160589	417.068	4.21494e-06	2.43814
0.00161432	410.858	4.21494e-06	2.44826
0.00162275	400.421	4.21494e-06	2.36715
0.00163118	393.185	4.21494e-06	2.3713
0.00163961	380.663	4.21494e-06	2.24285
0.00164804	384.21	4.21494e-06	4.2853
0.00165647	365.531	4.21494e-06	2.1836
0.0016649	362.133	4.21494e-06	2.1306
0.00167333	350.316	4.21494e-06	2.19275
0.00168176	342.143	4.21494e-06	2.11331
0.00169019	330.48	4.21494e-06	2.0399
0.00169862	327.18	4.21494e-06	2.04194
0.00170705	315.944	4.21494e-06	2.19508
0.00171548	310.699	4.21494e-06	1.98611
0.00172391	302.789	4.21494e-06	2.02476
0.00173234	292.893	4.21494e-06	1.88026
0.00174077	288.182	4.21494e-06	1.94567
0.0017492	281.021	4.21494e-06	1.89338
0.00175763	271.73	4.21494e-06	1.77695
0.00176606	262.755	4.21494e-06	1.73332
0.00177449	253.152	4.21494e-06	1.69581
0.00178292	250.396	4.21494e-06	1.68123
0.00179135	244.845	4.21494e-06	1.70197
0.00179978	234.494	4.21494e-06	1.62677
0.00180821	228.734	4.21494e-06	1.61747
0.00181664	223.078	4.21494e-06	1.5807
0.00182507	217.747	4.21494e-06	1.57828
0.0018335	212.562	4.21494e-06	1.59659
0.00184193	203.578	4.21494e-06	1.50283
0.00185036	196.019	4.21494e-06	1.46326
0.00185879	189.868	4.21494e-06	1.44829
0.00186722	184.617	4.21494e-06	1.42597
0.00187565	179.671	4.21494e-06	1.39267
0.00188408	175.079	4.21494e-06	1.37402
0.00189251	169.319	4.21494e-06	1.35107
0.00190094	165.078	4.21494e-06	1.34346
0.00190937	159.506	4.21494e-06	1.30588
0.0019178	151.658	4.21494e-06	1.27047
0.00192623	148.449	4.21494e-06	1.25359
0.00193466	142.365	4.21494e-06	1.23168
0.00194309	140.257	4.21494e-06	1.21844
0.00195152	135.155	4.21494e-06	1.18704
0.00195995	130.505	4.21494e-06	1.16315
0.00196838	126.426	4.21494e-06	1.15711
0.00197681	121.447	4.21494e-06	1.12719
0.00198524	117.262	4.21494e-06	1.10989
0.00199367	112.309	4.21494e-06	1.07582
0.0020021	108.175	4.21494e-06	1.05239
0.00201053	104.68	4.21494e-06	1.03585
0.00201896	101.556	4.21494e-06	1.02681
0.00202739	96.3935	4.21494e-06	0.988707
0.00203582	93.954	4.21494e-06	0.97919
0.00204425	88.5638	4.21494e-06	0.946043
0.00205268	86.4014	4.21494e-06	0.936398
0.00206111	84.7443	4.21494e-06	0.925638
0.00206954	79.3007	4.21494e-06	0.893269
0.00207797	75.3752	4.21494e-06	0.868056
0.0020864	74.2036	4.21494e-06	0.861898
0.00209483	71.6191	4.21494e-06	0.842402
0.00210326	68.4328	4.21494e-06	0.823301
0.00211169	64.8686	4.21494e-06	0.802666
0.00212012	62.0607	4.21494e-06	0.782075
0.00212855	60.7462	4.21494e-06	0.771473
0.00213698	58.387	4.21494e-06	0.75719
0.00214541	55.5215	4.21494e-06	0.737079
0.00215384	52.6485	4.21494e-06	0.715889
0.00216227	50.1456	4.21494e-06	0.695292
0.0021707	47.9432	4.21494e-06	0.682779
0.00217913	45.899	4.21494e-06	0.664539
0.00218756	44.9292	4.21494e-06	0.657517
0.00219599	40.9595	4.21494e-06	0.625239
0.00220442	39.7613	4.21494e-06	0.61576
0.00221285	38.5842	4.21494e-06	0.610584
0.00222127	36.4016	4.21494e-06	0.594481
0.0022297	34.3592	4.21494e-06	0.571154
0.00223813	32.9218	4.21494e-06	0.556415
0.00224656	30.0966	4.21494e-06	0.533144
0.00225499	29.549	4.21494e-06	0.527236
0.00226342	29.5111	4.21494e-06	0.526443
0.00227185	26.2489	4.21494e-06	0.497043
0.00228028	25.3703	4.21494e-06	0.487353
0.00228871	23.9488	4.21494e-06	0.472446
0.00229714	23.0882	4.21494e-06	0.464829
0.00230557	21.4136	4.21494e-06	0.446879
0.002314	19.9153	4.21494e-06	0.427597
0.00232243	19.7204	4.21494e-06	0.426877
0.00233086	18.5185	4.21494e-06	0.41116
0.00233929	17.1658	4.21494e-06	0.395717
0.00234772	16.5053	4.21494e-06	0.389244
0.00235615	14.7942	4.21494e-06	0.364219
0.00236458	14.4567	4.21494e-06	0.361266
0.00237301	14.3815	4.21494e-06	0.358922
0.00238144	12.873	4.21494e-06	0.338752
0.00238987	11.2793	4.21494e-06	0.316278
0.0023983	10.3476	4.21494e-06	0.302763
0.00240673	9.83729	4.21494e-06	0.296541
0.00241516	9.33181	4.21494e-06	0.287007
0.00242359	8.84792	4.21494e-06	0.277916
0.00243202	8.14128	4.21494e-06	0.266679
0.00244045	7.39669	4.21494e-06	0.255327
0.00244888	7.13706	4.21494e-06	0.249656
0.00245731	6.08755	4.21494e-06	0.22927
0.00246574	6.04025	4.21494e-06	0.227929
0.00247417	5.44995	4.21494e-06	0.220218
0.0024826	4.57824	4.21494e-06	0.197853
0.00249103	4.29423	4.21494e-06	0.191294
0.00249946	3.66156	4.21494e-06	0.17575
0.00250789	3.10302	4.21494e-06	0.161329
0.00251632	2.58706	4.21494e-06	0.147693
0.00252475	2.21113	4.21494e-06	0.135684
0.00253318	1.74164	4.21494e-06	0.120313
0.00254161	1.65764	4.21494e-06	0.116986
0.00255004	1.12933	4.21494e-06	0.0961831
0.00255847	0.752298	4.21494e-06	0.0784605
0.0025669	0.55426	4.21494e-06	0.0672287
0.00257533	0.33165	4.21494e-06	0.0517998
0.00258376	0.00821059	4.21494e-06	0.00821059
