4.21494e-06	0.0494686	4.21494e-06	0.0305485
1.26448e-05	0.323233	4.21494e-06	0.0818574
2.10747e-05	0.551414	4.21494e-06	0.0798439
2.95046e-05	1.713	4.21494e-06	0.18541
3.79345e-05	2.70988	4.21494e-06	0.342836
4.63644e-05	4.53845	4.21494e-06	0.389481
5.47943e-05	5.23409	4.21494e-06	0.351898
6.32241e-05	7.41217	4.21494e-06	0.397397
7.1654e-05	9.43535	4.21494e-06	0.441118
8.00839e-05	11.1523	4.21494e-06	0.479851
8.85138e-05	13.5515	4.21494e-06	0.542492
9.69437e-05	16.263	4.21494e-06	0.589129
0.000105374	20.6314	4.21494e-06	0.799769
0.000113803	22.8494	4.21494e-06	0.791959
0.000122233	29.5421	4.21494e-06	1.17195
0.000130663	30.9947	4.21494e-06	0.876908
0.000139093	36.3048	4.21494e-06	1.02121
0.000147523	40.7427	4.21494e-06	1.21525
0.000155953	45.3303	4.21494e-06	1.27446
0.000164383	50.5767	4.21494e-06	1.08417
0.000172813	58.2285	4.21494e-06	3.02389
0.000181243	61.72	4.21494e-06	1.44613
0.000189672	64.6988	4.21494e-06	1.25088
0.000198102	73.0211	4.21494e-06	1.5675
0.000206532	78.3582	4.21494e-06	1.66488
0.000214962	84.4819	4.21494e-06	1.55789
0.000223392	90.0325	4.21494e-06	1.53976
0.000231822	100.754	4.21494e-06	1.65506
0.000240252	103.722	4.21494e-06	2.15569
0.000248682	113.921	4.21494e-06	2.3668
0.000257112	114.701	4.21494e-06	1.64848
0.000265541	130.695	4.21494e-06	2.29106
0.000273971	136.368	4.21494e-06	1.94825
0.000282401	143.928	4.21494e-06	2.18218
0.000290831	148.256	4.21494e-06	1.91425
0.000299261	159.325	4.21494e-06	2.02303
0.000307691	168.9	4.21494e-06	2.36528
0.000316121	179.548	4.21494e-06	2.31841
0.000324551	189.607	4.21494e-06	2.84677
0.00033298	195.575	4.21494e-06	2.27065
0.00034141	237.735	4.21494e-06	19.5976
0.00034984	214.687	4.21494e-06	2.67799
0.00035827	229.025	4.21494e-06	4.97565
0.0003667	234.024	4.21494e-06	2.59108
0.00037513	254.851	4.21494e-06	5.24638
0.00038356	260.884	4.21494e-06	3.27641
0.00039199	274.999	4.21494e-06	5.1054
0.00040042	280.151	4.21494e-06	3.01293
0.000408849	288.151	4.21494e-06	2.68774
0.000417279	313.438	4.21494e-06	10.3106
0.000425709	312.785	4.21494e-06	3.40498
0.000434139	319.906	4.21494e-06	3.56815
0.000442569	330.396	4.21494e-06	3.1494
0.000450999	341.042	4.21494e-06	3.23809
0.000459429	354.646	4.21494e-06	3.9617
0.000467859	370.087	4.21494e-06	3.70269
0.000476289	379.05	4.21494e-06	3.74763
0.000484718	386.726	4.21494e-06	3.22732
0.000493148	406.185	4.21494e-06	3.93737
0.000501578	416.245	4.21494e-06	3.43449
0.000510008	420.13	4.21494e-06	3.74249
0.000518438	442.878	4.21494e-06	4.16565
0.000526868	455.566	4.21494e-06	5.12675
0.000535298	460.565	4.21494e-06	3.78252
0.000543728	474.396	4.21494e-06	4.07889
0.000552158	489.593	4.21494e-06	3.94442
0.000560587	490.43	4.21494e-06	4.01731
0.000569017	509.754	4.21494e-06	3.95765
0.000577447	521.581	4.21494e-06	4.35297
0.000585877	536.861	4.21494e-06	4.29883
0.000594307	539.536	4.21494e-06	4.21427
0.000602737	556.746	4.21494e-06	4.58679
0.000611167	567.048	4.21494e-06	4.56306
0.000619597	579.011	4.21494e-06	4.40716
0.000628026	602.098	4.21494e-06	7.2804
0.000636456	605.37	4.21494e-06	4.96052
0.000644886	624.386	4.21494e-06	6.17222
0.000653316	628.668	4.21494e-06	5.04046
0.000661746	631.356	4.21494e-06	4.85118
0.000670176	642.029	4.21494e-06	4.48042
0.000678606	652.055	4.21494e-06	4.29234
0.000687036	666.646	4.21494e-06	5.79839
0.000695466	677.85	4.21494e-06	4.62292
0.000703895	690.42	4.21494e-06	5.14257
0.000712325	712.347	4.21494e-06	9.13745
0.000720755	713.164	4.21494e-06	5.26353
0.000729185	721.85	4.21494e-06	5.15979
0.000737615	726.716	4.21494e-06	4.97679
0.000746045	732.591	4.21494e-06	5.29576
0.000754475	744.351	4.21494e-06	5.51931
0.000762905	748.573	4.21494e-06	4.97983
0.000771335	767.466	4.21494e-06	5.32755
0.000779764	794.743	4.21494e-06	9.19019
0.000788194	786.847	4.21494e-06	6.0901
0.000796624	786.675	4.21494e-06	5.35778
0.000805054	805.243	4.21494e-06	5.29993
0.000813484	799.39	4.21494e-06	4.67536
0.000821914	816.149	4.21494e-06	6.80073
0.000830344	822.34	4.21494e-06	5.59381
0.000838774	813.585	4.21494e-06	4.73377
0.000847204	824.84	4.21494e-06	6.00482
0.000855633	837.67	4.21494e-06	5.16376
0.000864063	847.681	4.21494e-06	5.45904
0.000872493	839.429	4.21494e-06	5.03258
0.000880923	855.021	4.21494e-06	4.91629
0.000889353	866.667	4.21494e-06	5.16992
0.000897783	865.097	4.21494e-06	5.73795
0.000906213	881.172	4.21494e-06	6.25263
0.000914643	890.283	4.21494e-06	6.29511
0.000923072	879.298	4.21494e-06	5.61698
0.000931502	895.635	4.21494e-06	5.52116
0.000939932	888.14	4.21494e-06	5.43624
0.000948362	903.448	4.21494e-06	6.54895
0.000956792	882.93	4.21494e-06	4.94692
0.000965222	904.56	4.21494e-06	5.16441
0.000973652	900.962	4.21494e-06	6.8907
0.000982082	899.89	4.21494e-06	5.25406
0.000990512	911.138	4.21494e-06	5.21445
0.000998941	910.177	4.21494e-06	5.84145
0.00100737	909.217	4.21494e-06	5.49816
0.0010158	918.587	4.21494e-06	7.72486
0.00102423	910.569	4.21494e-06	5.24789
0.00103266	912.938	4.21494e-06	6.05529
0.00104109	924.109	4.21494e-06	7.73689
0.00104952	904.186	4.21494e-06	6.37628
0.00105795	913.363	4.21494e-06	5.96544
0.00106638	917.903	4.21494e-06	5.39191
0.00107481	907.683	4.21494e-06	5.52339
0.00108324	909.69	4.21494e-06	6.20757
0.00109167	919.898	4.21494e-06	6.04474
0.0011001	917.041	4.21494e-06	10.9391
0.00110853	898.96	4.21494e-06	5.63519
0.00111696	890.535	4.21494e-06	5.61233
0.00112539	884.985	4.21494e-06	5.40072
0.00113382	886.623	4.21494e-06	5.49695
0.00114225	878.12	4.21494e-06	5.00544
0.00115068	877.837	4.21494e-06	5.03598
0.00115911	881.206	4.21494e-06	5.04378
0.00116754	870.173	4.21494e-06	5.62993
0.00117597	872.019	4.21494e-06	6.59091
0.0011844	867.474	4.21494e-06	5.49213
0.00119283	876.14	4.21494e-06	8.38057
0.00120126	849.372	4.21494e-06	5.39522
0.00120969	839.003	4.21494e-06	5.03219
0.00121812	849.13	4.21494e-06	8.67756
0.00122655	825.161	4.21494e-06	5.00872
0.00123498	831.195	4.21494e-06	5.55673
0.00124341	818.256	4.21494e-06	6.05834
0.00125184	832.336	4.21494e-06	9.04439
0.00126027	805.754	4.21494e-06	4.90872
0.0012687	807.423	4.21494e-06	7.2705
0.00127713	802.41	4.21494e-06	8.24505
0.00128556	791.167	4.21494e-06	8.15564
0.00129399	781.123	4.21494e-06	5.93775
0.00130242	772.499	4.21494e-06	5.65518
0.00131085	759.767	4.21494e-06	5.1284
0.00131928	763.427	4.21494e-06	7.03257
0.00132771	748.936	4.21494e-06	5.1269
0.00133614	734.621	4.21494e-06	5.29744
0.00134457	727.517	4.21494e-06	5.18694
0.001353	719.593	4.21494e-06	5.88408
0.00136143	720.21	4.21494e-06	4.95595
0.00136986	702.967	4.21494e-06	5.07544
0.00137829	691.38	4.21494e-06	4.34988
0.00138672	697.323	4.21494e-06	6.32768
0.00139515	684.03	4.21494e-06	6.91845
0.00140358	665.39	4.21494e-06	4.48098
0.00141201	654.847	4.21494e-06	4.49188
0.00142044	648.439	4.21494e-06	4.55299
0.00142887	642.523	4.21494e-06	5.17584
0.0014373	634.178	4.21494e-06	5.86591
0.00144573	615.861	4.21494e-06	4.17562
0.00145416	608.962	4.21494e-06	4.29348
0.00146259	595.692	4.21494e-06	4.13408
0.00147102	587.767	4.21494e-06	3.98127
0.00147944	572.275	4.21494e-06	4.07288
0.00148787	578.211	4.21494e-06	5.76657
0.0014963	560.394	4.21494e-06	4.01278
0.00150473	549.602	4.21494e-06	4.19673
0.00151316	547.28	4.21494e-06	4.73552
0.00152159	527.271	4.21494e-06	4.12227
0.00153002	515.635	4.21494e-06	3.8226
0.00153845	506.396	4.21494e-06	3.74796
0.00154688	509.446	4.21494e-06	4.53693
0.00155531	490.482	4.21494e-06	3.88418
0.00156374	490.213	4.21494e-06	4.20021
0.00157217	477.951	4.21494e-06	3.95843
0.0015806	465.105	4.21494e-06	3.83788
0.00158903	466.98	4.21494e-06	7.67254
0.00159746	449.357	4.21494e-06	3.66461
0.00160589	443.211	4.21494e-06	5.06453
0.00161432	421.766	4.21494e-06	3.45319
0.00162275	413.87	4.21494e-06	3.4034
0.00163118	406.54	4.21494e-06	3.46609
0.00163961	404.855	4.21494e-06	4.00107
0.00164804	390.682	4.21494e-06	4.28367
0.00165647	375.48	4.21494e-06	3.20399
0.0016649	378.54	4.21494e-06	3.28611
0.00167333	362.767	4.21494e-06	4.02784
0.00168176	362.33	4.21494e-06	6.96252
0.00169019	342.229	4.21494e-06	3.12759
0.00169862	338.78	4.21494e-06	3.35402
0.00170705	329.436	4.21494e-06	2.88683
0.00171548	323.646	4.21494e-06	3.01022
0.00172391	316.491	4.21494e-06	3.11172
0.00173234	309.039	4.21494e-06	2.83133
0.00174077	297.337	4.21494e-06	2.83651
0.0017492	284.489	4.21494e-06	3.05784
0.00175763	280.952	4.21494e-06	2.87684
0.00176606	271.941	4.21494e-06	2.7822
0.00177449	266.99	4.21494e-06	2.64635
0.00178292	260.195	4.21494e-06	2.85768
0.00179135	257.583	4.21494e-06	3.00483
0.00179978	249.561	4.21494e-06	4.40008
0.00180821	237.875	4.21494e-06	2.47847
0.00181664	233.609	4.21494e-06	2.59998
0.00182507	223.594	4.21494e-06	2.41465
0.0018335	223.15	4.21494e-06	2.43735
0.00184193	212.908	4.21494e-06	2.38177
0.00185036	206.59	4.21494e-06	2.38331
0.00185879	198.027	4.21494e-06	2.17249
0.00186722	197.106	4.21494e-06	2.24055
0.00187565	191.043	4.21494e-06	2.34561
0.00188408	182.814	4.21494e-06	3.36973
0.00189251	182.156	4.21494e-06	4.19878
0.00190094	166.063	4.21494e-06	1.89349
0.00190937	165.983	4.21494e-06	2.00069
0.0019178	164.336	4.21494e-06	2.40539
0.00192623	157.662	4.21494e-06	2.25621
0.00193466	152.549	4.21494e-06	2.36386
0.00194309	146.639	4.21494e-06	1.8834
0.00195152	141.079	4.21494e-06	2.06458
0.00195995	136.277	4.21494e-06	1.78997
0.00196838	134.533	4.21494e-06	2.15517
0.00197681	131.429	4.21494e-06	2.05101
0.00198524	123.683	4.21494e-06	1.79236
0.00199367	117.506	4.21494e-06	2.08715
0.0020021	113.944	4.21494e-06	1.58095
0.00201053	110.86	4.21494e-06	2.3704
0.00201896	108.298	4.21494e-06	2.57383
0.00202739	104.709	4.21494e-06	2.10124
0.00203582	100.195	4.21494e-06	1.80378
0.00204425	95.8456	4.21494e-06	1.68023
0.00205268	93.7983	4.21494e-06	1.66373
0.00206111	88.1688	4.21494e-06	1.76701
0.00206954	84.7581	4.21494e-06	1.6391
0.00207797	88.9371	4.21494e-06	9.04898
0.0020864	74.5031	4.21494e-06	1.24066
0.00209483	75.604	4.21494e-06	1.35248
0.00210326	71.29	4.21494e-06	1.27167
0.00211169	67.9502	4.21494e-06	1.53006
0.00212012	65.8457	4.21494e-06	1.42083
0.00212855	62.7631	4.21494e-06	1.25529
0.00213698	62.4335	4.21494e-06	1.26968
0.00214541	60.394	4.21494e-06	1.24697
0.00215384	56.231	4.21494e-06	1.27396
0.00216227	55.901	4.21494e-06	1.27267
0.0021707	53.3507	4.21494e-06	1.16557
0.00217913	53.2101	4.21494e-06	2.782
0.00218756	49.164	4.21494e-06	1.14934
0.00219599	43.6038	4.21494e-06	0.975307
0.00220442	43.8886	4.21494e-06	1.02934
0.00221285	41.8017	4.21494e-06	0.96954
0.00222127	38.2573	4.21494e-06	0.932299
0.0022297	37.3149	4.21494e-06	1.06904
0.00223813	34.1907	4.21494e-06	0.854154
0.00224656	33.688	4.21494e-06	0.946281
0.00225499	33.9162	4.21494e-06	1.90849
0.00226342	30.9203	4.21494e-06	0.861044
0.00227185	28.6909	4.21494e-06	0.761549
0.00228028	27.3452	4.21494e-06	0.849964
0.00228871	27.4565	4.21494e-06	0.970852
0.00229714	24.7738	4.21494e-06	0.678156
0.00230557	23.7144	4.21494e-06	0.72
0.002314	21.4896	4.21494e-06	0.664124
0.00232243	21.8337	4.21494e-06	0.663126
0.00233086	19.8617	4.21494e-06	0.70116
0.00233929	18.5293	4.21494e-06	0.62195
0.00234772	16.7042	4.21494e-06	0.537507
0.00235615	17.3392	4.21494e-06	0.756707
0.00236458	14.6405	4.21494e-06	0.507158
0.00237301	14.5572	4.21494e-06	0.509811
0.00238144	13.2601	4.21494e-06	0.49748
0.00238987	12.7172	4.21494e-06	0.504534
0.0023983	11.7196	4.21494e-06	0.436093
0.00240673	10.5027	4.21494e-06	0.387253
0.00241516	9.86517	4.21494e-06	0.41237
0.00242359	9.2784	4.21494e-06	0.383725
0.00243202	8.63156	4.21494e-06	0.362701
0.00244045	8.17139	4.21494e-06	0.352567
0.00244888	7.69513	4.21494e-06	0.340581
0.00245731	6.89703	4.21494e-06	0.308111
0.00246574	6.73067	4.21494e-06	0.304019
0.00247417	5.71404	4.21494e-06	0.274412
0.0024826	4.91214	4.21494e-06	0.249809
0.00249103	4.67568	4.21494e-06	0.242692
0.00249946	3.96565	4.21494e-06	0.224985
0.00250789	3.99471	4.21494e-06	0.23052
0.00251632	2.75999	4.21494e-06	0.184481
0.00252475	2.55862	4.21494e-06	0.172974
0.00253318	2.41036	4.21494e-06	0.171073
0.00254161	1.81634	4.21494e-06	0.146536
0.00255004	1.37056	4.21494e-06	0.128249
0.00255847	1.04725	4.21494e-06	0.109146
0.0025669	0.552832	4.21494e-06	0.0789651
0.00257533	0.363185	4.21494e-06	0.0636733
0.00258376	0.0557771	4.21494e-06	0.0249819
