4.21494e-06	0.0357476	4.21494e-06	0.0210625
1.26448e-05	0.354907	4.21494e-06	0.071659
2.10747e-05	0.851133	4.21494e-06	0.138841
2.95046e-05	1.94003	4.21494e-06	0.360496
3.79345e-05	2.66214	4.21494e-06	0.261089
4.63644e-05	3.94182	4.21494e-06	0.382171
5.47943e-05	5.12087	4.21494e-06	0.398255
6.32241e-05	7.52124	4.21494e-06	0.492704
7.1654e-05	9.63176	4.21494e-06	0.519264
8.00839e-05	12.253	4.21494e-06	0.58031
8.85138e-05	15.5472	4.21494e-06	0.887409
9.69437e-05	16.5268	4.21494e-06	0.738394
0.000105374	22.536	4.21494e-06	1.2316
0.000113803	23.0302	4.21494e-06	0.787433
0.000122233	29.3759	4.21494e-06	1.38054
0.000130663	30.9966	4.21494e-06	0.995572
0.000139093	33.8059	4.21494e-06	0.95426
0.000147523	41.3908	4.21494e-06	2.00589
0.000155953	43.1638	4.21494e-06	1.10677
0.000164383	49.8149	4.21494e-06	1.21827
0.000172813	55.3631	4.21494e-06	1.45176
0.000181243	59.0724	4.21494e-06	1.29218
0.000189672	64.9113	4.21494e-06	1.47449
0.000198102	70.6611	4.21494e-06	1.42581
0.000206532	80.3591	4.21494e-06	1.92403
0.000214962	82.9881	4.21494e-06	1.7391
0.000223392	91.1859	4.21494e-06	2.07653
0.000231822	101.615	4.21494e-06	2.68678
0.000240252	105.415	4.21494e-06	2.16284
0.000248682	109.891	4.21494e-06	1.85951
0.000257112	117.014	4.21494e-06	1.8533
0.000265541	131.493	4.21494e-06	3.17811
0.000273971	135.168	4.21494e-06	2.08615
0.000282401	144.534	4.21494e-06	2.22823
0.000290831	159.311	4.21494e-06	2.83146
0.000299261	159.49	4.21494e-06	2.22981
0.000307691	172.927	4.21494e-06	2.88938
0.000316121	178.472	4.21494e-06	2.75119
0.000324551	185.023	4.21494e-06	2.52508
0.00033298	191.943	4.21494e-06	2.47003
0.00034141	206.155	4.21494e-06	2.46943
0.00034984	213.684	4.21494e-06	2.86254
0.00035827	223.746	4.21494e-06	2.70497
0.0003667	238.558	4.21494e-06	3.09404
0.00037513	261.447	4.21494e-06	10.274
0.00038356	261.711	4.21494e-06	3.07506
0.00039199	264.27	4.21494e-06	3.08311
0.00040042	278.797	4.21494e-06	3.27991
0.000408849	285.059	4.21494e-06	2.83394
0.000417279	298.416	4.21494e-06	3.28393
0.000425709	315.647	4.21494e-06	3.3515
0.000434139	317.758	4.21494e-06	3.03367
0.000442569	329.209	4.21494e-06	2.98276
0.000450999	342.866	4.21494e-06	3.66586
0.000459429	355.542	4.21494e-06	3.61963
0.000467859	363.765	4.21494e-06	3.48775
0.000476289	386.162	4.21494e-06	5.2752
0.000484718	392.012	4.21494e-06	4.29241
0.000493148	401.925	4.21494e-06	3.72228
0.000501578	416.573	4.21494e-06	4.14203
0.000510008	435.537	4.21494e-06	4.49821
0.000518438	443.427	4.21494e-06	3.7855
0.000526868	443.63	4.21494e-06	3.69979
0.000535298	468.666	4.21494e-06	4.62998
0.000543728	474.69	4.21494e-06	4.27525
0.000552158	487.268	4.21494e-06	4.4839
0.000560587	493.277	4.21494e-06	3.7597
0.000569017	513.191	4.21494e-06	4.66576
0.000577447	518.569	4.21494e-06	4.09756
0.000585877	535.046	4.21494e-06	4.03743
0.000594307	542.896	4.21494e-06	3.97395
0.000602737	559.087	4.21494e-06	6.45964
0.000611167	571.01	4.21494e-06	4.137
0.000619597	571.14	4.21494e-06	3.96563
0.000628026	580.052	4.21494e-06	4.06056
0.000636456	604.847	4.21494e-06	4.98164
0.000644886	614.059	4.21494e-06	4.16866
0.000653316	627.519	4.21494e-06	4.94001
0.000661746	644.409	4.21494e-06	6.23689
0.000670176	649.978	4.21494e-06	5.17985
0.000678606	660.108	4.21494e-06	4.2203
0.000687036	692.574	4.21494e-06	9.91947
0.000695466	684.384	4.21494e-06	6.96138
0.000703895	687.427	4.21494e-06	4.44271
0.000712325	700.898	4.21494e-06	5.5922
0.000720755	709.005	4.21494e-06	4.85385
0.000729185	721.723	4.21494e-06	6.17778
0.000737615	731.4	4.21494e-06	4.9283
0.000746045	744.342	4.21494e-06	4.8855
0.000754475	745.679	4.21494e-06	4.66955
0.000762905	768.119	4.21494e-06	9.14647
0.000771335	762.145	4.21494e-06	4.18093
0.000779764	781.855	4.21494e-06	4.7395
0.000788194	785.974	4.21494e-06	5.69778
0.000796624	791.248	4.21494e-06	4.72431
0.000805054	805.995	4.21494e-06	6.15043
0.000813484	808.811	4.21494e-06	5.38412
0.000821914	818.428	4.21494e-06	5.39755
0.000830344	833.323	4.21494e-06	8.84483
0.000838774	837.534	4.21494e-06	5.004
0.000847204	835.766	4.21494e-06	5.05952
0.000855633	846.917	4.21494e-06	5.54111
0.000864063	847.744	4.21494e-06	5.4355
0.000872493	856.227	4.21494e-06	7.47794
0.000880923	869.875	4.21494e-06	5.41448
0.000889353	868.606	4.21494e-06	4.9002
0.000897783	873.687	4.21494e-06	5.17953
0.000906213	880.589	4.21494e-06	4.61267
0.000914643	887.702	4.21494e-06	4.81927
0.000923072	880.332	4.21494e-06	4.74894
0.000931502	889.69	4.21494e-06	4.86123
0.000939932	893.897	4.21494e-06	5.25997
0.000948362	894.809	4.21494e-06	5.00678
0.000956792	895.852	4.21494e-06	4.65525
0.000965222	914.067	4.21494e-06	6.09467
0.000973652	904.453	4.21494e-06	5.05184
0.000982082	911.089	4.21494e-06	5.94878
0.000990512	912.511	4.21494e-06	4.93285
0.000998941	898.903	4.21494e-06	4.7398
0.00100737	908.574	4.21494e-06	4.51053
0.0010158	915.391	4.21494e-06	4.56226
0.00102423	917.806	4.21494e-06	4.63237
0.00103266	906.078	4.21494e-06	4.43719
0.00104109	907.72	4.21494e-06	4.94247
0.00104952	913.375	4.21494e-06	4.4932
0.00105795	913.268	4.21494e-06	4.48183
0.00106638	911.965	4.21494e-06	4.66161
0.00107481	904.103	4.21494e-06	4.7653
0.00108324	902.696	4.21494e-06	4.28638
0.00109167	908.207	4.21494e-06	5.20842
0.0011001	901.927	4.21494e-06	4.43645
0.00110853	911.871	4.21494e-06	5.04627
0.00111696	893.598	4.21494e-06	4.38355
0.00112539	892.699	4.21494e-06	4.58207
0.00113382	892.265	4.21494e-06	4.81007
0.00114225	878.333	4.21494e-06	4.31746
0.00115068	891.667	4.21494e-06	4.92249
0.00115911	883.441	4.21494e-06	4.44291
0.00116754	871.505	4.21494e-06	4.09871
0.00117597	862.744	4.21494e-06	4.24069
0.0011844	860.402	4.21494e-06	4.74376
0.00119283	854.832	4.21494e-06	4.16139
0.00120126	851.994	4.21494e-06	4.68928
0.00120969	849.773	4.21494e-06	4.73058
0.00121812	836.19	4.21494e-06	4.22037
0.00122655	826.872	4.21494e-06	4.09936
0.00123498	829.624	4.21494e-06	4.1338
0.00124341	821.981	4.21494e-06	4.19872
0.00125184	818.304	4.21494e-06	4.10003
0.00126027	826.342	4.21494e-06	12.2471
0.0012687	794.608	4.21494e-06	3.95086
0.00127713	789.166	4.21494e-06	4.3274
0.00128556	790.223	4.21494e-06	4.04105
0.00129399	776.369	4.21494e-06	3.72855
0.00130242	766.55	4.21494e-06	3.91986
0.00131085	761.992	4.21494e-06	4.52265
0.00131928	754.086	4.21494e-06	4.02499
0.00132771	752.254	4.21494e-06	3.64872
0.00133614	735.526	4.21494e-06	3.91304
0.00134457	733.845	4.21494e-06	4.60346
0.001353	716.609	4.21494e-06	3.77782
0.00136143	710.412	4.21494e-06	3.72312
0.00136986	709.837	4.21494e-06	4.09871
0.00137829	688.786	4.21494e-06	3.39122
0.00138672	689.39	4.21494e-06	3.62209
0.00139515	673.869	4.21494e-06	3.53644
0.00140358	669.135	4.21494e-06	5.98217
0.00141201	665.508	4.21494e-06	3.42561
0.00142044	649.148	4.21494e-06	3.54152
0.00142887	630.8	4.21494e-06	3.3356
0.0014373	631.543	4.21494e-06	3.60075
0.00144573	618.652	4.21494e-06	3.28306
0.00145416	607.392	4.21494e-06	3.58175
0.00146259	594.669	4.21494e-06	3.10208
0.00147102	589.122	4.21494e-06	3.46233
0.00147944	584.912	4.21494e-06	4.25193
0.00148787	574.667	4.21494e-06	3.10291
0.0014963	560.45	4.21494e-06	3.06559
0.00150473	542.008	4.21494e-06	2.9828
0.00151316	540.807	4.21494e-06	3.1215
0.00152159	529.417	4.21494e-06	3.00708
0.00153002	523.308	4.21494e-06	2.96724
0.00153845	512.852	4.21494e-06	3.01917
0.00154688	504.009	4.21494e-06	3.82218
0.00155531	497.943	4.21494e-06	4.37367
0.00156374	479.106	4.21494e-06	2.79819
0.00157217	472.92	4.21494e-06	2.76404
0.0015806	468.753	4.21494e-06	2.861
0.00158903	448.731	4.21494e-06	2.6475
0.00159746	449.8	4.21494e-06	3.14901
0.00160589	436.149	4.21494e-06	2.74416
0.00161432	427.218	4.21494e-06	2.67112
0.00162275	417.153	4.21494e-06	2.744
0.00163118	406.989	4.21494e-06	2.52427
0.00163961	398.233	4.21494e-06	2.72774
0.00164804	392.319	4.21494e-06	2.64791
0.00165647	381.601	4.21494e-06	2.43463
0.0016649	374.271	4.21494e-06	2.41705
0.00167333	367.834	4.21494e-06	2.58638
0.00168176	358.432	4.21494e-06	2.35344
0.00169019	349.413	4.21494e-06	2.32
0.00169862	338.566	4.21494e-06	2.1894
0.00170705	326.553	4.21494e-06	2.15057
0.00171548	321.571	4.21494e-06	2.19702
0.00172391	313.222	4.21494e-06	2.1438
0.00173234	306.278	4.21494e-06	2.39246
0.00174077	297.92	4.21494e-06	2.19071
0.0017492	288.184	4.21494e-06	1.9417
0.00175763	283.32	4.21494e-06	2.07765
0.00176606	279.953	4.21494e-06	2.02374
0.00177449	268.879	4.21494e-06	2.10308
0.00178292	259.303	4.21494e-06	1.92155
0.00179135	252.999	4.21494e-06	2.05786
0.00179978	245.497	4.21494e-06	1.84284
0.00180821	237.198	4.21494e-06	1.72989
0.00181664	234.678	4.21494e-06	1.91752
0.00182507	228.346	4.21494e-06	1.79656
0.0018335	220.583	4.21494e-06	1.87965
0.00184193	209.769	4.21494e-06	1.64229
0.00185036	206.026	4.21494e-06	1.62917
0.00185879	200.637	4.21494e-06	1.61444
0.00186722	195.352	4.21494e-06	1.61025
0.00187565	187.374	4.21494e-06	1.63308
0.00188408	183.035	4.21494e-06	1.74099
0.00189251	179.472	4.21494e-06	1.59707
0.00190094	173.575	4.21494e-06	1.55206
0.00190937	165.781	4.21494e-06	1.50013
0.0019178	162.41	4.21494e-06	1.42589
0.00192623	157.558	4.21494e-06	1.47412
0.00193466	154.267	4.21494e-06	2.83192
0.00194309	145.374	4.21494e-06	1.37607
0.00195152	141.104	4.21494e-06	1.30575
0.00195995	136.16	4.21494e-06	1.26883
0.00196838	133.8	4.21494e-06	1.42311
0.00197681	128.503	4.21494e-06	1.29603
0.00198524	123.745	4.21494e-06	1.22506
0.00199367	118.693	4.21494e-06	1.20588
0.0020021	113.688	4.21494e-06	1.18889
0.00201053	111.033	4.21494e-06	1.14034
0.00201896	105.252	4.21494e-06	1.11406
0.00202739	100.931	4.21494e-06	1.07167
0.00203582	98.8893	4.21494e-06	1.05858
0.00204425	96.389	4.21494e-06	1.06696
0.00205268	92.2611	4.21494e-06	1.03171
0.00206111	86.8973	4.21494e-06	0.986438
0.00206954	84.9069	4.21494e-06	0.981936
0.00207797	84.4221	4.21494e-06	0.974182
0.0020864	76.3286	4.21494e-06	0.919788
0.00209483	76.0409	4.21494e-06	0.9133
0.00210326	72.4519	4.21494e-06	0.891906
0.00211169	70.7897	4.21494e-06	0.885029
0.00212012	66.9429	4.21494e-06	0.858047
0.00212855	63.808	4.21494e-06	0.822769
0.00213698	61.7506	4.21494e-06	0.819198
0.00214541	57.772	4.21494e-06	0.787068
0.00215384	55.7503	4.21494e-06	0.763561
0.00216227	54.5002	4.21494e-06	0.763916
0.0021707	51.4472	4.21494e-06	0.738216
0.00217913	49.1438	4.21494e-06	0.715815
0.00218756	47.3586	4.21494e-06	0.703967
0.00219599	46.4349	4.21494e-06	0.700685
0.00220442	42.0208	4.21494e-06	0.661845
0.00221285	42.5086	4.21494e-06	0.664178
0.00222127	40.7562	4.21494e-06	0.64785
0.0022297	37.211	4.21494e-06	0.617251
0.00223813	35.8662	4.21494e-06	0.601463
0.00224656	33.7257	4.21494e-06	0.585393
0.00225499	31.8485	4.21494e-06	0.569716
0.00226342	30.4798	4.21494e-06	0.55406
0.00227185	29.2202	4.21494e-06	0.545422
0.00228028	27.8991	4.21494e-06	0.531595
0.00228871	27.1528	4.21494e-06	0.521574
0.00229714	24.7187	4.21494e-06	0.496554
0.00230557	24.197	4.21494e-06	0.490588
0.002314	21.9585	4.21494e-06	0.463225
0.00232243	21.8627	4.21494e-06	0.46405
0.00233086	20.2722	4.21494e-06	0.448315
0.00233929	19.131	4.21494e-06	0.434029
0.00234772	16.9147	4.21494e-06	0.404711
0.00235615	16.9939	4.21494e-06	0.405952
0.00236458	15.3453	4.21494e-06	0.383616
0.00237301	14.5688	4.21494e-06	0.372512
0.00238144	13.3718	4.21494e-06	0.35676
0.00238987	12.6533	4.21494e-06	0.346429
0.0023983	11.9599	4.21494e-06	0.338506
0.00240673	11.8806	4.21494e-06	0.334369
0.00241516	10.7277	4.21494e-06	0.317841
0.00242359	9.75959	4.21494e-06	0.300643
0.00243202	8.34994	4.21494e-06	0.279639
0.00244045	7.70516	4.21494e-06	0.269171
0.00244888	7.41133	4.21494e-06	0.262181
0.00245731	6.88346	4.21494e-06	0.253139
0.00246574	5.98321	4.21494e-06	0.234135
0.00247417	5.74499	4.21494e-06	0.229792
0.0024826	4.89046	4.21494e-06	0.21052
0.00249103	4.63032	4.21494e-06	0.203779
0.00249946	4.20906	4.21494e-06	0.193949
0.00250789	3.46312	4.21494e-06	0.176616
0.00251632	3.24966	4.21494e-06	0.172718
0.00252475	2.59588	4.21494e-06	0.151609
0.00253318	2.42557	4.21494e-06	0.146088
0.00254161	1.69786	4.21494e-06	0.121906
0.00255004	1.45515	4.21494e-06	0.112792
0.00255847	1.05742	4.21494e-06	0.0966693
0.0025669	0.633645	4.21494e-06	0.0742425
0.00257533	0.310007	4.21494e-06	0.0516925
0.00258376	0.034547	4.21494e-06	0.017275
