4.21494e-06	0.125809	4.21494e-06	0.0613427
1.26448e-05	0.376443	4.21494e-06	0.0905395
2.10747e-05	1.15752	4.21494e-06	0.239217
2.95046e-05	2.12757	4.21494e-06	0.312223
3.79345e-05	3.22317	4.21494e-06	0.39504
4.63644e-05	4.50745	4.21494e-06	0.34874
5.47943e-05	5.6779	4.21494e-06	0.354791
6.32241e-05	8.20171	4.21494e-06	0.464552
7.1654e-05	10.5963	4.21494e-06	0.656528
8.00839e-05	11.8301	4.21494e-06	0.551576
8.85138e-05	15.5728	4.21494e-06	0.634921
9.69437e-05	19.4911	4.21494e-06	0.850942
0.000105374	23.5159	4.21494e-06	1.07213
0.000113803	25.2422	4.21494e-06	0.83953
0.000122233	29.9314	4.21494e-06	0.948461
0.000130663	34.2997	4.21494e-06	1.06817
0.000139093	38.6125	4.21494e-06	1.10817
0.000147523	44.5761	4.21494e-06	1.11015
0.000155953	50.7988	4.21494e-06	1.36386
0.000164383	55.7072	4.21494e-06	1.43498
0.000172813	58.9379	4.21494e-06	1.38651
0.000181243	68.89	4.21494e-06	1.79861
0.000189672	75.1998	4.21494e-06	2.21072
0.000198102	76.4366	4.21494e-06	1.42268
0.000206532	86.2748	4.21494e-06	1.88975
0.000214962	95.1914	4.21494e-06	2.59427
0.000223392	103.3	4.21494e-06	2.22243
0.000231822	109.795	4.21494e-06	2.67407
0.000240252	114.656	4.21494e-06	2.04118
0.000248682	121.809	4.21494e-06	2.17742
0.000257112	131.56	4.21494e-06	2.36672
0.000265541	136.964	4.21494e-06	2.34722
0.000273971	145.565	4.21494e-06	2.19313
0.000282401	150.794	4.21494e-06	2.30474
0.000290831	167.316	4.21494e-06	2.9963
0.000299261	175.621	4.21494e-06	3.28506
0.000307691	181.975	4.21494e-06	2.58459
0.000316121	191.282	4.21494e-06	3.0584
0.000324551	201.143	4.21494e-06	2.73924
0.00033298	208.189	4.21494e-06	2.57291
0.00034141	222.008	4.21494e-06	3.12085
0.00034984	234.796	4.21494e-06	3.60973
0.00035827	242.273	4.21494e-06	2.81205
0.0003667	261.118	4.21494e-06	5.0239
0.00037513	264.817	4.21494e-06	3.43273
0.00038356	273.106	4.21494e-06	3.15755
0.00039199	284.295	4.21494e-06	3.26333
0.00040042	294.538	4.21494e-06	3.44461
0.000408849	298.734	4.21494e-06	3.22361
0.000417279	318.87	4.21494e-06	3.47704
0.000425709	332.029	4.21494e-06	3.74754
0.000434139	337.413	4.21494e-06	3.18556
0.000442569	353.665	4.21494e-06	3.55444
0.000450999	356.551	4.21494e-06	3.29091
0.000459429	368.621	4.21494e-06	3.31867
0.000467859	388.313	4.21494e-06	4.25957
0.000476289	397.768	4.21494e-06	4.04704
0.000484718	412.174	4.21494e-06	4.0619
0.000493148	424.765	4.21494e-06	4.01561
0.000501578	437.921	4.21494e-06	4.09753
0.000510008	439.393	4.21494e-06	3.66232
0.000518438	458.47	4.21494e-06	4.11937
0.000526868	469.345	4.21494e-06	3.99267
0.000535298	483.334	4.21494e-06	4.38366
0.000543728	491.519	4.21494e-06	3.85962
0.000552158	505.264	4.21494e-06	4.10197
0.000560587	523.007	4.21494e-06	4.31016
0.000569017	525.428	4.21494e-06	4.26269
0.000577447	561.836	4.21494e-06	21.2724
0.000585877	550.648	4.21494e-06	4.15868
0.000594307	561.76	4.21494e-06	4.21803
0.000602737	576.287	4.21494e-06	4.28235
0.000611167	596.513	4.21494e-06	5.31809
0.000619597	598.789	4.21494e-06	4.20705
0.000628026	623.921	4.21494e-06	6.33916
0.000636456	635.488	4.21494e-06	7.9644
0.000644886	635.157	4.21494e-06	7.04046
0.000653316	639.034	4.21494e-06	4.60417
0.000661746	653.734	4.21494e-06	6.24876
0.000670176	663.06	4.21494e-06	6.22481
0.000678606	675.277	4.21494e-06	4.71945
0.000687036	681.506	4.21494e-06	4.38269
0.000695466	690.068	4.21494e-06	4.76684
0.000703895	704.133	4.21494e-06	4.64417
0.000712325	719.688	4.21494e-06	4.96584
0.000720755	723.277	4.21494e-06	5.15029
0.000729185	729.502	4.21494e-06	4.21224
0.000737615	748.688	4.21494e-06	5.73608
0.000746045	752.676	4.21494e-06	5.75012
0.000754475	764.851	4.21494e-06	5.12292
0.000762905	771.693	4.21494e-06	5.51744
0.000771335	785.02	4.21494e-06	4.65258
0.000779764	793.202	4.21494e-06	4.64908
0.000788194	799.469	4.21494e-06	7.25063
0.000796624	798.028	4.21494e-06	4.68373
0.000805054	816.013	4.21494e-06	5.12723
0.000813484	819.181	4.21494e-06	4.96772
0.000821914	823.615	4.21494e-06	4.63134
0.000830344	839.054	4.21494e-06	5.89146
0.000838774	854.142	4.21494e-06	6.57034
0.000847204	839.323	4.21494e-06	4.58894
0.000855633	850.219	4.21494e-06	5.83836
0.000864063	864.666	4.21494e-06	4.99628
0.000872493	863.01	4.21494e-06	4.85463
0.000880923	866.949	4.21494e-06	5.02198
0.000889353	871.126	4.21494e-06	4.75159
0.000897783	880.111	4.21494e-06	5.5625
0.000906213	887.234	4.21494e-06	5.64399
0.000914643	893.48	4.21494e-06	5.89156
0.000923072	893.682	4.21494e-06	6.24736
0.000931502	891.099	4.21494e-06	4.93071
0.000939932	891.013	4.21494e-06	4.67556
0.000948362	907.538	4.21494e-06	6.40884
0.000956792	902.254	4.21494e-06	4.63289
0.000965222	908.345	4.21494e-06	6.04192
0.000973652	912.761	4.21494e-06	5.82789
0.000982082	905.409	4.21494e-06	4.72983
0.000990512	918.369	4.21494e-06	5.03528
0.000998941	907.305	4.21494e-06	4.5066
0.00100737	914.831	4.21494e-06	5.88632
0.0010158	909.694	4.21494e-06	4.74536
0.00102423	911.071	4.21494e-06	4.4449
0.00103266	905.933	4.21494e-06	4.95039
0.00104109	901.212	4.21494e-06	4.54971
0.00104952	909.583	4.21494e-06	4.71903
0.00105795	898.943	4.21494e-06	4.72462
0.00106638	906.063	4.21494e-06	4.43524
0.00107481	912.017	4.21494e-06	7.82076
0.00108324	910.165	4.21494e-06	5.19286
0.00109167	897.821	4.21494e-06	5.39575
0.0011001	899.009	4.21494e-06	4.69635
0.00110853	896.049	4.21494e-06	4.40075
0.00111696	893.057	4.21494e-06	4.65456
0.00112539	893.568	4.21494e-06	5.05645
0.00113382	874.579	4.21494e-06	4.14444
0.00114225	893.942	4.21494e-06	6.63217
0.00115068	877.915	4.21494e-06	4.4475
0.00115911	886.793	4.21494e-06	9.81302
0.00116754	862.493	4.21494e-06	4.18026
0.00117597	862.782	4.21494e-06	4.26617
0.0011844	857.601	4.21494e-06	4.67039
0.00119283	844.712	4.21494e-06	4.06479
0.00120126	850.81	4.21494e-06	4.2386
0.00120969	841.136	4.21494e-06	4.17329
0.00121812	830.736	4.21494e-06	4.1278
0.00122655	820.959	4.21494e-06	3.99336
0.00123498	820.776	4.21494e-06	4.12746
0.00124341	807.045	4.21494e-06	3.85362
0.00125184	816.072	4.21494e-06	6.48829
0.00126027	797.237	4.21494e-06	3.98061
0.0012687	786.403	4.21494e-06	4.21968
0.00127713	775.637	4.21494e-06	3.93094
0.00128556	770.875	4.21494e-06	3.88148
0.00129399	765.505	4.21494e-06	3.98538
0.00130242	759.978	4.21494e-06	4.25209
0.00131085	758.612	4.21494e-06	7.49534
0.00131928	742.705	4.21494e-06	5.07959
0.00132771	729.185	4.21494e-06	3.97888
0.00133614	723.681	4.21494e-06	3.65682
0.00134457	712.399	4.21494e-06	3.56049
0.001353	706.011	4.21494e-06	4.73297
0.00136143	702.549	4.21494e-06	6.9565
0.00136986	690.588	4.21494e-06	3.53571
0.00137829	676.742	4.21494e-06	3.40346
0.00138672	662.142	4.21494e-06	3.58615
0.00139515	658.154	4.21494e-06	3.68183
0.00140358	656.821	4.21494e-06	4.47856
0.00141201	646.106	4.21494e-06	3.36656
0.00142044	629.894	4.21494e-06	3.20546
0.00142887	620.767	4.21494e-06	3.22202
0.0014373	608.972	4.21494e-06	3.26932
0.00144573	595.083	4.21494e-06	3.037
0.00145416	588.709	4.21494e-06	3.03319
0.00146259	581.255	4.21494e-06	3.11915
0.00147102	574.333	4.21494e-06	3.18739
0.00147944	565.608	4.21494e-06	3.07327
0.00148787	552.502	4.21494e-06	3.21683
0.0014963	549.953	4.21494e-06	3.33247
0.00150473	543.061	4.21494e-06	3.70579
0.00151316	528.221	4.21494e-06	3.32999
0.00152159	516.269	4.21494e-06	2.82882
0.00153002	508.822	4.21494e-06	3.31099
0.00153845	498.101	4.21494e-06	3.8827
0.00154688	490.086	4.21494e-06	2.76439
0.00155531	480.703	4.21494e-06	2.75748
0.00156374	464.678	4.21494e-06	3.11989
0.00157217	460.432	4.21494e-06	2.73921
0.0015806	451.535	4.21494e-06	2.57891
0.00158903	443.733	4.21494e-06	3.16921
0.00159746	431.811	4.21494e-06	2.93218
0.00160589	421.208	4.21494e-06	2.72949
0.00161432	412.914	4.21494e-06	2.82536
0.00162275	401.458	4.21494e-06	2.56966
0.00163118	393.838	4.21494e-06	2.39985
0.00163961	385.096	4.21494e-06	2.44103
0.00164804	378.423	4.21494e-06	2.36628
0.00165647	368.54	4.21494e-06	2.26542
0.0016649	361.403	4.21494e-06	2.28867
0.00167333	351.361	4.21494e-06	2.48939
0.00168176	346.507	4.21494e-06	3.12655
0.00169019	334.217	4.21494e-06	2.22214
0.00169862	328.875	4.21494e-06	2.07329
0.00170705	326.12	4.21494e-06	3.85202
0.00171548	310.145	4.21494e-06	2.47041
0.00172391	302.78	4.21494e-06	1.97687
0.00173234	294.422	4.21494e-06	2.07233
0.00174077	289.713	4.21494e-06	2.23498
0.0017492	281.097	4.21494e-06	1.89139
0.00175763	271.807	4.21494e-06	1.86873
0.00176606	265.977	4.21494e-06	2.22586
0.00177449	258.389	4.21494e-06	1.90756
0.00178292	251.636	4.21494e-06	1.88081
0.00179135	242.303	4.21494e-06	1.84997
0.00179978	238.935	4.21494e-06	1.75314
0.00180821	228.797	4.21494e-06	1.69623
0.00181664	222.277	4.21494e-06	1.68133
0.00182507	220.044	4.21494e-06	1.80017
0.0018335	212.823	4.21494e-06	1.68695
0.00184193	206.661	4.21494e-06	1.60854
0.00185036	197.591	4.21494e-06	1.67786
0.00185879	194.153	4.21494e-06	1.66074
0.00186722	187.615	4.21494e-06	1.66271
0.00187565	183.702	4.21494e-06	1.54843
0.00188408	176.041	4.21494e-06	1.60176
0.00189251	172.174	4.21494e-06	1.45371
0.00190094	166.17	4.21494e-06	1.43371
0.00190937	159.241	4.21494e-06	1.36472
0.0019178	154.902	4.21494e-06	1.37127
0.00192623	148.58	4.21494e-06	1.32354
0.00193466	143.607	4.21494e-06	1.267
0.00194309	140.358	4.21494e-06	1.26524
0.00195152	135.124	4.21494e-06	1.26111
0.00195995	130.299	4.21494e-06	1.21706
0.00196838	125.857	4.21494e-06	1.20006
0.00197681	121.596	4.21494e-06	1.17166
0.00198524	117.274	4.21494e-06	1.13931
0.00199367	114.133	4.21494e-06	1.12402
0.0020021	109.039	4.21494e-06	1.08889
0.00201053	106.438	4.21494e-06	1.07704
0.00201896	103.568	4.21494e-06	1.07736
0.00202739	99.1442	4.21494e-06	1.03521
0.00203582	94.3741	4.21494e-06	1.00542
0.00204425	92.0723	4.21494e-06	0.988184
0.00205268	85.9261	4.21494e-06	0.960159
0.00206111	84.4727	4.21494e-06	0.946003
0.00206954	80.5504	4.21494e-06	0.926865
0.00207797	78.2077	4.21494e-06	0.905178
0.0020864	74.5	4.21494e-06	0.882598
0.00209483	71.9565	4.21494e-06	0.869161
0.00210326	67.7534	4.21494e-06	0.841043
0.00211169	65.9266	4.21494e-06	0.828954
0.00212012	63.7295	4.21494e-06	0.811998
0.00212855	61.7248	4.21494e-06	0.797556
0.00213698	57.9484	4.21494e-06	0.770084
0.00214541	56.4067	4.21494e-06	0.758153
0.00215384	52.6046	4.21494e-06	0.736534
0.00216227	51.1812	4.21494e-06	0.719894
0.0021707	49.5633	4.21494e-06	0.706733
0.00217913	47.2648	4.21494e-06	0.688785
0.00218756	44.8865	4.21494e-06	0.676924
0.00219599	42.9121	4.21494e-06	0.655068
0.00220442	39.5577	4.21494e-06	0.626484
0.00221285	38.947	4.21494e-06	0.638947
0.00222127	37.9153	4.21494e-06	0.61402
0.0022297	34.79	4.21494e-06	0.582381
0.00223813	34.0074	4.21494e-06	0.576877
0.00224656	32.5574	4.21494e-06	0.562733
0.00225499	29.8787	4.21494e-06	0.53893
0.00226342	28.3105	4.21494e-06	0.523222
0.00227185	26.8386	4.21494e-06	0.507159
0.00228028	26.1923	4.21494e-06	0.501933
0.00228871	24.3436	4.21494e-06	0.482143
0.00229714	23.7535	4.21494e-06	0.476772
0.00230557	21.9677	4.21494e-06	0.456436
0.002314	20.1892	4.21494e-06	0.43561
0.00232243	19.9909	4.21494e-06	0.436737
0.00233086	19.0485	4.21494e-06	0.4219
0.00233929	17.9781	4.21494e-06	0.410004
0.00234772	16.2036	4.21494e-06	0.38805
0.00235615	15.8739	4.21494e-06	0.386024
0.00236458	15.2342	4.21494e-06	0.376448
0.00237301	13.3834	4.21494e-06	0.350539
0.00238144	12.4567	4.21494e-06	0.33568
0.00238987	12.2807	4.21494e-06	0.335335
0.0023983	11.1178	4.21494e-06	0.318543
0.00240673	10.2174	4.21494e-06	0.302144
0.00241516	9.41355	4.21494e-06	0.291686
0.00242359	8.79686	4.21494e-06	0.280319
0.00243202	8.15621	4.21494e-06	0.270835
0.00244045	7.59334	4.21494e-06	0.261493
0.00244888	7.00038	4.21494e-06	0.249186
0.00245731	6.66675	4.21494e-06	0.243332
0.00246574	5.53656	4.21494e-06	0.219427
0.00247417	5.37666	4.21494e-06	0.216568
0.0024826	4.55983	4.21494e-06	0.198731
0.00249103	4.15071	4.21494e-06	0.189837
0.00249946	3.86363	4.21494e-06	0.182846
0.00250789	3.01149	4.21494e-06	0.161454
0.00251632	2.7134	4.21494e-06	0.15381
0.00252475	2.39204	4.21494e-06	0.142311
0.00253318	2.1086	4.21494e-06	0.133349
0.00254161	1.39565	4.21494e-06	0.108502
0.00255004	1.22652	4.21494e-06	0.101314
0.00255847	0.909228	4.21494e-06	0.0872007
0.0025669	0.614593	4.21494e-06	0.0714841
0.00257533	0.288105	4.21494e-06	0.0487109
0.00258376	0	4.21494e-06	0
