4.21494e-06	0.0217442	4.21494e-06	0.015383
1.26448e-05	0.319977	4.21494e-06	0.0792471
2.10747e-05	0.881174	4.21494e-06	0.150908
2.95046e-05	1.53424	4.21494e-06	0.167206
3.79345e-05	3.14839	4.21494e-06	0.275972
4.63644e-05	4.44506	4.21494e-06	0.315044
5.47943e-05	6.253	4.21494e-06	0.462772
6.32241e-05	7.75068	4.21494e-06	0.481152
7.1654e-05	10.8203	4.21494e-06	0.599609
8.00839e-05	12.7366	4.21494e-06	0.53772
8.85138e-05	15.471	4.21494e-06	0.63059
9.69437e-05	19.9057	4.21494e-06	1.0143
0.000105374	22.1689	4.21494e-06	0.766824
0.000113803	26.1235	4.21494e-06	0.862389
0.000122233	30.9215	4.21494e-06	0.905727
0.000130663	37.582	4.21494e-06	1.73541
0.000139093	39.9971	4.21494e-06	1.14532
0.000147523	43.735	4.21494e-06	1.12276
0.000155953	50.4694	4.21494e-06	1.37239
0.000164383	53.7203	4.21494e-06	1.2784
0.000172813	62.3469	4.21494e-06	1.78856
0.000181243	66.3708	4.21494e-06	1.51656
0.000189672	74.4656	4.21494e-06	1.63277
0.000198102	76.7672	4.21494e-06	1.6455
0.000206532	86.705	4.21494e-06	2.00122
0.000214962	93.2307	4.21494e-06	1.8495
0.000223392	97.2912	4.21494e-06	1.73484
0.000231822	106.707	4.21494e-06	1.84213
0.000240252	116.75	4.21494e-06	1.91392
0.000248682	128.379	4.21494e-06	3.67309
0.000257112	132.629	4.21494e-06	2.29516
0.000265541	135.748	4.21494e-06	2.2578
0.000273971	150.873	4.21494e-06	2.39602
0.000282401	164.887	4.21494e-06	4.51751
0.000290831	169.728	4.21494e-06	4.43887
0.000299261	182.8	4.21494e-06	2.85924
0.000307691	184.079	4.21494e-06	3.20781
0.000316121	196.018	4.21494e-06	3.11372
0.000324551	202.24	4.21494e-06	2.98857
0.00033298	214.654	4.21494e-06	2.94789
0.00034141	220.923	4.21494e-06	2.76405
0.00034984	232.111	4.21494e-06	2.96788
0.00035827	239.783	4.21494e-06	2.86008
0.0003667	253.369	4.21494e-06	2.7964
0.00037513	263.894	4.21494e-06	3.55676
0.00038356	279.03	4.21494e-06	3.40839
0.00039199	296.885	4.21494e-06	9.29768
0.00040042	298.903	4.21494e-06	3.4457
0.000408849	312.24	4.21494e-06	3.26239
0.000417279	316.567	4.21494e-06	3.21547
0.000425709	339.439	4.21494e-06	5.1219
0.000434139	350.679	4.21494e-06	4.46253
0.000442569	353.754	4.21494e-06	3.98593
0.000450999	367.153	4.21494e-06	3.67579
0.000459429	380.407	4.21494e-06	3.67628
0.000467859	396.21	4.21494e-06	4.59213
0.000476289	405.906	4.21494e-06	4.11676
0.000484718	414.678	4.21494e-06	3.68051
0.000493148	431.913	4.21494e-06	4.16318
0.000501578	436.369	4.21494e-06	3.69811
0.000510008	452.682	4.21494e-06	4.85911
0.000518438	463.06	4.21494e-06	5.49565
0.000526868	466.735	4.21494e-06	3.84004
0.000535298	483.942	4.21494e-06	4.08503
0.000543728	499.863	4.21494e-06	4.24
0.000552158	507.515	4.21494e-06	5.00559
0.000560587	520.771	4.21494e-06	4.33622
0.000569017	528.6	4.21494e-06	4.09564
0.000577447	545.089	4.21494e-06	4.23872
0.000585877	552.941	4.21494e-06	4.18677
0.000594307	578.041	4.21494e-06	7.9865
0.000602737	582.359	4.21494e-06	4.35103
0.000611167	584.815	4.21494e-06	4.89192
0.000619597	608.748	4.21494e-06	4.59212
0.000628026	612.505	4.21494e-06	4.19954
0.000636456	628.1	4.21494e-06	4.46407
0.000644886	631.787	4.21494e-06	4.33236
0.000653316	649.682	4.21494e-06	5.33325
0.000661746	656.313	4.21494e-06	4.61326
0.000670176	669.314	4.21494e-06	4.37066
0.000678606	680.072	4.21494e-06	4.89971
0.000687036	700.952	4.21494e-06	7.99939
0.000695466	694.723	4.21494e-06	4.48284
0.000703895	713.546	4.21494e-06	4.35958
0.000712325	723.353	4.21494e-06	5.62257
0.000720755	731.081	4.21494e-06	4.59848
0.000729185	722.573	4.21494e-06	4.80502
0.000737615	755.93	4.21494e-06	5.82397
0.000746045	754.896	4.21494e-06	4.33909
0.000754475	754.847	4.21494e-06	4.50665
0.000762905	779.232	4.21494e-06	4.56716
0.000771335	785.566	4.21494e-06	4.78453
0.000779764	792.442	4.21494e-06	4.57614
0.000788194	798.43	4.21494e-06	4.47587
0.000796624	827.116	4.21494e-06	15.6662
0.000805054	812.75	4.21494e-06	5.08094
0.000813484	819.095	4.21494e-06	4.62032
0.000821914	822.291	4.21494e-06	4.60694
0.000830344	882.231	4.21494e-06	39.5459
0.000838774	848.709	4.21494e-06	4.97989
0.000847204	842.502	4.21494e-06	4.32653
0.000855633	855.262	4.21494e-06	5.44345
0.000864063	856.55	4.21494e-06	4.44185
0.000872493	873.494	4.21494e-06	5.2569
0.000880923	868.662	4.21494e-06	4.52399
0.000889353	881.034	4.21494e-06	4.75351
0.000897783	888.016	4.21494e-06	4.91164
0.000906213	882.121	4.21494e-06	4.75394
0.000914643	893.202	4.21494e-06	4.54829
0.000923072	896.086	4.21494e-06	4.96869
0.000931502	904.934	4.21494e-06	5.14843
0.000939932	913.405	4.21494e-06	5.68576
0.000948362	924.671	4.21494e-06	7.68456
0.000956792	901.391	4.21494e-06	4.79968
0.000965222	908.71	4.21494e-06	4.96055
0.000973652	904.019	4.21494e-06	4.57183
0.000982082	923.013	4.21494e-06	9.15399
0.000990512	910.252	4.21494e-06	5.16385
0.000998941	917.786	4.21494e-06	4.81625
0.00100737	911.843	4.21494e-06	4.99321
0.0010158	903.672	4.21494e-06	4.84025
0.00102423	915.145	4.21494e-06	6.23265
0.00103266	921.887	4.21494e-06	7.63466
0.00104109	910.116	4.21494e-06	4.3898
0.00104952	915.53	4.21494e-06	5.50402
0.00105795	907.527	4.21494e-06	4.88303
0.00106638	907.548	4.21494e-06	5.11631
0.00107481	904.843	4.21494e-06	4.7943
0.00108324	896.184	4.21494e-06	4.45536
0.00109167	903.426	4.21494e-06	4.44469
0.0011001	891.191	4.21494e-06	4.09825
0.00110853	894.508	4.21494e-06	4.84986
0.00111696	881.121	4.21494e-06	3.98363
0.00112539	880.402	4.21494e-06	3.96454
0.00113382	887.814	4.21494e-06	4.57867
0.00114225	882.493	4.21494e-06	4.03273
0.00115068	871.577	4.21494e-06	5.60384
0.00115911	861.492	4.21494e-06	4.13793
0.00116754	866.315	4.21494e-06	3.9594
0.00117597	864.75	4.21494e-06	3.88476
0.0011844	852.761	4.21494e-06	4.07802
0.00119283	849.305	4.21494e-06	4.09024
0.00120126	841.287	4.21494e-06	5.81
0.00120969	833.1	4.21494e-06	3.73428
0.00121812	826.685	4.21494e-06	3.89093
0.00122655	828.17	4.21494e-06	4.2033
0.00123498	813.264	4.21494e-06	3.78487
0.00124341	816.616	4.21494e-06	4.28476
0.00125184	802.539	4.21494e-06	4.31002
0.00126027	804.709	4.21494e-06	3.75806
0.0012687	783.683	4.21494e-06	3.68906
0.00127713	776.816	4.21494e-06	3.73537
0.00128556	770.147	4.21494e-06	3.70758
0.00129399	759.912	4.21494e-06	3.50157
0.00130242	759.296	4.21494e-06	3.58823
0.00131085	748.639	4.21494e-06	3.68227
0.00131928	739.28	4.21494e-06	3.68314
0.00132771	729.964	4.21494e-06	3.81594
0.00133614	722.433	4.21494e-06	3.51893
0.00134457	715.292	4.21494e-06	3.40383
0.001353	707.619	4.21494e-06	3.4971
0.00136143	691.206	4.21494e-06	3.31894
0.00136986	690.791	4.21494e-06	3.44735
0.00137829	673.504	4.21494e-06	3.19882
0.00138672	665.247	4.21494e-06	3.20121
0.00139515	660.569	4.21494e-06	3.98997
0.00140358	646.659	4.21494e-06	3.29064
0.00141201	636.909	4.21494e-06	3.30526
0.00142044	626.898	4.21494e-06	3.07755
0.00142887	620.822	4.21494e-06	3.10725
0.0014373	606.006	4.21494e-06	3.00423
0.00144573	595.22	4.21494e-06	2.86234
0.00145416	589.749	4.21494e-06	2.87732
0.00146259	579.658	4.21494e-06	3.24695
0.00147102	569.69	4.21494e-06	2.90102
0.00147944	561.991	4.21494e-06	3.03354
0.00148787	548.655	4.21494e-06	2.78284
0.0014963	545.59	4.21494e-06	3.06765
0.00150473	531.721	4.21494e-06	2.68064
0.00151316	520.137	4.21494e-06	2.74027
0.00152159	513.176	4.21494e-06	2.80008
0.00153002	500.572	4.21494e-06	2.64144
0.00153845	491.658	4.21494e-06	2.85574
0.00154688	482.549	4.21494e-06	2.58542
0.00155531	479.625	4.21494e-06	2.75016
0.00156374	464.479	4.21494e-06	2.94998
0.00157217	452.954	4.21494e-06	2.5594
0.0015806	447.068	4.21494e-06	2.44641
0.00158903	434.323	4.21494e-06	2.37869
0.00159746	426.328	4.21494e-06	2.40216
0.00160589	420.325	4.21494e-06	2.39656
0.00161432	410.95	4.21494e-06	2.25673
0.00162275	403.649	4.21494e-06	2.36818
0.00163118	392.073	4.21494e-06	2.1991
0.00163961	384.744	4.21494e-06	2.1897
0.00164804	375.652	4.21494e-06	2.24733
0.00165647	368.774	4.21494e-06	2.33457
0.0016649	354.999	4.21494e-06	2.08354
0.00167333	346.867	4.21494e-06	2.03389
0.00168176	342.04	4.21494e-06	2.20255
0.00169019	333.176	4.21494e-06	2.00384
0.00169862	327.912	4.21494e-06	2.0019
0.00170705	315.455	4.21494e-06	2.202
0.00171548	309.922	4.21494e-06	1.89886
0.00172391	305.17	4.21494e-06	1.88889
0.00173234	295.461	4.21494e-06	2.14664
0.00174077	286.194	4.21494e-06	1.80559
0.0017492	277.585	4.21494e-06	1.78018
0.00175763	265.404	4.21494e-06	1.71557
0.00176606	259.068	4.21494e-06	1.69931
0.00177449	254.136	4.21494e-06	1.67573
0.00178292	250.153	4.21494e-06	1.66993
0.00179135	243.139	4.21494e-06	1.63914
0.00179978	234.577	4.21494e-06	1.59898
0.00180821	224.918	4.21494e-06	1.56162
0.00181664	221.57	4.21494e-06	1.55317
0.00182507	215.336	4.21494e-06	1.53607
0.0018335	210.16	4.21494e-06	1.5081
0.00184193	199.633	4.21494e-06	1.467
0.00185036	195.654	4.21494e-06	1.44574
0.00185879	193.757	4.21494e-06	1.44418
0.00186722	184.081	4.21494e-06	1.39885
0.00187565	179.392	4.21494e-06	1.37715
0.00188408	174.82	4.21494e-06	1.36454
0.00189251	168.321	4.21494e-06	1.33157
0.00190094	162.382	4.21494e-06	1.30086
0.00190937	155.968	4.21494e-06	1.27242
0.0019178	153.813	4.21494e-06	1.26543
0.00192623	150.055	4.21494e-06	1.24986
0.00193466	141.286	4.21494e-06	1.20432
0.00194309	136.965	4.21494e-06	1.18937
0.00195152	132.937	4.21494e-06	1.16524
0.00195995	129.726	4.21494e-06	1.15001
0.00196838	123.475	4.21494e-06	1.1197
0.00197681	120.826	4.21494e-06	1.10752
0.00198524	116.229	4.21494e-06	1.08934
0.00199367	111.498	4.21494e-06	1.0592
0.0020021	109.458	4.21494e-06	1.04868
0.00201053	105.389	4.21494e-06	1.02882
0.00201896	99.7934	4.21494e-06	0.9984
0.00202739	96.5914	4.21494e-06	0.982924
0.00203582	92.0987	4.21494e-06	0.958701
0.00204425	88.5725	4.21494e-06	0.938352
0.00205268	85.578	4.21494e-06	0.920142
0.00206111	82.0546	4.21494e-06	0.897303
0.00206954	78.0384	4.21494e-06	0.877699
0.00207797	76.8074	4.21494e-06	0.871426
0.0020864	74.1507	4.21494e-06	0.862584
0.00209483	71.3241	4.21494e-06	0.836811
0.00210326	66.5798	4.21494e-06	0.80596
0.00211169	64.7336	4.21494e-06	0.793813
0.00212012	62.1867	4.21494e-06	0.775946
0.00212855	60.6806	4.21494e-06	0.764348
0.00213698	56.4695	4.21494e-06	0.738345
0.00214541	55.5216	4.21494e-06	0.729469
0.00215384	51.1088	4.21494e-06	0.699791
0.00216227	49.6339	4.21494e-06	0.687558
0.0021707	47.3785	4.21494e-06	0.671075
0.00217913	46.3564	4.21494e-06	0.663996
0.00218756	44.8374	4.21494e-06	0.651687
0.00219599	42.3786	4.21494e-06	0.632177
0.00220442	40.1956	4.21494e-06	0.615853
0.00221285	37.9049	4.21494e-06	0.595583
0.00222127	37.2655	4.21494e-06	0.592524
0.0022297	35.3274	4.21494e-06	0.573834
0.00223813	32.9112	4.21494e-06	0.554715
0.00224656	31.8853	4.21494e-06	0.547611
0.00225499	28.5416	4.21494e-06	0.514503
0.00226342	29.5559	4.21494e-06	0.524976
0.00227185	27.408	4.21494e-06	0.503792
0.00228028	26.4974	4.21494e-06	0.493166
0.00228871	24.6821	4.21494e-06	0.475264
0.00229714	22.3037	4.21494e-06	0.451993
0.00230557	21.492	4.21494e-06	0.447736
0.002314	21.1854	4.21494e-06	0.438566
0.00232243	19.4156	4.21494e-06	0.418151
0.00233086	18.0514	4.21494e-06	0.4043
0.00233929	16.604	4.21494e-06	0.385651
0.00234772	16.508	4.21494e-06	0.383493
0.00235615	15.3956	4.21494e-06	0.370996
0.00236458	14.1585	4.21494e-06	0.354103
0.00237301	12.6535	4.21494e-06	0.334933
0.00238144	11.914	4.21494e-06	0.325426
0.00238987	10.9677	4.21494e-06	0.310932
0.0023983	10.4712	4.21494e-06	0.302412
0.00240673	10.1362	4.21494e-06	0.298815
0.00241516	8.8944	4.21494e-06	0.277703
0.00242359	8.56704	4.21494e-06	0.272007
0.00243202	7.95655	4.21494e-06	0.263189
0.00244045	7.22371	4.21494e-06	0.249261
0.00244888	6.60426	4.21494e-06	0.239155
0.00245731	5.90796	4.21494e-06	0.225306
0.00246574	5.41366	4.21494e-06	0.215052
0.00247417	4.89821	4.21494e-06	0.204146
0.0024826	4.6362	4.21494e-06	0.197508
0.00249103	4.07187	4.21494e-06	0.1869
0.00249946	3.40894	4.21494e-06	0.17077
0.00250789	3.08693	4.21494e-06	0.160587
0.00251632	2.39426	4.21494e-06	0.141166
0.00252475	1.86947	4.21494e-06	0.124903
0.00253318	1.72238	4.21494e-06	0.119237
0.00254161	1.35076	4.21494e-06	0.105527
0.00255004	1.13615	4.21494e-06	0.0964125
0.00255847	1.02688	4.21494e-06	0.0915777
0.0025669	0.444626	4.21494e-06	0.0599571
0.00257533	0.193957	4.21494e-06	0.0395928
0.00258376	0.0242417	4.21494e-06	0.0139961
