4.21494e-06	0.0311575	4.21494e-06	0.0235096
1.26448e-05	0.314522	4.21494e-06	0.0750729
2.10747e-05	0.93855	4.21494e-06	0.175957
2.95046e-05	1.55276	4.21494e-06	0.211757
3.79345e-05	2.81998	4.21494e-06	0.273538
4.63644e-05	4.4727	4.21494e-06	0.363155
5.47943e-05	6.46078	4.21494e-06	0.589544
6.32241e-05	8.74428	4.21494e-06	0.527143
7.1654e-05	11.262	4.21494e-06	0.719376
8.00839e-05	12.6267	4.21494e-06	0.559005
8.85138e-05	16.2817	4.21494e-06	0.952975
9.69437e-05	20.2286	4.21494e-06	1.16754
0.000105374	21.721	4.21494e-06	0.790954
0.000113803	24.6585	4.21494e-06	0.88158
0.000122233	29.4574	4.21494e-06	0.917349
0.000130663	33.7953	4.21494e-06	1.11243
0.000139093	37.5479	4.21494e-06	0.948018
0.000147523	42.0908	4.21494e-06	1.09025
0.000155953	49.44	4.21494e-06	1.46163
0.000164383	53.8611	4.21494e-06	1.33946
0.000172813	56.8636	4.21494e-06	1.21007
0.000181243	67.0479	4.21494e-06	1.50081
0.000189672	70.6349	4.21494e-06	1.33982
0.000198102	75.1987	4.21494e-06	1.51426
0.000206532	86.421	4.21494e-06	1.91394
0.000214962	89.7332	4.21494e-06	1.75866
0.000223392	97.8616	4.21494e-06	1.78843
0.000231822	103.386	4.21494e-06	2.01403
0.000240252	112.784	4.21494e-06	2.18157
0.000248682	118.009	4.21494e-06	1.90244
0.000257112	124.903	4.21494e-06	2.39226
0.000265541	134.905	4.21494e-06	2.42
0.000273971	143.644	4.21494e-06	2.28376
0.000282401	157.745	4.21494e-06	2.69339
0.000290831	160.087	4.21494e-06	2.30053
0.000299261	170.602	4.21494e-06	2.32558
0.000307691	173.206	4.21494e-06	3.21897
0.000316121	192.873	4.21494e-06	2.98243
0.000324551	197.29	4.21494e-06	2.63836
0.00033298	203.833	4.21494e-06	2.28276
0.00034141	216.166	4.21494e-06	3.37578
0.00034984	231.805	4.21494e-06	2.98782
0.00035827	236.126	4.21494e-06	3.26148
0.0003667	248.946	4.21494e-06	3.54903
0.00037513	262.697	4.21494e-06	3.3139
0.00038356	266.522	4.21494e-06	2.77454
0.00039199	278.66	4.21494e-06	3.16464
0.00040042	286.154	4.21494e-06	3.49699
0.000408849	296.218	4.21494e-06	2.96656
0.000417279	304.121	4.21494e-06	2.99383
0.000425709	323.439	4.21494e-06	3.79928
0.000434139	331.875	4.21494e-06	3.13952
0.000442569	353.647	4.21494e-06	6.54377
0.000450999	356.456	4.21494e-06	3.92472
0.000459429	366.785	4.21494e-06	3.71497
0.000467859	381.593	4.21494e-06	3.46266
0.000476289	393.966	4.21494e-06	3.87877
0.000484718	409.024	4.21494e-06	6.76209
0.000493148	417.995	4.21494e-06	3.58974
0.000501578	430.238	4.21494e-06	3.76425
0.000510008	435.242	4.21494e-06	3.7019
0.000518438	458.24	4.21494e-06	4.50664
0.000526868	462.913	4.21494e-06	3.90262
0.000535298	475.408	4.21494e-06	3.77334
0.000543728	485.525	4.21494e-06	3.91407
0.000552158	499.625	4.21494e-06	5.25653
0.000560587	512.577	4.21494e-06	4.11083
0.000569017	517.64	4.21494e-06	4
0.000577447	533.956	4.21494e-06	6.78021
0.000585877	549.364	4.21494e-06	4.85194
0.000594307	553.48	4.21494e-06	4.21321
0.000602737	576.416	4.21494e-06	6.27277
0.000611167	573.927	4.21494e-06	4.17068
0.000619597	590.896	4.21494e-06	4.18497
0.000628026	600.753	4.21494e-06	4.18813
0.000636456	615.605	4.21494e-06	4.66345
0.000644886	623.166	4.21494e-06	4.3133
0.000653316	647.862	4.21494e-06	9.83155
0.000661746	647.624	4.21494e-06	4.39665
0.000670176	653.737	4.21494e-06	4.28683
0.000678606	669.175	4.21494e-06	4.44957
0.000687036	686.238	4.21494e-06	4.78977
0.000695466	688.31	4.21494e-06	4.70801
0.000703895	708.633	4.21494e-06	7.01134
0.000712325	721.441	4.21494e-06	5.6798
0.000720755	729.04	4.21494e-06	5.74735
0.000729185	728.851	4.21494e-06	4.98554
0.000737615	742.1	4.21494e-06	4.82038
0.000746045	765.184	4.21494e-06	6.13213
0.000754475	756.951	4.21494e-06	5.05969
0.000762905	786.96	4.21494e-06	12.9132
0.000771335	771.625	4.21494e-06	5.14831
0.000779764	789.565	4.21494e-06	9.70859
0.000788194	771.724	4.21494e-06	4.45413
0.000796624	801.176	4.21494e-06	6.62829
0.000805054	799.545	4.21494e-06	4.91565
0.000813484	807.207	4.21494e-06	4.67865
0.000821914	824.948	4.21494e-06	5.10092
0.000830344	830.727	4.21494e-06	4.85427
0.000838774	829.93	4.21494e-06	4.84566
0.000847204	843.702	4.21494e-06	6.17759
0.000855633	845.47	4.21494e-06	7.29217
0.000864063	857.88	4.21494e-06	5.22544
0.000872493	875.206	4.21494e-06	7.11966
0.000880923	870.455	4.21494e-06	6.43356
0.000889353	866.662	4.21494e-06	4.91368
0.000897783	883.217	4.21494e-06	7.82281
0.000906213	867.624	4.21494e-06	4.59056
0.000914643	874.731	4.21494e-06	4.5899
0.000923072	883.465	4.21494e-06	6.17423
0.000931502	902.228	4.21494e-06	5.70583
0.000939932	883.033	4.21494e-06	4.70788
0.000948362	896.821	4.21494e-06	5.30245
0.000956792	901.061	4.21494e-06	5.24955
0.000965222	909.828	4.21494e-06	7.72531
0.000973652	909.638	4.21494e-06	5.61001
0.000982082	912.03	4.21494e-06	5.28732
0.000990512	914.666	4.21494e-06	8.08358
0.000998941	919.3	4.21494e-06	9.00687
0.00100737	910.137	4.21494e-06	5.02844
0.0010158	901.454	4.21494e-06	5.19008
0.00102423	903.68	4.21494e-06	4.88034
0.00103266	911.65	4.21494e-06	4.71423
0.00104109	925.09	4.21494e-06	7.69141
0.00104952	906.33	4.21494e-06	5.15899
0.00105795	905.053	4.21494e-06	5.14325
0.00106638	911.367	4.21494e-06	6.12906
0.00107481	909.213	4.21494e-06	5.12679
0.00108324	898.589	4.21494e-06	5.75633
0.00109167	915.657	4.21494e-06	6.47228
0.0011001	894.36	4.21494e-06	4.70519
0.00110853	891.606	4.21494e-06	4.73904
0.00111696	891.283	4.21494e-06	5.00099
0.00112539	881.36	4.21494e-06	5.02626
0.00113382	888.477	4.21494e-06	5.0742
0.00114225	884.97	4.21494e-06	4.91252
0.00115068	875.7	4.21494e-06	4.72416
0.00115911	871.982	4.21494e-06	4.81284
0.00116754	865.83	4.21494e-06	4.53158
0.00117597	870.701	4.21494e-06	5.36135
0.0011844	860.562	4.21494e-06	4.45882
0.00119283	853.551	4.21494e-06	4.9997
0.00120126	846.936	4.21494e-06	4.44531
0.00120969	838.245	4.21494e-06	5.54904
0.00121812	838.322	4.21494e-06	5.0517
0.00122655	833.979	4.21494e-06	4.65833
0.00123498	813.842	4.21494e-06	4.4588
0.00124341	812.902	4.21494e-06	4.60908
0.00125184	809.062	4.21494e-06	4.88016
0.00126027	798.43	4.21494e-06	4.18512
0.0012687	787.304	4.21494e-06	4.28206
0.00127713	785.597	4.21494e-06	4.33767
0.00128556	784.99	4.21494e-06	5.18016
0.00129399	769.307	4.21494e-06	4.8074
0.00130242	757.875	4.21494e-06	4.13805
0.00131085	755.282	4.21494e-06	5.05646
0.00131928	732.053	4.21494e-06	3.97464
0.00132771	727.209	4.21494e-06	3.81798
0.00133614	716.911	4.21494e-06	3.8572
0.00134457	718.945	4.21494e-06	3.94973
0.001353	717.864	4.21494e-06	5.45764
0.00136143	699.911	4.21494e-06	3.81371
0.00136986	693.487	4.21494e-06	4.66874
0.00137829	680.647	4.21494e-06	4.60923
0.00138672	679.622	4.21494e-06	4.21443
0.00139515	676.281	4.21494e-06	6.70676
0.00140358	645.701	4.21494e-06	3.76541
0.00141201	642.658	4.21494e-06	3.68977
0.00142044	637.169	4.21494e-06	4.55819
0.00142887	631.022	4.21494e-06	4.30705
0.0014373	622.077	4.21494e-06	4.43826
0.00144573	601.504	4.21494e-06	3.28448
0.00145416	602.749	4.21494e-06	3.67345
0.00146259	586.809	4.21494e-06	3.30724
0.00147102	580.469	4.21494e-06	3.44934
0.00147944	579.272	4.21494e-06	5.22088
0.00148787	565.336	4.21494e-06	7.4825
0.0014963	553.931	4.21494e-06	3.61291
0.00150473	541.622	4.21494e-06	3.70548
0.00151316	535.705	4.21494e-06	3.41223
0.00152159	521.04	4.21494e-06	3.65929
0.00153002	515.096	4.21494e-06	5.77667
0.00153845	503.495	4.21494e-06	3.36423
0.00154688	491.225	4.21494e-06	3.88927
0.00155531	484.592	4.21494e-06	4.43287
0.00156374	477.567	4.21494e-06	3.25023
0.00157217	465.04	4.21494e-06	3.14253
0.0015806	460.32	4.21494e-06	3.19597
0.00158903	446.848	4.21494e-06	2.88048
0.00159746	439.2	4.21494e-06	3.28722
0.00160589	425.409	4.21494e-06	2.71691
0.00161432	415.818	4.21494e-06	2.7389
0.00162275	412.309	4.21494e-06	2.80773
0.00163118	399.603	4.21494e-06	2.7536
0.00163961	389.346	4.21494e-06	2.57221
0.00164804	385.12	4.21494e-06	2.78004
0.00165647	365.961	4.21494e-06	2.59203
0.0016649	363.073	4.21494e-06	2.6824
0.00167333	363.53	4.21494e-06	4.64375
0.00168176	352.13	4.21494e-06	2.58239
0.00169019	336.754	4.21494e-06	2.40937
0.00169862	336.813	4.21494e-06	3.23455
0.00170705	326.402	4.21494e-06	2.74192
0.00171548	316.429	4.21494e-06	2.2333
0.00172391	308.465	4.21494e-06	2.43165
0.00173234	301.204	4.21494e-06	2.32679
0.00174077	292.064	4.21494e-06	2.43302
0.0017492	286.838	4.21494e-06	2.81903
0.00175763	276.346	4.21494e-06	2.33653
0.00176606	271.37	4.21494e-06	2.32278
0.00177449	262.995	4.21494e-06	2.41857
0.00178292	255.277	4.21494e-06	2.39173
0.00179135	249.19	4.21494e-06	2.1702
0.00179978	241.873	4.21494e-06	2.02599
0.00180821	239.756	4.21494e-06	2.75813
0.00181664	227.585	4.21494e-06	1.95515
0.00182507	222.24	4.21494e-06	1.86874
0.0018335	219.254	4.21494e-06	2.7945
0.00184193	210.351	4.21494e-06	1.88773
0.00185036	202.518	4.21494e-06	1.75624
0.00185879	197.266	4.21494e-06	2.07188
0.00186722	189.419	4.21494e-06	1.79448
0.00187565	183.267	4.21494e-06	1.6654
0.00188408	184.479	4.21494e-06	4.10408
0.00189251	174.032	4.21494e-06	1.77056
0.00190094	167.328	4.21494e-06	1.53346
0.00190937	164.174	4.21494e-06	2.21913
0.0019178	158.242	4.21494e-06	1.53129
0.00192623	151.506	4.21494e-06	1.50868
0.00193466	145.062	4.21494e-06	1.43239
0.00194309	144.345	4.21494e-06	1.54032
0.00195152	136.037	4.21494e-06	1.39899
0.00195995	129.804	4.21494e-06	1.44497
0.00196838	127.93	4.21494e-06	1.45575
0.00197681	121.982	4.21494e-06	1.30989
0.00198524	118.887	4.21494e-06	1.47034
0.00199367	116.441	4.21494e-06	1.3783
0.0020021	109.004	4.21494e-06	1.19909
0.00201053	104.962	4.21494e-06	1.1684
0.00201896	104.265	4.21494e-06	1.35949
0.00202739	100.869	4.21494e-06	1.336
0.00203582	97.8445	4.21494e-06	1.20789
0.00204425	94.1592	4.21494e-06	1.77276
0.00205268	88.2138	4.21494e-06	1.38475
0.00206111	84.2442	4.21494e-06	1.03542
0.00206954	82.197	4.21494e-06	1.04958
0.00207797	79.9039	4.21494e-06	1.01607
0.0020864	76.0952	4.21494e-06	0.994174
0.00209483	75.2297	4.21494e-06	1.02066
0.00210326	71.4433	4.21494e-06	0.955743
0.00211169	68.3947	4.21494e-06	1.00031
0.00212012	66.6528	4.21494e-06	1.01376
0.00212855	62.2819	4.21494e-06	0.913026
0.00213698	60.6955	4.21494e-06	0.883661
0.00214541	55.104	4.21494e-06	0.820141
0.00215384	56.0588	4.21494e-06	0.859837
0.00216227	51.352	4.21494e-06	0.771671
0.0021707	49.7523	4.21494e-06	0.774801
0.00217913	48.806	4.21494e-06	0.770519
0.00218756	45.976	4.21494e-06	0.722861
0.00219599	45.3652	4.21494e-06	0.731373
0.00220442	41.0402	4.21494e-06	0.692326
0.00221285	40.5208	4.21494e-06	0.672917
0.00222127	39.1043	4.21494e-06	0.671694
0.0022297	37.0214	4.21494e-06	0.643809
0.00223813	34.2103	4.21494e-06	0.607153
0.00224656	32.54	4.21494e-06	0.598847
0.00225499	32.6414	4.21494e-06	0.600235
0.00226342	30.5807	4.21494e-06	0.578242
0.00227185	28.6647	4.21494e-06	0.560903
0.00228028	27.2064	4.21494e-06	0.541449
0.00228871	26.1715	4.21494e-06	0.531788
0.00229714	23.2476	4.21494e-06	0.493791
0.00230557	22.6282	4.21494e-06	0.494266
0.002314	22.688	4.21494e-06	0.494503
0.00232243	20.9202	4.21494e-06	0.465916
0.00233086	19.6842	4.21494e-06	0.453913
0.00233929	18.0099	4.21494e-06	0.430461
0.00234772	17.5058	4.21494e-06	0.424046
0.00235615	16.2405	4.21494e-06	0.404081
0.00236458	15.6604	4.21494e-06	0.399321
0.00237301	13.5703	4.21494e-06	0.363961
0.00238144	12.9524	4.21494e-06	0.359799
0.00238987	12.5963	4.21494e-06	0.351826
0.0023983	11.3929	4.21494e-06	0.335294
0.00240673	10.8151	4.21494e-06	0.326371
0.00241516	10.2623	4.21494e-06	0.316421
0.00242359	9.37667	4.21494e-06	0.301575
0.00243202	8.88326	4.21494e-06	0.290629
0.00244045	7.72175	4.21494e-06	0.270427
0.00244888	6.79877	4.21494e-06	0.253009
0.00245731	6.84677	4.21494e-06	0.2534
0.00246574	6.45266	4.21494e-06	0.24697
0.00247417	5.20515	4.21494e-06	0.221737
0.0024826	4.78	4.21494e-06	0.210691
0.00249103	4.67783	4.21494e-06	0.208096
0.00249946	3.73068	4.21494e-06	0.183682
0.00250789	3.67815	4.21494e-06	0.184022
0.00251632	3.14799	4.21494e-06	0.168657
0.00252475	2.3955	4.21494e-06	0.145908
0.00253318	2.04319	4.21494e-06	0.1344
0.00254161	1.8772	4.21494e-06	0.129371
0.00255004	1.04615	4.21494e-06	0.0951296
0.00255847	0.962385	4.21494e-06	0.092032
0.0025669	0.528491	4.21494e-06	0.067789
0.00257533	0.30026	4.21494e-06	0.0508095
0.00258376	0.0254371	4.21494e-06	0.0146941
