4.21494e-06	0.0275178	4.21494e-06	0.0140243
1.26448e-05	0.486843	4.21494e-06	0.102723
2.10747e-05	0.613379	4.21494e-06	0.103014
2.95046e-05	1.71671	4.21494e-06	0.174294
3.79345e-05	2.38708	4.21494e-06	0.165655
4.63644e-05	3.92895	4.21494e-06	0.264672
5.47943e-05	5.81294	4.21494e-06	0.477334
6.32241e-05	7.83032	4.21494e-06	0.468133
7.1654e-05	9.61015	4.21494e-06	0.416519
8.00839e-05	13.5995	4.21494e-06	0.679106
8.85138e-05	14.587	4.21494e-06	0.617371
9.69437e-05	19.4778	4.21494e-06	0.751389
0.000105374	20.2169	4.21494e-06	0.741318
0.000113803	24.2501	4.21494e-06	0.706275
0.000122233	28.209	4.21494e-06	0.695264
0.000130663	31.1659	4.21494e-06	0.694781
0.000139093	34.2621	4.21494e-06	0.933443
0.000147523	44.9013	4.21494e-06	3.15886
0.000155953	44.6028	4.21494e-06	1.06574
0.000164383	49.7566	4.21494e-06	1.04451
0.000172813	54.2949	4.21494e-06	0.981665
0.000181243	59.4696	4.21494e-06	1.09002
0.000189672	65.9469	4.21494e-06	1.16654
0.000198102	74.0632	4.21494e-06	1.47318
0.000206532	76.8742	4.21494e-06	1.20567
0.000214962	85.6744	4.21494e-06	1.67878
0.000223392	91.9478	4.21494e-06	1.703
0.000231822	99.8027	4.21494e-06	1.66882
0.000240252	105.523	4.21494e-06	1.49968
0.000248682	115.181	4.21494e-06	1.89925
0.000257112	120.846	4.21494e-06	1.66063
0.000265541	130.325	4.21494e-06	2.15271
0.000273971	134.53	4.21494e-06	1.83312
0.000282401	148.745	4.21494e-06	2.27565
0.000290831	157.653	4.21494e-06	2.22534
0.000299261	160.909	4.21494e-06	2.50237
0.000307691	169.507	4.21494e-06	1.90217
0.000316121	175.6	4.21494e-06	2.09235
0.000324551	186.647	4.21494e-06	2.15035
0.00033298	198.686	4.21494e-06	2.60092
0.00034141	207.529	4.21494e-06	2.23185
0.00034984	224.646	4.21494e-06	6.8989
0.00035827	224.869	4.21494e-06	3.50184
0.0003667	234.48	4.21494e-06	2.45809
0.00037513	248.015	4.21494e-06	2.70647
0.00038356	249.882	4.21494e-06	2.27039
0.00039199	271.264	4.21494e-06	2.91917
0.00040042	275.121	4.21494e-06	2.64261
0.000408849	296.476	4.21494e-06	2.98962
0.000417279	300.165	4.21494e-06	2.77798
0.000425709	308.02	4.21494e-06	3.25189
0.000434139	321.245	4.21494e-06	2.92283
0.000442569	333.685	4.21494e-06	2.99385
0.000450999	348.62	4.21494e-06	3.46985
0.000459429	352.831	4.21494e-06	3.10008
0.000467859	358.58	4.21494e-06	2.84441
0.000476289	382.345	4.21494e-06	4.33662
0.000484718	393.233	4.21494e-06	3.87784
0.000493148	404.527	4.21494e-06	3.16187
0.000501578	414.06	4.21494e-06	4.60054
0.000510008	422.373	4.21494e-06	3.2876
0.000518438	439.251	4.21494e-06	4.17989
0.000526868	449.425	4.21494e-06	3.70271
0.000535298	464.543	4.21494e-06	5.32518
0.000543728	470.245	4.21494e-06	3.42715
0.000552158	485.303	4.21494e-06	4.53796
0.000560587	492.671	4.21494e-06	3.9539
0.000569017	515.56	4.21494e-06	4.36748
0.000577447	522.704	4.21494e-06	4.17163
0.000585877	532.985	4.21494e-06	4.22258
0.000594307	546.053	4.21494e-06	5.70114
0.000602737	568.523	4.21494e-06	8.90181
0.000611167	570.131	4.21494e-06	4.46355
0.000619597	581.032	4.21494e-06	4.87279
0.000628026	592.233	4.21494e-06	6.27978
0.000636456	610.399	4.21494e-06	8.1395
0.000644886	607.531	4.21494e-06	4.80533
0.000653316	625.942	4.21494e-06	4.54998
0.000661746	637.198	4.21494e-06	5.80102
0.000670176	644.19	4.21494e-06	4.38902
0.000678606	659.849	4.21494e-06	6.26372
0.000687036	673.567	4.21494e-06	5.56617
0.000695466	673.231	4.21494e-06	5.37557
0.000703895	682.319	4.21494e-06	4.74014
0.000712325	703.74	4.21494e-06	5.94982
0.000720755	717.657	4.21494e-06	5.74255
0.000729185	710.821	4.21494e-06	4.6637
0.000737615	733.018	4.21494e-06	6.02392
0.000746045	732.508	4.21494e-06	4.9192
0.000754475	751.05	4.21494e-06	5.18289
0.000762905	762.591	4.21494e-06	6.79242
0.000771335	775.374	4.21494e-06	7.30227
0.000779764	769.166	4.21494e-06	4.95094
0.000788194	784.134	4.21494e-06	5.72759
0.000796624	800.199	4.21494e-06	6.00231
0.000805054	798.063	4.21494e-06	5.84079
0.000813484	803.689	4.21494e-06	5.57428
0.000821914	812.852	4.21494e-06	5.17739
0.000830344	819.291	4.21494e-06	5.41687
0.000838774	820.616	4.21494e-06	5.12025
0.000847204	836.37	4.21494e-06	5.29105
0.000855633	847.588	4.21494e-06	5.69604
0.000864063	851.437	4.21494e-06	5.58219
0.000872493	861.585	4.21494e-06	6.2283
0.000880923	853.836	4.21494e-06	5.32646
0.000889353	866.671	4.21494e-06	6.53124
0.000897783	875.549	4.21494e-06	5.36009
0.000906213	880.987	4.21494e-06	7.59155
0.000914643	890.813	4.21494e-06	7.91804
0.000923072	877.576	4.21494e-06	6.19781
0.000931502	888.07	4.21494e-06	5.85551
0.000939932	881.395	4.21494e-06	5.41759
0.000948362	893.695	4.21494e-06	5.30745
0.000956792	918.176	4.21494e-06	11.8667
0.000965222	900.778	4.21494e-06	5.96822
0.000973652	904.122	4.21494e-06	5.80224
0.000982082	907.58	4.21494e-06	9.44354
0.000990512	907.61	4.21494e-06	5.56895
0.000998941	894.09	4.21494e-06	5.16916
0.00100737	907.455	4.21494e-06	5.56201
0.0010158	904.764	4.21494e-06	5.75212
0.00102423	915.673	4.21494e-06	6.90263
0.00103266	924.315	4.21494e-06	9.28508
0.00104109	911.737	4.21494e-06	6.7719
0.00104952	907.444	4.21494e-06	7.28043
0.00105795	900.893	4.21494e-06	5.91226
0.00106638	916.944	4.21494e-06	8.85478
0.00107481	906.544	4.21494e-06	6.85605
0.00108324	900.234	4.21494e-06	5.70632
0.00109167	897.343	4.21494e-06	5.83509
0.0011001	900.262	4.21494e-06	8.14603
0.00110853	904.793	4.21494e-06	8.27137
0.00111696	902.163	4.21494e-06	8.06769
0.00112539	897.446	4.21494e-06	7.43326
0.00113382	897.609	4.21494e-06	6.98085
0.00114225	907.925	4.21494e-06	8.48665
0.00115068	888.479	4.21494e-06	10.3024
0.00115911	871.989	4.21494e-06	5.94038
0.00116754	871.504	4.21494e-06	5.45384
0.00117597	863.164	4.21494e-06	7.17806
0.0011844	877.269	4.21494e-06	8.4012
0.00119283	844.894	4.21494e-06	5.48994
0.00120126	847.102	4.21494e-06	6.23991
0.00120969	838.738	4.21494e-06	5.4868
0.00121812	845.038	4.21494e-06	6.52346
0.00122655	834.942	4.21494e-06	7.09787
0.00123498	823.998	4.21494e-06	5.79303
0.00124341	815.454	4.21494e-06	5.49139
0.00125184	815.174	4.21494e-06	5.64609
0.00126027	817.191	4.21494e-06	10.9034
0.0012687	796.576	4.21494e-06	5.56408
0.00127713	802.685	4.21494e-06	9.65636
0.00128556	790.894	4.21494e-06	6.27594
0.00129399	774.775	4.21494e-06	5.5568
0.00130242	764.672	4.21494e-06	4.99041
0.00131085	763.76	4.21494e-06	5.79883
0.00131928	758.109	4.21494e-06	5.87674
0.00132771	745.665	4.21494e-06	5.89242
0.00133614	737.093	4.21494e-06	5.55106
0.00134457	735.111	4.21494e-06	6.82769
0.001353	712.357	4.21494e-06	5.00667
0.00136143	708.547	4.21494e-06	6.98027
0.00136986	709.189	4.21494e-06	7.40253
0.00137829	689.162	4.21494e-06	6.05147
0.00138672	683.994	4.21494e-06	5.04147
0.00139515	677.234	4.21494e-06	6.42214
0.00140358	658.741	4.21494e-06	5.11622
0.00141201	660.161	4.21494e-06	6.92086
0.00142044	642.875	4.21494e-06	5.18387
0.00142887	639.649	4.21494e-06	5.3696
0.0014373	631.582	4.21494e-06	6.17842
0.00144573	613.089	4.21494e-06	5.39273
0.00145416	598.347	4.21494e-06	4.35814
0.00146259	595.463	4.21494e-06	4.82569
0.00147102	596.19	4.21494e-06	5.99625
0.00147944	576.542	4.21494e-06	5.19194
0.00148787	575.647	4.21494e-06	6.2815
0.0014963	560.929	4.21494e-06	4.66812
0.00150473	550.815	4.21494e-06	4.7579
0.00151316	534.947	4.21494e-06	4.51546
0.00152159	539.769	4.21494e-06	9.53811
0.00153002	519.273	4.21494e-06	4.20761
0.00153845	505.039	4.21494e-06	4.04151
0.00154688	502.274	4.21494e-06	4.27776
0.00155531	504.482	4.21494e-06	6.20561
0.00156374	490.688	4.21494e-06	6.28442
0.00157217	489.405	4.21494e-06	7.11257
0.0015806	471.216	4.21494e-06	4.49182
0.00158903	454.06	4.21494e-06	4.47996
0.00159746	448.304	4.21494e-06	5.12166
0.00160589	448.448	4.21494e-06	9.54012
0.00161432	433.473	4.21494e-06	4.65179
0.00162275	416.481	4.21494e-06	4.03299
0.00163118	408.302	4.21494e-06	5.14728
0.00163961	399.851	4.21494e-06	4.33153
0.00164804	398.448	4.21494e-06	4.83609
0.00165647	381.095	4.21494e-06	3.69673
0.0016649	372.362	4.21494e-06	4.36787
0.00167333	368.556	4.21494e-06	4.45986
0.00168176	353.061	4.21494e-06	4.15447
0.00169019	350.008	4.21494e-06	3.97787
0.00169862	348.456	4.21494e-06	5.035
0.00170705	340.306	4.21494e-06	5.29888
0.00171548	322.587	4.21494e-06	3.89682
0.00172391	317.08	4.21494e-06	3.86663
0.00173234	304.968	4.21494e-06	3.53754
0.00174077	299.076	4.21494e-06	3.74134
0.0017492	287.491	4.21494e-06	3.41877
0.00175763	291.481	4.21494e-06	6.28758
0.00176606	275.35	4.21494e-06	3.87642
0.00177449	260.082	4.21494e-06	3.12232
0.00178292	257.761	4.21494e-06	3.16967
0.00179135	251.273	4.21494e-06	3.21443
0.00179978	249.412	4.21494e-06	3.41258
0.00180821	233.756	4.21494e-06	3.33752
0.00181664	228.621	4.21494e-06	2.81936
0.00182507	226.384	4.21494e-06	2.98841
0.0018335	225.211	4.21494e-06	3.24119
0.00184193	213.685	4.21494e-06	3.13899
0.00185036	208.479	4.21494e-06	2.9011
0.00185879	202.84	4.21494e-06	2.76014
0.00186722	197.204	4.21494e-06	2.99172
0.00187565	195.141	4.21494e-06	4.34506
0.00188408	185.909	4.21494e-06	2.89897
0.00189251	176.159	4.21494e-06	2.64018
0.00190094	174.001	4.21494e-06	3.37803
0.00190937	166.052	4.21494e-06	2.81618
0.0019178	169.871	4.21494e-06	4.02049
0.00192623	152.294	4.21494e-06	2.61216
0.00193466	148.194	4.21494e-06	2.22374
0.00194309	147.648	4.21494e-06	2.59293
0.00195152	141.934	4.21494e-06	2.48075
0.00195995	139.233	4.21494e-06	2.7312
0.00196838	136.358	4.21494e-06	2.83088
0.00197681	127.164	4.21494e-06	2.03092
0.00198524	125.664	4.21494e-06	2.55593
0.00199367	118.402	4.21494e-06	2.0349
0.0020021	115.685	4.21494e-06	2.53278
0.00201053	116.452	4.21494e-06	2.45843
0.00201896	107.875	4.21494e-06	2.04899
0.00202739	104.464	4.21494e-06	2.38508
0.00203582	105.238	4.21494e-06	3.84222
0.00204425	94.9757	4.21494e-06	1.9869
0.00205268	88.4138	4.21494e-06	1.73406
0.00206111	87.9402	4.21494e-06	2.22196
0.00206954	83.6349	4.21494e-06	1.89231
0.00207797	80.2358	4.21494e-06	1.77079
0.0020864	79.9061	4.21494e-06	1.63342
0.00209483	81.8452	4.21494e-06	4.09238
0.00210326	71.5361	4.21494e-06	1.76469
0.00211169	67.4763	4.21494e-06	1.66305
0.00212012	70.3364	4.21494e-06	2.36358
0.00212855	63.5622	4.21494e-06	1.56318
0.00213698	60.2505	4.21494e-06	1.46635
0.00214541	58.0871	4.21494e-06	1.59737
0.00215384	53.479	4.21494e-06	1.27067
0.00216227	56.66	4.21494e-06	1.69968
0.0021707	54.4119	4.21494e-06	1.8256
0.00217913	47.9965	4.21494e-06	1.41575
0.00218756	48.5257	4.21494e-06	1.74181
0.00219599	43.3642	4.21494e-06	1.29419
0.00220442	41.6725	4.21494e-06	1.2196
0.00221285	41.0052	4.21494e-06	1.27095
0.00222127	37.979	4.21494e-06	1.16621
0.0022297	39.1463	4.21494e-06	1.2391
0.00223813	35.0801	4.21494e-06	1.06341
0.00224656	34.1941	4.21494e-06	1.62995
0.00225499	34.9486	4.21494e-06	1.46709
0.00226342	29.4464	4.21494e-06	1.04411
0.00227185	30.4241	4.21494e-06	1.76801
0.00228028	26.9978	4.21494e-06	1.17908
0.00228871	27.4102	4.21494e-06	1.15213
0.00229714	28.2468	4.21494e-06	2.86617
0.00230557	23.7237	4.21494e-06	0.986336
0.002314	27.4351	4.21494e-06	4.4999
0.00232243	21.5489	4.21494e-06	2.70475
0.00233086	16.638	4.21494e-06	0.692247
0.00233929	17.3109	4.21494e-06	0.744402
0.00234772	17.4098	4.21494e-06	0.910867
0.00235615	16.3856	4.21494e-06	0.925987
0.00236458	15.5971	4.21494e-06	0.82499
0.00237301	14.2286	4.21494e-06	0.770521
0.00238144	13.6289	4.21494e-06	0.811775
0.00238987	11.8976	4.21494e-06	0.617747
0.0023983	12.1718	4.21494e-06	0.788386
0.00240673	11.6418	4.21494e-06	0.730273
0.00241516	9.84005	4.21494e-06	0.592033
0.00242359	9.68972	4.21494e-06	0.599921
0.00243202	8.83588	4.21494e-06	0.667879
0.00244045	9.49002	4.21494e-06	0.926671
0.00244888	7.2135	4.21494e-06	0.599669
0.00245731	7.02	4.21494e-06	0.547795
0.00246574	6.11417	4.21494e-06	0.589825
0.00247417	6.06653	4.21494e-06	0.507041
0.0024826	5.37108	4.21494e-06	0.588713
0.00249103	4.11557	4.21494e-06	0.469573
0.00249946	3.16745	4.21494e-06	0.345932
0.00250789	4.09324	4.21494e-06	0.567737
0.00251632	3.1102	4.21494e-06	0.511234
0.00252475	2.88829	4.21494e-06	0.539127
0.00253318	1.5775	4.21494e-06	0.25512
0.00254161	1.38478	4.21494e-06	0.230597
0.00255004	1.03016	4.21494e-06	0.315875
0.00255847	2.36885	4.21494e-06	1.22188
0.0025669	0.688782	4.21494e-06	0.299719
0.00257533	0.297697	4.21494e-06	0.136633
0.00258376	0.0590801	4.21494e-06	0.0590801
