4.21494e-06	0.0404842	4.21494e-06	0.025265
1.26448e-05	0.306467	4.21494e-06	0.0607969
2.10747e-05	0.602858	4.21494e-06	0.0803525
2.95046e-05	1.69181	4.21494e-06	0.191865
3.79345e-05	2.59494	4.21494e-06	0.223754
4.63644e-05	4.20823	4.21494e-06	0.274652
5.47943e-05	4.79132	4.21494e-06	0.302362
6.32241e-05	7.39926	4.21494e-06	0.420934
7.1654e-05	9.90684	4.21494e-06	0.435338
8.00839e-05	11.8888	4.21494e-06	0.531351
8.85138e-05	14.6575	4.21494e-06	0.784112
9.69437e-05	17.4321	4.21494e-06	0.781139
0.000105374	20.828	4.21494e-06	0.721364
0.000113803	23.5918	4.21494e-06	0.674272
0.000122233	27.7418	4.21494e-06	0.88506
0.000130663	30.8734	4.21494e-06	0.794643
0.000139093	36.7134	4.21494e-06	1.01116
0.000147523	41.437	4.21494e-06	1.0875
0.000155953	45.8719	4.21494e-06	1.55811
0.000164383	50.0359	4.21494e-06	1.03134
0.000172813	55.5871	4.21494e-06	1.18319
0.000181243	58.3319	4.21494e-06	1.20952
0.000189672	63.1607	4.21494e-06	1.16044
0.000198102	73.7706	4.21494e-06	1.58472
0.000206532	79.3289	4.21494e-06	1.77766
0.000214962	87.0723	4.21494e-06	1.70249
0.000223392	85.8559	4.21494e-06	1.36541
0.000231822	97.1529	4.21494e-06	1.55943
0.000240252	104.896	4.21494e-06	1.69689
0.000248682	115.471	4.21494e-06	2.44055
0.000257112	121.105	4.21494e-06	1.7685
0.000265541	128.92	4.21494e-06	3.05768
0.000273971	134.89	4.21494e-06	1.7824
0.000282401	143.237	4.21494e-06	1.93429
0.000290831	154.771	4.21494e-06	2.23227
0.000299261	164.017	4.21494e-06	2.1346
0.000307691	173.152	4.21494e-06	2.72389
0.000316121	175.785	4.21494e-06	2.08431
0.000324551	187.128	4.21494e-06	2.51657
0.00033298	197.4	4.21494e-06	2.83079
0.00034141	207.461	4.21494e-06	2.39526
0.00034984	217.984	4.21494e-06	2.62966
0.00035827	226.507	4.21494e-06	2.46031
0.0003667	235.16	4.21494e-06	2.33263
0.00037513	249.07	4.21494e-06	2.86973
0.00038356	253.917	4.21494e-06	2.65312
0.00039199	272.555	4.21494e-06	3.13502
0.00040042	277.085	4.21494e-06	3.58807
0.000408849	283.991	4.21494e-06	3.0998
0.000417279	303.732	4.21494e-06	6.31311
0.000425709	313.426	4.21494e-06	3.09611
0.000434139	326.369	4.21494e-06	3.03697
0.000442569	331.279	4.21494e-06	3.10465
0.000450999	339.627	4.21494e-06	3.02785
0.000459429	354.41	4.21494e-06	3.39411
0.000467859	389.68	4.21494e-06	18.4726
0.000476289	379.953	4.21494e-06	3.57026
0.000484718	390.007	4.21494e-06	3.18793
0.000493148	393.481	4.21494e-06	3.48988
0.000501578	413.352	4.21494e-06	3.55298
0.000510008	429.018	4.21494e-06	6.43857
0.000518438	433.177	4.21494e-06	3.67226
0.000526868	443.898	4.21494e-06	3.6359
0.000535298	455.492	4.21494e-06	4.80701
0.000543728	474.654	4.21494e-06	3.96102
0.000552158	492.316	4.21494e-06	4.89273
0.000560587	504.058	4.21494e-06	4.36965
0.000569017	512.278	4.21494e-06	3.93396
0.000577447	509.513	4.21494e-06	3.94055
0.000585877	529.85	4.21494e-06	4.01808
0.000594307	542.42	4.21494e-06	5.44921
0.000602737	543.239	4.21494e-06	3.98875
0.000611167	567.658	4.21494e-06	4.31461
0.000619597	574.552	4.21494e-06	4.5284
0.000628026	595.764	4.21494e-06	5.46912
0.000636456	592.845	4.21494e-06	3.9222
0.000644886	611.588	4.21494e-06	4.20346
0.000653316	631.458	4.21494e-06	5.53834
0.000661746	635.768	4.21494e-06	5.48876
0.000670176	641.176	4.21494e-06	4.48407
0.000678606	658.958	4.21494e-06	5.08526
0.000687036	668.505	4.21494e-06	6.41963
0.000695466	676.21	4.21494e-06	6.00854
0.000703895	679.493	4.21494e-06	4.53148
0.000712325	699.939	4.21494e-06	5.03616
0.000720755	693.841	4.21494e-06	4.60266
0.000729185	712.949	4.21494e-06	5.72797
0.000737615	726.766	4.21494e-06	6.05632
0.000746045	736.264	4.21494e-06	5.59286
0.000754475	745.159	4.21494e-06	5.83226
0.000762905	754.002	4.21494e-06	5.40991
0.000771335	753.783	4.21494e-06	4.70418
0.000779764	787.287	4.21494e-06	13.2978
0.000788194	779.525	4.21494e-06	4.71893
0.000796624	787.837	4.21494e-06	4.7198
0.000805054	800.721	4.21494e-06	5.75414
0.000813484	798.386	4.21494e-06	4.80205
0.000821914	813.492	4.21494e-06	5.84701
0.000830344	812.505	4.21494e-06	4.9258
0.000838774	819.601	4.21494e-06	4.74898
0.000847204	840.311	4.21494e-06	6.77352
0.000855633	842.889	4.21494e-06	7.7604
0.000864063	840.734	4.21494e-06	5.89887
0.000872493	861.173	4.21494e-06	6.49752
0.000880923	863.633	4.21494e-06	8.28081
0.000889353	875.465	4.21494e-06	6.41701
0.000897783	862.581	4.21494e-06	5.43724
0.000906213	876.623	4.21494e-06	6.20086
0.000914643	876.36	4.21494e-06	5.20523
0.000923072	894.471	4.21494e-06	7.7861
0.000931502	885.207	4.21494e-06	5.34505
0.000939932	891.354	4.21494e-06	5.70963
0.000948362	905.991	4.21494e-06	7.32786
0.000956792	903.213	4.21494e-06	5.93564
0.000965222	904.696	4.21494e-06	5.75394
0.000973652	892.405	4.21494e-06	5.47135
0.000982082	900.797	4.21494e-06	7.55732
0.000990512	911.252	4.21494e-06	5.62269
0.000998941	916.05	4.21494e-06	7.85754
0.00100737	908.092	4.21494e-06	6.14377
0.0010158	909.482	4.21494e-06	5.92775
0.00102423	908.323	4.21494e-06	5.48171
0.00103266	903.314	4.21494e-06	6.63091
0.00104109	908.707	4.21494e-06	5.29332
0.00104952	910.001	4.21494e-06	5.63016
0.00105795	909.837	4.21494e-06	6.95125
0.00106638	942.753	4.21494e-06	17.1813
0.00107481	919.122	4.21494e-06	7.12778
0.00108324	914.199	4.21494e-06	5.90681
0.00109167	913.194	4.21494e-06	6.73239
0.0011001	915.201	4.21494e-06	9.07782
0.00110853	907.097	4.21494e-06	5.91133
0.00111696	932.814	4.21494e-06	18.8751
0.00112539	880.582	4.21494e-06	5.15651
0.00113382	880.042	4.21494e-06	5.48397
0.00114225	875.845	4.21494e-06	5.47274
0.00115068	888.633	4.21494e-06	5.60549
0.00115911	875.272	4.21494e-06	6.57579
0.00116754	880.999	4.21494e-06	6.28674
0.00117597	880.278	4.21494e-06	8.25662
0.0011844	940.827	4.21494e-06	54.8794
0.00119283	853.702	4.21494e-06	5.62743
0.00120126	859.259	4.21494e-06	5.45342
0.00120969	840.232	4.21494e-06	5.5315
0.00121812	847.345	4.21494e-06	5.7374
0.00122655	824.25	4.21494e-06	5.40555
0.00123498	827.242	4.21494e-06	5.69492
0.00124341	823.845	4.21494e-06	5.11822
0.00125184	818.079	4.21494e-06	5.64324
0.00126027	805.345	4.21494e-06	6.56114
0.0012687	807.564	4.21494e-06	5.85012
0.00127713	782.946	4.21494e-06	4.97999
0.00128556	785.584	4.21494e-06	5.38377
0.00129399	772.495	4.21494e-06	4.745
0.00130242	776.79	4.21494e-06	5.45702
0.00131085	766.687	4.21494e-06	5.16195
0.00131928	757.122	4.21494e-06	5.17372
0.00132771	748.988	4.21494e-06	5.55148
0.00133614	733.614	4.21494e-06	5.49171
0.00134457	720.963	4.21494e-06	4.67773
0.001353	715.238	4.21494e-06	4.63592
0.00136143	713.332	4.21494e-06	4.87807
0.00136986	706.031	4.21494e-06	6.77373
0.00137829	691.338	4.21494e-06	4.81492
0.00138672	673.788	4.21494e-06	5.0385
0.00139515	675.011	4.21494e-06	4.49155
0.00140358	680.942	4.21494e-06	5.81273
0.00141201	655.676	4.21494e-06	5.16814
0.00142044	648.377	4.21494e-06	4.52758
0.00142887	631.929	4.21494e-06	4.75587
0.0014373	629.762	4.21494e-06	4.57012
0.00144573	628.319	4.21494e-06	6.88543
0.00145416	609.624	4.21494e-06	5.58981
0.00146259	601.422	4.21494e-06	4.77866
0.00147102	599.944	4.21494e-06	5.68113
0.00147944	582.316	4.21494e-06	5.3119
0.00148787	571.568	4.21494e-06	5.14698
0.0014963	564.569	4.21494e-06	5.1045
0.00150473	569.565	4.21494e-06	7.43495
0.00151316	544.431	4.21494e-06	5.02557
0.00152159	528.848	4.21494e-06	3.97164
0.00153002	521.851	4.21494e-06	4.32176
0.00153845	508.525	4.21494e-06	4.54088
0.00154688	505.409	4.21494e-06	4.40893
0.00155531	492.546	4.21494e-06	4.10677
0.00156374	479.705	4.21494e-06	4.19463
0.00157217	471.21	4.21494e-06	4.42928
0.0015806	467.597	4.21494e-06	4.76726
0.00158903	475.262	4.21494e-06	11.4859
0.00159746	444.399	4.21494e-06	3.76561
0.00160589	434.662	4.21494e-06	3.70687
0.00161432	424.291	4.21494e-06	3.71385
0.00162275	416.257	4.21494e-06	3.65861
0.00163118	409.118	4.21494e-06	4.21547
0.00163961	395.642	4.21494e-06	3.83589
0.00164804	389.401	4.21494e-06	3.56889
0.00165647	386.74	4.21494e-06	4.07922
0.0016649	381.535	4.21494e-06	4.29786
0.00167333	360.437	4.21494e-06	3.38979
0.00168176	357.881	4.21494e-06	3.67135
0.00169019	343.002	4.21494e-06	3.32703
0.00169862	338.587	4.21494e-06	3.18363
0.00170705	328.842	4.21494e-06	3.26376
0.00171548	333.099	4.21494e-06	7.09467
0.00172391	314.983	4.21494e-06	3.4672
0.00173234	300.619	4.21494e-06	3.02095
0.00174077	298.83	4.21494e-06	3.14954
0.0017492	286.947	4.21494e-06	3.12164
0.00175763	281.68	4.21494e-06	3.42835
0.00176606	279.931	4.21494e-06	3.30083
0.00177449	275.083	4.21494e-06	4.35913
0.00178292	260.949	4.21494e-06	2.93607
0.00179135	258.009	4.21494e-06	3.37085
0.00179978	243.332	4.21494e-06	2.80714
0.00180821	243.903	4.21494e-06	3.5048
0.00181664	232.984	4.21494e-06	3.10593
0.00182507	229.531	4.21494e-06	2.83432
0.0018335	221.503	4.21494e-06	2.61184
0.00184193	216.015	4.21494e-06	2.87306
0.00185036	207.148	4.21494e-06	2.64519
0.00185879	204.546	4.21494e-06	3.14468
0.00186722	188.751	4.21494e-06	2.37625
0.00187565	192.225	4.21494e-06	4.06926
0.00188408	185.034	4.21494e-06	2.49401
0.00189251	178.309	4.21494e-06	2.4555
0.00190094	176.004	4.21494e-06	2.49422
0.00190937	169.098	4.21494e-06	2.90384
0.0019178	158.947	4.21494e-06	2.3091
0.00192623	153.997	4.21494e-06	2.16638
0.00193466	148.864	4.21494e-06	2.30028
0.00194309	144.9	4.21494e-06	2.30485
0.00195152	137.575	4.21494e-06	2.06037
0.00195995	132.119	4.21494e-06	1.96781
0.00196838	129.758	4.21494e-06	2.39909
0.00197681	129.582	4.21494e-06	2.06174
0.00198524	127.55	4.21494e-06	2.6196
0.00199367	128.987	4.21494e-06	8.65341
0.0020021	117.078	4.21494e-06	2.09415
0.00201053	116.009	4.21494e-06	3.37193
0.00201896	107.211	4.21494e-06	1.91319
0.00202739	103.808	4.21494e-06	2.86441
0.00203582	96.5717	4.21494e-06	1.77981
0.00204425	95.586	4.21494e-06	1.78974
0.00205268	92.5948	4.21494e-06	1.81845
0.00206111	89.7063	4.21494e-06	1.68187
0.00206954	82.634	4.21494e-06	1.56643
0.00207797	81.0116	4.21494e-06	1.69734
0.0020864	78.6344	4.21494e-06	1.67269
0.00209483	72.2577	4.21494e-06	1.50379
0.00210326	72.6111	4.21494e-06	1.59826
0.00211169	69.1853	4.21494e-06	1.36043
0.00212012	64.7573	4.21494e-06	1.38103
0.00212855	66.2222	4.21494e-06	1.88008
0.00213698	60.3966	4.21494e-06	1.38504
0.00214541	60.4737	4.21494e-06	1.27537
0.00215384	66.0789	4.21494e-06	7.22664
0.00216227	52.4718	4.21494e-06	1.55626
0.0021707	53.6193	4.21494e-06	1.39791
0.00217913	52.517	4.21494e-06	1.74647
0.00218756	48.5293	4.21494e-06	1.27718
0.00219599	44.8451	4.21494e-06	1.32412
0.00220442	43.674	4.21494e-06	1.33551
0.00221285	42.8744	4.21494e-06	1.22339
0.00222127	40.9674	4.21494e-06	1.17417
0.0022297	36.3128	4.21494e-06	1.17127
0.00223813	34.3324	4.21494e-06	0.966742
0.00224656	33.6301	4.21494e-06	1.00721
0.00225499	31.4923	4.21494e-06	0.875798
0.00226342	31.1969	4.21494e-06	0.9358
0.00227185	29.8905	4.21494e-06	0.974262
0.00228028	28.3377	4.21494e-06	0.995067
0.00228871	26.666	4.21494e-06	1.13869
0.00229714	23.8994	4.21494e-06	0.804973
0.00230557	24.1571	4.21494e-06	1.0073
0.002314	22.7677	4.21494e-06	1.67712
0.00232243	19.8026	4.21494e-06	0.660073
0.00233086	19.7057	4.21494e-06	0.705931
0.00233929	17.8036	4.21494e-06	0.701261
0.00234772	16.5974	4.21494e-06	0.655011
0.00235615	16.8712	4.21494e-06	0.710777
0.00236458	15.7009	4.21494e-06	0.766205
0.00237301	14.785	4.21494e-06	0.694474
0.00238144	15.0265	4.21494e-06	0.713988
0.00238987	13.2693	4.21494e-06	0.686194
0.0023983	11.5013	4.21494e-06	0.575061
0.00240673	11.8048	4.21494e-06	0.625504
0.00241516	10.0133	4.21494e-06	0.514831
0.00242359	9.32883	4.21494e-06	0.467837
0.00243202	8.67044	4.21494e-06	0.435018
0.00244045	7.66772	4.21494e-06	0.422946
0.00244888	7.50555	4.21494e-06	0.503105
0.00245731	6.6087	4.21494e-06	0.435257
0.00246574	6.25161	4.21494e-06	0.433266
0.00247417	5.349	4.21494e-06	0.38452
0.0024826	4.28443	4.21494e-06	0.263669
0.00249103	4.97699	4.21494e-06	0.331825
0.00249946	3.85222	4.21494e-06	0.264313
0.00250789	3.3867	4.21494e-06	0.260476
0.00251632	3.05737	4.21494e-06	0.228646
0.00252475	2.68273	4.21494e-06	0.2039
0.00253318	2.32359	4.21494e-06	0.194845
0.00254161	1.89192	4.21494e-06	0.170405
0.00255004	1.80371	4.21494e-06	0.174692
0.00255847	0.794006	4.21494e-06	0.109196
0.0025669	0.771157	4.21494e-06	0.104854
0.00257533	0.198269	4.21494e-06	0.0498709
0.00258376	0.0539921	4.21494e-06	0.0270693
