4.21494e-06	0.0129319	4.21494e-06	0.00917137
1.26448e-05	0.395039	4.21494e-06	0.114389
2.10747e-05	0.786827	4.21494e-06	0.126914
2.95046e-05	1.50087	4.21494e-06	0.160233
3.79345e-05	2.57302	4.21494e-06	0.215141
4.63644e-05	3.7109	4.21494e-06	0.237416
5.47943e-05	5.50326	4.21494e-06	0.304996
6.32241e-05	7.68089	4.21494e-06	0.392192
7.1654e-05	9.93026	4.21494e-06	0.440556
8.00839e-05	11.8232	4.21494e-06	0.487735
8.85138e-05	15.3282	4.21494e-06	0.561712
9.69437e-05	17.3327	4.21494e-06	0.632025
0.000105374	20.4489	4.21494e-06	0.662877
0.000113803	25.1458	4.21494e-06	0.746175
0.000122233	31.602	4.21494e-06	2.05071
0.000130663	31.5943	4.21494e-06	0.840685
0.000139093	36.6411	4.21494e-06	0.915529
0.000147523	44.14	4.21494e-06	1.53634
0.000155953	47.4199	4.21494e-06	1.0746
0.000164383	50.4815	4.21494e-06	1.04605
0.000172813	57.7392	4.21494e-06	1.15971
0.000181243	60.3377	4.21494e-06	1.12913
0.000189672	68.5699	4.21494e-06	1.61565
0.000198102	74.4888	4.21494e-06	1.43029
0.000206532	82.9041	4.21494e-06	1.81656
0.000214962	87.3406	4.21494e-06	1.53425
0.000223392	93.7871	4.21494e-06	1.88505
0.000231822	102.47	4.21494e-06	1.70323
0.000240252	106.389	4.21494e-06	1.75637
0.000248682	116.224	4.21494e-06	1.85399
0.000257112	122.156	4.21494e-06	1.84384
0.000265541	131.716	4.21494e-06	1.84311
0.000273971	138.752	4.21494e-06	1.87337
0.000282401	148.675	4.21494e-06	2.09774
0.000290831	152.112	4.21494e-06	1.92218
0.000299261	165.849	4.21494e-06	2.71367
0.000307691	172.545	4.21494e-06	2.16674
0.000316121	180.803	4.21494e-06	2.40847
0.000324551	193.524	4.21494e-06	2.46215
0.00033298	197.796	4.21494e-06	2.37454
0.00034141	208.007	4.21494e-06	2.42331
0.00034984	217.382	4.21494e-06	2.30286
0.00035827	226.762	4.21494e-06	2.42131
0.0003667	242.98	4.21494e-06	3.09415
0.00037513	259.532	4.21494e-06	9.06815
0.00038356	260.823	4.21494e-06	2.77273
0.00039199	276.564	4.21494e-06	4.85868
0.00040042	280.997	4.21494e-06	2.96304
0.000408849	289.524	4.21494e-06	2.81976
0.000417279	303.518	4.21494e-06	3.29307
0.000425709	311.467	4.21494e-06	3.89204
0.000434139	318.586	4.21494e-06	2.67692
0.000442569	337.887	4.21494e-06	3.19052
0.000450999	351.154	4.21494e-06	4.47606
0.000459429	359.569	4.21494e-06	4.90281
0.000467859	372.741	4.21494e-06	3.72805
0.000476289	387.012	4.21494e-06	4.39319
0.000484718	390.501	4.21494e-06	3.67211
0.000493148	406.699	4.21494e-06	3.75669
0.000501578	419.157	4.21494e-06	3.64585
0.000510008	434.636	4.21494e-06	3.86414
0.000518438	439.35	4.21494e-06	3.64595
0.000526868	451.756	4.21494e-06	3.49125
0.000535298	464.555	4.21494e-06	3.70527
0.000543728	476.824	4.21494e-06	3.81678
0.000552158	491.476	4.21494e-06	4.00768
0.000560587	499.326	4.21494e-06	4.21974
0.000569017	516.178	4.21494e-06	3.91565
0.000577447	518.32	4.21494e-06	4.10768
0.000585877	548.537	4.21494e-06	15.0093
0.000594307	540.481	4.21494e-06	3.90675
0.000602737	556.887	4.21494e-06	4.46315
0.000611167	563.508	4.21494e-06	3.97876
0.000619597	571.962	4.21494e-06	5.2186
0.000628026	596.367	4.21494e-06	4.38171
0.000636456	595.048	4.21494e-06	4.49272
0.000644886	617.099	4.21494e-06	4.3618
0.000653316	615.702	4.21494e-06	4.62765
0.000661746	628.871	4.21494e-06	4.23281
0.000670176	643.934	4.21494e-06	4.96161
0.000678606	652.259	4.21494e-06	4.23168
0.000687036	683.427	4.21494e-06	7.38599
0.000695466	693.837	4.21494e-06	8.64058
0.000703895	680.369	4.21494e-06	4.28839
0.000712325	697.652	4.21494e-06	5.18726
0.000720755	714.678	4.21494e-06	4.81734
0.000729185	718.917	4.21494e-06	4.72343
0.000737615	728.287	4.21494e-06	5.6238
0.000746045	737.529	4.21494e-06	4.98085
0.000754475	746.488	4.21494e-06	5.24409
0.000762905	754.795	4.21494e-06	5.7378
0.000771335	762.697	4.21494e-06	4.93272
0.000779764	780.092	4.21494e-06	5.31426
0.000788194	779.123	4.21494e-06	5.28115
0.000796624	793.82	4.21494e-06	5.94437
0.000805054	801.526	4.21494e-06	5.7989
0.000813484	819.651	4.21494e-06	12.1931
0.000821914	810.431	4.21494e-06	5.24325
0.000830344	832.457	4.21494e-06	5.37677
0.000838774	827.454	4.21494e-06	5.02516
0.000847204	824.092	4.21494e-06	5.67299
0.000855633	841.018	4.21494e-06	5.24644
0.000864063	836.462	4.21494e-06	5.53551
0.000872493	865.012	4.21494e-06	12.8064
0.000880923	867.121	4.21494e-06	6.00035
0.000889353	866.784	4.21494e-06	5.51786
0.000897783	870.627	4.21494e-06	5.57212
0.000906213	871.686	4.21494e-06	5.25764
0.000914643	878.557	4.21494e-06	5.97685
0.000923072	885.625	4.21494e-06	5.51398
0.000931502	878.864	4.21494e-06	5.62956
0.000939932	878.929	4.21494e-06	6.19159
0.000948362	901.426	4.21494e-06	6.3881
0.000956792	891.83	4.21494e-06	5.2871
0.000965222	896.031	4.21494e-06	5.43626
0.000973652	903.743	4.21494e-06	5.38568
0.000982082	909.762	4.21494e-06	5.53819
0.000990512	909.521	4.21494e-06	5.663
0.000998941	901.205	4.21494e-06	5.35167
0.00100737	910.25	4.21494e-06	6.69715
0.0010158	928.513	4.21494e-06	6.5667
0.00102423	920.961	4.21494e-06	6.57296
0.00103266	911.677	4.21494e-06	6.40584
0.00104109	920.411	4.21494e-06	9.38793
0.00104952	906.786	4.21494e-06	5.73586
0.00105795	902.218	4.21494e-06	5.71326
0.00106638	903.529	4.21494e-06	5.59367
0.00107481	899.614	4.21494e-06	5.32097
0.00108324	910.984	4.21494e-06	8.69861
0.00109167	897.856	4.21494e-06	5.48776
0.0011001	898.777	4.21494e-06	7.31023
0.00110853	895.984	4.21494e-06	5.8848
0.00111696	893.668	4.21494e-06	5.33677
0.00112539	901.275	4.21494e-06	6.35485
0.00113382	886.602	4.21494e-06	5.71831
0.00114225	878.277	4.21494e-06	5.73531
0.00115068	877.541	4.21494e-06	5.59827
0.00115911	883.938	4.21494e-06	6.54624
0.00116754	873.955	4.21494e-06	6.31023
0.00117597	860.587	4.21494e-06	5.89405
0.0011844	866.485	4.21494e-06	5.76303
0.00119283	859.825	4.21494e-06	5.50058
0.00120126	854.063	4.21494e-06	5.6047
0.00120969	858.244	4.21494e-06	8.89655
0.00121812	858.48	4.21494e-06	10.3812
0.00122655	825.464	4.21494e-06	5.14896
0.00123498	831.483	4.21494e-06	6.8359
0.00124341	830.351	4.21494e-06	6.95705
0.00125184	807.459	4.21494e-06	5.48068
0.00126027	798.472	4.21494e-06	5.09407
0.0012687	795.19	4.21494e-06	5.12371
0.00127713	796.9	4.21494e-06	9.17793
0.00128556	791.231	4.21494e-06	7.81263
0.00129399	766.625	4.21494e-06	5.00657
0.00130242	764.779	4.21494e-06	6.03078
0.00131085	759.785	4.21494e-06	6.04619
0.00131928	749.609	4.21494e-06	5.1875
0.00132771	738.423	4.21494e-06	4.93447
0.00133614	749.374	4.21494e-06	6.707
0.00134457	729.882	4.21494e-06	5.15356
0.001353	711.929	4.21494e-06	4.848
0.00136143	712.928	4.21494e-06	5.16688
0.00136986	695.998	4.21494e-06	5.58278
0.00137829	685.355	4.21494e-06	4.76946
0.00138672	679.651	4.21494e-06	4.76633
0.00139515	671.048	4.21494e-06	4.92349
0.00140358	658.441	4.21494e-06	4.66189
0.00141201	663.705	4.21494e-06	6.37864
0.00142044	668.986	4.21494e-06	9.57454
0.00142887	659.185	4.21494e-06	15.541
0.0014373	626.998	4.21494e-06	5.19656
0.00144573	614.742	4.21494e-06	4.67005
0.00145416	607.781	4.21494e-06	4.91747
0.00146259	595.51	4.21494e-06	4.4428
0.00147102	595.604	4.21494e-06	4.55012
0.00147944	584.636	4.21494e-06	5.13963
0.00148787	566.701	4.21494e-06	4.5302
0.0014963	559.123	4.21494e-06	5.03249
0.00150473	554.222	4.21494e-06	5.36991
0.00151316	546.749	4.21494e-06	5.04552
0.00152159	539.015	4.21494e-06	4.78695
0.00153002	519.009	4.21494e-06	5.05278
0.00153845	516.929	4.21494e-06	4.96824
0.00154688	510.928	4.21494e-06	5.74615
0.00155531	494.95	4.21494e-06	4.21356
0.00156374	477.474	4.21494e-06	3.9947
0.00157217	472.279	4.21494e-06	4.13466
0.0015806	459.63	4.21494e-06	3.89062
0.00158903	450.139	4.21494e-06	4.20539
0.00159746	439.319	4.21494e-06	3.51848
0.00160589	435.088	4.21494e-06	4.1863
0.00161432	414.912	4.21494e-06	3.71321
0.00162275	411.626	4.21494e-06	3.97368
0.00163118	405.834	4.21494e-06	4.96661
0.00163961	396.393	4.21494e-06	3.74683
0.00164804	386.857	4.21494e-06	3.74362
0.00165647	376.258	4.21494e-06	3.64684
0.0016649	380.666	4.21494e-06	5.18791
0.00167333	353.826	4.21494e-06	3.30597
0.00168176	361.188	4.21494e-06	4.16747
0.00169019	347.657	4.21494e-06	4.13914
0.00169862	345.129	4.21494e-06	4.1788
0.00170705	327.397	4.21494e-06	3.13945
0.00171548	331.335	4.21494e-06	4.73775
0.00172391	309.255	4.21494e-06	3.20717
0.00173234	312.266	4.21494e-06	4.82352
0.00174077	298.078	4.21494e-06	3.26961
0.0017492	286.996	4.21494e-06	2.88453
0.00175763	283.296	4.21494e-06	3.24571
0.00176606	284.488	4.21494e-06	3.73931
0.00177449	273.619	4.21494e-06	3.9367
0.00178292	266.294	4.21494e-06	3.80516
0.00179135	251.716	4.21494e-06	2.8314
0.00179978	253.408	4.21494e-06	4.21135
0.00180821	238.316	4.21494e-06	2.54459
0.00181664	229.875	4.21494e-06	2.75463
0.00182507	228.186	4.21494e-06	3.20889
0.0018335	228.384	4.21494e-06	4.02439
0.00184193	212.606	4.21494e-06	2.70606
0.00185036	208.399	4.21494e-06	2.6397
0.00185879	196.181	4.21494e-06	2.5524
0.00186722	195.167	4.21494e-06	2.59819
0.00187565	187.637	4.21494e-06	2.58932
0.00188408	185.451	4.21494e-06	2.82815
0.00189251	180.276	4.21494e-06	2.96616
0.00190094	168.096	4.21494e-06	2.2379
0.00190937	164.857	4.21494e-06	2.25982
0.0019178	163.305	4.21494e-06	2.52495
0.00192623	158.345	4.21494e-06	2.67424
0.00193466	148.482	4.21494e-06	2.28112
0.00194309	147.427	4.21494e-06	2.48794
0.00195152	146.004	4.21494e-06	2.45086
0.00195995	137.677	4.21494e-06	2.54547
0.00196838	133.287	4.21494e-06	3.03746
0.00197681	126.645	4.21494e-06	2.1964
0.00198524	125.191	4.21494e-06	2.16964
0.00199367	117.808	4.21494e-06	2.04006
0.0020021	117.623	4.21494e-06	3.22556
0.00201053	107.437	4.21494e-06	1.80378
0.00201896	106.865	4.21494e-06	1.82085
0.00202739	106.622	4.21494e-06	2.55438
0.00203582	96.7349	4.21494e-06	1.64564
0.00204425	97.5368	4.21494e-06	2.18469
0.00205268	91.929	4.21494e-06	1.66446
0.00206111	87.8958	4.21494e-06	1.67255
0.00206954	83.7274	4.21494e-06	1.60808
0.00207797	85.4684	4.21494e-06	2.28352
0.0020864	79.2091	4.21494e-06	1.57675
0.00209483	76.4748	4.21494e-06	1.72876
0.00210326	74.3667	4.21494e-06	2.10821
0.00211169	69.0969	4.21494e-06	1.44082
0.00212012	63.9018	4.21494e-06	1.34093
0.00212855	63.8502	4.21494e-06	1.47514
0.00213698	62.6925	4.21494e-06	1.64888
0.00214541	57.5773	4.21494e-06	1.21473
0.00215384	58.9725	4.21494e-06	1.37594
0.00216227	51.9122	4.21494e-06	1.43639
0.0021707	53.749	4.21494e-06	1.48322
0.00217913	52.1855	4.21494e-06	1.70684
0.00218756	46.6254	4.21494e-06	1.37592
0.00219599	44.0516	4.21494e-06	1.13683
0.00220442	46.047	4.21494e-06	1.53253
0.00221285	40.6236	4.21494e-06	1.19074
0.00222127	39.4923	4.21494e-06	1.37955
0.0022297	39.6336	4.21494e-06	2.12179
0.00223813	38.8391	4.21494e-06	1.67395
0.00224656	32.7426	4.21494e-06	1.00933
0.00225499	32.3167	4.21494e-06	0.935187
0.00226342	32.0418	4.21494e-06	1.61975
0.00227185	28.8574	4.21494e-06	0.893868
0.00228028	29.0837	4.21494e-06	1.13377
0.00228871	26.042	4.21494e-06	1.04759
0.00229714	25.6636	4.21494e-06	0.899659
0.00230557	24.3401	4.21494e-06	1.78943
0.002314	21.3963	4.21494e-06	0.917781
0.00232243	21.6849	4.21494e-06	0.759115
0.00233086	19.1895	4.21494e-06	0.706843
0.00233929	19.5006	4.21494e-06	0.748265
0.00234772	17.8188	4.21494e-06	0.745459
0.00235615	19.0197	4.21494e-06	0.969934
0.00236458	15.7167	4.21494e-06	0.708239
0.00237301	15.1012	4.21494e-06	0.752831
0.00238144	13.9304	4.21494e-06	0.885317
0.00238987	12.5776	4.21494e-06	0.834124
0.0023983	11.7057	4.21494e-06	0.548206
0.00240673	11.438	4.21494e-06	0.533998
0.00241516	10.8901	4.21494e-06	0.665501
0.00242359	9.618	4.21494e-06	0.669737
0.00243202	9.75089	4.21494e-06	0.551174
0.00244045	7.96548	4.21494e-06	0.46055
0.00244888	7.59787	4.21494e-06	0.453544
0.00245731	7.43447	4.21494e-06	0.490351
0.00246574	6.01496	4.21494e-06	0.368773
0.00247417	6.19559	4.21494e-06	0.434872
0.0024826	4.3745	4.21494e-06	0.275328
0.00249103	4.35316	4.21494e-06	0.28051
0.00249946	4.04988	4.21494e-06	0.284412
0.00250789	3.55699	4.21494e-06	0.268202
0.00251632	3.71918	4.21494e-06	0.27392
0.00252475	2.43956	4.21494e-06	0.204158
0.00253318	2.10198	4.21494e-06	0.19381
0.00254161	1.74627	4.21494e-06	0.165637
0.00255004	1.39467	4.21494e-06	0.152254
0.00255847	0.90716	4.21494e-06	0.114515
0.0025669	0.54979	4.21494e-06	0.0894136
0.00257533	0.211944	4.21494e-06	0.053688
0.00258376	0.0270449	4.21494e-06	0.0191237
