4.21494e-06	0.0550643	4.21494e-06	0.0292919
1.26448e-05	0.282133	4.21494e-06	0.0598257
2.10747e-05	0.91238	4.21494e-06	0.144333
2.95046e-05	1.73056	4.21494e-06	0.272842
3.79345e-05	3.17332	4.21494e-06	0.275618
4.63644e-05	4.24986	4.21494e-06	0.286558
5.47943e-05	6.40505	4.21494e-06	0.393733
6.32241e-05	8.48809	4.21494e-06	0.470989
7.1654e-05	10.5029	4.21494e-06	0.5171
8.00839e-05	13.4379	4.21494e-06	0.658155
8.85138e-05	15.7475	4.21494e-06	0.810996
9.69437e-05	18.8621	4.21494e-06	0.779468
0.000105374	21.8974	4.21494e-06	0.742096
0.000113803	25.4826	4.21494e-06	0.855657
0.000122233	29.1182	4.21494e-06	0.912602
0.000130663	33.399	4.21494e-06	1.67895
0.000139093	39.5599	4.21494e-06	1.41909
0.000147523	44.69	4.21494e-06	1.14925
0.000155953	50.9611	4.21494e-06	1.42876
0.000164383	52.5733	4.21494e-06	1.27941
0.000172813	56.1303	4.21494e-06	1.29362
0.000181243	67.5143	4.21494e-06	1.86866
0.000189672	71.4382	4.21494e-06	1.58049
0.000198102	78.2837	4.21494e-06	1.5902
0.000206532	84.3151	4.21494e-06	1.61802
0.000214962	94.0442	4.21494e-06	2.19873
0.000223392	98.8299	4.21494e-06	2.88916
0.000231822	108.134	4.21494e-06	2.06708
0.000240252	113.251	4.21494e-06	1.91793
0.000248682	119.517	4.21494e-06	2.15153
0.000257112	131.089	4.21494e-06	2.19677
0.000265541	139.022	4.21494e-06	2.55522
0.000273971	146.052	4.21494e-06	2.62074
0.000282401	158.386	4.21494e-06	2.66514
0.000290831	163.303	4.21494e-06	2.49367
0.000299261	168.486	4.21494e-06	2.32718
0.000307691	177.703	4.21494e-06	2.51501
0.000316121	195.006	4.21494e-06	3.65023
0.000324551	203.68	4.21494e-06	2.98956
0.00033298	215.422	4.21494e-06	3.31711
0.00034141	219.841	4.21494e-06	3.12788
0.00034984	228.53	4.21494e-06	3.20672
0.00035827	240.182	4.21494e-06	2.90416
0.0003667	242.973	4.21494e-06	2.59636
0.00037513	261.35	4.21494e-06	3.0434
0.00038356	269.323	4.21494e-06	2.86053
0.00039199	281.705	4.21494e-06	3.21724
0.00040042	295.749	4.21494e-06	3.68183
0.000408849	305.181	4.21494e-06	3.70495
0.000417279	305.493	4.21494e-06	3.01697
0.000425709	329.631	4.21494e-06	3.57046
0.000434139	340.977	4.21494e-06	3.27475
0.000442569	369.072	4.21494e-06	6.22335
0.000450999	359.572	4.21494e-06	3.40812
0.000459429	379.649	4.21494e-06	4.4661
0.000467859	388.038	4.21494e-06	4.44247
0.000476289	400.424	4.21494e-06	5.70062
0.000484718	403.888	4.21494e-06	4.71809
0.000493148	433.298	4.21494e-06	5.83731
0.000501578	433.479	4.21494e-06	4.00607
0.000510008	441.623	4.21494e-06	3.63066
0.000518438	457.859	4.21494e-06	4.32924
0.000526868	463.621	4.21494e-06	3.97425
0.000535298	490.048	4.21494e-06	7.13655
0.000543728	486.296	4.21494e-06	4.09176
0.000552158	512.904	4.21494e-06	4.07264
0.000560587	516.118	4.21494e-06	4.59998
0.000569017	521.072	4.21494e-06	4.03464
0.000577447	535.078	4.21494e-06	4.13775
0.000585877	553.233	4.21494e-06	4.23582
0.000594307	561.466	4.21494e-06	4.30688
0.000602737	571.565	4.21494e-06	4.32335
0.000611167	581.553	4.21494e-06	4.23607
0.000619597	594.706	4.21494e-06	4.20763
0.000628026	606.572	4.21494e-06	4.28903
0.000636456	615.728	4.21494e-06	4.39123
0.000644886	634.125	4.21494e-06	5.73468
0.000653316	638.359	4.21494e-06	4.22105
0.000661746	648.339	4.21494e-06	5.44852
0.000670176	660.654	4.21494e-06	4.44949
0.000678606	679.782	4.21494e-06	4.61982
0.000687036	692.722	4.21494e-06	8.41414
0.000695466	688.231	4.21494e-06	4.64012
0.000703895	708.996	4.21494e-06	4.96451
0.000712325	709.734	4.21494e-06	4.501
0.000720755	720.305	4.21494e-06	4.47719
0.000729185	736.695	4.21494e-06	4.96323
0.000737615	748.657	4.21494e-06	5.18571
0.000746045	754.553	4.21494e-06	5.68759
0.000754475	763.023	4.21494e-06	5.41857
0.000762905	765.312	4.21494e-06	4.49449
0.000771335	780.23	4.21494e-06	4.77986
0.000779764	792.593	4.21494e-06	5.24114
0.000788194	797.96	4.21494e-06	5.99931
0.000796624	801.599	4.21494e-06	4.79096
0.000805054	818.659	4.21494e-06	5.83324
0.000813484	808.099	4.21494e-06	4.46581
0.000821914	821.349	4.21494e-06	4.58823
0.000830344	822.549	4.21494e-06	4.69726
0.000838774	840.12	4.21494e-06	5.42205
0.000847204	847.238	4.21494e-06	5.38059
0.000855633	856.817	4.21494e-06	4.85583
0.000864063	852.48	4.21494e-06	4.76362
0.000872493	864.084	4.21494e-06	5.22055
0.000880923	864.598	4.21494e-06	5.41368
0.000889353	870.455	4.21494e-06	4.69367
0.000897783	879.27	4.21494e-06	6.30765
0.000906213	888.139	4.21494e-06	5.6248
0.000914643	887.315	4.21494e-06	4.88829
0.000923072	890.304	4.21494e-06	5.30054
0.000931502	906.51	4.21494e-06	7.999
0.000939932	890.352	4.21494e-06	4.94653
0.000948362	906.062	4.21494e-06	5.42615
0.000956792	900.002	4.21494e-06	4.75073
0.000965222	902.516	4.21494e-06	5.17993
0.000973652	922.671	4.21494e-06	7.68481
0.000982082	912.61	4.21494e-06	5.57923
0.000990512	913.001	4.21494e-06	5.57605
0.000998941	912.242	4.21494e-06	4.6683
0.00100737	904.653	4.21494e-06	4.62532
0.0010158	910.764	4.21494e-06	4.84259
0.00102423	930.637	4.21494e-06	19.4913
0.00103266	907.543	4.21494e-06	4.67922
0.00104109	908.688	4.21494e-06	4.68674
0.00104952	902.401	4.21494e-06	4.47708
0.00105795	907.828	4.21494e-06	4.52669
0.00106638	906.911	4.21494e-06	4.62214
0.00107481	891.924	4.21494e-06	4.18581
0.00108324	911.484	4.21494e-06	8.66831
0.00109167	899.588	4.21494e-06	4.69226
0.0011001	901.669	4.21494e-06	4.73924
0.00110853	894.545	4.21494e-06	4.68126
0.00111696	896.438	4.21494e-06	4.72179
0.00112539	887.878	4.21494e-06	4.46493
0.00113382	889.763	4.21494e-06	5.22827
0.00114225	872.77	4.21494e-06	4.32982
0.00115068	867.562	4.21494e-06	4.35208
0.00115911	878.205	4.21494e-06	4.66102
0.00116754	870.59	4.21494e-06	5.65768
0.00117597	865.658	4.21494e-06	5.36509
0.0011844	859.754	4.21494e-06	5.60318
0.00119283	847.222	4.21494e-06	4.07683
0.00120126	844.844	4.21494e-06	4.73797
0.00120969	829.132	4.21494e-06	4.25796
0.00121812	832.829	4.21494e-06	4.42501
0.00122655	820.829	4.21494e-06	4.09713
0.00123498	816.271	4.21494e-06	4.33992
0.00124341	805.175	4.21494e-06	3.96333
0.00125184	818.165	4.21494e-06	5.61581
0.00126027	798.308	4.21494e-06	3.89846
0.0012687	799.935	4.21494e-06	4.23081
0.00127713	797.27	4.21494e-06	5.36866
0.00128556	777.002	4.21494e-06	4.03263
0.00129399	771.487	4.21494e-06	4.34917
0.00130242	757.033	4.21494e-06	4.90948
0.00131085	746.826	4.21494e-06	4.09906
0.00131928	737.447	4.21494e-06	3.74479
0.00132771	732.269	4.21494e-06	3.74366
0.00133614	731.909	4.21494e-06	4.29595
0.00134457	715.245	4.21494e-06	3.62276
0.001353	704.2	4.21494e-06	3.67774
0.00136143	699.112	4.21494e-06	3.73585
0.00136986	692.168	4.21494e-06	4.31934
0.00137829	680.717	4.21494e-06	4.04842
0.00138672	676.913	4.21494e-06	3.54751
0.00139515	654.371	4.21494e-06	3.70757
0.00140358	658.677	4.21494e-06	3.58497
0.00141201	646.26	4.21494e-06	3.37893
0.00142044	637.163	4.21494e-06	4.08324
0.00142887	622.817	4.21494e-06	3.27198
0.0014373	616.564	4.21494e-06	3.66566
0.00144573	605.469	4.21494e-06	3.45284
0.00145416	596.889	4.21494e-06	3.2102
0.00146259	587.713	4.21494e-06	3.14695
0.00147102	575.38	4.21494e-06	3.0826
0.00147944	559.427	4.21494e-06	2.95228
0.00148787	555.703	4.21494e-06	3.00462
0.0014963	548.731	4.21494e-06	3.16628
0.00150473	535.768	4.21494e-06	2.98875
0.00151316	533.769	4.21494e-06	3.80522
0.00152159	525.242	4.21494e-06	3.59961
0.00153002	505.312	4.21494e-06	3.036
0.00153845	499.405	4.21494e-06	3.58637
0.00154688	486.618	4.21494e-06	2.77712
0.00155531	478.071	4.21494e-06	3.01715
0.00156374	470.957	4.21494e-06	2.94985
0.00157217	462.679	4.21494e-06	2.89463
0.0015806	454.366	4.21494e-06	2.871
0.00158903	441.699	4.21494e-06	2.62639
0.00159746	436.39	4.21494e-06	2.77735
0.00160589	427.049	4.21494e-06	2.58517
0.00161432	416.935	4.21494e-06	2.65179
0.00162275	410.555	4.21494e-06	3.01105
0.00163118	396.365	4.21494e-06	2.39344
0.00163961	386.199	4.21494e-06	2.42053
0.00164804	379.059	4.21494e-06	2.78138
0.00165647	371.046	4.21494e-06	2.43808
0.0016649	362.655	4.21494e-06	2.67945
0.00167333	348.464	4.21494e-06	2.1872
0.00168176	343.028	4.21494e-06	2.3218
0.00169019	335.011	4.21494e-06	2.32136
0.00169862	333.394	4.21494e-06	4.35927
0.00170705	323.021	4.21494e-06	3.20422
0.00171548	317.054	4.21494e-06	2.51966
0.00172391	304.109	4.21494e-06	2.24551
0.00173234	297.202	4.21494e-06	2.07562
0.00174077	291.069	4.21494e-06	2.50096
0.0017492	284.417	4.21494e-06	2.06149
0.00175763	276.337	4.21494e-06	2.19451
0.00176606	266.69	4.21494e-06	2.02473
0.00177449	257.581	4.21494e-06	2.02248
0.00178292	252.717	4.21494e-06	1.87893
0.00179135	247.181	4.21494e-06	2.83922
0.00179978	239.999	4.21494e-06	1.83482
0.00180821	233.883	4.21494e-06	1.79115
0.00181664	225.192	4.21494e-06	1.75595
0.00182507	219.629	4.21494e-06	1.81505
0.0018335	212.607	4.21494e-06	2.3425
0.00184193	203.603	4.21494e-06	1.68198
0.00185036	199.402	4.21494e-06	1.60626
0.00185879	193.524	4.21494e-06	1.59703
0.00186722	188.187	4.21494e-06	1.54058
0.00187565	182.001	4.21494e-06	1.51578
0.00188408	176.24	4.21494e-06	1.50642
0.00189251	170.915	4.21494e-06	1.45041
0.00190094	165.781	4.21494e-06	1.48576
0.00190937	161.182	4.21494e-06	1.59584
0.0019178	155.937	4.21494e-06	1.44843
0.00192623	151.338	4.21494e-06	1.37747
0.00193466	147.617	4.21494e-06	1.71438
0.00194309	139.898	4.21494e-06	1.37147
0.00195152	137.078	4.21494e-06	1.27873
0.00195995	131.344	4.21494e-06	1.22794
0.00196838	126.716	4.21494e-06	1.23653
0.00197681	121.947	4.21494e-06	1.19601
0.00198524	119.138	4.21494e-06	1.20698
0.00199367	113.744	4.21494e-06	1.16232
0.0020021	110.997	4.21494e-06	1.13785
0.00201053	106.401	4.21494e-06	1.12454
0.00201896	101.913	4.21494e-06	1.09374
0.00202739	98.7838	4.21494e-06	1.09226
0.00203582	93.5181	4.21494e-06	1.02114
0.00204425	91.0377	4.21494e-06	1.01628
0.00205268	89.1012	4.21494e-06	1.00005
0.00206111	83.5057	4.21494e-06	0.95179
0.00206954	81.6963	4.21494e-06	0.952941
0.00207797	78.1386	4.21494e-06	0.928602
0.0020864	75.0445	4.21494e-06	0.910032
0.00209483	71.8011	4.21494e-06	0.885926
0.00210326	68.4411	4.21494e-06	0.859382
0.00211169	65.558	4.21494e-06	0.838734
0.00212012	64.7561	4.21494e-06	0.831739
0.00212855	60.1064	4.21494e-06	0.800042
0.00213698	59.239	4.21494e-06	0.795177
0.00214541	53.9701	4.21494e-06	0.754231
0.00215384	54.7226	4.21494e-06	0.757693
0.00216227	51.5494	4.21494e-06	0.736643
0.0021707	49.2331	4.21494e-06	0.713836
0.00217913	47.2173	4.21494e-06	0.69871
0.00218756	45.9097	4.21494e-06	0.685885
0.00219599	41.8482	4.21494e-06	0.653192
0.00220442	40.58	4.21494e-06	0.641327
0.00221285	39.6559	4.21494e-06	0.636054
0.00222127	36.6069	4.21494e-06	0.606361
0.0022297	34.7155	4.21494e-06	0.591081
0.00223813	33.8202	4.21494e-06	0.600961
0.00224656	33.2916	4.21494e-06	0.576236
0.00225499	31.2556	4.21494e-06	0.55628
0.00226342	29.6188	4.21494e-06	0.538582
0.00227185	27.727	4.21494e-06	0.520231
0.00228028	24.7631	4.21494e-06	0.497924
0.00228871	24.6326	4.21494e-06	0.493974
0.00229714	23.5197	4.21494e-06	0.477663
0.00230557	22.3328	4.21494e-06	0.46795
0.002314	20.221	4.21494e-06	0.441937
0.00232243	19.7976	4.21494e-06	0.435572
0.00233086	18.4122	4.21494e-06	0.418193
0.00233929	17.6742	4.21494e-06	0.412315
0.00234772	16.7785	4.21494e-06	0.399555
0.00235615	16.2472	4.21494e-06	0.394945
0.00236458	14.9466	4.21494e-06	0.373787
0.00237301	14.4299	4.21494e-06	0.368778
0.00238144	12.8886	4.21494e-06	0.346012
0.00238987	12.1168	4.21494e-06	0.337339
0.0023983	11.5725	4.21494e-06	0.325469
0.00240673	10.3993	4.21494e-06	0.309251
0.00241516	9.62747	4.21494e-06	0.297465
0.00242359	8.91434	4.21494e-06	0.283611
0.00243202	8.27956	4.21494e-06	0.274598
0.00244045	7.54237	4.21494e-06	0.261967
0.00244888	7.63417	4.21494e-06	0.262519
0.00245731	6.16796	4.21494e-06	0.23413
0.00246574	5.72781	4.21494e-06	0.228584
0.00247417	5.17162	4.21494e-06	0.21567
0.0024826	4.53007	4.21494e-06	0.199534
0.00249103	4.00012	4.21494e-06	0.18687
0.00249946	3.4401	4.21494e-06	0.17166
0.00250789	2.85209	4.21494e-06	0.156758
0.00251632	2.71459	4.21494e-06	0.152851
0.00252475	2.63452	4.21494e-06	0.149902
0.00253318	2.09295	4.21494e-06	0.133946
0.00254161	1.6638	4.21494e-06	0.118822
0.00255004	1.28632	4.21494e-06	0.104215
0.00255847	0.746342	4.21494e-06	0.0792457
0.0025669	0.555316	4.21494e-06	0.0679086
0.00257533	0.206331	4.21494e-06	0.0412827
0.00258376	0	4.21494e-06	0
