0	1128.53	7.3885e-06	3.98321
1.4777e-05	1128.19	7.3885e-06	3.92101
2.9554e-05	1127.61	7.3885e-06	3.89864
4.4331e-05	1126.25	7.3885e-06	3.84984
5.9108e-05	1124.55	7.3885e-06	3.81384
7.3885e-05	1123.11	7.3885e-06	3.79774
8.8662e-05	1120.74	7.3885e-06	3.76743
0.000103439	1117.86	7.3885e-06	3.73632
0.000118216	1114.62	7.3885e-06	3.70418
0.000132993	1111.01	7.3885e-06	3.67253
0.00014777	1107.23	7.3885e-06	3.64352
0.000162547	1102.86	7.3885e-06	3.61303
0.000177324	1098.22	7.3885e-06	3.58449
0.000192101	1092.86	7.3885e-06	3.5518
0.000206878	1086.81	7.3885e-06	3.51333
0.000221655	1080.64	7.3885e-06	3.47986
0.000236432	1074.43	7.3885e-06	3.44975
0.000251209	1067.13	7.3885e-06	3.41331
0.000265986	1059.86	7.3885e-06	3.3592
0.000280763	1051.85	7.3885e-06	3.31628
0.00029554	1044.07	7.3885e-06	3.28596
0.000310317	1036.01	7.3885e-06	3.25625
0.000325094	1027.07	7.3885e-06	3.21335
0.000339871	1018.32	7.3885e-06	3.18242
0.000354648	1009.33	7.3885e-06	3.15259
0.000369425	1000	7.3885e-06	3.12241
0.000384202	989.769	7.3885e-06	3.08483
0.000398979	979.532	7.3885e-06	3.05258
0.000413756	969.134	7.3885e-06	3.02148
0.000428533	958.255	7.3885e-06	2.98867
0.00044331	947.376	7.3885e-06	2.95847
0.000458087	935.627	7.3885e-06	2.91978
0.000472864	923.712	7.3885e-06	2.8825
0.000487641	911.412	7.3885e-06	2.84602
0.000502418	899.506	7.3885e-06	2.81431
0.000517195	887.246	7.3885e-06	2.78108
0.000531972	874.652	7.3885e-06	2.75017
0.000546749	861.999	7.3885e-06	2.71785
0.000561526	848.423	7.3885e-06	2.67864
0.000576303	834.612	7.3885e-06	2.64304
0.00059108	821.09	7.3885e-06	2.61054
0.000605857	807	7.3885e-06	2.55737
0.000620634	793.576	7.3885e-06	2.526
0.000635411	778.88	7.3885e-06	2.44314
0.000650188	763.431	7.3885e-06	2.28955
0.000664965	748.944	7.3885e-06	2.24507
0.000679742	734.504	7.3885e-06	2.20573
0.000694519	719.661	7.3885e-06	2.14847
0.000709296	705.511	7.3885e-06	2.11642
0.000724073	691.068	7.3885e-06	2.08358
0.00073885	676.537	7.3885e-06	2.05032
0.000753627	662.085	7.3885e-06	2.00949
0.000768404	647.394	7.3885e-06	1.97563
0.000783181	632.935	7.3885e-06	1.94398
0.000797958	618.437	7.3885e-06	1.91311
0.000812735	603.586	7.3885e-06	1.87831
0.000827512	588.732	7.3885e-06	1.82489
0.000842289	574.07	7.3885e-06	1.79051
0.000857066	559.351	7.3885e-06	1.75494
0.000871843	544.772	7.3885e-06	1.72329
0.00088662	530.339	7.3885e-06	1.68393
0.000901397	516.084	7.3885e-06	1.65605
0.000916174	502.03	7.3885e-06	1.62739
0.000930951	488.058	7.3885e-06	1.59977
0.000945728	473.954	7.3885e-06	1.5732
0.000960505	460.403	7.3885e-06	1.54844
0.000975282	446.644	7.3885e-06	1.52271
0.000990059	433.378	7.3885e-06	1.49754
0.00100484	420.115	7.3885e-06	1.46538
0.00101961	406.787	7.3885e-06	1.42565
0.00103439	393.729	7.3885e-06	1.39654
0.00104917	381.089	7.3885e-06	1.37395
0.00106394	368.485	7.3885e-06	1.34961
0.00107872	355.877	7.3885e-06	1.32506
0.0010935	343.116	7.3885e-06	1.28728
0.00110827	331.293	7.3885e-06	1.26843
0.00112305	319.623	7.3885e-06	1.247
0.00113783	308.285	7.3885e-06	1.2247
0.00115261	297.096	7.3885e-06	1.20163
0.00116738	286.26	7.3885e-06	1.18171
0.00118216	274.368	7.3885e-06	0.9454
0.00119694	263.754	7.3885e-06	0.924222
0.00121171	253.37	7.3885e-06	0.901507
0.00122649	242.91	7.3885e-06	0.866129
0.00124127	232.94	7.3885e-06	0.844139
0.00125604	223.347	7.3885e-06	0.825644
0.00127082	214.002	7.3885e-06	0.807266
0.0012856	204.805	7.3885e-06	0.787232
0.00130038	196.09	7.3885e-06	0.767494
0.00131515	187.306	7.3885e-06	0.737419
0.00132993	179.011	7.3885e-06	0.718993
0.00134471	171.133	7.3885e-06	0.702068
0.00135948	163.235	7.3885e-06	0.67902
0.00137426	155.556	7.3885e-06	0.658379
0.00138904	148.348	7.3885e-06	0.641864
0.00140381	141.05	7.3885e-06	0.594157
0.00141859	134.083	7.3885e-06	0.564811
0.00143337	127.614	7.3885e-06	0.549892
0.00144815	121.479	7.3885e-06	0.537172
0.00146292	115.605	7.3885e-06	0.52465
0.0014777	109.577	7.3885e-06	0.505262
0.00149248	103.883	7.3885e-06	0.491261
0.00150725	98.3366	7.3885e-06	0.472888
0.00152203	93.0512	7.3885e-06	0.456912
0.00153681	87.9601	7.3885e-06	0.442624
0.00155158	83.2403	7.3885e-06	0.431838
0.00156636	78.7002	7.3885e-06	0.420748
0.00158114	74.2302	7.3885e-06	0.407512
0.00159592	70.0754	7.3885e-06	0.397555
0.00161069	66.142	7.3885e-06	0.387468
0.00162547	62.2282	7.3885e-06	0.372925
0.00164025	58.5897	7.3885e-06	0.363558
0.00165502	55.164	7.3885e-06	0.355435
0.0016698	51.7078	7.3885e-06	0.340774
0.00168458	48.5568	7.3885e-06	0.329833
0.00169935	45.4575	7.3885e-06	0.29704
0.00171413	42.4835	7.3885e-06	0.287082
0.00172891	39.8558	7.3885e-06	0.277779
0.00174369	37.2713	7.3885e-06	0.269972
0.00175846	34.9594	7.3885e-06	0.263544
0.00177324	32.5338	7.3885e-06	0.243474
0.00178802	30.4096	7.3885e-06	0.236512
0.00180279	28.2423	7.3885e-06	0.223637
0.00181757	26.1696	7.3885e-06	0.213392
0.00183235	24.3174	7.3885e-06	0.207254
0.00184712	22.588	7.3885e-06	0.198857
0.0018619	21.0424	7.3885e-06	0.193389
0.00187668	19.4896	7.3885e-06	0.186262
0.00189146	18.0725	7.3885e-06	0.179982
0.00190623	16.6766	7.3885e-06	0.171802
0.00192101	15.3959	7.3885e-06	0.164465
0.00193579	14.2734	7.3885e-06	0.159919
0.00195056	13.2031	7.3885e-06	0.155769
0.00196534	12.219	7.3885e-06	0.152203
0.00198012	11.3021	7.3885e-06	0.148807
0.00199489	10.3811	7.3885e-06	0.14226
0.00200967	9.47154	7.3885e-06	0.131747
0.00202445	8.73044	7.3885e-06	0.128969
0.00203923	8.01425	7.3885e-06	0.125337
0.002054	7.31767	7.3885e-06	0.120163
0.00206878	6.67861	7.3885e-06	0.115639
0.00208356	6.11082	7.3885e-06	0.112928
0.00209833	5.5821	7.3885e-06	0.110214
0.00211311	5.03144	7.3885e-06	0.099113
0.00212789	4.58505	7.3885e-06	0.096654
0.00214266	4.10644	7.3885e-06	0.0894244
0.00215744	3.71654	7.3885e-06	0.0870536
0.00217222	3.32225	7.3885e-06	0.0847563
0.002187	2.9818	7.3885e-06	0.0830202
0.00220177	2.67	7.3885e-06	0.0801945
0.00221655	2.35533	7.3885e-06	0.0769187
0.00223133	2.0133	7.3885e-06	0.0570949
0.0022461	1.79648	7.3885e-06	0.055335
0.00226088	1.59432	7.3885e-06	0.0532031
0.00227566	1.39613	7.3885e-06	0.050335
0.00229043	1.1774	7.3885e-06	0.0370245
0.00230521	1.03568	7.3885e-06	0.035429
0.00231999	0.86289	7.3885e-06	0.0288333
0.00233477	0.751557	7.3885e-06	0.0272562
0.00234954	0.64483	7.3885e-06	0.0256523
0.00236432	0.539529	7.3885e-06	0.0238119
0.0023791	0.45786	7.3885e-06	0.0223654
0.00239387	0.379475	7.3885e-06	0.020443
0.00240865	0.31657	7.3885e-06	0.0185557
0.00242343	0.24418	7.3885e-06	0.0164004
0.0024382	0.202018	7.3885e-06	0.0155194
0.00245298	0.158969	7.3885e-06	0.0139903
0.00246776	0.111143	7.3885e-06	0.00886097
0.00248254	0.0793279	7.3885e-06	0.0073559
0.00249731	0.0585169	7.3885e-06	0.00636579
0.00251209	0.0400842	7.3885e-06	0.00544087
0.00252687	0.0249267	7.3885e-06	0.00353176
0.00254164	0.0117376	7.3885e-06	0.00225696
0.00255642	0.00580043	7.3885e-06	0.00160613
0.0025712	0.00108694	7.3885e-06	0.000773373
