0	1136.46	7.39698e-06	4.18001
1.4794e-05	1136.2	7.39698e-06	4.14495
2.95879e-05	1135.78	7.39698e-06	4.1339
4.43819e-05	1134.9	7.39698e-06	4.11559
5.91759e-05	1133.14	7.39698e-06	4.0775
7.39698e-05	1131.02	7.39698e-06	4.04398
8.87638e-05	1128.9	7.39698e-06	4.02126
0.000103558	1126.17	7.39698e-06	3.99276
0.000118352	1122.4	7.39698e-06	3.94913
0.000133146	1117.29	7.39698e-06	3.7601
0.00014794	1113.21	7.39698e-06	3.72473
0.000162734	1108.71	7.39698e-06	3.69441
0.000177528	1103.9	7.39698e-06	3.66413
0.000192322	1098.46	7.39698e-06	3.63239
0.000207116	1092.34	7.39698e-06	3.58922
0.00022191	1086.48	7.39698e-06	3.5597
0.000236704	1079.79	7.39698e-06	3.52525
0.000251497	1070.93	7.39698e-06	3.41061
0.000266291	1064.02	7.39698e-06	3.38187
0.000281085	1056.53	7.39698e-06	3.35093
0.000295879	1048.56	7.39698e-06	3.31911
0.000310673	1040.52	7.39698e-06	3.28946
0.000325467	1031.62	7.39698e-06	3.25226
0.000340261	1022.4	7.39698e-06	3.21808
0.000355055	1012.69	7.39698e-06	3.18262
0.000369849	1002.55	7.39698e-06	3.13504
0.000384643	992.471	7.39698e-06	3.10099
0.000399437	982.275	7.39698e-06	3.069
0.000414231	970.603	7.39698e-06	3.02133
0.000429025	959.192	7.39698e-06	2.97051
0.000443819	948.043	7.39698e-06	2.93787
0.000458613	936.111	7.39698e-06	2.90189
0.000473407	924.202	7.39698e-06	2.86851
0.000488201	911.722	7.39698e-06	2.83251
0.000502995	898.99	7.39698e-06	2.7898
0.000517789	886.41	7.39698e-06	2.75684
0.000532583	873.202	7.39698e-06	2.6861
0.000547377	859.564	7.39698e-06	2.60545
0.000562171	846.306	7.39698e-06	2.57137
0.000576965	832.53	7.39698e-06	2.5346
0.000591759	819.067	7.39698e-06	2.50223
0.000606553	805.6	7.39698e-06	2.4705
0.000621347	791.02	7.39698e-06	2.41737
0.000636141	776.929	7.39698e-06	2.37808
0.000650935	763	7.39698e-06	2.34622
0.000665729	748.57	7.39698e-06	2.31381
0.000680523	734.226	7.39698e-06	2.27208
0.000695317	719.822	7.39698e-06	2.2408
0.000710111	705.063	7.39698e-06	2.20308
0.000724904	689.125	7.39698e-06	2.0354
0.000739698	674.427	7.39698e-06	2.00161
0.000754492	658.95	7.39698e-06	1.95835
0.000769286	644.016	7.39698e-06	1.90416
0.00078408	628.693	7.39698e-06	1.85137
0.000798874	613.308	7.39698e-06	1.78114
0.000813668	598.656	7.39698e-06	1.74617
0.000828462	583.723	7.39698e-06	1.70757
0.000843256	569.329	7.39698e-06	1.67319
0.00085805	554.656	7.39698e-06	1.62069
0.000872844	540.156	7.39698e-06	1.58494
0.000887638	526.021	7.39698e-06	1.55444
0.000902432	511.907	7.39698e-06	1.52391
0.000917226	497.491	7.39698e-06	1.49084
0.00093202	483.609	7.39698e-06	1.46178
0.000946814	470.055	7.39698e-06	1.43617
0.000961608	456.108	7.39698e-06	1.401
0.000976402	442.495	7.39698e-06	1.36946
0.000991196	429.007	7.39698e-06	1.33656
0.00100599	415.963	7.39698e-06	1.3084
0.00102078	402.573	7.39698e-06	1.28054
0.00103558	389.369	7.39698e-06	1.24293
0.00105037	376.581	7.39698e-06	1.20793
0.00106517	364.148	7.39698e-06	1.18233
0.00107996	351.822	7.39698e-06	1.15736
0.00109475	339.464	7.39698e-06	1.13128
0.00110955	327.418	7.39698e-06	1.10414
0.00112434	315.313	7.39698e-06	1.06945
0.00113914	303.871	7.39698e-06	1.04587
0.00115393	292.835	7.39698e-06	1.02628
0.00116872	281.612	7.39698e-06	1.00276
0.00118352	270.494	7.39698e-06	0.974677
0.00119831	260.112	7.39698e-06	0.955187
0.00121311	249.783	7.39698e-06	0.932823
0.0012279	239.981	7.39698e-06	0.913283
0.00124269	230.587	7.39698e-06	0.895831
0.00125749	220.665	7.39698e-06	0.850135
0.00127228	211.291	7.39698e-06	0.827841
0.00128708	202.226	7.39698e-06	0.787275
0.00130187	193.044	7.39698e-06	0.729153
0.00131666	184.566	7.39698e-06	0.707747
0.00133146	176.415	7.39698e-06	0.691319
0.00134625	168.344	7.39698e-06	0.672779
0.00136105	160.663	7.39698e-06	0.657035
0.00137584	153.131	7.39698e-06	0.635534
0.00139063	146.042	7.39698e-06	0.620815
0.00140543	138.929	7.39698e-06	0.604082
0.00142022	132.217	7.39698e-06	0.587303
0.00143501	126.058	7.39698e-06	0.575992
0.00144981	119.821	7.39698e-06	0.563689
0.0014646	113.65	7.39698e-06	0.54796
0.0014794	107.696	7.39698e-06	0.532873
0.00149419	102.048	7.39698e-06	0.516549
0.00150898	96.7449	7.39698e-06	0.504509
0.00152378	91.7457	7.39698e-06	0.493186
0.00153857	86.8318	7.39698e-06	0.476448
0.00155337	82.0108	7.39698e-06	0.422302
0.00156816	77.4904	7.39698e-06	0.412544
0.00158295	73.0629	7.39698e-06	0.399691
0.00159775	68.6848	7.39698e-06	0.384218
0.00161254	64.8257	7.39698e-06	0.374735
0.00162734	60.918	7.39698e-06	0.364163
0.00164213	57.1572	7.39698e-06	0.334296
0.00165692	53.711	7.39698e-06	0.324083
0.00167172	50.4049	7.39698e-06	0.31364
0.00168651	47.2551	7.39698e-06	0.303642
0.00170131	44.2491	7.39698e-06	0.28618
0.0017161	41.491	7.39698e-06	0.278631
0.00173089	38.8168	7.39698e-06	0.269484
0.00174569	36.2796	7.39698e-06	0.261698
0.00176048	33.8952	7.39698e-06	0.254804
0.00177528	31.633	7.39698e-06	0.248239
0.00179007	29.5136	7.39698e-06	0.241779
0.00180486	27.4808	7.39698e-06	0.233885
0.00181966	25.5128	7.39698e-06	0.226388
0.00183445	23.7053	7.39698e-06	0.219737
0.00184925	22.0535	7.39698e-06	0.21428
0.00186404	20.4764	7.39698e-06	0.209247
0.00187883	19.0162	7.39698e-06	0.205127
0.00189363	17.5989	7.39698e-06	0.200275
0.00190842	16.1486	7.39698e-06	0.174327
0.00192322	14.9682	7.39698e-06	0.170277
0.00193801	13.8534	7.39698e-06	0.166252
0.0019528	12.7381	7.39698e-06	0.161914
0.0019676	11.6315	7.39698e-06	0.148853
0.00198239	10.7552	7.39698e-06	0.145532
0.00199719	9.76256	7.39698e-06	0.115388
0.00201198	8.99113	7.39698e-06	0.111953
0.00202677	8.26713	7.39698e-06	0.108828
0.00204157	7.55379	7.39698e-06	0.104538
0.00205636	6.91388	7.39698e-06	0.101024
0.00207116	6.32523	7.39698e-06	0.097966
0.00208595	5.79466	7.39698e-06	0.0948174
0.00210074	5.25151	7.39698e-06	0.0908373
0.00211554	4.78983	7.39698e-06	0.0879142
0.00213033	4.34488	7.39698e-06	0.0855272
0.00214513	3.8442	7.39698e-06	0.0779071
0.00215992	3.49964	7.39698e-06	0.0758133
0.00217471	3.16842	7.39698e-06	0.0738118
0.00218951	2.84673	7.39698e-06	0.0707651
0.0022043	2.54848	7.39698e-06	0.0683368
0.0022191	2.2794	7.39698e-06	0.0656192
0.00223389	2.01851	7.39698e-06	0.0619093
0.00224868	1.79593	7.39698e-06	0.0603249
0.00226348	1.56893	7.39698e-06	0.0569258
0.00227827	1.37541	7.39698e-06	0.0538168
0.00229307	1.21162	7.39698e-06	0.0511376
0.00230786	1.05028	7.39698e-06	0.0480056
0.00232265	0.917529	7.39698e-06	0.0467792
0.00233745	0.82216	7.39698e-06	0.0462666
0.00235224	0.713439	7.39698e-06	0.0453537
0.00236704	0.556917	7.39698e-06	0.0224063
0.00238183	0.465489	7.39698e-06	0.0207844
0.00239662	0.404384	7.39698e-06	0.019722
0.00241142	0.334467	7.39698e-06	0.0178346
0.00242621	0.260729	7.39698e-06	0.0155794
0.002441	0.196629	7.39698e-06	0.0113645
0.0024558	0.148803	7.39698e-06	0.0093027
0.00247059	0.109691	7.39698e-06	0.00769098
0.00248539	0.0805888	7.39698e-06	0.00654708
0.00250018	0.0571035	7.39698e-06	0.00538752
0.00251497	0.0385679	7.39698e-06	0.00450501
0.00252977	0.0241583	7.39698e-06	0.00366246
0.00254456	0.0111965	7.39698e-06	0.00225305
0.00255936	0.00421247	7.39698e-06	0.00138215
0.00257415	0.000773645	7.39698e-06	0.000547076
