0	1117.25	7.38057e-06	3.85122
1.47611e-05	1117.09	7.38057e-06	3.83683
2.95223e-05	1116.42	7.38057e-06	3.80735
4.42834e-05	1115.66	7.38057e-06	3.79266
5.90445e-05	1114.11	7.38057e-06	3.76126
7.38057e-05	1112.22	7.38057e-06	3.73132
8.85668e-05	1110.11	7.38057e-06	3.70619
0.000103328	1107.34	7.38057e-06	3.67436
0.000118089	1103.88	7.38057e-06	3.62508
0.00013285	1100.46	7.38057e-06	3.59753
0.000147611	1097.25	7.38057e-06	3.57813
0.000162372	1092.81	7.38057e-06	3.54643
0.000177134	1088.7	7.38057e-06	3.52337
0.000191895	1083.96	7.38057e-06	3.4977
0.000206656	1078.45	7.38057e-06	3.46251
0.000221417	1072.38	7.38057e-06	3.42906
0.000236178	1066.29	7.38057e-06	3.3991
0.000250939	1059.73	7.38057e-06	3.3628
0.0002657	1053.13	7.38057e-06	3.33563
0.000280461	1046.06	7.38057e-06	3.30702
0.000295223	1038.39	7.38057e-06	3.27615
0.000309984	1030.54	7.38057e-06	3.24693
0.000324745	1022.23	7.38057e-06	3.21176
0.000339506	1013.64	7.38057e-06	3.18228
0.000354267	1004.73	7.38057e-06	3.15236
0.000369028	995.608	7.38057e-06	3.12254
0.000383789	985.788	7.38057e-06	3.08642
0.000398551	976.266	7.38057e-06	3.05816
0.000413312	966.027	7.38057e-06	3.02654
0.000428073	954.899	7.38057e-06	2.97625
0.000442834	944.035	7.38057e-06	2.94577
0.000457595	933.311	7.38057e-06	2.91569
0.000472356	921.733	7.38057e-06	2.88057
0.000487117	910.155	7.38057e-06	2.8511
0.000501878	898.344	7.38057e-06	2.82136
0.00051664	886.579	7.38057e-06	2.79171
0.000531401	874.019	7.38057e-06	2.75688
0.000546162	861.817	7.38057e-06	2.72653
0.000560923	848.757	7.38057e-06	2.68404
0.000575684	835.606	7.38057e-06	2.64937
0.000590445	822.155	7.38057e-06	2.61801
0.000605206	808.492	7.38057e-06	2.58534
0.000619968	794.763	7.38057e-06	2.55111
0.000634729	780.842	7.38057e-06	2.49112
0.00064949	767.074	7.38057e-06	2.46156
0.000664251	753.292	7.38057e-06	2.43297
0.000679012	739.152	7.38057e-06	2.39693
0.000693773	724.913	7.38057e-06	2.3677
0.000708534	710.91	7.38057e-06	2.33884
0.000723295	696.349	7.38057e-06	2.2992
0.000738057	682.085	7.38057e-06	2.27219
0.000752818	665.955	7.38057e-06	1.96273
0.000767579	651.498	7.38057e-06	1.92195
0.00078234	637.126	7.38057e-06	1.8877
0.000797101	622.84	7.38057e-06	1.85721
0.000811862	608.444	7.38057e-06	1.82662
0.000826623	594.053	7.38057e-06	1.79525
0.000841384	579.593	7.38057e-06	1.76456
0.000856146	565.408	7.38057e-06	1.73521
0.000870907	550.703	7.38057e-06	1.70212
0.000885668	536.246	7.38057e-06	1.67281
0.000900429	522.14	7.38057e-06	1.64559
0.00091519	507.75	7.38057e-06	1.61585
0.000929951	493.644	7.38057e-06	1.58802
0.000944712	479.532	7.38057e-06	1.55054
0.000959474	465.579	7.38057e-06	1.50692
0.000974235	452.058	7.38057e-06	1.47928
0.000988996	438.446	7.38057e-06	1.44372
0.00100376	425.306	7.38057e-06	1.41433
0.00101852	412.171	7.38057e-06	1.38983
0.00103328	398.941	7.38057e-06	1.36295
0.00104804	385.957	7.38057e-06	1.33266
0.0010628	373.332	7.38057e-06	1.30963
0.00107756	361.049	7.38057e-06	1.28514
0.00109232	348.772	7.38057e-06	1.26193
0.00110708	336.489	7.38057e-06	1.23797
0.00112185	324.269	7.38057e-06	1.20453
0.00113661	312.609	7.38057e-06	1.18028
0.00115137	301.276	7.38057e-06	1.15996
0.00116613	290.038	7.38057e-06	1.12938
0.00118089	279.218	7.38057e-06	1.10815
0.00119565	268.722	7.38057e-06	1.08997
0.00121041	258.363	7.38057e-06	1.06508
0.00122517	247.844	7.38057e-06	1.04191
0.00123994	237.38	7.38057e-06	0.912395
0.0012547	227.808	7.38057e-06	0.891838
0.00126946	218.215	7.38057e-06	0.86507
0.00128422	209.036	7.38057e-06	0.848197
0.00129898	199.889	7.38057e-06	0.82342
0.00131374	191.001	7.38057e-06	0.782668
0.0013285	182.482	7.38057e-06	0.762397
0.00134326	174.273	7.38057e-06	0.743935
0.00135802	166.628	7.38057e-06	0.730919
0.00137279	158.858	7.38057e-06	0.711696
0.00138755	151.137	7.38057e-06	0.670927
0.00140231	143.96	7.38057e-06	0.656601
0.00141707	137.156	7.38057e-06	0.642363
0.00143183	130.46	7.38057e-06	0.62876
0.00144659	123.977	7.38057e-06	0.609209
0.00146135	117.815	7.38057e-06	0.596037
0.00147611	112.033	7.38057e-06	0.582696
0.00149087	106.019	7.38057e-06	0.513579
0.00150564	100.618	7.38057e-06	0.501249
0.0015204	95.3392	7.38057e-06	0.489571
0.00153516	90.4533	7.38057e-06	0.478986
0.00154992	85.5829	7.38057e-06	0.467709
0.00156468	80.72	7.38057e-06	0.455429
0.00157944	76.1907	7.38057e-06	0.434574
0.0015942	71.7946	7.38057e-06	0.409681
0.00160896	67.5048	7.38057e-06	0.393834
0.00162372	63.3317	7.38057e-06	0.370933
0.00163849	59.7226	7.38057e-06	0.356067
0.00165325	56.2059	7.38057e-06	0.346788
0.00166801	52.8661	7.38057e-06	0.338028
0.00168277	49.7177	7.38057e-06	0.329796
0.00169753	46.4789	7.38057e-06	0.314014
0.00171229	43.4374	7.38057e-06	0.299535
0.00172705	40.6309	7.38057e-06	0.287597
0.00174181	38.0921	7.38057e-06	0.278198
0.00175657	35.6829	7.38057e-06	0.271481
0.00177134	33.3328	7.38057e-06	0.262941
0.0017861	31.1096	7.38057e-06	0.255311
0.00180086	29.0753	7.38057e-06	0.249345
0.00181562	27.0649	7.38057e-06	0.241396
0.00183038	25.2043	7.38057e-06	0.229295
0.00184514	23.4618	7.38057e-06	0.222998
0.0018599	21.8021	7.38057e-06	0.215299
0.00187466	20.3105	7.38057e-06	0.210851
0.00188942	18.885	7.38057e-06	0.205463
0.00190419	17.5542	7.38057e-06	0.20124
0.00191895	16.2412	7.38057e-06	0.194963
0.00193371	15.091	7.38057e-06	0.18846
0.00194847	13.8839	7.38057e-06	0.183371
0.00196323	12.8182	7.38057e-06	0.178989
0.00197799	11.7941	7.38057e-06	0.174194
0.00199275	10.9055	7.38057e-06	0.170588
0.00200751	10.0369	7.38057e-06	0.167661
0.00202227	9.24786	7.38057e-06	0.164921
0.00203704	8.47265	7.38057e-06	0.158025
0.0020518	7.7143	7.38057e-06	0.153679
0.00206656	7.08551	7.38057e-06	0.151003
0.00208132	6.48959	7.38057e-06	0.14841
0.00209608	5.77961	7.38057e-06	0.113422
0.00211084	5.25808	7.38057e-06	0.108792
0.0021256	4.72323	7.38057e-06	0.101002
0.00214036	4.2334	7.38057e-06	0.0930827
0.00215513	3.87605	7.38057e-06	0.0912364
0.00216989	3.51456	7.38057e-06	0.0884347
0.00218465	3.11558	7.38057e-06	0.0843515
0.00219941	2.80143	7.38057e-06	0.0821023
0.00221417	2.49054	7.38057e-06	0.0800008
0.00222893	2.23677	7.38057e-06	0.0779304
0.00224369	2.00544	7.38057e-06	0.0765882
0.00225845	1.8158	7.38057e-06	0.0753571
0.00227321	1.58981	7.38057e-06	0.067525
0.00228798	1.3982	7.38057e-06	0.0655536
0.00230274	1.24603	7.38057e-06	0.0645371
0.0023175	1.10888	7.38057e-06	0.0628999
0.00233226	0.976207	7.38057e-06	0.0619412
0.00234702	0.811173	7.38057e-06	0.0582096
0.00236178	0.714003	7.38057e-06	0.0574944
0.00237654	0.568774	7.38057e-06	0.0440422
0.0023913	0.497978	7.38057e-06	0.043423
0.00240606	0.430154	7.38057e-06	0.0428076
0.00242083	0.366642	7.38057e-06	0.0420074
0.00243559	0.312456	7.38057e-06	0.0413073
0.00245035	0.261176	7.38057e-06	0.0403034
0.00246511	0.199046	7.38057e-06	0.0385094
0.00247987	0.1714	7.38057e-06	0.0382652
0.00249463	0.144486	7.38057e-06	0.0378716
0.00250939	0.120054	7.38057e-06	0.0373604
0.00252415	0.053639	7.38057e-06	0.0128303
0.00253891	0.0340439	7.38057e-06	0.0116096
0.00255368	0.00830452	7.38057e-06	0.00328755
0.00256844	0.00101659	7.38057e-06	0.0010166
