0	1153.14	7.40686e-06	4.48052
1.48137e-05	1153.06	7.40686e-06	4.47646
2.96274e-05	1152.33	7.40686e-06	4.44684
4.44411e-05	1151.17	7.40686e-06	4.41892
5.92548e-05	1149.76	7.40686e-06	4.39812
7.40686e-05	1147.91	7.40686e-06	4.37462
8.88823e-05	1145.34	7.40686e-06	4.34516
0.000103696	1141.87	7.40686e-06	4.29114
0.00011851	1138.51	7.40686e-06	4.26298
0.000133323	1133.99	7.40686e-06	4.21241
0.000148137	1129.44	7.40686e-06	4.17767
0.000162951	1124.24	7.40686e-06	4.14124
0.000177765	1118.45	7.40686e-06	4.09904
0.000192578	1112.41	7.40686e-06	4.06205
0.000207392	1105.81	7.40686e-06	4.02281
0.000222206	1098.78	7.40686e-06	3.9815
0.000237019	1091.45	7.40686e-06	3.94447
0.000251833	1083.64	7.40686e-06	3.90922
0.000266647	1075.01	7.40686e-06	3.86167
0.000281461	1066.79	7.40686e-06	3.82749
0.000296274	1058.15	7.40686e-06	3.79089
0.000311088	1049.05	7.40686e-06	3.75512
0.000325902	1038.91	7.40686e-06	3.69024
0.000340715	1029.46	7.40686e-06	3.65791
0.000355529	1018.74	7.40686e-06	3.61095
0.000370343	1007.9	7.40686e-06	3.57502
0.000385157	996.895	7.40686e-06	3.53748
0.00039997	985.665	7.40686e-06	3.50243
0.000414784	974.378	7.40686e-06	3.47005
0.000429598	962.634	7.40686e-06	3.43773
0.000444411	950.471	7.40686e-06	3.40157
0.000459225	938.768	7.40686e-06	3.372
0.000474039	926.529	7.40686e-06	3.34177
0.000488852	913.936	7.40686e-06	3.31128
0.000503666	901.315	7.40686e-06	3.28259
0.00051848	888.318	7.40686e-06	3.25327
0.000533294	874.046	7.40686e-06	3.20393
0.000548107	858.163	7.40686e-06	2.56375
0.000562921	844.341	7.40686e-06	2.5238
0.000577735	830.788	7.40686e-06	2.48739
0.000592548	816.661	7.40686e-06	2.45168
0.000607362	802.373	7.40686e-06	2.40658
0.000622176	787.92	7.40686e-06	2.36249
0.00063699	773.682	7.40686e-06	2.3272
0.000651803	758.187	7.40686e-06	2.27248
0.000666617	743.394	7.40686e-06	2.23764
0.000681431	728.377	7.40686e-06	2.18538
0.000696244	713.995	7.40686e-06	2.15055
0.000711058	699.161	7.40686e-06	2.11107
0.000725872	683.968	7.40686e-06	2.07416
0.000740686	669.145	7.40686e-06	2.03985
0.000755499	653.892	7.40686e-06	2.00129
0.000770313	639.267	7.40686e-06	1.97049
0.000785127	623.989	7.40686e-06	1.93057
0.00079994	608.62	7.40686e-06	1.8899
0.000814754	593.199	7.40686e-06	1.85363
0.000829568	578.11	7.40686e-06	1.82134
0.000844382	563.068	7.40686e-06	1.78285
0.000859195	548.18	7.40686e-06	1.74357
0.000874009	533.548	7.40686e-06	1.71284
0.000888823	518.599	7.40686e-06	1.66538
0.000903636	504.721	7.40686e-06	1.63837
0.00091845	489.623	7.40686e-06	1.52393
0.000933264	475.402	7.40686e-06	1.4893
0.000948078	461.769	7.40686e-06	1.46244
0.000962891	447.605	7.40686e-06	1.42094
0.000977705	433.751	7.40686e-06	1.38509
0.000992519	420.155	7.40686e-06	1.34639
0.00100733	406.672	7.40686e-06	1.32039
0.00102215	393.586	7.40686e-06	1.29445
0.00103696	380.593	7.40686e-06	1.2686
0.00105177	368.106	7.40686e-06	1.24217
0.00106659	355.693	7.40686e-06	1.19304
0.0010814	343.438	7.40686e-06	1.16493
0.00109621	331.24	7.40686e-06	1.13962
0.00111103	319.194	7.40686e-06	1.10764
0.00112584	307.851	7.40686e-06	1.07966
0.00114066	296.339	7.40686e-06	1.05632
0.00115547	285.42	7.40686e-06	1.0372
0.00117028	274.248	7.40686e-06	1.0115
0.0011851	263.738	7.40686e-06	0.993304
0.00119991	253.375	7.40686e-06	0.973229
0.00121472	243.228	7.40686e-06	0.952534
0.00122954	233.334	7.40686e-06	0.932279
0.00124435	223.881	7.40686e-06	0.91452
0.00125917	214.779	7.40686e-06	0.899941
0.00127398	205.589	7.40686e-06	0.882586
0.00128879	196.415	7.40686e-06	0.863725
0.00130361	187.941	7.40686e-06	0.848848
0.00131842	179.083	7.40686e-06	0.702461
0.00133323	171.015	7.40686e-06	0.6839
0.00134805	163.185	7.40686e-06	0.666432
0.00136286	155.533	7.40686e-06	0.650178
0.00137768	148.335	7.40686e-06	0.634453
0.00139249	141.294	7.40686e-06	0.619933
0.0014073	134.641	7.40686e-06	0.607573
0.00142212	127.669	7.40686e-06	0.509146
0.00143693	121.361	7.40686e-06	0.494073
0.00145174	115.239	7.40686e-06	0.481089
0.00146656	109.546	7.40686e-06	0.46873
0.00148137	103.784	7.40686e-06	0.448868
0.00149618	98.2354	7.40686e-06	0.430199
0.001511	92.9912	7.40686e-06	0.417484
0.00152581	87.8873	7.40686e-06	0.40119
0.00154063	82.9777	7.40686e-06	0.389077
0.00155544	78.3764	7.40686e-06	0.377094
0.00157025	73.9593	7.40686e-06	0.363359
0.00158507	69.906	7.40686e-06	0.352467
0.00159988	65.8275	7.40686e-06	0.34065
0.00161469	62.0185	7.40686e-06	0.330564
0.00162951	58.3901	7.40686e-06	0.318378
0.00164432	54.9532	7.40686e-06	0.307042
0.00165914	51.4196	7.40686e-06	0.292063
0.00167395	48.2093	7.40686e-06	0.283498
0.00168876	45.2679	7.40686e-06	0.275673
0.00170358	42.3551	7.40686e-06	0.264316
0.00171839	39.767	7.40686e-06	0.256972
0.0017332	37.2933	7.40686e-06	0.249964
0.00174802	34.7863	7.40686e-06	0.239401
0.00176283	32.5368	7.40686e-06	0.231933
0.00177765	30.2838	7.40686e-06	0.220663
0.00179246	28.189	7.40686e-06	0.206378
0.00180727	26.2511	7.40686e-06	0.200518
0.00182209	24.3549	7.40686e-06	0.187347
0.0018369	22.6364	7.40686e-06	0.181935
0.00185171	21.0226	7.40686e-06	0.174429
0.00186653	19.4455	7.40686e-06	0.16337
0.00188134	18.0179	7.40686e-06	0.155456
0.00189616	16.7077	7.40686e-06	0.150865
0.00191097	15.4128	7.40686e-06	0.145627
0.00192578	14.1616	7.40686e-06	0.135993
0.0019406	13.0303	7.40686e-06	0.13022
0.00195541	12.0225	7.40686e-06	0.12354
0.00197022	11.0633	7.40686e-06	0.119955
0.00198504	10.2431	7.40686e-06	0.116953
0.00199985	9.40714	7.40686e-06	0.109336
0.00201466	8.55702	7.40686e-06	0.0994303
0.00202948	7.8482	7.40686e-06	0.0963153
0.00204429	7.17293	7.40686e-06	0.0923798
0.00205911	6.49803	7.40686e-06	0.0863002
0.00207392	5.9664	7.40686e-06	0.0836922
0.00208873	5.43491	7.40686e-06	0.0803321
0.00210355	4.9454	7.40686e-06	0.0778383
0.00211836	4.49594	7.40686e-06	0.0752486
0.00213317	4.08308	7.40686e-06	0.0724336
0.00214799	3.66552	7.40686e-06	0.0694294
0.0021628	3.32454	7.40686e-06	0.0676971
0.00217762	3.01563	7.40686e-06	0.0659986
0.00219243	2.70843	7.40686e-06	0.0624729
0.00220724	2.36534	7.40686e-06	0.0503759
0.00222206	2.09227	7.40686e-06	0.0448842
0.00223687	1.83482	7.40686e-06	0.0360869
0.00225168	1.61717	7.40686e-06	0.0337517
0.0022665	1.42107	7.40686e-06	0.0292102
0.00228131	1.25439	7.40686e-06	0.0276756
0.00229613	1.09675	7.40686e-06	0.025441
0.00231094	0.961245	7.40686e-06	0.024115
0.00232575	0.817448	7.40686e-06	0.0223272
0.00234057	0.708513	7.40686e-06	0.0209645
0.00235538	0.60112	7.40686e-06	0.0190409
0.00237019	0.502311	7.40686e-06	0.0167362
0.00238501	0.416685	7.40686e-06	0.0149982
0.00239982	0.342791	7.40686e-06	0.0135076
0.00241464	0.286055	7.40686e-06	0.0123867
0.00242945	0.236467	7.40686e-06	0.0110341
0.00244426	0.188838	7.40686e-06	0.00928951
0.00245908	0.145377	7.40686e-06	0.00763396
0.00247389	0.111999	7.40686e-06	0.00662762
0.0024887	0.0807996	7.40686e-06	0.00558772
0.00250352	0.0541533	7.40686e-06	0.00451936
0.00251833	0.0344708	7.40686e-06	0.00354214
0.00253314	0.0217984	7.40686e-06	0.00276498
0.00254796	0.00999132	7.40686e-06	0.001896
0.00256277	0.00300121	7.40686e-06	0.00100847
