0	1116.73	7.36808e-06	8.98309
1.47362e-05	1116.73	7.36808e-06	8.98309
2.94723e-05	1116.13	7.36808e-06	8.97091
4.42085e-05	1115.42	7.36808e-06	8.96515
5.89447e-05	1113.32	7.36808e-06	8.93596
7.36808e-05	1111.48	7.36808e-06	8.92144
8.8417e-05	1109.19	7.36808e-06	8.90813
0.000103153	1107.01	7.36808e-06	8.89942
0.000117889	1104.16	7.36808e-06	8.88888
0.000132626	1089.94	7.36808e-06	3.81233
0.000147362	1086.37	7.36808e-06	3.78602
0.000162098	1082.49	7.36808e-06	3.75939
0.000176834	1078.2	7.36808e-06	3.73403
0.00019157	1073.87	7.36808e-06	3.71242
0.000206306	1069.26	7.36808e-06	3.68924
0.000221043	1063.89	7.36808e-06	3.66398
0.000235779	1058.15	7.36808e-06	3.63652
0.000250515	1052.07	7.36808e-06	3.60892
0.000265251	1045.89	7.36808e-06	3.58117
0.000279987	1036.8	7.36808e-06	3.15517
0.000294723	1029.54	7.36808e-06	3.11179
0.00030946	1022.51	7.36808e-06	3.08672
0.000324196	1014.9	7.36808e-06	3.05828
0.000338932	1006.52	7.36808e-06	3.02358
0.000353668	998.656	7.36808e-06	2.99804
0.000368404	990.075	7.36808e-06	2.96986
0.00038314	981.082	7.36808e-06	2.93928
0.000397877	971.53	7.36808e-06	2.90398
0.000412613	962.112	7.36808e-06	2.87465
0.000427349	951.714	7.36808e-06	2.83698
0.000442085	941.584	7.36808e-06	2.8083
0.000456821	931.034	7.36808e-06	2.77835
0.000471557	920.385	7.36808e-06	2.7489
0.000486294	908.92	7.36808e-06	2.7106
0.00050103	897.656	7.36808e-06	2.67737
0.000515766	886.094	7.36808e-06	2.64759
0.000530502	874.091	7.36808e-06	2.61181
0.000545238	861.878	7.36808e-06	2.57728
0.000559974	849.474	7.36808e-06	2.54672
0.000574711	837.272	7.36808e-06	2.51826
0.000589447	823.897	7.36808e-06	2.44102
0.000604183	810.797	7.36808e-06	2.40367
0.000618919	797.634	7.36808e-06	2.37204
0.000633655	784.189	7.36808e-06	2.34068
0.000648391	770.007	7.36808e-06	2.27895
0.000663128	756.651	7.36808e-06	2.24901
0.000677864	742.802	7.36808e-06	2.20994
0.0006926	728.724	7.36808e-06	2.16225
0.000707336	713.612	7.36808e-06	1.90873
0.000722072	699.782	7.36808e-06	1.87662
0.000736808	685.734	7.36808e-06	1.84412
0.000751545	671.415	7.36808e-06	1.81171
0.000766281	657.014	7.36808e-06	1.77815
0.000781017	642.531	7.36808e-06	1.74349
0.000795753	627.282	7.36808e-06	1.66097
0.000810489	612.893	7.36808e-06	1.62623
0.000825225	598.469	7.36808e-06	1.59291
0.000839962	584.036	7.36808e-06	1.55222
0.000854698	569.612	7.36808e-06	1.51893
0.000869434	555.424	7.36808e-06	1.48586
0.00088417	541.355	7.36808e-06	1.45185
0.000898906	526.92	7.36808e-06	1.41844
0.000913642	512.317	7.36808e-06	1.38351
0.000928379	498.22	7.36808e-06	1.3541
0.000943115	484.455	7.36808e-06	1.32416
0.000957851	470.863	7.36808e-06	1.29702
0.000972587	457.28	7.36808e-06	1.26754
0.000987323	443.631	7.36808e-06	1.23739
0.00100206	429.904	7.36808e-06	1.20222
0.0010168	416.71	7.36808e-06	1.16959
0.00103153	403.549	7.36808e-06	1.14373
0.00104627	390.791	7.36808e-06	1.11904
0.001061	377.906	7.36808e-06	1.09045
0.00107574	365.499	7.36808e-06	1.06628
0.00109048	353.44	7.36808e-06	1.04218
0.00110521	341.127	7.36808e-06	1.01755
0.00111995	329.155	7.36808e-06	0.994446
0.00113468	317.501	7.36808e-06	0.971928
0.00114942	305.731	7.36808e-06	0.945246
0.00116416	294.487	7.36808e-06	0.91686
0.00117889	283.444	7.36808e-06	0.895365
0.00119363	272.768	7.36808e-06	0.874682
0.00120837	262.095	7.36808e-06	0.854169
0.0012231	251.774	7.36808e-06	0.830215
0.00123784	241.461	7.36808e-06	0.807424
0.00125257	231.627	7.36808e-06	0.786534
0.00126731	222.074	7.36808e-06	0.763674
0.00128205	212.932	7.36808e-06	0.748247
0.00129678	203.671	7.36808e-06	0.727984
0.00131152	194.822	7.36808e-06	0.70865
0.00132626	186.34	7.36808e-06	0.693655
0.00134099	178.366	7.36808e-06	0.680327
0.00135573	170.298	7.36808e-06	0.66517
0.00137046	162.349	7.36808e-06	0.648846
0.0013852	154.732	7.36808e-06	0.633145
0.00139994	147.507	7.36808e-06	0.620335
0.00141467	140.445	7.36808e-06	0.607234
0.00142941	133.369	7.36808e-06	0.57155
0.00144414	126.828	7.36808e-06	0.556635
0.00145888	120.696	7.36808e-06	0.546822
0.00147362	114.744	7.36808e-06	0.537001
0.00148835	108.786	7.36808e-06	0.526647
0.00150309	103.293	7.36808e-06	0.517562
0.00151783	97.8553	7.36808e-06	0.509235
0.00153256	92.7136	7.36808e-06	0.499308
0.0015473	87.6638	7.36808e-06	0.489507
0.00156203	82.7624	7.36808e-06	0.479339
0.00157677	78.1441	7.36808e-06	0.470754
0.00159151	73.8107	7.36808e-06	0.463135
0.00160624	69.5438	7.36808e-06	0.455507
0.00162098	65.5272	7.36808e-06	0.44877
0.00163571	61.4614	7.36808e-06	0.408138
0.00165045	57.8634	7.36808e-06	0.402245
0.00166519	54.2904	7.36808e-06	0.394335
0.00167992	51.0485	7.36808e-06	0.388758
0.00169466	47.7227	7.36808e-06	0.373089
0.0017094	44.7076	7.36808e-06	0.367178
0.00172413	41.9602	7.36808e-06	0.362658
0.00173887	39.3338	7.36808e-06	0.357807
0.0017536	36.776	7.36808e-06	0.349822
0.00176834	34.45	7.36808e-06	0.346191
0.00178308	32.2169	7.36808e-06	0.337845
0.00179781	29.9458	7.36808e-06	0.320311
0.00181255	27.7885	7.36808e-06	0.315393
0.00182728	25.9065	7.36808e-06	0.311919
0.00184202	23.6778	7.36808e-06	0.148113
0.00185676	21.9521	7.36808e-06	0.142029
0.00187149	20.3365	7.36808e-06	0.136553
0.00188623	18.8848	7.36808e-06	0.131969
0.00190097	17.5059	7.36808e-06	0.126645
0.0019157	16.212	7.36808e-06	0.122693
0.00193044	14.9861	7.36808e-06	0.118617
0.00194517	13.9036	7.36808e-06	0.114985
0.00195991	12.7938	7.36808e-06	0.110134
0.00197465	11.819	7.36808e-06	0.106796
0.00198938	10.8614	7.36808e-06	0.102576
0.00200412	10.0088	7.36808e-06	0.0989068
0.00201886	9.21777	7.36808e-06	0.095751
0.00203359	8.46166	7.36808e-06	0.0928933
0.00204833	7.71288	7.36808e-06	0.0859565
0.00206306	7.03025	7.36808e-06	0.0810734
0.0020778	6.39299	7.36808e-06	0.0781716
0.00209254	5.82594	7.36808e-06	0.0753529
0.00210727	5.29428	7.36808e-06	0.072935
0.00212201	4.72273	7.36808e-06	0.0668637
0.00213674	4.28373	7.36808e-06	0.0643882
0.00215148	3.85846	7.36808e-06	0.0622043
0.00216622	3.44376	7.36808e-06	0.0522782
0.00218095	3.08346	7.36808e-06	0.0464883
0.00219569	2.7797	7.36808e-06	0.04463
0.00221043	2.4739	7.36808e-06	0.0423097
0.00222516	2.20851	7.36808e-06	0.0404414
0.0022399	1.96247	7.36808e-06	0.0385301
0.00225463	1.75232	7.36808e-06	0.0369848
0.00226937	1.51556	7.36808e-06	0.0295733
0.00228411	1.32424	7.36808e-06	0.0275813
0.00229884	1.15541	7.36808e-06	0.025997
0.00231358	1.00812	7.36808e-06	0.0241873
0.00232831	0.874017	7.36808e-06	0.0224649
0.00234305	0.752154	7.36808e-06	0.0207253
0.00235779	0.634765	7.36808e-06	0.0192705
0.00237252	0.52909	7.36808e-06	0.0152412
0.00238726	0.438753	7.36808e-06	0.0136269
0.002402	0.372916	7.36808e-06	0.0126363
0.00241673	0.306242	7.36808e-06	0.011431
0.00243147	0.240955	7.36808e-06	0.0101077
0.0024462	0.191503	7.36808e-06	0.00896212
0.00246094	0.142575	7.36808e-06	0.00766671
0.00247568	0.0995054	7.36808e-06	0.00621647
0.00249041	0.0693444	7.36808e-06	0.00512463
0.00250515	0.0484761	7.36808e-06	0.00421634
0.00251988	0.0317475	7.36808e-06	0.00334156
0.00253462	0.0203921	7.36808e-06	0.00268473
0.00254936	0.00864107	7.36808e-06	0.00173061
0.00256409	0.00399437	7.36808e-06	0.00112395
