7.19459e-06	0.101394	7.19459e-06	0.0723085
2.15838e-05	0.976863	7.19459e-06	0.270158
3.59729e-05	2.95961	7.19459e-06	0.569269
5.03621e-05	8.68527	7.19459e-06	1.04773
6.47513e-05	13.2628	7.19459e-06	1.17729
7.91405e-05	20.6319	7.19459e-06	1.61871
9.35297e-05	29.6939	7.19459e-06	2.18497
0.000107919	40.5703	7.19459e-06	3.11708
0.000122308	47.1675	7.19459e-06	2.42211
0.000136697	63.0531	7.19459e-06	3.64805
0.000151086	73.7395	7.19459e-06	3.81066
0.000165476	85.7885	7.19459e-06	3.79813
0.000179865	97.1362	7.19459e-06	3.96766
0.000194254	108.232	7.19459e-06	3.99947
0.000208643	144.476	7.19459e-06	6.79586
0.000223032	147.153	7.19459e-06	5.28925
0.000237421	168.712	7.19459e-06	6.02897
0.000251811	205.654	7.19459e-06	7.83635
0.0002662	197.248	7.19459e-06	5.58984
0.000280589	222.211	7.19459e-06	6.71797
0.000294978	239.582	7.19459e-06	6.42868
0.000309367	261.306	7.19459e-06	7.8961
0.000323756	274.27	7.19459e-06	6.40719
0.000338146	306.803	7.19459e-06	7.94455
0.000352535	321.278	7.19459e-06	6.94287
0.000366924	366.024	7.19459e-06	11.0878
0.000381313	371.998	7.19459e-06	8.9855
0.000395702	403.983	7.19459e-06	10.3733
0.000410092	419.838	7.19459e-06	9.14203
0.000424481	441.643	7.19459e-06	8.71679
0.00043887	444.684	7.19459e-06	8.59433
0.000453259	471.115	7.19459e-06	9.401
0.000467648	509.291	7.19459e-06	9.34512
0.000482037	528.461	7.19459e-06	9.8228
0.000496427	566.439	7.19459e-06	12.3631
0.000510816	568.831	7.19459e-06	10.3025
0.000525205	574.318	7.19459e-06	8.94473
0.000539594	589.554	7.19459e-06	10.5447
0.000553983	621.806	7.19459e-06	9.78864
0.000568373	672.167	7.19459e-06	9.93441
0.000582762	688.263	7.19459e-06	11.6799
0.000597151	716.277	7.19459e-06	12.0784
0.00061154	721.385	7.19459e-06	12.8278
0.000625929	731.589	7.19459e-06	10.5682
0.000640318	737.651	7.19459e-06	14.4132
0.000654708	765.931	7.19459e-06	11.5276
0.000669097	761.371	7.19459e-06	10.663
0.000683486	782.984	7.19459e-06	10.4028
0.000697875	804.31	7.19459e-06	12.2629
0.000712264	820.912	7.19459e-06	11.2001
0.000726653	842.277	7.19459e-06	14.7148
0.000741043	861.832	7.19459e-06	12.8958
0.000755432	875.271	7.19459e-06	17.4636
0.000769821	845.889	7.19459e-06	11.733
0.00078421	890.231	7.19459e-06	11.4749
0.000798599	883.575	7.19459e-06	11.9056
0.000812989	906.796	7.19459e-06	12.361
0.000827378	888.844	7.19459e-06	11.0478
0.000841767	1043.25	7.19459e-06	94.1475
0.000856156	913.267	7.19459e-06	12.7072
0.000870545	938.7	7.19459e-06	20.4132
0.000884934	939.509	7.19459e-06	11.979
0.000899324	954.222	7.19459e-06	18.1756
0.000913713	957.764	7.19459e-06	13.5383
0.000928102	937.376	7.19459e-06	11.5214
0.000942491	926.099	7.19459e-06	11.4922
0.00095688	936.145	7.19459e-06	13.6946
0.000971269	917.214	7.19459e-06	11.08
0.000985659	909.867	7.19459e-06	13.1525
0.00100005	904.453	7.19459e-06	10.6887
0.00101444	903.752	7.19459e-06	10.6529
0.00102883	896.628	7.19459e-06	10.4794
0.00104322	901.181	7.19459e-06	14.4999
0.0010576	892.532	7.19459e-06	12.5486
0.00107199	867.997	7.19459e-06	9.85293
0.00108638	894.679	7.19459e-06	11.2463
0.00110077	890.371	7.19459e-06	26.8594
0.00111516	857.926	7.19459e-06	10.4811
0.00112955	823.378	7.19459e-06	9.48919
0.00114394	811.118	7.19459e-06	9.62771
0.00115833	817.726	7.19459e-06	13.4774
0.00117272	842.788	7.19459e-06	17.539
0.00118711	803.797	7.19459e-06	11.4817
0.0012015	751.18	7.19459e-06	9.13354
0.00121589	761.16	7.19459e-06	9.22535
0.00123027	755.97	7.19459e-06	10.6849
0.00124466	718.76	7.19459e-06	8.7156
0.00125905	705.4	7.19459e-06	8.36828
0.00127344	700.718	7.19459e-06	8.53772
0.00128783	684.505	7.19459e-06	8.58908
0.00130222	683.645	7.19459e-06	11.7477
0.00131661	650.266	7.19459e-06	8.56067
0.001331	626.7	7.19459e-06	7.88309
0.00134539	622.51	7.19459e-06	8.34501
0.00135978	604.338	7.19459e-06	8.03959
0.00137417	571.532	7.19459e-06	7.55054
0.00138856	583.897	7.19459e-06	17.0483
0.00140294	554.471	7.19459e-06	8.05381
0.00141733	545.092	7.19459e-06	7.42726
0.00143172	532.344	7.19459e-06	10.4267
0.00144611	519.814	7.19459e-06	11.3243
0.0014605	493.547	7.19459e-06	7.32106
0.00147489	476.009	7.19459e-06	6.78528
0.00148928	465.226	7.19459e-06	6.54377
0.00150367	446.396	7.19459e-06	6.4941
0.00151806	423.794	7.19459e-06	6.70558
0.00153245	421.305	7.19459e-06	12.0633
0.00154684	384.223	7.19459e-06	5.89921
0.00156123	381.006	7.19459e-06	6.85346
0.00157561	367.356	7.19459e-06	5.76176
0.00159	360.346	7.19459e-06	6.24678
0.00160439	338.991	7.19459e-06	5.18768
0.00161878	320.517	7.19459e-06	5.55313
0.00163317	308.557	7.19459e-06	5.31091
0.00164756	292.805	7.19459e-06	4.78542
0.00166195	292.438	7.19459e-06	5.81078
0.00167634	263.242	7.19459e-06	4.42009
0.00169073	256.383	7.19459e-06	4.37664
0.00170512	242.572	7.19459e-06	4.21585
0.00171951	228.947	7.19459e-06	4.22423
0.0017339	228.015	7.19459e-06	4.34353
0.00174829	202.82	7.19459e-06	3.77276
0.00176267	195.723	7.19459e-06	3.74199
0.00177706	190.749	7.19459e-06	3.67751
0.00179145	181.699	7.19459e-06	3.4841
0.00180584	173.346	7.19459e-06	3.46592
0.00182023	161.853	7.19459e-06	3.3189
0.00183462	156.056	7.19459e-06	3.29274
0.00184901	149.014	7.19459e-06	3.25695
0.0018634	135.599	7.19459e-06	2.98268
0.00187779	124.632	7.19459e-06	2.80187
0.00189218	123.608	7.19459e-06	2.87245
0.00190657	114.166	7.19459e-06	2.68624
0.00192096	103.591	7.19459e-06	2.63873
0.00193534	101.505	7.19459e-06	2.52776
0.00194973	92.755	7.19459e-06	2.39075
0.00196412	87.9989	7.19459e-06	2.3782
0.00197851	81.5209	7.19459e-06	2.21704
0.0019929	75.4272	7.19459e-06	2.13236
0.00200729	69.7373	7.19459e-06	2.02108
0.00202168	66.5259	7.19459e-06	1.96926
0.00203607	62.5233	7.19459e-06	1.94922
0.00205046	58.6192	7.19459e-06	1.84552
0.00206485	53.9827	7.19459e-06	1.7462
0.00207924	48.1344	7.19459e-06	1.66435
0.00209363	46.6023	7.19459e-06	1.62866
0.00210801	38.8312	7.19459e-06	1.4835
0.0021224	40.8963	7.19459e-06	1.50894
0.00213679	36.7695	7.19459e-06	1.4474
0.00215118	33.8085	7.19459e-06	1.44647
0.00216557	32.4968	7.19459e-06	1.33714
0.00217996	26.8497	7.19459e-06	1.2214
0.00219435	26.5885	7.19459e-06	1.20347
0.00220874	24.4415	7.19459e-06	1.20104
0.00222313	22.7941	7.19459e-06	1.16731
0.00223752	17.0976	7.19459e-06	0.951214
0.00225191	16.5016	7.19459e-06	0.927022
0.0022663	15.4012	7.19459e-06	0.925433
0.00228068	14.1638	7.19459e-06	0.859133
0.00229507	13.3452	7.19459e-06	0.840054
0.00230946	11.7743	7.19459e-06	0.789483
0.00232385	9.78464	7.19459e-06	0.699666
0.00233824	8.83366	7.19459e-06	0.678975
0.00235263	7.77286	7.19459e-06	0.640488
0.00236702	6.52913	7.19459e-06	0.593734
0.00238141	5.36145	7.19459e-06	0.523483
0.0023958	6.05	7.19459e-06	0.543294
0.00241019	4.92461	7.19459e-06	0.498138
0.00242458	3.19315	7.19459e-06	0.409977
0.00243897	2.59875	7.19459e-06	0.35901
0.00245335	2.45127	7.19459e-06	0.340404
0.00246774	2.08452	7.19459e-06	0.357544
0.00248213	1.81526	7.19459e-06	0.292289
0.00249652	1.23601	7.19459e-06	0.240844
0.00251091	0.77802	7.19459e-06	0.200279
0.0025253	0.697764	7.19459e-06	0.182532
0.00253969	0.335939	7.19459e-06	0.118906
0.00255408	0.165528	7.19459e-06	0.0828332
0.00256847	0.176409	7.19459e-06	0.110176
