7.3814e-06	0.0469163	7.3814e-06	0.0469163
2.21442e-05	0.928799	7.3814e-06	0.207772
3.6907e-05	2.42427	7.3814e-06	0.440866
5.16698e-05	4.99222	7.3814e-06	0.685982
6.64326e-05	8.53873	7.3814e-06	1.37117
8.11954e-05	11.4646	7.3814e-06	1.00782
9.59582e-05	14.5722	7.3814e-06	1.17861
0.000110721	22.1089	7.3814e-06	1.33999
0.000125484	25.7826	7.3814e-06	1.58199
0.000140247	31.952	7.3814e-06	1.53045
0.000155009	47.3036	7.3814e-06	2.58399
0.000169772	46.4973	7.3814e-06	2.21332
0.000184535	61.9284	7.3814e-06	2.77259
0.000199298	64.8397	7.3814e-06	2.31719
0.000214061	82.2917	7.3814e-06	3.05309
0.000228823	90.6782	7.3814e-06	3.61983
0.000243586	109.59	7.3814e-06	4.98579
0.000258349	123.78	7.3814e-06	4.11741
0.000273112	128.57	7.3814e-06	3.95858
0.000287875	149.205	7.3814e-06	4.20758
0.000302637	151.121	7.3814e-06	4.05922
0.0003174	176.487	7.3814e-06	5.07913
0.000332163	201.399	7.3814e-06	5.58033
0.000346926	200.325	7.3814e-06	5.416
0.000361689	230.482	7.3814e-06	6.45073
0.000376451	240.536	7.3814e-06	6.8499
0.000391214	280.44	7.3814e-06	11.5415
0.000405977	272.756	7.3814e-06	5.53867
0.00042074	296.724	7.3814e-06	6.7257
0.000435503	317.391	7.3814e-06	6.20108
0.000450266	328.712	7.3814e-06	6.18742
0.000465028	347.489	7.3814e-06	6.52824
0.000479791	375.409	7.3814e-06	10.2611
0.000494554	416.57	7.3814e-06	11.9342
0.000509317	415.448	7.3814e-06	6.81496
0.00052408	416.728	7.3814e-06	7.90663
0.000538842	440.854	7.3814e-06	7.7893
0.000553605	455.506	7.3814e-06	7.81711
0.000568368	494.63	7.3814e-06	8.00694
0.000583131	529.883	7.3814e-06	10.9397
0.000597894	534.184	7.3814e-06	8.81535
0.000612656	557.969	7.3814e-06	10.4989
0.000627419	576.154	7.3814e-06	9.77711
0.000642182	597.91	7.3814e-06	10.9765
0.000656945	609.39	7.3814e-06	10.1466
0.000671708	632.161	7.3814e-06	10.5218
0.00068647	652.044	7.3814e-06	16.259
0.000701233	670.593	7.3814e-06	10.2119
0.000715996	692.912	7.3814e-06	11.1644
0.000730759	702.631	7.3814e-06	9.9987
0.000745522	730.141	7.3814e-06	12.9339
0.000760284	737.271	7.3814e-06	11.4474
0.000775047	755.336	7.3814e-06	10.8802
0.00078981	782.952	7.3814e-06	12.3907
0.000804573	767.316	7.3814e-06	10.5448
0.000819336	804.824	7.3814e-06	11.7736
0.000834098	834.856	7.3814e-06	12.1007
0.000848861	832.948	7.3814e-06	16.1333
0.000863624	811.331	7.3814e-06	10.528
0.000878387	848.142	7.3814e-06	13.8017
0.00089315	874.264	7.3814e-06	14.2097
0.000907912	888.211	7.3814e-06	15.8061
0.000922675	898.081	7.3814e-06	21.9328
0.000937438	857.141	7.3814e-06	11.1406
0.000952201	854.997	7.3814e-06	10.8332
0.000966964	894.539	7.3814e-06	12.8053
0.000981726	877.585	7.3814e-06	14.2391
0.000996489	900.873	7.3814e-06	12.9335
0.00101125	935.189	7.3814e-06	24.2261
0.00102601	909.899	7.3814e-06	12.356
0.00104078	922.537	7.3814e-06	17.3508
0.00105554	884.472	7.3814e-06	11.681
0.0010703	882.335	7.3814e-06	12.7578
0.00108507	902.01	7.3814e-06	17.2033
0.00109983	906.835	7.3814e-06	13.8075
0.00111459	908.826	7.3814e-06	14.6968
0.00112935	924.528	7.3814e-06	16.6716
0.00114412	871.176	7.3814e-06	11.9078
0.00115888	898.973	7.3814e-06	17.6221
0.00117364	904.148	7.3814e-06	23.7647
0.00118841	893.495	7.3814e-06	15.404
0.00120317	871.915	7.3814e-06	14.771
0.00121793	836.098	7.3814e-06	14.5296
0.00123269	862.301	7.3814e-06	16.1744
0.00124746	802.397	7.3814e-06	13.5378
0.00126222	811.92	7.3814e-06	12.805
0.00127698	783.418	7.3814e-06	11.7455
0.00129175	751.538	7.3814e-06	10.7624
0.00130651	798.948	7.3814e-06	15.5809
0.00132127	759.623	7.3814e-06	11.8349
0.00133603	714.964	7.3814e-06	13.3674
0.0013508	726.732	7.3814e-06	13.059
0.00136556	707.611	7.3814e-06	12.0751
0.00138032	733.053	7.3814e-06	24.3577
0.00139508	672.582	7.3814e-06	10.8482
0.00140985	713.443	7.3814e-06	36.2534
0.00142461	658.053	7.3814e-06	15.3998
0.00143937	629.364	7.3814e-06	11.0354
0.00145414	620.353	7.3814e-06	14.0349
0.0014689	591.484	7.3814e-06	9.67592
0.00148366	621.478	7.3814e-06	12.8021
0.00149842	584.075	7.3814e-06	10.4211
0.00151319	548.299	7.3814e-06	11.9898
0.00152795	517.476	7.3814e-06	11.5406
0.00154271	533.949	7.3814e-06	20.6339
0.00155748	507.74	7.3814e-06	10.1007
0.00157224	492.264	7.3814e-06	11.5529
0.001587	443.162	7.3814e-06	8.27709
0.00160176	457.562	7.3814e-06	11.1031
0.00161653	434.929	7.3814e-06	9.73798
0.00163129	412.463	7.3814e-06	8.74791
0.00164605	395.872	7.3814e-06	8.36472
0.00166082	387.949	7.3814e-06	9.66904
0.00167558	375.122	7.3814e-06	15.0553
0.00169034	359.94	7.3814e-06	7.94884
0.0017051	353.847	7.3814e-06	12.4092
0.00171987	327.407	7.3814e-06	10.8092
0.00173463	306.207	7.3814e-06	7.96326
0.00174939	307.368	7.3814e-06	10.6542
0.00176415	288.219	7.3814e-06	6.97252
0.00177892	274.286	7.3814e-06	8.6123
0.00179368	255.272	7.3814e-06	6.91385
0.00180844	246.556	7.3814e-06	7.3733
0.00182321	226.637	7.3814e-06	6.12344
0.00183797	221.766	7.3814e-06	6.83791
0.00185273	206.744	7.3814e-06	7.6218
0.00186749	204.051	7.3814e-06	8.84948
0.00188226	192.735	7.3814e-06	7.77478
0.00189702	203.777	7.3814e-06	10.8498
0.00191178	179.745	7.3814e-06	6.88841
0.00192655	155.042	7.3814e-06	8.02215
0.00194131	145.435	7.3814e-06	4.7206
0.00195607	154.694	7.3814e-06	8.97952
0.00197083	139.872	7.3814e-06	7.0841
0.0019856	127.793	7.3814e-06	4.6586
0.00200036	113.604	7.3814e-06	4.81358
0.00201512	123.551	7.3814e-06	10.4274
0.00202989	102.33	7.3814e-06	4.04078
0.00204465	108.338	7.3814e-06	4.70065
0.00205941	89.4957	7.3814e-06	4.48012
0.00207417	91.4073	7.3814e-06	4.97775
0.00208894	73.2171	7.3814e-06	4.55226
0.0021037	76.239	7.3814e-06	5.52024
0.00211846	69.8365	7.3814e-06	4.02301
0.00213323	65.9256	7.3814e-06	3.85521
0.00214799	61.664	7.3814e-06	3.24646
0.00216275	56.0197	7.3814e-06	3.1855
0.00217751	51.9208	7.3814e-06	3.14393
0.00219228	48.8292	7.3814e-06	3.21307
0.00220704	43.9997	7.3814e-06	2.67767
0.0022218	42.1443	7.3814e-06	3.59341
0.00223656	32.4085	7.3814e-06	2.17809
0.00225133	33.9389	7.3814e-06	2.24831
0.00226609	30.851	7.3814e-06	2.50629
0.00228085	26.9192	7.3814e-06	1.96148
0.00229562	24.3914	7.3814e-06	2.20115
0.00231038	22.435	7.3814e-06	2.182
0.00232514	27.4569	7.3814e-06	2.75647
0.0023399	25.8823	7.3814e-06	3.4503
0.00235467	16.5217	7.3814e-06	1.51972
0.00236943	19.5382	7.3814e-06	2.85952
0.00238419	13.1473	7.3814e-06	1.45063
0.00239896	10.214	7.3814e-06	1.25101
0.00241372	7.91409	7.3814e-06	1.06271
0.00242848	9.01318	7.3814e-06	1.19667
0.00244324	9.77837	7.3814e-06	1.59935
0.00245801	5.66706	7.3814e-06	0.846633
0.00247277	5.52697	7.3814e-06	0.883045
0.00248753	6.22192	7.3814e-06	1.13154
0.0025023	10.1915	7.3814e-06	4.96012
0.00251706	4.06804	7.3814e-06	1.34947
0.00253182	2.98779	7.3814e-06	0.997078
0.00254658	0.579843	7.3814e-06	0.235442
0.00256135	0.547304	7.3814e-06	0.311532
