7.35903e-06	0.11226	7.35903e-06	0.0650949
2.20771e-05	0.52139	7.35903e-06	0.186012
3.67951e-05	1.72659	7.35903e-06	0.312544
5.15132e-05	3.60583	7.35903e-06	0.5026
6.62312e-05	6.8706	7.35903e-06	0.820326
8.09493e-05	10.0156	7.35903e-06	1.1225
9.56674e-05	16.7401	7.35903e-06	1.36185
0.000110385	21.8686	7.35903e-06	2.14019
0.000125103	41.5161	7.35903e-06	10.7546
0.000139822	32.0057	7.35903e-06	1.67095
0.00015454	44.6553	7.35903e-06	3.79105
0.000169258	51.5537	7.35903e-06	5.21797
0.000183976	66.7732	7.35903e-06	7.46573
0.000198694	61.1099	7.35903e-06	2.55465
0.000213412	77.1916	7.35903e-06	3.15515
0.00022813	85.5051	7.35903e-06	3.54053
0.000242848	104	7.35903e-06	4.27857
0.000257566	116.575	7.35903e-06	5.26709
0.000272284	116.545	7.35903e-06	3.34273
0.000287002	156.029	7.35903e-06	7.40413
0.00030172	149.349	7.35903e-06	4.38819
0.000316438	173.632	7.35903e-06	6.89863
0.000331156	199.327	7.35903e-06	11.3487
0.000345874	196.341	7.35903e-06	4.93798
0.000360592	211.228	7.35903e-06	5.19628
0.00037531	220.8	7.35903e-06	5.3071
0.000390028	254.791	7.35903e-06	6.01737
0.000404746	268.259	7.35903e-06	7.59025
0.000419465	291.391	7.35903e-06	7.73072
0.000434183	299.305	7.35903e-06	6.3048
0.000448901	320.649	7.35903e-06	7.0756
0.000463619	337.609	7.35903e-06	7.05624
0.000478337	362.522	7.35903e-06	9.55092
0.000493055	383.523	7.35903e-06	7.98746
0.000507773	381.948	7.35903e-06	6.72183
0.000522491	423.766	7.35903e-06	8.33493
0.000537209	429.144	7.35903e-06	7.77622
0.000551927	475.005	7.35903e-06	8.37368
0.000566645	492.683	7.35903e-06	10.6099
0.000581363	503.986	7.35903e-06	8.61822
0.000596081	521.516	7.35903e-06	9.30286
0.000610799	539.427	7.35903e-06	10.0892
0.000625517	575.704	7.35903e-06	12.6047
0.000640235	582.872	7.35903e-06	10.7354
0.000654953	595.047	7.35903e-06	8.62186
0.000669671	595.114	7.35903e-06	8.94491
0.00068439	628.312	7.35903e-06	9.74954
0.000699108	670.891	7.35903e-06	9.5865
0.000713826	855.656	7.35903e-06	109.109
0.000728544	708.191	7.35903e-06	11.5375
0.000743262	735.308	7.35903e-06	13.1533
0.00075798	731.518	7.35903e-06	11.2627
0.000772698	746.232	7.35903e-06	14.0309
0.000787416	771.242	7.35903e-06	11.3021
0.000802134	783.786	7.35903e-06	11.7828
0.000816852	816.623	7.35903e-06	24.0903
0.00083157	807.567	7.35903e-06	11.5177
0.000846288	825.929	7.35903e-06	15.2103
0.000861006	819.102	7.35903e-06	11.2728
0.000875724	836.901	7.35903e-06	10.4895
0.000890442	871.886	7.35903e-06	14.027
0.00090516	866.372	7.35903e-06	13.8759
0.000919878	864.802	7.35903e-06	12.8171
0.000934596	895.494	7.35903e-06	14.0458
0.000949314	892.376	7.35903e-06	12.0273
0.000964033	904.712	7.35903e-06	13.0701
0.000978751	872.411	7.35903e-06	11.0756
0.000993469	918.025	7.35903e-06	13.1242
0.00100819	913.36	7.35903e-06	16.0077
0.0010229	911.135	7.35903e-06	12.9092
0.00103762	904.477	7.35903e-06	12.4772
0.00105234	894.928	7.35903e-06	14.3255
0.00106706	932.087	7.35903e-06	12.722
0.00108178	911.366	7.35903e-06	12.5224
0.0010965	884.81	7.35903e-06	11.1668
0.00111121	908.973	7.35903e-06	13.0614
0.00112593	910.079	7.35903e-06	15.0685
0.00114065	886.696	7.35903e-06	19.8114
0.00115537	866.454	7.35903e-06	11.6275
0.00117009	870.773	7.35903e-06	14.6235
0.0011848	856.446	7.35903e-06	11.3771
0.00119952	853.207	7.35903e-06	11.352
0.00121424	847.494	7.35903e-06	11.6147
0.00122896	835.684	7.35903e-06	11.847
0.00124368	851.652	7.35903e-06	26.0899
0.00125839	842.766	7.35903e-06	20.559
0.00127311	811.725	7.35903e-06	14.1273
0.00128783	828.464	7.35903e-06	20.2587
0.00130255	801.576	7.35903e-06	16.013
0.00131727	759.529	7.35903e-06	11.5156
0.00133198	732.364	7.35903e-06	11.079
0.0013467	740.418	7.35903e-06	12.5961
0.00136142	738.195	7.35903e-06	13.4141
0.00137614	707.767	7.35903e-06	10.9032
0.00139086	674.051	7.35903e-06	9.29908
0.00140557	664.34	7.35903e-06	10.2589
0.00142029	703.765	7.35903e-06	23.9096
0.00143501	673.491	7.35903e-06	19.3045
0.00144973	625.92	7.35903e-06	10.5431
0.00146445	624.285	7.35903e-06	12.0442
0.00147916	591.813	7.35903e-06	14.8808
0.00149388	551.476	7.35903e-06	8.90938
0.0015086	557.292	7.35903e-06	10.7421
0.00152332	524.466	7.35903e-06	8.57175
0.00153804	526.102	7.35903e-06	9.30378
0.00155275	514.838	7.35903e-06	9.77205
0.00156747	503.005	7.35903e-06	12.0783
0.00158219	471.485	7.35903e-06	8.34873
0.00159691	475.99	7.35903e-06	10.6406
0.00161163	445.704	7.35903e-06	9.20417
0.00162634	462.76	7.35903e-06	18.7945
0.00164106	416.958	7.35903e-06	15.8089
0.00165578	386.566	7.35903e-06	7.76393
0.0016705	366.418	7.35903e-06	7.16371
0.00168522	357.035	7.35903e-06	7.98236
0.00169994	341.08	7.35903e-06	6.89534
0.00171465	329.854	7.35903e-06	7.28378
0.00172937	344.964	7.35903e-06	16.4332
0.00174409	310.415	7.35903e-06	7.96605
0.00175881	291.596	7.35903e-06	7.01834
0.00177353	261.012	7.35903e-06	6.27002
0.00178824	257.319	7.35903e-06	6.12631
0.00180296	246.016	7.35903e-06	5.95858
0.00181768	245.046	7.35903e-06	7.13404
0.0018324	232.092	7.35903e-06	6.22044
0.00184712	227.522	7.35903e-06	6.25683
0.00186183	206.107	7.35903e-06	5.3561
0.00187655	197.132	7.35903e-06	6.18203
0.00189127	186.814	7.35903e-06	4.91491
0.00190599	174.339	7.35903e-06	5.49144
0.00192071	165.677	7.35903e-06	5.20404
0.00193542	150.954	7.35903e-06	4.31576
0.00195014	142.758	7.35903e-06	4.13404
0.00196486	136.609	7.35903e-06	4.10833
0.00197958	132.505	7.35903e-06	4.69381
0.0019943	116.861	7.35903e-06	5.36972
0.00200901	116.212	7.35903e-06	5.5915
0.00202373	106.191	7.35903e-06	3.65593
0.00203845	104.718	7.35903e-06	4.07886
0.00205317	92.5005	7.35903e-06	4.02998
0.00206789	85.0043	7.35903e-06	3.54056
0.0020826	87.4396	7.35903e-06	4.35043
0.00209732	81.7015	7.35903e-06	3.52808
0.00211204	69.7483	7.35903e-06	2.66584
0.00212676	66.0141	7.35903e-06	2.61727
0.00214148	65.1107	7.35903e-06	3.83349
0.00215619	60.6508	7.35903e-06	2.88763
0.00217091	54.1186	7.35903e-06	2.57085
0.00218563	49.6251	7.35903e-06	2.66832
0.00220035	56.9313	7.35903e-06	5.59733
0.00221507	40.045	7.35903e-06	2.15682
0.00222979	38.5317	7.35903e-06	2.28168
0.0022445	36.5829	7.35903e-06	2.42734
0.00225922	33.2044	7.35903e-06	3.1217
0.00227394	27.856	7.35903e-06	2.41007
0.00228866	26.8041	7.35903e-06	1.78917
0.00230338	30.6598	7.35903e-06	2.42906
0.00231809	22.9946	7.35903e-06	1.86786
0.00233281	24.1062	7.35903e-06	1.92463
0.00234753	18.7548	7.35903e-06	2.20684
0.00236225	14.0223	7.35903e-06	1.32177
0.00237697	15.3592	7.35903e-06	1.41839
0.00239168	12.9311	7.35903e-06	1.43011
0.0024064	11.8522	7.35903e-06	1.44254
0.00242112	10.6519	7.35903e-06	0.98969
0.00243584	7.08453	7.35903e-06	0.772977
0.00245056	6.82649	7.35903e-06	0.772505
0.00246527	7.14399	7.35903e-06	1.42025
0.00247999	6.75427	7.35903e-06	0.891837
0.00249471	6.0304	7.35903e-06	1.23064
0.00250943	3.37796	7.35903e-06	0.561966
0.00252415	2.394	7.35903e-06	0.453377
0.00253886	1.31584	7.35903e-06	0.305546
0.00255358	1.38665	7.35903e-06	0.343392
0.0025683	0.899091	7.35903e-06	0.279505
0.00258302	0.173839	7.35903e-06	0.123776
