7.32119e-06	0.264946	7.32119e-06	0.123718
2.19636e-05	1.87032	7.32119e-06	0.631371
3.6606e-05	2.71451	7.32119e-06	0.560725
5.12484e-05	6.64977	7.32119e-06	0.91467
6.58907e-05	13.3291	7.32119e-06	1.1886
8.05331e-05	16.1093	7.32119e-06	1.40203
9.51755e-05	32.9547	7.32119e-06	4.319
0.000109818	32.3413	7.32119e-06	1.84554
0.00012446	48.7855	7.32119e-06	2.89229
0.000139103	53.9936	7.32119e-06	3.48136
0.000153745	65.3273	7.32119e-06	3.54576
0.000168387	76.7684	7.32119e-06	2.97737
0.00018303	79.2387	7.32119e-06	2.89547
0.000197672	104.138	7.32119e-06	4.10454
0.000212315	114.05	7.32119e-06	4.72556
0.000226957	145.679	7.32119e-06	6.18698
0.000241599	151.714	7.32119e-06	6.8325
0.000256242	158.962	7.32119e-06	4.40798
0.000270884	179.394	7.32119e-06	5.96723
0.000285527	205.828	7.32119e-06	6.388
0.000300169	249.865	7.32119e-06	18.7715
0.000314811	242.361	7.32119e-06	12.9363
0.000329454	262.352	7.32119e-06	6.29872
0.000344096	301.987	7.32119e-06	10.6306
0.000358738	305.554	7.32119e-06	7.28472
0.000373381	348.564	7.32119e-06	26.7417
0.000388023	324.159	7.32119e-06	7.44094
0.000402666	366.569	7.32119e-06	7.39662
0.000417308	369.784	7.32119e-06	8.38477
0.00043195	427.098	7.32119e-06	21.6545
0.000446593	427.274	7.32119e-06	8.97874
0.000461235	443.234	7.32119e-06	10.1178
0.000475878	476.449	7.32119e-06	9.86104
0.00049052	492.923	7.32119e-06	11.8169
0.000505162	491.026	7.32119e-06	8.18841
0.000519805	538.676	7.32119e-06	12.8988
0.000534447	557.84	7.32119e-06	12.715
0.000549089	589.74	7.32119e-06	11.5301
0.000563732	582.553	7.32119e-06	9.92233
0.000578374	611.615	7.32119e-06	10.064
0.000593017	608.144	7.32119e-06	8.82411
0.000607659	666.011	7.32119e-06	11.8738
0.000622301	638.372	7.32119e-06	9.25061
0.000636944	710.204	7.32119e-06	16.1231
0.000651586	697.673	7.32119e-06	9.80464
0.000666229	722.279	7.32119e-06	12.0967
0.000680871	750.374	7.32119e-06	11.6491
0.000695513	773.915	7.32119e-06	10.8645
0.000710156	755.18	7.32119e-06	12.483
0.000724798	780.624	7.32119e-06	12.2283
0.000739441	791.819	7.32119e-06	10.5981
0.000754083	795.689	7.32119e-06	11.8813
0.000768725	860.769	7.32119e-06	21.8417
0.000783368	853.28	7.32119e-06	13.298
0.00079801	842.879	7.32119e-06	11.5719
0.000812652	851.829	7.32119e-06	11.8501
0.000827295	891.85	7.32119e-06	12.3058
0.000841937	881.815	7.32119e-06	11.0808
0.00085658	884.102	7.32119e-06	11.3233
0.000871222	890.975	7.32119e-06	11.648
0.000885864	901.587	7.32119e-06	12.385
0.000900507	932.011	7.32119e-06	18.3705
0.000915149	908.572	7.32119e-06	13.2746
0.000929792	910.193	7.32119e-06	12.3829
0.000944434	917.385	7.32119e-06	16.4512
0.000959076	927.347	7.32119e-06	12.6097
0.000973719	885.834	7.32119e-06	12.2232
0.000988361	941.321	7.32119e-06	18.7427
0.001003	907.467	7.32119e-06	11.519
0.00101765	930.041	7.32119e-06	11.5788
0.00103229	915.864	7.32119e-06	13.5471
0.00104693	876.914	7.32119e-06	10.9644
0.00106157	897.284	7.32119e-06	12.9349
0.00107622	918.145	7.32119e-06	13.2244
0.00109086	887.632	7.32119e-06	12.561
0.0011055	889.173	7.32119e-06	17.3585
0.00112014	871.906	7.32119e-06	12.1989
0.00113478	870.783	7.32119e-06	17.1074
0.00114943	844.112	7.32119e-06	10.879
0.00116407	833.227	7.32119e-06	11.271
0.00117871	818.237	7.32119e-06	12.8678
0.00119335	846.415	7.32119e-06	18.7095
0.001208	809.738	7.32119e-06	15.5687
0.00122264	769.484	7.32119e-06	10.0759
0.00123728	767.471	7.32119e-06	10.808
0.00125192	738.408	7.32119e-06	10.4754
0.00126657	736.401	7.32119e-06	9.49123
0.00128121	736.419	7.32119e-06	11.0955
0.00129585	694.028	7.32119e-06	9.06339
0.00131049	690.011	7.32119e-06	8.80529
0.00132514	659.237	7.32119e-06	8.4478
0.00133978	663.894	7.32119e-06	9.91554
0.00135442	651.667	7.32119e-06	13.2083
0.00136906	641.773	7.32119e-06	11.7486
0.00138371	620.413	7.32119e-06	9.52558
0.00139835	591.625	7.32119e-06	8.39794
0.00141299	589.841	7.32119e-06	12.4584
0.00142763	578.289	7.32119e-06	8.80122
0.00144228	550.166	7.32119e-06	9.74392
0.00145692	544.778	7.32119e-06	8.8434
0.00147156	504.283	7.32119e-06	7.66937
0.0014862	500.688	7.32119e-06	7.3683
0.00150084	479.247	7.32119e-06	7.37713
0.00151549	505.728	7.32119e-06	26.623
0.00153013	453.766	7.32119e-06	6.96811
0.00154477	446.431	7.32119e-06	7.38169
0.00155941	422.839	7.32119e-06	10.1083
0.00157406	397.864	7.32119e-06	7.81118
0.0015887	381.125	7.32119e-06	6.07026
0.00160334	367.427	7.32119e-06	6.00568
0.00161798	357.68	7.32119e-06	5.97101
0.00163263	352.345	7.32119e-06	9.91167
0.00164727	330.183	7.32119e-06	6.46938
0.00166191	301.74	7.32119e-06	4.99197
0.00167655	298.884	7.32119e-06	11.0119
0.0016912	289.005	7.32119e-06	5.38022
0.00170584	270.759	7.32119e-06	4.92901
0.00172048	261.332	7.32119e-06	4.9729
0.00173512	250.131	7.32119e-06	5.02967
0.00174977	261.174	7.32119e-06	8.30858
0.00176441	220.497	7.32119e-06	4.55509
0.00177905	216.08	7.32119e-06	4.41624
0.00179369	210.568	7.32119e-06	4.37807
0.00180833	194.639	7.32119e-06	4.26744
0.00182298	186.503	7.32119e-06	4.91284
0.00183762	182.183	7.32119e-06	4.44687
0.00185226	164.8	7.32119e-06	3.672
0.0018669	166.795	7.32119e-06	3.98599
0.00188155	150.675	7.32119e-06	4.1374
0.00189619	151.227	7.32119e-06	7.23441
0.00191083	128.451	7.32119e-06	3.4036
0.00192547	126.628	7.32119e-06	4.04324
0.00194012	119.002	7.32119e-06	3.33464
0.00195476	117.627	7.32119e-06	3.4817
0.0019694	108.589	7.32119e-06	3.40216
0.00198404	94.7998	7.32119e-06	2.71451
0.00199869	89.2415	7.32119e-06	2.77052
0.00201333	84.2662	7.32119e-06	2.61964
0.00202797	82.2251	7.32119e-06	3.68514
0.00204261	67.0207	7.32119e-06	2.14313
0.00205726	64.2413	7.32119e-06	2.24568
0.0020719	64.0131	7.32119e-06	2.11217
0.00208654	57.3474	7.32119e-06	1.97733
0.00210118	53.6319	7.32119e-06	1.93123
0.00211582	50.1959	7.32119e-06	1.83513
0.00213047	47.3769	7.32119e-06	1.84925
0.00214511	43.7853	7.32119e-06	1.71989
0.00215975	43.2316	7.32119e-06	1.75002
0.00217439	36.233	7.32119e-06	1.47638
0.00218904	32.429	7.32119e-06	1.428
0.00220368	31.6206	7.32119e-06	1.40661
0.00221832	28.6246	7.32119e-06	1.35287
0.00223296	26.1298	7.32119e-06	1.26339
0.00224761	24.6758	7.32119e-06	1.22887
0.00226225	21.4524	7.32119e-06	1.0798
0.00227689	18.0704	7.32119e-06	1.01477
0.00229153	18.7686	7.32119e-06	1.06739
0.00230618	16.4475	7.32119e-06	1.04262
0.00232082	16.1644	7.32119e-06	1.01282
0.00233546	14.0679	7.32119e-06	0.88328
0.0023501	12.584	7.32119e-06	0.839727
0.00236475	11.9911	7.32119e-06	0.812199
0.00237939	8.06837	7.32119e-06	0.674306
0.00239403	8.48664	7.32119e-06	0.674399
0.00240867	5.83	7.32119e-06	0.551228
0.00242331	6.24079	7.32119e-06	0.56687
0.00243796	5.91885	7.32119e-06	0.566207
0.0024526	4.83407	7.32119e-06	0.502381
0.00246724	3.6249	7.32119e-06	0.422683
0.00248188	3.22889	7.32119e-06	0.39801
0.00249653	3.04246	7.32119e-06	0.386781
0.00251117	1.79942	7.32119e-06	0.335051
0.00252581	1.81234	7.32119e-06	0.318184
0.00254045	0.789613	7.32119e-06	0.187246
0.0025551	0.841377	7.32119e-06	0.194672
0.00256974	0.221665	7.32119e-06	0.0993839
