0	2140.72	1.13747e-05	1287.14
2.27494e-05	1497.47	1.13747e-05	35.7255
4.54987e-05	1451.88	1.13747e-05	18.65
6.82481e-05	1424.51	1.13747e-05	15.004
9.09974e-05	1400.67	1.13747e-05	13.2585
0.000113747	1376.64	1.13747e-05	12.0497
0.000136496	1357.04	1.13747e-05	11.4658
0.000159245	1335.22	1.13747e-05	10.9146
0.000181995	1312.96	1.13747e-05	10.3765
0.000204744	1287.01	1.13747e-05	9.86785
0.000227494	1263.48	1.13747e-05	9.51853
0.000250243	1235.73	1.13747e-05	8.92838
0.000272992	1210.15	1.13747e-05	8.60109
0.000295742	1181.93	1.13747e-05	8.23702
0.000318491	1151.52	1.13747e-05	7.86063
0.00034124	1122.19	1.13747e-05	7.53453
0.00036399	1093.62	1.13747e-05	7.26653
0.000386739	1063.53	1.13747e-05	6.96899
0.000409488	1034.8	1.13747e-05	6.73229
0.000432238	1005.58	1.13747e-05	6.51034
0.000454987	974.485	1.13747e-05	6.25224
0.000477736	942.706	1.13747e-05	6.00357
0.000500486	911.559	1.13747e-05	5.75572
0.000523235	881.045	1.13747e-05	5.55038
0.000545984	848.714	1.13747e-05	5.32675
0.000568734	817.653	1.13747e-05	5.12654
0.000591483	787.451	1.13747e-05	4.94616
0.000614232	755.761	1.13747e-05	4.69079
0.000636982	725.243	1.13747e-05	4.51292
0.000659731	693.727	1.13747e-05	4.30448
0.000682481	664.605	1.13747e-05	4.12161
0.00070523	634.175	1.13747e-05	3.94282
0.000727979	605.84	1.13747e-05	3.79927
0.000750729	576.985	1.13747e-05	3.58695
0.000773478	549.054	1.13747e-05	3.40895
0.000796227	522.322	1.13747e-05	3.26432
0.000818977	496.077	1.13747e-05	3.13673
0.000841726	469.56	1.13747e-05	3.00066
0.000864475	444.127	1.13747e-05	2.87513
0.000887225	420.65	1.13747e-05	2.74392
0.000909974	396.121	1.13747e-05	2.60599
0.000932723	372.709	1.13747e-05	2.44465
0.000955473	350.077	1.13747e-05	2.32277
0.000978222	328.52	1.13747e-05	2.21942
0.00100097	308.347	1.13747e-05	2.11485
0.00102372	287.737	1.13747e-05	1.99975
0.00104647	269.349	1.13747e-05	1.91657
0.00106922	251.031	1.13747e-05	1.82395
0.00109197	233.509	1.13747e-05	1.72953
0.00111472	217.604	1.13747e-05	1.653
0.00113747	202.496	1.13747e-05	1.58661
0.00116022	188.852	1.13747e-05	1.53088
0.00118297	175.419	1.13747e-05	1.47119
0.00120572	161.494	1.13747e-05	1.35764
0.00122846	148.9	1.13747e-05	1.2855
0.00125121	138.097	1.13747e-05	1.24228
0.00127396	127.538	1.13747e-05	1.1923
0.00129671	117.271	1.13747e-05	1.13644
0.00131946	107.673	1.13747e-05	1.09036
0.00134221	98.5584	1.13747e-05	1.04494
0.00136496	90.0669	1.13747e-05	0.987049
0.00138771	82.183	1.13747e-05	0.937477
0.00141046	75.2338	1.13747e-05	0.901671
0.00143321	68.611	1.13747e-05	0.847309
0.00145596	62.0008	1.13747e-05	0.795482
0.00147871	55.8625	1.13747e-05	0.727586
0.00150146	50.575	1.13747e-05	0.683858
0.00152421	45.6529	1.13747e-05	0.638223
0.00154696	41.0647	1.13747e-05	0.614017
0.00156971	36.8428	1.13747e-05	0.585096
0.00159245	33.3834	1.13747e-05	0.567541
0.0016152	30.0068	1.13747e-05	0.547637
0.00163795	26.8278	1.13747e-05	0.529081
0.0016607	24.0863	1.13747e-05	0.513328
0.00168345	20.9705	1.13747e-05	0.453223
0.0017062	18.2289	1.13747e-05	0.377316
0.00172895	16.0613	1.13747e-05	0.356251
0.0017517	14.3526	1.13747e-05	0.342778
0.00177445	12.5439	1.13747e-05	0.32718
0.0017972	10.8898	1.13747e-05	0.307588
0.00181995	9.52368	1.13747e-05	0.289249
0.0018427	8.25211	1.13747e-05	0.275452
0.00186545	7.19066	1.13747e-05	0.262885
0.0018882	6.17214	1.13747e-05	0.23161
0.00191095	5.20025	1.13747e-05	0.197981
0.00193369	4.45576	1.13747e-05	0.18896
0.00195644	3.79884	1.13747e-05	0.168792
0.00197919	3.31025	1.13747e-05	0.160157
0.00200194	2.88621	1.13747e-05	0.151698
0.00202469	2.36297	1.13747e-05	0.139624
0.00204744	1.87253	1.13747e-05	0.112993
0.00207019	1.48732	1.13747e-05	0.091999
0.00209294	1.25389	1.13747e-05	0.085819
0.00211569	0.996486	1.13747e-05	0.0778779
0.00213844	0.832379	1.13747e-05	0.0736481
0.00216119	0.674591	1.13747e-05	0.0695232
0.00218394	0.544674	1.13747e-05	0.0655474
0.00220669	0.451458	1.13747e-05	0.0626538
0.00222944	0.343615	1.13747e-05	0.0574941
0.00225219	0.244252	1.13747e-05	0.0520513
0.00227494	0.220095	1.13747e-05	0.0513689
0.00229768	0.164864	1.13747e-05	0.0479426
0.00232043	0.11859	1.13747e-05	0.044909
0.00234318	0.0495988	1.13747e-05	0.0238323
0.00236593	0.0323461	1.13747e-05	0.0217415
0.00238868	0.0323461	1.13747e-05	0.0217415
0.00241143	0.0323461	1.13747e-05	0.0217415
