0	1930.31	1.21667e-05	1378.97
2.43334e-05	1241.12	1.21667e-05	33.9187
4.86668e-05	1195.44	1.21667e-05	14.697
7.30002e-05	1170.86	1.21667e-05	10.7972
9.73335e-05	1151.24	1.21667e-05	9.1351
0.000121667	1138.08	1.21667e-05	8.61433
0.000146	1122.82	1.21667e-05	8.05505
0.000170334	1110.73	1.21667e-05	7.80898
0.000194667	1096.53	1.21667e-05	7.53666
0.000219	1083.19	1.21667e-05	7.30572
0.000243334	1069.57	1.21667e-05	7.07461
0.000267667	1055	1.21667e-05	6.90109
0.000292001	1039.25	1.21667e-05	6.70737
0.000316334	1025.78	1.21667e-05	6.59905
0.000340667	1008.72	1.21667e-05	6.43358
0.000365001	992.704	1.21667e-05	6.29996
0.000389334	974.638	1.21667e-05	6.11553
0.000413668	955.967	1.21667e-05	5.97151
0.000438001	936.919	1.21667e-05	5.83297
0.000462334	917.169	1.21667e-05	5.70357
0.000486668	896.896	1.21667e-05	5.54738
0.000511001	876.32	1.21667e-05	5.42229
0.000535334	853.864	1.21667e-05	5.27058
0.000559668	832.054	1.21667e-05	5.15074
0.000584001	810.806	1.21667e-05	5.03308
0.000608335	789.269	1.21667e-05	4.9277
0.000632668	764.839	1.21667e-05	4.48438
0.000657001	741.232	1.21667e-05	4.34831
0.000681335	718.294	1.21667e-05	4.22932
0.000705668	695.081	1.21667e-05	4.11822
0.000730002	669.626	1.21667e-05	3.93976
0.000754335	645.267	1.21667e-05	3.80547
0.000778668	621.118	1.21667e-05	3.69372
0.000803002	596.647	1.21667e-05	3.53687
0.000827335	571.942	1.21667e-05	3.40665
0.000851668	548.701	1.21667e-05	3.2822
0.000876002	524.476	1.21667e-05	3.17342
0.000900335	501.465	1.21667e-05	3.074
0.000924669	478.756	1.21667e-05	2.96939
0.000949002	456.264	1.21667e-05	2.8619
0.000973335	434.521	1.21667e-05	2.74058
0.000997669	412.677	1.21667e-05	2.60596
0.001022	390.679	1.21667e-05	2.4846
0.00104634	369.638	1.21667e-05	2.34142
0.00107067	349.704	1.21667e-05	2.25359
0.001095	329.88	1.21667e-05	2.16979
0.00111934	310.671	1.21667e-05	2.08421
0.00114367	291.591	1.21667e-05	1.95586
0.001168	273.585	1.21667e-05	1.87717
0.00119234	256.808	1.21667e-05	1.81498
0.00121667	240.629	1.21667e-05	1.7529
0.001241	224.212	1.21667e-05	1.68013
0.00126534	208.665	1.21667e-05	1.6164
0.00128967	194.352	1.21667e-05	1.56722
0.001314	180.189	1.21667e-05	1.50731
0.00133834	166.591	1.21667e-05	1.38479
0.00136267	153.256	1.21667e-05	1.13521
0.001387	140.744	1.21667e-05	1.06522
0.00141134	129.225	1.21667e-05	0.994445
0.00143567	118.276	1.21667e-05	0.942777
0.00146	108.482	1.21667e-05	0.889389
0.00148434	99.5063	1.21667e-05	0.845282
0.00150867	90.7836	1.21667e-05	0.80442
0.001533	82.8094	1.21667e-05	0.766451
0.00155734	75.6332	1.21667e-05	0.734306
0.00158167	68.6458	1.21667e-05	0.700207
0.001606	62.1887	1.21667e-05	0.670324
0.00163034	56.1839	1.21667e-05	0.638741
0.00165467	50.7138	1.21667e-05	0.605528
0.001679	45.5346	1.21667e-05	0.574341
0.00170334	40.7931	1.21667e-05	0.525236
0.00172767	36.6767	1.21667e-05	0.471912
0.001752	32.5627	1.21667e-05	0.441671
0.00177634	28.8362	1.21667e-05	0.418547
0.00180067	25.6981	1.21667e-05	0.399264
0.001825	22.7712	1.21667e-05	0.382708
0.00184934	20.2903	1.21667e-05	0.364947
0.00187367	17.8847	1.21667e-05	0.340037
0.001898	15.6567	1.21667e-05	0.317116
0.00192234	13.801	1.21667e-05	0.30516
0.00194667	11.9762	1.21667e-05	0.28753
0.001971	10.3089	1.21667e-05	0.270322
0.00199534	9.14634	1.21667e-05	0.263249
0.00201967	7.89867	1.21667e-05	0.247017
0.002044	6.79043	1.21667e-05	0.236816
0.00206834	5.86192	1.21667e-05	0.230256
0.00209267	5.04053	1.21667e-05	0.224808
0.002117	4.34567	1.21667e-05	0.219712
0.00214134	3.68348	1.21667e-05	0.214221
0.00216567	3.14541	1.21667e-05	0.210179
0.00219	2.61519	1.21667e-05	0.198576
0.00221434	2.19666	1.21667e-05	0.194899
0.00223867	1.79058	1.21667e-05	0.189075
0.002263	1.47417	1.21667e-05	0.179817
0.00228734	1.27375	1.21667e-05	0.178617
0.00231167	0.818846	1.21667e-05	0.0517089
0.00233601	0.655836	1.21667e-05	0.0439643
0.00236034	0.547215	1.21667e-05	0.0414677
0.00238467	0.402012	1.21667e-05	0.0362631
0.00240901	0.272753	1.21667e-05	0.0306943
0.00243334	0.178608	1.21667e-05	0.0268683
0.00245767	0.127668	1.21667e-05	0.0199867
0.00248201	0.0696911	1.21667e-05	0.0133969
0.00250634	0.0399128	1.21667e-05	0.010719
0.00253067	0.0137102	1.21667e-05	0.00598208
0.00255501	0.00587251	1.21667e-05	0.00428138
