0	2375.85	1.05916e-05	1387.62
2.11832e-05	1682.5	1.05916e-05	46.6833
4.23663e-05	1620.41	1.05916e-05	21.2696
6.35495e-05	1590.71	1.05916e-05	17.5645
8.47327e-05	1561.05	1.05916e-05	15.253
0.000105916	1536.03	1.05916e-05	14.1437
0.000127099	1511.22	1.05916e-05	13.3453
0.000148282	1483.74	1.05916e-05	12.5923
0.000169465	1453.13	1.05916e-05	11.7778
0.000190649	1423.71	1.05916e-05	11.1793
0.000211832	1394.74	1.05916e-05	10.7053
0.000233015	1365.88	1.05916e-05	10.311
0.000254198	1331.24	1.05916e-05	9.8107
0.000275381	1298.4	1.05916e-05	9.40036
0.000296564	1264.12	1.05916e-05	9.0077
0.000317748	1230.88	1.05916e-05	8.66911
0.000338931	1194.27	1.05916e-05	8.28422
0.000360114	1157.42	1.05916e-05	7.90997
0.000381297	1122.15	1.05916e-05	7.61173
0.00040248	1084.61	1.05916e-05	7.27091
0.000423663	1048.12	1.05916e-05	6.96708
0.000444847	1011.07	1.05916e-05	6.67324
0.00046603	972.928	1.05916e-05	6.37529
0.000487213	937.033	1.05916e-05	6.12015
0.000508396	901.178	1.05916e-05	5.86749
0.000529579	864.077	1.05916e-05	5.61262
0.000550762	828.257	1.05916e-05	5.38317
0.000571946	793.804	1.05916e-05	5.16531
0.000593129	758.747	1.05916e-05	4.93799
0.000614312	724.084	1.05916e-05	4.72771
0.000635495	689.411	1.05916e-05	4.52865
0.000656678	656.894	1.05916e-05	4.33476
0.000677861	625.969	1.05916e-05	4.17622
0.000699045	595.363	1.05916e-05	4.01534
0.000720228	564.494	1.05916e-05	3.85272
0.000741411	534.594	1.05916e-05	3.68959
0.000762594	505.831	1.05916e-05	3.55004
0.000783777	477.348	1.05916e-05	3.41791
0.00080496	449.618	1.05916e-05	3.26426
0.000826144	424.27	1.05916e-05	3.14952
0.000847327	399.292	1.05916e-05	3.03706
0.00086851	375.785	1.05916e-05	2.93929
0.000889693	353.075	1.05916e-05	2.83334
0.000910876	332.287	1.05916e-05	2.75496
0.00093206	310.973	1.05916e-05	2.66345
0.000953243	290.621	1.05916e-05	2.5342
0.000974426	270.71	1.05916e-05	2.44156
0.000995609	251.596	1.05916e-05	2.35036
0.00101679	233.833	1.05916e-05	2.16989
0.00103798	217.127	1.05916e-05	2.06735
0.00105916	201.159	1.05916e-05	2.00973
0.00108034	186.67	1.05916e-05	1.95603
0.00110152	173.318	1.05916e-05	1.9021
0.00112271	159.783	1.05916e-05	1.83432
0.00114389	148.08	1.05916e-05	1.78895
0.00116507	136.842	1.05916e-05	1.75421
0.00118626	125.721	1.05916e-05	1.71723
0.00120744	115.701	1.05916e-05	1.68342
0.00122862	103.863	1.05916e-05	1.17466
0.00124981	95.4126	1.05916e-05	1.13807
0.00127099	87.1696	1.05916e-05	1.09795
0.00129217	80.0971	1.05916e-05	1.05237
0.00131336	73.138	1.05916e-05	1.01818
0.00133454	66.4979	1.05916e-05	0.867472
0.00135572	60.3524	1.05916e-05	0.830945
0.00137691	54.9512	1.05916e-05	0.802776
0.00139809	49.8577	1.05916e-05	0.779154
0.00141927	45.1285	1.05916e-05	0.741572
0.00144046	40.7942	1.05916e-05	0.718306
0.00146164	36.7916	1.05916e-05	0.68104
0.00148282	33.4949	1.05916e-05	0.66491
0.00150401	30.0819	1.05916e-05	0.643565
0.00152519	26.9311	1.05916e-05	0.625143
0.00154637	23.8728	1.05916e-05	0.599417
0.00156755	21.4378	1.05916e-05	0.586441
0.00158874	18.5165	1.05916e-05	0.41752
0.00160992	16.3388	1.05916e-05	0.394905
0.0016311	14.5426	1.05916e-05	0.371467
0.00165229	12.8344	1.05916e-05	0.35098
0.00167347	11.0196	1.05916e-05	0.309199
0.00169465	9.61248	1.05916e-05	0.278529
0.00171584	8.30557	1.05916e-05	0.261261
0.00173702	7.33605	1.05916e-05	0.248321
0.0017582	6.39617	1.05916e-05	0.23437
0.00177939	5.54832	1.05916e-05	0.218709
0.00180057	4.62591	1.05916e-05	0.196771
0.00182175	3.94442	1.05916e-05	0.186669
0.00184294	3.41259	1.05916e-05	0.180169
0.00186412	2.87386	1.05916e-05	0.166682
0.0018853	2.48296	1.05916e-05	0.161018
0.00190649	2.07894	1.05916e-05	0.150579
0.00192767	1.74025	1.05916e-05	0.143482
0.00194885	1.366	1.05916e-05	0.130134
0.00197003	1.04747	1.05916e-05	0.103037
0.00199122	0.890675	1.05916e-05	0.0988439
0.0020124	0.738717	1.05916e-05	0.0937848
0.00203358	0.623262	1.05916e-05	0.0887792
0.00205477	0.425791	1.05916e-05	0.0716012
0.00207595	0.301305	1.05916e-05	0.0558075
0.00209713	0.20095	1.05916e-05	0.0378154
0.00211832	0.12706	1.05916e-05	0.0326893
0.0021395	0.103383	1.05916e-05	0.0314122
0.00216068	0.0592922	1.05916e-05	0.0229672
0.00218187	0.0382782	1.05916e-05	0.0200507
0.00220305	0.0382782	1.05916e-05	0.0200507
0.00222423	0.0278428	1.05916e-05	0.0190964
0.00224542	0.0103632	1.05916e-05	0.0103636
