0	2000.41	1.22729e-05	1549.31
2.45457e-05	1226.1	1.22729e-05	37.4261
4.90914e-05	1174.9	1.22729e-05	15.0898
7.36372e-05	1148.44	1.22729e-05	10.5846
9.81829e-05	1128.39	1.22729e-05	8.8056
0.000122729	1112.32	1.22729e-05	7.98225
0.000147274	1099.15	1.22729e-05	7.57113
0.00017182	1087.05	1.22729e-05	7.30316
0.000196366	1074.18	1.22729e-05	7.04419
0.000220911	1060.91	1.22729e-05	6.82859
0.000245457	1048.06	1.22729e-05	6.66553
0.000270003	1034.27	1.22729e-05	6.50906
0.000294549	1020.2	1.22729e-05	6.35405
0.000319094	1006.6	1.22729e-05	6.23806
0.00034364	991.274	1.22729e-05	6.1073
0.000368186	975.932	1.22729e-05	5.99019
0.000392732	960.388	1.22729e-05	5.87572
0.000417277	942.886	1.22729e-05	5.7402
0.000441823	924.728	1.22729e-05	5.61344
0.000466369	907.179	1.22729e-05	5.50449
0.000490914	887.946	1.22729e-05	5.37513
0.00051546	867.323	1.22729e-05	5.2342
0.000540006	847.447	1.22729e-05	5.11946
0.000564552	826.696	1.22729e-05	5.00002
0.000589097	805.921	1.22729e-05	4.89184
0.000613643	783.003	1.22729e-05	4.61642
0.000638189	760.785	1.22729e-05	4.49224
0.000662734	737.772	1.22729e-05	4.36472
0.00068728	715.395	1.22729e-05	4.25796
0.000711826	692.85	1.22729e-05	4.1519
0.000736372	669.128	1.22729e-05	4.03372
0.000760917	646.33	1.22729e-05	3.93668
0.000785463	623.444	1.22729e-05	3.84266
0.000810009	599.375	1.22729e-05	3.70794
0.000834554	575.221	1.22729e-05	3.58621
0.0008591	550.764	1.22729e-05	3.4342
0.000883646	526.996	1.22729e-05	3.321
0.000908192	504.08	1.22729e-05	3.2219
0.000932737	481.243	1.22729e-05	3.12248
0.000957283	457.373	1.22729e-05	2.93858
0.000981829	434.864	1.22729e-05	2.83949
0.00100637	411.623	1.22729e-05	2.69907
0.00103092	390.043	1.22729e-05	2.59146
0.00105547	369.255	1.22729e-05	2.50735
0.00108001	347.99	1.22729e-05	2.38229
0.00110456	328.173	1.22729e-05	2.30023
0.0011291	309.831	1.22729e-05	2.23634
0.00115365	291.034	1.22729e-05	2.1633
0.00117819	273.142	1.22729e-05	2.07831
0.00120274	255.612	1.22729e-05	2.00331
0.00122729	239.302	1.22729e-05	1.94283
0.00125183	222.921	1.22729e-05	1.88208
0.00127638	207.629	1.22729e-05	1.82553
0.00130092	193.326	1.22729e-05	1.77582
0.00132547	179.285	1.22729e-05	1.72324
0.00135001	166.963	1.22729e-05	1.68791
0.00137456	154.775	1.22729e-05	1.6507
0.00139911	142.758	1.22729e-05	1.60603
0.00142365	131.831	1.22729e-05	1.57103
0.0014482	121.249	1.22729e-05	1.54076
0.00147274	111.363	1.22729e-05	1.51551
0.00149729	101.367	1.22729e-05	1.48593
0.00152183	91.3463	1.22729e-05	0.983922
0.00154638	83.7663	1.22729e-05	0.959391
0.00157093	76.4081	1.22729e-05	0.930237
0.00159547	69.2911	1.22729e-05	0.899507
0.00162002	62.725	1.22729e-05	0.872857
0.00164456	56.8096	1.22729e-05	0.848254
0.00166911	51.6675	1.22729e-05	0.82992
0.00169365	45.929	1.22729e-05	0.665074
0.0017182	41.369	1.22729e-05	0.647049
0.00174275	36.5737	1.22729e-05	0.427336
0.00176729	32.4814	1.22729e-05	0.379116
0.00179184	29.028	1.22729e-05	0.357117
0.00181638	25.6917	1.22729e-05	0.330786
0.00184093	22.9131	1.22729e-05	0.310226
0.00186547	20.2926	1.22729e-05	0.289909
0.00189002	17.9625	1.22729e-05	0.268514
0.00191457	15.8618	1.22729e-05	0.253483
0.00193911	13.9654	1.22729e-05	0.237651
0.00196366	12.0671	1.22729e-05	0.220653
0.0019882	10.573	1.22729e-05	0.207995
0.00201275	9.18431	1.22729e-05	0.18659
0.00203729	7.99834	1.22729e-05	0.175131
0.00206184	6.81509	1.22729e-05	0.160551
0.00208639	5.81098	1.22729e-05	0.149641
0.00211093	4.97185	1.22729e-05	0.136207
0.00213548	4.26188	1.22729e-05	0.12822
0.00216002	3.61719	1.22729e-05	0.117998
0.00218457	3.05782	1.22729e-05	0.111299
0.00220911	2.52341	1.22729e-05	0.0975258
0.00223366	2.07798	1.22729e-05	0.0899026
0.00225821	1.67644	1.22729e-05	0.0845368
0.00228275	1.30653	1.22729e-05	0.0775532
0.0023073	1.01163	1.22729e-05	0.0714375
0.00233184	0.833856	1.22729e-05	0.0687576
0.00235639	0.615034	1.22729e-05	0.0449658
0.00238093	0.425485	1.22729e-05	0.0359069
0.00240548	0.312846	1.22729e-05	0.0323864
0.00243003	0.204816	1.22729e-05	0.0241843
0.00245457	0.133783	1.22729e-05	0.0212029
0.00247912	0.0961083	1.22729e-05	0.0196179
0.00250366	0.0391175	1.22729e-05	0.00784535
0.00252821	0.0179806	1.22729e-05	0.00521625
0.00255275	0.00156062	1.22729e-05	0.00156069
