0	2098.24	1.22217e-05	1759.44
2.44435e-05	1218.84	1.22217e-05	41.5818
4.8887e-05	1161.47	1.22217e-05	15.9345
7.33305e-05	1131.51	1.22217e-05	10.3633
9.7774e-05	1112.38	1.22217e-05	8.70881
0.000122217	1098.2	1.22217e-05	8.05915
0.000146661	1085.49	1.22217e-05	7.66177
0.000171104	1071.64	1.22217e-05	7.02635
0.000195548	1058.78	1.22217e-05	6.76369
0.000219991	1046.82	1.22217e-05	6.56615
0.000244435	1035.94	1.22217e-05	6.4395
0.000268878	1023.26	1.22217e-05	6.30085
0.000293322	1011.21	1.22217e-05	6.18975
0.000317765	998.63	1.22217e-05	6.07714
0.000342209	985.018	1.22217e-05	5.96384
0.000366652	969.455	1.22217e-05	5.77873
0.000391096	953.021	1.22217e-05	5.63636
0.000415539	935.902	1.22217e-05	5.49147
0.000439983	919.606	1.22217e-05	5.37934
0.000464426	903.482	1.22217e-05	5.28353
0.00048887	885.469	1.22217e-05	5.12431
0.000513313	867.256	1.22217e-05	5.01811
0.000537757	848.311	1.22217e-05	4.89988
0.0005622	829.325	1.22217e-05	4.79385
0.000586644	809.98	1.22217e-05	4.69596
0.000611087	789.682	1.22217e-05	4.59168
0.000635531	769.185	1.22217e-05	4.48387
0.000659974	747.921	1.22217e-05	4.37882
0.000684418	726.042	1.22217e-05	4.24963
0.000708861	702.94	1.22217e-05	4.12791
0.000733305	680.094	1.22217e-05	4.01738
0.000757748	656.241	1.22217e-05	3.8964
0.000782192	632.402	1.22217e-05	3.77002
0.000806635	608.272	1.22217e-05	3.59609
0.000831079	584.322	1.22217e-05	3.40865
0.000855522	560.296	1.22217e-05	3.2941
0.000879966	537.2	1.22217e-05	3.15768
0.000904409	513.315	1.22217e-05	3.0278
0.000928853	490.315	1.22217e-05	2.92857
0.000953296	468.219	1.22217e-05	2.83893
0.00097774	445.451	1.22217e-05	2.70839
0.00100218	422.532	1.22217e-05	2.6113
0.00102663	401.272	1.22217e-05	2.52075
0.00105107	380.236	1.22217e-05	2.43517
0.00107551	358.632	1.22217e-05	2.1443
0.00109996	337.846	1.22217e-05	2.03291
0.0011244	318.975	1.22217e-05	1.95851
0.00114884	299.322	1.22217e-05	1.8612
0.00117329	281.36	1.22217e-05	1.7821
0.00119773	263.529	1.22217e-05	1.70648
0.00122217	246.153	1.22217e-05	1.62079
0.00124662	229.997	1.22217e-05	1.54634
0.00127106	214.391	1.22217e-05	1.48107
0.00129551	198.803	1.22217e-05	1.4115
0.00131995	184.99	1.22217e-05	1.36066
0.00134439	171.011	1.22217e-05	1.2912
0.00136884	158.303	1.22217e-05	1.24127
0.00139328	145.511	1.22217e-05	1.11777
0.00141772	133.698	1.22217e-05	1.00359
0.00144217	122.395	1.22217e-05	0.938857
0.00146661	112.388	1.22217e-05	0.875158
0.00149105	102.812	1.22217e-05	0.825576
0.0015155	94.0716	1.22217e-05	0.785313
0.00153994	85.9611	1.22217e-05	0.73857
0.00156438	78.4228	1.22217e-05	0.702397
0.00158883	71.6467	1.22217e-05	0.678242
0.00161327	65.0306	1.22217e-05	0.646214
0.00163771	58.7593	1.22217e-05	0.598584
0.00166216	52.8421	1.22217e-05	0.558449
0.0016866	47.3108	1.22217e-05	0.489528
0.00171104	42.5499	1.22217e-05	0.465626
0.00173549	38.1625	1.22217e-05	0.440513
0.00175993	33.9052	1.22217e-05	0.408913
0.00178438	30.2172	1.22217e-05	0.388536
0.00180882	26.8889	1.22217e-05	0.36892
0.00183326	23.9565	1.22217e-05	0.350723
0.00185771	21.3457	1.22217e-05	0.334069
0.00188215	18.8807	1.22217e-05	0.304262
0.00190659	16.6595	1.22217e-05	0.289082
0.00193104	14.6108	1.22217e-05	0.273199
0.00195548	12.8527	1.22217e-05	0.249755
0.00197992	11.1451	1.22217e-05	0.23355
0.00200437	9.62448	1.22217e-05	0.221246
0.00202881	8.28919	1.22217e-05	0.208164
0.00205325	7.09639	1.22217e-05	0.190092
0.0020777	6.01936	1.22217e-05	0.180341
0.00210214	5.14855	1.22217e-05	0.170709
0.00212658	4.42281	1.22217e-05	0.165301
0.00215103	3.70177	1.22217e-05	0.158821
0.00217547	3.12731	1.22217e-05	0.150798
0.00219991	2.65291	1.22217e-05	0.145794
0.00222436	2.11268	1.22217e-05	0.0932798
0.0022488	1.73687	1.22217e-05	0.0863395
0.00227325	1.4319	1.22217e-05	0.081922
0.00229769	1.13215	1.22217e-05	0.0649987
0.00232213	0.850842	1.22217e-05	0.050671
0.00234658	0.630859	1.22217e-05	0.0435289
0.00237102	0.473144	1.22217e-05	0.0357597
0.00239546	0.31149	1.22217e-05	0.0228029
0.00241991	0.230482	1.22217e-05	0.0203636
0.00244435	0.146232	1.22217e-05	0.0152226
0.00246879	0.0835398	1.22217e-05	0.0108179
0.00249324	0.0374994	1.22217e-05	0.00674891
0.00251768	0.0155882	1.22217e-05	0.00484807
0.00254212	0.00273388	1.22217e-05	0.00157854
0.00256657	0.000907332	1.22217e-05	0.000907372
