0	2924.38	8.97243e-06	1758.9
1.79449e-05	2045.57	8.97243e-06	57.142
3.58897e-05	1972.33	8.97243e-06	29.4454
5.38346e-05	1924.39	8.97243e-06	22.187
7.17795e-05	1889.43	8.97243e-06	19.708
8.97243e-05	1854.99	8.97243e-06	18.0616
0.000107669	1823.65	8.97243e-06	17.0824
0.000125614	1787.95	8.97243e-06	16.1091
0.000143559	1753.05	8.97243e-06	15.3526
0.000161504	1716.48	8.97243e-06	14.6676
0.000179449	1677.34	8.97243e-06	14.019
0.000197394	1635.04	8.97243e-06	13.3606
0.000215338	1595.55	8.97243e-06	12.8629
0.000233283	1552.56	8.97243e-06	12.3263
0.000251228	1509.45	8.97243e-06	11.8521
0.000269173	1464.08	8.97243e-06	11.3703
0.000287118	1415.87	8.97243e-06	10.1711
0.000305063	1370.68	8.97243e-06	9.69423
0.000323008	1327.1	8.97243e-06	9.31697
0.000340952	1279.07	8.97243e-06	8.8747
0.000358897	1232.34	8.97243e-06	8.38502
0.000376842	1184.75	8.97243e-06	7.98567
0.000394787	1139.07	8.97243e-06	7.61597
0.000412732	1094.26	8.97243e-06	7.29358
0.000430677	1051.1	8.97243e-06	7.0081
0.000448622	1005.6	8.97243e-06	6.67041
0.000466567	963.245	8.97243e-06	6.36373
0.000484511	920.658	8.97243e-06	6.07947
0.000502456	876.087	8.97243e-06	5.59453
0.000520401	834.051	8.97243e-06	5.31227
0.000538346	794.064	8.97243e-06	5.06782
0.000556291	755.126	8.97243e-06	4.81014
0.000574236	716.353	8.97243e-06	4.5586
0.000592181	680.538	8.97243e-06	4.36631
0.000610125	645.266	8.97243e-06	4.1719
0.00062807	610.002	8.97243e-06	3.97319
0.000646015	576.413	8.97243e-06	3.70825
0.00066396	544.166	8.97243e-06	3.52581
0.000681905	512.602	8.97243e-06	3.35417
0.00069985	482.427	8.97243e-06	3.20009
0.000717795	454.429	8.97243e-06	3.0562
0.00073574	426.509	8.97243e-06	2.91164
0.000753684	400.634	8.97243e-06	2.78787
0.000771629	375.123	8.97243e-06	2.59509
0.000789574	351.662	8.97243e-06	2.49086
0.000807519	328.736	8.97243e-06	2.37114
0.000825464	306.945	8.97243e-06	2.26147
0.000843409	285.995	8.97243e-06	2.14977
0.000861354	267.07	8.97243e-06	2.06069
0.000879298	248.852	8.97243e-06	1.97664
0.000897243	230.823	8.97243e-06	1.88794
0.000915188	213.885	8.97243e-06	1.7808
0.000933133	197.754	8.97243e-06	1.65333
0.000951078	182.842	8.97243e-06	1.5394
0.000969023	168.59	8.97243e-06	1.45821
0.000986968	154.57	8.97243e-06	1.38186
0.00100491	142.304	8.97243e-06	1.32327
0.00102286	130.513	8.97243e-06	1.26805
0.0010408	119.11	8.97243e-06	1.20312
0.00105875	108.587	8.97243e-06	1.12858
0.00107669	98.9827	8.97243e-06	1.06769
0.00109464	90.0355	8.97243e-06	1.01039
0.00111258	81.6691	8.97243e-06	0.955124
0.00113053	73.8892	8.97243e-06	0.905738
0.00114847	67.05	8.97243e-06	0.856991
0.00116642	60.9546	8.97243e-06	0.822338
0.00118436	55.1046	8.97243e-06	0.768174
0.00120231	49.5477	8.97243e-06	0.729772
0.00122025	44.6965	8.97243e-06	0.696782
0.0012382	39.9465	8.97243e-06	0.657571
0.00125614	35.8031	8.97243e-06	0.624374
0.00127409	32.0643	8.97243e-06	0.591808
0.00129203	28.4669	8.97243e-06	0.538463
0.00130998	25.7678	8.97243e-06	0.518376
0.00132792	22.951	8.97243e-06	0.496468
0.00134586	20.5425	8.97243e-06	0.474709
0.00136381	18.1342	8.97243e-06	0.449932
0.00138175	15.7927	8.97243e-06	0.369671
0.0013997	13.9958	8.97243e-06	0.354475
0.00141764	12.1039	8.97243e-06	0.330211
0.00143559	10.5918	8.97243e-06	0.311055
0.00145353	9.25436	8.97243e-06	0.293465
0.00147148	7.97023	8.97243e-06	0.275588
0.00148942	6.91553	8.97243e-06	0.25981
0.00150737	5.88456	8.97243e-06	0.240863
0.00152531	5.22934	8.97243e-06	0.232186
0.00154326	4.28072	8.97243e-06	0.193311
0.0015612	3.63449	8.97243e-06	0.179897
0.00157915	3.08745	8.97243e-06	0.169608
0.00159709	2.54771	8.97243e-06	0.155007
0.00161504	1.98689	8.97243e-06	0.129426
0.00163298	1.62558	8.97243e-06	0.118895
0.00165093	1.41985	8.97243e-06	0.112863
0.00166887	1.10382	8.97243e-06	0.0978748
0.00168682	0.929743	8.97243e-06	0.0905208
0.00170476	0.687999	8.97243e-06	0.0790594
0.00172271	0.501097	8.97243e-06	0.0665472
0.00174065	0.338538	8.97243e-06	0.0557713
0.0017586	0.264184	8.97243e-06	0.0512536
0.00177654	0.189397	8.97243e-06	0.0440469
0.00179449	0.141945	8.97243e-06	0.0402954
0.00181243	0.116792	8.97243e-06	0.038695
0.00183038	0.0994293	8.97243e-06	0.037857
0.00184832	0.0574705	8.97243e-06	0.0346243
0.00186627	0.0414596	8.97243e-06	0.0313766
