0	2244.5	1.11242e-05	1348.36
2.22484e-05	1570.72	1.11242e-05	42.3435
4.44968e-05	1515.93	1.11242e-05	21.2154
6.67452e-05	1482.18	1.11242e-05	16.2296
8.89936e-05	1456.23	1.11242e-05	14.3497
0.000111242	1432.81	1.11242e-05	13.3221
0.00013349	1408.28	1.11242e-05	12.4727
0.000155739	1382.59	1.11242e-05	11.6556
0.000177987	1359.96	1.11242e-05	11.2232
0.000200236	1335.67	1.11242e-05	10.8105
0.000222484	1309	1.11242e-05	10.3593
0.000244732	1279.89	1.11242e-05	9.93536
0.000266981	1250.49	1.11242e-05	9.53399
0.000289229	1219.87	1.11242e-05	9.10031
0.000311477	1188.43	1.11242e-05	8.72485
0.000333726	1157.67	1.11242e-05	8.42387
0.000355974	1126.64	1.11242e-05	8.13483
0.000378223	1093.95	1.11242e-05	7.59768
0.000400471	1061.09	1.11242e-05	7.3125
0.000422719	1028.63	1.11242e-05	7.05735
0.000444968	995.471	1.11242e-05	6.80985
0.000467216	961.619	1.11242e-05	6.5382
0.000489465	930.541	1.11242e-05	6.34112
0.000511713	897.038	1.11242e-05	6.10951
0.000533961	862.932	1.11242e-05	5.89058
0.00055621	830.666	1.11242e-05	5.69696
0.000578458	797.633	1.11242e-05	5.5029
0.000600707	765.017	1.11242e-05	5.30726
0.000622955	733.155	1.11242e-05	5.12934
0.000645203	697.194	1.11242e-05	4.26342
0.000667452	667.761	1.11242e-05	4.10737
0.0006897	636.581	1.11242e-05	3.89789
0.000711949	606.866	1.11242e-05	3.72675
0.000734197	577.694	1.11242e-05	3.56444
0.000756445	549.44	1.11242e-05	3.4059
0.000778694	522.75	1.11242e-05	3.273
0.000800942	495.386	1.11242e-05	3.09576
0.00082319	468.689	1.11242e-05	2.92979
0.000845439	443.134	1.11242e-05	2.79438
0.000867687	418.833	1.11242e-05	2.67453
0.000889936	395.318	1.11242e-05	2.55388
0.000912184	371.824	1.11242e-05	2.43731
0.000934432	348.962	1.11242e-05	2.28244
0.000956681	328.761	1.11242e-05	2.19118
0.000978929	307.479	1.11242e-05	2.0705
0.00100118	288.693	1.11242e-05	1.98384
0.00102343	268.731	1.11242e-05	1.87776
0.00104567	249.835	1.11242e-05	1.77754
0.00106792	232.56	1.11242e-05	1.67279
0.00109017	217.096	1.11242e-05	1.6053
0.00111242	201.014	1.11242e-05	1.50795
0.00113467	185.997	1.11242e-05	1.42985
0.00115692	172.316	1.11242e-05	1.36732
0.00117916	158.874	1.11242e-05	1.27309
0.00120141	146.712	1.11242e-05	1.20927
0.00122366	135.622	1.11242e-05	1.16136
0.00124591	124.415	1.11242e-05	1.09744
0.00126816	114.808	1.11242e-05	1.05487
0.00129041	105.327	1.11242e-05	1.00011
0.00131266	96.3203	1.11242e-05	0.929348
0.0013349	88.1074	1.11242e-05	0.867515
0.00135715	80.2707	1.11242e-05	0.822403
0.0013794	73.2649	1.11242e-05	0.779736
0.00140165	66.2561	1.11242e-05	0.729768
0.0014239	60.0308	1.11242e-05	0.69236
0.00144615	54.1598	1.11242e-05	0.643325
0.00146839	48.988	1.11242e-05	0.609406
0.00149064	44.3297	1.11242e-05	0.580155
0.00151289	39.9159	1.11242e-05	0.551628
0.00153514	36.0412	1.11242e-05	0.521414
0.00155739	32.462	1.11242e-05	0.494873
0.00157964	29.2443	1.11242e-05	0.476077
0.00160188	25.994	1.11242e-05	0.454053
0.00162413	22.8889	1.11242e-05	0.405091
0.00164638	20.0535	1.11242e-05	0.366984
0.00166863	17.7488	1.11242e-05	0.3455
0.00169088	15.8303	1.11242e-05	0.329393
0.00171313	14.0412	1.11242e-05	0.313786
0.00173537	12.3828	1.11242e-05	0.298524
0.00175762	10.8513	1.11242e-05	0.280978
0.00177987	9.51302	1.11242e-05	0.264283
0.00180212	8.29368	1.11242e-05	0.248303
0.00182437	7.25176	1.11242e-05	0.232289
0.00184662	6.26605	1.11242e-05	0.216758
0.00186886	5.44873	1.11242e-05	0.20665
0.00189111	4.63548	1.11242e-05	0.194985
0.00191336	4.03737	1.11242e-05	0.187075
0.00193561	3.41949	1.11242e-05	0.175514
0.00195786	2.79347	1.11242e-05	0.161498
0.00198011	2.33995	1.11242e-05	0.152598
0.00200236	1.91111	1.11242e-05	0.142831
0.0020246	1.60956	1.11242e-05	0.13744
0.00204685	1.32349	1.11242e-05	0.110731
0.0020691	1.05504	1.11242e-05	0.0903336
0.00209135	0.824372	1.11242e-05	0.0803523
0.0021136	0.649789	1.11242e-05	0.0734189
0.00213585	0.462825	1.11242e-05	0.0566294
0.00215809	0.342088	1.11242e-05	0.050695
0.00218034	0.25771	1.11242e-05	0.0471084
0.00220259	0.186484	1.11242e-05	0.0420939
0.00222484	0.114577	1.11242e-05	0.0337601
0.00224709	0.0662041	1.11242e-05	0.0197272
0.00226934	0.0337378	1.11242e-05	0.0153239
0.00229158	0.0337378	1.11242e-05	0.0153239
0.00231383	0.0143313	1.11242e-05	0.0108188
