0	1988.24	1.22094e-05	1540.11
2.44188e-05	1218.54	1.22094e-05	40.4157
4.88376e-05	1161.8	1.22094e-05	13.8831
7.32565e-05	1137.42	1.22094e-05	9.72273
9.76753e-05	1121.34	1.22094e-05	8.51956
0.000122094	1106.92	1.22094e-05	7.84523
0.000146513	1093.82	1.22094e-05	7.42206
0.000170932	1082.51	1.22094e-05	7.18665
0.000195351	1071.07	1.22094e-05	6.99274
0.000219769	1058.53	1.22094e-05	6.79967
0.000244188	1043.91	1.22094e-05	6.382
0.000268607	1030.84	1.22094e-05	6.23173
0.000293026	1018.54	1.22094e-05	6.1168
0.000317445	1005.01	1.22094e-05	5.9876
0.000341863	989.832	1.22094e-05	5.84287
0.000366282	974.678	1.22094e-05	5.71945
0.000390701	958.449	1.22094e-05	5.59255
0.00041512	942.142	1.22094e-05	5.47347
0.000439539	925.036	1.22094e-05	5.35714
0.000463958	905.332	1.22094e-05	5.20923
0.000488376	887.474	1.22094e-05	5.09598
0.000512795	869.426	1.22094e-05	4.99192
0.000537214	849.982	1.22094e-05	4.87056
0.000561633	829.256	1.22094e-05	4.74129
0.000586052	807.851	1.22094e-05	4.61055
0.00061047	786.226	1.22094e-05	4.4539
0.000634889	765.295	1.22094e-05	4.34742
0.000659308	743.276	1.22094e-05	4.18172
0.000683727	720.308	1.22094e-05	4.05453
0.000708146	697.838	1.22094e-05	3.95075
0.000732565	674.95	1.22094e-05	3.83594
0.000756983	651.409	1.22094e-05	3.72042
0.000781402	627.877	1.22094e-05	3.61
0.000805821	605.828	1.22094e-05	3.51391
0.00083024	582.941	1.22094e-05	3.39478
0.000854659	560.044	1.22094e-05	3.28729
0.000879077	535.933	1.22094e-05	3.15743
0.000903496	512.692	1.22094e-05	3.04881
0.000927915	489.29	1.22094e-05	2.93901
0.000952334	466.923	1.22094e-05	2.84015
0.000976753	444.524	1.22094e-05	2.74043
0.00100117	422.862	1.22094e-05	2.6418
0.00102559	400.878	1.22094e-05	2.47812
0.00105001	379.075	1.22094e-05	2.38916
0.00107443	358.307	1.22094e-05	2.28453
0.00109885	338.668	1.22094e-05	2.20919
0.00112327	319.09	1.22094e-05	2.12138
0.00114768	300.553	1.22094e-05	2.05083
0.0011721	281.88	1.22094e-05	1.9359
0.00119652	263.725	1.22094e-05	1.84626
0.00122094	246.689	1.22094e-05	1.7182
0.00124536	230.705	1.22094e-05	1.64606
0.00126978	214.998	1.22094e-05	1.56972
0.0012942	199.483	1.22094e-05	1.42832
0.00131862	185.117	1.22094e-05	1.36997
0.00134303	171.773	1.22094e-05	1.29425
0.00136745	158.694	1.22094e-05	1.22993
0.00139187	146.485	1.22094e-05	1.18121
0.00141629	134.853	1.22094e-05	1.12519
0.00144071	123.803	1.22094e-05	1.05446
0.00146513	113.691	1.22094e-05	1.01516
0.00148955	103.756	1.22094e-05	0.931191
0.00151397	94.9416	1.22094e-05	0.898341
0.00153839	86.8278	1.22094e-05	0.855738
0.0015628	78.8833	1.22094e-05	0.815495
0.00158722	71.6479	1.22094e-05	0.781598
0.00161164	65.0003	1.22094e-05	0.752621
0.00163606	58.8686	1.22094e-05	0.721557
0.00166048	53.2135	1.22094e-05	0.699152
0.0016849	47.6909	1.22094e-05	0.625231
0.00170932	42.9159	1.22094e-05	0.603235
0.00173374	38.2634	1.22094e-05	0.574998
0.00175815	34.2454	1.22094e-05	0.556454
0.00178257	30.6874	1.22094e-05	0.542015
0.00180699	27.3657	1.22094e-05	0.50812
0.00183141	24.3677	1.22094e-05	0.494596
0.00185583	21.4788	1.22094e-05	0.483394
0.00188025	18.9477	1.22094e-05	0.470979
0.00190467	16.4425	1.22094e-05	0.29144
0.00192909	14.2364	1.22094e-05	0.268634
0.00195351	12.3411	1.22094e-05	0.243471
0.00197792	10.7686	1.22094e-05	0.229946
0.00200234	9.40439	1.22094e-05	0.219753
0.00202676	8.108	1.22094e-05	0.205481
0.00205118	7.04658	1.22094e-05	0.197064
0.0020756	5.98961	1.22094e-05	0.185699
0.00210002	5.07468	1.22094e-05	0.17636
0.00212444	4.30098	1.22094e-05	0.16098
0.00214886	3.57035	1.22094e-05	0.112097
0.00217327	3.01346	1.22094e-05	0.103048
0.00219769	2.54571	1.22094e-05	0.0955118
0.00222211	2.16452	1.22094e-05	0.0911608
0.00224653	1.83678	1.22094e-05	0.0866597
0.00227095	1.4142	1.22094e-05	0.0744804
0.00229537	1.13554	1.22094e-05	0.0700936
0.00231979	0.877229	1.22094e-05	0.0436399
0.00234421	0.670686	1.22094e-05	0.0388498
0.00236863	0.480855	1.22094e-05	0.0331039
0.00239304	0.351237	1.22094e-05	0.0270317
0.00241746	0.242696	1.22094e-05	0.0232934
0.00244188	0.18053	1.22094e-05	0.0209728
0.0024663	0.106363	1.22094e-05	0.0145943
0.00249072	0.0629639	1.22094e-05	0.0120675
0.00251514	0.0311379	1.22094e-05	0.00676719
0.00253956	0.0134376	1.22094e-05	0.00458785
0.00256398	0.0016751	1.22094e-05	0.00167518
