0	1916.52	1.20119e-05	1256.31
2.40239e-05	1288.67	1.20119e-05	35.1227
4.80478e-05	1242.1	1.20119e-05	16.2239
7.20717e-05	1214.07	1.20119e-05	11.274
9.60955e-05	1196.33	1.20119e-05	9.99291
0.000120119	1180.09	1.20119e-05	9.25182
0.000144143	1165.95	1.20119e-05	8.85388
0.000168167	1151.8	1.20119e-05	8.55451
0.000192191	1138.5	1.20119e-05	8.34552
0.000216215	1124.19	1.20119e-05	8.13237
0.000240239	1108.29	1.20119e-05	7.92469
0.000264263	1091.87	1.20119e-05	7.73097
0.000288287	1076.38	1.20119e-05	7.58608
0.000312311	1056.9	1.20119e-05	7.21476
0.000336334	1038.06	1.20119e-05	7.03941
0.000360358	1019.52	1.20119e-05	6.88738
0.000384382	1000.28	1.20119e-05	6.74436
0.000408406	980.221	1.20119e-05	6.60552
0.00043243	959.141	1.20119e-05	6.46856
0.000456454	936.78	1.20119e-05	6.32139
0.000480478	914.49	1.20119e-05	6.18939
0.000504502	892.555	1.20119e-05	6.07085
0.000528525	868.947	1.20119e-05	5.92296
0.000552549	845.275	1.20119e-05	5.79385
0.000576573	820.531	1.20119e-05	5.66271
0.000600597	795.209	1.20119e-05	5.53788
0.000624621	770.894	1.20119e-05	5.42684
0.000648645	745.96	1.20119e-05	5.31702
0.000672669	721.913	1.20119e-05	5.22328
0.000696693	696.66	1.20119e-05	5.11203
0.000720717	670.335	1.20119e-05	4.98631
0.00074474	646.449	1.20119e-05	4.90169
0.000768764	620.815	1.20119e-05	4.80546
0.000792788	595.341	1.20119e-05	4.68917
0.000816812	569.602	1.20119e-05	4.57384
0.000840836	545.46	1.20119e-05	4.44683
0.00086486	522.174	1.20119e-05	4.36738
0.000888884	496.124	1.20119e-05	3.99024
0.000912908	472.391	1.20119e-05	3.90409
0.000936932	449.97	1.20119e-05	3.83147
0.000960955	424.32	1.20119e-05	2.7088
0.000984979	401.953	1.20119e-05	2.6073
0.001009	380.913	1.20119e-05	2.52624
0.00103303	359.697	1.20119e-05	2.43168
0.00105705	338.998	1.20119e-05	2.34318
0.00108107	319.056	1.20119e-05	2.24834
0.0011051	299.397	1.20119e-05	2.1494
0.00112912	281.161	1.20119e-05	2.07829
0.00115315	262.807	1.20119e-05	1.83385
0.00117717	246.627	1.20119e-05	1.76854
0.00120119	229.878	1.20119e-05	1.68285
0.00122522	214.51	1.20119e-05	1.61819
0.00124924	199.556	1.20119e-05	1.55252
0.00127327	184.992	1.20119e-05	1.4719
0.00129729	171.011	1.20119e-05	1.24733
0.00132131	158.575	1.20119e-05	1.19037
0.00134534	146.766	1.20119e-05	1.1439
0.00136936	134.804	1.20119e-05	1.0784
0.00139339	124.268	1.20119e-05	1.03547
0.00141741	114.63	1.20119e-05	0.994578
0.00144143	105.53	1.20119e-05	0.953592
0.00146546	96.5139	1.20119e-05	0.897324
0.00148948	88.3529	1.20119e-05	0.859936
0.0015135	80.5697	1.20119e-05	0.808746
0.00153753	73.3695	1.20119e-05	0.773521
0.00156155	66.4398	1.20119e-05	0.717986
0.00158558	59.7763	1.20119e-05	0.651835
0.0016096	54.1675	1.20119e-05	0.620798
0.00163362	48.5254	1.20119e-05	0.582968
0.00165765	43.7452	1.20119e-05	0.552025
0.00168167	39.3215	1.20119e-05	0.526241
0.0017057	34.9639	1.20119e-05	0.470693
0.00172972	31.4035	1.20119e-05	0.443865
0.00175374	28.0743	1.20119e-05	0.417196
0.00177777	25.0203	1.20119e-05	0.394659
0.00180179	22.0792	1.20119e-05	0.350534
0.00182582	19.681	1.20119e-05	0.335763
0.00184984	17.3279	1.20119e-05	0.316216
0.00187386	15.2959	1.20119e-05	0.299545
0.00189789	13.4999	1.20119e-05	0.28491
0.00192191	11.8761	1.20119e-05	0.266116
0.00194593	10.3482	1.20119e-05	0.251469
0.00196996	8.96664	1.20119e-05	0.239592
0.00199398	7.63621	1.20119e-05	0.223669
0.00201801	6.57985	1.20119e-05	0.211967
0.00204203	5.64168	1.20119e-05	0.18116
0.00206605	4.87929	1.20119e-05	0.17224
0.00209008	4.20758	1.20119e-05	0.163837
0.0021141	3.59565	1.20119e-05	0.156657
0.00213813	3.02219	1.20119e-05	0.149241
0.00216215	2.51053	1.20119e-05	0.142477
0.00218617	2.05178	1.20119e-05	0.100176
0.0022102	1.7092	1.20119e-05	0.0939885
0.00223422	1.38625	1.20119e-05	0.0857356
0.00225825	1.13017	1.20119e-05	0.0800753
0.00228227	0.927535	1.20119e-05	0.075547
0.00230629	0.774365	1.20119e-05	0.0699641
0.00233032	0.620413	1.20119e-05	0.0669518
0.00235434	0.457073	1.20119e-05	0.0570284
0.00237836	0.291119	1.20119e-05	0.0303321
0.00240239	0.202737	1.20119e-05	0.0253312
0.00242641	0.14414	1.20119e-05	0.0222264
0.00245044	0.100736	1.20119e-05	0.0184996
0.00247446	0.0519067	1.20119e-05	0.0137884
0.00249848	0.0340492	1.20119e-05	0.0122978
0.00252251	0.0164263	1.20119e-05	0.00969776
0.00254653	0.00851381	1.20119e-05	0.00851419
