1.14732e-05	333.992	1.14732e-05	13.396
3.44196e-05	79.2689	1.14732e-05	4.93496
5.7366e-05	68.6923	1.14732e-05	4.06007
8.03124e-05	70.9197	1.14732e-05	4.06278
0.000103259	88.369	1.14732e-05	5.5808
0.000126205	116.629	1.14732e-05	8.98003
0.000149152	137.951	1.14732e-05	8.07572
0.000172098	159.091	1.14732e-05	7.58943
0.000195044	199.583	1.14732e-05	14.3229
0.000217991	208.157	1.14732e-05	10.0454
0.000240937	253.782	1.14732e-05	9.46763
0.000263883	278.734	1.14732e-05	12.5893
0.00028683	310.84	1.14732e-05	10.3459
0.000309776	344.708	1.14732e-05	14.0334
0.000332723	403.806	1.14732e-05	12.8056
0.000355669	408.804	1.14732e-05	12.8848
0.000378615	453.947	1.14732e-05	13.6033
0.000401562	474.685	1.14732e-05	12.4535
0.000424508	536.83	1.14732e-05	15.8432
0.000447455	568.384	1.14732e-05	16.6806
0.000470401	572.814	1.14732e-05	13.0245
0.000493347	683.456	1.14732e-05	40.0895
0.000516294	659.071	1.14732e-05	14.9042
0.00053924	680.504	1.14732e-05	13.852
0.000562186	703.962	1.14732e-05	15.0366
0.000585133	754.972	1.14732e-05	15.9603
0.000608079	797.515	1.14732e-05	20.4694
0.000631026	804.135	1.14732e-05	18.4094
0.000653972	837.836	1.14732e-05	19.5167
0.000676918	862.562	1.14732e-05	27.4257
0.000699865	897.134	1.14732e-05	18.6021
0.000722811	894.327	1.14732e-05	20.904
0.000745758	904.083	1.14732e-05	18.6204
0.000768704	923.693	1.14732e-05	19.427
0.00079165	946.419	1.14732e-05	20.4772
0.000814597	904.858	1.14732e-05	17.7903
0.000837543	894.05	1.14732e-05	17.9645
0.000860489	911.669	1.14732e-05	18.8672
0.000883436	953.302	1.14732e-05	24.1691
0.000906382	938.331	1.14732e-05	28.7278
0.000929329	933.274	1.14732e-05	20.4874
0.000952275	946.717	1.14732e-05	20.7784
0.000975221	941.927	1.14732e-05	24.3323
0.000998168	856.39	1.14732e-05	17.4951
0.00102111	907.733	1.14732e-05	22.1186
0.00104406	860.985	1.14732e-05	19.0156
0.00106701	832.977	1.14732e-05	30.693
0.00108995	833.647	1.14732e-05	18.77
0.0011129	848.593	1.14732e-05	21.8191
0.00113585	730.117	1.14732e-05	16.7276
0.00115879	804.557	1.14732e-05	36.743
0.00118174	768.012	1.14732e-05	40.8965
0.00120469	701.944	1.14732e-05	15.8779
0.00122763	648.431	1.14732e-05	17.0308
0.00125058	696.236	1.14732e-05	59.0428
0.00127352	591.797	1.14732e-05	15.1041
0.00129647	602.197	1.14732e-05	16.1269
0.00131942	553.592	1.14732e-05	14.9812
0.00134236	538.314	1.14732e-05	17.4814
0.00136531	562.271	1.14732e-05	22.7262
0.00138826	481.816	1.14732e-05	15.2277
0.0014112	461.652	1.14732e-05	14.4267
0.00143415	425.259	1.14732e-05	12.8878
0.0014571	422.564	1.14732e-05	17.0638
0.00148004	392.93	1.14732e-05	13.7453
0.00150299	358.708	1.14732e-05	12.7232
0.00152593	337.554	1.14732e-05	14.2087
0.00154888	304.249	1.14732e-05	12.0138
0.00157183	294.637	1.14732e-05	12.076
0.00159477	270.523	1.14732e-05	10.938
0.00161772	250.903	1.14732e-05	11.6276
0.00164067	231.855	1.14732e-05	10.8472
0.00166361	220.722	1.14732e-05	19.5904
0.00168656	198.44	1.14732e-05	11.2665
0.00170951	172.892	1.14732e-05	8.60064
0.00173245	160.306	1.14732e-05	8.15168
0.0017554	141.15	1.14732e-05	7.43294
0.00177834	143.32	1.14732e-05	8.39377
0.00180129	137.529	1.14732e-05	7.90533
0.00182424	129.21	1.14732e-05	8.67022
0.00184718	113.833	1.14732e-05	10.7583
0.00187013	88.8326	1.14732e-05	6.66434
0.00189308	88.6159	1.14732e-05	8.78034
0.00191602	97.7993	1.14732e-05	18.8673
0.00193897	65.2382	1.14732e-05	4.98807
0.00196192	54.1035	1.14732e-05	4.89129
0.00198486	46.9221	1.14732e-05	4.22596
0.00200781	41.9865	1.14732e-05	3.46836
0.00203076	46.2803	1.14732e-05	5.16564
0.0020537	30.0975	1.14732e-05	3.19015
0.00207665	34.2446	1.14732e-05	5.67243
0.00209959	24.1075	1.14732e-05	3.22222
0.00212254	19.6942	1.14732e-05	3.22907
0.00214549	21.3812	1.14732e-05	3.21019
0.00216843	11.6843	1.14732e-05	1.85575
0.00219138	12.1476	1.14732e-05	2.16552
0.00221433	15.3975	1.14732e-05	2.99527
0.00223727	13.7989	1.14732e-05	2.3854
0.00226022	9.77672	1.14732e-05	2.40091
0.00228317	8.22911	1.14732e-05	1.92757
0.00230611	5.07362	1.14732e-05	1.33339
0.00232906	4.3038	1.14732e-05	1.93596
0.002352	3.50398	1.14732e-05	1.33064
0.00237495	3.90952	1.14732e-05	1.35276
0.0023979	0.609042	1.14732e-05	0.609042
0.00242084	0.477527	1.14732e-05	0.477527
