1.21903e-05	344.89	1.21903e-05	10.4823
3.65709e-05	77.5527	1.21903e-05	4.11348
6.09516e-05	67.4356	1.21903e-05	4.04925
8.53322e-05	61.8041	1.21903e-05	4.16219
0.000109713	73.849	1.21903e-05	4.81614
0.000134093	69.7652	1.21903e-05	5.32902
0.000158474	87.5609	1.21903e-05	6.00474
0.000182855	95.771	1.21903e-05	6.60761
0.000207235	122.06	1.21903e-05	8.32231
0.000231616	113.616	1.21903e-05	5.35663
0.000255997	140.117	1.21903e-05	7.60273
0.000280377	159.626	1.21903e-05	6.18101
0.000304758	187.677	1.21903e-05	10.2895
0.000329139	196.765	1.21903e-05	7.10394
0.000353519	232.705	1.21903e-05	10.1416
0.0003779	261.144	1.21903e-05	10.541
0.00040228	282.137	1.21903e-05	9.08617
0.000426661	327.58	1.21903e-05	10.6406
0.000451042	348.289	1.21903e-05	10.1839
0.000475422	373.348	1.21903e-05	10.1021
0.000499803	406.111	1.21903e-05	12.8425
0.000524184	416.8	1.21903e-05	11.959
0.000548564	460.471	1.21903e-05	12.3202
0.000572945	510.541	1.21903e-05	14.8054
0.000597325	548.805	1.21903e-05	21.4589
0.000621706	559.962	1.21903e-05	14.5189
0.000646087	620.713	1.21903e-05	16.619
0.000670467	563.194	1.21903e-05	13.1943
0.000694848	678.666	1.21903e-05	17.5573
0.000719229	747.241	1.21903e-05	24.8301
0.000743609	769.83	1.21903e-05	60.6808
0.00076799	725.33	1.21903e-05	15.8011
0.000792371	806.028	1.21903e-05	22.8781
0.000816751	776.024	1.21903e-05	15.3708
0.000841132	788.947	1.21903e-05	18.0405
0.000865512	823.625	1.21903e-05	23.1082
0.000889893	836.791	1.21903e-05	20.7636
0.000914274	872.795	1.21903e-05	20.5201
0.000938654	857.86	1.21903e-05	20.0164
0.000963035	1158.15	1.21903e-05	205.154
0.000987416	884.359	1.21903e-05	17.4224
0.0010118	888.232	1.21903e-05	18.6155
0.00103618	886.219	1.21903e-05	17.8756
0.00106056	877.644	1.21903e-05	18.316
0.00108494	883.773	1.21903e-05	16.3772
0.00110932	859.113	1.21903e-05	21.202
0.0011337	849.983	1.21903e-05	19.7493
0.00115808	817.484	1.21903e-05	15.8348
0.00118246	814.476	1.21903e-05	20.1656
0.00120684	817.623	1.21903e-05	17.9731
0.00123122	847.816	1.21903e-05	27.8648
0.0012556	775.12	1.21903e-05	16.1844
0.00127998	797.698	1.21903e-05	22.9674
0.00130436	758.809	1.21903e-05	18.167
0.00132874	694.557	1.21903e-05	15.7089
0.00135313	681.218	1.21903e-05	16.8697
0.00137751	663.152	1.21903e-05	16.1903
0.00140189	657.776	1.21903e-05	22.6523
0.00142627	659.605	1.21903e-05	25.3368
0.00145065	610.054	1.21903e-05	16.721
0.00147503	579.687	1.21903e-05	15.3095
0.00149941	572.737	1.21903e-05	16.4278
0.00152379	483.767	1.21903e-05	12.077
0.00154817	455.695	1.21903e-05	12.3875
0.00157255	441.534	1.21903e-05	14.6836
0.00159693	432.362	1.21903e-05	11.8718
0.00162131	423.312	1.21903e-05	13.9624
0.00164569	375.719	1.21903e-05	13.5262
0.00167007	349.342	1.21903e-05	10.123
0.00169445	329.389	1.21903e-05	9.49323
0.00171883	301.464	1.21903e-05	12.6162
0.00174322	285.843	1.21903e-05	11.7003
0.0017676	260.764	1.21903e-05	8.98597
0.00179198	252.057	1.21903e-05	9.55889
0.00181636	233.861	1.21903e-05	11.7421
0.00184074	212.074	1.21903e-05	7.98911
0.00186512	199.92	1.21903e-05	8.59653
0.0018895	188.736	1.21903e-05	8.59839
0.00191388	155.2	1.21903e-05	7.47163
0.00193826	139.899	1.21903e-05	6.61657
0.00196264	120.013	1.21903e-05	5.87656
0.00198702	123.204	1.21903e-05	6.29261
0.0020114	101.766	1.21903e-05	5.58109
0.00203578	101.282	1.21903e-05	7.62921
0.00206016	87.8058	1.21903e-05	7.45797
0.00208454	75.9487	1.21903e-05	5.22055
0.00210892	64.6184	1.21903e-05	5.34844
0.00213331	62.424	1.21903e-05	7.07425
0.00215769	48.3015	1.21903e-05	3.83747
0.00218207	44.5274	1.21903e-05	3.4172
0.00220645	37.713	1.21903e-05	3.44251
0.00223083	33.5471	1.21903e-05	2.82035
0.00225521	34.1343	1.21903e-05	3.03707
0.00227959	25.3359	1.21903e-05	2.86273
0.00230397	26.7818	1.21903e-05	3.45568
0.00232835	16.2545	1.21903e-05	2.09362
0.00235273	14.6477	1.21903e-05	2.20369
0.00237711	11.2	1.21903e-05	1.59248
0.00240149	9.21745	1.21903e-05	1.26586
0.00242587	7.05305	1.21903e-05	1.07569
0.00245025	8.30785	1.21903e-05	1.89557
0.00247463	6.31157	1.21903e-05	1.29077
0.00249901	2.7448	1.21903e-05	0.728675
0.0025234	2.24048	1.21903e-05	0.632652
0.00254778	0.546032	1.21903e-05	0.31611
0.00257216	0.58755	1.21903e-05	0.349785
