1.16432e-05	309.564	1.16432e-05	9.91375
3.49297e-05	80.2319	1.16432e-05	5.17936
5.82162e-05	62.463	1.16432e-05	3.18276
8.15027e-05	69.8594	1.16432e-05	3.87966
0.000104789	103.84	1.16432e-05	17.9866
0.000128076	91.7839	1.16432e-05	4.60858
0.000151362	110.291	1.16432e-05	6.17317
0.000174649	131.302	1.16432e-05	5.22643
0.000197935	171.163	1.16432e-05	7.56875
0.000221222	193.506	1.16432e-05	9.67313
0.000244508	202.381	1.16432e-05	6.75408
0.000267795	256.379	1.16432e-05	11.3611
0.000291081	294.787	1.16432e-05	10.5184
0.000314368	329.027	1.16432e-05	10.2783
0.000337654	345.329	1.16432e-05	12.8702
0.00036094	377.687	1.16432e-05	12.3266
0.000384227	451.926	1.16432e-05	13.4883
0.000407513	438.975	1.16432e-05	10.6461
0.0004308	478.485	1.16432e-05	11.6302
0.000454086	537.429	1.16432e-05	13.545
0.000477373	572.647	1.16432e-05	19.6719
0.000500659	609.768	1.16432e-05	16.2222
0.000523946	609.129	1.16432e-05	14.3903
0.000547232	661.745	1.16432e-05	16.5387
0.000570519	725.76	1.16432e-05	20.7291
0.000593805	756.46	1.16432e-05	20.6866
0.000617092	776.538	1.16432e-05	18.6119
0.000640378	782.045	1.16432e-05	19.3033
0.000663665	798.121	1.16432e-05	17.3647
0.000686951	867.275	1.16432e-05	19.752
0.000710238	829.606	1.16432e-05	16.0808
0.000733524	838.578	1.16432e-05	17.4987
0.000756811	958.675	1.16432e-05	51.3995
0.000780097	938.214	1.16432e-05	30.2096
0.000803384	891.097	1.16432e-05	17.6157
0.00082667	897.309	1.16432e-05	19.4302
0.000849957	920.925	1.16432e-05	18.3012
0.000873243	916.911	1.16432e-05	18.7065
0.00089653	935.338	1.16432e-05	19.2618
0.000919816	935.632	1.16432e-05	22.4465
0.000943103	903.82	1.16432e-05	19.5798
0.000966389	886.871	1.16432e-05	21.0428
0.000989676	890.016	1.16432e-05	18.0447
0.00101296	877.977	1.16432e-05	32.5898
0.00103625	891.993	1.16432e-05	21.5018
0.00105954	827.182	1.16432e-05	17.6125
0.00108282	851.491	1.16432e-05	21.7046
0.00110611	858.67	1.16432e-05	25.0394
0.00112939	820.907	1.16432e-05	23.2646
0.00115268	815.576	1.16432e-05	18.6274
0.00117597	753.578	1.16432e-05	18.98
0.00119925	716.296	1.16432e-05	16.0549
0.00122254	683.244	1.16432e-05	16.7769
0.00124583	650.737	1.16432e-05	14.3222
0.00126911	662.758	1.16432e-05	21.4911
0.0012924	611.084	1.16432e-05	15.4165
0.00131569	623.037	1.16432e-05	19.5981
0.00133897	602.031	1.16432e-05	20.7678
0.00136226	536.303	1.16432e-05	13.8962
0.00138555	518.239	1.16432e-05	16.8571
0.00140883	497.274	1.16432e-05	14.7546
0.00143212	478.677	1.16432e-05	16.4814
0.00145541	443.609	1.16432e-05	15.1966
0.00147869	441.205	1.16432e-05	13.9496
0.00150198	420.472	1.16432e-05	17.3874
0.00152526	402.153	1.16432e-05	15.5307
0.00154855	371.205	1.16432e-05	12.905
0.00157184	325.349	1.16432e-05	13.2291
0.00159512	284.885	1.16432e-05	11.5711
0.00161841	284.833	1.16432e-05	10.338
0.0016417	263.626	1.16432e-05	11.1717
0.00166498	234.904	1.16432e-05	9.35268
0.00168827	220.17	1.16432e-05	9.83836
0.00171156	214.37	1.16432e-05	17.1126
0.00173484	201.762	1.16432e-05	10.2868
0.00175813	195.912	1.16432e-05	11.7701
0.00178142	156.89	1.16432e-05	8.6148
0.0018047	126.721	1.16432e-05	7.43634
0.00182799	127.516	1.16432e-05	7.15646
0.00185128	111.734	1.16432e-05	7.88667
0.00187456	100.892	1.16432e-05	5.98341
0.00189785	105.807	1.16432e-05	7.53668
0.00192113	83.6481	1.16432e-05	5.64278
0.00194442	95.4727	1.16432e-05	8.84282
0.00196771	74.5819	1.16432e-05	5.99299
0.00199099	54.3468	1.16432e-05	5.08117
0.00201428	61.7553	1.16432e-05	6.12072
0.00203757	47.0298	1.16432e-05	4.91888
0.00206085	47.0086	1.16432e-05	4.37148
0.00208414	38.1353	1.16432e-05	4.64998
0.00210743	38.6627	1.16432e-05	4.52152
0.00213071	21.7728	1.16432e-05	2.80502
0.002154	26.7595	1.16432e-05	4.4901
0.00217729	16.3547	1.16432e-05	2.54444
0.00220057	18.0327	1.16432e-05	2.86196
0.00222386	15.929	1.16432e-05	2.9712
0.00224715	11.1523	1.16432e-05	2.05503
0.00227043	11.1828	1.16432e-05	2.11638
0.00229372	8.42299	1.16432e-05	1.74136
0.00231701	3.66589	1.16432e-05	0.944143
0.00234029	7.64666	1.16432e-05	2.38656
0.00236358	4.23288	1.16432e-05	1.40545
0.00238686	2.18144	1.16432e-05	0.903498
0.00241015	2.37867	1.16432e-05	0.993996
0.00243344	2.32566	1.16432e-05	1.05424
0.00245672	0.725406	1.16432e-05	0.725406
