0	1127.26	7.37436e-06	3.77498
1.47487e-05	1127.12	7.37436e-06	3.76451
2.94974e-05	1126.47	7.37436e-06	3.73501
4.42462e-05	1125.49	7.37436e-06	3.71037
5.89949e-05	1124.21	7.37436e-06	3.68846
7.37436e-05	1122.01	7.37436e-06	3.64681
8.84923e-05	1119.57	7.37436e-06	3.61263
0.000103241	1117.22	7.37436e-06	3.59045
0.00011799	1114.23	7.37436e-06	3.56186
0.000132738	1110.54	7.37436e-06	3.52619
0.000147487	1106.79	7.37436e-06	3.4977
0.000162236	1102.64	7.37436e-06	3.47079
0.000176985	1097.33	7.37436e-06	3.42421
0.000191733	1091.95	7.37436e-06	3.38556
0.000206482	1085.44	7.37436e-06	3.30162
0.000221231	1079.74	7.37436e-06	3.27253
0.00023598	1073.53	7.37436e-06	3.24012
0.000250728	1067.09	7.37436e-06	3.21024
0.000265477	1060.22	7.37436e-06	3.17844
0.000280226	1052.87	7.37436e-06	3.14556
0.000294974	1045.05	7.37436e-06	3.111
0.000309723	1037.03	7.37436e-06	3.07867
0.000324472	1028.22	7.37436e-06	3.04034
0.000339221	1019.86	7.37436e-06	3.01089
0.000353969	1010.61	7.37436e-06	2.97205
0.000368718	1001.21	7.37436e-06	2.93837
0.000383467	991.338	7.37436e-06	2.90393
0.000398215	981.485	7.37436e-06	2.8724
0.000412964	971.441	7.37436e-06	2.84229
0.000427713	959.658	7.37436e-06	2.78523
0.000442462	948.854	7.37436e-06	2.75266
0.00045721	937.778	7.37436e-06	2.71975
0.000471959	925.878	7.37436e-06	2.6837
0.000486708	913.836	7.37436e-06	2.64224
0.000501457	901.874	7.37436e-06	2.60924
0.000516205	889.388	7.37436e-06	2.57371
0.000530954	876.534	7.37436e-06	2.53634
0.000545703	862.963	7.37436e-06	2.48519
0.000560451	850.081	7.37436e-06	2.44862
0.0005752	836.446	7.37436e-06	2.41126
0.000589949	822.533	7.37436e-06	2.36465
0.000604698	809.354	7.37436e-06	2.33324
0.000619446	795.557	7.37436e-06	2.29909
0.000634195	781.284	7.37436e-06	2.25073
0.000648944	767.146	7.37436e-06	2.21413
0.000663692	753.086	7.37436e-06	2.18093
0.000678441	738.615	7.37436e-06	2.14067
0.00069319	723.651	7.37436e-06	2.08253
0.000707939	709.133	7.37436e-06	2.04747
0.000722687	694.271	7.37436e-06	1.99357
0.000737436	679.482	7.37436e-06	1.95787
0.000752185	665.2	7.37436e-06	1.92598
0.000766934	650.202	7.37436e-06	1.88101
0.000781682	635.59	7.37436e-06	1.84586
0.000796431	620.047	7.37436e-06	1.79791
0.00081118	605.164	7.37436e-06	1.76302
0.000825928	590.376	7.37436e-06	1.72221
0.000840677	575.305	7.37436e-06	1.67948
0.000855426	560.307	7.37436e-06	1.62858
0.000870175	545.737	7.37436e-06	1.59324
0.000884923	531.437	7.37436e-06	1.55937
0.000899672	517.635	7.37436e-06	1.53253
0.000914421	503.561	7.37436e-06	1.50312
0.000929169	489.751	7.37436e-06	1.47273
0.000943918	475.505	7.37436e-06	1.43191
0.000958667	461.928	7.37436e-06	1.40559
0.000973416	447.756	7.37436e-06	1.34165
0.000988164	433.806	7.37436e-06	1.29645
0.00100291	420.133	7.37436e-06	1.25503
0.00101766	407.177	7.37436e-06	1.22868
0.00103241	394.007	7.37436e-06	1.19526
0.00104716	380.919	7.37436e-06	1.15757
0.00106191	368.036	7.37436e-06	1.12181
0.00107666	355.625	7.37436e-06	1.09312
0.00109141	343.88	7.37436e-06	1.07107
0.00110615	331.872	7.37436e-06	1.04752
0.0011209	320.289	7.37436e-06	1.0254
0.00113565	308.698	7.37436e-06	0.99942
0.0011504	297.613	7.37436e-06	0.977445
0.00116515	286.341	7.37436e-06	0.94699
0.0011799	275.587	7.37436e-06	0.926173
0.00119465	264.932	7.37436e-06	0.897946
0.0012094	254.5	7.37436e-06	0.872431
0.00122414	244.468	7.37436e-06	0.851573
0.00123889	234.742	7.37436e-06	0.831825
0.00125364	224.838	7.37436e-06	0.806371
0.00126839	215.321	7.37436e-06	0.782163
0.00128314	206.213	7.37436e-06	0.759891
0.00129789	197.49	7.37436e-06	0.742632
0.00131264	188.725	7.37436e-06	0.721636
0.00132738	180.368	7.37436e-06	0.704612
0.00134213	172.463	7.37436e-06	0.688757
0.00135688	164.385	7.37436e-06	0.64711
0.00137163	156.988	7.37436e-06	0.631737
0.00138638	149.549	7.37436e-06	0.615736
0.00140113	142.561	7.37436e-06	0.602109
0.00141588	135.504	7.37436e-06	0.582911
0.00143063	128.891	7.37436e-06	0.56749
0.00144537	122.396	7.37436e-06	0.547322
0.00146012	116.436	7.37436e-06	0.535486
0.00147487	110.439	7.37436e-06	0.52206
0.00148962	104.813	7.37436e-06	0.509297
0.00150437	99.2888	7.37436e-06	0.493509
0.00151912	94.0978	7.37436e-06	0.47143
0.00153387	89.087	7.37436e-06	0.46038
0.00154862	84.2212	7.37436e-06	0.448325
0.00156336	79.4573	7.37436e-06	0.435905
0.00157811	74.9836	7.37436e-06	0.42458
0.00159286	70.7286	7.37436e-06	0.414258
0.00160761	66.6245	7.37436e-06	0.399767
0.00162236	62.9077	7.37436e-06	0.39031
0.00163711	59.1473	7.37436e-06	0.379842
0.00165186	55.6535	7.37436e-06	0.368032
0.00166661	52.2087	7.37436e-06	0.352782
0.00168135	48.8648	7.37436e-06	0.327484
0.0016961	45.9862	7.37436e-06	0.319844
0.00171085	42.861	7.37436e-06	0.305114
0.0017256	40.2182	7.37436e-06	0.298022
0.00174035	37.665	7.37436e-06	0.289043
0.0017551	35.2696	7.37436e-06	0.27976
0.00176985	32.9385	7.37436e-06	0.271669
0.0017846	30.7543	7.37436e-06	0.265505
0.00179934	28.676	7.37436e-06	0.258086
0.00181409	26.6713	7.37436e-06	0.250951
0.00182884	24.8357	7.37436e-06	0.243005
0.00184359	23.2308	7.37436e-06	0.238225
0.00185834	21.3919	7.37436e-06	0.200188
0.00187309	19.878	7.37436e-06	0.194118
0.00188784	18.3931	7.37436e-06	0.186812
0.00190259	17.0667	7.37436e-06	0.181839
0.00191733	15.7839	7.37436e-06	0.175421
0.00193208	14.643	7.37436e-06	0.171379
0.00194683	13.5077	7.37436e-06	0.166129
0.00196158	12.401	7.37436e-06	0.159851
0.00197633	11.2669	7.37436e-06	0.143371
0.00199108	10.2891	7.37436e-06	0.137545
0.00200583	9.46565	7.37436e-06	0.133162
0.00202057	8.70479	7.37436e-06	0.128866
0.00203532	7.94795	7.37436e-06	0.124831
0.00205007	7.26081	7.37436e-06	0.121809
0.00206482	6.58544	7.37436e-06	0.114612
0.00207957	6.01323	7.37436e-06	0.111573
0.00209432	5.47432	7.37436e-06	0.108815
0.00210907	4.9931	7.37436e-06	0.106069
0.00212382	4.51782	7.37436e-06	0.10301
0.00213856	4.12229	7.37436e-06	0.0996426
0.00215331	3.61129	7.37436e-06	0.0739124
0.00216806	3.25783	7.37436e-06	0.0710333
0.00218281	2.92751	7.37436e-06	0.0687538
0.00219756	2.62903	7.37436e-06	0.0649891
0.00221231	2.32657	7.37436e-06	0.0568441
0.00222706	2.05643	7.37436e-06	0.0535858
0.00224181	1.81106	7.37436e-06	0.0504751
0.00225655	1.58575	7.37436e-06	0.0474635
0.0022713	1.40364	7.37436e-06	0.0457357
0.00228605	1.23618	7.37436e-06	0.0432511
0.0023008	1.06754	7.37436e-06	0.0407626
0.00231555	0.934724	7.37436e-06	0.0391696
0.0023303	0.796495	7.37436e-06	0.0365448
0.00234505	0.674163	7.37436e-06	0.034341
0.0023598	0.585259	7.37436e-06	0.0330489
0.00237454	0.505853	7.37436e-06	0.0317518
0.00238929	0.417789	7.37436e-06	0.0297079
0.00240404	0.322549	7.37436e-06	0.0235806
0.00241879	0.259522	7.37436e-06	0.022102
0.00243354	0.208227	7.37436e-06	0.0205823
0.00244829	0.162665	7.37436e-06	0.0162588
0.00246304	0.124571	7.37436e-06	0.0151393
0.00247779	0.0928973	7.37436e-06	0.0142443
0.00249253	0.0595829	7.37436e-06	0.0107475
0.00250728	0.0450947	7.37436e-06	0.0101864
0.00252203	0.0299902	7.37436e-06	0.00509791
0.00253678	0.0176224	7.37436e-06	0.00383249
0.00255153	0.0121459	7.37436e-06	0.00332956
0.00256628	0.00649034	7.37436e-06	0.00267054
