0	1123.3	7.36783e-06	3.86269
1.47357e-05	1123.16	7.36783e-06	3.84986
2.94713e-05	1122.54	7.36783e-06	3.82276
4.4207e-05	1121.77	7.36783e-06	3.80804
5.89426e-05	1120.52	7.36783e-06	3.78723
7.36783e-05	1118.86	7.36783e-06	3.76508
8.8414e-05	1116.86	7.36783e-06	3.74358
0.00010315	1114.23	7.36783e-06	3.71532
0.000117885	1111.16	7.36783e-06	3.68398
0.000132621	1107.77	7.36783e-06	3.65668
0.000147357	1103.37	7.36783e-06	3.60906
0.000162092	1099.26	7.36783e-06	3.58216
0.000176828	1094.16	7.36783e-06	3.54561
0.000191564	1089.44	7.36783e-06	3.52013
0.000206299	1084.22	7.36783e-06	3.4927
0.000221035	1078.17	7.36783e-06	3.45548
0.000235771	1072.07	7.36783e-06	3.42647
0.000250506	1065.55	7.36783e-06	3.39706
0.000265242	1058.1	7.36783e-06	3.31911
0.000279978	1051	7.36783e-06	3.28949
0.000294713	1043.46	7.36783e-06	3.25889
0.000309449	1035.1	7.36783e-06	3.22418
0.000324185	1026.93	7.36783e-06	3.1935
0.00033892	1018.04	7.36783e-06	3.15937
0.000353656	1008.91	7.36783e-06	3.12556
0.000368392	999.374	7.36783e-06	3.09341
0.000383127	989.05	7.36783e-06	3.04289
0.000397863	979.239	7.36783e-06	3.00823
0.000412598	968.752	7.36783e-06	2.97378
0.000427334	957.811	7.36783e-06	2.92196
0.00044207	946.818	7.36783e-06	2.88892
0.000456805	935.772	7.36783e-06	2.85669
0.000471541	923.82	7.36783e-06	2.81945
0.000486277	912.347	7.36783e-06	2.78809
0.000501012	900.049	7.36783e-06	2.7528
0.000515748	887.254	7.36783e-06	2.7127
0.000530484	874.784	7.36783e-06	2.67934
0.000545219	861.96	7.36783e-06	2.64608
0.000559955	849.261	7.36783e-06	2.61496
0.000574691	835.654	7.36783e-06	2.57594
0.000589426	822.413	7.36783e-06	2.5445
0.000604162	808.393	7.36783e-06	2.50809
0.000618898	794.439	7.36783e-06	2.47228
0.000633633	780.785	7.36783e-06	2.44288
0.000648369	766.881	7.36783e-06	2.41152
0.000663105	753.021	7.36783e-06	2.38203
0.00067784	738.705	7.36783e-06	2.34885
0.000692576	724.51	7.36783e-06	2.31916
0.000707312	710.141	7.36783e-06	2.28789
0.000722047	695.899	7.36783e-06	2.25938
0.000736783	681.349	7.36783e-06	2.23001
0.000751519	666.645	7.36783e-06	2.19303
0.000766254	652.163	7.36783e-06	2.16583
0.00078099	637.672	7.36783e-06	2.13208
0.000795726	622.953	7.36783e-06	2.10464
0.000810461	607.459	7.36783e-06	2.04153
0.000825197	593.592	7.36783e-06	2.01646
0.000839933	579.174	7.36783e-06	1.98983
0.000854668	564.713	7.36783e-06	1.96137
0.000869404	550.346	7.36783e-06	1.93551
0.00088414	535.687	7.36783e-06	1.89979
0.000898875	521.567	7.36783e-06	1.87544
0.000913611	507.309	7.36783e-06	1.85026
0.000928347	493.456	7.36783e-06	1.82757
0.000943082	479.559	7.36783e-06	1.80309
0.000957818	465.745	7.36783e-06	1.77733
0.000972554	451.958	7.36783e-06	1.75338
0.000987289	438.684	7.36783e-06	1.73288
0.00100202	424.703	7.36783e-06	1.6886
0.00101676	411.551	7.36783e-06	1.66735
0.0010315	398.175	7.36783e-06	1.64056
0.00104623	385.425	7.36783e-06	1.6218
0.00106097	371.144	7.36783e-06	1.15634
0.0010757	358.919	7.36783e-06	1.13334
0.00109044	346.663	7.36783e-06	1.10664
0.00110517	334.731	7.36783e-06	1.08278
0.00111991	322.669	7.36783e-06	1.05151
0.00113465	310.59	7.36783e-06	1.01279
0.00114938	299.438	7.36783e-06	0.992087
0.00116412	288.336	7.36783e-06	0.970636
0.00117885	277.754	7.36783e-06	0.949651
0.00119359	266.956	7.36783e-06	0.927394
0.00120832	256.457	7.36783e-06	0.906462
0.00122306	246.306	7.36783e-06	0.883906
0.0012378	236.444	7.36783e-06	0.859713
0.00125253	226.798	7.36783e-06	0.841411
0.00126727	217.297	7.36783e-06	0.820801
0.001282	207.924	7.36783e-06	0.798575
0.00129674	199.138	7.36783e-06	0.782604
0.00131147	190.697	7.36783e-06	0.766195
0.00132621	182.389	7.36783e-06	0.75003
0.00134095	174.149	7.36783e-06	0.730855
0.00135568	165.907	7.36783e-06	0.666932
0.00137042	157.723	7.36783e-06	0.605764
0.00138515	150.447	7.36783e-06	0.591369
0.00139989	143.126	7.36783e-06	0.574144
0.00141462	136.339	7.36783e-06	0.557597
0.00142936	129.904	7.36783e-06	0.545326
0.00144409	123.563	7.36783e-06	0.531826
0.00145883	117.372	7.36783e-06	0.517515
0.00147357	111.475	7.36783e-06	0.505287
0.0014883	105.92	7.36783e-06	0.49498
0.00150304	100.132	7.36783e-06	0.466284
0.00151777	94.9276	7.36783e-06	0.45629
0.00153251	89.7054	7.36783e-06	0.415292
0.00154724	84.942	7.36783e-06	0.402249
0.00156198	80.3297	7.36783e-06	0.391458
0.00157672	75.824	7.36783e-06	0.376987
0.00159145	71.5722	7.36783e-06	0.367326
0.00160619	67.4043	7.36783e-06	0.34821
0.00162092	63.5395	7.36783e-06	0.339037
0.00163566	59.9302	7.36783e-06	0.328506
0.00165039	56.425	7.36783e-06	0.319498
0.00166513	53.0136	7.36783e-06	0.310889
0.00167987	49.5891	7.36783e-06	0.288098
0.0016946	46.4379	7.36783e-06	0.274722
0.00170934	43.5168	7.36783e-06	0.266365
0.00172407	40.8137	7.36783e-06	0.256908
0.00173881	38.047	7.36783e-06	0.246027
0.00175354	35.622	7.36783e-06	0.235706
0.00176828	33.3586	7.36783e-06	0.229372
0.00178301	31.0416	7.36783e-06	0.221518
0.00179775	28.7996	7.36783e-06	0.207886
0.00181249	26.9682	7.36783e-06	0.202889
0.00182722	25.0466	7.36783e-06	0.196001
0.00184196	23.307	7.36783e-06	0.189126
0.00185669	21.6102	7.36783e-06	0.182405
0.00187143	19.929	7.36783e-06	0.168737
0.00188616	18.4405	7.36783e-06	0.162152
0.0019009	17.0025	7.36783e-06	0.153213
0.00191564	15.7451	7.36783e-06	0.147819
0.00193037	14.5642	7.36783e-06	0.141089
0.00194511	13.4961	7.36783e-06	0.136201
0.00195984	12.4351	7.36783e-06	0.130571
0.00197458	11.4733	7.36783e-06	0.126545
0.00198931	10.5328	7.36783e-06	0.121947
0.00200405	9.70092	7.36783e-06	0.11711
0.00201879	8.88455	7.36783e-06	0.109579
0.00203352	8.14488	7.36783e-06	0.105239
0.00204826	7.46093	7.36783e-06	0.100367
0.00206299	6.69492	7.36783e-06	0.08695
0.00207773	6.14302	7.36783e-06	0.0843068
0.00209246	5.59466	7.36783e-06	0.0803934
0.0021072	5.09233	7.36783e-06	0.0776166
0.00212194	4.63316	7.36783e-06	0.0750047
0.00213667	4.23263	7.36783e-06	0.0730835
0.00215141	3.84475	7.36783e-06	0.0707075
0.00216614	3.44304	7.36783e-06	0.0650713
0.00218088	3.06965	7.36783e-06	0.0600476
0.00219561	2.73381	7.36783e-06	0.0502643
0.00221035	2.42707	7.36783e-06	0.0461962
0.00222508	2.13396	7.36783e-06	0.0425579
0.00223982	1.87531	7.36783e-06	0.0395285
0.00225456	1.63863	7.36783e-06	0.0347647
0.00226929	1.45139	7.36783e-06	0.0324507
0.00228403	1.25533	7.36783e-06	0.0287666
0.00229876	1.10197	7.36783e-06	0.0269963
0.0023135	0.965413	7.36783e-06	0.0252419
0.00232823	0.834551	7.36783e-06	0.0230126
0.00234297	0.716365	7.36783e-06	0.0214224
0.00235771	0.605202	7.36783e-06	0.019719
0.00237244	0.515172	7.36783e-06	0.0179453
0.00238718	0.436769	7.36783e-06	0.0165507
0.00240191	0.360935	7.36783e-06	0.0143282
0.00241665	0.297788	7.36783e-06	0.0131071
0.00243138	0.240022	7.36783e-06	0.0119125
0.00244612	0.186623	7.36783e-06	0.00969812
0.00246086	0.141887	7.36783e-06	0.00811336
0.00247559	0.106477	7.36783e-06	0.00698203
0.00249033	0.0811207	7.36783e-06	0.00612233
0.00250506	0.0591447	7.36783e-06	0.00515634
0.0025198	0.0380123	7.36783e-06	0.00414558
0.00253453	0.0219732	7.36783e-06	0.00303884
0.00254927	0.0125131	7.36783e-06	0.00230803
0.002564	0.00327023	7.36783e-06	0.0011703
