0	1124.77	7.36254e-06	4.72478
1.47251e-05	1123.66	7.36254e-06	4.06038
2.94501e-05	1123.48	7.36254e-06	4.05809
4.41752e-05	1122.14	7.36254e-06	4.0104
5.89003e-05	1120.89	7.36254e-06	3.99036
7.36254e-05	1118.63	7.36254e-06	3.936
8.83504e-05	1116.54	7.36254e-06	3.91168
0.000103076	1113.89	7.36254e-06	3.88421
0.000117801	1110.81	7.36254e-06	3.85675
0.000132526	1107.42	7.36254e-06	3.82772
0.000147251	1103.55	7.36254e-06	3.79923
0.000161976	1099.51	7.36254e-06	3.77469
0.000176701	1094.81	7.36254e-06	3.74477
0.000191426	1090.09	7.36254e-06	3.72046
0.000206151	1084.6	7.36254e-06	3.68956
0.000220876	1078.2	7.36254e-06	3.64649
0.000235601	1071.76	7.36254e-06	3.61599
0.000250326	1065.13	7.36254e-06	3.5871
0.000265051	1057.95	7.36254e-06	3.5548
0.000279776	1050.58	7.36254e-06	3.52316
0.000294501	1042.7	7.36254e-06	3.48818
0.000309227	1035.02	7.36254e-06	3.46133
0.000323952	1026.85	7.36254e-06	3.43378
0.000338677	1017.66	7.36254e-06	3.39059
0.000353402	1008.5	7.36254e-06	3.3576
0.000368127	999.408	7.36254e-06	3.33052
0.000382852	989.558	7.36254e-06	3.29614
0.000397577	979.473	7.36254e-06	3.26637
0.000412302	969.757	7.36254e-06	3.24143
0.000427027	958.97	7.36254e-06	3.20799
0.000441752	948.535	7.36254e-06	3.18195
0.000456477	937.238	7.36254e-06	3.1513
0.000471202	925.422	7.36254e-06	3.09697
0.000485927	913.505	7.36254e-06	3.06075
0.000500653	902.2	7.36254e-06	3.03519
0.000515378	889.996	7.36254e-06	3.00572
0.000530103	877.607	7.36254e-06	2.97616
0.000544828	864.242	7.36254e-06	2.93842
0.000559553	851.008	7.36254e-06	2.90221
0.000574278	837.934	7.36254e-06	2.85995
0.000589003	824.696	7.36254e-06	2.83029
0.000603728	811.256	7.36254e-06	2.8029
0.000618453	797.725	7.36254e-06	2.76912
0.000633178	783.668	7.36254e-06	2.73928
0.000647903	769.805	7.36254e-06	2.70649
0.000662628	755.618	7.36254e-06	2.67837
0.000677353	740.868	7.36254e-06	2.63002
0.000692078	726.478	7.36254e-06	2.60213
0.000706804	712.131	7.36254e-06	2.57259
0.000721529	697.647	7.36254e-06	2.54575
0.000736254	683.71	7.36254e-06	2.52216
0.000750979	669.422	7.36254e-06	2.49732
0.000765704	655.114	7.36254e-06	2.47286
0.000780429	640.489	7.36254e-06	2.44251
0.000795154	625.512	7.36254e-06	2.38543
0.000809879	608.703	7.36254e-06	2.08133
0.000824604	593.179	7.36254e-06	2.00956
0.000839329	578.756	7.36254e-06	1.98155
0.000854054	564.294	7.36254e-06	1.95536
0.000868779	550.166	7.36254e-06	1.93141
0.000883504	535.668	7.36254e-06	1.89854
0.000898229	521.931	7.36254e-06	1.87319
0.000912955	506.42	7.36254e-06	1.54132
0.00092768	491.299	7.36254e-06	1.40099
0.000942405	477.246	7.36254e-06	1.3642
0.00095713	463.132	7.36254e-06	1.32861
0.000971855	449.388	7.36254e-06	1.29769
0.00098658	436.092	7.36254e-06	1.27093
0.00100131	422.737	7.36254e-06	1.23919
0.00101603	408.903	7.36254e-06	1.18921
0.00103076	396.041	7.36254e-06	1.16076
0.00104548	383.258	7.36254e-06	1.13231
0.00106021	370.575	7.36254e-06	1.10538
0.00107493	358.061	7.36254e-06	1.05576
0.00108966	346.016	7.36254e-06	1.03204
0.00110438	333.912	7.36254e-06	0.997414
0.00111911	322.3	7.36254e-06	0.972878
0.00113383	310.865	7.36254e-06	0.948846
0.00114856	299.626	7.36254e-06	0.926959
0.00116328	288.431	7.36254e-06	0.901897
0.00117801	277.588	7.36254e-06	0.877792
0.00119273	266.971	7.36254e-06	0.854615
0.00120746	256.65	7.36254e-06	0.833157
0.00122218	246.512	7.36254e-06	0.811849
0.00123691	236.707	7.36254e-06	0.787727
0.00125163	226.992	7.36254e-06	0.764485
0.00126636	217.542	7.36254e-06	0.74298
0.00128108	208.266	7.36254e-06	0.721241
0.00129581	199.442	7.36254e-06	0.704238
0.00131053	190.925	7.36254e-06	0.686875
0.00132526	182.31	7.36254e-06	0.663301
0.00133998	174.094	7.36254e-06	0.642468
0.00135471	166.138	7.36254e-06	0.61684
0.00136943	158.768	7.36254e-06	0.602993
0.00138416	151.346	7.36254e-06	0.587844
0.00139888	144	7.36254e-06	0.554452
0.00141361	137.148	7.36254e-06	0.537404
0.00142833	130.528	7.36254e-06	0.523351
0.00144306	124.257	7.36254e-06	0.511339
0.00145778	118.126	7.36254e-06	0.496631
0.00147251	112.045	7.36254e-06	0.482419
0.00148723	106.217	7.36254e-06	0.468257
0.00150196	100.443	7.36254e-06	0.445388
0.00151668	94.956	7.36254e-06	0.427546
0.00153141	89.7936	7.36254e-06	0.41218
0.00154613	84.8721	7.36254e-06	0.393223
0.00156086	80.2913	7.36254e-06	0.383186
0.00157558	75.9083	7.36254e-06	0.372031
0.00159031	71.563	7.36254e-06	0.360083
0.00160503	67.4567	7.36254e-06	0.349583
0.00161976	63.5184	7.36254e-06	0.337553
0.00163448	59.7021	7.36254e-06	0.314393
0.00164921	56.2027	7.36254e-06	0.303952
0.00166393	52.8995	7.36254e-06	0.296113
0.00167866	49.708	7.36254e-06	0.285867
0.00169338	46.6237	7.36254e-06	0.275812
0.00170811	43.7347	7.36254e-06	0.26496
0.00172283	41.0715	7.36254e-06	0.257247
0.00173756	38.4511	7.36254e-06	0.242447
0.00175228	35.8754	7.36254e-06	0.228625
0.00176701	33.4255	7.36254e-06	0.213853
0.00178173	31.2171	7.36254e-06	0.206657
0.00179646	29.0386	7.36254e-06	0.198708
0.00181118	27.0466	7.36254e-06	0.191452
0.00182591	25.1635	7.36254e-06	0.184202
0.00184063	23.278	7.36254e-06	0.172543
0.00185536	21.6334	7.36254e-06	0.164703
0.00187008	20.097	7.36254e-06	0.159004
0.00188481	18.5865	7.36254e-06	0.150127
0.00189953	17.1959	7.36254e-06	0.144712
0.00191426	15.9434	7.36254e-06	0.138047
0.00192898	14.6236	7.36254e-06	0.127363
0.00194371	13.4608	7.36254e-06	0.122805
0.00195843	12.4133	7.36254e-06	0.118142
0.00197316	11.3908	7.36254e-06	0.110907
0.00198788	10.4531	7.36254e-06	0.106636
0.00200261	9.63859	7.36254e-06	0.103019
0.00201734	8.85482	7.36254e-06	0.0994161
0.00203206	8.11395	7.36254e-06	0.0948211
0.00204679	7.42806	7.36254e-06	0.0900142
0.00206151	6.7965	7.36254e-06	0.0872489
0.00207624	6.18255	7.36254e-06	0.0819304
0.00209096	5.60361	7.36254e-06	0.0758005
0.00210569	5.10739	7.36254e-06	0.0731277
0.00212041	4.64158	7.36254e-06	0.0700838
0.00213514	4.19223	7.36254e-06	0.0670383
0.00214986	3.78782	7.36254e-06	0.0644659
0.00216459	3.41694	7.36254e-06	0.0613924
0.00217931	3.05571	7.36254e-06	0.0577139
0.00219404	2.75555	7.36254e-06	0.0558559
0.00220876	2.46204	7.36254e-06	0.0535906
0.00222349	2.19873	7.36254e-06	0.0514624
0.00223821	1.93915	7.36254e-06	0.0485072
0.00225294	1.72286	7.36254e-06	0.046462
0.00226766	1.52219	7.36254e-06	0.044062
0.00228239	1.33814	7.36254e-06	0.0331736
0.00229711	1.16997	7.36254e-06	0.0299537
0.00231184	1.01773	7.36254e-06	0.0276073
0.00232656	0.892967	7.36254e-06	0.0260863
0.00234129	0.783849	7.36254e-06	0.0248066
0.00235601	0.669605	7.36254e-06	0.022848
0.00237074	0.572518	7.36254e-06	0.0209681
0.00238546	0.480014	7.36254e-06	0.0181769
0.00240019	0.39095	7.36254e-06	0.0148858
0.00241491	0.32817	7.36254e-06	0.0136081
0.00242964	0.266844	7.36254e-06	0.012354
0.00244436	0.202236	7.36254e-06	0.010386
0.00245909	0.153083	7.36254e-06	0.00881109
0.00247381	0.120194	7.36254e-06	0.00780718
0.00248854	0.089144	7.36254e-06	0.00663455
0.00250326	0.0613741	7.36254e-06	0.00537557
0.00251799	0.0416624	7.36254e-06	0.00441883
0.00253271	0.0246818	7.36254e-06	0.00323736
0.00254744	0.0125911	7.36254e-06	0.00224427
0.00256216	0.00390418	7.36254e-06	0.00124853
0.00257689	0.00036546	7.36254e-06	0.000365466
