0	1124.44	7.36264e-06	3.85407
1.47253e-05	1124.23	7.36264e-06	3.82883
2.94506e-05	1123.68	7.36264e-06	3.80495
4.41758e-05	1122.98	7.36264e-06	3.79107
5.89011e-05	1121.63	7.36264e-06	3.76583
7.36264e-05	1119.06	7.36264e-06	3.64356
8.83517e-05	1116.86	7.36264e-06	3.6131
0.000103077	1114.03	7.36264e-06	3.57595
0.000117802	1110.95	7.36264e-06	3.54166
0.000132527	1107.91	7.36264e-06	3.51722
0.000147253	1104.56	7.36264e-06	3.49312
0.000161978	1099.76	7.36264e-06	3.43617
0.000176703	1095.3	7.36264e-06	3.40722
0.000191429	1090.21	7.36264e-06	3.366
0.000206154	1084.83	7.36264e-06	3.32964
0.000220879	1078.54	7.36264e-06	3.28768
0.000235604	1072.21	7.36264e-06	3.24008
0.00025033	1065.49	7.36264e-06	3.2032
0.000265055	1058.93	7.36264e-06	3.17092
0.00027978	1051.46	7.36264e-06	3.13389
0.000294506	1043.6	7.36264e-06	3.09105
0.000309231	1035.48	7.36264e-06	3.05427
0.000323956	1026.83	7.36264e-06	3.01643
0.000338681	1018.02	7.36264e-06	2.96823
0.000353407	1009.15	7.36264e-06	2.93407
0.000368132	998.964	7.36264e-06	2.86245
0.000382857	989.286	7.36264e-06	2.82755
0.000397582	979.312	7.36264e-06	2.78998
0.000412308	969.045	7.36264e-06	2.75514
0.000427033	958.34	7.36264e-06	2.71544
0.000441758	947.654	7.36264e-06	2.68025
0.000456484	936.325	7.36264e-06	2.63349
0.000471209	924.094	7.36264e-06	2.57814
0.000485934	912.095	7.36264e-06	2.53895
0.000500659	900.135	7.36264e-06	2.50103
0.000515385	887.869	7.36264e-06	2.46303
0.00053011	875.471	7.36264e-06	2.42555
0.000544835	863.14	7.36264e-06	2.38921
0.000559561	850.898	7.36264e-06	2.35447
0.000574286	837.876	7.36264e-06	2.31868
0.000589011	824.537	7.36264e-06	2.28247
0.000603736	810.777	7.36264e-06	2.23077
0.000618462	797.098	7.36264e-06	2.19166
0.000633187	782.001	7.36264e-06	2.01024
0.000647912	767.605	7.36264e-06	1.96184
0.000662637	753.642	7.36264e-06	1.92631
0.000677363	739.586	7.36264e-06	1.89063
0.000692088	725.071	7.36264e-06	1.85161
0.000706813	710.712	7.36264e-06	1.81269
0.000721539	696.833	7.36264e-06	1.77839
0.000736264	682.326	7.36264e-06	1.74219
0.000750989	668.142	7.36264e-06	1.71028
0.000765714	653.442	7.36264e-06	1.67454
0.00078044	638.835	7.36264e-06	1.64078
0.000795165	623.539	7.36264e-06	1.52904
0.00080989	608.65	7.36264e-06	1.49092
0.000824616	594.02	7.36264e-06	1.45432
0.000839341	579.66	7.36264e-06	1.42153
0.000854066	565.006	7.36264e-06	1.38564
0.000868791	550.34	7.36264e-06	1.33776
0.000883517	535.759	7.36264e-06	1.2868
0.000898242	521.26	7.36264e-06	1.25008
0.000912967	506.744	7.36264e-06	1.21382
0.000927692	492.799	7.36264e-06	1.18299
0.000942418	478.714	7.36264e-06	1.15039
0.000957143	465.095	7.36264e-06	1.11633
0.000971868	451.452	7.36264e-06	1.08441
0.000986594	437.523	7.36264e-06	1.04585
0.00100132	423.915	7.36264e-06	1.00554
0.00101604	410.517	7.36264e-06	0.973767
0.00103077	397.587	7.36264e-06	0.94552
0.00104549	384.823	7.36264e-06	0.916884
0.00106022	372.083	7.36264e-06	0.88885
0.00107495	359.561	7.36264e-06	0.861866
0.00108967	347.104	7.36264e-06	0.829826
0.0011044	335.149	7.36264e-06	0.803863
0.00111912	323.159	7.36264e-06	0.776091
0.00113385	311.575	7.36264e-06	0.750811
0.00114857	300.287	7.36264e-06	0.727543
0.0011633	289.471	7.36264e-06	0.705409
0.00117802	278.497	7.36264e-06	0.681188
0.00119275	267.765	7.36264e-06	0.658891
0.00120747	257.226	7.36264e-06	0.634156
0.0012222	247.007	7.36264e-06	0.612957
0.00123692	237.014	7.36264e-06	0.591534
0.00125165	227.141	7.36264e-06	0.569831
0.00126637	217.59	7.36264e-06	0.546512
0.0012811	208.341	7.36264e-06	0.527418
0.00129582	199.39	7.36264e-06	0.508954
0.00131055	190.65	7.36264e-06	0.489939
0.00132527	182.228	7.36264e-06	0.472437
0.00134	174.045	7.36264e-06	0.455685
0.00135473	166.23	7.36264e-06	0.43983
0.00136945	158.542	7.36264e-06	0.424362
0.00138418	151.178	7.36264e-06	0.409183
0.0013989	144.063	7.36264e-06	0.394256
0.00141363	137.128	7.36264e-06	0.379474
0.00142835	130.352	7.36264e-06	0.36525
0.00144308	123.866	7.36264e-06	0.35082
0.0014578	117.533	7.36264e-06	0.336215
0.00147253	111.586	7.36264e-06	0.322946
0.00148725	105.967	7.36264e-06	0.311176
0.00150198	100.32	7.36264e-06	0.296573
0.0015167	95.052	7.36264e-06	0.285617
0.00153143	89.9196	7.36264e-06	0.271955
0.00154615	84.9878	7.36264e-06	0.260967
0.00156088	80.2325	7.36264e-06	0.250915
0.0015756	75.7362	7.36264e-06	0.241366
0.00159033	71.3929	7.36264e-06	0.231778
0.00160506	67.2001	7.36264e-06	0.215753
0.00161978	63.3363	7.36264e-06	0.206965
0.00163451	59.6097	7.36264e-06	0.197775
0.00164923	56.0355	7.36264e-06	0.189575
0.00166396	52.6458	7.36264e-06	0.181476
0.00167868	49.4031	7.36264e-06	0.173859
0.00169341	46.3396	7.36264e-06	0.166419
0.00170813	43.4332	7.36264e-06	0.159306
0.00172286	40.7418	7.36264e-06	0.151696
0.00173758	38.0525	7.36264e-06	0.144916
0.00175231	35.6066	7.36264e-06	0.138832
0.00176703	33.221	7.36264e-06	0.132757
0.00178176	30.9656	7.36264e-06	0.126776
0.00179648	28.8809	7.36264e-06	0.121225
0.00181121	26.9719	7.36264e-06	0.11614
0.00182593	25.1075	7.36264e-06	0.111052
0.00184066	23.2909	7.36264e-06	0.105935
0.00185538	21.6702	7.36264e-06	0.1013
0.00187011	20.093	7.36264e-06	0.0966811
0.00188484	18.6185	7.36264e-06	0.0922984
0.00189956	17.2144	7.36264e-06	0.0880436
0.00191429	15.9158	7.36264e-06	0.0840114
0.00192901	14.6549	7.36264e-06	0.0799299
0.00194374	13.5043	7.36264e-06	0.0761187
0.00195846	12.4503	7.36264e-06	0.0725564
0.00197319	11.4385	7.36264e-06	0.0690212
0.00198791	10.5116	7.36264e-06	0.0656692
0.00200264	9.65516	7.36264e-06	0.0625196
0.00201736	8.88239	7.36264e-06	0.059589
0.00203209	8.1286	7.36264e-06	0.0566308
0.00204681	7.42798	7.36264e-06	0.0537579
0.00206154	6.78577	7.36264e-06	0.0510813
0.00207626	6.19201	7.36264e-06	0.0485305
0.00209099	5.63509	7.36264e-06	0.0460147
0.00210571	5.14043	7.36264e-06	0.0436961
0.00212044	4.66346	7.36264e-06	0.0413942
0.00213517	4.2072	7.36264e-06	0.0390887
0.00214989	3.7989	7.36264e-06	0.036943
0.00216462	3.39902	7.36264e-06	0.0347089
0.00217934	3.05219	7.36264e-06	0.0327158
0.00219407	2.73734	7.36264e-06	0.0308204
0.00220879	2.44326	7.36264e-06	0.0289484
0.00222352	2.17102	7.36264e-06	0.0271423
0.00223824	1.92736	7.36264e-06	0.0254402
0.00225297	1.70778	7.36264e-06	0.0238148
0.00226769	1.5122	7.36264e-06	0.0223127
0.00228242	1.31774	7.36264e-06	0.0207071
0.00229714	1.14827	7.36264e-06	0.0192207
0.00231187	1.00544	7.36264e-06	0.017899
0.00232659	0.86833	7.36264e-06	0.0165582
0.00234132	0.740834	7.36264e-06	0.0152268
0.00235604	0.624687	7.36264e-06	0.013909
0.00237077	0.524146	7.36264e-06	0.0126778
0.00238549	0.443933	7.36264e-06	0.0116165
0.00240022	0.364336	7.36264e-06	0.0104726
0.00241495	0.300422	7.36264e-06	0.0094679
0.00242967	0.238983	7.36264e-06	0.00840121
0.0024444	0.187481	7.36264e-06	0.00740595
0.00245912	0.147814	7.36264e-06	0.00654653
0.00247385	0.11173	7.36264e-06	0.00566793
0.00248857	0.0800506	7.36264e-06	0.00477367
0.0025033	0.0533912	7.36264e-06	0.0038773
0.00251802	0.0373979	7.36264e-06	0.00323349
0.00253275	0.0199796	7.36264e-06	0.002356
0.00254747	0.0104645	7.36264e-06	0.00169828
0.0025622	0.00408695	7.36264e-06	0.00105552
