0	1126.17	7.38805e-06	3.78927
1.47761e-05	1126.17	7.38805e-06	3.78927
2.95522e-05	1125.59	7.38805e-06	3.76692
4.43283e-05	1124.58	7.38805e-06	3.74213
5.91044e-05	1122.8	7.38805e-06	3.6945
7.38805e-05	1120.88	7.38805e-06	3.6661
8.86566e-05	1118.51	7.38805e-06	3.6342
0.000103433	1115.98	7.38805e-06	3.60943
0.000118209	1112.9	7.38805e-06	3.58067
0.000132985	1109.21	7.38805e-06	3.54517
0.000147761	1104.96	7.38805e-06	3.49854
0.000162537	1100.49	7.38805e-06	3.46667
0.000177313	1095.76	7.38805e-06	3.4359
0.000192089	1090.42	7.38805e-06	3.39912
0.000206865	1084.66	7.38805e-06	3.34902
0.000221641	1079.02	7.38805e-06	3.32109
0.000236418	1072.74	7.38805e-06	3.28592
0.000251194	1066.36	7.38805e-06	3.25769
0.00026597	1059.36	7.38805e-06	3.22588
0.000280746	1051.46	7.38805e-06	3.14561
0.000295522	1043.58	7.38805e-06	3.10278
0.000310298	1035.35	7.38805e-06	3.07006
0.000325074	1027.1	7.38805e-06	3.03914
0.00033985	1018.4	7.38805e-06	3.00526
0.000354626	1009.02	7.38805e-06	2.9671
0.000369402	999.299	7.38805e-06	2.92618
0.000384179	989.563	7.38805e-06	2.88994
0.000398955	979.167	7.38805e-06	2.84994
0.000413731	968.352	7.38805e-06	2.80636
0.000428507	956.861	7.38805e-06	2.7627
0.000443283	945.94	7.38805e-06	2.73053
0.000458059	934.431	7.38805e-06	2.69204
0.000472835	922.767	7.38805e-06	2.65531
0.000487611	910.861	7.38805e-06	2.61896
0.000502387	898.341	7.38805e-06	2.57847
0.000517163	885.891	7.38805e-06	2.53864
0.00053194	873.35	7.38805e-06	2.49936
0.000546716	860.655	7.38805e-06	2.46511
0.000561492	847.56	7.38805e-06	2.43083
0.000576268	834.628	7.38805e-06	2.39958
0.000591044	821.29	7.38805e-06	2.36648
0.00060582	807.536	7.38805e-06	2.33134
0.000620596	793.571	7.38805e-06	2.29537
0.000635372	779.49	7.38805e-06	2.25728
0.000650148	765.599	7.38805e-06	2.22455
0.000664924	751.137	7.38805e-06	2.17485
0.000679701	736.403	7.38805e-06	2.13583
0.000694477	721.924	7.38805e-06	2.10082
0.000709253	707.649	7.38805e-06	2.06893
0.000724029	693.064	7.38805e-06	2.03189
0.000738805	677.913	7.38805e-06	1.98586
0.000753581	663.608	7.38805e-06	1.95145
0.000768357	649.075	7.38805e-06	1.8857
0.000783133	634.631	7.38805e-06	1.85515
0.000797909	619.958	7.38805e-06	1.82066
0.000812685	605.009	7.38805e-06	1.7802
0.000827462	590.085	7.38805e-06	1.73449
0.000842238	575.564	7.38805e-06	1.70451
0.000857014	561.329	7.38805e-06	1.67512
0.00087179	547.187	7.38805e-06	1.64385
0.000886566	532.718	7.38805e-06	1.6085
0.000901342	518.356	7.38805e-06	1.57493
0.000916118	504.338	7.38805e-06	1.5445
0.000930894	490.063	7.38805e-06	1.51434
0.00094567	476.3	7.38805e-06	1.48542
0.000960446	461.906	7.38805e-06	1.43639
0.000975223	448.196	7.38805e-06	1.40244
0.000989999	434.449	7.38805e-06	1.36809
0.00100477	421.316	7.38805e-06	1.34245
0.00101955	407.626	7.38805e-06	1.30704
0.00103433	394.428	7.38805e-06	1.28062
0.0010491	381.666	7.38805e-06	1.25633
0.00106388	368.735	7.38805e-06	1.22963
0.00107866	356.033	7.38805e-06	1.19697
0.00109343	343.504	7.38805e-06	1.16974
0.00110821	331.878	7.38805e-06	1.14932
0.00112298	319.4	7.38805e-06	1.07753
0.00113776	308.169	7.38805e-06	1.05818
0.00115254	297.097	7.38805e-06	1.03591
0.00116731	285.78	7.38805e-06	1.01109
0.00118209	274.821	7.38805e-06	0.989073
0.00119686	264.583	7.38805e-06	0.96817
0.00121164	253.749	7.38805e-06	0.941924
0.00122642	243.387	7.38805e-06	0.915355
0.00124119	233.612	7.38805e-06	0.895398
0.00125597	224.097	7.38805e-06	0.873282
0.00127074	214.748	7.38805e-06	0.855161
0.00128552	205.387	7.38805e-06	0.828202
0.0013003	196.551	7.38805e-06	0.809903
0.00131507	187.861	7.38805e-06	0.791541
0.00132985	179.02	7.38805e-06	0.713384
0.00134463	171.059	7.38805e-06	0.694553
0.0013594	163.169	7.38805e-06	0.674238
0.00137418	155.611	7.38805e-06	0.654553
0.00138895	148.365	7.38805e-06	0.640209
0.00140373	141.165	7.38805e-06	0.625858
0.00141851	134.054	7.38805e-06	0.593872
0.00143328	127.337	7.38805e-06	0.573116
0.00144806	121.062	7.38805e-06	0.557906
0.00146283	114.937	7.38805e-06	0.540756
0.00147761	109.114	7.38805e-06	0.525124
0.00149239	103.588	7.38805e-06	0.512808
0.00150716	97.9995	7.38805e-06	0.496741
0.00152194	92.8767	7.38805e-06	0.485283
0.00153671	87.8432	7.38805e-06	0.470207
0.00155149	82.9567	7.38805e-06	0.444647
0.00156627	78.3292	7.38805e-06	0.433415
0.00158104	73.8273	7.38805e-06	0.415402
0.00159582	69.7889	7.38805e-06	0.405281
0.00161059	65.6656	7.38805e-06	0.387537
0.00162537	61.7359	7.38805e-06	0.375036
0.00164015	58.1454	7.38805e-06	0.366148
0.00165492	54.506	7.38805e-06	0.34984
0.0016697	51.3561	7.38805e-06	0.342924
0.00168448	48.1147	7.38805e-06	0.333
0.00169925	44.9175	7.38805e-06	0.315002
0.00171403	42.2316	7.38805e-06	0.307653
0.0017288	39.5398	7.38805e-06	0.291775
0.00174358	36.9776	7.38805e-06	0.283663
0.00175836	34.6486	7.38805e-06	0.277186
0.00177313	32.3473	7.38805e-06	0.269512
0.00178791	30.0889	7.38805e-06	0.259942
0.00180268	28.0725	7.38805e-06	0.253796
0.00181746	26.1826	7.38805e-06	0.248038
0.00183224	24.3543	7.38805e-06	0.241442
0.00184701	22.7395	7.38805e-06	0.235786
0.00186179	21.0579	7.38805e-06	0.229576
0.00187656	19.557	7.38805e-06	0.224764
0.00189134	18.1484	7.38805e-06	0.220222
0.00190612	16.7516	7.38805e-06	0.211752
0.00192089	15.5215	7.38805e-06	0.207285
0.00193567	14.2688	7.38805e-06	0.200296
0.00195045	13.1781	7.38805e-06	0.196402
0.00196522	12.1769	7.38805e-06	0.192801
0.00198	11.2285	7.38805e-06	0.189599
0.00199477	10.3433	7.38805e-06	0.18664
0.00200955	9.56838	7.38805e-06	0.184143
0.00202433	8.80919	7.38805e-06	0.181396
0.0020391	8.10369	7.38805e-06	0.178812
0.00205388	7.45553	7.38805e-06	0.17684
0.00206865	6.82843	7.38805e-06	0.174858
0.00208343	6.14373	7.38805e-06	0.165143
0.00209821	5.61325	7.38805e-06	0.161688
0.00211298	5.06403	7.38805e-06	0.156639
0.00212776	4.62052	7.38805e-06	0.154717
0.00214253	4.21151	7.38805e-06	0.15234
0.00215731	3.82066	7.38805e-06	0.150576
0.00217209	3.46693	7.38805e-06	0.149305
0.00218686	3.15787	7.38805e-06	0.147746
0.00220164	2.88002	7.38805e-06	0.146496
0.00221641	2.60862	7.38805e-06	0.145432
0.00223119	2.33146	7.38805e-06	0.143251
0.00224597	2.07932	7.38805e-06	0.141492
0.00226074	1.86647	7.38805e-06	0.140353
0.00227552	1.6518	7.38805e-06	0.138621
0.0022903	1.50909	7.38805e-06	0.138062
0.00230507	1.36772	7.38805e-06	0.137422
0.00231985	1.24286	7.38805e-06	0.137051
0.00233462	1.11868	7.38805e-06	0.136415
0.0023494	0.998	7.38805e-06	0.135718
0.00236418	0.913515	7.38805e-06	0.135413
0.00237895	0.825732	7.38805e-06	0.135093
0.00239373	0.742205	7.38805e-06	0.134768
0.0024085	0.611711	7.38805e-06	0.127029
0.00242328	0.54881	7.38805e-06	0.126737
0.00243806	0.437895	7.38805e-06	0.119395
0.00245283	0.375499	7.38805e-06	0.118402
0.00246761	0.317598	7.38805e-06	0.117487
0.00248238	0.268816	7.38805e-06	0.11715
0.00249716	0.236422	7.38805e-06	0.116863
0.00251194	0.216994	7.38805e-06	0.116785
0.00252671	0.0329637	7.38805e-06	0.00913524
0.00254149	0.0263887	7.38805e-06	0.00845522
0.00255627	0.0170445	7.38805e-06	0.0078642
