0	1126.7	7.37995e-06	3.85589
1.47599e-05	1126.7	7.37995e-06	3.85589
2.95198e-05	1126.15	7.37995e-06	3.83671
4.42797e-05	1125.16	7.37995e-06	3.81278
5.90396e-05	1123.69	7.37995e-06	3.78423
7.37995e-05	1121.05	7.37995e-06	3.72498
8.85594e-05	1118.23	7.37995e-06	3.63057
0.000103319	1115.97	7.37995e-06	3.61059
0.000118079	1113.06	7.37995e-06	3.58527
0.000132839	1109.7	7.37995e-06	3.55836
0.000147599	1105.31	7.37995e-06	3.52103
0.000162359	1101.24	7.37995e-06	3.49395
0.000177119	1096.36	7.37995e-06	3.46121
0.000191879	1091.49	7.37995e-06	3.43309
0.000206639	1086.21	7.37995e-06	3.40508
0.000221398	1080.34	7.37995e-06	3.37501
0.000236158	1074.09	7.37995e-06	3.3445
0.000250918	1067.68	7.37995e-06	3.3135
0.000265678	1060.29	7.37995e-06	3.27609
0.000280438	1052.78	7.37995e-06	3.24434
0.000295198	1044.62	7.37995e-06	3.18531
0.000309958	1036.2	7.37995e-06	3.14915
0.000324718	1027.17	7.37995e-06	3.09565
0.000339478	1017.48	7.37995e-06	3.04981
0.000354237	1007.92	7.37995e-06	3.00842
0.000368997	998.471	7.37995e-06	2.97653
0.000383757	988.578	7.37995e-06	2.94321
0.000398517	977.929	7.37995e-06	2.89154
0.000413277	967.441	7.37995e-06	2.85611
0.000428037	956.898	7.37995e-06	2.82365
0.000442797	945.523	7.37995e-06	2.78849
0.000457557	934.644	7.37995e-06	2.75853
0.000472317	923.554	7.37995e-06	2.72915
0.000487077	911.589	7.37995e-06	2.69239
0.000501836	899.491	7.37995e-06	2.65176
0.000516596	887.076	7.37995e-06	2.61812
0.000531356	874.452	7.37995e-06	2.58428
0.000546116	861.42	7.37995e-06	2.54705
0.000560876	848.611	7.37995e-06	2.5154
0.000575636	835.133	7.37995e-06	2.46971
0.000590396	822.063	7.37995e-06	2.4392
0.000605156	808.409	7.37995e-06	2.39954
0.000619916	793.544	7.37995e-06	2.24196
0.000634676	779.388	7.37995e-06	2.20582
0.000649435	765.425	7.37995e-06	2.17006
0.000664195	751.016	7.37995e-06	2.11837
0.000678955	737.212	7.37995e-06	2.0881
0.000693715	722.887	7.37995e-06	2.05475
0.000708475	707.951	7.37995e-06	2.00418
0.000723235	693.95	7.37995e-06	1.97341
0.000737995	678.976	7.37995e-06	1.93656
0.000752755	664.341	7.37995e-06	1.90174
0.000767515	649.548	7.37995e-06	1.86044
0.000782274	635.123	7.37995e-06	1.82858
0.000797034	621.025	7.37995e-06	1.79948
0.000811794	605.927	7.37995e-06	1.76126
0.000826554	591.384	7.37995e-06	1.72788
0.000841314	577.242	7.37995e-06	1.69995
0.000856074	562.684	7.37995e-06	1.66254
0.000870834	547.848	7.37995e-06	1.62479
0.000885594	532.906	7.37995e-06	1.58227
0.000900354	518.297	7.37995e-06	1.53775
0.000915114	504.206	7.37995e-06	1.50771
0.000929873	490.232	7.37995e-06	1.48023
0.000944633	475.96	7.37995e-06	1.44364
0.000959393	462.198	7.37995e-06	1.39892
0.000974153	448.146	7.37995e-06	1.36734
0.000988913	434.8	7.37995e-06	1.33811
0.00100367	421.238	7.37995e-06	1.3081
0.00101843	408.207	7.37995e-06	1.28252
0.00103319	394.993	7.37995e-06	1.25555
0.00104795	382.338	7.37995e-06	1.23123
0.00106271	368.759	7.37995e-06	1.14078
0.00107747	356.223	7.37995e-06	1.11461
0.00109223	344.271	7.37995e-06	1.09216
0.00110699	332.73	7.37995e-06	1.07086
0.00112175	320.616	7.37995e-06	1.04465
0.00113651	309.146	7.37995e-06	1.02068
0.00115127	297.756	7.37995e-06	0.993264
0.00116603	286.409	7.37995e-06	0.958174
0.00118079	275.506	7.37995e-06	0.9358
0.00119555	264.899	7.37995e-06	0.914442
0.00121031	254.823	7.37995e-06	0.895753
0.00122507	244.704	7.37995e-06	0.867166
0.00123983	234.862	7.37995e-06	0.844266
0.00125459	225.148	7.37995e-06	0.82273
0.00126935	215.922	7.37995e-06	0.802431
0.00128411	206.594	7.37995e-06	0.781022
0.00129887	197.312	7.37995e-06	0.740031
0.00131363	188.608	7.37995e-06	0.717909
0.00132839	180.126	7.37995e-06	0.699045
0.00134315	172.149	7.37995e-06	0.680875
0.00135791	164.652	7.37995e-06	0.666206
0.00137267	156.913	7.37995e-06	0.646425
0.00138743	149.365	7.37995e-06	0.628404
0.00140219	141.986	7.37995e-06	0.602568
0.00141695	135.006	7.37995e-06	0.585346
0.00143171	128.396	7.37995e-06	0.569032
0.00144647	122.119	7.37995e-06	0.55575
0.00146123	116.075	7.37995e-06	0.540883
0.00147599	110.135	7.37995e-06	0.525384
0.00149075	104.556	7.37995e-06	0.513077
0.00150551	99.0602	7.37995e-06	0.496835
0.00152027	93.7686	7.37995e-06	0.483187
0.00153503	88.7778	7.37995e-06	0.470325
0.00154979	83.9747	7.37995e-06	0.459012
0.00156455	79.41	7.37995e-06	0.44609
0.00157931	75.0421	7.37995e-06	0.432171
0.00159407	70.6415	7.37995e-06	0.418844
0.00160883	66.4376	7.37995e-06	0.402172
0.00162359	62.6238	7.37995e-06	0.390179
0.00163835	58.9151	7.37995e-06	0.378298
0.00165311	55.4347	7.37995e-06	0.370494
0.00166787	52.1465	7.37995e-06	0.363649
0.00168263	48.8401	7.37995e-06	0.317297
0.00169739	45.8695	7.37995e-06	0.30902
0.00171215	42.9914	7.37995e-06	0.299091
0.00172691	40.2994	7.37995e-06	0.290995
0.00174167	37.7131	7.37995e-06	0.283311
0.00175643	35.1802	7.37995e-06	0.270575
0.00177119	32.9021	7.37995e-06	0.263683
0.00178595	30.5419	7.37995e-06	0.243895
0.00180071	28.5626	7.37995e-06	0.237722
0.00181547	26.6364	7.37995e-06	0.230037
0.00183023	24.7548	7.37995e-06	0.221934
0.00184499	23.096	7.37995e-06	0.216875
0.00185975	21.4594	7.37995e-06	0.210891
0.00187451	19.8834	7.37995e-06	0.204994
0.00188927	18.4109	7.37995e-06	0.193479
0.00190403	17.0582	7.37995e-06	0.187551
0.00191879	15.7798	7.37995e-06	0.181088
0.00193355	14.4366	7.37995e-06	0.162481
0.00194831	13.2529	7.37995e-06	0.15613
0.00196307	12.2555	7.37995e-06	0.152067
0.00197783	11.3213	7.37995e-06	0.148183
0.00199259	10.4308	7.37995e-06	0.139117
0.00200735	9.50676	7.37995e-06	0.126986
0.00202211	8.78335	7.37995e-06	0.123548
0.00203687	8.05668	7.37995e-06	0.117792
0.00205163	7.29726	7.37995e-06	0.111067
0.00206639	6.64991	7.37995e-06	0.106549
0.00208115	6.06438	7.37995e-06	0.103243
0.00209591	5.52744	7.37995e-06	0.0995201
0.00211067	5.05502	7.37995e-06	0.0966114
0.00212542	4.5709	7.37995e-06	0.0928215
0.00214018	4.09466	7.37995e-06	0.0887637
0.00215494	3.65604	7.37995e-06	0.0818607
0.0021697	3.2921	7.37995e-06	0.0795722
0.00218446	2.9827	7.37995e-06	0.077827
0.00219922	2.63513	7.37995e-06	0.0722193
0.00221398	2.29944	7.37995e-06	0.0629362
0.00222874	2.05287	7.37995e-06	0.060126
0.0022435	1.81575	7.37995e-06	0.056973
0.00225826	1.57988	7.37995e-06	0.0502211
0.00227302	1.40167	7.37995e-06	0.0476327
0.00228778	1.23679	7.37995e-06	0.0401088
0.00230254	1.08665	7.37995e-06	0.0384044
0.0023173	0.955252	7.37995e-06	0.0363416
0.00233206	0.807787	7.37995e-06	0.0317472
0.00234682	0.724221	7.37995e-06	0.0306587
0.00236158	0.600724	7.37995e-06	0.0277049
0.00237634	0.499016	7.37995e-06	0.0250874
0.0023911	0.414043	7.37995e-06	0.0227929
0.00240586	0.350558	7.37995e-06	0.0215284
0.00242062	0.29537	7.37995e-06	0.0201847
0.00243538	0.212298	7.37995e-06	0.0164355
0.00245014	0.168395	7.37995e-06	0.0149552
0.0024649	0.129245	7.37995e-06	0.0134329
0.00247966	0.0892357	7.37995e-06	0.0114174
0.00249442	0.0476505	7.37995e-06	0.00786843
0.00250918	0.0332112	7.37995e-06	0.007198
0.00252394	0.0170219	7.37995e-06	0.0050254
0.0025387	0.00333831	7.37995e-06	0.0018701
0.00255346	0.00132153	7.37995e-06	0.000953974
0.00256822	0.00079643	7.37995e-06	0.000796443
