0	1124.17	7.37438e-06	3.76792
1.47488e-05	1124.08	7.37438e-06	3.76163
2.94975e-05	1123.49	7.37438e-06	3.73627
4.42463e-05	1122.61	7.37438e-06	3.71487
5.8995e-05	1121.32	7.37438e-06	3.69014
7.37438e-05	1119.5	7.37438e-06	3.65996
8.84925e-05	1117.92	7.37438e-06	3.643
0.000103241	1115.06	7.37438e-06	3.60781
0.00011799	1112.11	7.37438e-06	3.58036
0.000132739	1108.37	7.37438e-06	3.53934
0.000147488	1104.54	7.37438e-06	3.50701
0.000162236	1100.39	7.37438e-06	3.46895
0.000176985	1096.09	7.37438e-06	3.44201
0.000191734	1091.16	7.37438e-06	3.41066
0.000206483	1085.77	7.37438e-06	3.37798
0.000221231	1078.98	7.37438e-06	3.29803
0.00023598	1073.09	7.37438e-06	3.26675
0.000250729	1066.61	7.37438e-06	3.23413
0.000265478	1059.43	7.37438e-06	3.19394
0.000280226	1052.05	7.37438e-06	3.15807
0.000294975	1044.14	7.37438e-06	3.11313
0.000309724	1036.15	7.37438e-06	3.07589
0.000324473	1027	7.37438e-06	3.03016
0.000339221	1016.74	7.37438e-06	2.86541
0.00035397	1007.47	7.37438e-06	2.82676
0.000368719	997.375	7.37438e-06	2.77715
0.000383468	988.148	7.37438e-06	2.74384
0.000398216	977.516	7.37438e-06	2.69562
0.000412965	967.268	7.37438e-06	2.65907
0.000427714	956.531	7.37438e-06	2.61832
0.000442463	944.869	7.37438e-06	2.56569
0.000457211	933.699	7.37438e-06	2.52817
0.00047196	921.628	7.37438e-06	2.485
0.000486709	909.851	7.37438e-06	2.44637
0.000501458	897.603	7.37438e-06	2.40728
0.000516206	885.109	7.37438e-06	2.36754
0.000530955	872.548	7.37438e-06	2.32848
0.000545704	859.874	7.37438e-06	2.28869
0.000560453	847.118	7.37438e-06	2.25172
0.000575201	834.352	7.37438e-06	2.21702
0.00058995	821.425	7.37438e-06	2.18229
0.000604699	807.992	7.37438e-06	2.14527
0.000619448	794.291	7.37438e-06	2.10304
0.000634196	780.696	7.37438e-06	2.06899
0.000648945	766.234	7.37438e-06	2.02082
0.000663694	752.371	7.37438e-06	1.98559
0.000678443	738.029	7.37438e-06	1.94695
0.000693191	723.916	7.37438e-06	1.91036
0.00070794	709.627	7.37438e-06	1.87668
0.000722689	695.399	7.37438e-06	1.84287
0.000737438	680.74	7.37438e-06	1.80743
0.000752186	666.174	7.37438e-06	1.77164
0.000766935	651.367	7.37438e-06	1.73622
0.000781684	636.969	7.37438e-06	1.70396
0.000796433	622.248	7.37438e-06	1.66917
0.000811181	607.632	7.37438e-06	1.61982
0.00082593	592.978	7.37438e-06	1.58709
0.000840679	578.596	7.37438e-06	1.55745
0.000855428	564.026	7.37438e-06	1.52377
0.000870176	549.352	7.37438e-06	1.48956
0.000884925	535.234	7.37438e-06	1.45945
0.000899674	520.652	7.37438e-06	1.42648
0.000914423	505.991	7.37438e-06	1.27285
0.000929171	492.246	7.37438e-06	1.24413
0.00094392	478.052	7.37438e-06	1.21263
0.000958669	464.262	7.37438e-06	1.17795
0.000973418	450.444	7.37438e-06	1.14768
0.000988166	437.002	7.37438e-06	1.11922
0.00100292	423.35	7.37438e-06	1.08797
0.00101766	409.972	7.37438e-06	1.05952
0.00103241	396.572	7.37438e-06	1.00358
0.00104716	383.489	7.37438e-06	0.970972
0.00106191	370.933	7.37438e-06	0.943981
0.00107666	358.65	7.37438e-06	0.919694
0.00109141	346.229	7.37438e-06	0.891168
0.00110616	334.122	7.37438e-06	0.865698
0.00112091	322.463	7.37438e-06	0.842146
0.00113565	310.807	7.37438e-06	0.817886
0.0011504	299.374	7.37438e-06	0.793757
0.00116515	288.303	7.37438e-06	0.77174
0.0011799	277.18	7.37438e-06	0.720378
0.00119465	266.428	7.37438e-06	0.696497
0.0012094	256.014	7.37438e-06	0.674317
0.00122415	245.774	7.37438e-06	0.651001
0.0012389	235.872	7.37438e-06	0.630727
0.00125364	226.302	7.37438e-06	0.61113
0.00126839	216.649	7.37438e-06	0.588509
0.00128314	207.501	7.37438e-06	0.569424
0.00129789	198.643	7.37438e-06	0.550639
0.00131264	190.106	7.37438e-06	0.534167
0.00132739	181.492	7.37438e-06	0.513063
0.00134214	173.375	7.37438e-06	0.496823
0.00135689	165.463	7.37438e-06	0.480739
0.00137163	157.824	7.37438e-06	0.464666
0.00138638	150.521	7.37438e-06	0.449234
0.00140113	143.39	7.37438e-06	0.434896
0.00141588	136.436	7.37438e-06	0.408057
0.00143063	129.796	7.37438e-06	0.394933
0.00144538	123.378	7.37438e-06	0.381329
0.00146013	117.046	7.37438e-06	0.367845
0.00147488	111.01	7.37438e-06	0.353003
0.00148962	105.214	7.37438e-06	0.338533
0.00150437	99.6023	7.37438e-06	0.326432
0.00151912	94.1998	7.37438e-06	0.28995
0.00153387	89.1947	7.37438e-06	0.279423
0.00154862	84.2088	7.37438e-06	0.26813
0.00156337	79.5918	7.37438e-06	0.258086
0.00157812	75.1952	7.37438e-06	0.248131
0.00159287	70.9213	7.37438e-06	0.238126
0.00160761	66.8212	7.37438e-06	0.228804
0.00162236	62.9172	7.37438e-06	0.219559
0.00163711	59.2234	7.37438e-06	0.211211
0.00165186	55.5495	7.37438e-06	0.199448
0.00166661	52.1904	7.37438e-06	0.19124
0.00168136	49.004	7.37438e-06	0.182783
0.00169611	45.9559	7.37438e-06	0.175466
0.00171086	43.0609	7.37438e-06	0.168233
0.0017256	40.309	7.37438e-06	0.160589
0.00174035	37.7174	7.37438e-06	0.152819
0.0017551	35.2557	7.37438e-06	0.14611
0.00176985	32.925	7.37438e-06	0.139819
0.0017846	30.7276	7.37438e-06	0.133968
0.00179935	28.6702	7.37438e-06	0.12843
0.0018141	26.6958	7.37438e-06	0.122059
0.00182885	24.8471	7.37438e-06	0.116691
0.00184359	23.0798	7.37438e-06	0.111349
0.00185834	21.4396	7.37438e-06	0.106585
0.00187309	19.9141	7.37438e-06	0.101817
0.00188784	18.4505	7.37438e-06	0.0972892
0.00190259	17.1045	7.37438e-06	0.092889
0.00191734	15.7806	7.37438e-06	0.0884003
0.00193209	14.5557	7.37438e-06	0.0828555
0.00194684	13.3868	7.37438e-06	0.0788628
0.00196158	12.3219	7.37438e-06	0.0750473
0.00197633	11.3876	7.37438e-06	0.0714743
0.00199108	10.446	7.37438e-06	0.0674395
0.00200583	9.61003	7.37438e-06	0.0642735
0.00202058	8.8291	7.37438e-06	0.0612932
0.00203533	8.06581	7.37438e-06	0.0581603
0.00205008	7.34095	7.37438e-06	0.0551026
0.00206483	6.70483	7.37438e-06	0.0522119
0.00207957	6.12334	7.37438e-06	0.0495582
0.00209432	5.56188	7.37438e-06	0.0468524
0.00210907	5.04849	7.37438e-06	0.0444241
0.00212382	4.58232	7.37438e-06	0.0420538
0.00213857	4.15269	7.37438e-06	0.0398245
0.00215332	3.74411	7.37438e-06	0.0375991
0.00216807	3.37546	7.37438e-06	0.0355111
0.00218282	3.02309	7.37438e-06	0.0333502
0.00219756	2.70785	7.37438e-06	0.0313895
0.00221231	2.40722	7.37438e-06	0.0293857
0.00222706	2.14731	7.37438e-06	0.0275779
0.00224181	1.90646	7.37438e-06	0.0258578
0.00225656	1.69817	7.37438e-06	0.0242857
0.00227131	1.4775	7.37438e-06	0.0225155
0.00228606	1.29322	7.37438e-06	0.0209547
0.00230081	1.11914	7.37438e-06	0.019388
0.00231555	0.969026	7.37438e-06	0.0179596
0.0023303	0.836345	7.37438e-06	0.0165706
0.00234505	0.713644	7.37438e-06	0.0152293
0.0023598	0.607071	7.37438e-06	0.0139597
0.00237455	0.514409	7.37438e-06	0.0127895
0.0023893	0.423543	7.37438e-06	0.01152
0.00240405	0.347988	7.37438e-06	0.0103867
0.0024188	0.289416	7.37438e-06	0.00943538
0.00243354	0.229088	7.37438e-06	0.00835166
0.00244829	0.181672	7.37438e-06	0.00740964
0.00246304	0.138149	7.37438e-06	0.00641341
0.00247779	0.103323	7.37438e-06	0.00551649
0.00249254	0.070296	7.37438e-06	0.00454648
0.00250729	0.053069	7.37438e-06	0.00392628
0.00252204	0.0331542	7.37438e-06	0.00308702
0.00253679	0.0194316	7.37438e-06	0.00234352
0.00255153	0.00892676	7.37438e-06	0.00158005
0.00256628	0.00221496	7.37438e-06	0.000783521
