0	1125.22	7.37747e-06	3.89942
1.47549e-05	1124.86	7.37747e-06	3.81645
2.95099e-05	1124.38	7.37747e-06	3.79909
4.42648e-05	1123.14	7.37747e-06	3.75562
5.90198e-05	1121.58	7.37747e-06	3.72172
7.37747e-05	1120.12	7.37747e-06	3.70322
8.85297e-05	1117.29	7.37747e-06	3.64085
0.000103285	1114.79	7.37747e-06	3.61367
0.00011804	1112.18	7.37747e-06	3.59009
0.000132795	1108.68	7.37747e-06	3.5531
0.000147549	1104.65	7.37747e-06	3.51145
0.000162304	1100.6	7.37747e-06	3.47701
0.000177059	1095.37	7.37747e-06	3.3485
0.000191814	1090.26	7.37747e-06	3.31153
0.000206569	1085.09	7.37747e-06	3.27917
0.000221324	1078.48	7.37747e-06	3.22605
0.000236079	1072.36	7.37747e-06	3.1916
0.000250834	1065.58	7.37747e-06	3.15367
0.000265589	1058.43	7.37747e-06	3.11672
0.000280344	1051.41	7.37747e-06	3.08371
0.000295099	1042.9	7.37747e-06	2.98327
0.000309854	1034.72	7.37747e-06	2.9438
0.000324609	1025.73	7.37747e-06	2.89851
0.000339364	1016.83	7.37747e-06	2.8531
0.000354119	1007.96	7.37747e-06	2.81799
0.000368874	998.576	7.37747e-06	2.77996
0.000383629	989.255	7.37747e-06	2.74556
0.000398384	979.368	7.37747e-06	2.70831
0.000413139	968.835	7.37747e-06	2.66957
0.000427894	958.133	7.37747e-06	2.63228
0.000442648	947.169	7.37747e-06	2.59401
0.000457403	935.516	7.37747e-06	2.55134
0.000472158	923.417	7.37747e-06	2.49819
0.000486913	911.564	7.37747e-06	2.45372
0.000501668	899.585	7.37747e-06	2.40248
0.000516423	886.665	7.37747e-06	2.33423
0.000531178	874.149	7.37747e-06	2.29507
0.000545933	861.487	7.37747e-06	2.25818
0.000560688	848.408	7.37747e-06	2.21902
0.000575443	835.347	7.37747e-06	2.18234
0.000590198	821.697	7.37747e-06	2.13704
0.000604953	808.184	7.37747e-06	2.09765
0.000619708	794.6	7.37747e-06	2.04946
0.000634463	780.643	7.37747e-06	2.00812
0.000649218	766.542	7.37747e-06	1.97062
0.000663973	752.487	7.37747e-06	1.929
0.000678728	738.258	7.37747e-06	1.88724
0.000693483	723.961	7.37747e-06	1.8516
0.000708238	709.259	7.37747e-06	1.80021
0.000722993	694.741	7.37747e-06	1.76359
0.000737747	680.12	7.37747e-06	1.72475
0.000752502	665.52	7.37747e-06	1.68906
0.000767257	650.87	7.37747e-06	1.65449
0.000782012	636.216	7.37747e-06	1.619
0.000796767	621.765	7.37747e-06	1.58647
0.000811522	607.299	7.37747e-06	1.55417
0.000826277	592.319	7.37747e-06	1.51432
0.000841032	577.134	7.37747e-06	1.45717
0.000855787	562.533	7.37747e-06	1.41207
0.000870542	547.438	7.37747e-06	1.36726
0.000885297	532.94	7.37747e-06	1.33288
0.000900052	518.68	7.37747e-06	1.29985
0.000914807	504.819	7.37747e-06	1.27006
0.000929562	490.21	7.37747e-06	1.16427
0.000944317	476.319	7.37747e-06	1.13072
0.000959072	462.504	7.37747e-06	1.09788
0.000973827	448.82	7.37747e-06	1.06822
0.000988582	435.147	7.37747e-06	1.03598
0.00100334	421.785	7.37747e-06	1.00602
0.00101809	408.786	7.37747e-06	0.977727
0.00103285	395.728	7.37747e-06	0.949568
0.0010476	382.814	7.37747e-06	0.920919
0.00106236	370.185	7.37747e-06	0.893814
0.00107711	357.737	7.37747e-06	0.867299
0.00109187	345.478	7.37747e-06	0.839874
0.00110662	333.428	7.37747e-06	0.815015
0.00112138	321.618	7.37747e-06	0.790502
0.00113613	310.058	7.37747e-06	0.766565
0.00115089	298.555	7.37747e-06	0.737368
0.00116564	287.27	7.37747e-06	0.709602
0.0011804	276.434	7.37747e-06	0.684916
0.00119515	265.993	7.37747e-06	0.663045
0.00120991	255.364	7.37747e-06	0.631029
0.00122466	245.215	7.37747e-06	0.610121
0.00123942	235.301	7.37747e-06	0.589624
0.00125417	225.697	7.37747e-06	0.569297
0.00126893	216.31	7.37747e-06	0.550331
0.00128368	206.925	7.37747e-06	0.526107
0.00129844	198.036	7.37747e-06	0.507823
0.00131319	189.455	7.37747e-06	0.490524
0.00132795	181.035	7.37747e-06	0.470822
0.0013427	172.889	7.37747e-06	0.454313
0.00135746	164.979	7.37747e-06	0.437778
0.00137221	157.349	7.37747e-06	0.419377
0.00138697	149.87	7.37747e-06	0.400801
0.00140172	142.807	7.37747e-06	0.385262
0.00141648	135.985	7.37747e-06	0.37077
0.00143123	129.247	7.37747e-06	0.356144
0.00144599	122.786	7.37747e-06	0.340537
0.00146074	116.462	7.37747e-06	0.325752
0.00147549	110.52	7.37747e-06	0.312936
0.00149025	104.708	7.37747e-06	0.300025
0.001505	99.289	7.37747e-06	0.288379
0.00151976	93.9856	7.37747e-06	0.276342
0.00153451	88.923	7.37747e-06	0.26422
0.00154927	84.1548	7.37747e-06	0.253864
0.00156402	79.462	7.37747e-06	0.242695
0.00157878	74.984	7.37747e-06	0.232823
0.00159353	70.7213	7.37747e-06	0.223449
0.00160829	66.7121	7.37747e-06	0.213529
0.00162304	62.8117	7.37747e-06	0.204549
0.0016378	59.1575	7.37747e-06	0.196301
0.00165255	55.5983	7.37747e-06	0.187554
0.00166731	52.261	7.37747e-06	0.179419
0.00168206	49.0841	7.37747e-06	0.171951
0.00169682	46.0943	7.37747e-06	0.164764
0.00171157	43.1705	7.37747e-06	0.157605
0.00172633	40.3845	7.37747e-06	0.150708
0.00174108	37.7999	7.37747e-06	0.144289
0.00175584	35.3369	7.37747e-06	0.137985
0.00177059	33.0073	7.37747e-06	0.132026
0.00178535	30.7865	7.37747e-06	0.126251
0.0018001	28.6966	7.37747e-06	0.120675
0.00181486	26.7197	7.37747e-06	0.1154
0.00182961	24.7994	7.37747e-06	0.110052
0.00184437	23.0798	7.37747e-06	0.105269
0.00185912	21.4203	7.37747e-06	0.100502
0.00187388	19.8902	7.37747e-06	0.096053
0.00188863	18.4285	7.37747e-06	0.0917004
0.00190339	17.0585	7.37747e-06	0.0875088
0.00191814	15.7938	7.37747e-06	0.0835428
0.0019329	14.6001	7.37747e-06	0.0797275
0.00194765	13.4648	7.37747e-06	0.0759798
0.00196241	12.3774	7.37747e-06	0.0722254
0.00197716	11.4418	7.37747e-06	0.0690038
0.00199192	10.5102	7.37747e-06	0.0656919
0.00200667	9.62562	7.37747e-06	0.0624053
0.00202143	8.82011	7.37747e-06	0.0593055
0.00203618	8.06889	7.37747e-06	0.0563558
0.00205094	7.37357	7.37747e-06	0.0535197
0.00206569	6.73349	7.37747e-06	0.0508318
0.00208045	6.13964	7.37747e-06	0.0482417
0.0020952	5.56638	7.37747e-06	0.0456338
0.00210996	5.06217	7.37747e-06	0.0432849
0.00212471	4.58899	7.37747e-06	0.0409693
0.00213947	4.13352	7.37747e-06	0.0386373
0.00215422	3.7316	7.37747e-06	0.0365102
0.00216898	3.35531	7.37747e-06	0.0344369
0.00218373	3.01567	7.37747e-06	0.0324684
0.00219849	2.69036	7.37747e-06	0.0304899
0.00221324	2.40291	7.37747e-06	0.0286716
0.002228	2.14234	7.37747e-06	0.0269525
0.00224275	1.90466	7.37747e-06	0.0252834
0.00225751	1.66808	7.37747e-06	0.0235202
0.00227226	1.46383	7.37747e-06	0.0219026
0.00228702	1.26996	7.37747e-06	0.0202931
0.00230177	1.11178	7.37747e-06	0.0189018
0.00231653	0.968292	7.37747e-06	0.0175494
0.00233128	0.844656	7.37747e-06	0.0163058
0.00234604	0.73273	7.37747e-06	0.0151257
0.00236079	0.626636	7.37747e-06	0.0139275
0.00237555	0.525909	7.37747e-06	0.0127025
0.0023903	0.440419	7.37747e-06	0.0115669
0.00240506	0.364614	7.37747e-06	0.0104813
0.00241981	0.297491	7.37747e-06	0.00942165
0.00243457	0.236386	7.37747e-06	0.0083561
0.00244932	0.187481	7.37747e-06	0.00740025
0.00246408	0.151834	7.37747e-06	0.00663503
0.00247883	0.11151	7.37747e-06	0.00565638
0.00249359	0.0814255	7.37747e-06	0.00481333
0.00250834	0.0562991	7.37747e-06	0.00398548
0.0025231	0.0337894	7.37747e-06	0.0030742
0.00253785	0.0193987	7.37747e-06	0.00231991
0.00255261	0.00905678	7.37747e-06	0.00157711
0.00256736	0.00354818	7.37747e-06	0.000984317
