7.37541e-06	0.0791376	7.37541e-06	0.055977
2.21262e-05	0.874329	7.37541e-06	0.234364
3.68771e-05	1.8271	7.37541e-06	0.371585
5.16279e-05	5.03034	7.37541e-06	0.641476
6.63787e-05	7.76019	7.37541e-06	0.873798
8.11295e-05	11.9859	7.37541e-06	1.11638
9.58803e-05	16.5839	7.37541e-06	1.46833
0.000110631	25.1199	7.37541e-06	1.84357
0.000125382	26.007	7.37541e-06	1.55092
0.000140133	35.4516	7.37541e-06	2.26858
0.000154884	44.3346	7.37541e-06	2.20981
0.000169634	58.5063	7.37541e-06	3.10337
0.000184385	67.2957	7.37541e-06	3.24037
0.000199136	75.4741	7.37541e-06	3.31976
0.000213887	87	7.37541e-06	3.31006
0.000228638	97.1421	7.37541e-06	4.07861
0.000243389	111.075	7.37541e-06	4.1101
0.000258139	121.49	7.37541e-06	4.26316
0.00027289	125.888	7.37541e-06	3.75393
0.000287641	142.35	7.37541e-06	4.09917
0.000302392	167.042	7.37541e-06	5.04332
0.000317143	176.082	7.37541e-06	5.12253
0.000331893	199.105	7.37541e-06	6.83219
0.000346644	209.492	7.37541e-06	5.15467
0.000361395	234.782	7.37541e-06	6.3968
0.000376146	240.665	7.37541e-06	5.89378
0.000390897	254.083	7.37541e-06	5.37718
0.000405648	289.398	7.37541e-06	7.08241
0.000420398	312.939	7.37541e-06	8.15794
0.000435149	309.599	7.37541e-06	6.12392
0.0004499	351.663	7.37541e-06	7.20205
0.000464651	384.783	7.37541e-06	9.33809
0.000479402	389.936	7.37541e-06	8.58946
0.000494153	396.592	7.37541e-06	7.36437
0.000508903	427.095	7.37541e-06	9.58263
0.000523654	456.204	7.37541e-06	8.70507
0.000538405	469.782	7.37541e-06	10.269
0.000553156	560.267	7.37541e-06	34.2726
0.000567907	495.592	7.37541e-06	8.168
0.000582657	574.75	7.37541e-06	23.9425
0.000597408	544.965	7.37541e-06	9.89237
0.000612159	567.386	7.37541e-06	10.3341
0.00062691	605.954	7.37541e-06	14.1155
0.000641661	618.086	7.37541e-06	13.0331
0.000656412	625.368	7.37541e-06	11.0406
0.000671162	672.291	7.37541e-06	12.6729
0.000685913	667.552	7.37541e-06	11.1028
0.000700664	679.291	7.37541e-06	9.73241
0.000715415	707.382	7.37541e-06	10.6651
0.000730166	721.4	7.37541e-06	12.3264
0.000744916	743.5	7.37541e-06	11.9629
0.000759667	751.113	7.37541e-06	10.4626
0.000774418	788.24	7.37541e-06	16.3881
0.000789169	792.911	7.37541e-06	15.2035
0.00080392	796.848	7.37541e-06	10.9019
0.000818671	804.439	7.37541e-06	10.9817
0.000833421	830.812	7.37541e-06	14.7061
0.000848172	816.08	7.37541e-06	10.1016
0.000862923	829.125	7.37541e-06	11.3333
0.000877674	848.433	7.37541e-06	11.5826
0.000892425	866.511	7.37541e-06	11.4569
0.000907176	878.161	7.37541e-06	12.0003
0.000921926	889.028	7.37541e-06	12.3591
0.000936677	878.162	7.37541e-06	10.5196
0.000951428	900.09	7.37541e-06	18.8983
0.000966179	908.714	7.37541e-06	12.4674
0.00098093	903.058	7.37541e-06	12.4056
0.00099568	897.43	7.37541e-06	11.6752
0.00101043	895.421	7.37541e-06	11.6043
0.00102518	908.108	7.37541e-06	11.4589
0.00103993	906.584	7.37541e-06	16.689
0.00105468	941.706	7.37541e-06	18.2533
0.00106943	900.391	7.37541e-06	12.4582
0.00108419	886.415	7.37541e-06	10.6485
0.00109894	878.362	7.37541e-06	10.9358
0.00111369	878.764	7.37541e-06	11.5931
0.00112844	924.135	7.37541e-06	33.6567
0.00114319	898.2	7.37541e-06	11.3874
0.00115794	866.902	7.37541e-06	11.4139
0.00117269	867.315	7.37541e-06	11.9244
0.00118744	881.662	7.37541e-06	12.1099
0.00120219	845.515	7.37541e-06	11.9633
0.00121694	846.257	7.37541e-06	10.8865
0.00123169	830.548	7.37541e-06	12.2942
0.00124644	808.208	7.37541e-06	12.3481
0.0012612	790.98	7.37541e-06	9.86921
0.00127595	775.694	7.37541e-06	9.74446
0.0012907	819.615	7.37541e-06	32.3574
0.00130545	759.866	7.37541e-06	10.5984
0.0013202	745.732	7.37541e-06	10.5909
0.00133495	728.922	7.37541e-06	9.82741
0.0013497	724.944	7.37541e-06	10.9404
0.00136445	698.88	7.37541e-06	9.42293
0.0013792	701.498	7.37541e-06	11.9452
0.00139395	661.454	7.37541e-06	8.66358
0.0014087	658.146	7.37541e-06	11.5219
0.00142345	644.815	7.37541e-06	10.3738
0.00143821	629.589	7.37541e-06	10.2491
0.00145296	599.841	7.37541e-06	8.32143
0.00146771	596	7.37541e-06	9.20146
0.00148246	574.759	7.37541e-06	9.07483
0.00149721	564.987	7.37541e-06	9.1189
0.00151196	542.354	7.37541e-06	8.31613
0.00152671	513.935	7.37541e-06	8.28404
0.00154146	513.338	7.37541e-06	9.21256
0.00155621	515.082	7.37541e-06	14.6699
0.00157096	476.033	7.37541e-06	7.97522
0.00158571	452.255	7.37541e-06	7.3742
0.00160046	453.103	7.37541e-06	9.88231
0.00161521	421.501	7.37541e-06	7.08253
0.00162997	407.13	7.37541e-06	6.66407
0.00164472	394.429	7.37541e-06	7.74296
0.00165947	379.53	7.37541e-06	6.93183
0.00167422	361.466	7.37541e-06	6.59862
0.00168897	346.459	7.37541e-06	6.90251
0.00170372	325.446	7.37541e-06	5.89653
0.00171847	308.394	7.37541e-06	6.65382
0.00173322	319.967	7.37541e-06	10.904
0.00174797	281.961	7.37541e-06	5.90617
0.00176272	278.294	7.37541e-06	6.26056
0.00177747	272.225	7.37541e-06	6.64557
0.00179222	248.893	7.37541e-06	6.66936
0.00180698	227.496	7.37541e-06	5.88477
0.00182173	234.376	7.37541e-06	6.1243
0.00183648	221.607	7.37541e-06	5.89911
0.00185123	210.913	7.37541e-06	7.00022
0.00186598	198.697	7.37541e-06	4.65893
0.00188073	187.006	7.37541e-06	7.26772
0.00189548	180.547	7.37541e-06	4.58708
0.00191023	164.89	7.37541e-06	5.08351
0.00192498	158.07	7.37541e-06	4.66505
0.00193973	145.35	7.37541e-06	3.99463
0.00195448	139.409	7.37541e-06	4.11326
0.00196923	134.683	7.37541e-06	4.70357
0.00198399	120.392	7.37541e-06	4.51447
0.00199874	120.717	7.37541e-06	3.43068
0.00201349	101.189	7.37541e-06	3.14042
0.00202824	105.252	7.37541e-06	3.82315
0.00204299	96.8042	7.37541e-06	3.48916
0.00205774	86.7942	7.37541e-06	2.89563
0.00207249	90.8261	7.37541e-06	4.43651
0.00208724	77.4792	7.37541e-06	2.74708
0.00210199	73.3612	7.37541e-06	2.7144
0.00211674	67.8607	7.37541e-06	2.67762
0.00213149	63.5643	7.37541e-06	2.64588
0.00214624	54.3888	7.37541e-06	2.25299
0.002161	60.2381	7.37541e-06	4.99334
0.00217575	52.3615	7.37541e-06	2.73144
0.0021905	53.5922	7.37541e-06	3.11291
0.00220525	40.9774	7.37541e-06	2.6307
0.00222	39.8734	7.37541e-06	1.97886
0.00223475	35.0988	7.37541e-06	1.77378
0.0022495	36.5028	7.37541e-06	2.43018
0.00226425	27.6771	7.37541e-06	1.43965
0.002279	27.547	7.37541e-06	1.54084
0.00229375	23.6835	7.37541e-06	1.51554
0.0023085	27.1917	7.37541e-06	2.01675
0.00232325	20.0789	7.37541e-06	1.29876
0.00233801	19.9799	7.37541e-06	1.3234
0.00235276	16.9291	7.37541e-06	1.16127
0.00236751	15.6814	7.37541e-06	1.09852
0.00238226	16.8372	7.37541e-06	1.27115
0.00239701	10.5043	7.37541e-06	0.897914
0.00241176	10.3781	7.37541e-06	0.890221
0.00242651	8.58521	7.37541e-06	0.761124
0.00244126	8.92211	7.37541e-06	0.785823
0.00245601	8.29854	7.37541e-06	0.752741
0.00247076	7.02302	7.37541e-06	0.707468
0.00248551	5.64756	7.37541e-06	0.602962
0.00250026	4.16496	7.37541e-06	0.518071
0.00251502	2.85655	7.37541e-06	0.420109
0.00252977	1.9737	7.37541e-06	0.355214
0.00254452	1.63428	7.37541e-06	0.320278
0.00255927	1.04162	7.37541e-06	0.257644
0.00257402	0.412315	7.37541e-06	0.15717
