7.36124e-06	0.0602778	7.36124e-06	0.0426296
2.20837e-05	0.418316	7.36124e-06	0.116477
3.68062e-05	2.09752	7.36124e-06	0.618811
5.15287e-05	5.59239	7.36124e-06	1.01104
6.62512e-05	7.19823	7.36124e-06	0.685071
8.09736e-05	10.3313	7.36124e-06	0.946506
9.56961e-05	17.7194	7.36124e-06	1.50754
0.000110419	22.2159	7.36124e-06	1.33509
0.000125141	32.9552	7.36124e-06	2.57315
0.000139864	36.5571	7.36124e-06	2.32558
0.000154586	44.5396	7.36124e-06	1.87123
0.000169308	58.0068	7.36124e-06	3.30997
0.000184031	63.1138	7.36124e-06	2.54339
0.000198753	71.7383	7.36124e-06	2.80454
0.000213476	90.2787	7.36124e-06	3.88904
0.000228198	93.8548	7.36124e-06	3.15503
0.000242921	104.268	7.36124e-06	4.25915
0.000257643	125.043	7.36124e-06	4.188
0.000272366	147.236	7.36124e-06	7.64699
0.000287088	157.594	7.36124e-06	8.72395
0.000301811	187.172	7.36124e-06	14.1706
0.000316533	186.877	7.36124e-06	4.96969
0.000331256	196.24	7.36124e-06	6.17885
0.000345978	221.287	7.36124e-06	6.40091
0.000360701	227.956	7.36124e-06	5.12874
0.000375423	251.096	7.36124e-06	5.64074
0.000390146	264.545	7.36124e-06	6.39932
0.000404868	273.837	7.36124e-06	5.66597
0.000419591	306.914	7.36124e-06	6.61979
0.000434313	329.932	7.36124e-06	7.40968
0.000449036	347.737	7.36124e-06	7.72516
0.000463758	368.553	7.36124e-06	10.2187
0.000478481	374.257	7.36124e-06	8.21772
0.000493203	391.342	7.36124e-06	7.43523
0.000507925	408.286	7.36124e-06	6.74824
0.000522648	435.561	7.36124e-06	7.32274
0.00053737	472.785	7.36124e-06	14.0479
0.000552093	487.719	7.36124e-06	8.63942
0.000566815	482.712	7.36124e-06	7.56395
0.000581538	527.872	7.36124e-06	8.35117
0.00059626	546.544	7.36124e-06	13.6889
0.000610983	561.186	7.36124e-06	8.99539
0.000625705	594.629	7.36124e-06	12.6036
0.000640428	577.932	7.36124e-06	8.53141
0.00065515	616.31	7.36124e-06	9.45688
0.000669873	661.271	7.36124e-06	20.1067
0.000684595	670.343	7.36124e-06	14.1626
0.000699318	676.262	7.36124e-06	13.5429
0.00071404	702.574	7.36124e-06	11.2871
0.000728763	722.859	7.36124e-06	14.3088
0.000743485	728.45	7.36124e-06	11.8187
0.000758208	731.15	7.36124e-06	10.429
0.00077293	793.018	7.36124e-06	26.4539
0.000787653	807.706	7.36124e-06	17.3721
0.000802375	778.085	7.36124e-06	9.84836
0.000817098	809.4	7.36124e-06	14.2097
0.00083182	815.777	7.36124e-06	10.6231
0.000846542	814.401	7.36124e-06	12.0913
0.000861265	834.301	7.36124e-06	11.4523
0.000875987	831.705	7.36124e-06	10.5488
0.00089071	867.34	7.36124e-06	13.3933
0.000905432	881.84	7.36124e-06	16.7012
0.000920155	858.696	7.36124e-06	14.5412
0.000934877	879.106	7.36124e-06	12.6136
0.0009496	889.968	7.36124e-06	12.97
0.000964322	899.216	7.36124e-06	13.4051
0.000979045	899.375	7.36124e-06	13.4079
0.000993767	896.067	7.36124e-06	11.8121
0.00100849	886.534	7.36124e-06	11.8758
0.00102321	873.164	7.36124e-06	12.6427
0.00103793	917.142	7.36124e-06	16.8642
0.00105266	926.127	7.36124e-06	15.9364
0.00106738	993.312	7.36124e-06	61.0713
0.0010821	920.687	7.36124e-06	13.4189
0.00109682	881.952	7.36124e-06	11.6921
0.00111155	910.496	7.36124e-06	15.3695
0.00112627	900.846	7.36124e-06	14.0069
0.00114099	872.463	7.36124e-06	12.845
0.00115571	887.656	7.36124e-06	14.5485
0.00117044	874.333	7.36124e-06	15.4468
0.00118516	831.271	7.36124e-06	11.8667
0.00119988	843.563	7.36124e-06	16.7073
0.0012146	957.666	7.36124e-06	83.8169
0.00122933	818.459	7.36124e-06	14.9156
0.00124405	831.995	7.36124e-06	17.732
0.00125877	842.728	7.36124e-06	24.6243
0.00127349	778.355	7.36124e-06	12.5205
0.00128822	797.127	7.36124e-06	18.219
0.00130294	767.588	7.36124e-06	14.5579
0.00131766	763.099	7.36124e-06	14.3149
0.00133238	746.095	7.36124e-06	13.0104
0.00134711	732.64	7.36124e-06	12.5284
0.00136183	694.291	7.36124e-06	10.4811
0.00137655	682.763	7.36124e-06	10.9978
0.00139127	679.193	7.36124e-06	11.9582
0.001406	654.513	7.36124e-06	12.2208
0.00142072	639.452	7.36124e-06	10.0306
0.00143544	612.624	7.36124e-06	10.9167
0.00145016	631.445	7.36124e-06	35.1921
0.00146489	591.63	7.36124e-06	10.7101
0.00147961	578.192	7.36124e-06	9.30056
0.00149433	580.266	7.36124e-06	10.6787
0.00150905	551.711	7.36124e-06	11.6142
0.00152378	572.715	7.36124e-06	41.0276
0.0015385	524.461	7.36124e-06	15.3046
0.00155322	480.949	7.36124e-06	8.65083
0.00156794	486.973	7.36124e-06	10.023
0.00158267	464.696	7.36124e-06	12.2643
0.00159739	458.149	7.36124e-06	12.9319
0.00161211	444.174	7.36124e-06	11.2031
0.00162683	416.412	7.36124e-06	11.526
0.00164156	398.883	7.36124e-06	8.8249
0.00165628	382.589	7.36124e-06	9.23542
0.001671	363.572	7.36124e-06	8.04164
0.00168572	360.003	7.36124e-06	9.62938
0.00170045	338.213	7.36124e-06	8.39626
0.00171517	304.827	7.36124e-06	6.83447
0.00172989	327.946	7.36124e-06	12.7469
0.00174461	287.457	7.36124e-06	6.96803
0.00175934	275.503	7.36124e-06	8.70619
0.00177406	265.009	7.36124e-06	8.10828
0.00178878	249.474	7.36124e-06	7.35571
0.0018035	268.056	7.36124e-06	18.4242
0.00181823	229.407	7.36124e-06	6.6015
0.00183295	215.386	7.36124e-06	5.42732
0.00184767	202.093	7.36124e-06	6.10575
0.00186239	201.994	7.36124e-06	6.17609
0.00187712	207.377	7.36124e-06	8.03473
0.00189184	171.485	7.36124e-06	5.44508
0.00190656	165.551	7.36124e-06	5.16984
0.00192128	168.393	7.36124e-06	8.94944
0.00193601	150.367	7.36124e-06	5.79198
0.00195073	132.382	7.36124e-06	4.13571
0.00196545	124.266	7.36124e-06	4.39601
0.00198017	114.285	7.36124e-06	3.71096
0.0019949	122.855	7.36124e-06	5.49485
0.00200962	117.12	7.36124e-06	5.36502
0.00202434	103.786	7.36124e-06	4.30402
0.00203906	106.783	7.36124e-06	4.62769
0.00205379	88.1038	7.36124e-06	3.67724
0.00206851	79.7842	7.36124e-06	3.69905
0.00208323	72.2317	7.36124e-06	3.22397
0.00209795	77.7792	7.36124e-06	4.31958
0.00211268	73.0927	7.36124e-06	6.81999
0.0021274	62.8969	7.36124e-06	3.11242
0.00214212	66.5524	7.36124e-06	3.77082
0.00215684	56.4317	7.36124e-06	2.86562
0.00217157	53.2444	7.36124e-06	3.16642
0.00218629	41.4486	7.36124e-06	2.31814
0.00220101	41.7742	7.36124e-06	2.37563
0.00221573	43.7258	7.36124e-06	2.86273
0.00223046	41.9189	7.36124e-06	3.67853
0.00224518	30.9847	7.36124e-06	2.40517
0.0022599	27.1868	7.36124e-06	1.88272
0.00227462	31.4219	7.36124e-06	2.59223
0.00228935	23.1915	7.36124e-06	1.73904
0.00230407	21.4118	7.36124e-06	1.7058
0.00231879	20.6982	7.36124e-06	1.59877
0.00233351	19.7076	7.36124e-06	1.98047
0.00234824	14.8349	7.36124e-06	1.43847
0.00236296	14.5596	7.36124e-06	1.6156
0.00237768	11.2443	7.36124e-06	1.21896
0.0023924	11.8491	7.36124e-06	1.39087
0.00240713	10.2529	7.36124e-06	1.12938
0.00242185	9.28565	7.36124e-06	1.51469
0.00243657	9.38863	7.36124e-06	1.58786
0.00245129	7.20838	7.36124e-06	1.32453
0.00246602	5.4787	7.36124e-06	0.835595
0.00248074	7.38742	7.36124e-06	1.234
0.00249546	4.1503	7.36124e-06	0.646087
0.00251018	3.66812	7.36124e-06	0.613346
0.00252491	2.84446	7.36124e-06	1.04058
0.00253963	1.20253	7.36124e-06	0.367419
0.00255435	1.59728	7.36124e-06	0.431826
0.00256907	0.828297	7.36124e-06	0.29615
