7.36984e-06	0.0459047	7.36984e-06	0.0459047
2.21095e-05	0.89597	7.36984e-06	0.252155
3.68492e-05	1.95581	7.36984e-06	0.362301
5.15889e-05	4.38263	7.36984e-06	1.16203
6.63286e-05	8.49503	7.36984e-06	1.08709
8.10683e-05	11.3181	7.36984e-06	1.16934
9.5808e-05	18.1486	7.36984e-06	1.82627
0.000110548	23.3866	7.36984e-06	1.95456
0.000125287	29.3625	7.36984e-06	1.91756
0.000140027	32.8125	7.36984e-06	1.99473
0.000154767	45.8992	7.36984e-06	3.46102
0.000169506	53.0566	7.36984e-06	2.52884
0.000184246	62.3596	7.36984e-06	3.03845
0.000198986	74.4075	7.36984e-06	3.74299
0.000213725	106.695	7.36984e-06	14.4404
0.000228465	99.6825	7.36984e-06	4.14104
0.000243205	106.436	7.36984e-06	4.00138
0.000257945	122.574	7.36984e-06	4.24545
0.000272684	136.64	7.36984e-06	4.78673
0.000287424	153.033	7.36984e-06	4.93655
0.000302164	164.928	7.36984e-06	5.17912
0.000316903	189.237	7.36984e-06	5.53408
0.000331643	200.197	7.36984e-06	5.33638
0.000346383	219.617	7.36984e-06	6.79785
0.000361122	227.654	7.36984e-06	9.28183
0.000375862	251.224	7.36984e-06	5.93758
0.000390602	259.483	7.36984e-06	6.19261
0.000405341	292.726	7.36984e-06	7.15219
0.000420081	319.676	7.36984e-06	10.0409
0.000434821	335.07	7.36984e-06	9.36447
0.00044956	359.842	7.36984e-06	9.09089
0.0004643	360.423	7.36984e-06	7.24739
0.00047904	382.28	7.36984e-06	7.9408
0.000493779	388.138	7.36984e-06	7.71892
0.000508519	430.261	7.36984e-06	8.55389
0.000523259	452.355	7.36984e-06	8.01562
0.000537999	449.981	7.36984e-06	7.67697
0.000552738	475.159	7.36984e-06	8.06858
0.000567478	510.853	7.36984e-06	8.87076
0.000582218	508.218	7.36984e-06	7.99283
0.000596957	543.495	7.36984e-06	9.60471
0.000611697	554.37	7.36984e-06	8.57154
0.000626437	576.421	7.36984e-06	10.0823
0.000641176	608.669	7.36984e-06	10.091
0.000655916	627.009	7.36984e-06	9.5226
0.000670656	650.056	7.36984e-06	13.2392
0.000685395	667.235	7.36984e-06	10.2997
0.000700135	669.175	7.36984e-06	9.37558
0.000714875	697.967	7.36984e-06	9.92377
0.000729614	722.891	7.36984e-06	11.8074
0.000744354	872.051	7.36984e-06	101.882
0.000759094	739.585	7.36984e-06	9.54081
0.000773834	752.307	7.36984e-06	11.4962
0.000788573	803.713	7.36984e-06	11.1095
0.000803313	784.734	7.36984e-06	10.0995
0.000818053	821.537	7.36984e-06	12.3775
0.000832792	810.026	7.36984e-06	10.1691
0.000847532	832.471	7.36984e-06	10.1301
0.000862272	835.388	7.36984e-06	10.3935
0.000877011	867.573	7.36984e-06	14.191
0.000891751	866.649	7.36984e-06	10.6966
0.000906491	886.878	7.36984e-06	15.4189
0.00092123	887.334	7.36984e-06	11.3362
0.00093597	885.192	7.36984e-06	10.9712
0.00095071	910.319	7.36984e-06	15.2575
0.000965449	888.268	7.36984e-06	10.5745
0.000980189	890.467	7.36984e-06	11.2411
0.000994929	942.92	7.36984e-06	24.9597
0.00100967	924.439	7.36984e-06	12.3953
0.00102441	914.683	7.36984e-06	10.585
0.00103915	915.321	7.36984e-06	10.762
0.00105389	888.637	7.36984e-06	11.5402
0.00106863	919.498	7.36984e-06	12.1536
0.00108337	921.385	7.36984e-06	11.5491
0.00109811	906.613	7.36984e-06	12.5392
0.00111285	889.724	7.36984e-06	9.87618
0.00112759	894.626	7.36984e-06	10.8521
0.00114233	886.59	7.36984e-06	9.79107
0.00115707	877.408	7.36984e-06	12.9606
0.00117181	859.966	7.36984e-06	10.1492
0.00118654	851.548	7.36984e-06	9.95342
0.00120128	848.532	7.36984e-06	9.84592
0.00121602	845.175	7.36984e-06	10.4418
0.00123076	808.212	7.36984e-06	10.3864
0.0012455	813.507	7.36984e-06	11.438
0.00126024	806.329	7.36984e-06	9.76479
0.00127498	773.737	7.36984e-06	9.08541
0.00128972	787.353	7.36984e-06	11.3771
0.00130446	770.826	7.36984e-06	9.74059
0.0013192	750.227	7.36984e-06	8.95917
0.00133394	738.405	7.36984e-06	8.67833
0.00134868	729.607	7.36984e-06	8.6393
0.00136342	715.241	7.36984e-06	10.2861
0.00137816	703.359	7.36984e-06	11.3494
0.0013929	662.088	7.36984e-06	7.90534
0.00140764	666.245	7.36984e-06	8.34445
0.00142238	645.718	7.36984e-06	9.09869
0.00143712	613.511	7.36984e-06	7.63491
0.00145186	607.973	7.36984e-06	8.11035
0.0014666	602.256	7.36984e-06	8.48404
0.00148134	569.176	7.36984e-06	7.45712
0.00149608	567.04	7.36984e-06	7.54153
0.00151082	554.715	7.36984e-06	8.77521
0.00152556	532.964	7.36984e-06	8.90672
0.0015403	510.344	7.36984e-06	7.57064
0.00155504	490.411	7.36984e-06	6.82025
0.00156978	476.258	7.36984e-06	6.72076
0.00158452	471.845	7.36984e-06	14.6977
0.00159926	447.063	7.36984e-06	6.70332
0.001614	425.205	7.36984e-06	5.97543
0.00162874	404.631	7.36984e-06	6.33184
0.00164347	391.775	7.36984e-06	5.91155
0.00165821	366.689	7.36984e-06	5.77398
0.00167295	361.596	7.36984e-06	6.10767
0.00168769	351.309	7.36984e-06	5.41015
0.00170243	338.473	7.36984e-06	5.7297
0.00171717	324.232	7.36984e-06	5.4578
0.00173191	304.907	7.36984e-06	5.29673
0.00174665	284.512	7.36984e-06	4.8392
0.00176139	284.773	7.36984e-06	5.80173
0.00177613	272.806	7.36984e-06	4.91414
0.00179087	256.67	7.36984e-06	4.84459
0.00180561	246.498	7.36984e-06	5.87312
0.00182035	232.007	7.36984e-06	4.29578
0.00183509	220.234	7.36984e-06	4.2839
0.00184983	206.071	7.36984e-06	3.90249
0.00186457	200.697	7.36984e-06	4.07366
0.00187931	182.626	7.36984e-06	3.57222
0.00189405	182.812	7.36984e-06	5.46
0.00190879	162.683	7.36984e-06	3.44688
0.00192353	159.461	7.36984e-06	3.55334
0.00193827	147.537	7.36984e-06	3.26093
0.00195301	139.465	7.36984e-06	3.32999
0.00196775	129.692	7.36984e-06	3.16683
0.00198249	124.464	7.36984e-06	3.07992
0.00199723	115.758	7.36984e-06	2.95958
0.00201197	108.143	7.36984e-06	2.76134
0.00202671	102.079	7.36984e-06	2.58716
0.00204145	96.2067	7.36984e-06	2.57366
0.00205619	88.7798	7.36984e-06	2.59429
0.00207093	85.5196	7.36984e-06	2.63818
0.00208567	77.0419	7.36984e-06	2.24284
0.00210041	73.0392	7.36984e-06	2.25965
0.00211514	68.2299	7.36984e-06	2.07693
0.00212988	60.6856	7.36984e-06	1.94187
0.00214462	60.6952	7.36984e-06	2.21319
0.00215936	58.5431	7.36984e-06	1.99724
0.0021741	51.3761	7.36984e-06	1.82192
0.00218884	45.1786	7.36984e-06	1.67863
0.00220358	44.3308	7.36984e-06	1.66255
0.00221832	41.9668	7.36984e-06	1.63666
0.00223306	36.3478	7.36984e-06	1.49194
0.0022478	35.8371	7.36984e-06	1.46845
0.00226254	30.5846	7.36984e-06	1.34962
0.00227728	26.7281	7.36984e-06	1.25496
0.00229202	26.5537	7.36984e-06	1.2491
0.00230676	24.7675	7.36984e-06	1.18944
0.0023215	21.4199	7.36984e-06	1.13199
0.00233624	19.9105	7.36984e-06	1.06542
0.00235098	17.4857	7.36984e-06	1.00155
0.00236572	15.0829	7.36984e-06	0.933247
0.00238046	13.8099	7.36984e-06	0.878796
0.0023952	12.538	7.36984e-06	0.831194
0.00240994	11.1681	7.36984e-06	0.78809
0.00242468	10.3679	7.36984e-06	0.763341
0.00243942	8.76669	7.36984e-06	0.689886
0.00245416	7.17374	7.36984e-06	0.61743
0.0024689	5.93313	7.36984e-06	0.564621
0.00248364	5.40692	7.36984e-06	0.535678
0.00249838	3.73743	7.36984e-06	0.440132
0.00251312	3.56378	7.36984e-06	0.429028
0.00252786	2.00593	7.36984e-06	0.318502
0.0025426	1.80218	7.36984e-06	0.301886
0.00255734	1.15668	7.36984e-06	0.241903
0.00257208	0.344431	7.36984e-06	0.130224
