7.36227e-06	0.178799	7.36227e-06	0.0918413
2.20868e-05	0.713036	7.36227e-06	0.315321
3.68113e-05	2.15989	7.36227e-06	0.320607
5.15359e-05	6.73234	7.36227e-06	1.05007
6.62604e-05	8.24759	7.36227e-06	0.877026
8.0985e-05	12.4129	7.36227e-06	1.17399
9.57095e-05	16.2233	7.36227e-06	1.11454
0.000110434	22.2526	7.36227e-06	1.68834
0.000125159	32.6734	7.36227e-06	1.88612
0.000139883	39.0829	7.36227e-06	2.32639
0.000154608	50.8989	7.36227e-06	2.81958
0.000169332	51.3377	7.36227e-06	2.39618
0.000184057	66.5742	7.36227e-06	3.51884
0.000198781	76.2942	7.36227e-06	3.37886
0.000213506	85.5437	7.36227e-06	2.90226
0.00022823	96.4047	7.36227e-06	3.01367
0.000242955	106.267	7.36227e-06	3.34944
0.000257679	132.191	7.36227e-06	12.84
0.000272404	133.188	7.36227e-06	3.69556
0.000287129	152.197	7.36227e-06	5.44081
0.000301853	157.836	7.36227e-06	3.89136
0.000316578	192.896	7.36227e-06	12.936
0.000331302	194.401	7.36227e-06	4.95409
0.000346027	218.031	7.36227e-06	6.67708
0.000360751	218.328	7.36227e-06	4.61284
0.000375476	253.8	7.36227e-06	6.89385
0.0003902	269.73	7.36227e-06	6.94396
0.000404925	274.385	7.36227e-06	5.75409
0.000419649	315.659	7.36227e-06	9.236
0.000434374	336.491	7.36227e-06	12.4909
0.000449098	346.724	7.36227e-06	7.79441
0.000463823	368.249	7.36227e-06	7.41956
0.000478548	387.889	7.36227e-06	7.96181
0.000493272	411.462	7.36227e-06	9.26341
0.000507997	414.647	7.36227e-06	7.12505
0.000522721	437.876	7.36227e-06	7.43653
0.000537446	469.336	7.36227e-06	8.56905
0.00055217	503.699	7.36227e-06	9.39524
0.000566895	501.067	7.36227e-06	8.2901
0.000581619	520.883	7.36227e-06	8.35256
0.000596344	551.128	7.36227e-06	12.2712
0.000611068	561.904	7.36227e-06	9.58184
0.000625793	553.902	7.36227e-06	7.9772
0.000640517	591.372	7.36227e-06	8.83935
0.000655242	612.363	7.36227e-06	9.23552
0.000669967	653.401	7.36227e-06	11.7877
0.000684691	658.603	7.36227e-06	10.0113
0.000699416	697.643	7.36227e-06	10.4293
0.00071414	693.598	7.36227e-06	11.4841
0.000728865	717.874	7.36227e-06	12.5453
0.000743589	718.232	7.36227e-06	11.7154
0.000758314	763.692	7.36227e-06	16.7037
0.000773038	748.565	7.36227e-06	9.87027
0.000787763	782.947	7.36227e-06	11.9998
0.000802487	835.446	7.36227e-06	16.568
0.000817212	816.118	7.36227e-06	12.3964
0.000831936	826.846	7.36227e-06	12.7172
0.000846661	817.656	7.36227e-06	10.8402
0.000861386	860.307	7.36227e-06	17.6364
0.00087611	874.575	7.36227e-06	24.725
0.000890835	867.332	7.36227e-06	16.7939
0.000905559	880.105	7.36227e-06	15.2004
0.000920284	869.896	7.36227e-06	12.0026
0.000935008	889.403	7.36227e-06	11.7894
0.000949733	894.682	7.36227e-06	12.8068
0.000964457	944.516	7.36227e-06	43.7972
0.000979182	925.628	7.36227e-06	14.8623
0.000993906	897.945	7.36227e-06	12.0908
0.00100863	892.42	7.36227e-06	12.5362
0.00102336	940.368	7.36227e-06	15.0856
0.00103808	908.018	7.36227e-06	16.2711
0.0010528	910.817	7.36227e-06	12.0227
0.00106753	908.128	7.36227e-06	13.5728
0.00108225	903.94	7.36227e-06	12.8141
0.00109698	884.71	7.36227e-06	12.055
0.0011117	882.567	7.36227e-06	13.5609
0.00112643	863.812	7.36227e-06	10.7515
0.00114115	916.345	7.36227e-06	32.6314
0.00115588	892.49	7.36227e-06	15.3835
0.0011706	863.699	7.36227e-06	15.5242
0.00118533	837.301	7.36227e-06	12.1734
0.00120005	876.731	7.36227e-06	16.2138
0.00121477	859.418	7.36227e-06	16.9389
0.0012295	811.074	7.36227e-06	11.5173
0.00124422	819.821	7.36227e-06	12.7459
0.00125895	820.381	7.36227e-06	12.9222
0.00127367	787.75	7.36227e-06	12.6735
0.0012884	780.253	7.36227e-06	14.3242
0.00130312	769.99	7.36227e-06	12.1463
0.00131785	761.493	7.36227e-06	13.0552
0.00133257	740.296	7.36227e-06	12.2716
0.0013473	745.126	7.36227e-06	13.3088
0.00136202	709.699	7.36227e-06	11.806
0.00137674	710.047	7.36227e-06	20.6531
0.00139147	654.503	7.36227e-06	10.9008
0.00140619	659.475	7.36227e-06	12.3808
0.00142092	658.273	7.36227e-06	14.0179
0.00143564	612.068	7.36227e-06	9.81742
0.00145037	636.865	7.36227e-06	18.0934
0.00146509	602.106	7.36227e-06	11.396
0.00147982	560.509	7.36227e-06	10.0214
0.00149454	591.737	7.36227e-06	18.7951
0.00150927	547.171	7.36227e-06	14.1663
0.00152399	523.73	7.36227e-06	9.35999
0.00153871	504.163	7.36227e-06	10.0216
0.00155344	493.409	7.36227e-06	9.19017
0.00156816	454.618	7.36227e-06	10.3115
0.00158289	463.509	7.36227e-06	11.2407
0.00159761	444.123	7.36227e-06	11.8423
0.00161234	432.479	7.36227e-06	10.1209
0.00162706	411.925	7.36227e-06	9.54641
0.00164179	404.716	7.36227e-06	11.1546
0.00165651	376.97	7.36227e-06	9.16736
0.00167124	365.947	7.36227e-06	8.58758
0.00168596	343.395	7.36227e-06	8.34574
0.00170068	349.511	7.36227e-06	11.3506
0.00171541	320.635	7.36227e-06	8.37485
0.00173013	315.703	7.36227e-06	9.3425
0.00174486	293.931	7.36227e-06	7.49337
0.00175958	270.554	7.36227e-06	7.77482
0.00177431	293.926	7.36227e-06	17.7877
0.00178903	255.68	7.36227e-06	7.25449
0.00180376	247.831	7.36227e-06	7.67845
0.00181848	232.121	7.36227e-06	6.83076
0.00183321	228.633	7.36227e-06	6.47628
0.00184793	210.665	7.36227e-06	6.33997
0.00186265	202.135	7.36227e-06	7.03892
0.00187738	203.33	7.36227e-06	8.46224
0.0018921	171.557	7.36227e-06	5.21283
0.00190683	160.782	7.36227e-06	6.59624
0.00192155	155.431	7.36227e-06	6.33822
0.00193628	143.241	7.36227e-06	4.90626
0.001951	145.244	7.36227e-06	6.06475
0.00196573	130.98	7.36227e-06	4.85094
0.00198045	125.53	7.36227e-06	5.04421
0.00199518	115.035	7.36227e-06	4.74892
0.0020099	112.92	7.36227e-06	4.53274
0.00202462	100.329	7.36227e-06	4.6688
0.00203935	95.1722	7.36227e-06	3.86845
0.00205407	93.0508	7.36227e-06	4.15157
0.0020688	82.6637	7.36227e-06	3.42161
0.00208352	87.308	7.36227e-06	8.34803
0.00209825	74.8504	7.36227e-06	3.78327
0.00211297	77.7642	7.36227e-06	6.1422
0.0021277	56.0277	7.36227e-06	2.73821
0.00214242	65.706	7.36227e-06	4.15967
0.00215715	59.4398	7.36227e-06	4.41529
0.00217187	58.966	7.36227e-06	7.62104
0.00218659	53.7949	7.36227e-06	5.38411
0.00220132	44.1144	7.36227e-06	2.77184
0.00221604	35.3423	7.36227e-06	2.14593
0.00223077	34.7739	7.36227e-06	3.19727
0.00224549	31.591	7.36227e-06	2.44793
0.00226022	27.2948	7.36227e-06	2.03182
0.00227494	24.4778	7.36227e-06	2.08033
0.00228967	27.8743	7.36227e-06	2.48108
0.00230439	18.3616	7.36227e-06	1.78993
0.00231911	18.024	7.36227e-06	1.5797
0.00233384	14.226	7.36227e-06	1.36562
0.00234856	13.337	7.36227e-06	1.27726
0.00236329	19.6853	7.36227e-06	2.50934
0.00237801	12.7397	7.36227e-06	1.43158
0.00239274	8.69892	7.36227e-06	1.10653
0.00240746	12.7654	7.36227e-06	2.71235
0.00242219	8.16496	7.36227e-06	1.1433
0.00243691	7.94215	7.36227e-06	1.17198
0.00245164	8.78017	7.36227e-06	2.11355
0.00246636	7.73599	7.36227e-06	1.5409
0.00248108	6.67869	7.36227e-06	1.67928
0.00249581	4.17248	7.36227e-06	0.908094
0.00251053	2.90626	7.36227e-06	0.689282
0.00252526	2.43317	7.36227e-06	0.680512
0.00253998	1.3331	7.36227e-06	0.532257
0.00255471	0.303541	7.36227e-06	0.175366
0.00256943	0.611822	7.36227e-06	0.421859
