0	1123.98	7.36101e-06	4.22172
1.4722e-05	1123.87	7.36101e-06	4.21372
2.9444e-05	1123.2	7.36101e-06	4.18589
4.41661e-05	1122.22	7.36101e-06	4.16055
5.88881e-05	1120.91	7.36101e-06	4.13826
7.36101e-05	1118.99	7.36101e-06	4.10675
8.83321e-05	1117.03	7.36101e-06	4.08622
0.000103054	1114.28	7.36101e-06	4.05752
0.000117776	1111.76	7.36101e-06	4.03913
0.000132498	1108.33	7.36101e-06	4.01225
0.00014722	1104.79	7.36101e-06	3.98796
0.000161942	1100.89	7.36101e-06	3.9614
0.000176664	1096.43	7.36101e-06	3.93505
0.000191386	1090.97	7.36101e-06	3.89894
0.000206108	1085.63	7.36101e-06	3.87176
0.00022083	1079.77	7.36101e-06	3.84309
0.000235552	1074.06	7.36101e-06	3.81682
0.000250274	1067.77	7.36101e-06	3.78782
0.000264996	1060.89	7.36101e-06	3.75864
0.000279718	1053.31	7.36101e-06	3.72602
0.00029444	1045.03	7.36101e-06	3.69186
0.000309162	1036.52	7.36101e-06	3.6575
0.000323884	1026.46	7.36101e-06	3.49795
0.000338606	1017.55	7.36101e-06	3.46503
0.000353328	1008.17	7.36101e-06	3.43188
0.00036805	998.417	7.36101e-06	3.39942
0.000382773	988.816	7.36101e-06	3.36896
0.000397495	978.855	7.36101e-06	3.33806
0.000412217	968.619	7.36101e-06	3.30841
0.000426939	958.076	7.36101e-06	3.27907
0.000441661	946.861	7.36101e-06	3.2354
0.000456383	935.499	7.36101e-06	3.20079
0.000471105	923.818	7.36101e-06	3.17102
0.000485827	912.306	7.36101e-06	3.14329
0.000500549	900.575	7.36101e-06	3.11252
0.000515271	887.17	7.36101e-06	3.02017
0.000529993	874.884	7.36101e-06	2.99063
0.000544715	862.443	7.36101e-06	2.96404
0.000559437	849.415	7.36101e-06	2.93367
0.000574159	836.259	7.36101e-06	2.9039
0.000588881	822.577	7.36101e-06	2.87014
0.000603603	808.731	7.36101e-06	2.83746
0.000618325	794.8	7.36101e-06	2.80695
0.000633047	781.278	7.36101e-06	2.78084
0.000647769	767.486	7.36101e-06	2.75461
0.000662491	753.517	7.36101e-06	2.72769
0.000677213	739.177	7.36101e-06	2.6976
0.000691935	725.213	7.36101e-06	2.67066
0.000706657	711.063	7.36101e-06	2.64656
0.000721379	696.507	7.36101e-06	2.62083
0.000736101	682.081	7.36101e-06	2.59656
0.000750823	667.613	7.36101e-06	2.5719
0.000765545	653.046	7.36101e-06	2.54849
0.000780267	638.666	7.36101e-06	2.52675
0.000794989	624.519	7.36101e-06	2.50646
0.000809711	609.606	7.36101e-06	2.48372
0.000824433	595.257	7.36101e-06	2.46371
0.000839155	580.379	7.36101e-06	2.4295
0.000853877	565.83	7.36101e-06	2.40945
0.000868599	551.127	7.36101e-06	2.38851
0.000883321	536.193	7.36101e-06	2.34834
0.000898043	521.926	7.36101e-06	2.32985
0.000912765	507.734	7.36101e-06	2.31088
0.000927487	493.757	7.36101e-06	2.29382
0.000942209	479.348	7.36101e-06	2.27252
0.000956931	465.635	7.36101e-06	2.2576
0.000971653	451.821	7.36101e-06	2.23899
0.000986375	437.984	7.36101e-06	2.22189
0.0010011	424.721	7.36101e-06	2.20826
0.00101582	411.319	7.36101e-06	2.19375
0.00103054	398.576	7.36101e-06	2.18111
0.00104526	385.287	7.36101e-06	2.16533
0.00105999	372.688	7.36101e-06	2.15242
0.00107471	360.056	7.36101e-06	2.14051
0.00108943	347.927	7.36101e-06	2.1304
0.00110415	335.843	7.36101e-06	2.12053
0.00111887	324.029	7.36101e-06	2.10921
0.0011336	312.094	7.36101e-06	2.05672
0.00114832	300.744	7.36101e-06	2.04761
0.00116304	289.752	7.36101e-06	2.03951
0.00117776	278.986	7.36101e-06	2.03222
0.00119248	268.378	7.36101e-06	2.02248
0.00120721	258.068	7.36101e-06	2.01575
0.00122193	247.896	7.36101e-06	2.00487
0.00123665	237.98	7.36101e-06	1.99888
0.00125137	228.362	7.36101e-06	1.9929
0.00126609	218.849	7.36101e-06	1.98724
0.00128082	209.721	7.36101e-06	1.98224
0.00129554	200.739	7.36101e-06	1.97628
0.00131026	192.061	7.36101e-06	1.97175
0.00132498	183.726	7.36101e-06	1.96758
0.0013397	175.52	7.36101e-06	1.96258
0.00135443	167.597	7.36101e-06	1.95864
0.00136915	157.211	7.36101e-06	0.421742
0.00138387	149.662	7.36101e-06	0.399461
0.00139859	142.665	7.36101e-06	0.384766
0.00141331	135.911	7.36101e-06	0.36969
0.00142804	129.324	7.36101e-06	0.355235
0.00144276	122.959	7.36101e-06	0.341175
0.00145748	116.866	7.36101e-06	0.328539
0.0014722	110.848	7.36101e-06	0.315366
0.00148692	105.052	7.36101e-06	0.301443
0.00150165	99.6193	7.36101e-06	0.289487
0.00151637	94.2279	7.36101e-06	0.277173
0.00153109	89.0932	7.36101e-06	0.264045
0.00154581	84.2675	7.36101e-06	0.253375
0.00156053	79.7115	7.36101e-06	0.243212
0.00157526	75.2714	7.36101e-06	0.233539
0.00158998	71.0181	7.36101e-06	0.224169
0.0016047	66.922	7.36101e-06	0.214682
0.00161942	62.9897	7.36101e-06	0.205188
0.00163414	59.3483	7.36101e-06	0.196602
0.00164887	55.7606	7.36101e-06	0.188075
0.00166359	52.4259	7.36101e-06	0.180406
0.00167831	49.2938	7.36101e-06	0.173192
0.00169303	46.2625	7.36101e-06	0.16577
0.00170775	43.3566	7.36101e-06	0.158763
0.00172248	40.6463	7.36101e-06	0.152102
0.0017372	37.9716	7.36101e-06	0.145295
0.00175192	35.5698	7.36101e-06	0.13922
0.00176664	33.1797	7.36101e-06	0.132789
0.00178136	30.9403	7.36101e-06	0.126741
0.00179609	28.882	7.36101e-06	0.12136
0.00181081	26.9174	7.36101e-06	0.116033
0.00182553	25.0723	7.36101e-06	0.110957
0.00184025	23.3347	7.36101e-06	0.106094
0.00185497	21.6834	7.36101e-06	0.101414
0.0018697	20.1565	7.36101e-06	0.0970472
0.00188442	18.663	7.36101e-06	0.0925887
0.00189914	17.3036	7.36101e-06	0.0884192
0.00191386	16.002	7.36101e-06	0.0843243
0.00192858	14.7712	7.36101e-06	0.0803169
0.00194331	13.6198	7.36101e-06	0.0765209
0.00195803	12.5826	7.36101e-06	0.0730124
0.00197275	11.5834	7.36101e-06	0.0695497
0.00198747	10.6527	7.36101e-06	0.0662235
0.00200219	9.8081	7.36101e-06	0.0631359
0.00201692	8.97771	7.36101e-06	0.0599761
0.00203164	8.22986	7.36101e-06	0.0570476
0.00204636	7.50381	7.36101e-06	0.0540733
0.00206108	6.85862	7.36101e-06	0.0513678
0.0020758	6.26847	7.36101e-06	0.0487946
0.00209053	5.71447	7.36101e-06	0.0463095
0.00210525	5.19328	7.36101e-06	0.0438669
0.00211997	4.70285	7.36101e-06	0.0414663
0.00213469	4.2538	7.36101e-06	0.039198
0.00214941	3.84604	7.36101e-06	0.0370611
0.00216414	3.47494	7.36101e-06	0.0350425
0.00217886	3.13874	7.36101e-06	0.0331409
0.00219358	2.80834	7.36101e-06	0.0311743
0.0022083	2.51404	7.36101e-06	0.0293487
0.00222302	2.23411	7.36101e-06	0.0275343
0.00223775	1.99001	7.36101e-06	0.0258674
0.00225247	1.74841	7.36101e-06	0.0241248
0.00226719	1.52858	7.36101e-06	0.0224264
0.00228191	1.35166	7.36101e-06	0.0209716
0.00229664	1.18583	7.36101e-06	0.0195488
0.00231136	1.0281	7.36101e-06	0.0180995
0.00232608	0.888098	7.36101e-06	0.0167452
0.0023408	0.767313	7.36101e-06	0.0155062
0.00235552	0.648646	7.36101e-06	0.0141868
0.00237025	0.544788	7.36101e-06	0.0129489
0.00238497	0.454039	7.36101e-06	0.0117437
0.00239969	0.377809	7.36101e-06	0.0106613
0.00241441	0.307571	7.36101e-06	0.00957308
0.00242913	0.240978	7.36101e-06	0.00842394
0.00244386	0.187193	7.36101e-06	0.00738623
0.00245858	0.139693	7.36101e-06	0.00635166
0.0024733	0.107939	7.36101e-06	0.00556359
0.00248802	0.0763124	7.36101e-06	0.00466131
0.00250274	0.0532179	7.36101e-06	0.00387621
0.00251747	0.0340525	7.36101e-06	0.00308603
0.00253219	0.0207301	7.36101e-06	0.00239549
0.00254691	0.0109508	7.36101e-06	0.00173241
0.00256163	0.00378341	7.36101e-06	0.0010114
0.00257635	0.000535692	7.36101e-06	0.000378808
