0	1126.73	7.37411e-06	3.95609
1.47482e-05	1126.67	7.37411e-06	3.95382
2.94964e-05	1125.64	7.37411e-06	3.88165
4.42447e-05	1124.22	7.37411e-06	3.82579
5.89929e-05	1123.04	7.37411e-06	3.80767
7.37411e-05	1120.81	7.37411e-06	3.76867
8.84893e-05	1118.81	7.37411e-06	3.74565
0.000103238	1115.73	7.37411e-06	3.70555
0.000117986	1112.55	7.37411e-06	3.67544
0.000132734	1109.1	7.37411e-06	3.64534
0.000147482	1104.73	7.37411e-06	3.60199
0.00016223	1100.15	7.37411e-06	3.56586
0.000176979	1095.18	7.37411e-06	3.53265
0.000191727	1090.06	7.37411e-06	3.50138
0.000206475	1084.91	7.37411e-06	3.47538
0.000221223	1079.42	7.37411e-06	3.44955
0.000235972	1073	7.37411e-06	3.41671
0.00025072	1066.17	7.37411e-06	3.38161
0.000265468	1058.81	7.37411e-06	3.34786
0.000280216	1051.87	7.37411e-06	3.32156
0.000294964	1044.07	7.37411e-06	3.29119
0.000309713	1035.7	7.37411e-06	3.2563
0.000324461	1027.15	7.37411e-06	3.22362
0.000339209	1018.18	7.37411e-06	3.19169
0.000353957	1008.73	7.37411e-06	3.15711
0.000368706	999.69	7.37411e-06	3.12815
0.000383454	989.591	7.37411e-06	3.08933
0.000398202	979.721	7.37411e-06	3.05589
0.00041295	969.485	7.37411e-06	3.02545
0.000427698	957.96	7.37411e-06	2.94577
0.000442447	947.013	7.37411e-06	2.91089
0.000457195	935.397	7.37411e-06	2.86879
0.000471943	923.554	7.37411e-06	2.83241
0.000486691	911.901	7.37411e-06	2.80085
0.00050144	900.183	7.37411e-06	2.77178
0.000516188	887.902	7.37411e-06	2.73949
0.000530936	875.028	7.37411e-06	2.69583
0.000545684	861.938	7.37411e-06	2.66034
0.000560433	849.426	7.37411e-06	2.63206
0.000575181	835.346	7.37411e-06	2.57864
0.000589929	821.914	7.37411e-06	2.54525
0.000604677	808.326	7.37411e-06	2.5086
0.000619425	794.869	7.37411e-06	2.47547
0.000634174	780.769	7.37411e-06	2.43775
0.000648922	766.922	7.37411e-06	2.4074
0.00066367	753.082	7.37411e-06	2.3775
0.000678418	738.514	7.37411e-06	2.33428
0.000693167	724.271	7.37411e-06	2.3014
0.000707915	709.273	7.37411e-06	2.25396
0.000722663	695.009	7.37411e-06	2.22448
0.000737411	680.678	7.37411e-06	2.19319
0.000752159	665.908	7.37411e-06	2.16125
0.000766908	651.199	7.37411e-06	2.1298
0.000781656	636.728	7.37411e-06	2.10126
0.000796404	622.414	7.37411e-06	2.07349
0.000811152	607.538	7.37411e-06	2.01218
0.000825901	592.833	7.37411e-06	1.98264
0.000840649	578.656	7.37411e-06	1.95789
0.000855397	563.939	7.37411e-06	1.9294
0.000870145	548.76	7.37411e-06	1.87236
0.000884893	534.641	7.37411e-06	1.84815
0.000899642	520.126	7.37411e-06	1.8204
0.00091439	505.776	7.37411e-06	1.79292
0.000929138	491.486	7.37411e-06	1.76189
0.000943886	477.354	7.37411e-06	1.73229
0.000958635	462.436	7.37411e-06	1.40121
0.000973383	448.449	7.37411e-06	1.36488
0.000988131	434.885	7.37411e-06	1.33699
0.00100288	421.42	7.37411e-06	1.30555
0.00101763	408.13	7.37411e-06	1.26692
0.00103238	394.902	7.37411e-06	1.23608
0.00104712	381.998	7.37411e-06	1.20437
0.00106187	369.247	7.37411e-06	1.15981
0.00107662	356.724	7.37411e-06	1.12589
0.00109137	344.548	7.37411e-06	1.10172
0.00110612	332.44	7.37411e-06	1.07665
0.00112087	320.585	7.37411e-06	1.05211
0.00113561	309.454	7.37411e-06	1.03023
0.00115036	298.169	7.37411e-06	1.00118
0.00116511	286.864	7.37411e-06	0.977439
0.00117986	276.328	7.37411e-06	0.958511
0.00119461	265.889	7.37411e-06	0.939684
0.00120935	255.55	7.37411e-06	0.917125
0.0012241	245.58	7.37411e-06	0.8948
0.00123885	235.324	7.37411e-06	0.868797
0.0012536	225.686	7.37411e-06	0.84917
0.00126835	216.336	7.37411e-06	0.831316
0.0012831	206.908	7.37411e-06	0.803118
0.00129784	197.996	7.37411e-06	0.776439
0.00131259	189.435	7.37411e-06	0.760559
0.00132734	180.633	7.37411e-06	0.712463
0.00134209	172.619	7.37411e-06	0.690506
0.00135684	164.87	7.37411e-06	0.674691
0.00137158	157.224	7.37411e-06	0.658441
0.00138633	150.047	7.37411e-06	0.644509
0.00140108	142.904	7.37411e-06	0.629285
0.00141583	135.964	7.37411e-06	0.608575
0.00143058	129.483	7.37411e-06	0.595007
0.00144533	122.977	7.37411e-06	0.575435
0.00146007	116.402	7.37411e-06	0.555565
0.00147482	110.503	7.37411e-06	0.542624
0.00148957	104.517	7.37411e-06	0.507682
0.00150432	99.2422	7.37411e-06	0.495703
0.00151907	93.7773	7.37411e-06	0.475458
0.00153382	88.6167	7.37411e-06	0.461602
0.00154856	83.8282	7.37411e-06	0.419254
0.00156331	79.2222	7.37411e-06	0.404146
0.00157806	74.7597	7.37411e-06	0.392349
0.00159281	70.5792	7.37411e-06	0.377478
0.00160756	66.5231	7.37411e-06	0.365734
0.0016223	62.7642	7.37411e-06	0.356103
0.00163705	59.1474	7.37411e-06	0.347056
0.0016518	55.6284	7.37411e-06	0.335539
0.00166655	52.306	7.37411e-06	0.325761
0.0016813	49.1747	7.37411e-06	0.316839
0.00169605	46.2647	7.37411e-06	0.308871
0.00171079	43.3144	7.37411e-06	0.29711
0.00172554	40.559	7.37411e-06	0.286584
0.00174029	37.9604	7.37411e-06	0.276291
0.00175504	35.4928	7.37411e-06	0.267725
0.00176979	33.1747	7.37411e-06	0.260304
0.00178454	30.6984	7.37411e-06	0.23585
0.00179928	28.6522	7.37411e-06	0.227745
0.00181403	26.7106	7.37411e-06	0.221146
0.00182878	24.88	7.37411e-06	0.214975
0.00184353	23.1767	7.37411e-06	0.207669
0.00185828	21.4911	7.37411e-06	0.198629
0.00187302	19.9357	7.37411e-06	0.192767
0.00188777	18.4739	7.37411e-06	0.186392
0.00190252	17.1056	7.37411e-06	0.179516
0.00191727	15.7713	7.37411e-06	0.172881
0.00193202	14.6601	7.37411e-06	0.169528
0.00194677	13.555	7.37411e-06	0.163643
0.00196151	12.5014	7.37411e-06	0.159482
0.00197626	11.4887	7.37411e-06	0.151445
0.00199101	10.5357	7.37411e-06	0.138648
0.00200576	9.64561	7.37411e-06	0.132807
0.00202051	8.84279	7.37411e-06	0.129017
0.00203525	8.12702	7.37411e-06	0.126
0.00205	7.34163	7.37411e-06	0.11077
0.00206475	6.6831	7.37411e-06	0.105963
0.0020795	6.08297	7.37411e-06	0.10221
0.00209425	5.54116	7.37411e-06	0.0965243
0.002109	5.0259	7.37411e-06	0.0920703
0.00212374	4.49551	7.37411e-06	0.0849223
0.00213849	4.02791	7.37411e-06	0.0777847
0.00215324	3.64675	7.37411e-06	0.0742686
0.00216799	3.27363	7.37411e-06	0.0711933
0.00218274	2.98537	7.37411e-06	0.0693571
0.00219749	2.69706	7.37411e-06	0.0673726
0.00221223	2.42008	7.37411e-06	0.0648918
0.00222698	2.16051	7.37411e-06	0.0629486
0.00224173	1.91527	7.37411e-06	0.0606412
0.00225648	1.71748	7.37411e-06	0.0589376
0.00227123	1.49148	7.37411e-06	0.0515379
0.00228597	1.31935	7.37411e-06	0.0489389
0.00230072	1.15946	7.37411e-06	0.04718
0.00231547	1.01388	7.37411e-06	0.0456347
0.00233022	0.884925	7.37411e-06	0.0442754
0.00234497	0.723799	7.37411e-06	0.0321031
0.00235972	0.611975	7.37411e-06	0.0301118
0.00237446	0.505949	7.37411e-06	0.026251
0.00238921	0.409268	7.37411e-06	0.0223236
0.00240396	0.348326	7.37411e-06	0.0207989
0.00241871	0.270372	7.37411e-06	0.0175822
0.00243346	0.223019	7.37411e-06	0.0166079
0.00244821	0.175237	7.37411e-06	0.0156175
0.00246295	0.140984	7.37411e-06	0.0146282
0.0024777	0.0971375	7.37411e-06	0.00940078
0.00249245	0.069421	7.37411e-06	0.00790314
0.0025072	0.0496078	7.37411e-06	0.00672943
0.00252195	0.0338878	7.37411e-06	0.00525548
0.00253669	0.0200513	7.37411e-06	0.00376399
0.00255144	0.011662	7.37411e-06	0.00297951
0.00256619	0.00280039	7.37411e-06	0.00140234
