0	1124.05	7.38529e-06	3.70798
1.47706e-05	1124.05	7.38529e-06	3.70798
2.95411e-05	1123.34	7.38529e-06	3.66929
4.43117e-05	1122.24	7.38529e-06	3.63683
5.90823e-05	1120.92	7.38529e-06	3.61352
7.38529e-05	1119.35	7.38529e-06	3.59215
8.86234e-05	1116.85	7.38529e-06	3.55751
0.000103394	1113.68	7.38529e-06	3.51021
0.000118165	1110.38	7.38529e-06	3.47417
0.000132935	1106.67	7.38529e-06	3.43586
0.000147706	1102.82	7.38529e-06	3.40678
0.000162476	1097.92	7.38529e-06	3.3455
0.000177247	1093.16	7.38529e-06	3.31193
0.000192017	1088.06	7.38529e-06	3.27918
0.000206788	1082.83	7.38529e-06	3.25007
0.000221559	1077.08	7.38529e-06	3.21722
0.000236329	1070.92	7.38529e-06	3.18427
0.0002511	1064.15	7.38529e-06	3.14595
0.00026587	1056.83	7.38529e-06	3.10188
0.000280641	1049.48	7.38529e-06	3.07028
0.000295411	1042.21	7.38529e-06	3.04073
0.000310182	1033.85	7.38529e-06	3.00231
0.000324953	1025.55	7.38529e-06	2.97071
0.000339723	1017.06	7.38529e-06	2.93821
0.000354494	1007.84	7.38529e-06	2.9031
0.000369264	998.628	7.38529e-06	2.87234
0.000384035	989.188	7.38529e-06	2.84123
0.000398805	978.657	7.38529e-06	2.78656
0.000413576	968.298	7.38529e-06	2.75125
0.000428347	957.239	7.38529e-06	2.71016
0.000443117	945.934	7.38529e-06	2.6711
0.000457888	934.494	7.38529e-06	2.63542
0.000472658	922.763	7.38529e-06	2.59882
0.000487429	910.367	7.38529e-06	2.54651
0.000502199	897.094	7.38529e-06	2.48689
0.00051697	884.798	7.38529e-06	2.45015
0.000531741	872.234	7.38529e-06	2.4119
0.000546511	859.221	7.38529e-06	2.37103
0.000561282	846.694	7.38529e-06	2.33869
0.000576052	833.181	7.38529e-06	2.2972
0.000590823	819.261	7.38529e-06	2.24799
0.000605593	806.116	7.38529e-06	2.21478
0.000620364	792.314	7.38529e-06	2.17588
0.000635135	778.774	7.38529e-06	2.14195
0.000649905	764.957	7.38529e-06	2.10243
0.000664676	750.943	7.38529e-06	2.06769
0.000679446	736.943	7.38529e-06	2.03401
0.000694217	722.575	7.38529e-06	1.99372
0.000708987	708.172	7.38529e-06	1.95919
0.000723758	693.194	7.38529e-06	1.91714
0.000738529	678.938	7.38529e-06	1.88494
0.000753299	664.275	7.38529e-06	1.84989
0.00076807	649.709	7.38529e-06	1.81607
0.00078284	634.784	7.38529e-06	1.77483
0.000797611	620.057	7.38529e-06	1.7407
0.000812381	605.403	7.38529e-06	1.70854
0.000827152	591.137	7.38529e-06	1.67906
0.000841923	577.003	7.38529e-06	1.64971
0.000856693	562.186	7.38529e-06	1.6132
0.000871464	547.441	7.38529e-06	1.57616
0.000886234	533.359	7.38529e-06	1.54512
0.000901005	519.484	7.38529e-06	1.51779
0.000915775	504.95	7.38529e-06	1.48322
0.000930546	490.722	7.38529e-06	1.45296
0.000945317	476.598	7.38529e-06	1.41562
0.000960087	462.761	7.38529e-06	1.38704
0.000974858	448.639	7.38529e-06	1.35355
0.000989628	435.416	7.38529e-06	1.32822
0.0010044	422.209	7.38529e-06	1.301
0.00101917	408.996	7.38529e-06	1.27105
0.00103394	395.82	7.38529e-06	1.23842
0.00104871	383.115	7.38529e-06	1.20964
0.00106348	370.459	7.38529e-06	1.18019
0.00107825	357.89	7.38529e-06	1.1533
0.00109302	345.722	7.38529e-06	1.12806
0.00110779	333.511	7.38529e-06	1.09796
0.00112256	321.641	7.38529e-06	1.07164
0.00113733	309.691	7.38529e-06	1.0099
0.0011521	298.437	7.38529e-06	0.988682
0.00116688	287.313	7.38529e-06	0.963808
0.00118165	276.485	7.38529e-06	0.939277
0.00119642	265.946	7.38529e-06	0.917231
0.00121119	255.422	7.38529e-06	0.893603
0.00122596	245.473	7.38529e-06	0.874557
0.00124073	235.505	7.38529e-06	0.849882
0.0012555	225.801	7.38529e-06	0.825709
0.00127027	216.454	7.38529e-06	0.805132
0.00128504	207.472	7.38529e-06	0.788562
0.00129981	198.323	7.38529e-06	0.766124
0.00131458	189.741	7.38529e-06	0.748718
0.00132935	181.199	7.38529e-06	0.725919
0.00134412	173.179	7.38529e-06	0.707571
0.00135889	165.397	7.38529e-06	0.688551
0.00137366	157.922	7.38529e-06	0.675131
0.00138843	150.41	7.38529e-06	0.646906
0.0014032	143.293	7.38529e-06	0.631105
0.00141797	136.061	7.38529e-06	0.603604
0.00143275	129.564	7.38529e-06	0.590245
0.00144752	123.197	7.38529e-06	0.577477
0.00146229	116.766	7.38529e-06	0.56134
0.00147706	110.808	7.38529e-06	0.547599
0.00149183	105.184	7.38529e-06	0.536194
0.0015066	99.3316	7.38529e-06	0.479321
0.00152137	94.1564	7.38529e-06	0.467688
0.00153614	88.9648	7.38529e-06	0.445727
0.00155091	83.9189	7.38529e-06	0.422782
0.00156568	79.261	7.38529e-06	0.40924
0.00158045	74.7367	7.38529e-06	0.396688
0.00159522	70.4605	7.38529e-06	0.382307
0.00160999	66.5599	7.38529e-06	0.373868
0.00162476	62.7369	7.38529e-06	0.363878
0.00163953	59.0403	7.38529e-06	0.353802
0.0016543	55.5043	7.38529e-06	0.343106
0.00166907	51.9975	7.38529e-06	0.329659
0.00168385	48.8653	7.38529e-06	0.321308
0.00169862	45.8984	7.38529e-06	0.313161
0.00171339	43.033	7.38529e-06	0.301953
0.00172816	40.247	7.38529e-06	0.287329
0.00174293	37.5758	7.38529e-06	0.277019
0.0017577	35.1142	7.38529e-06	0.270092
0.00177247	32.701	7.38529e-06	0.25102
0.00178724	30.5932	7.38529e-06	0.244401
0.00180201	28.5457	7.38529e-06	0.236835
0.00181678	26.5833	7.38529e-06	0.22944
0.00183155	24.6988	7.38529e-06	0.213485
0.00184632	22.9752	7.38529e-06	0.202869
0.00186109	21.2897	7.38529e-06	0.185412
0.00187586	19.6744	7.38529e-06	0.175583
0.00189063	18.2325	7.38529e-06	0.168598
0.0019054	16.9301	7.38529e-06	0.163994
0.00192017	15.6569	7.38529e-06	0.153153
0.00193494	14.4931	7.38529e-06	0.148669
0.00194972	13.3882	7.38529e-06	0.14337
0.00196449	12.3412	7.38529e-06	0.138272
0.00197926	11.3513	7.38529e-06	0.131761
0.00199403	10.41	7.38529e-06	0.126129
0.0020088	9.61529	7.38529e-06	0.122628
0.00202357	8.82904	7.38529e-06	0.117074
0.00203834	8.13537	7.38529e-06	0.112889
0.00205311	7.38945	7.38529e-06	0.101814
0.00206788	6.69693	7.38529e-06	0.09703
0.00208265	6.10591	7.38529e-06	0.092588
0.00209742	5.58582	7.38529e-06	0.0896126
0.00211219	5.09852	7.38529e-06	0.0868048
0.00212696	4.60472	7.38529e-06	0.0830335
0.00214173	4.15487	7.38529e-06	0.0786238
0.0021565	3.76637	7.38529e-06	0.075711
0.00217127	3.38736	7.38529e-06	0.0723836
0.00218604	3.05006	7.38529e-06	0.0688226
0.00220081	2.71448	7.38529e-06	0.0643851
0.00221559	2.43144	7.38529e-06	0.0618158
0.00223036	2.12372	7.38529e-06	0.0571552
0.00224513	1.86173	7.38529e-06	0.0528391
0.0022599	1.64557	7.38529e-06	0.0498708
0.00227467	1.4501	7.38529e-06	0.045763
0.00228944	1.26693	7.38529e-06	0.0435381
0.00230421	1.10191	7.38529e-06	0.0413315
0.00231898	0.950721	7.38529e-06	0.0392094
0.00233375	0.811871	7.38529e-06	0.0375171
0.00234852	0.693106	7.38529e-06	0.0349769
0.00236329	0.59043	7.38529e-06	0.0332635
0.00237806	0.508623	7.38529e-06	0.0322502
0.00239283	0.408731	7.38529e-06	0.0296913
0.0024076	0.351035	7.38529e-06	0.0289544
0.00242237	0.290095	7.38529e-06	0.0280735
0.00243714	0.206522	7.38529e-06	0.0165101
0.00245191	0.161641	7.38529e-06	0.0148396
0.00246669	0.124191	7.38529e-06	0.0134622
0.00248146	0.0876331	7.38529e-06	0.00773699
0.00249623	0.0618314	7.38529e-06	0.00657521
0.002511	0.0380922	7.38529e-06	0.00483501
0.00252577	0.0250438	7.38529e-06	0.00406231
0.00254054	0.0139564	7.38529e-06	0.00299472
0.00255531	0.00820281	7.38529e-06	0.00209833
0.00257008	0.00247944	7.38529e-06	0.00127221
