0	1123.16	7.35395e-06	3.72178
1.47079e-05	1123.16	7.35395e-06	3.72178
2.94158e-05	1122.35	7.35395e-06	3.67279
4.41237e-05	1121.6	7.35395e-06	3.65729
5.88316e-05	1120.21	7.35395e-06	3.62922
7.35395e-05	1118.39	7.35395e-06	3.59825
8.82474e-05	1116.53	7.35395e-06	3.57761
0.000102955	1114	7.35395e-06	3.55038
0.000117663	1110.96	7.35395e-06	3.52089
0.000132371	1107.68	7.35395e-06	3.49333
0.000147079	1103.72	7.35395e-06	3.45767
0.000161787	1099.71	7.35395e-06	3.42756
0.000176495	1094.93	7.35395e-06	3.39319
0.000191203	1089.99	7.35395e-06	3.35793
0.000205911	1084.56	7.35395e-06	3.32
0.000220619	1079.43	7.35395e-06	3.29437
0.000235327	1073.61	7.35395e-06	3.26369
0.000250034	1067.24	7.35395e-06	3.23041
0.000264742	1060.24	7.35395e-06	3.1954
0.00027945	1052.92	7.35395e-06	3.15823
0.000294158	1044.78	7.35395e-06	3.11933
0.000308866	1037.13	7.35395e-06	3.08627
0.000323574	1028.38	7.35395e-06	3.0472
0.000338282	1019.36	7.35395e-06	3.00803
0.00035299	1009.76	7.35395e-06	2.96443
0.000367698	1000.66	7.35395e-06	2.92896
0.000382406	991.095	7.35395e-06	2.89034
0.000397114	981.363	7.35395e-06	2.85755
0.000411821	971.145	7.35395e-06	2.8216
0.000426529	960.788	7.35395e-06	2.78845
0.000441237	949.933	7.35395e-06	2.75396
0.000455945	939.152	7.35395e-06	2.72227
0.000470653	927.864	7.35395e-06	2.68993
0.000485361	915.616	7.35395e-06	2.65142
0.000500069	903.762	7.35395e-06	2.61716
0.000514777	891.601	7.35395e-06	2.58278
0.000529485	878.998	7.35395e-06	2.5452
0.000544193	865.818	7.35395e-06	2.50135
0.000558901	852.617	7.35395e-06	2.45688
0.000573608	838.882	7.35395e-06	2.39794
0.000588316	825.387	7.35395e-06	2.363
0.000603024	811.862	7.35395e-06	2.32931
0.000617732	798.504	7.35395e-06	2.29816
0.00063244	784.557	7.35395e-06	2.26378
0.000647148	770.238	7.35395e-06	2.22269
0.000661856	756.194	7.35395e-06	2.18967
0.000676564	741.88	7.35395e-06	2.1555
0.000691272	727.809	7.35395e-06	2.1248
0.00070598	713.142	7.35395e-06	2.08101
0.000720687	698.426	7.35395e-06	2.04651
0.000735395	683.755	7.35395e-06	2.01344
0.000750103	668.935	7.35395e-06	1.97958
0.000764811	654.073	7.35395e-06	1.94757
0.000779519	639.464	7.35395e-06	1.9182
0.000794227	624.729	7.35395e-06	1.8874
0.000808935	609.992	7.35395e-06	1.8573
0.000823643	595.764	7.35395e-06	1.83089
0.000838351	579.546	7.35395e-06	1.48417
0.000853059	564.996	7.35395e-06	1.4509
0.000867767	550.062	7.35395e-06	1.39585
0.000882474	535.363	7.35395e-06	1.34999
0.000897182	520.872	7.35395e-06	1.30861
0.00091189	506.423	7.35395e-06	1.26646
0.000926598	492.145	7.35395e-06	1.20848
0.000941306	478.089	7.35395e-06	1.17606
0.000956014	464.422	7.35395e-06	1.14604
0.000970722	450.798	7.35395e-06	1.11609
0.00098543	437.527	7.35395e-06	1.08891
0.00100014	424.243	7.35395e-06	1.06125
0.00101485	410.629	7.35395e-06	1.01911
0.00102955	397.769	7.35395e-06	0.993279
0.00104426	384.896	7.35395e-06	0.965977
0.00105897	372.097	7.35395e-06	0.939134
0.00107368	359.495	7.35395e-06	0.91212
0.00108839	347.169	7.35395e-06	0.882718
0.00110309	335.072	7.35395e-06	0.857758
0.0011178	323.378	7.35395e-06	0.834444
0.00113251	311.717	7.35395e-06	0.810683
0.00114722	300.454	7.35395e-06	0.788568
0.00116192	289.132	7.35395e-06	0.766391
0.00117663	277.989	7.35395e-06	0.734574
0.00119134	267.266	7.35395e-06	0.713967
0.00120605	256.871	7.35395e-06	0.691546
0.00122076	246.632	7.35395e-06	0.667368
0.00123546	236.761	7.35395e-06	0.646323
0.00125017	227.091	7.35395e-06	0.626371
0.00126488	217.74	7.35395e-06	0.608062
0.00127959	208.671	7.35395e-06	0.591427
0.0012943	199.813	7.35395e-06	0.574531
0.001309	190.956	7.35395e-06	0.548648
0.00132371	182.509	7.35395e-06	0.531945
0.00133842	174.154	7.35395e-06	0.514428
0.00135313	166.221	7.35395e-06	0.499127
0.00136784	158.664	7.35395e-06	0.485142
0.00138254	151.298	7.35395e-06	0.47112
0.00139725	144.208	7.35395e-06	0.458436
0.00141196	137.249	7.35395e-06	0.445941
0.00142667	130.544	7.35395e-06	0.433136
0.00144137	123.978	7.35395e-06	0.380495
0.00145608	117.715	7.35395e-06	0.368484
0.00147079	111.753	7.35395e-06	0.357112
0.0014855	105.949	7.35395e-06	0.345818
0.00150021	100.418	7.35395e-06	0.334911
0.00151491	95.1897	7.35395e-06	0.325304
0.00152962	90.1133	7.35395e-06	0.312917
0.00154433	85.1635	7.35395e-06	0.300755
0.00155904	80.5233	7.35395e-06	0.291764
0.00157375	76.1127	7.35395e-06	0.282802
0.00158845	71.8323	7.35395e-06	0.27422
0.00160316	67.5501	7.35395e-06	0.223727
0.00161787	63.7013	7.35395e-06	0.214234
0.00163258	59.9608	7.35395e-06	0.205515
0.00164729	56.3784	7.35395e-06	0.197084
0.00166199	53.009	7.35395e-06	0.189301
0.0016767	49.7757	7.35395e-06	0.181704
0.00169141	46.768	7.35395e-06	0.174642
0.00170612	43.9177	7.35395e-06	0.168037
0.00172083	41.1484	7.35395e-06	0.161174
0.00173553	38.5073	7.35395e-06	0.154381
0.00175024	35.9751	7.35395e-06	0.147372
0.00176495	33.5846	7.35395e-06	0.141031
0.00177966	31.3352	7.35395e-06	0.133834
0.00179436	29.2204	7.35395e-06	0.127419
0.00180907	27.2645	7.35395e-06	0.122171
0.00182378	25.3563	7.35395e-06	0.116941
0.00183849	23.5887	7.35395e-06	0.111849
0.0018532	21.8726	7.35395e-06	0.104447
0.0018679	20.2864	7.35395e-06	0.0997436
0.00188261	18.8192	7.35395e-06	0.0953935
0.00189732	17.4235	7.35395e-06	0.0907364
0.00191203	16.1275	7.35395e-06	0.0866356
0.00192674	14.8945	7.35395e-06	0.0826045
0.00194144	13.7233	7.35395e-06	0.0784914
0.00195615	12.6881	7.35395e-06	0.0749072
0.00197086	11.694	7.35395e-06	0.0713467
0.00198557	10.7588	7.35395e-06	0.0679342
0.00200028	9.90794	7.35395e-06	0.0647888
0.00201498	9.10088	7.35395e-06	0.0616712
0.00202969	8.31568	7.35395e-06	0.0585245
0.0020444	7.59014	7.35395e-06	0.0555523
0.00205911	6.92479	7.35395e-06	0.0527098
0.00207382	6.26232	7.35395e-06	0.0496959
0.00208852	5.70902	7.35395e-06	0.0471485
0.00210323	5.19538	7.35395e-06	0.0447095
0.00211794	4.72675	7.35395e-06	0.0424045
0.00213265	4.27616	7.35395e-06	0.0400883
0.00214735	3.85502	7.35395e-06	0.0378092
0.00216206	3.47485	7.35395e-06	0.0357205
0.00217677	3.12282	7.35395e-06	0.0336651
0.00219148	2.80404	7.35395e-06	0.0317533
0.00220619	2.50362	7.35395e-06	0.0298634
0.00222089	2.23618	7.35395e-06	0.0280707
0.0022356	1.99124	7.35395e-06	0.0263439
0.00225031	1.73983	7.35395e-06	0.024452
0.00226502	1.51556	7.35395e-06	0.0226898
0.00227973	1.31885	7.35395e-06	0.0210514
0.00229443	1.13884	7.35395e-06	0.0194401
0.00230914	0.979182	7.35395e-06	0.017927
0.00232385	0.841251	7.35395e-06	0.0165428
0.00233856	0.72136	7.35395e-06	0.0152534
0.00235327	0.60751	7.35395e-06	0.0139354
0.00236797	0.512731	7.35395e-06	0.0127615
0.00238268	0.428924	7.35395e-06	0.0116251
0.00239739	0.360041	7.35395e-06	0.0106217
0.0024121	0.304752	7.35395e-06	0.00974178
0.0024268	0.246656	7.35395e-06	0.00875593
0.00244151	0.196523	7.35395e-06	0.00780589
0.00245622	0.149835	7.35395e-06	0.00681047
0.00247093	0.110121	7.35395e-06	0.00584688
0.00248564	0.0785766	7.35395e-06	0.00477864
0.00250034	0.058205	7.35395e-06	0.00410679
0.00251505	0.0368705	7.35395e-06	0.00324037
0.00252976	0.02461	7.35395e-06	0.00262758
0.00254447	0.0102418	7.35395e-06	0.00168516
0.00255918	0.00381898	7.35395e-06	0.00102089
0.00257388	0.000825587	7.35395e-06	0.000476701
