0	1123.47	7.36055e-06	3.74184
1.47211e-05	1123.47	7.36055e-06	3.74184
2.94422e-05	1123	7.36055e-06	3.72627
4.41633e-05	1122.36	7.36055e-06	3.71523
5.88844e-05	1120.94	7.36055e-06	3.68744
7.36055e-05	1119.03	7.36055e-06	3.65546
8.83266e-05	1116.57	7.36055e-06	3.61994
0.000103048	1114.26	7.36055e-06	3.59622
0.000117769	1111.66	7.36055e-06	3.57333
0.00013249	1108.46	7.36055e-06	3.54804
0.000147211	1104.62	7.36055e-06	3.51888
0.000161932	1100.26	7.36055e-06	3.4848
0.000176653	1095.63	7.36055e-06	3.4553
0.000191374	1090.48	7.36055e-06	3.42003
0.000206096	1085.14	7.36055e-06	3.38873
0.000220817	1079.36	7.36055e-06	3.35749
0.000235538	1073.36	7.36055e-06	3.32718
0.000250259	1067.01	7.36055e-06	3.29732
0.00026498	1060.21	7.36055e-06	3.26589
0.000279701	1053.18	7.36055e-06	3.23425
0.000294422	1044.28	7.36055e-06	3.16107
0.000309143	1035.76	7.36055e-06	3.10013
0.000323864	1027.02	7.36055e-06	3.05305
0.000338585	1018.33	7.36055e-06	3.02
0.000353307	1009.19	7.36055e-06	2.98498
0.000368028	999.365	7.36055e-06	2.94233
0.000382749	989.653	7.36055e-06	2.90812
0.00039747	979.86	7.36055e-06	2.87355
0.000412191	969.428	7.36055e-06	2.83771
0.000426912	958.267	7.36055e-06	2.79782
0.000441633	947.412	7.36055e-06	2.7635
0.000456354	936.03	7.36055e-06	2.72717
0.000471075	924.554	7.36055e-06	2.69128
0.000485797	912.536	7.36055e-06	2.64733
0.000500518	900.51	7.36055e-06	2.60845
0.000515239	888.725	7.36055e-06	2.57736
0.00052996	875.67	7.36055e-06	2.49194
0.000544681	863.291	7.36055e-06	2.45982
0.000559402	850.191	7.36055e-06	2.42344
0.000574123	836.923	7.36055e-06	2.37553
0.000588844	823.143	7.36055e-06	2.32922
0.000603565	809.629	7.36055e-06	2.29253
0.000618287	795.745	7.36055e-06	2.25682
0.000633008	781.944	7.36055e-06	2.22029
0.000647729	768.249	7.36055e-06	2.18719
0.00066245	754.559	7.36055e-06	2.15631
0.000677171	740.248	7.36055e-06	2.11961
0.000691892	726.221	7.36055e-06	2.08825
0.000706613	711.569	7.36055e-06	2.05211
0.000721334	697.224	7.36055e-06	2.0124
0.000736055	682.215	7.36055e-06	1.95611
0.000750776	667.87	7.36055e-06	1.9255
0.000765498	652.945	7.36055e-06	1.8874
0.000780219	638.347	7.36055e-06	1.85585
0.00079494	624.228	7.36055e-06	1.82776
0.000809661	609.384	7.36055e-06	1.79456
0.000824382	595.07	7.36055e-06	1.76021
0.000839103	580.509	7.36055e-06	1.73028
0.000853824	565.406	7.36055e-06	1.58082
0.000868545	551.104	7.36055e-06	1.55016
0.000883266	536.766	7.36055e-06	1.51899
0.000897988	522.186	7.36055e-06	1.48594
0.000912709	507.567	7.36055e-06	1.44641
0.00092743	493.783	7.36055e-06	1.41758
0.000942151	479.475	7.36055e-06	1.37459
0.000956872	465.567	7.36055e-06	1.34257
0.000971593	451.582	7.36055e-06	1.29354
0.000986314	437.629	7.36055e-06	1.25547
0.00100104	423.901	7.36055e-06	1.22044
0.00101576	410.236	7.36055e-06	1.18786
0.00103048	396.93	7.36055e-06	1.15688
0.0010452	384.017	7.36055e-06	1.12961
0.00105992	371.692	7.36055e-06	1.10459
0.00107464	359.656	7.36055e-06	1.08271
0.00108936	347.299	7.36055e-06	1.04085
0.00110408	335.246	7.36055e-06	1.00196
0.0011188	323.216	7.36055e-06	0.97594
0.00113353	311.657	7.36055e-06	0.950945
0.00114825	300.391	7.36055e-06	0.92923
0.00116297	289.294	7.36055e-06	0.90343
0.00117769	278.129	7.36055e-06	0.875848
0.00119241	267.766	7.36055e-06	0.85783
0.00120713	257.397	7.36055e-06	0.838486
0.00122185	247.293	7.36055e-06	0.81908
0.00123657	237.122	7.36055e-06	0.793935
0.00125129	227.307	7.36055e-06	0.773898
0.00126602	217.549	7.36055e-06	0.704033
0.00128074	208.384	7.36055e-06	0.685548
0.00129546	199.321	7.36055e-06	0.663962
0.00131018	190.713	7.36055e-06	0.645956
0.0013249	182.151	7.36055e-06	0.625259
0.00133962	174.132	7.36055e-06	0.609188
0.00135434	166.022	7.36055e-06	0.586152
0.00136906	158.537	7.36055e-06	0.572346
0.00138378	150.994	7.36055e-06	0.553365
0.00139851	143.82	7.36055e-06	0.537728
0.00141323	136.88	7.36055e-06	0.522187
0.00142795	130.373	7.36055e-06	0.510127
0.00144267	123.848	7.36055e-06	0.490142
0.00145739	117.568	7.36055e-06	0.475486
0.00147211	111.769	7.36055e-06	0.464449
0.00148683	106.151	7.36055e-06	0.454187
0.00150155	100.342	7.36055e-06	0.436916
0.00151627	95.0922	7.36055e-06	0.426742
0.001531	89.5886	7.36055e-06	0.353192
0.00154572	84.9339	7.36055e-06	0.342712
0.00156044	80.255	7.36055e-06	0.331389
0.00157516	75.8291	7.36055e-06	0.320843
0.00158988	71.5819	7.36055e-06	0.311215
0.0016046	67.438	7.36055e-06	0.298012
0.00161932	63.5435	7.36055e-06	0.287469
0.00163404	59.7885	7.36055e-06	0.278073
0.00164876	56.2902	7.36055e-06	0.269154
0.00166349	52.8967	7.36055e-06	0.260316
0.00167821	49.625	7.36055e-06	0.240696
0.00169293	46.5789	7.36055e-06	0.232956
0.00170765	43.6645	7.36055e-06	0.225164
0.00172237	40.9412	7.36055e-06	0.218687
0.00173709	38.2475	7.36055e-06	0.206306
0.00175181	35.7765	7.36055e-06	0.199816
0.00176653	33.3774	7.36055e-06	0.192569
0.00178125	31.105	7.36055e-06	0.184961
0.00179598	28.9691	7.36055e-06	0.177493
0.0018107	26.9837	7.36055e-06	0.167406
0.00182542	25.1621	7.36055e-06	0.161781
0.00184014	23.3342	7.36055e-06	0.150695
0.00185486	21.6884	7.36055e-06	0.144563
0.00186958	20.0323	7.36055e-06	0.13156
0.0018843	18.6048	7.36055e-06	0.126487
0.00189902	17.2086	7.36055e-06	0.119189
0.00191374	15.8936	7.36055e-06	0.110131
0.00192847	14.6735	7.36055e-06	0.104152
0.00194319	13.5076	7.36055e-06	0.0977151
0.00195791	12.4419	7.36055e-06	0.0932308
0.00197263	11.4503	7.36055e-06	0.0884446
0.00198735	10.5175	7.36055e-06	0.0839379
0.00200207	9.63314	7.36055e-06	0.0796465
0.00201679	8.81958	7.36055e-06	0.0751727
0.00203151	8.07992	7.36055e-06	0.0717024
0.00204623	7.39732	7.36055e-06	0.0680198
0.00206096	6.736	7.36055e-06	0.0646685
0.00207568	6.1634	7.36055e-06	0.0614834
0.0020904	5.6302	7.36055e-06	0.0589718
0.00210512	5.11406	7.36055e-06	0.0553756
0.00211984	4.64644	7.36055e-06	0.0516414
0.00213456	4.17718	7.36055e-06	0.0484512
0.00214928	3.76961	7.36055e-06	0.0454311
0.002164	3.40841	7.36055e-06	0.0432289
0.00217872	3.07075	7.36055e-06	0.0406164
0.00219344	2.77249	7.36055e-06	0.0385073
0.00220817	2.45369	7.36055e-06	0.0342485
0.00222289	2.19556	7.36055e-06	0.0321142
0.00223761	1.93825	7.36055e-06	0.0298021
0.00225233	1.72407	7.36055e-06	0.0281802
0.00226705	1.51885	7.36055e-06	0.0257929
0.00228177	1.32956	7.36055e-06	0.0240101
0.00229649	1.16387	7.36055e-06	0.0223665
0.00231121	1.01421	7.36055e-06	0.0208536
0.00232593	0.875339	7.36055e-06	0.0193072
0.00234066	0.738965	7.36055e-06	0.0172985
0.00235538	0.640615	7.36055e-06	0.0159081
0.0023701	0.535892	7.36055e-06	0.0145024
0.00238482	0.45449	7.36055e-06	0.0132882
0.00239954	0.377993	7.36055e-06	0.0118918
0.00241426	0.316233	7.36055e-06	0.0108113
0.00242898	0.258153	7.36055e-06	0.00977265
0.0024437	0.208507	7.36055e-06	0.00876899
0.00245842	0.16353	7.36055e-06	0.00766251
0.00247315	0.118917	7.36055e-06	0.00652208
0.00248787	0.0881008	7.36055e-06	0.00556255
0.00250259	0.0569679	7.36055e-06	0.00440778
0.00251731	0.0381276	7.36055e-06	0.00357673
0.00253203	0.0241921	7.36055e-06	0.00282992
0.00254675	0.0106387	7.36055e-06	0.00183792
0.00256147	0.00427688	7.36055e-06	0.00114785
0.00257619	0.000301782	7.36055e-06	0.000301787
