0	1122.82	7.32246e-06	8.24432
1.46449e-05	1122.62	7.32246e-06	8.23406
2.92899e-05	1122.12	7.32246e-06	8.22598
4.39348e-05	1120.9	7.32246e-06	8.20796
5.85797e-05	1119.49	7.32246e-06	8.19568
7.32246e-05	1117.49	7.32246e-06	8.1794
8.78696e-05	1115.15	7.32246e-06	8.16408
0.000102514	1112.68	7.32246e-06	8.15301
0.000117159	1110.01	7.32246e-06	8.14345
0.000131804	1106.51	7.32246e-06	8.1296
0.000146449	1103.49	7.32246e-06	8.1214
0.000161094	1099.96	7.32246e-06	8.11235
0.000175739	1095.42	7.32246e-06	8.09829
0.000190384	1089.76	7.32246e-06	8.06851
0.000205029	1083.93	7.32246e-06	8.05101
0.000219674	1078.71	7.32246e-06	8.04037
0.000234319	1072.56	7.32246e-06	8.02727
0.000248964	1065.85	7.32246e-06	8.01081
0.000263609	1059.16	7.32246e-06	7.99825
0.000278254	1052.01	7.32246e-06	7.98574
0.000292899	1044.22	7.32246e-06	7.97183
0.000307543	1036.02	7.32246e-06	7.95771
0.000322188	1028.07	7.32246e-06	7.94529
0.000336833	1019.24	7.32246e-06	7.93097
0.000351478	1010.18	7.32246e-06	7.91829
0.000366123	1001.07	7.32246e-06	7.90575
0.000380768	991.433	7.32246e-06	7.89297
0.000395413	981.626	7.32246e-06	7.88116
0.000410058	971.597	7.32246e-06	7.8696
0.000424703	961.364	7.32246e-06	7.85817
0.000439348	950.641	7.32246e-06	7.84355
0.000453993	939.862	7.32246e-06	7.83243
0.000468638	928.033	7.32246e-06	7.81809
0.000483283	916.727	7.32246e-06	7.8069
0.000497928	905.112	7.32246e-06	7.79613
0.000512572	892.739	7.32246e-06	7.78328
0.000527217	880.158	7.32246e-06	7.77133
0.000541862	867.823	7.32246e-06	7.76118
0.000556507	855.678	7.32246e-06	7.75173
0.000571152	842.325	7.32246e-06	7.73259
0.000585797	829.173	7.32246e-06	7.72147
0.000600442	815.766	7.32246e-06	7.71061
0.000615087	802.227	7.32246e-06	7.69954
0.000629732	788.29	7.32246e-06	7.68765
0.000644377	774.626	7.32246e-06	7.6762
0.000659022	760.67	7.32246e-06	7.66704
0.000673667	746.802	7.32246e-06	7.65769
0.000688312	732.648	7.32246e-06	7.64797
0.000702957	718.234	7.32246e-06	7.6386
0.000717601	704.325	7.32246e-06	7.63083
0.000732246	689.928	7.32246e-06	7.62151
0.000746891	675.585	7.32246e-06	7.60945
0.000761536	661.158	7.32246e-06	7.60125
0.000776181	646.229	7.32246e-06	7.58989
0.000790826	631.587	7.32246e-06	7.58138
0.000805471	616.779	7.32246e-06	7.57338
0.000820116	601.92	7.32246e-06	7.56242
0.000834761	587.867	7.32246e-06	7.55607
0.000849406	573.832	7.32246e-06	7.54951
0.000864051	559.704	7.32246e-06	7.5434
0.000878696	544.864	7.32246e-06	7.53454
0.000893341	530.814	7.32246e-06	7.52884
0.000907985	516.672	7.32246e-06	7.52237
0.00092263	502.894	7.32246e-06	7.51713
0.000937275	488.841	7.32246e-06	7.51051
0.00095192	474.86	7.32246e-06	7.50243
0.000966565	461.234	7.32246e-06	7.49691
0.00098121	448.082	7.32246e-06	7.49276
0.000995855	434.433	7.32246e-06	7.48707
0.0010105	410.663	7.32246e-06	1.09454
0.00102514	398.033	7.32246e-06	1.06955
0.00103979	385.301	7.32246e-06	1.04107
0.00105443	372.549	7.32246e-06	1.00023
0.00106908	360.095	7.32246e-06	0.968024
0.00108372	348.125	7.32246e-06	0.942618
0.00109837	335.857	7.32246e-06	0.910884
0.00111301	324.269	7.32246e-06	0.887619
0.00112766	312.811	7.32246e-06	0.864091
0.0011423	301.327	7.32246e-06	0.83513
0.00115695	290.055	7.32246e-06	0.806173
0.00117159	279.302	7.32246e-06	0.782319
0.00118624	268.71	7.32246e-06	0.754834
0.00120088	258.339	7.32246e-06	0.733211
0.00121553	248.214	7.32246e-06	0.711661
0.00123017	238.418	7.32246e-06	0.688906
0.00124482	228.725	7.32246e-06	0.667451
0.00125946	219.138	7.32246e-06	0.644813
0.00127411	210.115	7.32246e-06	0.626897
0.00128875	201.233	7.32246e-06	0.607116
0.0013034	192.552	7.32246e-06	0.586265
0.00131804	184.141	7.32246e-06	0.567167
0.00133269	176.122	7.32246e-06	0.551388
0.00134733	168.107	7.32246e-06	0.53141
0.00136198	160.39	7.32246e-06	0.512724
0.00137662	152.914	7.32246e-06	0.488591
0.00139127	145.791	7.32246e-06	0.47403
0.00140591	138.984	7.32246e-06	0.460238
0.00142056	132.408	7.32246e-06	0.444471
0.0014352	125.955	7.32246e-06	0.430045
0.00144985	119.45	7.32246e-06	0.399118
0.00146449	113.334	7.32246e-06	0.380962
0.00147914	107.574	7.32246e-06	0.368051
0.00149378	102.093	7.32246e-06	0.355051
0.00150843	96.7651	7.32246e-06	0.342549
0.00152307	91.574	7.32246e-06	0.329719
0.00153772	86.6844	7.32246e-06	0.318117
0.00155236	81.9658	7.32246e-06	0.30719
0.00156701	77.4624	7.32246e-06	0.294251
0.00158165	73.2137	7.32246e-06	0.285188
0.0015963	69.0307	7.32246e-06	0.270046
0.00161094	64.8727	7.32246e-06	0.254922
0.00162559	61.1645	7.32246e-06	0.246282
0.00164023	57.5277	7.32246e-06	0.2361
0.00165488	54.0263	7.32246e-06	0.225173
0.00166952	50.7834	7.32246e-06	0.216904
0.00168417	47.6529	7.32246e-06	0.208147
0.00169881	44.765	7.32246e-06	0.200655
0.00171346	41.9943	7.32246e-06	0.192287
0.0017281	39.3013	7.32246e-06	0.18528
0.00174275	36.8124	7.32246e-06	0.178162
0.00175739	34.3703	7.32246e-06	0.171459
0.00177204	32.1044	7.32246e-06	0.16382
0.00178668	29.9605	7.32246e-06	0.157384
0.00180133	27.9041	7.32246e-06	0.149086
0.00181597	25.9436	7.32246e-06	0.141532
0.00183062	24.1256	7.32246e-06	0.135521
0.00184526	22.4566	7.32246e-06	0.130695
0.00185991	20.8297	7.32246e-06	0.124805
0.00187455	19.3499	7.32246e-06	0.120303
0.0018892	17.981	7.32246e-06	0.113558
0.00190384	16.6382	7.32246e-06	0.108899
0.00191849	15.4006	7.32246e-06	0.104617
0.00193313	14.2093	7.32246e-06	0.0983892
0.00194778	13.1266	7.32246e-06	0.0944244
0.00196242	12.071	7.32246e-06	0.0857097
0.00197707	11.0871	7.32246e-06	0.0814812
0.00199171	10.1952	7.32246e-06	0.0765058
0.00200636	9.3609	7.32246e-06	0.0729001
0.002021	8.62891	7.32246e-06	0.0697816
0.00203564	7.93317	7.32246e-06	0.0667073
0.00205029	7.27923	7.32246e-06	0.0634398
0.00206493	6.65343	7.32246e-06	0.059941
0.00207958	6.0997	7.32246e-06	0.0574336
0.00209422	5.57042	7.32246e-06	0.0548651
0.00210887	5.01424	7.32246e-06	0.0515115
0.00212351	4.51465	7.32246e-06	0.0471159
0.00213816	4.10246	7.32246e-06	0.0445897
0.0021528	3.7081	7.32246e-06	0.0422093
0.00216745	3.34163	7.32246e-06	0.0396073
0.00218209	2.99379	7.32246e-06	0.0370106
0.00219674	2.68046	7.32246e-06	0.0347243
0.00221138	2.37464	7.32246e-06	0.0322491
0.00222603	2.12452	7.32246e-06	0.0303607
0.00224067	1.87814	7.32246e-06	0.0283198
0.00225532	1.66565	7.32246e-06	0.0265621
0.00226996	1.4594	7.32246e-06	0.0247315
0.00228461	1.28512	7.32246e-06	0.0227531
0.00229925	1.12435	7.32246e-06	0.0211099
0.0023139	0.977013	7.32246e-06	0.0195688
0.00232854	0.84959	7.32246e-06	0.018214
0.00234319	0.723336	7.32246e-06	0.0166037
0.00235783	0.615196	7.32246e-06	0.0152076
0.00237248	0.514729	7.32246e-06	0.0136424
0.00238712	0.433387	7.32246e-06	0.0124779
0.00240177	0.349711	7.32246e-06	0.0110838
0.00241641	0.281822	7.32246e-06	0.00990305
0.00243106	0.229105	7.32246e-06	0.00888075
0.0024457	0.181771	7.32246e-06	0.00784526
0.00246035	0.142961	7.32246e-06	0.00689221
0.00247499	0.109647	7.32246e-06	0.00602075
0.00248964	0.0753215	7.32246e-06	0.00491188
0.00250428	0.0499205	7.32246e-06	0.00396031
0.00251893	0.0296716	7.32246e-06	0.00303936
0.00253357	0.0181053	7.32246e-06	0.00233362
0.00254822	0.00835141	7.32246e-06	0.00158432
0.00256286	0.00294352	7.32246e-06	0.000933111
0.00257751	0.000306748	7.32246e-06	0.000306753
