0	1125.97	7.38575e-06	3.94333
1.47715e-05	1125.71	7.38575e-06	3.90631
2.9543e-05	1125.01	7.38575e-06	3.87471
4.43145e-05	1124.08	7.38575e-06	3.85365
5.9086e-05	1122.6	7.38575e-06	3.82518
7.38575e-05	1120.44	7.38575e-06	3.78795
8.8629e-05	1118.12	7.38575e-06	3.75713
0.000103401	1115.21	7.38575e-06	3.72295
0.000118172	1112.06	7.38575e-06	3.69187
0.000132944	1108.37	7.38575e-06	3.65978
0.000147715	1104.72	7.38575e-06	3.63454
0.000162487	1100.6	7.38575e-06	3.60739
0.000177258	1096.19	7.38575e-06	3.58155
0.00019203	1090.96	7.38575e-06	3.54848
0.000206801	1085.15	7.38575e-06	3.50714
0.000221573	1079.08	7.38575e-06	3.47266
0.000236344	1072.39	7.38575e-06	3.43143
0.000251116	1066.09	7.38575e-06	3.4026
0.000265887	1059.59	7.38575e-06	3.37632
0.000280659	1051.95	7.38575e-06	3.34332
0.00029543	1044.44	7.38575e-06	3.31381
0.000310202	1035.86	7.38575e-06	3.26764
0.000324973	1026.4	7.38575e-06	3.14822
0.000339745	1017.35	7.38575e-06	3.11129
0.000354516	1008.31	7.38575e-06	3.0724
0.000369288	998.788	7.38575e-06	3.03644
0.000384059	988.732	7.38575e-06	2.983
0.000398831	978.978	7.38575e-06	2.95239
0.000413602	968.34	7.38575e-06	2.90803
0.000428374	956.902	7.38575e-06	2.85982
0.000443145	945.949	7.38575e-06	2.81983
0.000457917	933.441	7.38575e-06	2.75299
0.000472688	921.83	7.38575e-06	2.71283
0.00048746	910.118	7.38575e-06	2.68075
0.000502231	897.455	7.38575e-06	2.63688
0.000517003	885.008	7.38575e-06	2.60145
0.000531774	871.801	7.38575e-06	2.54892
0.000546546	859.151	7.38575e-06	2.51452
0.000561317	846.302	7.38575e-06	2.48076
0.000576089	833.024	7.38575e-06	2.44657
0.00059086	819.447	7.38575e-06	2.40841
0.000605632	805.809	7.38575e-06	2.37412
0.000620403	792.176	7.38575e-06	2.34034
0.000635175	778.335	7.38575e-06	2.30662
0.000649946	763.808	7.38575e-06	2.25024
0.000664718	749.739	7.38575e-06	2.21517
0.000679489	735.858	7.38575e-06	2.18332
0.000694261	721.637	7.38575e-06	2.15292
0.000709032	707.034	7.38575e-06	2.11261
0.000723804	692.644	7.38575e-06	2.08048
0.000738575	678.151	7.38575e-06	2.05021
0.000753347	663.783	7.38575e-06	2.01945
0.000768118	649.524	7.38575e-06	1.99034
0.00078289	634.947	7.38575e-06	1.95837
0.000797661	619.828	7.38575e-06	1.91629
0.000812433	604.977	7.38575e-06	1.88188
0.000827204	589.828	7.38575e-06	1.83752
0.000841976	575.371	7.38575e-06	1.80578
0.000856747	561.09	7.38575e-06	1.77569
0.000871519	546.924	7.38575e-06	1.74898
0.00088629	532.809	7.38575e-06	1.72388
0.000901062	518.188	7.38575e-06	1.67486
0.000915833	504.051	7.38575e-06	1.64711
0.000930605	490.28	7.38575e-06	1.62143
0.000945376	476.482	7.38575e-06	1.59378
0.000960148	462.831	7.38575e-06	1.56694
0.000974919	448.931	7.38575e-06	1.53952
0.000989691	434.841	7.38575e-06	1.48873
0.00100446	421.709	7.38575e-06	1.46373
0.00101923	407.922	7.38575e-06	1.41138
0.00103401	395.107	7.38575e-06	1.39029
0.00104878	382.255	7.38575e-06	1.36331
0.00106355	369.641	7.38575e-06	1.33685
0.00107832	356.817	7.38575e-06	1.31312
0.00109309	344.936	7.38575e-06	1.29473
0.00110786	333.024	7.38575e-06	1.26935
0.00112263	320.3	7.38575e-06	1.17714
0.00113741	308.894	7.38575e-06	1.15718
0.00115218	297.401	7.38575e-06	1.13448
0.00116695	286.232	7.38575e-06	1.11406
0.00118172	275.418	7.38575e-06	1.0959
0.00119649	264.801	7.38575e-06	1.0781
0.00121126	254.424	7.38575e-06	1.05993
0.00122604	244.654	7.38575e-06	1.04592
0.00124081	234.729	7.38575e-06	1.02967
0.00125558	224.925	7.38575e-06	0.991027
0.00127035	215.286	7.38575e-06	0.973569
0.00128512	206.084	7.38575e-06	0.950481
0.00129989	197.232	7.38575e-06	0.936601
0.00131466	188.712	7.38575e-06	0.922675
0.00132944	180.495	7.38575e-06	0.910333
0.00134421	172.505	7.38575e-06	0.896452
0.00135898	164.736	7.38575e-06	0.884109
0.00137375	157.27	7.38575e-06	0.872159
0.00138852	149.89	7.38575e-06	0.85896
0.00140329	142.876	7.38575e-06	0.848262
0.00141806	136.013	7.38575e-06	0.837571
0.00143284	128.429	7.38575e-06	0.597585
0.00144761	122.219	7.38575e-06	0.58582
0.00146238	116.192	7.38575e-06	0.574357
0.00147715	110.367	7.38575e-06	0.563002
0.00149192	104.629	7.38575e-06	0.551556
0.00150669	99.227	7.38575e-06	0.539453
0.00152147	94.1071	7.38575e-06	0.530702
0.00153624	89.0807	7.38575e-06	0.511558
0.00155101	84.4506	7.38575e-06	0.503466
0.00156578	79.6148	7.38575e-06	0.480337
0.00158055	75.0774	7.38575e-06	0.460956
0.00159532	70.8578	7.38575e-06	0.451031
0.00161009	66.8582	7.38575e-06	0.442259
0.00162487	63.0711	7.38575e-06	0.435672
0.00163964	59.3531	7.38575e-06	0.427427
0.00165441	55.7358	7.38575e-06	0.409428
0.00166918	52.3169	7.38575e-06	0.397711
0.00168395	49.0993	7.38575e-06	0.386865
0.00169872	46.1531	7.38575e-06	0.381054
0.00171349	43.32	7.38575e-06	0.374144
0.00172827	40.6675	7.38575e-06	0.369289
0.00174304	38.0755	7.38575e-06	0.36227
0.00175781	35.7118	7.38575e-06	0.358287
0.00177258	33.1933	7.38575e-06	0.330033
0.00178735	30.7068	7.38575e-06	0.269433
0.00180212	28.5756	7.38575e-06	0.246261
0.0018169	26.5047	7.38575e-06	0.233412
0.00183167	24.657	7.38575e-06	0.224751
0.00184644	22.7608	7.38575e-06	0.181271
0.00186121	21.1049	7.38575e-06	0.174837
0.00187598	19.5657	7.38575e-06	0.165755
0.00189075	18.1466	7.38575e-06	0.159909
0.00190552	16.7939	7.38575e-06	0.153855
0.0019203	15.5079	7.38575e-06	0.148591
0.00193507	14.3114	7.38575e-06	0.142911
0.00194984	13.1981	7.38575e-06	0.137985
0.00196461	12.1585	7.38575e-06	0.131651
0.00197938	11.2219	7.38575e-06	0.12796
0.00199415	10.3141	7.38575e-06	0.121977
0.00200892	9.46909	7.38575e-06	0.11816
0.0020237	8.61035	7.38575e-06	0.111403
0.00203847	7.80775	7.38575e-06	0.10124
0.00205324	7.11734	7.38575e-06	0.0970451
0.00206801	6.45698	7.38575e-06	0.0906266
0.00208278	5.82773	7.38575e-06	0.0859445
0.00209755	5.31066	7.38575e-06	0.0833693
0.00211233	4.81402	7.38575e-06	0.0800666
0.0021271	4.36675	7.38575e-06	0.0777661
0.00214187	3.93168	7.38575e-06	0.0746685
0.00215664	3.50289	7.38575e-06	0.0689477
0.00217141	3.14087	7.38575e-06	0.0666958
0.00218618	2.74767	7.38575e-06	0.0531853
0.00220095	2.4354	7.38575e-06	0.0496504
0.00221573	2.18335	7.38575e-06	0.0478388
0.0022305	1.95218	7.38575e-06	0.0461367
0.00224527	1.72473	7.38575e-06	0.0437843
0.00226004	1.54026	7.38575e-06	0.0417344
0.00227481	1.34241	7.38575e-06	0.0392831
0.00228958	1.17614	7.38575e-06	0.0370739
0.00230435	1.01345	7.38575e-06	0.0279475
0.00231913	0.873468	7.38575e-06	0.0261791
0.0023339	0.75564	7.38575e-06	0.0237715
0.00234867	0.641945	7.38575e-06	0.0198825
0.00236344	0.552537	7.38575e-06	0.0187595
0.00237821	0.457269	7.38575e-06	0.0169168
0.00239298	0.385648	7.38575e-06	0.0156743
0.00240776	0.318557	7.38575e-06	0.014068
0.00242253	0.265956	7.38575e-06	0.0130035
0.0024373	0.212279	7.38575e-06	0.0118486
0.00245207	0.16396	7.38575e-06	0.00974452
0.00246684	0.130351	7.38575e-06	0.00875232
0.00248161	0.0941473	7.38575e-06	0.0071556
0.00249638	0.0663394	7.38575e-06	0.00615957
0.00251116	0.0414008	7.38575e-06	0.00420983
0.00252593	0.0283695	7.38575e-06	0.00356675
0.0025407	0.013663	7.38575e-06	0.00246236
0.00255547	0.00650219	7.38575e-06	0.00164609
0.00257024	0.000455255	7.38575e-06	0.000455263
