0	1122.17	7.34867e-06	4.23049
1.46973e-05	1122.01	7.34867e-06	4.21483
2.93947e-05	1121.58	7.34867e-06	4.20335
4.4092e-05	1120.51	7.34867e-06	4.1778
5.87893e-05	1119.37	7.34867e-06	4.16197
7.34867e-05	1117.92	7.34867e-06	4.14717
8.8184e-05	1115.69	7.34867e-06	4.11947
0.000102881	1112.93	7.34867e-06	4.09112
0.000117579	1110.12	7.34867e-06	4.0679
0.000132276	1106.53	7.34867e-06	4.03564
0.000146973	1102.45	7.34867e-06	4.00419
0.000161671	1098.26	7.34867e-06	3.97932
0.000176368	1093.68	7.34867e-06	3.95276
0.000191065	1088.94	7.34867e-06	3.92874
0.000205763	1083.96	7.34867e-06	3.90507
0.00022046	1077.74	7.34867e-06	3.87301
0.000235157	1071.3	7.34867e-06	3.8429
0.000249855	1064.68	7.34867e-06	3.80898
0.000264552	1057.97	7.34867e-06	3.78381
0.000279249	1051	7.34867e-06	3.75599
0.000293947	1043.46	7.34867e-06	3.72986
0.000308644	1035.18	7.34867e-06	3.70144
0.000323341	1026.89	7.34867e-06	3.67485
0.000338039	1018.53	7.34867e-06	3.65002
0.000352736	1009.38	7.34867e-06	3.61906
0.000367433	1000.28	7.34867e-06	3.59394
0.000382131	990.153	7.34867e-06	3.56418
0.000396828	980.249	7.34867e-06	3.53778
0.000411525	969.181	7.34867e-06	3.49551
0.000426223	958.823	7.34867e-06	3.46893
0.00044092	948.193	7.34867e-06	3.44367
0.000455617	936.67	7.34867e-06	3.41335
0.000470315	924.72	7.34867e-06	3.3802
0.000485012	912.906	7.34867e-06	3.35297
0.000499709	900.829	7.34867e-06	3.31686
0.000514407	888.955	7.34867e-06	3.2913
0.000529104	876.748	7.34867e-06	3.26598
0.000543801	864.327	7.34867e-06	3.23886
0.000558499	851.448	7.34867e-06	3.2109
0.000573196	838.731	7.34867e-06	3.1879
0.000587893	825.857	7.34867e-06	3.16446
0.000602591	812.582	7.34867e-06	3.13965
0.000617288	799.342	7.34867e-06	3.11634
0.000631985	785.281	7.34867e-06	3.08181
0.000646683	771.351	7.34867e-06	3.05607
0.00066138	757.4	7.34867e-06	3.03235
0.000676077	743.68	7.34867e-06	3.01078
0.000690775	729.544	7.34867e-06	2.9874
0.000705472	715.156	7.34867e-06	2.96358
0.000720169	699.769	7.34867e-06	2.86303
0.000734867	685.247	7.34867e-06	2.84034
0.000749564	670.994	7.34867e-06	2.81825
0.000764261	656.557	7.34867e-06	2.79672
0.000778959	642.146	7.34867e-06	2.77482
0.000793656	627.391	7.34867e-06	2.75206
0.000808353	613.025	7.34867e-06	2.73214
0.000823051	598.483	7.34867e-06	2.71136
0.000837748	583.937	7.34867e-06	2.68953
0.000852445	569.55	7.34867e-06	2.66827
0.000867143	555.219	7.34867e-06	2.64979
0.00088184	540.369	7.34867e-06	2.58573
0.000896537	525.748	7.34867e-06	2.56381
0.000911235	511.489	7.34867e-06	2.54491
0.000925932	497.062	7.34867e-06	2.52267
0.000940629	483.098	7.34867e-06	2.50319
0.000955327	466.795	7.34867e-06	1.67487
0.000970024	452.886	7.34867e-06	1.64808
0.000984721	439.509	7.34867e-06	1.62562
0.000999419	425.74	7.34867e-06	1.58929
0.00101412	412.605	7.34867e-06	1.56763
0.00102881	399.631	7.34867e-06	1.5461
0.00104351	386.995	7.34867e-06	1.5202
0.00105821	374.255	7.34867e-06	1.49982
0.00107291	361.519	7.34867e-06	1.47707
0.0010876	349.57	7.34867e-06	1.45616
0.0011023	337.633	7.34867e-06	1.43902
0.001117	325.533	7.34867e-06	1.41935
0.00113169	313.691	7.34867e-06	1.39709
0.00114639	301.923	7.34867e-06	1.3518
0.00116109	290.815	7.34867e-06	1.33544
0.00117579	279.355	7.34867e-06	1.31174
0.00119048	266.773	7.34867e-06	0.905853
0.00120518	256.191	7.34867e-06	0.882143
0.00121988	246.188	7.34867e-06	0.860227
0.00123458	236.414	7.34867e-06	0.840823
0.00124927	226.643	7.34867e-06	0.816747
0.00126397	217.16	7.34867e-06	0.793735
0.00127867	208.262	7.34867e-06	0.773078
0.00129337	199.149	7.34867e-06	0.739955
0.00130806	190.659	7.34867e-06	0.724018
0.00132276	182.276	7.34867e-06	0.701379
0.00133746	174.192	7.34867e-06	0.680146
0.00135215	166.429	7.34867e-06	0.664306
0.00136685	158.886	7.34867e-06	0.649536
0.00138155	151.484	7.34867e-06	0.634889
0.00139625	144.2	7.34867e-06	0.617897
0.00141094	137.222	7.34867e-06	0.598017
0.00142564	130.472	7.34867e-06	0.576852
0.00144034	123.939	7.34867e-06	0.561695
0.00145504	117.852	7.34867e-06	0.549219
0.00146973	111.932	7.34867e-06	0.536521
0.00148443	106.122	7.34867e-06	0.524141
0.00149913	100.525	7.34867e-06	0.488636
0.00151383	95.3751	7.34867e-06	0.478444
0.00152852	90.3074	7.34867e-06	0.46511
0.00154322	85.4493	7.34867e-06	0.454364
0.00155792	80.5967	7.34867e-06	0.424996
0.00157261	76.1924	7.34867e-06	0.413149
0.00158731	71.8876	7.34867e-06	0.401559
0.00160201	67.5736	7.34867e-06	0.34681
0.00161671	63.7256	7.34867e-06	0.33562
0.0016314	60.0103	7.34867e-06	0.322316
0.0016461	56.5046	7.34867e-06	0.312137
0.0016608	53.013	7.34867e-06	0.300793
0.0016755	49.7378	7.34867e-06	0.288406
0.00169019	46.7892	7.34867e-06	0.279781
0.00170489	43.9795	7.34867e-06	0.271926
0.00171959	41.2719	7.34867e-06	0.26413
0.00173429	38.5832	7.34867e-06	0.253292
0.00174898	36.1456	7.34867e-06	0.24675
0.00176368	33.8524	7.34867e-06	0.240795
0.00177838	31.6593	7.34867e-06	0.230096
0.00179307	29.5242	7.34867e-06	0.219622
0.00180777	27.5796	7.34867e-06	0.210936
0.00182247	25.7358	7.34867e-06	0.202688
0.00183717	24.0223	7.34867e-06	0.196712
0.00185186	22.3738	7.34867e-06	0.187946
0.00186656	20.7365	7.34867e-06	0.177309
0.00188126	19.2833	7.34867e-06	0.171277
0.00189596	17.8032	7.34867e-06	0.163518
0.00191065	16.4793	7.34867e-06	0.15781
0.00192535	15.234	7.34867e-06	0.152378
0.00194005	14.0891	7.34867e-06	0.144607
0.00195475	12.9788	7.34867e-06	0.137523
0.00196944	11.9611	7.34867e-06	0.132858
0.00198414	11.0448	7.34867e-06	0.128787
0.00199884	10.1436	7.34867e-06	0.123838
0.00201353	9.29872	7.34867e-06	0.119947
0.00202823	8.54377	7.34867e-06	0.116411
0.00204293	7.80123	7.34867e-06	0.111563
0.00205763	7.04268	7.34867e-06	0.10021
0.00207232	6.45416	7.34867e-06	0.0977013
0.00208702	5.86588	7.34867e-06	0.089287
0.00210172	5.34885	7.34867e-06	0.085783
0.00211642	4.84063	7.34867e-06	0.0814855
0.00213111	4.38158	7.34867e-06	0.0785584
0.00214581	4.0225	7.34867e-06	0.0767931
0.00216051	3.62083	7.34867e-06	0.0737225
0.00217521	3.32075	7.34867e-06	0.0722425
0.0021899	2.94987	7.34867e-06	0.0669639
0.0022046	2.62358	7.34867e-06	0.0643008
0.0022193	2.34799	7.34867e-06	0.0607496
0.00223399	2.04026	7.34867e-06	0.052326
0.00224869	1.81611	7.34867e-06	0.0501464
0.00226339	1.6242	7.34867e-06	0.0482443
0.00227809	1.43735	7.34867e-06	0.0462942
0.00229278	1.27576	7.34867e-06	0.0433936
0.00230748	1.10767	7.34867e-06	0.0395324
0.00232218	0.949331	7.34867e-06	0.0362948
0.00233688	0.809522	7.34867e-06	0.0345449
0.00235157	0.697428	7.34867e-06	0.0328615
0.00236627	0.585375	7.34867e-06	0.0312561
0.00238097	0.484024	7.34867e-06	0.0282544
0.00239567	0.371121	7.34867e-06	0.01982
0.00241036	0.308297	7.34867e-06	0.0163776
0.00242506	0.245501	7.34867e-06	0.0148352
0.00243976	0.192632	7.34867e-06	0.0137519
0.00245445	0.142305	7.34867e-06	0.0100511
0.00246915	0.107217	7.34867e-06	0.00776519
0.00248385	0.0739726	7.34867e-06	0.00611784
0.00249855	0.0470912	7.34867e-06	0.00474631
0.00251324	0.029581	7.34867e-06	0.00378182
0.00252794	0.0161754	7.34867e-06	0.00271561
0.00254264	0.0116589	7.34867e-06	0.00237111
0.00255734	0.00367195	7.34867e-06	0.00135502
0.00257203	0.000463971	7.34867e-06	0.000463979
