0	1122.11	7.3634e-06	3.75489
1.47268e-05	1122.01	7.3634e-06	3.74813
2.94536e-05	1121.47	7.3634e-06	3.72359
4.41804e-05	1120.57	7.3634e-06	3.7018
5.89072e-05	1119.1	7.3634e-06	3.67011
7.3634e-05	1117.02	7.3634e-06	3.63234
8.83608e-05	1115.06	7.3634e-06	3.6097
0.000103088	1112.67	7.3634e-06	3.58485
0.000117814	1109.83	7.3634e-06	3.55598
0.000132541	1106.33	7.3634e-06	3.52141
0.000147268	1102.66	7.3634e-06	3.4931
0.000161995	1098.72	7.3634e-06	3.46546
0.000176722	1093.75	7.3634e-06	3.41739
0.000191448	1088.59	7.3634e-06	3.38212
0.000206175	1083.47	7.3634e-06	3.35344
0.000220902	1077.03	7.3634e-06	3.29144
0.000235629	1070.51	7.3634e-06	3.24635
0.000250356	1064.33	7.3634e-06	3.21589
0.000265082	1057.99	7.3634e-06	3.1883
0.000279809	1050.99	7.3634e-06	3.15351
0.000294536	1043.33	7.3634e-06	3.11815
0.000309263	1034.65	7.3634e-06	3.04873
0.00032399	1026.02	7.3634e-06	3.00277
0.000338716	1018.03	7.3634e-06	2.97349
0.000353443	1008.83	7.3634e-06	2.93734
0.00036817	999.134	7.3634e-06	2.89876
0.000382897	988.793	7.3634e-06	2.79168
0.000397623	979.086	7.3634e-06	2.75595
0.00041235	969.394	7.3634e-06	2.72506
0.000427077	958.658	7.3634e-06	2.68092
0.000441804	947.839	7.3634e-06	2.64204
0.000456531	936.32	7.3634e-06	2.60206
0.000471257	924.965	7.3634e-06	2.56685
0.000485984	913.823	7.3634e-06	2.53497
0.000500711	902.118	7.3634e-06	2.49872
0.000515438	889.44	7.3634e-06	2.43909
0.000530165	876.874	7.3634e-06	2.40029
0.000544891	864.659	7.3634e-06	2.36729
0.000559618	851.652	7.3634e-06	2.33015
0.000574345	837.838	7.3634e-06	2.28554
0.000589072	823.738	7.3634e-06	2.23247
0.000603799	810.632	7.3634e-06	2.19939
0.000618525	796.851	7.3634e-06	2.16359
0.000633252	781.658	7.3634e-06	1.99302
0.000647979	768	7.3634e-06	1.95755
0.000662706	753.459	7.3634e-06	1.91641
0.000677433	739.585	7.3634e-06	1.88165
0.000692159	725.475	7.3634e-06	1.84742
0.000706886	710.996	7.3634e-06	1.80966
0.000721613	696.648	7.3634e-06	1.76792
0.00073634	681.915	7.3634e-06	1.72988
0.000751067	667.025	7.3634e-06	1.67406
0.000765793	652.056	7.3634e-06	1.6352
0.00078052	637.778	7.3634e-06	1.60271
0.000795247	622.973	7.3634e-06	1.55801
0.000809974	608.148	7.3634e-06	1.50581
0.000824701	593.464	7.3634e-06	1.47086
0.000839427	578.69	7.3634e-06	1.41535
0.000854154	564.13	7.3634e-06	1.37942
0.000868881	549.717	7.3634e-06	1.34586
0.000883608	535.439	7.3634e-06	1.31459
0.000898335	521.124	7.3634e-06	1.27956
0.000913061	507.113	7.3634e-06	1.2481
0.000927788	492.918	7.3634e-06	1.21543
0.000942515	478.937	7.3634e-06	1.18381
0.000957242	465.202	7.3634e-06	1.15403
0.000971969	451.911	7.3634e-06	1.1265
0.000986695	438.169	7.3634e-06	1.09682
0.00100142	424.757	7.3634e-06	1.0682
0.00101615	411.423	7.3634e-06	1.00298
0.00103088	398.267	7.3634e-06	0.975634
0.0010456	385.4	7.3634e-06	0.947496
0.00106033	372.575	7.3634e-06	0.918971
0.00107506	360.045	7.3634e-06	0.890539
0.00108978	347.659	7.3634e-06	0.864825
0.00110451	335.813	7.3634e-06	0.841313
0.00111924	324.195	7.3634e-06	0.818792
0.00113396	312.406	7.3634e-06	0.778532
0.00114869	300.993	7.3634e-06	0.752223
0.00116342	289.869	7.3634e-06	0.72962
0.00117814	278.923	7.3634e-06	0.703312
0.00119287	268.082	7.3634e-06	0.67988
0.0012076	257.551	7.3634e-06	0.657224
0.00122232	247.319	7.3634e-06	0.63623
0.00123705	237.371	7.3634e-06	0.612519
0.00125178	227.564	7.3634e-06	0.582756
0.0012665	218.1	7.3634e-06	0.561858
0.00128123	208.842	7.3634e-06	0.54318
0.00129596	199.91	7.3634e-06	0.524395
0.00131068	191.304	7.3634e-06	0.506543
0.00132541	182.963	7.3634e-06	0.489945
0.00134014	174.874	7.3634e-06	0.472793
0.00135487	167.012	7.3634e-06	0.457276
0.00136959	159.274	7.3634e-06	0.441349
0.00138432	151.847	7.3634e-06	0.426738
0.00139905	144.438	7.3634e-06	0.398689
0.00141377	137.487	7.3634e-06	0.384397
0.0014285	130.832	7.3634e-06	0.370382
0.00144323	124.19	7.3634e-06	0.356146
0.00145795	117.943	7.3634e-06	0.343677
0.00147268	111.885	7.3634e-06	0.331361
0.00148741	106.024	7.3634e-06	0.303725
0.00150213	100.531	7.3634e-06	0.292123
0.00151686	95.1573	7.3634e-06	0.279693
0.00153159	89.9545	7.3634e-06	0.26686
0.00154631	85.0189	7.3634e-06	0.255796
0.00156104	80.2443	7.3634e-06	0.244462
0.00157577	75.7983	7.3634e-06	0.23478
0.00159049	71.4637	7.3634e-06	0.224904
0.00160522	67.3768	7.3634e-06	0.215041
0.00161995	63.5348	7.3634e-06	0.206541
0.00163467	59.8158	7.3634e-06	0.197829
0.0016494	56.2327	7.3634e-06	0.18906
0.00166413	52.921	7.3634e-06	0.181399
0.00167885	49.6499	7.3634e-06	0.173705
0.00169358	46.6036	7.3634e-06	0.166275
0.00170831	43.6608	7.3634e-06	0.159122
0.00172304	40.9658	7.3634e-06	0.152457
0.00173776	38.3711	7.3634e-06	0.145967
0.00175249	35.8952	7.3634e-06	0.139793
0.00176722	33.5992	7.3634e-06	0.133974
0.00178194	31.3843	7.3634e-06	0.128181
0.00179667	29.2671	7.3634e-06	0.122584
0.0018114	27.2285	7.3634e-06	0.117103
0.00182612	25.3285	7.3634e-06	0.11188
0.00184085	23.5007	7.3634e-06	0.106784
0.00185558	21.818	7.3634e-06	0.102044
0.0018703	20.1926	7.3634e-06	0.0972347
0.00188503	18.7157	7.3634e-06	0.09284
0.00189976	17.3155	7.3634e-06	0.0884756
0.00191448	16.0044	7.3634e-06	0.0843793
0.00192921	14.7511	7.3634e-06	0.0803618
0.00194394	13.654	7.3634e-06	0.07679
0.00195866	12.5555	7.3634e-06	0.073058
0.00197339	11.5474	7.3634e-06	0.0695693
0.00198812	10.5976	7.3634e-06	0.066175
0.00200284	9.70458	7.3634e-06	0.0628594
0.00201757	8.86677	7.3634e-06	0.0596652
0.0020323	8.144	7.3634e-06	0.0568298
0.00204702	7.42647	7.3634e-06	0.0538841
0.00206175	6.76808	7.3634e-06	0.0510892
0.00207648	6.17486	7.3634e-06	0.0484998
0.00209121	5.61607	7.3634e-06	0.0459809
0.00210593	5.08073	7.3634e-06	0.0434807
0.00212066	4.61413	7.3634e-06	0.0412074
0.00213539	4.15956	7.3634e-06	0.0388957
0.00215011	3.76912	7.3634e-06	0.0368208
0.00216484	3.36631	7.3634e-06	0.0345819
0.00217957	3.01853	7.3634e-06	0.0325661
0.00219429	2.69729	7.3634e-06	0.0306154
0.00220902	2.41342	7.3634e-06	0.0288042
0.00222375	2.16759	7.3634e-06	0.0271781
0.00223847	1.92605	7.3634e-06	0.0254829
0.0022532	1.69357	7.3634e-06	0.0237815
0.00226793	1.49425	7.3634e-06	0.0222332
0.00228265	1.31331	7.3634e-06	0.0207391
0.00229738	1.14126	7.3634e-06	0.0192366
0.00231211	0.989603	7.3634e-06	0.0178225
0.00232683	0.849436	7.3634e-06	0.0164493
0.00234156	0.725333	7.3634e-06	0.0151156
0.00235629	0.621274	7.3634e-06	0.0139229
0.00237101	0.521397	7.3634e-06	0.0126984
0.00238574	0.440786	7.3634e-06	0.0116005
0.00240047	0.374229	7.3634e-06	0.010641
0.00241519	0.307389	7.3634e-06	0.00959824
0.00242992	0.250849	7.3634e-06	0.00863099
0.00244465	0.199674	7.3634e-06	0.00766678
0.00245937	0.149898	7.3634e-06	0.00661382
0.0024741	0.111123	7.3634e-06	0.00566637
0.00248883	0.0815187	7.3634e-06	0.00483653
0.00250356	0.0510463	7.3634e-06	0.00380927
0.00251828	0.0314555	7.3634e-06	0.00297484
0.00253301	0.0155828	7.3634e-06	0.00208333
0.00254774	0.00747158	7.3634e-06	0.00143838
0.00256246	0.00219483	7.3634e-06	0.000776119
0.00257719	0.0002708	7.3634e-06	0.000270804
