0	1127.01	7.35679e-06	4.15658
1.47136e-05	1126.9	7.35679e-06	4.14914
2.94271e-05	1126.29	7.35679e-06	4.12662
4.41407e-05	1124.73	7.35679e-06	4.06756
5.88543e-05	1123.29	7.35679e-06	4.04276
7.35679e-05	1121.35	7.35679e-06	4.01461
8.82814e-05	1119.1	7.35679e-06	3.98927
0.000102995	1116.58	7.35679e-06	3.96618
0.000117709	1113.45	7.35679e-06	3.93817
0.000132422	1109.72	7.35679e-06	3.90321
0.000147136	1106.07	7.35679e-06	3.87904
0.000161849	1102.05	7.35679e-06	3.85584
0.000176563	1097.37	7.35679e-06	3.82857
0.000191276	1092.6	7.35679e-06	3.80517
0.00020599	1087.28	7.35679e-06	3.77804
0.000220704	1081.24	7.35679e-06	3.74467
0.000235417	1074.89	7.35679e-06	3.71502
0.000250131	1068.13	7.35679e-06	3.68225
0.000264844	1059.89	7.35679e-06	3.56833
0.000279558	1052.67	7.35679e-06	3.54073
0.000294271	1044.85	7.35679e-06	3.50886
0.000308985	1036.73	7.35679e-06	3.4784
0.000323699	1028.12	7.35679e-06	3.44554
0.000338412	1019.32	7.35679e-06	3.41588
0.000353126	1010.39	7.35679e-06	3.38677
0.000367839	1000.68	7.35679e-06	3.34118
0.000382553	991.21	7.35679e-06	3.31454
0.000397266	981.077	7.35679e-06	3.28559
0.00041198	970.771	7.35679e-06	3.25442
0.000426694	959.554	7.35679e-06	3.19781
0.000441407	948.874	7.35679e-06	3.17001
0.000456121	937.081	7.35679e-06	3.13238
0.000470834	925.62	7.35679e-06	3.10178
0.000485548	913.748	7.35679e-06	3.07093
0.000500261	902.157	7.35679e-06	3.04388
0.000514975	888.9	7.35679e-06	2.95952
0.000529689	876.032	7.35679e-06	2.92603
0.000544402	863.479	7.35679e-06	2.89772
0.000559116	850.263	7.35679e-06	2.86296
0.000573829	837.024	7.35679e-06	2.8343
0.000588543	823.915	7.35679e-06	2.80514
0.000603256	810.11	7.35679e-06	2.77027
0.00061797	796.431	7.35679e-06	2.74172
0.000632684	782.542	7.35679e-06	2.70909
0.000647397	769.012	7.35679e-06	2.68316
0.000662111	755.211	7.35679e-06	2.65697
0.000676824	740.969	7.35679e-06	2.63041
0.000691538	726.559	7.35679e-06	2.59877
0.000706251	711.862	7.35679e-06	2.56867
0.000720965	696.676	7.35679e-06	2.5331
0.000735679	682.041	7.35679e-06	2.49592
0.000750392	667.381	7.35679e-06	2.45465
0.000765106	652.731	7.35679e-06	2.41936
0.000779819	638.346	7.35679e-06	2.3956
0.000794533	623.477	7.35679e-06	2.36848
0.000809247	609.176	7.35679e-06	2.34583
0.00082396	594.922	7.35679e-06	2.32146
0.000838674	579.356	7.35679e-06	2.05565
0.000853387	564.719	7.35679e-06	2.02859
0.000868101	550.375	7.35679e-06	1.99936
0.000882814	536.022	7.35679e-06	1.97508
0.000897528	521.645	7.35679e-06	1.95073
0.000912242	507.128	7.35679e-06	1.92453
0.000926955	493.66	7.35679e-06	1.90315
0.000941669	479.671	7.35679e-06	1.87981
0.000956382	465.867	7.35679e-06	1.85792
0.000971096	452.102	7.35679e-06	1.83703
0.000985809	437.869	7.35679e-06	1.806
0.00100052	424.201	7.35679e-06	1.78413
0.00101524	411.406	7.35679e-06	1.76381
0.00102995	398.248	7.35679e-06	1.74418
0.00104466	384.844	7.35679e-06	1.69606
0.00105938	372.442	7.35679e-06	1.68016
0.00107409	359.65	7.35679e-06	1.65299
0.0010888	347.511	7.35679e-06	1.63091
0.00110352	335.3	7.35679e-06	1.61184
0.00111823	323.2	7.35679e-06	1.59357
0.00113295	311.473	7.35679e-06	1.5773
0.00114766	299.77	7.35679e-06	1.5515
0.00116237	288.46	7.35679e-06	1.53537
0.00117709	277.855	7.35679e-06	1.52111
0.0011918	267.086	7.35679e-06	1.5065
0.00120651	257.051	7.35679e-06	1.49195
0.00122123	246.764	7.35679e-06	1.47569
0.00123594	235.192	7.35679e-06	0.847892
0.00125065	225.6	7.35679e-06	0.82491
0.00126537	215.907	7.35679e-06	0.794959
0.00128008	206.852	7.35679e-06	0.770884
0.00129479	198.082	7.35679e-06	0.753695
0.00130951	189.533	7.35679e-06	0.736492
0.00132422	181.3	7.35679e-06	0.716098
0.00133894	173.267	7.35679e-06	0.696413
0.00135365	165.254	7.35679e-06	0.670767
0.00136836	157.797	7.35679e-06	0.654096
0.00138308	150.479	7.35679e-06	0.637071
0.00139779	143.431	7.35679e-06	0.620088
0.0014125	136.684	7.35679e-06	0.601009
0.00142722	129.976	7.35679e-06	0.586236
0.00144193	123.49	7.35679e-06	0.566159
0.00145664	117.076	7.35679e-06	0.547302
0.00147136	111.313	7.35679e-06	0.533949
0.00148607	105.576	7.35679e-06	0.520642
0.00150078	100.009	7.35679e-06	0.506638
0.0015155	94.5039	7.35679e-06	0.488396
0.00153021	89.3719	7.35679e-06	0.475077
0.00154493	84.4687	7.35679e-06	0.45927
0.00155964	79.8037	7.35679e-06	0.440859
0.00157435	75.4681	7.35679e-06	0.423778
0.00158907	71.2704	7.35679e-06	0.409582
0.00160378	67.0923	7.35679e-06	0.397709
0.00161849	63.1988	7.35679e-06	0.381119
0.00163321	59.4312	7.35679e-06	0.364475
0.00164792	55.9321	7.35679e-06	0.354794
0.00166263	52.7004	7.35679e-06	0.341642
0.00167735	49.4376	7.35679e-06	0.32972
0.00169206	46.4943	7.35679e-06	0.321314
0.00170677	43.6089	7.35679e-06	0.313558
0.00172149	40.932	7.35679e-06	0.303747
0.0017362	38.2929	7.35679e-06	0.292007
0.00175092	35.8502	7.35679e-06	0.282438
0.00176563	33.3602	7.35679e-06	0.269182
0.00178034	31.1233	7.35679e-06	0.260548
0.00179506	28.8807	7.35679e-06	0.251133
0.00180977	26.8529	7.35679e-06	0.243999
0.00182448	25.0764	7.35679e-06	0.237532
0.0018392	23.2613	7.35679e-06	0.214802
0.00185391	21.585	7.35679e-06	0.208618
0.00186862	20.0103	7.35679e-06	0.203025
0.00188334	18.6083	7.35679e-06	0.1961
0.00189805	17.2303	7.35679e-06	0.19117
0.00191276	15.9468	7.35679e-06	0.184075
0.00192748	14.6645	7.35679e-06	0.165999
0.00194219	13.5368	7.35679e-06	0.158883
0.00195691	12.4373	7.35679e-06	0.149262
0.00197162	11.3693	7.35679e-06	0.143608
0.00198633	10.44	7.35679e-06	0.136842
0.00200105	9.66212	7.35679e-06	0.133531
0.00201576	8.79398	7.35679e-06	0.120831
0.00203047	8.05126	7.35679e-06	0.116326
0.00204519	7.34539	7.35679e-06	0.111038
0.0020599	6.78374	7.35679e-06	0.108358
0.00207461	6.10631	7.35679e-06	0.096065
0.00208933	5.54803	7.35679e-06	0.0925348
0.00210404	5.03278	7.35679e-06	0.0880251
0.00211875	4.572	7.35679e-06	0.0847383
0.00213347	4.15221	7.35679e-06	0.0820501
0.00214818	3.75563	7.35679e-06	0.0770246
0.0021629	3.40262	7.35679e-06	0.0743461
0.00217761	3.04067	7.35679e-06	0.0702283
0.00219232	2.66737	7.35679e-06	0.0655398
0.00220704	2.38043	7.35679e-06	0.062876
0.00222175	2.13339	7.35679e-06	0.0603864
0.00223646	1.88375	7.35679e-06	0.057676
0.00225118	1.68322	7.35679e-06	0.0550688
0.00226589	1.47483	7.35679e-06	0.0529388
0.0022806	1.32478	7.35679e-06	0.0518801
0.00229532	1.19041	7.35679e-06	0.0503439
0.00231003	1.04703	7.35679e-06	0.0490121
0.00232474	0.903214	7.35679e-06	0.0467067
0.00233946	0.764469	7.35679e-06	0.0451523
0.00235417	0.668915	7.35679e-06	0.0441047
0.00236889	0.585504	7.35679e-06	0.0431315
0.0023836	0.511801	7.35679e-06	0.0421003
0.00239831	0.437197	7.35679e-06	0.0410899
0.00241303	0.36756	7.35679e-06	0.0400965
0.00242774	0.318431	7.35679e-06	0.0393531
0.00244245	0.256451	7.35679e-06	0.0383202
0.00245717	0.157673	7.35679e-06	0.0165759
0.00247188	0.127939	7.35679e-06	0.0158944
0.00248659	0.0957928	7.35679e-06	0.0145583
0.00250131	0.0622873	7.35679e-06	0.0126961
0.00251602	0.0409543	7.35679e-06	0.0110822
0.00253073	0.0270033	7.35679e-06	0.00983444
0.00254545	0.0210047	7.35679e-06	0.0094427
0.00256016	0.00771645	7.35679e-06	0.00771657
