7.3634e-06	0.0503587	7.3634e-06	0.0503587
2.20902e-05	0.808792	7.3634e-06	0.349183
3.6817e-05	2.25768	7.3634e-06	0.4424
5.15438e-05	5.1563	7.3634e-06	0.831514
6.62706e-05	9.33551	7.3634e-06	1.13167
8.09974e-05	10.8108	7.3634e-06	1.04754
9.57242e-05	15.5371	7.3634e-06	1.35605
0.000110451	21.2712	7.3634e-06	1.88476
0.000125178	29.7272	7.3634e-06	2.334
0.000139905	34.9037	7.3634e-06	2.10213
0.000154631	41.3868	7.3634e-06	2.38142
0.000169358	57.1452	7.3634e-06	4.36582
0.000184085	64.4991	7.3634e-06	3.29459
0.000198812	69.0278	7.3634e-06	3.0087
0.000213539	93.4292	7.3634e-06	6.71637
0.000228265	101.129	7.3634e-06	5.31498
0.000242992	101.875	7.3634e-06	3.93434
0.000257719	110.953	7.3634e-06	3.72818
0.000272446	129.528	7.3634e-06	5.14796
0.000287173	149.302	7.3634e-06	5.07033
0.000301899	178.003	7.3634e-06	10.2228
0.000316626	185.539	7.3634e-06	7.3546
0.000331353	179.712	7.3634e-06	4.98004
0.00034608	216.192	7.3634e-06	5.77723
0.000360806	237.661	7.3634e-06	6.40509
0.000375533	263.697	7.3634e-06	17.0087
0.00039026	257.213	7.3634e-06	6.70735
0.000404987	266.534	7.3634e-06	5.83832
0.000419714	305.987	7.3634e-06	8.86465
0.00043444	319.163	7.3634e-06	7.9398
0.000449167	351.328	7.3634e-06	7.89644
0.000463894	357.68	7.3634e-06	7.18532
0.000478621	362.102	7.3634e-06	6.90399
0.000493348	392.123	7.3634e-06	8.23257
0.000508074	437.402	7.3634e-06	13.7741
0.000522801	446.103	7.3634e-06	8.87057
0.000537528	445.831	7.3634e-06	7.77394
0.000552255	487.76	7.3634e-06	8.72589
0.000566982	531.855	7.3634e-06	10.6937
0.000581708	556.931	7.3634e-06	13.2403
0.000596435	530.789	7.3634e-06	8.29241
0.000611162	571.912	7.3634e-06	8.89107
0.000625889	645.72	7.3634e-06	32.4001
0.000640616	594.111	7.3634e-06	8.86985
0.000655342	647.089	7.3634e-06	10.2039
0.000670069	631.279	7.3634e-06	8.9885
0.000684796	656.09	7.3634e-06	8.77292
0.000699523	687.753	7.3634e-06	10.0947
0.00071425	695.881	7.3634e-06	12.0579
0.000728976	729.291	7.3634e-06	10.4397
0.000743703	751.924	7.3634e-06	16.212
0.00075843	770.9	7.3634e-06	10.8175
0.000773157	749.627	7.3634e-06	9.27692
0.000787884	792.069	7.3634e-06	13.6093
0.00080261	807.945	7.3634e-06	15.9778
0.000817337	814.97	7.3634e-06	10.2364
0.000832064	834.709	7.3634e-06	17.1243
0.000846791	837.235	7.3634e-06	10.9528
0.000861518	843.163	7.3634e-06	10.2591
0.000876244	849.528	7.3634e-06	9.52262
0.000890971	866.048	7.3634e-06	11.3023
0.000905698	861.662	7.3634e-06	10.2191
0.000920425	887.213	7.3634e-06	10.6262
0.000935152	887.755	7.3634e-06	10.5055
0.000949878	885.937	7.3634e-06	10.0511
0.000964605	870.577	7.3634e-06	9.62712
0.000979332	913.819	7.3634e-06	10.148
0.000994059	905.293	7.3634e-06	10.1209
0.00100879	913.413	7.3634e-06	21.3558
0.00102351	914.298	7.3634e-06	9.39583
0.00103824	907.155	7.3634e-06	10.1679
0.00105297	917.002	7.3634e-06	10.3772
0.00106769	908.404	7.3634e-06	10.6505
0.00108242	910.372	7.3634e-06	9.50974
0.00109715	882.547	7.3634e-06	9.07224
0.00111187	877.179	7.3634e-06	8.83947
0.0011266	901.806	7.3634e-06	15.4073
0.00114133	884.55	7.3634e-06	10.5649
0.00115605	873.23	7.3634e-06	9.09169
0.00117078	870.179	7.3634e-06	10.8836
0.00118551	872.714	7.3634e-06	9.61766
0.00120023	858.276	7.3634e-06	9.50304
0.00121496	844.154	7.3634e-06	8.95166
0.00122969	830.619	7.3634e-06	10.3674
0.00124441	828.742	7.3634e-06	12.563
0.00125914	809.116	7.3634e-06	9.23608
0.00127387	800.82	7.3634e-06	8.28976
0.00128859	781.564	7.3634e-06	8.58842
0.00130332	761.657	7.3634e-06	8.37137
0.00131805	746.532	7.3634e-06	7.93138
0.00133278	732.031	7.3634e-06	8.35571
0.0013475	719.395	7.3634e-06	7.68229
0.00136223	715.777	7.3634e-06	7.91058
0.00137696	694.402	7.3634e-06	7.46535
0.00139168	700.114	7.3634e-06	12.3234
0.00140641	663.872	7.3634e-06	7.33145
0.00142114	642.205	7.3634e-06	7.36342
0.00143586	647.546	7.3634e-06	7.36273
0.00145059	615.33	7.3634e-06	6.75542
0.00146532	602.755	7.3634e-06	6.75383
0.00148004	589.039	7.3634e-06	11.9549
0.00149477	557.603	7.3634e-06	6.40606
0.0015095	550.771	7.3634e-06	6.76762
0.00152422	538.488	7.3634e-06	6.93291
0.00153895	515.765	7.3634e-06	6.22799
0.00155368	503.719	7.3634e-06	6.34905
0.0015684	473.504	7.3634e-06	5.73248
0.00158313	465.969	7.3634e-06	5.80317
0.00159786	443.423	7.3634e-06	5.86355
0.00161258	420.701	7.3634e-06	5.3105
0.00162731	410.95	7.3634e-06	5.4023
0.00164204	399.518	7.3634e-06	5.41652
0.00165676	372.569	7.3634e-06	4.99565
0.00167149	371.268	7.3634e-06	4.94934
0.00168622	348.795	7.3634e-06	4.88208
0.00170094	339.904	7.3634e-06	4.73187
0.00171567	313.969	7.3634e-06	4.57398
0.0017304	304.877	7.3634e-06	4.47288
0.00174513	293.39	7.3634e-06	4.318
0.00175985	274.365	7.3634e-06	4.18075
0.00177458	266.901	7.3634e-06	4.14083
0.00178931	257.238	7.3634e-06	4.02945
0.00180403	249.728	7.3634e-06	3.94422
0.00181876	234.653	7.3634e-06	3.82532
0.00183349	227.567	7.3634e-06	3.73231
0.00184821	211.168	7.3634e-06	3.57187
0.00186294	205.616	7.3634e-06	3.56306
0.00187767	188.306	7.3634e-06	3.37606
0.00189239	179.932	7.3634e-06	3.33257
0.00190712	169.78	7.3634e-06	3.18681
0.00192185	163.565	7.3634e-06	3.11454
0.00193657	144.264	7.3634e-06	2.91598
0.0019513	145.555	7.3634e-06	2.93449
0.00196603	134.583	7.3634e-06	2.8021
0.00198075	127.736	7.3634e-06	2.72641
0.00199548	121.011	7.3634e-06	2.65655
0.00201021	114.361	7.3634e-06	2.56716
0.00202493	99.3817	7.3634e-06	2.39215
0.00203966	99.3774	7.3634e-06	2.39607
0.00205439	91.8454	7.3634e-06	2.29693
0.00206911	83.3475	7.3634e-06	2.17684
0.00208384	79.0696	7.3634e-06	2.11019
0.00209857	76.2859	7.3634e-06	2.06283
0.0021133	66.9557	7.3634e-06	1.93567
0.00212802	65.6858	7.3634e-06	1.91307
0.00214275	56.8089	7.3634e-06	1.78142
0.00215748	59.0121	7.3634e-06	1.808
0.0021722	51.2974	7.3634e-06	1.68044
0.00218693	47.7043	7.3634e-06	1.617
0.00220166	42.4391	7.3634e-06	1.5247
0.00221638	36.9974	7.3634e-06	1.41474
0.00223111	36.5928	7.3634e-06	1.41092
0.00224584	35.4524	7.3634e-06	1.37667
0.00226056	30.5962	7.3634e-06	1.28023
0.00227529	27.9547	7.3634e-06	1.22464
0.00229002	26.7551	7.3634e-06	1.1928
0.00230474	23.7336	7.3634e-06	1.12276
0.00231947	22.0763	7.3634e-06	1.07134
0.0023342	19.6704	7.3634e-06	1.02087
0.00234892	16.5974	7.3634e-06	0.932878
0.00236365	16.0303	7.3634e-06	0.910921
0.00237838	13.0188	7.3634e-06	0.830267
0.0023931	10.8155	7.3634e-06	0.747701
0.00240783	10.9283	7.3634e-06	0.748152
0.00242256	9.30075	7.3634e-06	0.688428
0.00243728	8.46957	7.3634e-06	0.654069
0.00245201	8.28765	7.3634e-06	0.643721
0.00246674	6.49477	7.3634e-06	0.570025
0.00248147	4.98837	7.3634e-06	0.496571
0.00249619	5.16508	7.3634e-06	0.504219
0.00251092	3.34023	7.3634e-06	0.405191
0.00252565	2.72218	7.3634e-06	0.363839
0.00254037	1.39918	7.3634e-06	0.259847
0.0025551	0.915515	7.3634e-06	0.210047
0.00256983	0.335744	7.3634e-06	0.126907
0.00258455	0.0475253	7.3634e-06	0.0475253
