7.35888e-06	0.0610009	7.35888e-06	0.0610009
2.20766e-05	0.976274	7.35888e-06	0.295043
3.67944e-05	2.58109	7.35888e-06	0.68798
5.15122e-05	3.93586	7.35888e-06	0.653712
6.62299e-05	8.62009	7.35888e-06	1.2198
8.09477e-05	14.3479	7.35888e-06	1.5938
9.56655e-05	14.6605	7.35888e-06	1.27679
0.000110383	23.1594	7.35888e-06	1.77843
0.000125101	25.8457	7.35888e-06	1.71834
0.000139819	37.353	7.35888e-06	2.81024
0.000154537	50.6347	7.35888e-06	3.95981
0.000169254	55.0513	7.35888e-06	3.02047
0.000183972	68.7129	7.35888e-06	6.25791
0.00019869	68.0038	7.35888e-06	3.12461
0.000213408	88.8975	7.35888e-06	3.88677
0.000228125	95.2603	7.35888e-06	3.57804
0.000242843	104.44	7.35888e-06	4.54192
0.000257561	122.571	7.35888e-06	4.84115
0.000272279	134.001	7.35888e-06	4.83751
0.000286996	194.412	7.35888e-06	24.8926
0.000301714	165.159	7.35888e-06	5.6205
0.000316432	177.747	7.35888e-06	5.30072
0.00033115	192.41	7.35888e-06	5.5481
0.000345867	202.297	7.35888e-06	5.35344
0.000360585	251.706	7.35888e-06	9.11884
0.000375303	259.753	7.35888e-06	12.8423
0.000390021	263.002	7.35888e-06	6.78044
0.000404739	282.569	7.35888e-06	7.67023
0.000419456	320.95	7.35888e-06	12.0517
0.000434174	319.682	7.35888e-06	7.18089
0.000448892	358.673	7.35888e-06	15.6843
0.00046361	368.603	7.35888e-06	7.75207
0.000478327	386.105	7.35888e-06	7.42154
0.000493045	398.336	7.35888e-06	8.05526
0.000507763	435.589	7.35888e-06	8.24887
0.000522481	436.129	7.35888e-06	8.62316
0.000537198	461.9	7.35888e-06	8.73811
0.000551916	489.803	7.35888e-06	8.65857
0.000566634	516.295	7.35888e-06	10.308
0.000581352	537.964	7.35888e-06	9.97938
0.000596069	553.665	7.35888e-06	9.09092
0.000610787	567.598	7.35888e-06	9.70602
0.000625505	594.644	7.35888e-06	11.4478
0.000640223	625.67	7.35888e-06	10.6599
0.00065494	633.103	7.35888e-06	11.7919
0.000669658	652.383	7.35888e-06	10.004
0.000684376	656.819	7.35888e-06	9.43954
0.000699094	678.876	7.35888e-06	9.28525
0.000713812	690.212	7.35888e-06	9.46476
0.000728529	722.667	7.35888e-06	11.3259
0.000743247	745.043	7.35888e-06	13.7191
0.000757965	726.566	7.35888e-06	9.54808
0.000772683	755.049	7.35888e-06	10.2944
0.0007874	779.858	7.35888e-06	9.9863
0.000802118	803.001	7.35888e-06	12.0416
0.000816836	812.476	7.35888e-06	9.87284
0.000831554	913.661	7.35888e-06	63.2662
0.000846271	833.737	7.35888e-06	10.3041
0.000860989	852.817	7.35888e-06	10.632
0.000875707	841.393	7.35888e-06	10.5864
0.000890425	850.983	7.35888e-06	9.37177
0.000905142	870.246	7.35888e-06	11.705
0.00091986	878.356	7.35888e-06	12.1192
0.000934578	888.036	7.35888e-06	10.3939
0.000949296	885.146	7.35888e-06	14.4877
0.000964014	916.188	7.35888e-06	11.0493
0.000978731	919.109	7.35888e-06	11.8749
0.000993449	899.423	7.35888e-06	9.78648
0.00100817	928.13	7.35888e-06	12.2954
0.00102288	892.858	7.35888e-06	9.93429
0.0010376	901.958	7.35888e-06	9.32572
0.00105232	901.188	7.35888e-06	10.0942
0.00106704	951.69	7.35888e-06	23.2225
0.00108176	904.646	7.35888e-06	9.98634
0.00109647	898.468	7.35888e-06	10.8091
0.00111119	886.573	7.35888e-06	9.25386
0.00112591	877.757	7.35888e-06	8.92289
0.00114063	890.557	7.35888e-06	15.9097
0.00115534	893.388	7.35888e-06	12.3831
0.00117006	871.697	7.35888e-06	8.79597
0.00118478	867.395	7.35888e-06	9.72321
0.0011995	859.178	7.35888e-06	8.94873
0.00121422	837.202	7.35888e-06	8.46429
0.00122893	850.041	7.35888e-06	8.96911
0.00124365	820.316	7.35888e-06	8.66733
0.00125837	814.201	7.35888e-06	12.8379
0.00127309	771.628	7.35888e-06	7.90761
0.0012878	796.101	7.35888e-06	14.9441
0.00130252	748.814	7.35888e-06	7.65369
0.00131724	749.001	7.35888e-06	7.88785
0.00133196	747.063	7.35888e-06	8.30917
0.00134668	730.353	7.35888e-06	7.83184
0.00136139	721.901	7.35888e-06	8.99655
0.00137611	705.949	7.35888e-06	7.89461
0.00139083	687.766	7.35888e-06	7.50148
0.00140555	653.792	7.35888e-06	7.1875
0.00142026	648.682	7.35888e-06	9.64572
0.00143498	636.121	7.35888e-06	8.49523
0.0014497	616.734	7.35888e-06	9.236
0.00146442	603.902	7.35888e-06	7.98855
0.00147914	572.524	7.35888e-06	6.45986
0.00149385	562.201	7.35888e-06	6.6287
0.00150857	537.195	7.35888e-06	6.34263
0.00152329	535.132	7.35888e-06	6.73612
0.00153801	497.697	7.35888e-06	5.87583
0.00155272	498.426	7.35888e-06	5.96365
0.00156744	470.793	7.35888e-06	6.14475
0.00158216	451.997	7.35888e-06	5.45711
0.00159688	451.041	7.35888e-06	5.60065
0.0016116	421.648	7.35888e-06	5.26908
0.00162631	414.985	7.35888e-06	5.35474
0.00164103	390.936	7.35888e-06	5.82547
0.00165575	383.885	7.35888e-06	5.44473
0.00167047	372.446	7.35888e-06	5.10048
0.00168518	350.663	7.35888e-06	4.80094
0.0016999	333.785	7.35888e-06	4.68341
0.00171462	318.22	7.35888e-06	4.79413
0.00172934	302.678	7.35888e-06	4.44034
0.00174406	294.536	7.35888e-06	4.33068
0.00175877	280.602	7.35888e-06	4.2385
0.00177349	261.129	7.35888e-06	4.02241
0.00178821	251.774	7.35888e-06	3.93655
0.00180293	238.176	7.35888e-06	3.84718
0.00181764	224.877	7.35888e-06	3.72444
0.00183236	215.436	7.35888e-06	3.64065
0.00184708	202.776	7.35888e-06	3.49535
0.0018618	200.516	7.35888e-06	3.47798
0.00187651	182.153	7.35888e-06	3.30688
0.00189123	175.532	7.35888e-06	3.24978
0.00190595	170.004	7.35888e-06	3.18748
0.00192067	158.024	7.35888e-06	3.07255
0.00193539	145.877	7.35888e-06	2.92416
0.0019501	139.62	7.35888e-06	2.86149
0.00196482	132.418	7.35888e-06	2.78168
0.00197954	123.489	7.35888e-06	2.67816
0.00199426	116.209	7.35888e-06	2.59877
0.00200897	110.895	7.35888e-06	2.52885
0.00202369	99.3747	7.35888e-06	2.3839
0.00203841	102.164	7.35888e-06	2.42806
0.00205313	92.3624	7.35888e-06	2.29802
0.00206785	81.9005	7.35888e-06	2.14582
0.00208256	78.7488	7.35888e-06	2.10492
0.00209728	75.3875	7.35888e-06	2.0571
0.002112	71.3715	7.35888e-06	1.99316
0.00212672	63.1345	7.35888e-06	1.8744
0.00214143	61.4659	7.35888e-06	1.85165
0.00215615	56.3059	7.35888e-06	1.76529
0.00217087	51.2883	7.35888e-06	1.67131
0.00218559	46.8167	7.35888e-06	1.60196
0.00220031	43.7358	7.35888e-06	1.54467
0.00221502	37.8238	7.35888e-06	1.4331
0.00222974	37.6527	7.35888e-06	1.42944
0.00224446	35.3537	7.35888e-06	1.38094
0.00225918	30.0156	7.35888e-06	1.26464
0.00227389	28.8857	7.35888e-06	1.23847
0.00228861	24.8325	7.35888e-06	1.14221
0.00230333	22.7453	7.35888e-06	1.09203
0.00231805	23.2278	7.35888e-06	1.10307
0.00233277	20.1274	7.35888e-06	1.02472
0.00234748	18.1044	7.35888e-06	0.970093
0.0023622	17.3618	7.35888e-06	0.949452
0.00237692	14.3573	7.35888e-06	0.858055
0.00239164	11.0962	7.35888e-06	0.752959
0.00240635	10.1113	7.35888e-06	0.719751
0.00242107	7.49797	7.35888e-06	0.614902
0.00243579	8.57156	7.35888e-06	0.656158
0.00245051	7.84843	7.35888e-06	0.630232
0.00246523	6.46631	7.35888e-06	0.565295
0.00247994	5.18105	7.35888e-06	0.50587
0.00249466	4.03869	7.35888e-06	0.446206
0.00250938	3.55917	7.35888e-06	0.416693
0.0025241	2.61502	7.35888e-06	0.355928
0.00253881	2.11772	7.35888e-06	0.31931
0.00255353	0.761988	7.35888e-06	0.190501
0.00256825	0.37948	7.35888e-06	0.134169
0.00258297	0.0473354	7.35888e-06	0.0473354
