7.39418e-06	0.135849	7.39418e-06	0.0813664
2.21825e-05	0.869385	7.39418e-06	0.317627
3.69709e-05	1.81614	7.39418e-06	0.336612
5.17592e-05	4.69451	7.39418e-06	0.681885
6.65476e-05	8.91429	7.39418e-06	1.10682
8.13359e-05	12.8873	7.39418e-06	1.02458
9.61243e-05	17.9431	7.39418e-06	1.48843
0.000110913	23.0852	7.39418e-06	1.60772
0.000125701	27.8114	7.39418e-06	1.70496
0.000140489	36.4159	7.39418e-06	1.78333
0.000155278	43.3336	7.39418e-06	1.99277
0.000170066	52.8806	7.39418e-06	2.13799
0.000184854	67.1837	7.39418e-06	3.66594
0.000199643	67.8735	7.39418e-06	2.36442
0.000214431	87.738	7.39418e-06	3.15723
0.000229219	106.109	7.39418e-06	4.60413
0.000244008	110.15	7.39418e-06	3.64537
0.000258796	119.417	7.39418e-06	3.52303
0.000273585	129.757	7.39418e-06	3.83055
0.000288373	156.662	7.39418e-06	4.35817
0.000303161	162.733	7.39418e-06	4.61827
0.00031795	192.876	7.39418e-06	7.74799
0.000332738	241.873	7.39418e-06	15.7649
0.000347526	222.724	7.39418e-06	6.24912
0.000362315	228.652	7.39418e-06	5.38056
0.000377103	257.218	7.39418e-06	6.33116
0.000391891	267.23	7.39418e-06	5.39717
0.00040668	292.146	7.39418e-06	7.03262
0.000421468	311.27	7.39418e-06	7.87604
0.000436256	315.565	7.39418e-06	6.86831
0.000451045	361.493	7.39418e-06	9.27026
0.000465833	380.024	7.39418e-06	7.77904
0.000480621	389.47	7.39418e-06	7.5411
0.00049541	398.448	7.39418e-06	7.38141
0.000510198	423.59	7.39418e-06	7.89822
0.000524986	459.501	7.39418e-06	10.1376
0.000539775	470.789	7.39418e-06	8.28688
0.000554563	505.174	7.39418e-06	10.7478
0.000569352	508.663	7.39418e-06	8.7297
0.00058414	534.175	7.39418e-06	9.17844
0.000598928	558.761	7.39418e-06	10.346
0.000613717	589.098	7.39418e-06	22.0356
0.000628505	583.862	7.39418e-06	9.43666
0.000643293	636.113	7.39418e-06	16.8933
0.000658082	642.059	7.39418e-06	11.749
0.00067287	616.318	7.39418e-06	9.20066
0.000687658	671.708	7.39418e-06	10.0464
0.000702447	699.597	7.39418e-06	16.6704
0.000717235	705.009	7.39418e-06	11.3298
0.000732023	708.239	7.39418e-06	11.1384
0.000746812	756.073	7.39418e-06	17.5162
0.0007616	755.438	7.39418e-06	10.1036
0.000776388	775.612	7.39418e-06	10.8932
0.000791177	788.412	7.39418e-06	12.1742
0.000805965	784.371	7.39418e-06	11.6862
0.000820754	793.298	7.39418e-06	10.7116
0.000835542	806.975	7.39418e-06	10.9415
0.00085033	817.855	7.39418e-06	11.1606
0.000865119	865.16	7.39418e-06	12.2694
0.000879907	856.419	7.39418e-06	14.9532
0.000894695	843.25	7.39418e-06	10.6842
0.000909484	877.942	7.39418e-06	15.2286
0.000924272	880.399	7.39418e-06	11.7949
0.00093906	890.286	7.39418e-06	13.1585
0.000953849	899.69	7.39418e-06	12.4716
0.000968637	902.918	7.39418e-06	13.8384
0.000983425	908.95	7.39418e-06	14.1915
0.000998214	927.594	7.39418e-06	17.7478
0.001013	951.073	7.39418e-06	16.5541
0.00102779	896.242	7.39418e-06	11.6143
0.00104258	905.034	7.39418e-06	18.3168
0.00105737	911.214	7.39418e-06	11.8254
0.00107216	906.429	7.39418e-06	11.9885
0.00108694	897.237	7.39418e-06	14.2049
0.00110173	929.76	7.39418e-06	22.1949
0.00111652	887.046	7.39418e-06	13.8129
0.00113131	893.903	7.39418e-06	17.7266
0.0011461	862.031	7.39418e-06	13.435
0.00116089	869.187	7.39418e-06	12.9626
0.00117567	858.843	7.39418e-06	11.3726
0.00119046	859.106	7.39418e-06	13.1645
0.00120525	829.688	7.39418e-06	11.7249
0.00122004	816.902	7.39418e-06	11.0698
0.00123483	818.732	7.39418e-06	11.0461
0.00124962	805.827	7.39418e-06	11.0681
0.0012644	815.467	7.39418e-06	11.6369
0.00127919	766.78	7.39418e-06	11.61
0.00129398	766.039	7.39418e-06	13.6128
0.00130877	774.053	7.39418e-06	11.5635
0.00132356	725.511	7.39418e-06	10.7633
0.00133835	735.629	7.39418e-06	11.2247
0.00135313	725.745	7.39418e-06	12.6131
0.00136792	705.797	7.39418e-06	11.355
0.00138271	669.337	7.39418e-06	10.0324
0.0013975	671.817	7.39418e-06	14.0862
0.00141229	670.205	7.39418e-06	14.9271
0.00142708	654.327	7.39418e-06	11.0366
0.00144186	637.48	7.39418e-06	12.4558
0.00145665	604.174	7.39418e-06	11.4109
0.00147144	603.31	7.39418e-06	11.2002
0.00148623	570.575	7.39418e-06	10.5492
0.00150102	576.54	7.39418e-06	12.3249
0.00151581	510.256	7.39418e-06	8.31505
0.00153059	527.283	7.39418e-06	10.1892
0.00154538	486.382	7.39418e-06	8.06943
0.00156017	492.724	7.39418e-06	9.39581
0.00157496	475.241	7.39418e-06	10.1126
0.00158975	448.336	7.39418e-06	8.33588
0.00160454	430.451	7.39418e-06	9.2599
0.00161932	423.669	7.39418e-06	8.60173
0.00163411	392.048	7.39418e-06	8.03583
0.0016489	387.325	7.39418e-06	7.3142
0.00166369	377.613	7.39418e-06	10.9837
0.00167848	367.079	7.39418e-06	10.169
0.00169327	338.274	7.39418e-06	8.00454
0.00170805	325.949	7.39418e-06	7.91991
0.00172284	308.651	7.39418e-06	7.88474
0.00173763	309.363	7.39418e-06	7.21042
0.00175242	280.178	7.39418e-06	6.71452
0.00176721	317.233	7.39418e-06	25.9738
0.001782	281.087	7.39418e-06	10.4526
0.00179678	252.493	7.39418e-06	11.1521
0.00181157	224.162	7.39418e-06	6.00785
0.00182636	235.309	7.39418e-06	7.34798
0.00184115	214.709	7.39418e-06	6.02174
0.00185594	208.05	7.39418e-06	5.84646
0.00187073	205.326	7.39418e-06	7.79485
0.00188551	177.876	7.39418e-06	4.83305
0.0019003	168.769	7.39418e-06	5.38176
0.00191509	164.183	7.39418e-06	5.70715
0.00192988	148.487	7.39418e-06	4.30505
0.00194467	146.673	7.39418e-06	4.69349
0.00195946	138.965	7.39418e-06	5.87421
0.00197424	124.044	7.39418e-06	4.20384
0.00198903	120.852	7.39418e-06	4.33837
0.00200382	112.543	7.39418e-06	4.14806
0.00201861	101.293	7.39418e-06	3.87078
0.0020334	101.223	7.39418e-06	5.9532
0.00204819	96.5261	7.39418e-06	3.85082
0.00206298	97.9509	7.39418e-06	10.7976
0.00207776	91.6501	7.39418e-06	5.00224
0.00209255	74.6412	7.39418e-06	3.18715
0.00210734	73.6093	7.39418e-06	3.29784
0.00212213	72.092	7.39418e-06	3.64596
0.00213692	58.3024	7.39418e-06	2.81639
0.00215171	67.1143	7.39418e-06	7.40025
0.00216649	49.2775	7.39418e-06	2.51006
0.00218128	57.797	7.39418e-06	7.22326
0.00219607	44.7318	7.39418e-06	2.9717
0.00221086	42.8721	7.39418e-06	2.99404
0.00222565	37.0415	7.39418e-06	2.3839
0.00224044	36.3741	7.39418e-06	4.0854
0.00225522	37.4218	7.39418e-06	4.37356
0.00227001	30.2727	7.39418e-06	2.5012
0.0022848	24.0125	7.39418e-06	1.64479
0.00229959	27.5964	7.39418e-06	3.78874
0.00231438	16.6023	7.39418e-06	1.26752
0.00232917	19.2902	7.39418e-06	1.85335
0.00234395	20.6339	7.39418e-06	2.04269
0.00235874	16.6744	7.39418e-06	1.40149
0.00237353	15.4512	7.39418e-06	1.42065
0.00238832	11.7246	7.39418e-06	1.2506
0.00240311	12.9845	7.39418e-06	1.69435
0.0024179	8.87788	7.39418e-06	0.900695
0.00243268	7.76343	7.39418e-06	0.944334
0.00244747	7.67014	7.39418e-06	1.07928
0.00246226	6.95672	7.39418e-06	0.975202
0.00247705	5.14415	7.39418e-06	0.666296
0.00249184	5.22131	7.39418e-06	0.747837
0.00250663	3.01917	7.39418e-06	0.519056
0.00252141	2.44177	7.39418e-06	0.421127
0.0025362	2.24635	7.39418e-06	0.460508
0.00255099	1.82741	7.39418e-06	0.423266
0.00256578	1.05811	7.39418e-06	0.310586
0.00258057	0.0809013	7.39418e-06	0.0809013
