0	4425.13	9.35018e-06	4293.31
1.87004e-05	2279.28	9.35018e-06	109.073
3.74007e-05	2133.35	9.35018e-06	48.9593
5.61011e-05	2042.36	9.35018e-06	32.5386
7.48015e-05	1979.92	9.35018e-06	27.077
9.35018e-05	1918.65	9.35018e-06	23.2897
0.000112202	1864.44	9.35018e-06	20.9898
0.000130903	1812.19	9.35018e-06	19.3085
0.000149603	1761.65	9.35018e-06	18.0157
0.000168303	1709.87	9.35018e-06	16.8466
0.000187004	1659.63	9.35018e-06	15.933
0.000205704	1609.17	9.35018e-06	15.1282
0.000224404	1559.79	9.35018e-06	14.4371
0.000243105	1508.43	9.35018e-06	13.7441
0.000261805	1454.24	9.35018e-06	12.4353
0.000280505	1399.6	9.35018e-06	11.7439
0.000299206	1346.32	9.35018e-06	11.1365
0.000317906	1291.3	9.35018e-06	10.5097
0.000336607	1242.77	9.35018e-06	10.0825
0.000355307	1192.85	9.35018e-06	9.6504
0.000374007	1140.94	9.35018e-06	9.20357
0.000392708	1090.12	9.35018e-06	8.62855
0.000411408	1044.08	9.35018e-06	8.30629
0.000430108	996.121	9.35018e-06	7.78499
0.000448809	952.025	9.35018e-06	7.41384
0.000467509	906.417	9.35018e-06	7.10673
0.00048621	863.912	9.35018e-06	6.81836
0.00050491	821.03	9.35018e-06	6.56433
0.00052361	780.964	9.35018e-06	6.34806
0.000542311	739.404	9.35018e-06	6.10201
0.000561011	702.437	9.35018e-06	5.92399
0.000579711	664.285	9.35018e-06	5.73047
0.000598412	627.245	9.35018e-06	5.52788
0.000617112	591.684	9.35018e-06	5.36753
0.000635812	553.937	9.35018e-06	4.02041
0.000654513	521.642	9.35018e-06	3.85371
0.000673213	488.893	9.35018e-06	3.66255
0.000691914	460.042	9.35018e-06	3.51375
0.000710614	430.997	9.35018e-06	3.17378
0.000729314	402.442	9.35018e-06	2.99385
0.000748015	376.597	9.35018e-06	2.85701
0.000766715	353.03	9.35018e-06	2.75226
0.000785415	330.094	9.35018e-06	2.6456
0.000804116	307.194	9.35018e-06	2.48778
0.000822816	286.436	9.35018e-06	2.39911
0.000841516	266.662	9.35018e-06	2.31211
0.000860217	246.636	9.35018e-06	1.96871
0.000878917	228.929	9.35018e-06	1.88272
0.000897618	212.387	9.35018e-06	1.81056
0.000916318	196.515	9.35018e-06	1.73655
0.000935018	181.381	9.35018e-06	1.65305
0.000953719	166.598	9.35018e-06	1.54659
0.000972419	153.524	9.35018e-06	1.49209
0.000991119	140.326	9.35018e-06	1.42094
0.00100982	128.439	9.35018e-06	1.34558
0.00102852	116.623	9.35018e-06	1.27941
0.00104722	106.551	9.35018e-06	1.23304
0.00106592	96.9254	9.35018e-06	1.17625
0.00108462	87.9901	9.35018e-06	1.12785
0.00110332	80.0789	9.35018e-06	1.08738
0.00112202	72.0188	9.35018e-06	0.845796
0.00114072	65.5	9.35018e-06	0.807934
0.00115942	58.9775	9.35018e-06	0.752785
0.00117812	52.9509	9.35018e-06	0.715666
0.00119682	47.5853	9.35018e-06	0.684782
0.00121552	42.9472	9.35018e-06	0.647167
0.00123422	38.5358	9.35018e-06	0.615002
0.00125292	34.592	9.35018e-06	0.585143
0.00127162	30.6654	9.35018e-06	0.506855
0.00129033	26.8214	9.35018e-06	0.411135
0.00130903	23.8769	9.35018e-06	0.388311
0.00132773	21.2609	9.35018e-06	0.363802
0.00134643	18.6963	9.35018e-06	0.335619
0.00136513	16.6328	9.35018e-06	0.320479
0.00138383	14.5189	9.35018e-06	0.302018
0.00140253	12.6935	9.35018e-06	0.282509
0.00142123	10.9342	9.35018e-06	0.258114
0.00143993	9.64865	9.35018e-06	0.247963
0.00145863	8.49062	9.35018e-06	0.237355
0.00147733	7.38504	9.35018e-06	0.225035
0.00149603	6.40849	9.35018e-06	0.209218
0.00151473	5.55383	9.35018e-06	0.199603
0.00153343	4.79206	9.35018e-06	0.189557
0.00155213	4.07279	9.35018e-06	0.165095
0.00157083	3.53034	9.35018e-06	0.158601
0.00158953	2.97162	9.35018e-06	0.149173
0.00160823	2.51884	9.35018e-06	0.140866
0.00162693	2.0912	9.35018e-06	0.134065
0.00164563	1.67766	9.35018e-06	0.0835347
0.00166433	1.40976	9.35018e-06	0.0775478
0.00168303	1.20278	9.35018e-06	0.0719508
0.00170173	0.960938	9.35018e-06	0.0638481
0.00172043	0.765199	9.35018e-06	0.0577132
0.00173913	0.593089	9.35018e-06	0.0507386
0.00175783	0.451493	9.35018e-06	0.0455406
0.00177653	0.357325	9.35018e-06	0.0416126
0.00179524	0.246667	9.35018e-06	0.0312821
0.00181394	0.209696	9.35018e-06	0.0297906
0.00183264	0.178306	9.35018e-06	0.0286204
0.00185134	0.114722	9.35018e-06	0.0223856
0.00187004	0.0665372	9.35018e-06	0.0165367
0.00188874	0.0463931	9.35018e-06	0.0147735
0.00190744	0.022014	9.35018e-06	0.00736695
0.00192614	0.017864	9.35018e-06	0.00695913
0.00194484	0.0124694	9.35018e-06	0.00573395
0.00196354	0.00102899	9.35018e-06	0.00102904
