0	3040.34	1.26111e-05	3165.89
2.52222e-05	1458.09	1.26111e-05	84.5753
5.04445e-05	1340.39	1.26111e-05	31.1157
7.56667e-05	1279.47	1.26111e-05	18.1878
0.000100889	1238.16	1.26111e-05	13.1761
0.000126111	1208.92	1.26111e-05	11.3718
0.000151333	1184.06	1.26111e-05	10.3643
0.000176556	1161.66	1.26111e-05	9.73245
0.000201778	1138.67	1.26111e-05	9.16921
0.000227	1116.95	1.26111e-05	8.75764
0.000252222	1095.64	1.26111e-05	8.4116
0.000277445	1076.57	1.26111e-05	8.18124
0.000302667	1054.14	1.26111e-05	7.86824
0.000327889	1032.88	1.26111e-05	7.62374
0.000353111	1008.71	1.26111e-05	7.35265
0.000378334	984.421	1.26111e-05	7.11447
0.000403556	962.235	1.26111e-05	6.93666
0.000428778	938.191	1.26111e-05	6.73791
0.000454	915.316	1.26111e-05	6.57376
0.000479223	890.764	1.26111e-05	6.30453
0.000504445	864.809	1.26111e-05	5.70267
0.000529667	839.739	1.26111e-05	5.52363
0.000554889	815.122	1.26111e-05	5.37379
0.000580111	789.103	1.26111e-05	5.19456
0.000605334	763.81	1.26111e-05	5.04565
0.000630556	737.909	1.26111e-05	4.89436
0.000655778	712.166	1.26111e-05	4.75432
0.000681	685.048	1.26111e-05	4.59223
0.000706223	658.102	1.26111e-05	4.4494
0.000731445	628.184	1.26111e-05	3.79785
0.000756667	602.235	1.26111e-05	3.63885
0.000781889	577.027	1.26111e-05	3.4998
0.000807112	552.16	1.26111e-05	3.36354
0.000832334	525.98	1.26111e-05	3.20521
0.000857556	500.71	1.26111e-05	3.0698
0.000882778	475.483	1.26111e-05	2.88913
0.000908001	451.188	1.26111e-05	2.75451
0.000933223	427.89	1.26111e-05	2.63742
0.000958445	405.994	1.26111e-05	2.54015
0.000983667	383.855	1.26111e-05	2.43024
0.00100889	362.536	1.26111e-05	2.33423
0.00103411	341.545	1.26111e-05	2.23055
0.00105933	319.949	1.26111e-05	2.09156
0.00108456	300.07	1.26111e-05	1.98761
0.00110978	280.123	1.26111e-05	1.8673
0.001135	261.546	1.26111e-05	1.76889
0.00116022	243.66	1.26111e-05	1.67323
0.00118545	225.146	1.26111e-05	1.54763
0.00121067	208.636	1.26111e-05	1.46839
0.00123589	193.121	1.26111e-05	1.37439
0.00126111	178.269	1.26111e-05	1.2769
0.00128633	164.753	1.26111e-05	1.20973
0.00131156	151.785	1.26111e-05	1.14713
0.00133678	139.606	1.26111e-05	1.09055
0.001362	128.238	1.26111e-05	1.03938
0.00138722	117.284	1.26111e-05	0.967525
0.00141245	107.17	1.26111e-05	0.912539
0.00143767	97.8757	1.26111e-05	0.872122
0.00146289	89.0072	1.26111e-05	0.817311
0.00148811	80.826	1.26111e-05	0.775192
0.00151333	73.121	1.26111e-05	0.71551
0.00153856	65.7675	1.26111e-05	0.662572
0.00156378	59.3092	1.26111e-05	0.621896
0.001589	53.3434	1.26111e-05	0.580094
0.00161422	47.8577	1.26111e-05	0.549897
0.00163945	42.9183	1.26111e-05	0.501872
0.00166467	38.5395	1.26111e-05	0.466063
0.00168989	34.535	1.26111e-05	0.43987
0.00171511	30.9264	1.26111e-05	0.417382
0.00174033	27.7183	1.26111e-05	0.398256
0.00176556	24.6154	1.26111e-05	0.36582
0.00179078	21.6905	1.26111e-05	0.340895
0.001816	19.1134	1.26111e-05	0.32499
0.00184122	16.6754	1.26111e-05	0.308206
0.00186645	14.7964	1.26111e-05	0.29751
0.00189167	12.9667	1.26111e-05	0.284495
0.00191689	11.2544	1.26111e-05	0.250875
0.00194211	9.67504	1.26111e-05	0.234326
0.00196733	8.39659	1.26111e-05	0.222309
0.00199256	7.12601	1.26111e-05	0.200154
0.00201778	6.22655	1.26111e-05	0.191409
0.002043	5.39196	1.26111e-05	0.184212
0.00206822	4.50453	1.26111e-05	0.163038
0.00209345	3.6857	1.26111e-05	0.130704
0.00211867	3.0319	1.26111e-05	0.103813
0.00214389	2.51085	1.26111e-05	0.0945278
0.00216911	2.01873	1.26111e-05	0.0829227
0.00219433	1.63845	1.26111e-05	0.075773
0.00221956	1.29902	1.26111e-05	0.0685584
0.00224478	1.01177	1.26111e-05	0.0531294
0.00227	0.77592	1.26111e-05	0.0466097
0.00229522	0.594976	1.26111e-05	0.0377742
0.00232045	0.452674	1.26111e-05	0.0307146
0.00234567	0.337202	1.26111e-05	0.0264297
0.00237089	0.235245	1.26111e-05	0.0222268
0.00239611	0.163822	1.26111e-05	0.0183864
0.00242133	0.106401	1.26111e-05	0.0152939
0.00244656	0.0726477	1.26111e-05	0.0125994
0.00247178	0.0422151	1.26111e-05	0.00972573
0.002497	0.0273927	1.26111e-05	0.00840727
0.00252222	0.0133061	1.26111e-05	0.0064606
0.00254745	0.00356696	1.26111e-05	0.00356713
