0	4338.04	9.77154e-06	4199.86
1.95431e-05	2239.12	9.77154e-06	124.363
3.90861e-05	2069.92	9.77154e-06	51.965
5.86292e-05	1972.15	9.77154e-06	33.2394
7.81723e-05	1900.54	9.77154e-06	26.0113
9.77154e-05	1842.77	9.77154e-06	22.4927
0.000117258	1786.32	9.77154e-06	19.8758
0.000136802	1732.83	9.77154e-06	17.9649
0.000156345	1683.38	9.77154e-06	16.6314
0.000175888	1634.77	9.77154e-06	15.5396
0.000195431	1583.88	9.77154e-06	14.4955
0.000214974	1537.76	9.77154e-06	13.7539
0.000234517	1488.2	9.77154e-06	12.9441
0.00025406	1438.15	9.77154e-06	12.2269
0.000273603	1389.04	9.77154e-06	11.5865
0.000293146	1340.85	9.77154e-06	11.0393
0.000312689	1289.98	9.77154e-06	10.4606
0.000332232	1238.77	9.77154e-06	9.8944
0.000351775	1188.41	9.77154e-06	8.95196
0.000371318	1139.47	9.77154e-06	8.44972
0.000390861	1089.87	9.77154e-06	7.93269
0.000410405	1043.48	9.77154e-06	7.54029
0.000429948	999.781	9.77154e-06	7.20716
0.000449491	956.601	9.77154e-06	6.89686
0.000469034	911.314	9.77154e-06	6.53732
0.000488577	866.541	9.77154e-06	6.17433
0.00050812	823.771	9.77154e-06	5.87033
0.000527663	782.317	9.77154e-06	5.59514
0.000547206	743.246	9.77154e-06	5.35612
0.000566749	704.23	9.77154e-06	5.12062
0.000586292	667.842	9.77154e-06	4.92181
0.000605835	630.372	9.77154e-06	4.67189
0.000625378	593.391	9.77154e-06	4.16576
0.000644921	559.252	9.77154e-06	3.97507
0.000664465	527.089	9.77154e-06	3.80947
0.000684008	495.822	9.77154e-06	3.63359
0.000703551	466.07	9.77154e-06	3.46952
0.000723094	437.728	9.77154e-06	3.31701
0.000742637	409.625	9.77154e-06	3.16077
0.00076218	383.396	9.77154e-06	3.04269
0.000781723	357.909	9.77154e-06	2.91246
0.000801266	333.155	9.77154e-06	2.76618
0.000820809	309.726	9.77154e-06	2.63807
0.000840352	286.765	9.77154e-06	2.50584
0.000859895	266.414	9.77154e-06	2.36785
0.000879438	247.742	9.77154e-06	2.29158
0.000898981	229.654	9.77154e-06	2.21973
0.000918525	213.077	9.77154e-06	2.14765
0.000938068	196.335	9.77154e-06	2.07399
0.000957611	180.926	9.77154e-06	2.00896
0.000977154	166.783	9.77154e-06	1.96001
0.000996697	153.866	9.77154e-06	1.90877
0.00101624	141.216	9.77154e-06	1.86169
0.00103578	129.611	9.77154e-06	1.80734
0.00105533	118.749	9.77154e-06	1.76748
0.00107487	108.912	9.77154e-06	1.73707
0.00109441	99.6067	9.77154e-06	1.70387
0.00111396	90.5152	9.77154e-06	1.6614
0.0011335	82.3423	9.77154e-06	1.62182
0.00115304	74.9365	9.77154e-06	1.59792
0.00117258	68.1181	9.77154e-06	1.57865
0.00119213	61.8702	9.77154e-06	1.56196
0.00121167	56.1538	9.77154e-06	1.5433
0.00123121	51.2859	9.77154e-06	1.52854
0.00125076	46.4047	9.77154e-06	1.51462
0.0012703	40.6652	9.77154e-06	0.954845
0.00128984	36.8211	9.77154e-06	0.940063
0.00130939	32.9405	9.77154e-06	0.905355
0.00132893	29.4514	9.77154e-06	0.888708
0.00134847	26.4616	9.77154e-06	0.875411
0.00136802	23.2087	9.77154e-06	0.844576
0.00138756	20.2836	9.77154e-06	0.786085
0.0014071	18.2541	9.77154e-06	0.780151
0.00142664	16.0473	9.77154e-06	0.770088
0.00144619	13.4364	9.77154e-06	0.282145
0.00146573	11.8288	9.77154e-06	0.25326
0.00148527	10.3118	9.77154e-06	0.232732
0.00150482	9.02554	9.77154e-06	0.219033
0.00152436	7.95323	9.77154e-06	0.206311
0.0015439	6.87139	9.77154e-06	0.19313
0.00156345	5.96055	9.77154e-06	0.181878
0.00158299	5.03482	9.77154e-06	0.160592
0.00160253	4.39319	9.77154e-06	0.153958
0.00162208	3.69337	9.77154e-06	0.139284
0.00164162	3.09932	9.77154e-06	0.127796
0.00166116	2.62427	9.77154e-06	0.119524
0.0016807	2.18104	9.77154e-06	0.107131
0.00170025	1.80698	9.77154e-06	0.0868164
0.00171979	1.4038	9.77154e-06	0.073802
0.00173933	1.16003	9.77154e-06	0.0669372
0.00175888	0.974127	9.77154e-06	0.0624914
0.00177842	0.811536	9.77154e-06	0.0573438
0.00179796	0.641969	9.77154e-06	0.0495065
0.00181751	0.544181	9.77154e-06	0.0465453
0.00183705	0.468079	9.77154e-06	0.0426685
0.00185659	0.384673	9.77154e-06	0.0393464
0.00187614	0.306844	9.77154e-06	0.0358264
0.00189568	0.260434	9.77154e-06	0.0340119
0.00191522	0.20387	9.77154e-06	0.0315412
0.00193476	0.152033	9.77154e-06	0.0287006
0.00195431	0.0777822	9.77154e-06	0.0202477
0.00197385	0.0452982	9.77154e-06	0.0122257
0.00199339	0.0317208	9.77154e-06	0.0107035
0.00201294	0.0207489	9.77154e-06	0.0087422
0.00203248	0.0154295	9.77154e-06	0.00828631
0.00205202	0.0124615	9.77154e-06	0.00801598
0.00207157	0.0124615	9.77154e-06	0.00801598
0.00209111	0.00192912	9.77154e-06	0.0019292
