1.15426e-05	851.903	1.15426e-05	17.8325
3.46279e-05	203.611	1.15426e-05	7.88492
5.77131e-05	169.059	1.15426e-05	6.81165
8.07983e-05	169.291	1.15426e-05	7.31813
0.000103884	188.907	1.15426e-05	8.28587
0.000126969	209.32	1.15426e-05	9.87667
0.000150054	243.826	1.15426e-05	9.56125
0.000173139	270.81	1.15426e-05	11.1598
0.000196225	296.083	1.15426e-05	11.9671
0.00021931	342.475	1.15426e-05	12.0507
0.000242395	363.202	1.15426e-05	12.5888
0.00026548	420.304	1.15426e-05	13.5834
0.000288565	445.878	1.15426e-05	11.8986
0.000311651	455.611	1.15426e-05	11.7591
0.000334736	503.462	1.15426e-05	16.8818
0.000357821	552.941	1.15426e-05	14.0776
0.000380906	624.771	1.15426e-05	17.6962
0.000403992	617.944	1.15426e-05	18.9532
0.000427077	632.457	1.15426e-05	15.7301
0.000450162	689.38	1.15426e-05	18.6248
0.000473247	702.608	1.15426e-05	14.8041
0.000496333	759.431	1.15426e-05	17.6174
0.000519418	789.935	1.15426e-05	23.988
0.000542503	844.346	1.15426e-05	23.3095
0.000565588	847.658	1.15426e-05	24.3019
0.000588674	852.306	1.15426e-05	23.3148
0.000611759	863.808	1.15426e-05	20.2618
0.000634844	901.198	1.15426e-05	21.9119
0.000657929	874.792	1.15426e-05	20.1507
0.000681015	885.41	1.15426e-05	19.21
0.0007041	944.6	1.15426e-05	19.1554
0.000727185	904.365	1.15426e-05	16.4996
0.00075027	952.964	1.15426e-05	23.1101
0.000773355	963.401	1.15426e-05	20.1667
0.000796441	939.814	1.15426e-05	18.0298
0.000819526	967.311	1.15426e-05	20.2808
0.000842611	949.78	1.15426e-05	19.1205
0.000865696	917.4	1.15426e-05	19.0437
0.000888782	927.776	1.15426e-05	21.9611
0.000911867	855.991	1.15426e-05	17.6422
0.000934952	872.208	1.15426e-05	18.3926
0.000958037	848.921	1.15426e-05	20.2105
0.000981123	861.884	1.15426e-05	26.1113
0.00100421	875.081	1.15426e-05	78.493
0.00102729	822.775	1.15426e-05	23.7741
0.00105038	793.777	1.15426e-05	17.6852
0.00107346	783.576	1.15426e-05	22.7846
0.00109655	705.073	1.15426e-05	15.9976
0.00111963	670.485	1.15426e-05	14.5768
0.00114272	638.37	1.15426e-05	15.6575
0.0011658	643.837	1.15426e-05	19.5299
0.00118889	611.631	1.15426e-05	14.552
0.00121198	582.565	1.15426e-05	15.0483
0.00123506	539.277	1.15426e-05	13.6096
0.00125815	510.917	1.15426e-05	14.3434
0.00128123	473.126	1.15426e-05	14.0982
0.00130432	464.421	1.15426e-05	17.8478
0.0013274	466.199	1.15426e-05	16.1996
0.00135049	431.096	1.15426e-05	17.9414
0.00137357	404.917	1.15426e-05	12.7955
0.00139666	391.565	1.15426e-05	13.5867
0.00141974	340.084	1.15426e-05	11.2061
0.00144283	325.565	1.15426e-05	19.3086
0.00146591	292.678	1.15426e-05	9.79716
0.001489	284.886	1.15426e-05	11.6292
0.00151208	252.632	1.15426e-05	10.0118
0.00153517	235.289	1.15426e-05	9.10362
0.00155825	218.53	1.15426e-05	9.85012
0.00158134	200.832	1.15426e-05	9.12679
0.00160442	180.905	1.15426e-05	6.89222
0.00162751	171.367	1.15426e-05	7.68412
0.00165059	155.722	1.15426e-05	7.86829
0.00167368	150.468	1.15426e-05	7.23047
0.00169677	147.641	1.15426e-05	8.76133
0.00171985	130.592	1.15426e-05	9.331
0.00174294	118.159	1.15426e-05	8.52902
0.00176602	98.1424	1.15426e-05	5.34061
0.00178911	92.1082	1.15426e-05	5.85822
0.00181219	83.9812	1.15426e-05	8.47685
0.00183528	68.917	1.15426e-05	5.11409
0.00185836	64.0618	1.15426e-05	5.30366
0.00188145	61.0753	1.15426e-05	5.27462
0.00190453	42.7009	1.15426e-05	3.39089
0.00192762	50.9083	1.15426e-05	5.65833
0.0019507	43.2897	1.15426e-05	5.27385
0.00197379	38.2703	1.15426e-05	6.27949
0.00199687	24.0766	1.15426e-05	2.57475
0.00201996	31.8072	1.15426e-05	3.39718
0.00204304	20.2093	1.15426e-05	2.32862
0.00206613	15.712	1.15426e-05	1.87202
0.00208921	25.7229	1.15426e-05	4.39125
0.0021123	16.5156	1.15426e-05	2.35854
0.00213538	9.32624	1.15426e-05	1.65596
0.00215847	7.27319	1.15426e-05	1.31914
0.00218156	6.22081	1.15426e-05	1.26389
0.00220464	4.65212	1.15426e-05	1.04615
0.00222773	3.32433	1.15426e-05	0.959786
0.00225081	5.70207	1.15426e-05	1.65618
0.0022739	2.32321	1.15426e-05	0.717095
0.00229698	1.88998	1.15426e-05	0.66572
0.00232007	1.24516	1.15426e-05	0.833555
0.00234315	0.899145	1.15426e-05	0.511903
0.00236624	0	1.15426e-05	0
0.00238932	0.222554	1.15426e-05	0.158288
0.00241241	0	1.15426e-05	0
0.00243549	3.86448	1.15426e-05	3.86448
0.00245858	0.0983143	1.15426e-05	0.0983143
