1.16947e-05	836.466	1.16947e-05	16.7017
3.50841e-05	172.131	1.16947e-05	7.28414
5.84734e-05	190.403	1.16947e-05	10.0385
8.18628e-05	156.787	1.16947e-05	6.82347
0.000105252	163.017	1.16947e-05	7.84725
0.000128642	186.343	1.16947e-05	11.184
0.000152031	216.166	1.16947e-05	9.65623
0.00017542	223.125	1.16947e-05	8.26121
0.00019881	277.327	1.16947e-05	15.3009
0.000222199	284.744	1.16947e-05	10.6892
0.000245588	328.672	1.16947e-05	9.64817
0.000268978	372.333	1.16947e-05	15.0027
0.000292367	366.306	1.16947e-05	11.485
0.000315757	421.068	1.16947e-05	10.8197
0.000339146	450.257	1.16947e-05	11.4911
0.000362535	525.345	1.16947e-05	14.1679
0.000385925	550.02	1.16947e-05	13.7667
0.000409314	591.729	1.16947e-05	17.3341
0.000432704	616.951	1.16947e-05	17.5532
0.000456093	654.687	1.16947e-05	14.5888
0.000479482	691.793	1.16947e-05	19.8824
0.000502872	694.371	1.16947e-05	18.8831
0.000526261	705.963	1.16947e-05	16.2956
0.00054965	778.327	1.16947e-05	17.3867
0.00057304	794.328	1.16947e-05	18.9509
0.000596429	841.224	1.16947e-05	17.7227
0.000619819	838.27	1.16947e-05	18.5681
0.000643208	871.045	1.16947e-05	18.4857
0.000666597	886.665	1.16947e-05	18.2918
0.000689987	861.942	1.16947e-05	18.9897
0.000713376	909.048	1.16947e-05	26.1774
0.000736765	951.015	1.16947e-05	29.2732
0.000760155	948.425	1.16947e-05	34.2551
0.000783544	904.171	1.16947e-05	17.3699
0.000806934	949.433	1.16947e-05	26.0884
0.000830323	931.492	1.16947e-05	20.776
0.000853712	953.711	1.16947e-05	27.0412
0.000877102	929.43	1.16947e-05	23.1507
0.000900491	888.467	1.16947e-05	19.149
0.00092388	896.393	1.16947e-05	20.3137
0.00094727	845.424	1.16947e-05	17.2679
0.000970659	906.319	1.16947e-05	42.9694
0.000994049	828.636	1.16947e-05	17.833
0.00101744	827.071	1.16947e-05	17.2436
0.00104083	779.357	1.16947e-05	15.4997
0.00106422	789.469	1.16947e-05	28.9863
0.00108761	726.201	1.16947e-05	16.5513
0.001111	743.33	1.16947e-05	44.7828
0.00113438	729.517	1.16947e-05	18.5842
0.00115777	715.608	1.16947e-05	22.2749
0.00118116	642.788	1.16947e-05	18.8644
0.00120455	658.003	1.16947e-05	17.8646
0.00122794	611.752	1.16947e-05	15.6803
0.00125133	574.382	1.16947e-05	15.3545
0.00127472	541.007	1.16947e-05	15.2057
0.00129811	503.613	1.16947e-05	12.3996
0.0013215	478.56	1.16947e-05	13.0931
0.00134489	480.401	1.16947e-05	14.8653
0.00136828	464.815	1.16947e-05	19.5292
0.00139167	395.361	1.16947e-05	10.7405
0.00141506	410.42	1.16947e-05	12.7507
0.00143845	429.583	1.16947e-05	60.6925
0.00146184	333.182	1.16947e-05	10.504
0.00148523	313.884	1.16947e-05	12.8541
0.00150861	298.282	1.16947e-05	9.89771
0.001532	274.355	1.16947e-05	10.0534
0.00155539	252.022	1.16947e-05	8.91016
0.00157878	226.276	1.16947e-05	9.07765
0.00160217	224.909	1.16947e-05	9.92573
0.00162556	213.504	1.16947e-05	10.0466
0.00164895	180.244	1.16947e-05	7.55346
0.00167234	185.323	1.16947e-05	14.9886
0.00169573	153.205	1.16947e-05	7.13378
0.00171912	141.802	1.16947e-05	7.56891
0.00174251	130.996	1.16947e-05	9.35764
0.0017659	103.593	1.16947e-05	5.37741
0.00178929	101.028	1.16947e-05	5.85932
0.00181268	108.445	1.16947e-05	16.9711
0.00183607	73.5672	1.16947e-05	4.53383
0.00185946	68.3486	1.16947e-05	6.21861
0.00188285	69.4128	1.16947e-05	5.49448
0.00190623	54.4536	1.16947e-05	3.63216
0.00192962	55.3839	1.16947e-05	4.72447
0.00195301	45.6473	1.16947e-05	4.37916
0.0019764	40.0993	1.16947e-05	3.62189
0.00199979	30.7699	1.16947e-05	2.6365
0.00202318	24.5301	1.16947e-05	2.45349
0.00204657	30.1599	1.16947e-05	2.92197
0.00206996	21.2875	1.16947e-05	3.18071
0.00209335	18.5705	1.16947e-05	2.07281
0.00211674	18.0153	1.16947e-05	2.14702
0.00214013	19.5506	1.16947e-05	4.55369
0.00216352	15.394	1.16947e-05	2.65845
0.00218691	8.90529	1.16947e-05	1.41339
0.0022103	6.74186	1.16947e-05	1.51752
0.00223369	7.13844	1.16947e-05	1.60251
0.00225708	4.95759	1.16947e-05	1.03511
0.00228046	2.58707	1.16947e-05	0.878151
0.00230385	2.30683	1.16947e-05	0.624458
0.00232724	1.25532	1.16947e-05	0.546787
0.00235063	0.456114	1.16947e-05	0.303223
0.00237402	1.91908	1.16947e-05	0.963735
0.00239741	0.410032	1.16947e-05	0.245139
0.0024208	0.43441	1.16947e-05	0.34866
0.00244419	0.0898489	1.16947e-05	0.0898489
