9.06462e-06	1148.89	9.06462e-06	29.847
2.71938e-05	254.864	9.06462e-06	9.97256
4.53231e-05	241.942	9.06462e-06	13.4868
6.34523e-05	245.463	9.06462e-06	9.94234
8.15815e-05	292.575	9.06462e-06	15.3061
9.97108e-05	308.943	9.06462e-06	12.2827
0.00011784	352.56	9.06462e-06	12.3104
0.000135969	372.872	9.06462e-06	11.0483
0.000154098	463.515	9.06462e-06	16.4744
0.000172228	521.293	9.06462e-06	18.8562
0.000190357	507	9.06462e-06	14.8619
0.000208486	577.816	9.06462e-06	14.7372
0.000226615	662.567	9.06462e-06	19.9756
0.000244745	714.341	9.06462e-06	16.5273
0.000262874	821.174	9.06462e-06	31.5588
0.000281003	844.208	9.06462e-06	20.393
0.000299132	894.165	9.06462e-06	20.6122
0.000317262	944.423	9.06462e-06	22.5557
0.000335391	945.635	9.06462e-06	20.7084
0.00035352	1019.18	9.06462e-06	22.322
0.000371649	1053.23	9.06462e-06	49.9938
0.000389778	1077.31	9.06462e-06	38.6742
0.000407908	1038.1	9.06462e-06	22.7536
0.000426037	1120.19	9.06462e-06	22.687
0.000444166	1111.94	9.06462e-06	21.8961
0.000462295	1128.63	9.06462e-06	23.3916
0.000480425	1208.36	9.06462e-06	55.921
0.000498554	1215.24	9.06462e-06	27.7514
0.000516683	1203.66	9.06462e-06	28.901
0.000534812	1181.71	9.06462e-06	23.8343
0.000552942	1207.9	9.06462e-06	27.2486
0.000571071	1216.29	9.06462e-06	28.1723
0.0005892	1148.36	9.06462e-06	22.7078
0.000607329	1133.94	9.06462e-06	22.9373
0.000625459	1159.97	9.06462e-06	27.1313
0.000643588	1152.83	9.06462e-06	22.6532
0.000661717	1199.94	9.06462e-06	34.4716
0.000679846	1160.67	9.06462e-06	31.453
0.000697975	1098.29	9.06462e-06	27.0222
0.000716105	1060.33	9.06462e-06	26.6567
0.000734234	1002.81	9.06462e-06	19.6598
0.000752363	996.751	9.06462e-06	20.2401
0.000770492	990.531	9.06462e-06	26.5165
0.000788622	957.827	9.06462e-06	28.6845
0.000806751	916.39	9.06462e-06	31.2321
0.00082488	941.307	9.06462e-06	25.5933
0.000843009	952.643	9.06462e-06	54.9968
0.000861139	844.243	9.06462e-06	29.0053
0.000879268	769.891	9.06462e-06	20.2183
0.000897397	764.632	9.06462e-06	20.9859
0.000915526	715.537	9.06462e-06	19.6527
0.000933655	668.231	9.06462e-06	17.0009
0.000951785	691.417	9.06462e-06	22.1924
0.000969914	648.361	9.06462e-06	24.42
0.000988043	646.17	9.06462e-06	21.063
0.00100617	595.093	9.06462e-06	16.3584
0.0010243	554.831	9.06462e-06	17.3067
0.00104243	479.656	9.06462e-06	13.8185
0.00106056	480.774	9.06462e-06	16.6118
0.00107869	467.697	9.06462e-06	13.824
0.00109682	421.261	9.06462e-06	18.5467
0.00111495	379.962	9.06462e-06	21.9873
0.00113308	367.737	9.06462e-06	19.7414
0.00115121	362.343	9.06462e-06	15.1208
0.00116934	303.941	9.06462e-06	11.7
0.00118746	303.706	9.06462e-06	12.9275
0.00120559	278.264	9.06462e-06	11.9002
0.00122372	268.117	9.06462e-06	14.9447
0.00124185	225.726	9.06462e-06	9.22248
0.00125998	205.43	9.06462e-06	9.92695
0.00127811	202.856	9.06462e-06	10.9326
0.00129624	185.707	9.06462e-06	9.42397
0.00131437	152.312	9.06462e-06	7.56509
0.0013325	159.483	9.06462e-06	11.2114
0.00135063	137.864	9.06462e-06	9.42753
0.00136876	138.553	9.06462e-06	8.18276
0.00138689	123.677	9.06462e-06	7.69423
0.00140502	110.686	9.06462e-06	6.81711
0.00142314	126.352	9.06462e-06	21.7946
0.00144127	77.7067	9.06462e-06	6.20927
0.0014594	68.1763	9.06462e-06	5.17287
0.00147753	64.7523	9.06462e-06	5.41969
0.00149566	56.1848	9.06462e-06	5.23876
0.00151379	40.0322	9.06462e-06	3.536
0.00153192	39.6967	9.06462e-06	3.53869
0.00155005	37.929	9.06462e-06	3.73434
0.00156818	39.6891	9.06462e-06	4.84668
0.00158631	36.4359	9.06462e-06	4.12453
0.00160444	26.7301	9.06462e-06	3.04173
0.00162257	24.9122	9.06462e-06	2.98052
0.0016407	21.7374	9.06462e-06	2.867
0.00165882	12.1654	9.06462e-06	2.14362
0.00167695	10.6725	9.06462e-06	1.65367
0.00169508	13.6584	9.06462e-06	2.58339
0.00171321	9.0167	9.06462e-06	1.74099
0.00173134	4.45323	9.06462e-06	1.08773
0.00174947	6.41676	9.06462e-06	1.32343
0.0017676	9.43645	9.06462e-06	1.99939
0.00178573	1.63155	9.06462e-06	0.759968
0.00180386	2.23462	9.06462e-06	0.718834
0.00182199	3.3367	9.06462e-06	1.04103
0.00184012	1.77917	9.06462e-06	0.755649
0.00185825	1.04066	9.06462e-06	0.492877
0.00187638	0.433259	9.06462e-06	0.33409
0.0018945	0.175822	9.06462e-06	0.175822
