8.51549e-06	1210.73	8.51549e-06	31.036
2.55465e-05	348.277	8.51549e-06	73.7567
4.25774e-05	219.028	8.51549e-06	9.08983
5.96084e-05	248.289	8.51549e-06	10.153
7.66394e-05	286.454	8.51549e-06	13.4492
9.36704e-05	334.271	8.51549e-06	13.863
0.000110701	399.717	8.51549e-06	17.1223
0.000127732	407.609	8.51549e-06	13.6999
0.000144763	454.623	8.51549e-06	14.7256
0.000161794	518.806	8.51549e-06	15.7138
0.000178825	536.108	8.51549e-06	21.223
0.000195856	604.26	8.51549e-06	19.0255
0.000212887	666.304	8.51549e-06	17.8453
0.000229918	764.477	8.51549e-06	24.5819
0.000246949	841.136	8.51549e-06	20.9688
0.00026398	886.012	8.51549e-06	22.2734
0.000281011	881.937	8.51549e-06	22.4922
0.000298042	965.17	8.51549e-06	24.1966
0.000315073	994.547	8.51549e-06	20.9988
0.000332104	997.261	8.51549e-06	23.2326
0.000349135	1001.88	8.51549e-06	20.8017
0.000366166	1096.41	8.51549e-06	24.398
0.000383197	1148.07	8.51549e-06	28.6036
0.000400228	1206.88	8.51549e-06	31.8309
0.000417259	1196.83	8.51549e-06	22.7174
0.00043429	1280.98	8.51549e-06	37.8084
0.000451321	1238.59	8.51549e-06	29.5191
0.000468352	1289.12	8.51549e-06	37.479
0.000485383	1293.72	8.51549e-06	27.0581
0.000502414	1264.51	8.51549e-06	32.3515
0.000519445	1289.15	8.51549e-06	32.414
0.000536476	1222.32	8.51549e-06	24.4768
0.000553507	1234.95	8.51549e-06	30.3975
0.000570538	1272.45	8.51549e-06	29.055
0.000587569	1212.94	8.51549e-06	25.9755
0.0006046	1242.22	8.51549e-06	26.0087
0.000621631	1150.94	8.51549e-06	22.7335
0.000638662	1250.28	8.51549e-06	52.4348
0.000655693	1193.17	8.51549e-06	27.4476
0.000672723	1140.55	8.51549e-06	24.838
0.000689754	1136.01	8.51549e-06	35.6229
0.000706785	1112.5	8.51549e-06	24.6444
0.000723816	1082.29	8.51549e-06	37.4703
0.000740847	1099.07	8.51549e-06	41.855
0.000757878	985.36	8.51549e-06	21.7316
0.000774909	954.306	8.51549e-06	22.5411
0.00079194	882.984	8.51549e-06	21.1053
0.000808971	915.753	8.51549e-06	24.3996
0.000826002	837.501	8.51549e-06	27.8535
0.000843033	806.209	8.51549e-06	18.4934
0.000860064	795.96	8.51549e-06	21.2424
0.000877095	811.763	8.51549e-06	30.287
0.000894126	736.629	8.51549e-06	22.7889
0.000911157	717.871	8.51549e-06	25.339
0.000928188	651.37	8.51549e-06	21.2147
0.000945219	605.133	8.51549e-06	16.3536
0.00096225	615.279	8.51549e-06	23.237
0.000979281	585.252	8.51549e-06	22.8044
0.000996312	546.669	8.51549e-06	16.8556
0.00101334	499.985	8.51549e-06	15.523
0.00103037	485.838	8.51549e-06	17.1466
0.0010474	427.164	8.51549e-06	13.0658
0.00106444	489.616	8.51549e-06	46.6869
0.00108147	366.524	8.51549e-06	11.823
0.0010985	346.954	8.51549e-06	15.3376
0.00111553	324.835	8.51549e-06	13.7594
0.00113256	309.558	8.51549e-06	11.9581
0.00114959	278.815	8.51549e-06	10.8276
0.00116662	254.378	8.51549e-06	10.0369
0.00118365	256.678	8.51549e-06	12.8345
0.00120068	220.551	8.51549e-06	10.2492
0.00121771	198.728	8.51549e-06	9.67986
0.00123475	161.716	8.51549e-06	7.66797
0.00125178	165.241	8.51549e-06	12.2605
0.00126881	163.153	8.51549e-06	10.2079
0.00128584	124.571	8.51549e-06	7.73645
0.00130287	108.432	8.51549e-06	6.42637
0.0013199	110.895	8.51549e-06	9.04607
0.00133693	97.617	8.51549e-06	6.33483
0.00135396	71.0471	8.51549e-06	6.17378
0.00137099	70.2382	8.51549e-06	5.68071
0.00138802	81.3329	8.51549e-06	16.7012
0.00140506	54.75	8.51549e-06	4.86008
0.00142209	36.8141	8.51549e-06	3.80866
0.00143912	48.9345	8.51549e-06	4.92083
0.00145615	62.5384	8.51549e-06	16.35
0.00147318	44.409	8.51549e-06	7.88006
0.00149021	36.7871	8.51549e-06	8.05279
0.00150724	25.2365	8.51549e-06	3.32138
0.00152427	22.8717	8.51549e-06	3.22227
0.0015413	30.4647	8.51549e-06	14.6235
0.00155833	14.1718	8.51549e-06	2.63667
0.00157537	11.3649	8.51549e-06	1.82774
0.0015924	9.3617	8.51549e-06	1.70677
0.00160943	6.87081	8.51549e-06	1.90049
0.00162646	8.03854	8.51549e-06	1.52966
0.00164349	6.21175	8.51549e-06	1.46056
0.00166052	3.7237	8.51549e-06	1.00917
0.00167755	2.41062	8.51549e-06	1.10641
0.00169458	4.85191	8.51549e-06	1.72478
0.00171161	0.284596	8.51549e-06	0.201242
0.00172864	0.652017	8.51549e-06	0.537799
0.00174567	0.695645	8.51549e-06	0.466942
0.00176271	0.559701	8.51549e-06	0.329929
0.00177974	1.41626	8.51549e-06	0.90272
0.00179677	0	8.51549e-06	0
0.0018138	0.363048	8.51549e-06	0.363048
