8.14267e-06	1246.95	8.14267e-06	29.7386
2.4428e-05	295.99	8.14267e-06	11.1371
4.07133e-05	260.378	8.14267e-06	18.824
5.69987e-05	266.488	8.14267e-06	11.682
7.3284e-05	304.443	8.14267e-06	16.3517
8.95693e-05	318.198	8.14267e-06	11.787
0.000105855	366.388	8.14267e-06	18.0843
0.00012214	395.587	8.14267e-06	14.0048
0.000138425	496.411	8.14267e-06	21.5975
0.000154711	552.596	8.14267e-06	19.6103
0.000170996	599.079	8.14267e-06	20.3066
0.000187281	638.477	8.14267e-06	23.4878
0.000203567	723.594	8.14267e-06	18.928
0.000219852	726.745	8.14267e-06	19.2423
0.000236137	836.095	8.14267e-06	27.8886
0.000252423	827.155	8.14267e-06	18.7521
0.000268708	963.225	8.14267e-06	28.2918
0.000284993	1016.55	8.14267e-06	31.0336
0.000301279	1010.89	8.14267e-06	20.6468
0.000317564	1026.43	8.14267e-06	24.0314
0.000333849	1114.56	8.14267e-06	25.8942
0.000350135	1237.9	8.14267e-06	62.6199
0.00036642	1112.16	8.14267e-06	25.9853
0.000382705	1237.84	8.14267e-06	61.8493
0.000398991	1301.93	8.14267e-06	40.5265
0.000415276	1282.64	8.14267e-06	31.4455
0.000431561	1273.43	8.14267e-06	26.1152
0.000447847	1311.6	8.14267e-06	42.8656
0.000464132	1272.75	8.14267e-06	24.5599
0.000480417	1319.84	8.14267e-06	42.806
0.000496703	1273.09	8.14267e-06	27.6594
0.000512988	1334.1	8.14267e-06	42.0553
0.000529273	1315.52	8.14267e-06	27.416
0.000545559	1290.37	8.14267e-06	26.5296
0.000561844	1263.36	8.14267e-06	23.1353
0.000578129	1337.38	8.14267e-06	36.8429
0.000594415	1267.18	8.14267e-06	28.4892
0.0006107	1238.09	8.14267e-06	30.6296
0.000626985	1187.16	8.14267e-06	25.1803
0.000643271	1149.06	8.14267e-06	24.3384
0.000659556	1190.37	8.14267e-06	32.7804
0.000675841	1077.73	8.14267e-06	21.051
0.000692127	1105.49	8.14267e-06	28.0307
0.000708412	1050.94	8.14267e-06	25.3227
0.000724697	1059.71	8.14267e-06	30.6763
0.000740983	1023.39	8.14267e-06	28.9058
0.000757268	1000.72	8.14267e-06	22.8892
0.000773553	959.972	8.14267e-06	25.2803
0.000789839	994.334	8.14267e-06	29.4487
0.000806124	896.935	8.14267e-06	21.7101
0.000822409	862.597	8.14267e-06	25.8095
0.000838695	842.479	8.14267e-06	22.5069
0.00085498	745.998	8.14267e-06	17.2374
0.000871265	746.217	8.14267e-06	24.0969
0.000887551	726.904	8.14267e-06	24.3127
0.000903836	685.615	8.14267e-06	32.3154
0.000920121	688.638	8.14267e-06	27.5578
0.000936407	604.205	8.14267e-06	20.0157
0.000952692	558.631	8.14267e-06	15.9833
0.000968977	554.82	8.14267e-06	19.8198
0.000985263	522.226	8.14267e-06	14.9554
0.00100155	497.322	8.14267e-06	15.5675
0.00101783	470.11	8.14267e-06	15.7966
0.00103412	433.748	8.14267e-06	21.7875
0.0010504	392.954	8.14267e-06	13.2727
0.00106669	380.978	8.14267e-06	14.9025
0.00108297	353.043	8.14267e-06	15.3116
0.00109926	330.832	8.14267e-06	15.6159
0.00111555	287.273	8.14267e-06	13.5075
0.00113183	260.221	8.14267e-06	14.6582
0.00114812	254.249	8.14267e-06	11.6411
0.0011644	208.4	8.14267e-06	8.89499
0.00118069	211.069	8.14267e-06	10.0534
0.00119697	178.571	8.14267e-06	8.63323
0.00121326	169.923	8.14267e-06	8.3165
0.00122954	142.042	8.14267e-06	7.42743
0.00124583	125.375	8.14267e-06	7.05245
0.00126211	122.575	8.14267e-06	8.06915
0.0012784	101.851	8.14267e-06	7.01176
0.00129468	88.3361	8.14267e-06	6.70452
0.00131097	87.3769	8.14267e-06	7.16262
0.00132725	58.4361	8.14267e-06	4.70343
0.00134354	64.6728	8.14267e-06	6.99753
0.00135983	42.7702	8.14267e-06	4.02009
0.00137611	43.577	8.14267e-06	4.0064
0.0013924	33.1442	8.14267e-06	3.44012
0.00140868	39.0231	8.14267e-06	5.22572
0.00142497	26.8348	8.14267e-06	2.95423
0.00144125	23.9034	8.14267e-06	3.29499
0.00145754	16.7407	8.14267e-06	2.53777
0.00147382	15.988	8.14267e-06	2.47973
0.00149011	17.8554	8.14267e-06	3.70471
0.00150639	14.4821	8.14267e-06	2.93676
0.00152268	5.49859	8.14267e-06	1.28195
0.00153896	3.40387	8.14267e-06	1.09723
0.00155525	3.33166	8.14267e-06	1.31808
0.00157153	4.03594	8.14267e-06	2.84782
0.00158782	2.03248	8.14267e-06	0.757655
0.00160411	1.65235	8.14267e-06	0.573037
0.00162039	1.10489	8.14267e-06	0.517353
0.00163668	0.259446	8.14267e-06	0.259446
0.00165296	0.390146	8.14267e-06	0.288025
