0	39258.4	7.10931e-06	65019.2
1.42186e-05	6757.36	7.10931e-06	1478.53
2.84373e-05	4644.38	7.10931e-06	447.854
4.26559e-05	3654.79	7.10931e-06	208.941
5.68745e-05	3070.27	7.10931e-06	125.229
7.10931e-05	2661.44	7.10931e-06	85.8869
8.53118e-05	2321.3	7.10931e-06	57.6399
9.95304e-05	2077.9	7.10931e-06	43.4267
0.000113749	1883.52	7.10931e-06	34.6548
0.000127968	1711.32	7.10931e-06	27.8981
0.000142186	1563.7	7.10931e-06	22.9265
0.000156405	1439.03	7.10931e-06	19.4515
0.000170624	1330.25	7.10931e-06	16.8555
0.000184842	1230.86	7.10931e-06	14.6877
0.000199061	1142.65	7.10931e-06	13.0244
0.000213279	1060.61	7.10931e-06	11.5691
0.000227498	985.889	7.10931e-06	10.3488
0.000241717	915.473	7.10931e-06	9.2746
0.000255935	853.481	7.10931e-06	8.45278
0.000270154	792.696	7.10931e-06	7.56696
0.000284373	738.153	7.10931e-06	6.91364
0.000298591	686.477	7.10931e-06	6.30129
0.00031281	641.021	7.10931e-06	5.85123
0.000327028	596.42	7.10931e-06	5.33161
0.000341247	555.996	7.10931e-06	4.95416
0.000355466	518.989	7.10931e-06	4.60397
0.000369684	484.809	7.10931e-06	4.33002
0.000383903	452.795	7.10931e-06	4.05409
0.000398122	421.256	7.10931e-06	3.74573
0.00041234	392.198	7.10931e-06	3.519
0.000426559	367.387	7.10931e-06	3.36768
0.000440777	342.716	7.10931e-06	3.21184
0.000454996	318.487	7.10931e-06	2.91839
0.000469215	296.549	7.10931e-06	2.72893
0.000483433	274.948	7.10931e-06	2.5536
0.000497652	256.825	7.10931e-06	2.44688
0.000511871	239.986	7.10931e-06	2.34364
0.000526089	223.981	7.10931e-06	2.24089
0.000540308	208.277	7.10931e-06	2.02952
0.000554526	194.591	7.10931e-06	1.94882
0.000568745	180.338	7.10931e-06	1.8254
0.000582964	167.598	7.10931e-06	1.73104
0.000597182	155.648	7.10931e-06	1.62628
0.000611401	145.095	7.10931e-06	1.56821
0.00062562	135.218	7.10931e-06	1.51745
0.000639838	125.883	7.10931e-06	1.46083
0.000654057	117.162	7.10931e-06	1.40705
0.000668275	108.303	7.10931e-06	1.20357
0.000682494	100.406	7.10931e-06	1.15093
0.000696713	93.1538	7.10931e-06	1.11217
0.000710931	86.6562	7.10931e-06	1.0766
0.00072515	80.0254	7.10931e-06	1.0183
0.000739369	73.5359	7.10931e-06	0.879941
0.000753587	68.1124	7.10931e-06	0.844416
0.000767806	63.4343	7.10931e-06	0.819611
0.000782024	58.3028	7.10931e-06	0.770584
0.000796243	53.9191	7.10931e-06	0.730782
0.000810462	49.7205	7.10931e-06	0.705509
0.00082468	45.748	7.10931e-06	0.672459
0.000838899	42.17	7.10931e-06	0.647743
0.000853118	39.0292	7.10931e-06	0.629745
0.000867336	35.8468	7.10931e-06	0.606654
0.000881555	32.7375	7.10931e-06	0.5782
0.000895773	30.1896	7.10931e-06	0.561456
0.000909992	27.3059	7.10931e-06	0.52966
0.000924211	24.7632	7.10931e-06	0.464295
0.000938429	22.738	7.10931e-06	0.450763
0.000952648	20.9015	7.10931e-06	0.437589
0.000966867	19.206	7.10931e-06	0.427647
0.000981085	17.5554	7.10931e-06	0.413922
0.000995304	16.1084	7.10931e-06	0.398899
0.00100952	14.7951	7.10931e-06	0.389947
0.00102374	13.4448	7.10931e-06	0.361886
0.00103796	12.2905	7.10931e-06	0.342341
0.00105218	11.1263	7.10931e-06	0.314126
0.0010664	10.258	7.10931e-06	0.307273
0.00108062	9.25154	7.10931e-06	0.289239
0.00109483	8.45804	7.10931e-06	0.282745
0.00110905	7.71298	7.10931e-06	0.277274
0.00112327	7.07601	7.10931e-06	0.272801
0.00113749	6.26991	7.10931e-06	0.259931
0.00115171	5.61671	7.10931e-06	0.252085
0.00116593	5.15359	7.10931e-06	0.248292
0.00118015	4.63969	7.10931e-06	0.242555
0.00119436	4.14043	7.10931e-06	0.217198
0.00120858	3.72644	7.10931e-06	0.211963
0.0012228	3.32669	7.10931e-06	0.20588
0.00123702	3.06349	7.10931e-06	0.203154
0.00125124	2.77433	7.10931e-06	0.199763
0.00126546	2.45862	7.10931e-06	0.194608
0.00127968	2.21855	7.10931e-06	0.185481
0.00129389	2.02664	7.10931e-06	0.183835
0.00130811	1.8364	7.10931e-06	0.182168
0.00132233	1.6717	7.10931e-06	0.180743
0.00133655	1.45937	7.10931e-06	0.176265
0.00135077	1.32607	7.10931e-06	0.174717
0.00136499	1.19653	7.10931e-06	0.173728
0.00137921	1.10348	7.10931e-06	0.173095
0.00139343	1.01512	7.10931e-06	0.17206
0.00140764	0.901444	7.10931e-06	0.170425
0.00142186	0.666119	7.10931e-06	0.0531593
0.00143608	0.580879	7.10931e-06	0.0462863
0.0014503	0.527851	7.10931e-06	0.0449674
0.00146452	0.434966	7.10931e-06	0.0342151
0.00147874	0.378141	7.10931e-06	0.032182
0.00149296	0.340191	7.10931e-06	0.0306801
0.00150717	0.29918	7.10931e-06	0.0268842
0.00152139	0.260456	7.10931e-06	0.0252621
0.00153561	0.238958	7.10931e-06	0.0245944
0.00154983	0.211352	7.10931e-06	0.0227088
0.00156405	0.186253	7.10931e-06	0.0215355
0.00157827	0.143759	7.10931e-06	0.0176926
0.00159249	0.124309	7.10931e-06	0.0165496
0.0016067	0.113255	7.10931e-06	0.0159119
0.00162092	0.102138	7.10931e-06	0.0150558
0.00163514	0.0751371	7.10931e-06	0.0132359
0.00164936	0.0602708	7.10931e-06	0.0107499
0.00166358	0.0488813	7.10931e-06	0.0100426
0.0016778	0.0445547	7.10931e-06	0.00980529
0.00169202	0.0423946	7.10931e-06	0.00956438
0.00170624	0.0382449	7.10931e-06	0.0092065
0.00172045	0.0320816	7.10931e-06	0.00819393
0.00173467	0.0311072	7.10931e-06	0.00813579
0.00174889	0.0287754	7.10931e-06	0.00796209
0.00176311	0.0264347	7.10931e-06	0.00778248
0.00177733	0.0245447	7.10931e-06	0.00754947
0.00179155	0.0218601	7.10931e-06	0.00730288
0.00180577	0.0205905	7.10931e-06	0.00719168
0.00181998	0.0185164	7.10931e-06	0.00704051
0.0018342	0.0129309	7.10931e-06	0.00594449
0.00184842	0.0107214	7.10931e-06	0.00573092
0.00186264	0.0107214	7.10931e-06	0.00573092
0.00187686	0.00202724	7.10931e-06	0.00202729
0.00189108	0.00202724	7.10931e-06	0.00202729
