0	50691.1	5.56922e-06	84135.9
1.11384e-05	8634.59	5.56922e-06	1949.15
2.22769e-05	5830.47	5.56922e-06	550.365
3.34153e-05	4631.9	5.56922e-06	269.678
4.45538e-05	3871.41	5.56922e-06	158.726
5.56922e-05	3337.26	5.56922e-06	101.802
6.68306e-05	2955.37	5.56922e-06	74.1564
7.79691e-05	2655.19	5.56922e-06	57.6987
8.91075e-05	2405.37	5.56922e-06	46.7651
0.000100246	2193.35	5.56922e-06	39.2664
0.000111384	1983.96	5.56922e-06	29.3017
0.000122523	1826.73	5.56922e-06	24.9601
0.000133661	1683.57	5.56922e-06	21.4097
0.0001448	1559.36	5.56922e-06	18.7683
0.000155938	1448	5.56922e-06	16.7068
0.000167077	1342.59	5.56922e-06	14.8636
0.000178215	1249.1	5.56922e-06	13.368
0.000189353	1160.67	5.56922e-06	12.0408
0.000200492	1081.71	5.56922e-06	11.028
0.00021163	1005.49	5.56922e-06	9.9802
0.000222769	937.68	5.56922e-06	9.2279
0.000233907	874.25	5.56922e-06	8.57761
0.000245046	815.304	5.56922e-06	7.97343
0.000256184	759.601	5.56922e-06	7.41401
0.000267323	710.453	5.56922e-06	6.98401
0.000278461	664.385	5.56922e-06	6.61886
0.000289599	619.567	5.56922e-06	6.26314
0.000300738	578.671	5.56922e-06	5.8684
0.000311876	541.04	5.56922e-06	5.60699
0.000323015	500.811	5.56922e-06	4.11798
0.000334153	467.207	5.56922e-06	3.84383
0.000345292	437.444	5.56922e-06	3.6441
0.00035643	408.749	5.56922e-06	3.45924
0.000367569	381.185	5.56922e-06	3.27524
0.000378707	355.278	5.56922e-06	2.94242
0.000389845	331.628	5.56922e-06	2.78588
0.000400984	308.736	5.56922e-06	2.62806
0.000412122	287.395	5.56922e-06	2.46707
0.000423261	268.262	5.56922e-06	2.355
0.000434399	250.2	5.56922e-06	2.23264
0.000445538	232.465	5.56922e-06	2.11786
0.000456676	216.609	5.56922e-06	2.018
0.000467814	201.424	5.56922e-06	1.91064
0.000478953	187.286	5.56922e-06	1.82469
0.000490091	174.33	5.56922e-06	1.7499
0.00050123	162.332	5.56922e-06	1.69051
0.000512368	150.737	5.56922e-06	1.6286
0.000523507	139.784	5.56922e-06	1.54954
0.000534645	130.447	5.56922e-06	1.50428
0.000545784	121.671	5.56922e-06	1.45988
0.000556922	112.627	5.56922e-06	1.37788
0.00056806	103.824	5.56922e-06	1.30565
0.000579199	96.4348	5.56922e-06	1.26454
0.000590337	88.9254	5.56922e-06	1.22182
0.000601476	82.3819	5.56922e-06	1.17255
0.000612614	76.6584	5.56922e-06	1.13392
0.000623753	70.4568	5.56922e-06	1.09209
0.000634891	64.4164	5.56922e-06	0.983998
0.000646029	59.51	5.56922e-06	0.960086
0.000657168	54.505	5.56922e-06	0.909855
0.000668306	50.0835	5.56922e-06	0.878006
0.000679445	46.1613	5.56922e-06	0.857665
0.000690583	42.384	5.56922e-06	0.817991
0.000701722	38.6723	5.56922e-06	0.791371
0.00071286	35.715	5.56922e-06	0.776099
0.000723999	32.6623	5.56922e-06	0.756238
0.000735137	30.0256	5.56922e-06	0.743912
0.000746275	26.9857	5.56922e-06	0.515655
0.000757414	24.5128	5.56922e-06	0.475333
0.000768552	22.4592	5.56922e-06	0.452659
0.000779691	20.6498	5.56922e-06	0.434388
0.000790829	18.8596	5.56922e-06	0.419848
0.000801968	17.0797	5.56922e-06	0.396637
0.000813106	15.4015	5.56922e-06	0.352049
0.000824245	13.9576	5.56922e-06	0.33374
0.000835383	12.7215	5.56922e-06	0.323331
0.000846521	11.3868	5.56922e-06	0.30614
0.00085766	10.043	5.56922e-06	0.271508
0.000868798	9.0869	5.56922e-06	0.260771
0.000879937	8.20626	5.56922e-06	0.251735
0.000891075	7.41368	5.56922e-06	0.243568
0.000902214	6.72516	5.56922e-06	0.232637
0.000913352	6.12598	5.56922e-06	0.226041
0.00092449	5.38028	5.56922e-06	0.213841
0.000935629	4.89294	5.56922e-06	0.206045
0.000946767	4.30449	5.56922e-06	0.199153
0.000957906	3.81333	5.56922e-06	0.189591
0.000969044	3.35341	5.56922e-06	0.178706
0.000980183	2.90884	5.56922e-06	0.119728
0.000991321	2.57234	5.56922e-06	0.109503
0.00100246	2.28975	5.56922e-06	0.104454
0.0010136	2.06399	5.56922e-06	0.0983537
0.00102474	1.84723	5.56922e-06	0.094335
0.00103587	1.64099	5.56922e-06	0.0876701
0.00104701	1.43716	5.56922e-06	0.0826368
0.00105815	1.22614	5.56922e-06	0.0719207
0.00106929	1.08597	5.56922e-06	0.0672579
0.00108043	0.95111	5.56922e-06	0.0634767
0.00109157	0.841401	5.56922e-06	0.0593492
0.00110271	0.743101	5.56922e-06	0.0568362
0.00111384	0.633961	5.56922e-06	0.0506237
0.00112498	0.521464	5.56922e-06	0.0427613
0.00113612	0.455197	5.56922e-06	0.0389996
0.00114726	0.384224	5.56922e-06	0.0364392
0.0011584	0.339216	5.56922e-06	0.0347528
0.00116954	0.282083	5.56922e-06	0.0318896
0.00118067	0.237491	5.56922e-06	0.024859
0.00119181	0.196818	5.56922e-06	0.0219476
0.00120295	0.175861	5.56922e-06	0.0208115
0.00121409	0.147493	5.56922e-06	0.0189947
0.00122523	0.127534	5.56922e-06	0.0178399
0.00123637	0.107093	5.56922e-06	0.0160681
0.00124751	0.0887614	5.56922e-06	0.0145834
0.00125864	0.0788872	5.56922e-06	0.0137854
0.00126978	0.065382	5.56922e-06	0.0125721
0.00128092	0.0579001	5.56922e-06	0.011985
0.00129206	0.0533563	5.56922e-06	0.0115085
0.0013032	0.0473301	5.56922e-06	0.0109387
0.00131434	0.0401576	5.56922e-06	0.0102765
0.00132547	0.0339297	5.56922e-06	0.00978734
0.00133661	0.0252389	5.56922e-06	0.00894884
0.00134775	0.0204191	5.56922e-06	0.00816606
0.00135889	0.0125816	5.56922e-06	0.00533391
0.00137003	0.0112031	5.56922e-06	0.00515268
0.00138117	0.0112031	5.56922e-06	0.00515268
0.0013923	0.00998037	5.56922e-06	0.0050055
0.00140344	0.00998037	5.56922e-06	0.0050055
0.00141458	0.00728313	5.56922e-06	0.00421657
0.00142572	0.00362919	5.56922e-06	0.00210414
0.00143686	0.00362919	5.56922e-06	0.00210414
0.001448	0.00362919	5.56922e-06	0.00210414
0.00145914	0.00362919	5.56922e-06	0.00210414
0.00147027	0.00226323	5.56922e-06	0.00160045
0.00148141	0.00226323	5.56922e-06	0.00160045
0.00149255	0.00226323	5.56922e-06	0.00160045
0.00150369	0.00226323	5.56922e-06	0.00160045
0.00151483	0.00226323	5.56922e-06	0.00160045
