0	30975.9	9.09847e-06	51891.1
1.81969e-05	5036.34	9.09847e-06	1099.11
3.63939e-05	3466.75	9.09847e-06	335.274
5.45908e-05	2720.57	9.09847e-06	152.005
7.27878e-05	2288	9.09847e-06	87.958
9.09847e-05	1992.03	9.09847e-06	58.1217
0.000109182	1772.54	9.09847e-06	42.0307
0.000127379	1594.13	9.09847e-06	31.6083
0.000145576	1449.55	9.09847e-06	24.879
0.000163772	1333.56	9.09847e-06	20.6774
0.000181969	1231.83	9.09847e-06	17.58
0.000200166	1135.47	9.09847e-06	14.8212
0.000218363	1052.76	9.09847e-06	12.8464
0.00023656	981.201	9.09847e-06	11.3647
0.000254757	911.362	9.09847e-06	9.99407
0.000272954	848.284	9.09847e-06	8.89895
0.000291151	789.932	9.09847e-06	7.91282
0.000309348	738.045	9.09847e-06	7.17001
0.000327545	688.953	9.09847e-06	6.50621
0.000345742	643.493	9.09847e-06	5.91861
0.000363939	601.853	9.09847e-06	5.41184
0.000382136	562.153	9.09847e-06	4.96862
0.000400333	528.209	9.09847e-06	4.64477
0.00041853	496.827	9.09847e-06	4.38128
0.000436727	466.185	9.09847e-06	4.11528
0.000454924	437.293	9.09847e-06	3.89427
0.00047312	407.882	9.09847e-06	3.50618
0.000491317	382.351	9.09847e-06	3.32198
0.000509514	357.204	9.09847e-06	3.12312
0.000527711	334.006	9.09847e-06	2.96478
0.000545908	310.819	9.09847e-06	2.76956
0.000564105	288.956	9.09847e-06	2.49708
0.000582302	270.405	9.09847e-06	2.38629
0.000600499	252.358	9.09847e-06	2.2677
0.000618696	234.534	9.09847e-06	2.1103
0.000636893	218.878	9.09847e-06	2.02268
0.00065509	204.026	9.09847e-06	1.93201
0.000673287	189.367	9.09847e-06	1.8269
0.000691484	176.748	9.09847e-06	1.75334
0.000709681	164.55	9.09847e-06	1.69299
0.000727878	152.694	9.09847e-06	1.61926
0.000746075	141.499	9.09847e-06	1.54789
0.000764272	131.551	9.09847e-06	1.49121
0.000782468	122.332	9.09847e-06	1.43682
0.000800665	113.508	9.09847e-06	1.393
0.000818862	104.692	9.09847e-06	1.19723
0.000837059	96.9018	9.09847e-06	1.15983
0.000855256	89.1879	9.09847e-06	1.03165
0.000873453	82.6741	9.09847e-06	1.00047
0.00089165	75.2546	9.09847e-06	0.809584
0.000909847	69.1862	9.09847e-06	0.763122
0.000928044	63.7818	9.09847e-06	0.702037
0.000946241	58.902	9.09847e-06	0.674905
0.000964438	54.3252	9.09847e-06	0.64488
0.000982635	49.9104	9.09847e-06	0.618847
0.00100083	45.8608	9.09847e-06	0.589858
0.00101903	42.0131	9.09847e-06	0.565134
0.00103723	38.4972	9.09847e-06	0.536825
0.00105542	35.2497	9.09847e-06	0.51609
0.00107362	32.0877	9.09847e-06	0.486878
0.00109182	29.3759	9.09847e-06	0.469825
0.00111001	26.6844	9.09847e-06	0.398059
0.00112821	24.361	9.09847e-06	0.376204
0.00114641	22.1484	9.09847e-06	0.35904
0.0011646	20.2296	9.09847e-06	0.344954
0.0011828	18.4085	9.09847e-06	0.325317
0.001201	16.7648	9.09847e-06	0.311712
0.0012192	15.3361	9.09847e-06	0.300965
0.00123739	13.9702	9.09847e-06	0.285959
0.00125559	12.6754	9.09847e-06	0.267954
0.00127379	11.4349	9.09847e-06	0.254312
0.00129198	10.4212	9.09847e-06	0.246479
0.00131018	9.15839	9.09847e-06	0.213907
0.00132838	8.20794	9.09847e-06	0.196584
0.00134657	7.49362	9.09847e-06	0.188099
0.00136477	6.6164	9.09847e-06	0.175036
0.00138297	6.00621	9.09847e-06	0.168843
0.00140116	5.40005	9.09847e-06	0.162402
0.00141936	4.89843	9.09847e-06	0.156567
0.00143756	4.30614	9.09847e-06	0.144148
0.00145576	3.91248	9.09847e-06	0.138839
0.00147395	3.53114	9.09847e-06	0.134693
0.00149215	3.16528	9.09847e-06	0.130471
0.00151035	2.84486	9.09847e-06	0.124038
0.00152854	2.58328	9.09847e-06	0.121334
0.00154674	2.26581	9.09847e-06	0.0910134
0.00156494	1.95236	9.09847e-06	0.0749201
0.00158313	1.68366	9.09847e-06	0.0678895
0.00160133	1.49672	9.09847e-06	0.0632767
0.00161953	1.27372	9.09847e-06	0.0559982
0.00163772	1.09857	9.09847e-06	0.0521564
0.00165592	0.967899	9.09847e-06	0.0495495
0.00167412	0.84757	9.09847e-06	0.0462925
0.00169232	0.717382	9.09847e-06	0.0419027
0.00171051	0.619955	9.09847e-06	0.0387266
0.00172871	0.536089	9.09847e-06	0.0362598
0.00174691	0.453271	9.09847e-06	0.0326322
0.0017651	0.398235	9.09847e-06	0.0306509
0.0017833	0.371378	9.09847e-06	0.0299919
0.0018015	0.333973	9.09847e-06	0.0290796
0.00181969	0.297637	9.09847e-06	0.027678
0.00183789	0.260726	9.09847e-06	0.0259246
0.00185609	0.217764	9.09847e-06	0.024092
0.00187428	0.187708	9.09847e-06	0.0227053
0.00189248	0.155109	9.09847e-06	0.0210186
0.00191068	0.122914	9.09847e-06	0.0179275
0.00192888	0.0944357	9.09847e-06	0.0144768
0.00194707	0.0818112	9.09847e-06	0.01389
0.00196527	0.0742151	9.09847e-06	0.0135754
0.00198347	0.0620179	9.09847e-06	0.0124906
0.00200166	0.0467459	9.09847e-06	0.00951674
0.00201986	0.0413713	9.09847e-06	0.00918325
0.00203806	0.0363	9.09847e-06	0.00888887
0.00205625	0.0320546	9.09847e-06	0.00820403
0.00207445	0.0266212	9.09847e-06	0.00782943
0.00209265	0.0225427	9.09847e-06	0.00755414
0.00211085	0.0206717	9.09847e-06	0.0074373
0.00212904	0.0183127	9.09847e-06	0.00724714
0.00214724	0.0183127	9.09847e-06	0.00724714
0.00216544	0.0158074	9.09847e-06	0.00702724
0.00218363	0.0150066	9.09847e-06	0.00698146
0.00220183	0.00693054	9.09847e-06	0.00287367
0.00222003	0.00392741	9.09847e-06	0.00227103
0.00223822	0.00270795	9.09847e-06	0.00191583
0.00225642	0.0013968	9.09847e-06	0.00139684
0.00227462	0.0013968	9.09847e-06	0.00139684
