0	36337.9	7.80957e-06	60522.7
1.56191e-05	6084.42	7.80957e-06	1358.21
3.12383e-05	4136.75	7.80957e-06	397.223
4.68574e-05	3254.5	7.80957e-06	181.405
6.24766e-05	2754.1	7.80957e-06	111.356
7.80957e-05	2379.19	7.80957e-06	73.311
9.37149e-05	2096.59	7.80957e-06	51.9471
0.000109334	1879.79	7.80957e-06	39.6173
0.000124953	1704.97	7.80957e-06	31.7909
0.000140572	1553.66	7.80957e-06	26.1372
0.000156191	1421.27	7.80957e-06	21.9436
0.000171811	1308.67	7.80957e-06	19.0203
0.00018743	1204.59	7.80957e-06	15.1969
0.000203049	1114.76	7.80957e-06	13.266
0.000218668	1036.42	7.80957e-06	11.811
0.000234287	960.753	7.80957e-06	10.1587
0.000249906	896.351	7.80957e-06	9.17898
0.000265525	832.258	7.80957e-06	8.20978
0.000281145	776.518	7.80957e-06	7.47914
0.000296764	723.214	7.80957e-06	6.76561
0.000312383	674.749	7.80957e-06	6.15974
0.000328002	630.521	7.80957e-06	5.68118
0.000343621	589.01	7.80957e-06	5.24303
0.00035924	549.479	7.80957e-06	4.82693
0.000374859	510.937	7.80957e-06	4.44922
0.000390479	477.967	7.80957e-06	4.14472
0.000406098	446.209	7.80957e-06	3.83112
0.000421717	417.809	7.80957e-06	3.61777
0.000437336	389.548	7.80957e-06	3.36569
0.000452955	362.751	7.80957e-06	3.12084
0.000468574	339.443	7.80957e-06	2.95747
0.000484193	316.871	7.80957e-06	2.75584
0.000499813	296.13	7.80957e-06	2.62743
0.000515432	275.438	7.80957e-06	2.48031
0.000531051	255.915	7.80957e-06	2.21931
0.00054667	238.802	7.80957e-06	2.11642
0.000562289	222.076	7.80957e-06	2.00143
0.000577908	206.938	7.80957e-06	1.8972
0.000593527	192.036	7.80957e-06	1.80621
0.000609147	179.185	7.80957e-06	1.7322
0.000624766	166.409	7.80957e-06	1.63575
0.000640385	154.539	7.80957e-06	1.54853
0.000656004	142.759	7.80957e-06	1.41985
0.000671623	133.029	7.80957e-06	1.36919
0.000687242	123.347	7.80957e-06	1.30625
0.000702861	114.176	7.80957e-06	1.2486
0.000718481	106.02	7.80957e-06	1.18387
0.0007341	98.1849	7.80957e-06	1.13364
0.000749719	90.8927	7.80957e-06	1.08934
0.000765338	83.5234	7.80957e-06	0.984318
0.000780957	77.2443	7.80957e-06	0.924896
0.000796576	70.8356	7.80957e-06	0.855883
0.000812195	65.6155	7.80957e-06	0.819547
0.000827815	60.7239	7.80957e-06	0.789783
0.000843434	56.1262	7.80957e-06	0.735532
0.000859053	51.8668	7.80957e-06	0.703315
0.000874672	47.7646	7.80957e-06	0.677271
0.000890291	44.3425	7.80957e-06	0.66081
0.00090591	41.0144	7.80957e-06	0.640767
0.000921529	37.9595	7.80957e-06	0.613606
0.000937149	34.9339	7.80957e-06	0.594872
0.000952768	32.3609	7.80957e-06	0.580706
0.000968387	29.8257	7.80957e-06	0.560132
0.000984006	27.0995	7.80957e-06	0.534713
0.000999625	24.8851	7.80957e-06	0.522992
0.00101524	22.7902	7.80957e-06	0.494951
0.00103086	20.9966	7.80957e-06	0.484331
0.00104648	19.4154	7.80957e-06	0.475915
0.0010621	17.8004	7.80957e-06	0.462983
0.00107772	16.1962	7.80957e-06	0.378317
0.00109334	14.5957	7.80957e-06	0.327153
0.00110896	13.0715	7.80957e-06	0.304736
0.00112458	11.946	7.80957e-06	0.296562
0.0011402	10.7282	7.80957e-06	0.237714
0.00115582	9.70816	7.80957e-06	0.226611
0.00117144	8.9087	7.80957e-06	0.212687
0.00118705	8.19954	7.80957e-06	0.205564
0.00120267	7.53516	7.80957e-06	0.199933
0.00121829	6.74129	7.80957e-06	0.187576
0.00123391	6.11707	7.80957e-06	0.176855
0.00124953	5.64837	7.80957e-06	0.171958
0.00126515	5.17704	7.80957e-06	0.167342
0.00128077	4.76996	7.80957e-06	0.162962
0.00129639	4.34132	7.80957e-06	0.156214
0.00131201	3.85931	7.80957e-06	0.145615
0.00132763	3.50878	7.80957e-06	0.140739
0.00134325	3.13489	7.80957e-06	0.134762
0.00135887	2.81815	7.80957e-06	0.125058
0.00137448	2.54012	7.80957e-06	0.121584
0.0013901	2.19645	7.80957e-06	0.109903
0.00140572	1.93471	7.80957e-06	0.0881074
0.00142134	1.73551	7.80957e-06	0.0851832
0.00143696	1.58015	7.80957e-06	0.0826292
0.00145258	1.42064	7.80957e-06	0.0795161
0.0014682	1.25492	7.80957e-06	0.0769387
0.00148382	1.15355	7.80957e-06	0.0753697
0.00149944	1.01034	7.80957e-06	0.0715318
0.00151506	0.845796	7.80957e-06	0.0514729
0.00153068	0.727645	7.80957e-06	0.0465359
0.0015463	0.62386	7.80957e-06	0.0428419
0.00156191	0.539888	7.80957e-06	0.0390252
0.00157753	0.483087	7.80957e-06	0.0362078
0.00159315	0.409121	7.80957e-06	0.0321323
0.00160877	0.350024	7.80957e-06	0.0288172
0.00162439	0.299416	7.80957e-06	0.0245866
0.00164001	0.246362	7.80957e-06	0.0214718
0.00165563	0.21643	7.80957e-06	0.0201538
0.00167125	0.192342	7.80957e-06	0.0193605
0.00168687	0.168483	7.80957e-06	0.0181468
0.00170249	0.15327	7.80957e-06	0.0174529
0.00171811	0.134721	7.80957e-06	0.0167017
0.00173372	0.112037	7.80957e-06	0.0147523
0.00174934	0.0914881	7.80957e-06	0.0136084
0.00176496	0.0791851	7.80957e-06	0.0126937
0.00178058	0.0733201	7.80957e-06	0.0123266
0.0017962	0.0662064	7.80957e-06	0.0117009
0.00181182	0.058656	7.80957e-06	0.0109376
0.00182744	0.0476503	7.80957e-06	0.00828889
0.00184306	0.0358945	7.80957e-06	0.0067285
0.00185868	0.0314564	7.80957e-06	0.00634479
0.0018743	0.0283941	7.80957e-06	0.00609144
0.00188992	0.0250912	7.80957e-06	0.00578449
0.00190554	0.0181899	7.80957e-06	0.00501065
0.00192115	0.0158564	7.80957e-06	0.00443409
0.00193677	0.012213	7.80957e-06	0.00389204
0.00195239	0.0111227	7.80957e-06	0.00373622
0.00196801	0.00802538	7.80957e-06	0.00289404
0.00198363	0.00494005	7.80957e-06	0.00225195
0.00199925	0.00494005	7.80957e-06	0.00225195
0.00201487	0.00360811	7.80957e-06	0.00181579
0.00203049	0.00269876	7.80957e-06	0.00157166
0.00204611	0.00269876	7.80957e-06	0.00157166
0.00206173	0.00269876	7.80957e-06	0.00157166
0.00207735	0.00269876	7.80957e-06	0.00157166
0.00209297	0.00269876	7.80957e-06	0.00157166
0.00210858	0.00106719	7.80957e-06	0.00106722
