0	35084.4	8.08036e-06	58445.9
1.61607e-05	5869	8.08036e-06	1305.34
3.23215e-05	3996.97	8.08036e-06	381.703
4.84822e-05	3167.82	8.08036e-06	188.449
6.46429e-05	2634.36	8.08036e-06	104.945
8.08036e-05	2278.94	8.08036e-06	68.6519
9.69644e-05	2020.52	8.08036e-06	49.8153
0.000113125	1809.15	8.08036e-06	37.292
0.000129286	1642.35	8.08036e-06	29.7131
0.000145447	1496.36	8.08036e-06	24.0371
0.000161607	1372.01	8.08036e-06	19.9718
0.000177768	1261.75	8.08036e-06	16.7641
0.000193929	1166	8.08036e-06	14.4406
0.000210089	1083.6	8.08036e-06	12.7402
0.00022625	1007.9	8.08036e-06	11.3241
0.000242411	935.207	8.08036e-06	9.98465
0.000258572	870.197	8.08036e-06	8.91759
0.000274732	810.855	8.08036e-06	8.06882
0.000290893	754.791	8.08036e-06	7.29161
0.000307054	702.13	8.08036e-06	6.50167
0.000323215	654.192	8.08036e-06	5.86409
0.000339375	611.613	8.08036e-06	5.40354
0.000355536	571.067	8.08036e-06	4.97081
0.000371697	533.303	8.08036e-06	4.58895
0.000387857	499.313	8.08036e-06	4.26221
0.000404018	466.556	8.08036e-06	3.95739
0.000420179	436.498	8.08036e-06	3.71765
0.00043634	406.237	8.08036e-06	3.39465
0.0004525	378.902	8.08036e-06	3.17543
0.000468661	352.787	8.08036e-06	2.88549
0.000484822	329.564	8.08036e-06	2.71202
0.000500983	308.153	8.08036e-06	2.56776
0.000517143	287.13	8.08036e-06	2.36985
0.000533304	267.881	8.08036e-06	2.21939
0.000549465	249.291	8.08036e-06	2.08047
0.000565626	232.926	8.08036e-06	1.98319
0.000581786	216.545	8.08036e-06	1.87015
0.000597947	201.573	8.08036e-06	1.77787
0.000614108	187.391	8.08036e-06	1.66688
0.000630268	173.382	8.08036e-06	1.55008
0.000646429	161.074	8.08036e-06	1.47527
0.00066259	149.297	8.08036e-06	1.3734
0.000678751	138.46	8.08036e-06	1.31047
0.000694911	128.721	8.08036e-06	1.25239
0.000711072	119.434	8.08036e-06	1.20044
0.000727233	110.663	8.08036e-06	1.13558
0.000743394	102.257	8.08036e-06	1.07283
0.000759554	94.4289	8.08036e-06	1.02223
0.000775715	87.6779	8.08036e-06	0.980407
0.000791876	81.0638	8.08036e-06	0.907162
0.000808036	74.8992	8.08036e-06	0.868515
0.000824197	69.4311	8.08036e-06	0.803221
0.000840358	64.2613	8.08036e-06	0.77564
0.000856519	59.4324	8.08036e-06	0.746589
0.000872679	54.8136	8.08036e-06	0.719971
0.00088884	50.7012	8.08036e-06	0.691775
0.000905001	46.4876	8.08036e-06	0.647239
0.000921162	42.9076	8.08036e-06	0.622618
0.000937322	39.3426	8.08036e-06	0.528455
0.000953483	36.2856	8.08036e-06	0.509409
0.000969644	33.3646	8.08036e-06	0.484319
0.000985804	30.6417	8.08036e-06	0.464637
0.00100197	28.1842	8.08036e-06	0.442653
0.00101813	25.8503	8.08036e-06	0.424847
0.00103429	23.6185	8.08036e-06	0.40256
0.00105045	21.6772	8.08036e-06	0.388547
0.00106661	20.0655	8.08036e-06	0.372085
0.00108277	18.3319	8.08036e-06	0.358773
0.00109893	16.8437	8.08036e-06	0.347335
0.00111509	15.4725	8.08036e-06	0.334947
0.00113125	14.0701	8.08036e-06	0.310115
0.00114741	12.7671	8.08036e-06	0.279909
0.00116357	11.604	8.08036e-06	0.260988
0.00117973	10.6981	8.08036e-06	0.254275
0.00119589	9.71497	8.08036e-06	0.244158
0.00121205	8.87794	8.08036e-06	0.232505
0.00122822	8.07155	8.08036e-06	0.219443
0.00124438	7.41053	8.08036e-06	0.21371
0.00126054	6.7426	8.08036e-06	0.204202
0.0012767	6.11582	8.08036e-06	0.196504
0.00129286	5.46192	8.08036e-06	0.181114
0.00130902	4.86955	8.08036e-06	0.162525
0.00132518	4.34983	8.08036e-06	0.143509
0.00134134	3.93666	8.08036e-06	0.138954
0.0013575	3.54234	8.08036e-06	0.132404
0.00137366	3.12489	8.08036e-06	0.12411
0.00138982	2.80549	8.08036e-06	0.116801
0.00140598	2.57866	8.08036e-06	0.113775
0.00142214	2.28202	8.08036e-06	0.108597
0.0014383	2.01434	8.08036e-06	0.102024
0.00145447	1.77537	8.08036e-06	0.0977275
0.00147063	1.57275	8.08036e-06	0.0942208
0.00148679	1.36401	8.08036e-06	0.0696153
0.00150295	1.22212	8.08036e-06	0.0670167
0.00151911	1.10916	8.08036e-06	0.065467
0.00153527	0.980697	8.08036e-06	0.0636306
0.00155143	0.899137	8.08036e-06	0.0621199
0.00156759	0.801005	8.08036e-06	0.0601762
0.00158375	0.721521	8.08036e-06	0.0518323
0.00159991	0.61992	8.08036e-06	0.0455116
0.00161607	0.543007	8.08036e-06	0.0435062
0.00163223	0.478175	8.08036e-06	0.039988
0.00164839	0.422614	8.08036e-06	0.0371286
0.00166456	0.374592	8.08036e-06	0.0346379
0.00168072	0.33117	8.08036e-06	0.0333839
0.00169688	0.302262	8.08036e-06	0.0326427
0.00171304	0.27679	8.08036e-06	0.0318208
0.0017292	0.236857	8.08036e-06	0.0305844
0.00174536	0.184418	8.08036e-06	0.0255878
0.00176152	0.16936	8.08036e-06	0.0252043
0.00177768	0.152138	8.08036e-06	0.024564
0.00179384	0.11923	8.08036e-06	0.019205
0.00181	0.105164	8.08036e-06	0.0182582
0.00182616	0.0919397	8.08036e-06	0.017444
0.00184232	0.0812182	8.08036e-06	0.016963
0.00185848	0.0680698	8.08036e-06	0.0158712
0.00187464	0.0535149	8.08036e-06	0.0150914
0.00189081	0.0492183	8.08036e-06	0.0149337
0.00190697	0.0391338	8.08036e-06	0.0143824
0.00192313	0.0334607	8.08036e-06	0.0141517
0.00193929	0.0284982	8.08036e-06	0.0139014
0.00195545	0.0141838	8.08036e-06	0.00615518
0.00197161	0.00653513	8.08036e-06	0.00330144
0.00198777	0.00568292	8.08036e-06	0.00318954
0.00200393	0.00194928	8.08036e-06	0.0013785
0.00202009	0.00194928	8.08036e-06	0.0013785
0.00203625	0.000962186	8.08036e-06	0.000962215
0.00205241	0.000962186	8.08036e-06	0.000962215
0.00206857	0.000962186	8.08036e-06	0.000962215
0.00208473	0.000962186	8.08036e-06	0.000962215
