0	51742.2	5.54786e-06	86544
1.10957e-05	8480.93	5.54786e-06	1897.98
2.21914e-05	5752.31	5.54786e-06	538.288
3.32872e-05	4570.41	5.54786e-06	256.76
4.43829e-05	3849.1	5.54786e-06	152.738
5.54786e-05	3336.76	5.54786e-06	101.366
6.65743e-05	2960.38	5.54786e-06	74.4864
7.767e-05	2642.11	5.54786e-06	55.5395
8.87657e-05	2394.83	5.54786e-06	44.3249
9.98615e-05	2178	5.54786e-06	35.9285
0.000110957	1991.32	5.54786e-06	29.7945
0.000122053	1830.5	5.54786e-06	25.3084
0.000133149	1687.32	5.54786e-06	21.8128
0.000144244	1561.45	5.54786e-06	19.025
0.00015534	1452.92	5.54786e-06	17.1026
0.000166436	1351.5	5.54786e-06	15.4842
0.000177531	1257.55	5.54786e-06	14.0127
0.000188627	1168.73	5.54786e-06	12.4357
0.000199723	1088.44	5.54786e-06	11.3951
0.000210819	1013.58	5.54786e-06	10.4588
0.000221914	946.188	5.54786e-06	9.77352
0.00023301	882.262	5.54786e-06	9.15542
0.000244106	823.092	5.54786e-06	8.61288
0.000255201	766.483	5.54786e-06	8.06042
0.000266297	715.55	5.54786e-06	7.66439
0.000277393	667.708	5.54786e-06	7.27207
0.000288489	623.491	5.54786e-06	6.93646
0.000299584	578.196	5.54786e-06	4.81874
0.00031068	541.124	5.54786e-06	4.49906
0.000321776	504.474	5.54786e-06	4.13141
0.000332872	470.608	5.54786e-06	3.85253
0.000343967	439.597	5.54786e-06	3.60604
0.000355063	409.439	5.54786e-06	3.33229
0.000366159	382.716	5.54786e-06	3.14171
0.000377254	358.751	5.54786e-06	3.00103
0.00038835	335.239	5.54786e-06	2.80084
0.000399446	313.479	5.54786e-06	2.6776
0.000410542	291.779	5.54786e-06	2.54658
0.000421637	271.109	5.54786e-06	2.39295
0.000432733	252.446	5.54786e-06	2.2808
0.000443829	235.462	5.54786e-06	2.18716
0.000454924	219.803	5.54786e-06	2.10301
0.00046602	205.158	5.54786e-06	2.01581
0.000477116	191.413	5.54786e-06	1.94429
0.000488212	178.715	5.54786e-06	1.88012
0.000499307	166.981	5.54786e-06	1.82877
0.000510403	155.391	5.54786e-06	1.74768
0.000521499	144.826	5.54786e-06	1.69389
0.000532594	133.978	5.54786e-06	1.43269
0.00054369	124.417	5.54786e-06	1.36674
0.000554786	114.488	5.54786e-06	1.25315
0.000565882	106.127	5.54786e-06	1.20241
0.000576977	97.802	5.54786e-06	1.13727
0.000588073	90.2964	5.54786e-06	1.08539
0.000599169	83.2571	5.54786e-06	1.02914
0.000610264	76.6414	5.54786e-06	0.986279
0.00062136	70.8363	5.54786e-06	0.927564
0.000632456	65.2328	5.54786e-06	0.896005
0.000643552	59.7782	5.54786e-06	0.860832
0.000654647	54.6578	5.54786e-06	0.820911
0.000665743	50.0424	5.54786e-06	0.784778
0.000676839	46.0106	5.54786e-06	0.746859
0.000687934	42.065	5.54786e-06	0.715328
0.00069903	38.5045	5.54786e-06	0.68701
0.000710126	35.2611	5.54786e-06	0.65935
0.000721222	31.8252	5.54786e-06	0.626841
0.000732317	29.0396	5.54786e-06	0.543177
0.000743413	26.161	5.54786e-06	0.493121
0.000754509	24.0609	5.54786e-06	0.479465
0.000765604	21.8448	5.54786e-06	0.458593
0.0007767	19.6416	5.54786e-06	0.429002
0.000787796	17.6631	5.54786e-06	0.367531
0.000798892	16.2177	5.54786e-06	0.355522
0.000809987	14.7809	5.54786e-06	0.342272
0.000821083	13.4028	5.54786e-06	0.329336
0.000832179	12.134	5.54786e-06	0.316784
0.000843274	10.8368	5.54786e-06	0.297861
0.00085437	9.73387	5.54786e-06	0.284089
0.000865466	8.65533	5.54786e-06	0.268367
0.000876562	7.8113	5.54786e-06	0.256835
0.000887657	7.08845	5.54786e-06	0.250149
0.000898753	6.32471	5.54786e-06	0.242864
0.000909849	5.76934	5.54786e-06	0.23734
0.000920945	5.09331	5.54786e-06	0.227826
0.00093204	4.45902	5.54786e-06	0.216148
0.000943136	3.97905	5.54786e-06	0.209793
0.000954232	3.37596	5.54786e-06	0.12421
0.000965327	2.98981	5.54786e-06	0.117001
0.000976423	2.622	5.54786e-06	0.105584
0.000987519	2.36625	5.54786e-06	0.0996877
0.000998615	2.12814	5.54786e-06	0.0957921
0.00100971	1.93579	5.54786e-06	0.0922046
0.00102081	1.7091	5.54786e-06	0.0880207
0.0010319	1.47868	5.54786e-06	0.0814174
0.001043	1.29727	5.54786e-06	0.0774527
0.00105409	1.0947	5.54786e-06	0.0713928
0.00106519	0.956547	5.54786e-06	0.0679995
0.00107628	0.829003	5.54786e-06	0.0640874
0.00108738	0.717325	5.54786e-06	0.0612232
0.00109848	0.641918	5.54786e-06	0.0592521
0.00110957	0.577057	5.54786e-06	0.0574011
0.00112067	0.486727	5.54786e-06	0.0538439
0.00113176	0.425909	5.54786e-06	0.051963
0.00114286	0.371331	5.54786e-06	0.0505479
0.00115395	0.323707	5.54786e-06	0.0489537
0.00116505	0.269516	5.54786e-06	0.0467797
0.00117615	0.23283	5.54786e-06	0.0452326
0.00118724	0.20798	5.54786e-06	0.0444448
0.00119834	0.190244	5.54786e-06	0.0439825
0.00120943	0.157387	5.54786e-06	0.0430609
0.00122053	0.145601	5.54786e-06	0.0426129
0.00123162	0.130153	5.54786e-06	0.0419571
0.00124272	0.114311	5.54786e-06	0.0413069
0.00125382	0.101752	5.54786e-06	0.0408117
0.00126491	0.051168	5.54786e-06	0.0108808
0.00127601	0.0430462	5.54786e-06	0.0102489
0.0012871	0.0379949	5.54786e-06	0.00946889
0.0012982	0.0337864	5.54786e-06	0.00848214
0.00130929	0.0311353	5.54786e-06	0.00827228
0.00132039	0.0311353	5.54786e-06	0.00827228
0.00133149	0.0296958	5.54786e-06	0.00814607
0.00134258	0.02093	5.54786e-06	0.00567806
0.00135368	0.0181785	5.54786e-06	0.00533399
0.00136477	0.0137095	5.54786e-06	0.00466144
0.00137587	0.0100811	5.54786e-06	0.0038457
0.00138696	0.00712163	5.54786e-06	0.00322565
0.00139806	0.00583107	5.54786e-06	0.0029562
0.00140916	0.00459151	5.54786e-06	0.00268375
0.00142025	0.00185787	5.54786e-06	0.00185792
