0	28779.5	9.80075e-06	48337.1
1.96015e-05	4616.66	9.80075e-06	1029.9
3.9203e-05	3134.85	9.80075e-06	290.231
5.88045e-05	2495.71	9.80075e-06	137.038
7.8406e-05	2112.76	9.80075e-06	82.2721
9.80075e-05	1836.99	9.80075e-06	54.2571
0.000117609	1628.47	9.80075e-06	37.7864
0.000137211	1471.16	9.80075e-06	28.8444
0.000156812	1343	9.80075e-06	23.0723
0.000176414	1232.15	9.80075e-06	18.9077
0.000196015	1135.08	9.80075e-06	15.7607
0.000215617	1051.69	9.80075e-06	13.4874
0.000235218	976.478	9.80075e-06	11.6992
0.00025482	910.567	9.80075e-06	10.3581
0.000274421	849.598	9.80075e-06	9.23049
0.000294023	793.656	9.80075e-06	8.30096
0.000313624	740.469	9.80075e-06	7.46046
0.000333226	692.888	9.80075e-06	6.74279
0.000352827	649.412	9.80075e-06	6.18314
0.000372429	609.901	9.80075e-06	5.74135
0.00039203	572.293	9.80075e-06	5.32674
0.000411632	536.823	9.80075e-06	4.96427
0.000431233	503.777	9.80075e-06	4.65996
0.000450835	472.264	9.80075e-06	4.36357
0.000470436	442.489	9.80075e-06	4.07564
0.000490038	414.341	9.80075e-06	3.84686
0.000509639	387.359	9.80075e-06	3.62748
0.000529241	362.351	9.80075e-06	3.4508
0.000548842	339.051	9.80075e-06	3.28417
0.000568444	316.527	9.80075e-06	3.05168
0.000588045	295	9.80075e-06	2.84255
0.000607647	275.516	9.80075e-06	2.7137
0.000627248	257.557	9.80075e-06	2.59035
0.00064685	240.447	9.80075e-06	2.5039
0.000666451	225.051	9.80075e-06	2.43117
0.000686053	210.414	9.80075e-06	2.35708
0.000705654	194.647	9.80075e-06	1.90232
0.000725256	181.759	9.80075e-06	1.83428
0.000744857	169.41	9.80075e-06	1.76817
0.000764459	156.829	9.80075e-06	1.67913
0.00078406	144.964	9.80075e-06	1.5802
0.000803662	134.66	9.80075e-06	1.52014
0.000823263	124.643	9.80075e-06	1.44888
0.000842865	115.941	9.80075e-06	1.40632
0.000862466	107.654	9.80075e-06	1.37215
0.000882068	99.4317	9.80075e-06	1.31677
0.000901669	92.2134	9.80075e-06	1.28653
0.000921271	85.1708	9.80075e-06	1.25487
0.000940872	78.3739	9.80075e-06	1.20664
0.000960474	72.421	9.80075e-06	1.18393
0.000980075	66.6559	9.80075e-06	1.15168
0.000999677	61.1644	9.80075e-06	1.12961
0.00101928	56.2602	9.80075e-06	1.11001
0.00103888	51.9183	9.80075e-06	1.09279
0.00105848	47.9776	9.80075e-06	1.08131
0.00107808	44.1608	9.80075e-06	1.06968
0.00109768	40.1711	9.80075e-06	1.00788
0.00111729	36.0736	9.80075e-06	0.858855
0.00113689	32.8112	9.80075e-06	0.845205
0.00115649	29.8555	9.80075e-06	0.833777
0.00117609	27.1629	9.80075e-06	0.823631
0.00119569	24.7538	9.80075e-06	0.814644
0.00121529	22.0985	9.80075e-06	0.626469
0.00123489	20.06	9.80075e-06	0.615999
0.0012545	18.193	9.80075e-06	0.608107
0.0012741	16.634	9.80075e-06	0.602913
0.0012937	15.0353	9.80075e-06	0.596675
0.0013133	13.7095	9.80075e-06	0.590854
0.0013329	12.4935	9.80075e-06	0.586842
0.0013525	11.4049	9.80075e-06	0.583058
0.00137211	10.2794	9.80075e-06	0.577476
0.00139171	9.36322	9.80075e-06	0.574824
0.00141131	8.43638	9.80075e-06	0.571288
0.00143091	7.02539	9.80075e-06	0.189535
0.00145051	6.24301	9.80075e-06	0.182218
0.00147011	5.65156	9.80075e-06	0.176775
0.00148971	4.99444	9.80075e-06	0.148294
0.00150932	4.44626	9.80075e-06	0.136762
0.00152892	3.80771	9.80075e-06	0.110173
0.00154852	3.37426	9.80075e-06	0.103136
0.00156812	2.97703	9.80075e-06	0.0977554
0.00158772	2.68549	9.80075e-06	0.0941822
0.00160732	2.36269	9.80075e-06	0.0860207
0.00162692	2.09227	9.80075e-06	0.0791918
0.00164653	1.83848	9.80075e-06	0.0740747
0.00166613	1.58954	9.80075e-06	0.0693013
0.00168573	1.40188	9.80075e-06	0.0662893
0.00170533	1.25335	9.80075e-06	0.0641538
0.00172493	1.09937	9.80075e-06	0.0609212
0.00174453	0.922754	9.80075e-06	0.0496205
0.00176414	0.771963	9.80075e-06	0.043228
0.00178374	0.672943	9.80075e-06	0.0405817
0.00180334	0.586187	9.80075e-06	0.0384828
0.00182294	0.521573	9.80075e-06	0.0370191
0.00184254	0.465493	9.80075e-06	0.0356854
0.00186214	0.376241	9.80075e-06	0.0305058
0.00188174	0.329797	9.80075e-06	0.0290487
0.00190135	0.274817	9.80075e-06	0.0254214
0.00192095	0.23479	9.80075e-06	0.024272
0.00194055	0.193723	9.80075e-06	0.0221976
0.00196015	0.160854	9.80075e-06	0.01828
0.00197975	0.138127	9.80075e-06	0.0174095
0.00199935	0.112074	9.80075e-06	0.015084
0.00201895	0.0976228	9.80075e-06	0.0142073
0.00203856	0.0780411	9.80075e-06	0.0133258
0.00205816	0.0672003	9.80075e-06	0.0127864
0.00207776	0.0561318	9.80075e-06	0.0118055
0.00209736	0.0507071	9.80075e-06	0.0115426
0.00211696	0.0461052	9.80075e-06	0.0112988
0.00213656	0.0305357	9.80075e-06	0.00894362
0.00215617	0.0251532	9.80075e-06	0.00849171
0.00217577	0.0221412	9.80075e-06	0.00819101
0.00219537	0.0195507	9.80075e-06	0.00805253
0.00221497	0.0183388	9.80075e-06	0.00796079
0.00223457	0.0166212	9.80075e-06	0.00786741
0.00225417	0.0143721	9.80075e-06	0.00753904
0.00227377	0.0143721	9.80075e-06	0.00753904
0.00229338	0.0143721	9.80075e-06	0.00753904
0.00231298	0.00441982	9.80075e-06	0.00235263
0.00233258	0.00277479	9.80075e-06	0.00204481
0.00235218	0.00277479	9.80075e-06	0.00204481
0.00237178	0.00179436	9.80075e-06	0.00179442
