0	42140.7	6.87146e-06	70168.1
1.37429e-05	7066.89	6.87146e-06	1671.85
2.74858e-05	4668.86	6.87146e-06	450.594
4.12288e-05	3670.45	6.87146e-06	208.048
5.49717e-05	3078.41	6.87146e-06	120.525
6.87146e-05	2675.52	6.87146e-06	80.3729
8.24575e-05	2375.89	6.87146e-06	58.8697
9.62004e-05	2133.27	6.87146e-06	45.1318
0.000109943	1935.07	6.87146e-06	36.3021
0.000123686	1753.96	6.87146e-06	28.9925
0.000137429	1599.65	6.87146e-06	23.7717
0.000151172	1474.86	6.87146e-06	20.4352
0.000164915	1360.49	6.87146e-06	17.6866
0.000178658	1253.18	6.87146e-06	15.1724
0.000192401	1161.11	6.87146e-06	13.399
0.000206144	1078.5	6.87146e-06	12.0147
0.000219887	1002.83	6.87146e-06	10.8122
0.00023363	928.902	6.87146e-06	9.70736
0.000247373	861.54	6.87146e-06	8.74542
0.000261116	799.292	6.87146e-06	7.43601
0.000274858	746.701	6.87146e-06	6.84473
0.000288601	695.665	6.87146e-06	6.24962
0.000302344	649.016	6.87146e-06	5.68014
0.000316087	604.476	6.87146e-06	5.22173
0.00032983	563.679	6.87146e-06	4.84826
0.000343573	527.204	6.87146e-06	4.54433
0.000357316	493.893	6.87146e-06	4.28596
0.000371059	460.349	6.87146e-06	3.99707
0.000384802	429.173	6.87146e-06	3.74849
0.000398545	400.285	6.87146e-06	3.51365
0.000412288	375.192	6.87146e-06	3.35976
0.000426031	350.783	6.87146e-06	3.18777
0.000439773	326.96	6.87146e-06	2.89966
0.000453516	306.07	6.87146e-06	2.76835
0.000467259	283.352	6.87146e-06	2.54402
0.000481002	264.003	6.87146e-06	2.41559
0.000494745	245.736	6.87146e-06	2.30285
0.000508488	229.361	6.87146e-06	2.21371
0.000522231	214.535	6.87146e-06	2.13995
0.000535974	199.657	6.87146e-06	2.04017
0.000549717	185.883	6.87146e-06	1.9564
0.00056346	172.939	6.87146e-06	1.89005
0.000577203	160.617	6.87146e-06	1.81838
0.000590946	148.808	6.87146e-06	1.73273
0.000604689	139.21	6.87146e-06	1.69269
0.000618431	129.133	6.87146e-06	1.61117
0.000632174	119.407	6.87146e-06	1.52829
0.000645917	110.94	6.87146e-06	1.44846
0.00065966	102.735	6.87146e-06	1.39401
0.000673403	95.6505	6.87146e-06	1.36145
0.000687146	88.2549	6.87146e-06	1.31186
0.000700889	81.7222	6.87146e-06	1.27959
0.000714632	75.1901	6.87146e-06	1.08037
0.000728375	69.3637	6.87146e-06	1.05229
0.000742118	64.33	6.87146e-06	1.02915
0.000755861	59.229	6.87146e-06	1.00033
0.000769604	55.0543	6.87146e-06	0.983382
0.000783347	50.7031	6.87146e-06	0.942528
0.000797089	47.0645	6.87146e-06	0.929181
0.000810832	43.1896	6.87146e-06	0.912851
0.000824575	39.676	6.87146e-06	0.893987
0.000838318	36.1156	6.87146e-06	0.859956
0.000852061	33.0996	6.87146e-06	0.827579
0.000865804	30.4717	6.87146e-06	0.796002
0.000879547	28.0385	6.87146e-06	0.783763
0.00089329	25.7624	6.87146e-06	0.76793
0.000907033	23.7204	6.87146e-06	0.759349
0.000920776	21.8848	6.87146e-06	0.750655
0.000934519	19.5585	6.87146e-06	0.342792
0.000948262	17.8365	6.87146e-06	0.325812
0.000962004	16.2837	6.87146e-06	0.308444
0.000975747	14.858	6.87146e-06	0.290513
0.00098949	13.4903	6.87146e-06	0.27764
0.00100323	12.356	6.87146e-06	0.268358
0.00101698	11.3226	6.87146e-06	0.253851
0.00103072	10.308	6.87146e-06	0.244253
0.00104446	9.35302	6.87146e-06	0.231061
0.0010582	8.4521	6.87146e-06	0.215819
0.00107195	7.68891	6.87146e-06	0.201506
0.00108569	6.95235	6.87146e-06	0.193876
0.00109943	6.37025	6.87146e-06	0.186365
0.00111318	5.75594	6.87146e-06	0.171598
0.00112692	5.20318	6.87146e-06	0.162312
0.00114066	4.72206	6.87146e-06	0.157411
0.00115441	4.26479	6.87146e-06	0.151252
0.00116815	3.93202	6.87146e-06	0.14551
0.00118189	3.58017	6.87146e-06	0.13996
0.00119563	3.20158	6.87146e-06	0.132019
0.00120938	2.93349	6.87146e-06	0.129103
0.00122312	2.55571	6.87146e-06	0.12136
0.00123686	2.2676	6.87146e-06	0.116189
0.00125061	2.04977	6.87146e-06	0.112642
0.00126435	1.83956	6.87146e-06	0.107465
0.00127809	1.59349	6.87146e-06	0.0882442
0.00129183	1.41225	6.87146e-06	0.0801694
0.00130558	1.25734	6.87146e-06	0.0775977
0.00131932	1.13487	6.87146e-06	0.0734539
0.00133306	1.03456	6.87146e-06	0.0711105
0.00134681	0.940811	6.87146e-06	0.069146
0.00136055	0.870439	6.87146e-06	0.0677594
0.00137429	0.780784	6.87146e-06	0.0641638
0.00138804	0.701396	6.87146e-06	0.0622408
0.00140178	0.628688	6.87146e-06	0.0604052
0.00141552	0.574354	6.87146e-06	0.0594508
0.00142926	0.482952	6.87146e-06	0.0455385
0.00144301	0.411492	6.87146e-06	0.0374925
0.00145675	0.352666	6.87146e-06	0.0350674
0.00147049	0.311003	6.87146e-06	0.0338824
0.00148424	0.255122	6.87146e-06	0.0300285
0.00149798	0.223829	6.87146e-06	0.0281147
0.00151172	0.194833	6.87146e-06	0.0257644
0.00152546	0.161368	6.87146e-06	0.0237351
0.00153921	0.140672	6.87146e-06	0.0230884
0.00155295	0.128455	6.87146e-06	0.0226396
0.00156669	0.111633	6.87146e-06	0.0217793
0.00158044	0.103851	6.87146e-06	0.0214825
0.00159418	0.0863348	6.87146e-06	0.0204489
0.00160792	0.0768381	6.87146e-06	0.0200243
0.00162166	0.0689479	6.87146e-06	0.0196773
0.00163541	0.0430065	6.87146e-06	0.00850956
0.00164915	0.0409669	6.87146e-06	0.00838645
0.00166289	0.0280709	6.87146e-06	0.00690963
0.00167664	0.0237164	6.87146e-06	0.00636002
0.00169038	0.01745	6.87146e-06	0.00569181
0.00170412	0.0152633	6.87146e-06	0.00547666
0.00171787	0.0142871	6.87146e-06	0.00538894
0.00173161	0.0132776	6.87146e-06	0.00529353
0.00174535	0.0123081	6.87146e-06	0.00520398
0.00175909	0.0123081	6.87146e-06	0.00520398
0.00177284	0.0123081	6.87146e-06	0.00520398
0.00178658	0.0123081	6.87146e-06	0.00520398
0.00180032	0.00659627	6.87146e-06	0.00388939
0.00181407	0.00659627	6.87146e-06	0.00388939
0.00182781	0.00659627	6.87146e-06	0.00388939
