0	32010	8.87794e-06	53815.9
1.77559e-05	5108.46	8.87794e-06	1124.16
3.55118e-05	3495.46	8.87794e-06	327.118
5.32676e-05	2775.32	8.87794e-06	153.93
7.10235e-05	2338.52	8.87794e-06	89.8259
8.87794e-05	2036.04	8.87794e-06	59.3518
0.000106535	1804.45	8.87794e-06	41.5695
0.000124291	1636.2	8.87794e-06	32.3984
0.000142047	1496.28	8.87794e-06	26.3637
0.000159803	1374.52	8.87794e-06	21.9972
0.000177559	1263.98	8.87794e-06	18.4725
0.000195315	1167.78	8.87794e-06	15.8574
0.000213071	1079.96	8.87794e-06	13.6819
0.000230826	1005.23	8.87794e-06	12.1997
0.000248582	936.624	8.87794e-06	10.7843
0.000266338	871.531	8.87794e-06	9.2248
0.000284094	813.354	8.87794e-06	8.28653
0.00030185	758.151	8.87794e-06	7.34437
0.000319606	708.997	8.87794e-06	6.70303
0.000337362	661.448	8.87794e-06	6.03098
0.000355118	620.429	8.87794e-06	5.55296
0.000372874	578.773	8.87794e-06	4.9922
0.000390629	541.957	8.87794e-06	4.61224
0.000408385	507.364	8.87794e-06	4.2804
0.000426141	474.795	8.87794e-06	3.95284
0.000443897	445.027	8.87794e-06	3.70065
0.000461653	414.946	8.87794e-06	3.388
0.000479409	388.683	8.87794e-06	3.18289
0.000497165	364.194	8.87794e-06	3.00167
0.000514921	340.14	8.87794e-06	2.8216
0.000532676	317.641	8.87794e-06	2.65665
0.000550432	297.213	8.87794e-06	2.5085
0.000568188	276.795	8.87794e-06	2.35605
0.000585944	258.042	8.87794e-06	2.19075
0.0006037	239.958	8.87794e-06	2.02767
0.000621456	222.981	8.87794e-06	1.85243
0.000639212	207.428	8.87794e-06	1.73136
0.000656968	192.962	8.87794e-06	1.62267
0.000674724	179.584	8.87794e-06	1.53635
0.000692479	166.369	8.87794e-06	1.43024
0.000710235	153.922	8.87794e-06	1.34015
0.000727991	142.738	8.87794e-06	1.25392
0.000745747	132.536	8.87794e-06	1.18414
0.000763503	123.169	8.87794e-06	1.12839
0.000781259	114.032	8.87794e-06	1.07567
0.000799015	105.727	8.87794e-06	1.00564
0.000816771	98.0323	8.87794e-06	0.946703
0.000834526	90.6333	8.87794e-06	0.897527
0.000852282	83.9763	8.87794e-06	0.862999
0.000870038	77.704	8.87794e-06	0.812884
0.000887794	71.465	8.87794e-06	0.77082
0.00090555	65.7341	8.87794e-06	0.730064
0.000923306	60.5082	8.87794e-06	0.681821
0.000941062	55.7423	8.87794e-06	0.653662
0.000958818	51.1371	8.87794e-06	0.622778
0.000976574	47.1079	8.87794e-06	0.596629
0.000994329	43.3801	8.87794e-06	0.572597
0.00101209	40.0734	8.87794e-06	0.527975
0.00102984	36.8377	8.87794e-06	0.502854
0.0010476	33.8613	8.87794e-06	0.481121
0.00106535	31.0098	8.87794e-06	0.462406
0.00108311	28.4244	8.87794e-06	0.446115
0.00110086	25.8918	8.87794e-06	0.42601
0.00111862	23.5545	8.87794e-06	0.391601
0.00113638	21.3355	8.87794e-06	0.361595
0.00115413	19.4038	8.87794e-06	0.343944
0.00117189	17.3999	8.87794e-06	0.321181
0.00118964	15.7168	8.87794e-06	0.305797
0.0012074	14.2279	8.87794e-06	0.290346
0.00122516	12.8481	8.87794e-06	0.276303
0.00124291	11.5803	8.87794e-06	0.249789
0.00126067	10.5337	8.87794e-06	0.240045
0.00127842	9.44002	8.87794e-06	0.230048
0.00129618	8.44636	8.87794e-06	0.215348
0.00131394	7.62395	8.87794e-06	0.205095
0.00133169	6.81898	8.87794e-06	0.186916
0.00134945	6.02915	8.87794e-06	0.16326
0.0013672	5.3678	8.87794e-06	0.152833
0.00138496	4.8162	8.87794e-06	0.143286
0.00140271	4.34842	8.87794e-06	0.137456
0.00142047	3.84656	8.87794e-06	0.123851
0.00143823	3.43742	8.87794e-06	0.115344
0.00145598	3.09397	8.87794e-06	0.111625
0.00147374	2.76342	8.87794e-06	0.105921
0.00149149	2.4552	8.87794e-06	0.0975852
0.00150925	2.24084	8.87794e-06	0.0937046
0.00152701	2.0256	8.87794e-06	0.0907352
0.00154476	1.79748	8.87794e-06	0.08672
0.00156252	1.55851	8.87794e-06	0.0760963
0.00158027	1.37622	8.87794e-06	0.0723915
0.00159803	1.23041	8.87794e-06	0.0668245
0.00161579	1.05045	8.87794e-06	0.0559144
0.00163354	0.917711	8.87794e-06	0.050173
0.0016513	0.772437	8.87794e-06	0.040061
0.00166905	0.685345	8.87794e-06	0.0379481
0.00168681	0.5882	8.87794e-06	0.03428
0.00170456	0.530006	8.87794e-06	0.0328157
0.00172232	0.436074	8.87794e-06	0.0284013
0.00174008	0.392511	8.87794e-06	0.0260833
0.00175783	0.343868	8.87794e-06	0.0245669
0.00177559	0.297623	8.87794e-06	0.0229571
0.00179334	0.255679	8.87794e-06	0.0205997
0.0018111	0.229198	8.87794e-06	0.0195201
0.00182886	0.203139	8.87794e-06	0.0186249
0.00184661	0.170754	8.87794e-06	0.0167307
0.00186437	0.146911	8.87794e-06	0.0157015
0.00188212	0.125792	8.87794e-06	0.0146537
0.00189988	0.106026	8.87794e-06	0.0135511
0.00191764	0.0930412	8.87794e-06	0.0126723
0.00193539	0.0873418	8.87794e-06	0.0122686
0.00195315	0.0746195	8.87794e-06	0.0116222
0.0019709	0.0669118	8.87794e-06	0.0112426
0.00198866	0.0544086	8.87794e-06	0.00992321
0.00200641	0.0447971	8.87794e-06	0.00855824
0.00202417	0.0386447	8.87794e-06	0.0080772
0.00204193	0.0275185	8.87794e-06	0.00626513
0.00205968	0.0245081	8.87794e-06	0.00587266
0.00207744	0.0217526	8.87794e-06	0.00565137
0.00209519	0.0164002	8.87794e-06	0.00438187
0.00211295	0.0155962	8.87794e-06	0.00430746
0.00213071	0.0129264	8.87794e-06	0.00402051
0.00214846	0.00973226	8.87794e-06	0.00320313
0.00216622	0.00689865	8.87794e-06	0.00274387
0.00218397	0.00326632	8.87794e-06	0.00163407
0.00220173	0.00162441	8.87794e-06	0.00114909
0.00221949	0.00162441	8.87794e-06	0.00114909
0.00223724	0.000834138	8.87794e-06	0.000834164
