0	49069.6	5.79716e-06	81948.7
1.15943e-05	8105.19	5.79716e-06	1784.71
2.31886e-05	5547.85	5.79716e-06	526.436
3.4783e-05	4382.53	5.79716e-06	243.409
4.63773e-05	3699.07	5.79716e-06	144.93
5.79716e-05	3220.08	5.79716e-06	97.9408
6.95659e-05	2854.34	5.79716e-06	71.5228
8.11602e-05	2559.77	5.79716e-06	55.0483
9.27546e-05	2320.9	5.79716e-06	44.6355
0.000104349	2115.34	5.79716e-06	36.8414
0.000115943	1938.83	5.79716e-06	31.5993
0.000127538	1786.67	5.79716e-06	27.8666
0.000139132	1644.35	5.79716e-06	24.6547
0.000150726	1515.04	5.79716e-06	22.1165
0.00016232	1394.12	5.79716e-06	15.8846
0.000173915	1295.63	5.79716e-06	14.1255
0.000185509	1204.28	5.79716e-06	12.6595
0.000197103	1119.62	5.79716e-06	11.3152
0.000208698	1041.15	5.79716e-06	10.2335
0.000220292	968.724	5.79716e-06	9.29726
0.000231886	902.372	5.79716e-06	8.4949
0.000243481	839.519	5.79716e-06	7.65132
0.000255075	780.643	5.79716e-06	7.01502
0.000266669	728.261	5.79716e-06	6.47417
0.000278264	683.344	5.79716e-06	6.09746
0.000289858	638.083	5.79716e-06	5.66251
0.000301452	597.53	5.79716e-06	5.35439
0.000313047	557.446	5.79716e-06	5.00606
0.000324641	518.262	5.79716e-06	4.64263
0.000336235	483.272	5.79716e-06	4.39236
0.00034783	450.859	5.79716e-06	4.17167
0.000359424	420.43	5.79716e-06	3.97154
0.000371018	391.974	5.79716e-06	3.78781
0.000382613	365.902	5.79716e-06	3.63539
0.000394207	341.271	5.79716e-06	3.47661
0.000405801	317.442	5.79716e-06	3.13448
0.000417396	295.675	5.79716e-06	2.97368
0.00042899	274.819	5.79716e-06	2.67021
0.000440584	255.788	5.79716e-06	2.50105
0.000452178	238.945	5.79716e-06	2.41175
0.000463773	223.053	5.79716e-06	2.32925
0.000475367	206.762	5.79716e-06	2.21751
0.000486961	192.553	5.79716e-06	2.14352
0.000498556	178.867	5.79716e-06	2.05813
0.00051015	166.475	5.79716e-06	1.99743
0.000521744	153.383	5.79716e-06	1.64995
0.000533339	141.769	5.79716e-06	1.42957
0.000544933	130.806	5.79716e-06	1.32955
0.000556527	120.884	5.79716e-06	1.25572
0.000568122	111.878	5.79716e-06	1.19563
0.000579716	103.926	5.79716e-06	1.14671
0.00059131	96.1975	5.79716e-06	1.09583
0.000602905	88.7363	5.79716e-06	1.04129
0.000614499	82.0973	5.79716e-06	1.0015
0.000626093	76.4305	5.79716e-06	0.969759
0.000637688	70.7127	5.79716e-06	0.932888
0.000649282	65.1292	5.79716e-06	0.876809
0.000660876	60.3149	5.79716e-06	0.850255
0.000672471	55.5766	5.79716e-06	0.815981
0.000684065	51.2445	5.79716e-06	0.779352
0.000695659	47.1677	5.79716e-06	0.700216
0.000707254	43.1989	5.79716e-06	0.645754
0.000718848	39.6642	5.79716e-06	0.615115
0.000730442	36.7104	5.79716e-06	0.589421
0.000742036	33.6959	5.79716e-06	0.564514
0.000753631	30.6586	5.79716e-06	0.526715
0.000765225	28.2008	5.79716e-06	0.509858
0.000776819	25.8243	5.79716e-06	0.484954
0.000788414	23.5486	5.79716e-06	0.449918
0.000800008	21.6238	5.79716e-06	0.43421
0.000811602	19.9187	5.79716e-06	0.415369
0.000823197	18.3175	5.79716e-06	0.401971
0.000834791	16.6754	5.79716e-06	0.385997
0.000846385	15.1534	5.79716e-06	0.349462
0.00085798	13.8218	5.79716e-06	0.340017
0.000869574	12.7149	5.79716e-06	0.331785
0.000881168	11.6371	5.79716e-06	0.321756
0.000892763	10.5329	5.79716e-06	0.286322
0.000904357	9.60256	5.79716e-06	0.277853
0.000915951	8.69669	5.79716e-06	0.262662
0.000927546	7.93612	5.79716e-06	0.251389
0.00093914	7.0573	5.79716e-06	0.239106
0.000950734	6.44268	5.79716e-06	0.231356
0.000962329	5.79849	5.79716e-06	0.224425
0.000973923	5.19575	5.79716e-06	0.186589
0.000985517	4.65442	5.79716e-06	0.179
0.000997112	4.15094	5.79716e-06	0.168976
0.00100871	3.79534	5.79716e-06	0.164363
0.0010203	3.25963	5.79716e-06	0.129479
0.00103189	2.93957	5.79716e-06	0.124263
0.00104349	2.65999	5.79716e-06	0.120841
0.00105508	2.37702	5.79716e-06	0.115643
0.00106668	2.13628	5.79716e-06	0.111101
0.00107827	1.88658	5.79716e-06	0.103119
0.00108987	1.69386	5.79716e-06	0.0969493
0.00110146	1.47641	5.79716e-06	0.0826675
0.00111305	1.31072	5.79716e-06	0.0787936
0.00112465	1.19719	5.79716e-06	0.0766454
0.00113624	1.07175	5.79716e-06	0.0740613
0.00114784	0.955661	5.79716e-06	0.0697824
0.00115943	0.857798	5.79716e-06	0.0673857
0.00117103	0.744018	5.79716e-06	0.0636951
0.00118262	0.673214	5.79716e-06	0.0619514
0.00119421	0.61035	5.79716e-06	0.0600905
0.00120581	0.53733	5.79716e-06	0.0576331
0.0012174	0.476316	5.79716e-06	0.0553186
0.001229	0.43295	5.79716e-06	0.0543235
0.00124059	0.383434	5.79716e-06	0.0528691
0.00125219	0.330363	5.79716e-06	0.0513888
0.00126378	0.295062	5.79716e-06	0.0505897
0.00127538	0.252333	5.79716e-06	0.0455774
0.00128697	0.190652	5.79716e-06	0.0226459
0.00129856	0.172409	5.79716e-06	0.0215665
0.00131016	0.15067	5.79716e-06	0.0200277
0.00132175	0.131264	5.79716e-06	0.0188739
0.00133335	0.112805	5.79716e-06	0.0179769
0.00134494	0.106999	5.79716e-06	0.0176583
0.00135654	0.0830979	5.79716e-06	0.0143911
0.00136813	0.0670416	5.79716e-06	0.01328
0.00137972	0.0487644	5.79716e-06	0.0110869
0.00139132	0.036342	5.79716e-06	0.00941058
0.00140291	0.0330659	5.79716e-06	0.00911839
0.00141451	0.0232084	5.79716e-06	0.00672649
0.0014261	0.0210068	5.79716e-06	0.00635595
0.0014377	0.0185064	5.79716e-06	0.00610375
0.00144929	0.00988865	5.79716e-06	0.00464967
0.00146088	0.00988865	5.79716e-06	0.00464967
0.00147248	0.00669496	5.79716e-06	0.00404431
0.00148407	0.00320096	5.79716e-06	0.00320104
0.00149567	0.00320096	5.79716e-06	0.00320104
0.00150726	0.00320096	5.79716e-06	0.00320104
0.00151886	0.00320096	5.79716e-06	0.00320104
0.00153045	0.00320096	5.79716e-06	0.00320104
0.00154204	0.00320096	5.79716e-06	0.00320104
0.00155364	0.00320096	5.79716e-06	0.00320104
0.00156523	0.00320096	5.79716e-06	0.00320104
0.00157683	0.00320096	5.79716e-06	0.00320104
0.00158842	0.00320096	5.79716e-06	0.00320104
0.00160002	0.00320096	5.79716e-06	0.00320104
0.00161161	0.00320096	5.79716e-06	0.00320104
0.0016232	0.00320096	5.79716e-06	0.00320104
0.0016348	0.00320096	5.79716e-06	0.00320104
