5.56922e-06	21028.2	5.56922e-06	127.246
1.67077e-05	4206.19	5.56922e-06	59.5522
2.78461e-05	2996.42	5.56922e-06	45.077
3.89845e-05	2661.73	5.56922e-06	62.5956
5.0123e-05	2403.65	5.56922e-06	122.478
6.12614e-05	2100.41	5.56922e-06	36.1392
7.23999e-05	1951.16	5.56922e-06	39.7154
8.35383e-05	1873.64	5.56922e-06	42.8677
9.46767e-05	1802.23	5.56922e-06	40.682
0.000105815	1989.18	5.56922e-06	133.496
0.000116954	1650.86	5.56922e-06	35.4054
0.000128092	1646.45	5.56922e-06	35.7033
0.00013923	1552.52	5.56922e-06	33.9988
0.000150369	1503.43	5.56922e-06	30.4332
0.000161507	1528.46	5.56922e-06	33.5181
0.000172646	1449.1	5.56922e-06	37.4626
0.000183784	1459.01	5.56922e-06	36.9072
0.000194923	1381.88	5.56922e-06	30.33
0.000206061	1410.01	5.56922e-06	41.5259
0.0002172	1322.31	5.56922e-06	29.9396
0.000228338	1300.31	5.56922e-06	29.0278
0.000239476	1267.34	5.56922e-06	33.8792
0.000250615	1253.31	5.56922e-06	35.4267
0.000261753	1154.99	5.56922e-06	31.6778
0.000272892	1128.67	5.56922e-06	29.3124
0.00028403	1142.85	5.56922e-06	31.163
0.000295169	1083.75	5.56922e-06	41.1146
0.000306307	1034.86	5.56922e-06	29.196
0.000317446	1146.52	5.56922e-06	100.715
0.000328584	991.32	5.56922e-06	27.754
0.000339722	907.773	5.56922e-06	22.4812
0.000350861	903.879	5.56922e-06	21.8987
0.000361999	895.837	5.56922e-06	23.4324
0.000373138	867.874	5.56922e-06	40.6346
0.000384276	815.949	5.56922e-06	22.538
0.000395415	812.649	5.56922e-06	23.5108
0.000406553	778.962	5.56922e-06	25.2455
0.000417691	717.464	5.56922e-06	19.8474
0.00042883	695.4	5.56922e-06	22.4902
0.000439968	700.531	5.56922e-06	21.554
0.000451107	642.162	5.56922e-06	20.6399
0.000462245	630.172	5.56922e-06	22.2668
0.000473384	600.863	5.56922e-06	19.494
0.000484522	563.603	5.56922e-06	18.3868
0.000495661	533.922	5.56922e-06	16.1435
0.000506799	527.567	5.56922e-06	17.0579
0.000517937	509.333	5.56922e-06	20.5752
0.000529076	443.478	5.56922e-06	14.9883
0.000540214	425.637	5.56922e-06	15.251
0.000551353	447.665	5.56922e-06	22.0987
0.000562491	444.583	5.56922e-06	20.4163
0.00057363	380.531	5.56922e-06	15.0211
0.000584768	394.245	5.56922e-06	15.374
0.000595907	350.077	5.56922e-06	17.1718
0.000607045	311.933	5.56922e-06	15.2283
0.000618183	344.185	5.56922e-06	15.7585
0.000629322	341.285	5.56922e-06	26.0746
0.00064046	282.119	5.56922e-06	11.3852
0.000651599	292.791	5.56922e-06	17.2162
0.000662737	263.079	5.56922e-06	13.4923
0.000673876	237.292	5.56922e-06	10.6697
0.000685014	232.306	5.56922e-06	15.4004
0.000696152	231.98	5.56922e-06	12.3924
0.000707291	187.789	5.56922e-06	9.36911
0.000718429	196.901	5.56922e-06	10.8301
0.000729568	172.7	5.56922e-06	8.50773
0.000740706	202.156	5.56922e-06	35.5271
0.000751845	166.918	5.56922e-06	13.2645
0.000762983	140.677	5.56922e-06	9.7217
0.000774122	125.752	5.56922e-06	8.66109
0.00078526	126.21	5.56922e-06	7.65042
0.000796398	127.262	5.56922e-06	9.68066
0.000807537	121.669	5.56922e-06	13.1397
0.000818675	106.123	5.56922e-06	8.10841
0.000829814	92.0947	5.56922e-06	6.03588
0.000840952	100.764	5.56922e-06	7.73951
0.000852091	102.803	5.56922e-06	10.7364
0.000863229	74.0985	5.56922e-06	5.78032
0.000874367	69.13	5.56922e-06	5.26889
0.000885506	63.0106	5.56922e-06	4.9937
0.000896644	55.4252	5.56922e-06	5.7671
0.000907783	48.8334	5.56922e-06	4.4426
0.000918921	61.5203	5.56922e-06	5.99763
0.00093006	40.6929	5.56922e-06	4.75224
0.000941198	49.7239	5.56922e-06	4.42663
0.000952337	41.9942	5.56922e-06	5.18956
0.000963475	39.7831	5.56922e-06	5.45741
0.000974613	38.8998	5.56922e-06	11.6
0.000985752	29.7802	5.56922e-06	4.27146
0.00099689	25.292	5.56922e-06	2.92803
0.00100803	20.4318	5.56922e-06	3.17521
0.00101917	19.8327	5.56922e-06	2.53696
0.00103031	19.0773	5.56922e-06	3.21507
0.00104144	19.0585	5.56922e-06	2.72988
0.00105258	19.9413	5.56922e-06	3.8401
0.00106372	13.386	5.56922e-06	2.42878
0.00107486	13.0141	5.56922e-06	2.14131
0.001086	10.6967	5.56922e-06	2.19254
0.00109714	9.68253	5.56922e-06	1.68024
0.00110827	10.8594	5.56922e-06	2.56854
0.00111941	11.3059	5.56922e-06	2.72089
0.00113055	6.72613	5.56922e-06	1.77881
0.00114169	7.2747	5.56922e-06	1.42279
0.00115283	4.65833	5.56922e-06	1.13315
0.00116397	5.97042	5.56922e-06	1.44238
0.00117511	4.70445	5.56922e-06	2.10683
0.00118624	4.33164	5.56922e-06	1.24257
0.00119738	2.25289	5.56922e-06	0.748967
0.00120852	3.07799	5.56922e-06	0.922251
0.00121966	2.18548	5.56922e-06	0.71388
0.0012308	2.25873	5.56922e-06	0.85623
0.00124194	2.04397	5.56922e-06	0.751965
0.00125307	1.11084	5.56922e-06	0.53518
0.00126421	1.53284	5.56922e-06	0.641698
0.00127535	0.856681	5.56922e-06	0.434716
0.00128649	0.5248	5.56922e-06	0.386412
0.00129763	0.702054	5.56922e-06	0.416608
0.00130877	0.842778	5.56922e-06	0.44033
0.00131991	0.738006	5.56922e-06	0.371203
0.00133104	1.03855	5.56922e-06	0.473572
0.00134218	0.58078	5.56922e-06	0.441031
0.00135332	0.952257	5.56922e-06	0.751237
0.00136446	0.168871	5.56922e-06	0.168871
0.0013756	0	5.56922e-06	0
0.00138674	0.152224	5.56922e-06	0.152224
0.00139787	0	5.56922e-06	0
0.00140901	0.341201	5.56922e-06	0.341201
0.00142015	0.465876	5.56922e-06	0.465876
0.00143129	0	5.56922e-06	0
0.00144243	0	5.56922e-06	0
0.00145357	0	5.56922e-06	0
0.0014647	0.179624	5.56922e-06	0.179624
0.00147584	0	5.56922e-06	0
0.00148698	0	5.56922e-06	0
0.00149812	0	5.56922e-06	0
0.00150926	0	5.56922e-06	0
0.0015204	0.308931	5.56922e-06	0.21845
