9.70375e-06	11894.2	9.70375e-06	91.6348
2.91113e-05	2093.26	9.70375e-06	33.441
4.85188e-05	1592.17	9.70375e-06	26.0796
6.79263e-05	1346.77	9.70375e-06	36.4074
8.73338e-05	1187.02	9.70375e-06	22.5017
0.000106741	1154.51	9.70375e-06	29.7781
0.000126149	1029.12	9.70375e-06	19.2363
0.000145556	965.923	9.70375e-06	19.9948
0.000164964	983.571	9.70375e-06	20.421
0.000184371	940.534	9.70375e-06	21.4832
0.000203779	923.051	9.70375e-06	26.6497
0.000223186	922.504	9.70375e-06	19.9528
0.000242594	886.635	9.70375e-06	26.9925
0.000262001	854.35	9.70375e-06	22.6246
0.000281409	819.25	9.70375e-06	16.5805
0.000300816	851.434	9.70375e-06	27.2705
0.000320224	831.755	9.70375e-06	19.5015
0.000339631	805.128	9.70375e-06	19.5045
0.000359039	808.026	9.70375e-06	21.1575
0.000378446	768.751	9.70375e-06	21.423
0.000397854	767.71	9.70375e-06	18.3002
0.000417261	747.88	9.70375e-06	24.874
0.000436669	706.483	9.70375e-06	14.8833
0.000456076	713.982	9.70375e-06	17.5583
0.000475484	679.513	9.70375e-06	16.3825
0.000494891	654.964	9.70375e-06	16.5676
0.000514299	681.7	9.70375e-06	18.7495
0.000533706	694.79	9.70375e-06	30.0725
0.000553114	618.715	9.70375e-06	14.2755
0.000572521	625.155	9.70375e-06	18.2748
0.000591929	606.037	9.70375e-06	15.6336
0.000611336	601.137	9.70375e-06	17.3588
0.000630744	543.883	9.70375e-06	13.3471
0.000650151	546.398	9.70375e-06	15.4333
0.000669559	545.345	9.70375e-06	31.832
0.000688966	514.563	9.70375e-06	13.6344
0.000708374	500.191	9.70375e-06	17.2459
0.000727781	499.157	9.70375e-06	29.4277
0.000747189	472.465	9.70375e-06	19.263
0.000766596	451.887	9.70375e-06	14.2726
0.000786004	452.262	9.70375e-06	16.8649
0.000805412	406.141	9.70375e-06	13.7278
0.000824819	380.742	9.70375e-06	11.0567
0.000844227	387.163	9.70375e-06	11.7349
0.000863634	359.485	9.70375e-06	10.6825
0.000883042	357.206	9.70375e-06	13.2086
0.000902449	344.075	9.70375e-06	14.3881
0.000921857	324.528	9.70375e-06	10.8804
0.000941264	294.38	9.70375e-06	9.16764
0.000960672	300.319	9.70375e-06	11.278
0.000980079	273.622	9.70375e-06	9.80353
0.000999487	279.595	9.70375e-06	13.9795
0.00101889	247.238	9.70375e-06	10.1663
0.0010383	241.779	9.70375e-06	10.2346
0.00105771	210.125	9.70375e-06	8.36065
0.00107712	205.658	9.70375e-06	9.44833
0.00109652	184.028	9.70375e-06	6.7635
0.00111593	184.943	9.70375e-06	9.38075
0.00113534	169.966	9.70375e-06	7.65932
0.00115475	164.399	9.70375e-06	7.74911
0.00117415	150.979	9.70375e-06	6.91489
0.00119356	135.706	9.70375e-06	7.16296
0.00121297	133.495	9.70375e-06	7.53812
0.00123238	111.074	9.70375e-06	5.29077
0.00125178	121.83	9.70375e-06	7.2667
0.00127119	110.484	9.70375e-06	8.18109
0.0012906	93.6937	9.70375e-06	5.13152
0.00131001	93.8807	9.70375e-06	5.20372
0.00132941	85.6708	9.70375e-06	5.32784
0.00134882	75.4085	9.70375e-06	4.89706
0.00136823	75.4267	9.70375e-06	5.42338
0.00138764	68.4653	9.70375e-06	5.54018
0.00140704	63.5741	9.70375e-06	5.01726
0.00142645	49.9698	9.70375e-06	3.44037
0.00144586	54.3335	9.70375e-06	4.23196
0.00146527	47.7507	9.70375e-06	3.77841
0.00148467	56.3365	9.70375e-06	16.57
0.00150408	46.0578	9.70375e-06	10.7724
0.00152349	37.6748	9.70375e-06	3.79747
0.0015429	33.9446	9.70375e-06	2.83593
0.0015623	30.8221	9.70375e-06	4.00352
0.00158171	27.3183	9.70375e-06	2.77919
0.00160112	22.2019	9.70375e-06	2.41581
0.00162053	21.9134	9.70375e-06	2.64621
0.00163993	17.9071	9.70375e-06	1.98304
0.00165934	19.1469	9.70375e-06	2.08287
0.00167875	19.4858	9.70375e-06	2.97694
0.00169816	15.4752	9.70375e-06	1.78053
0.00171756	12.6145	9.70375e-06	2.08492
0.00173697	7.76531	9.70375e-06	1.05567
0.00175638	12.7947	9.70375e-06	3.51868
0.00177579	8.037	9.70375e-06	1.24152
0.00179519	6.82732	9.70375e-06	1.0561
0.0018146	8.43638	9.70375e-06	1.94713
0.00183401	4.84478	9.70375e-06	1.02892
0.00185342	5.68145	9.70375e-06	0.977929
0.00187282	4.39164	9.70375e-06	0.763267
0.00189223	3.76004	9.70375e-06	0.79589
0.00191164	2.83052	9.70375e-06	0.683083
0.00193105	8.34404	9.70375e-06	4.00811
0.00195045	6.36535	9.70375e-06	4.12981
0.00196986	3.69676	9.70375e-06	0.858912
0.00198927	2.16397	9.70375e-06	0.554613
0.00200868	2.22786	9.70375e-06	0.58591
0.00202808	1.86263	9.70375e-06	0.636557
0.00204749	1.78085	9.70375e-06	0.606015
0.0020669	0.976791	9.70375e-06	0.355652
0.00208631	0.314946	9.70375e-06	0.182811
0.00210571	0.4285	9.70375e-06	0.217718
0.00212512	1.133	9.70375e-06	0.617739
0.00214453	0.111075	9.70375e-06	0.111075
0.00216394	0.18743	9.70375e-06	0.132586
0.00218334	0.409242	9.70375e-06	0.240897
0.00220275	0	9.70375e-06	0
0.00222216	0.0870995	9.70375e-06	0.0870995
0.00224157	0.214835	9.70375e-06	0.214835
0.00226097	0	9.70375e-06	0
0.00228038	0	9.70375e-06	0
0.00229979	0	9.70375e-06	0
0.0023192	0.118934	9.70375e-06	0.118934
0.0023386	0	9.70375e-06	0
0.00235801	0	9.70375e-06	0
0.00237742	0.312575	9.70375e-06	0.312575
0.00239683	0	9.70375e-06	0
0.00241623	0.0967676	9.70375e-06	0.0967676
