7.80957e-06	15126.7	7.80957e-06	120.16
2.34287e-05	2921.51	7.80957e-06	46.7431
3.90479e-05	2205.63	7.80957e-06	46.0198
5.4667e-05	1751.4	7.80957e-06	28.6366
7.02861e-05	1687.08	7.80957e-06	41.3997
8.59053e-05	1554.29	7.80957e-06	32.9782
0.000101524	1409.2	7.80957e-06	26.3964
0.000117144	1311.15	7.80957e-06	29.5692
0.000132763	1286.13	7.80957e-06	27.7079
0.000148382	1257.78	7.80957e-06	25.8461
0.000164001	1182.23	7.80957e-06	22.9222
0.00017962	1196.93	7.80957e-06	80.4266
0.000195239	1122.9	7.80957e-06	22.7519
0.000210858	1057.56	7.80957e-06	22.6484
0.000226478	1097.19	7.80957e-06	43.6664
0.000242097	998.227	7.80957e-06	20.0973
0.000257716	1057.54	7.80957e-06	21.9158
0.000273335	975.437	7.80957e-06	20.0912
0.000288954	986.125	7.80957e-06	25.2457
0.000304573	945.078	7.80957e-06	25.0769
0.000320192	906.669	7.80957e-06	20.6224
0.000335812	892.5	7.80957e-06	22.121
0.000351431	889.438	7.80957e-06	23.6347
0.00036705	905.735	7.80957e-06	21.1996
0.000382669	807.755	7.80957e-06	21.9951
0.000398288	809.834	7.80957e-06	24.8561
0.000413907	752.596	7.80957e-06	17.5912
0.000429526	777.197	7.80957e-06	23.0781
0.000445146	763.715	7.80957e-06	23.9158
0.000460765	687.57	7.80957e-06	17.9142
0.000476384	688.46	7.80957e-06	23.709
0.000492003	653.335	7.80957e-06	15.9906
0.000507622	672.495	7.80957e-06	19.1206
0.000523241	654.027	7.80957e-06	31.5496
0.00053886	590.39	7.80957e-06	15.4311
0.00055448	593.765	7.80957e-06	17.8042
0.000570099	552.54	7.80957e-06	17.6688
0.000585718	558.83	7.80957e-06	15.8691
0.000601337	494.775	7.80957e-06	14.9328
0.000616956	504.629	7.80957e-06	18.5372
0.000632575	480.731	7.80957e-06	17.739
0.000648194	488.883	7.80957e-06	22.7833
0.000663814	413.503	7.80957e-06	12.6704
0.000679433	421.2	7.80957e-06	14.9957
0.000695052	408.103	7.80957e-06	14.407
0.000710671	371.071	7.80957e-06	16.1081
0.00072629	364.352	7.80957e-06	13.7947
0.000741909	346.381	7.80957e-06	13.0011
0.000757528	357.41	7.80957e-06	21.3998
0.000773148	310.815	7.80957e-06	15.4451
0.000788767	323.639	7.80957e-06	16.503
0.000804386	268.836	7.80957e-06	11.585
0.000820005	256.812	7.80957e-06	10.3969
0.000835624	245.976	7.80957e-06	14.6871
0.000851243	232.138	7.80957e-06	10.9337
0.000866862	227.671	7.80957e-06	9.69157
0.000882482	193.349	7.80957e-06	7.6551
0.000898101	191.365	7.80957e-06	8.67044
0.00091372	178.711	7.80957e-06	10.3568
0.000929339	180.025	7.80957e-06	8.42594
0.000944958	155.665	7.80957e-06	7.37104
0.000960577	155.916	7.80957e-06	9.07462
0.000976196	170.389	7.80957e-06	10.0638
0.000991816	140.609	7.80957e-06	6.71454
0.00100743	135.122	7.80957e-06	10.6942
0.00102305	117.484	7.80957e-06	6.43419
0.00103867	105.149	7.80957e-06	5.76542
0.00105429	109.013	7.80957e-06	7.2602
0.00106991	109.888	7.80957e-06	18.2114
0.00108553	111.234	7.80957e-06	13.1067
0.00110115	107.455	7.80957e-06	8.25104
0.00111677	80.4776	7.80957e-06	4.88464
0.00113239	88.2865	7.80957e-06	12.7976
0.00114801	74.9744	7.80957e-06	5.17784
0.00116363	59.56	7.80957e-06	5.77151
0.00117925	53.5419	7.80957e-06	4.05967
0.00119486	50.8246	7.80957e-06	3.5944
0.00121048	61.5248	7.80957e-06	5.30391
0.0012261	49.0016	7.80957e-06	4.86683
0.00124172	37.262	7.80957e-06	3.25214
0.00125734	37.9416	7.80957e-06	3.15063
0.00127296	33.1769	7.80957e-06	3.07302
0.00128858	35.3631	7.80957e-06	3.80493
0.0013042	40.2476	7.80957e-06	4.69805
0.00131982	29.6197	7.80957e-06	3.13794
0.00133544	31.968	7.80957e-06	3.44948
0.00135106	27.3983	7.80957e-06	4.33168
0.00136668	24.3272	7.80957e-06	2.54622
0.00138229	30.415	7.80957e-06	4.58921
0.00139791	23.4258	7.80957e-06	5.87376
0.00141353	18.027	7.80957e-06	2.02745
0.00142915	14.2158	7.80957e-06	1.88791
0.00144477	14.7547	7.80957e-06	2.07211
0.00146039	15.4951	7.80957e-06	1.87022
0.00147601	9.57881	7.80957e-06	1.45732
0.00149163	13.6768	7.80957e-06	2.26307
0.00150725	15.8786	7.80957e-06	4.79055
0.00152287	11.5197	7.80957e-06	2.14146
0.00153849	10.2229	7.80957e-06	1.78678
0.0015541	8.35518	7.80957e-06	1.75681
0.00156972	5.70848	7.80957e-06	1.46205
0.00158534	7.50755	7.80957e-06	1.69232
0.00160096	6.05751	7.80957e-06	1.4558
0.00161658	5.23785	7.80957e-06	1.55489
0.0016322	5.54418	7.80957e-06	1.25052
0.00164782	3.15783	7.80957e-06	0.780846
0.00166344	2.56541	7.80957e-06	0.595805
0.00167906	2.5648	7.80957e-06	0.724923
0.00169468	1.65061	7.80957e-06	0.539054
0.0017103	2.03114	7.80957e-06	0.554324
0.00172592	2.50652	7.80957e-06	0.864965
0.00174153	2.29124	7.80957e-06	0.634751
0.00175715	1.38408	7.80957e-06	0.551662
0.00177277	0.665677	7.80957e-06	0.343933
0.00178839	0.81452	7.80957e-06	0.443913
0.00180401	0.872079	7.80957e-06	0.480055
0.00181963	1.28217	7.80957e-06	0.831297
0.00183525	1.3813	7.80957e-06	0.568669
0.00185087	0.525921	7.80957e-06	0.26537
0.00186649	0.365947	7.80957e-06	0.212095
0.00188211	0.398002	7.80957e-06	0.230044
0.00189773	0.838501	7.80957e-06	0.351101
0.00191335	0.285851	7.80957e-06	0.285851
0.00192896	0.44997	7.80957e-06	0.262341
0.00194458	0.135733	7.80957e-06	0.135733
0.0019602	0.388717	7.80957e-06	0.296543
0.00197582	0.390295	7.80957e-06	0.229923
0.00199144	0	7.80957e-06	0
0.00200706	0.171153	7.80957e-06	0.171153
0.00202268	0.117761	7.80957e-06	0.117761
0.0020383	0	7.80957e-06	0
0.00205392	0	7.80957e-06	0
0.00206954	0	7.80957e-06	0
0.00208516	0	7.80957e-06	0
0.00210077	0.219446	7.80957e-06	0.155173
0.00211639	0.144604	7.80957e-06	0.144604
