7.35568e-06	16257.3	7.35568e-06	98.5026
2.2067e-05	3099.72	7.35568e-06	44.4217
3.67784e-05	2266.13	7.35568e-06	33.0412
5.14898e-05	1968.62	7.35568e-06	32.4376
6.62011e-05	1730.08	7.35568e-06	32.1258
8.09125e-05	1615.18	7.35568e-06	32.2226
9.56239e-05	1462.01	7.35568e-06	28.892
0.000110335	1397.32	7.35568e-06	26.6252
0.000125047	1394.93	7.35568e-06	29.1887
0.000139758	1330.63	7.35568e-06	33.676
0.000154469	1316.7	7.35568e-06	31.5434
0.000169181	1242.09	7.35568e-06	23.0738
0.000183892	1164.79	7.35568e-06	20.7882
0.000198603	1192.97	7.35568e-06	25.7886
0.000213315	1173.51	7.35568e-06	25.0718
0.000228026	1112.98	7.35568e-06	24.6906
0.000242737	1084.86	7.35568e-06	21.9063
0.000257449	1087.16	7.35568e-06	24.2879
0.00027216	993.372	7.35568e-06	24.1723
0.000286872	1034.14	7.35568e-06	27.6894
0.000301583	985.413	7.35568e-06	22.8332
0.000316294	1006.06	7.35568e-06	26.3294
0.000331006	879.173	7.35568e-06	20.3676
0.000345717	906.383	7.35568e-06	21.5625
0.000360428	883.854	7.35568e-06	21.0399
0.00037514	834.128	7.35568e-06	19.7073
0.000389851	969.717	7.35568e-06	59.115
0.000404562	790.178	7.35568e-06	19.3824
0.000419274	787.709	7.35568e-06	23.4478
0.000433985	743.566	7.35568e-06	21.8748
0.000448697	700.826	7.35568e-06	18.5871
0.000463408	731.01	7.35568e-06	19.1465
0.000478119	675.582	7.35568e-06	19.0382
0.000492831	654.943	7.35568e-06	16.8148
0.000507542	609.814	7.35568e-06	16.1404
0.000522253	637.65	7.35568e-06	17.4421
0.000536965	572.35	7.35568e-06	15.3305
0.000551676	537.497	7.35568e-06	14.4996
0.000566387	543.171	7.35568e-06	15.2119
0.000581099	542.247	7.35568e-06	23.864
0.00059581	486.623	7.35568e-06	17.2351
0.000610522	474.34	7.35568e-06	16.072
0.000625233	456.027	7.35568e-06	16.247
0.000639944	420.583	7.35568e-06	15.543
0.000654656	425.872	7.35568e-06	13.5908
0.000669367	392.388	7.35568e-06	12.814
0.000684078	366.955	7.35568e-06	14.8981
0.00069879	336.873	7.35568e-06	11.3541
0.000713501	338.944	7.35568e-06	12.4319
0.000728212	315.191	7.35568e-06	11.1404
0.000742924	304.076	7.35568e-06	11.6104
0.000757635	297.116	7.35568e-06	14.1382
0.000772347	257.775	7.35568e-06	11.688
0.000787058	257.98	7.35568e-06	11.5029
0.000801769	240.417	7.35568e-06	13.1981
0.000816481	231.648	7.35568e-06	10.8744
0.000831192	218.502	7.35568e-06	17.1018
0.000845903	216.384	7.35568e-06	12.9651
0.000860615	197.181	7.35568e-06	12.1861
0.000875326	172.697	7.35568e-06	8.39639
0.000890037	178.465	7.35568e-06	10.581
0.000904749	169.495	7.35568e-06	11.213
0.00091946	150.749	7.35568e-06	7.16511
0.000934172	140.05	7.35568e-06	6.69941
0.000948883	151.563	7.35568e-06	8.37745
0.000963594	135.03	7.35568e-06	7.4982
0.000978306	117.203	7.35568e-06	7.17146
0.000993017	125.552	7.35568e-06	8.68324
0.00100773	114.319	7.35568e-06	6.92756
0.00102244	103.856	7.35568e-06	7.38346
0.00103715	86.2035	7.35568e-06	7.35661
0.00105186	94.3808	7.35568e-06	8.11395
0.00106657	85.9791	7.35568e-06	7.12691
0.00108129	85.513	7.35568e-06	10.1084
0.001096	72.7295	7.35568e-06	6.83352
0.00111071	66.2172	7.35568e-06	5.49723
0.00112542	55.5095	7.35568e-06	4.47131
0.00114013	60.2601	7.35568e-06	4.99359
0.00115484	53.8456	7.35568e-06	4.75651
0.00116955	49.51	7.35568e-06	4.17603
0.00118426	44.25	7.35568e-06	4.39718
0.00119898	41.1201	7.35568e-06	4.90811
0.00121369	38.578	7.35568e-06	3.74918
0.0012284	29.8449	7.35568e-06	2.99555
0.00124311	29.4641	7.35568e-06	3.18651
0.00125782	24.6403	7.35568e-06	2.31475
0.00127253	24.5378	7.35568e-06	2.583
0.00128724	24.0788	7.35568e-06	2.74564
0.00130196	21.8365	7.35568e-06	2.44272
0.00131667	19.1812	7.35568e-06	2.86785
0.00133138	23.3438	7.35568e-06	2.71644
0.00134609	32.6008	7.35568e-06	14.6688
0.0013608	30.6352	7.35568e-06	13.2476
0.00137551	22.6324	7.35568e-06	7.63582
0.00139022	28.5795	7.35568e-06	14.2423
0.00140494	15.8132	7.35568e-06	2.75198
0.00141965	11.4569	7.35568e-06	1.78676
0.00143436	9.39708	7.35568e-06	1.62928
0.00144907	10.0648	7.35568e-06	2.60509
0.00146378	5.50551	7.35568e-06	1.04969
0.00147849	5.10805	7.35568e-06	1.04839
0.0014932	9.2105	7.35568e-06	2.27282
0.00150791	5.09661	7.35568e-06	1.4964
0.00152263	5.69022	7.35568e-06	2.24603
0.00153734	4.05835	7.35568e-06	1.29957
0.00155205	2.96495	7.35568e-06	0.826389
0.00156676	5.8723	7.35568e-06	1.6247
0.00158147	3.04495	7.35568e-06	0.93072
0.00159618	3.74744	7.35568e-06	1.11656
0.00161089	5.04525	7.35568e-06	1.57466
0.00162561	1.854	7.35568e-06	0.587639
0.00164032	1.62203	7.35568e-06	0.626133
0.00165503	2.84595	7.35568e-06	0.840456
0.00166974	1.4273	7.35568e-06	0.532084
0.00168445	1.45488	7.35568e-06	0.53434
0.00169916	0.659124	7.35568e-06	0.5375
0.00171387	2.55149	7.35568e-06	0.684803
0.00172859	0.819088	7.35568e-06	0.423097
0.0017433	0.718769	7.35568e-06	0.378389
0.00175801	0.239457	7.35568e-06	0.169322
0.00177272	0.792392	7.35568e-06	0.514766
0.00178743	0.296272	7.35568e-06	0.212949
0.00180214	0.336217	7.35568e-06	0.243952
0.00181685	0	7.35568e-06	0
0.00183156	0.119819	7.35568e-06	0.119819
0.00184628	0.305517	7.35568e-06	0.219562
0.00186099	0.885057	7.35568e-06	0.644516
0.0018757	0.300355	7.35568e-06	0.300355
0.00189041	0	7.35568e-06	0
0.00190512	0	7.35568e-06	0
0.00191983	0.168555	7.35568e-06	0.168555
0.00193454	0	7.35568e-06	0
0.00194926	0.135062	7.35568e-06	0.135062
