5.54786e-06	21630.7	5.54786e-06	153.699
1.66436e-05	4092.93	5.54786e-06	89.0414
2.77393e-05	2954.74	5.54786e-06	45.3395
3.8835e-05	2524.59	5.54786e-06	38.9569
4.99307e-05	2305.54	5.54786e-06	42.9704
6.10264e-05	2070.1	5.54786e-06	36.3928
7.21222e-05	2068.74	5.54786e-06	52.8368
8.32179e-05	1854.6	5.54786e-06	43.0051
9.43136e-05	1843.01	5.54786e-06	40.8867
0.000105409	1773.47	5.54786e-06	39.1636
0.000116505	1688.68	5.54786e-06	37.2563
0.000127601	1646.55	5.54786e-06	35.8349
0.000138696	1573.37	5.54786e-06	44.1029
0.000149792	1465.14	5.54786e-06	29.6533
0.000160888	1470.62	5.54786e-06	28.3176
0.000171984	1456.24	5.54786e-06	40.0136
0.000183079	1465.39	5.54786e-06	58.8905
0.000194175	1405.13	5.54786e-06	33.8681
0.000205271	1384.92	5.54786e-06	37.4073
0.000216366	1314.15	5.54786e-06	27.0231
0.000227462	1310.48	5.54786e-06	28.8175
0.000238558	1272.15	5.54786e-06	30.9027
0.000249654	1273.71	5.54786e-06	38.1922
0.000260749	1196.92	5.54786e-06	29.0681
0.000271845	1172.13	5.54786e-06	35.0507
0.000282941	1127.53	5.54786e-06	33.8457
0.000294036	1200.31	5.54786e-06	124.219
0.000305132	1019.48	5.54786e-06	29.6374
0.000316228	1044.52	5.54786e-06	35.1285
0.000327324	999.052	5.54786e-06	28.1203
0.000338419	945.85	5.54786e-06	27.3591
0.000349515	949.966	5.54786e-06	31.2275
0.000360611	868.492	5.54786e-06	24.2721
0.000371707	802.841	5.54786e-06	19.8855
0.000382802	811.167	5.54786e-06	28.8038
0.000393898	772.473	5.54786e-06	19.4265
0.000404994	792.056	5.54786e-06	20.9994
0.000416089	775.126	5.54786e-06	25.2955
0.000427185	718.532	5.54786e-06	20.7036
0.000438281	670.87	5.54786e-06	19.0877
0.000449377	634.183	5.54786e-06	18.6275
0.000460472	607.753	5.54786e-06	20.1023
0.000471568	584.181	5.54786e-06	17.9621
0.000482664	552.358	5.54786e-06	17.4101
0.000493759	522.16	5.54786e-06	15.4736
0.000504855	527.348	5.54786e-06	21.5902
0.000515951	491.257	5.54786e-06	16.9897
0.000527047	515.278	5.54786e-06	41.5317
0.000538142	463.71	5.54786e-06	18.5173
0.000549238	491.485	5.54786e-06	25.1113
0.000560334	422.241	5.54786e-06	15.7431
0.000571429	428.731	5.54786e-06	18.3007
0.000582525	394.042	5.54786e-06	16.1706
0.000593621	376.606	5.54786e-06	17.0562
0.000604717	360.553	5.54786e-06	14.5875
0.000615812	322.186	5.54786e-06	17.6757
0.000626908	316.595	5.54786e-06	12.3416
0.000638004	313.638	5.54786e-06	13.2118
0.000649099	299.546	5.54786e-06	14.2669
0.000660195	274.616	5.54786e-06	13.5681
0.000671291	243.922	5.54786e-06	14.0118
0.000682387	242.658	5.54786e-06	12.6018
0.000693482	222.529	5.54786e-06	11.9351
0.000704578	205.956	5.54786e-06	11.8171
0.000715674	221.614	5.54786e-06	12.7337
0.000726769	182.459	5.54786e-06	20.3028
0.000737865	191.425	5.54786e-06	14.8698
0.000748961	141.758	5.54786e-06	7.4902
0.000760057	151.805	5.54786e-06	9.32525
0.000771152	153.121	5.54786e-06	11.0458
0.000782248	139.483	5.54786e-06	15.4741
0.000793344	103.346	5.54786e-06	6.504
0.000804439	104.166	5.54786e-06	6.82163
0.000815535	101.295	5.54786e-06	6.71075
0.000826631	94.5241	5.54786e-06	6.58819
0.000837727	97.9409	5.54786e-06	8.03831
0.000848822	84.3719	5.54786e-06	6.75914
0.000859918	83.5863	5.54786e-06	7.14187
0.000871014	66.2563	5.54786e-06	6.05059
0.000882109	57.4672	5.54786e-06	4.57184
0.000893205	61.4804	5.54786e-06	4.76362
0.000904301	45.2628	5.54786e-06	4.16069
0.000915397	55.7723	5.54786e-06	5.44648
0.000926492	52.964	5.54786e-06	5.97874
0.000937588	40.5571	5.54786e-06	4.37034
0.000948684	51.5641	5.54786e-06	14.4429
0.00095978	33.4023	5.54786e-06	3.58651
0.000970875	32.1828	5.54786e-06	4.39554
0.000981971	22.6347	5.54786e-06	3.06827
0.000993067	21.3105	5.54786e-06	2.45828
0.00100416	17.4074	5.54786e-06	2.34238
0.00101526	20.7427	5.54786e-06	2.50234
0.00102635	21.3135	5.54786e-06	3.08547
0.00103745	16.9622	5.54786e-06	2.33958
0.00104855	19.143	5.54786e-06	2.83088
0.00105964	13.1932	5.54786e-06	2.07241
0.00107074	12.308	5.54786e-06	2.1899
0.00108183	10.8886	5.54786e-06	1.84377
0.00109293	7.42761	5.54786e-06	1.516
0.00110402	6.4536	5.54786e-06	1.46066
0.00111512	9.07823	5.54786e-06	1.99716
0.00112622	6.17303	5.54786e-06	1.43058
0.00113731	5.59419	5.54786e-06	1.23337
0.00114841	4.9291	5.54786e-06	1.30265
0.0011595	5.6629	5.54786e-06	1.50661
0.0011706	3.87044	5.54786e-06	1.25817
0.00118169	2.64646	5.54786e-06	0.894851
0.00119279	1.90671	5.54786e-06	0.68708
0.00120389	3.5649	5.54786e-06	0.971246
0.00121498	1.29059	5.54786e-06	0.678277
0.00122608	1.70707	5.54786e-06	0.822747
0.00123717	1.76632	5.54786e-06	0.820277
0.00124827	1.41289	5.54786e-06	0.717269
0.00125936	5.7413	5.54786e-06	4.46418
0.00127046	0.929949	5.54786e-06	0.418287
0.00128156	0.58342	5.54786e-06	0.452948
0.00129265	0.490296	5.54786e-06	0.490296
0.00130375	0.311502	5.54786e-06	0.220312
0.00131484	0	5.54786e-06	0
0.00132594	0.172014	5.54786e-06	0.172014
0.00133703	1.05628	5.54786e-06	0.703793
0.00134813	0.334314	5.54786e-06	0.236485
0.00135923	0.54745	5.54786e-06	0.317584
0.00137032	0.448109	5.54786e-06	0.325318
0.00138142	0.368452	5.54786e-06	0.260679
0.00139251	0.161965	5.54786e-06	0.161965
0.00140361	0.156804	5.54786e-06	0.156804
0.0014147	0.348539	5.54786e-06	0.246909
0.0014258	0.238736	5.54786e-06	0.238736
