7.10931e-06	16250.5	7.10931e-06	98.8064
2.13279e-05	3169.47	7.10931e-06	51.2023
3.55466e-05	2473.97	7.10931e-06	38.0286
4.97652e-05	2045.84	7.10931e-06	31.7681
6.39838e-05	1839.71	7.10931e-06	32.4814
7.82024e-05	1870.81	7.10931e-06	83.3051
9.24211e-05	1582.08	7.10931e-06	38.07
0.00010664	1457.86	7.10931e-06	27.2526
0.000120858	1463.68	7.10931e-06	29.7407
0.000135077	1402.41	7.10931e-06	31.8124
0.000149296	1309.05	7.10931e-06	26.3238
0.000163514	1250.93	7.10931e-06	25.1447
0.000177733	1242.35	7.10931e-06	28.3992
0.000191951	1190.93	7.10931e-06	24.8694
0.00020617	1189.54	7.10931e-06	28.1943
0.000220389	1158.14	7.10931e-06	29.0278
0.000234607	1161.87	7.10931e-06	27.9371
0.000248826	1084.86	7.10931e-06	24.8728
0.000263045	1124.51	7.10931e-06	34.0878
0.000277263	1063.6	7.10931e-06	24.9475
0.000291482	1059.36	7.10931e-06	27.0243
0.0003057	977.293	7.10931e-06	21.4936
0.000319919	1003.53	7.10931e-06	30.8626
0.000334138	949.966	7.10931e-06	22.5816
0.000348356	906.66	7.10931e-06	25.2903
0.000362575	871.601	7.10931e-06	20.5714
0.000376794	848.366	7.10931e-06	24.4891
0.000391012	867.326	7.10931e-06	28.709
0.000405231	828.144	7.10931e-06	22.2149
0.000419449	731.92	7.10931e-06	17.0676
0.000433668	752.488	7.10931e-06	18.578
0.000447887	763.204	7.10931e-06	34.6119
0.000462105	712.999	7.10931e-06	25.4714
0.000476324	723.608	7.10931e-06	23.9352
0.000490543	625.26	7.10931e-06	17.5125
0.000504761	597.773	7.10931e-06	18.4317
0.00051898	584.18	7.10931e-06	19.2721
0.000533198	588.895	7.10931e-06	31.9807
0.000547417	526.917	7.10931e-06	16.9873
0.000561636	563	7.10931e-06	22.8825
0.000575854	515.99	7.10931e-06	19.7006
0.000590073	495.91	7.10931e-06	21.516
0.000604292	448.511	7.10931e-06	14.9571
0.00061851	429.647	7.10931e-06	14.1012
0.000632729	415.401	7.10931e-06	15.709
0.000646947	396.819	7.10931e-06	15.5967
0.000661166	411.945	7.10931e-06	32.7123
0.000675385	375.098	7.10931e-06	14.7404
0.000689603	351.721	7.10931e-06	12.4002
0.000703822	321.632	7.10931e-06	12.188
0.000718041	334.855	7.10931e-06	16.3551
0.000732259	334.211	7.10931e-06	25.5827
0.000746478	284.735	7.10931e-06	11.8079
0.000760697	250.275	7.10931e-06	9.81117
0.000774915	279.665	7.10931e-06	14.3261
0.000789134	243.297	7.10931e-06	12.8393
0.000803352	237.222	7.10931e-06	9.91197
0.000817571	228.421	7.10931e-06	11.61
0.00083179	209.308	7.10931e-06	9.94338
0.000846008	186.882	7.10931e-06	8.45772
0.000860227	192.535	7.10931e-06	9.71432
0.000874446	191.22	7.10931e-06	10.8558
0.000888664	159.243	7.10931e-06	8.24918
0.000902883	183.114	7.10931e-06	11.4705
0.000917101	164.003	7.10931e-06	16.2428
0.00093132	132.65	7.10931e-06	7.00158
0.000945539	122.133	7.10931e-06	6.95557
0.000959757	114.445	7.10931e-06	6.0266
0.000973976	113.066	7.10931e-06	7.17463
0.000988195	100.567	7.10931e-06	7.54238
0.00100241	92.5877	7.10931e-06	5.77686
0.00101663	96.5415	7.10931e-06	10.2972
0.00103085	83.6906	7.10931e-06	8.42708
0.00104507	85.5687	7.10931e-06	9.93512
0.00105929	64.6901	7.10931e-06	4.78326
0.00107351	75.9857	7.10931e-06	7.76593
0.00108772	60.7021	7.10931e-06	4.5942
0.00110194	57.7423	7.10931e-06	4.22463
0.00111616	50.0024	7.10931e-06	3.84143
0.00113038	64.085	7.10931e-06	6.53317
0.0011446	52.5824	7.10931e-06	5.06042
0.00115882	37.7446	7.10931e-06	3.52031
0.00117304	42.3968	7.10931e-06	4.34748
0.00118726	41.6879	7.10931e-06	9.00181
0.00120147	34.982	7.10931e-06	3.98382
0.00121569	34.1792	7.10931e-06	4.29203
0.00122991	22.7667	7.10931e-06	2.87648
0.00124413	25.3014	7.10931e-06	3.22117
0.00125835	27.9399	7.10931e-06	3.97778
0.00127257	21.487	7.10931e-06	5.26599
0.00128679	17.3674	7.10931e-06	2.22308
0.001301	17.4069	7.10931e-06	2.25227
0.00131522	15.2349	7.10931e-06	2.0975
0.00132944	19.8527	7.10931e-06	3.73242
0.00134366	12.5968	7.10931e-06	2.19818
0.00135788	12.3713	7.10931e-06	1.76788
0.0013721	8.97882	7.10931e-06	1.42773
0.00138632	8.61509	7.10931e-06	1.84004
0.00140053	11.1975	7.10931e-06	2.32803
0.00141475	23.4148	7.10931e-06	16.1096
0.00142897	8.56662	7.10931e-06	2.62604
0.00144319	5.3824	7.10931e-06	1.11227
0.00145741	9.52066	7.10931e-06	2.98937
0.00147163	5.88143	7.10931e-06	1.20117
0.00148585	3.96579	7.10931e-06	1.01466
0.00150007	4.3266	7.10931e-06	1.55897
0.00151428	4.1241	7.10931e-06	0.978746
0.0015285	2.31109	7.10931e-06	0.619852
0.00154272	2.99522	7.10931e-06	1.02434
0.00155694	2.74841	7.10931e-06	0.788555
0.00157116	4.69553	7.10931e-06	1.35604
0.00158538	2.16864	7.10931e-06	0.697285
0.0015996	1.24361	7.10931e-06	0.511733
0.00161381	1.26179	7.10931e-06	0.584315
0.00162803	3.09161	7.10931e-06	0.821142
0.00164225	1.71705	7.10931e-06	0.891761
0.00165647	1.32688	7.10931e-06	0.446636
0.00167069	0.508373	7.10931e-06	0.25497
0.00168491	0.255976	7.10931e-06	0.255976
0.00169913	0.495884	7.10931e-06	0.309699
0.00171334	0.742688	7.10931e-06	0.505761
0.00172756	0.118382	7.10931e-06	0.118382
0.00174178	0.285644	7.10931e-06	0.204835
0.001756	0.289078	7.10931e-06	0.207667
0.00177022	0.235309	7.10931e-06	0.235309
0.00178444	0.33692	7.10931e-06	0.240162
0.00179866	0.160596	7.10931e-06	0.160596
0.00181287	0.264458	7.10931e-06	0.187
0.00182709	0.71773	7.10931e-06	0.484736
0.00184131	0.28613	7.10931e-06	0.204478
0.00185553	0	7.10931e-06	0
0.00186975	1.14328	7.10931e-06	0.704835
0.00188397	0	7.10931e-06	0
0.00189819	0.270636	7.10931e-06	0.270636
