5.79716e-06	20482.2	5.79716e-06	146.582
1.73915e-05	3836.01	5.79716e-06	55.9086
2.89858e-05	2913.32	5.79716e-06	61.6885
4.05801e-05	2392.1	5.79716e-06	36.9708
5.21744e-05	2155.43	5.79716e-06	40.8779
6.37688e-05	2011.58	5.79716e-06	40.7236
7.53631e-05	1914.7	5.79716e-06	36.4416
8.69574e-05	1791.56	5.79716e-06	36.4121
9.85517e-05	1747.27	5.79716e-06	60.2182
0.000110146	1676.8	5.79716e-06	34.9984
0.00012174	1597.69	5.79716e-06	36.3151
0.000133335	1636.72	5.79716e-06	45.3244
0.000144929	1616.31	5.79716e-06	42.7719
0.000156523	1632.48	5.79716e-06	168.931
0.000168118	1428.11	5.79716e-06	37.4
0.000179712	1415.9	5.79716e-06	32.9976
0.000191306	1396.81	5.79716e-06	40.1028
0.000202901	1373.21	5.79716e-06	31.3234
0.000214495	1339.96	5.79716e-06	31.8109
0.000226089	1293.88	5.79716e-06	32.026
0.000237684	1288.48	5.79716e-06	42.1133
0.000249278	1265.83	5.79716e-06	29.1117
0.000260872	1178.6	5.79716e-06	30.8143
0.000272467	1055.54	5.79716e-06	24.4508
0.000284061	1108.9	5.79716e-06	31.9647
0.000295655	1034.1	5.79716e-06	23.7224
0.000307249	1062.22	5.79716e-06	30.456
0.000318844	1077.57	5.79716e-06	33.4143
0.000330438	997.23	5.79716e-06	24.7443
0.000342032	956.166	5.79716e-06	24.3773
0.000353627	928.089	5.79716e-06	24.2906
0.000365221	896.366	5.79716e-06	24.5937
0.000376815	847.333	5.79716e-06	22.7013
0.00038841	825.139	5.79716e-06	25.702
0.000400004	822.102	5.79716e-06	46.0912
0.000411598	772.715	5.79716e-06	27.6404
0.000423193	761.256	5.79716e-06	42.9746
0.000434787	713.656	5.79716e-06	29.462
0.000446381	648.458	5.79716e-06	19.1459
0.000457976	627.74	5.79716e-06	18.9124
0.00046957	659.772	5.79716e-06	23.8327
0.000481164	589.704	5.79716e-06	18.8097
0.000492759	581.645	5.79716e-06	21.4637
0.000504353	539.05	5.79716e-06	17.6721
0.000515947	582.605	5.79716e-06	48.3559
0.000527542	528.417	5.79716e-06	35.6397
0.000539136	509.779	5.79716e-06	21.8292
0.00055073	471.321	5.79716e-06	18.2254
0.000562325	436.785	5.79716e-06	16.2911
0.000573919	393.6	5.79716e-06	14.7493
0.000585513	390.304	5.79716e-06	15.2078
0.000597107	384.25	5.79716e-06	15.9206
0.000608702	348.547	5.79716e-06	13.4139
0.000620296	303.175	5.79716e-06	12.124
0.00063189	311.619	5.79716e-06	13.2544
0.000643485	309.882	5.79716e-06	16.7757
0.000655079	272.013	5.79716e-06	11.1006
0.000666673	272.452	5.79716e-06	12.8981
0.000678268	253.425	5.79716e-06	13.4616
0.000689862	242.568	5.79716e-06	19.9473
0.000701456	240.114	5.79716e-06	15.8921
0.000713051	217.385	5.79716e-06	11.5596
0.000724645	184.613	5.79716e-06	10.591
0.000736239	191.422	5.79716e-06	10.3346
0.000747834	195.901	5.79716e-06	12.7426
0.000759428	160.988	5.79716e-06	8.30227
0.000771022	158.039	5.79716e-06	10.1937
0.000782617	153.606	5.79716e-06	12.0023
0.000794211	131.849	5.79716e-06	7.83955
0.000805805	118.51	5.79716e-06	8.62614
0.0008174	112.881	5.79716e-06	7.20168
0.000828994	117.409	5.79716e-06	7.85198
0.000840588	110.349	5.79716e-06	11.7864
0.000852183	97.8688	5.79716e-06	5.77984
0.000863777	82.4625	5.79716e-06	5.42842
0.000875371	81.3738	5.79716e-06	6.01677
0.000886966	84.477	5.79716e-06	11.1748
0.00089856	72.0991	5.79716e-06	5.27559
0.000910154	71.1105	5.79716e-06	7.05532
0.000921748	60.4656	5.79716e-06	6.00391
0.000933343	70.7449	5.79716e-06	6.18638
0.000944937	50.0914	5.79716e-06	4.88262
0.000956531	53.1455	5.79716e-06	4.59181
0.000968126	50.3288	5.79716e-06	10.3954
0.00097972	45.7422	5.79716e-06	4.41766
0.000991314	43.0477	5.79716e-06	5.02444
0.00100291	30.7597	5.79716e-06	3.37357
0.0010145	46.8744	5.79716e-06	8.84263
0.0010261	28.325	5.79716e-06	3.2037
0.00103769	25.0231	5.79716e-06	2.57693
0.00104929	25.6081	5.79716e-06	3.16034
0.00106088	22.028	5.79716e-06	2.92624
0.00107247	23.0969	5.79716e-06	3.8168
0.00108407	18.0193	5.79716e-06	3.27943
0.00109566	20.5492	5.79716e-06	4.78131
0.00110726	15.8241	5.79716e-06	2.38267
0.00111885	10.9549	5.79716e-06	1.75973
0.00113045	12.2309	5.79716e-06	1.92
0.00114204	11.4345	5.79716e-06	2.44094
0.00115363	9.73744	5.79716e-06	1.80142
0.00116523	11.4349	5.79716e-06	2.20756
0.00117682	7.18659	5.79716e-06	1.5007
0.00118842	6.44352	5.79716e-06	1.5434
0.00120001	7.55761	5.79716e-06	1.75889
0.00121161	6.37597	5.79716e-06	1.68851
0.0012232	4.57514	5.79716e-06	1.10112
0.0012348	5.27339	5.79716e-06	1.32885
0.00124639	5.70515	5.79716e-06	1.33444
0.00125798	3.83015	5.79716e-06	0.978773
0.00126958	4.67889	5.79716e-06	2.40369
0.00128117	6.81576	5.79716e-06	4.3702
0.00129277	2.03408	5.79716e-06	0.770043
0.00130436	2.44558	5.79716e-06	0.899785
0.00131596	2.20262	5.79716e-06	0.760144
0.00132755	2.11352	5.79716e-06	0.658067
0.00133914	0.67065	5.79716e-06	0.389136
0.00135074	2.78444	5.79716e-06	1.19189
0.00136233	1.88662	5.79716e-06	0.651312
0.00137393	2.16585	5.79716e-06	0.866058
0.00138552	1.48447	5.79716e-06	0.700378
0.00139712	0.394777	5.79716e-06	0.280359
0.00140871	1.19768	5.79716e-06	0.747918
0.0014203	0.269704	5.79716e-06	0.269704
0.0014319	0.308793	5.79716e-06	0.218911
0.00144349	1.07291	5.79716e-06	0.492232
0.00145509	0	5.79716e-06	0
0.00146668	0.404003	5.79716e-06	0.290188
0.00147828	0.445485	5.79716e-06	0.315136
0.00148987	0	5.79716e-06	0
0.00150146	0	5.79716e-06	0
0.00151306	0	5.79716e-06	0
0.00152465	0	5.79716e-06	0
0.00153625	0	5.79716e-06	0
0.00154784	0	5.79716e-06	0
0.00155944	0	5.79716e-06	0
0.00157103	0	5.79716e-06	0
0.00158262	0	5.79716e-06	0
0.00159422	0	5.79716e-06	0
0.00160581	0	5.79716e-06	0
0.00161741	0	5.79716e-06	0
0.001629	0	5.79716e-06	0
0.0016406	0.452936	5.79716e-06	0.452936
