8.87794e-06	13450.8	8.87794e-06	172.639
2.66338e-05	2419.5	8.87794e-06	29.7979
4.43897e-05	1800.35	8.87794e-06	45.8179
6.21456e-05	1528.8	8.87794e-06	24.9433
7.99015e-05	1361.17	8.87794e-06	23.6947
9.76574e-05	1273.71	8.87794e-06	25.605
0.000115413	1093.62	8.87794e-06	18.7938
0.000133169	1049.44	8.87794e-06	19.1759
0.000150925	1034.9	8.87794e-06	20.8077
0.000168681	1050.17	8.87794e-06	25.5694
0.000186437	1010.11	8.87794e-06	25.3544
0.000204193	1009.86	8.87794e-06	28.0656
0.000221949	934.202	8.87794e-06	20.2063
0.000239704	926.143	8.87794e-06	34.9676
0.00025746	943.85	8.87794e-06	48.2028
0.000275216	901.74	8.87794e-06	23.7249
0.000292972	910.845	8.87794e-06	31.0162
0.000310728	860.198	8.87794e-06	18.519
0.000328484	879.665	8.87794e-06	25.8451
0.00034624	799.869	8.87794e-06	20.568
0.000363996	853.947	8.87794e-06	27.3833
0.000381751	791.546	8.87794e-06	18.2061
0.000399507	778.334	8.87794e-06	17.2409
0.000417263	765.378	8.87794e-06	20.7019
0.000435019	729.313	8.87794e-06	16.5063
0.000452775	767.071	8.87794e-06	23.1573
0.000470531	695.971	8.87794e-06	16.0213
0.000488287	673.434	8.87794e-06	15.7459
0.000506043	685.545	8.87794e-06	16.5253
0.000523799	663.706	8.87794e-06	16.7395
0.000541554	623.062	8.87794e-06	17.1617
0.00055931	643.176	8.87794e-06	17.86
0.000577066	609.45	8.87794e-06	21.0281
0.000594822	605.823	8.87794e-06	21.0954
0.000612578	585.726	8.87794e-06	22.8271
0.000630334	552.123	8.87794e-06	17.462
0.00064809	528	8.87794e-06	16.6255
0.000665846	501.666	8.87794e-06	14.3002
0.000683601	508.806	8.87794e-06	17.0859
0.000701357	491.643	8.87794e-06	15.3137
0.000719113	452.938	8.87794e-06	15.5506
0.000736869	423.389	8.87794e-06	13.7448
0.000754625	398.099	8.87794e-06	12.0459
0.000772381	397.443	8.87794e-06	11.6792
0.000790137	369.607	8.87794e-06	14.8208
0.000807893	350.097	8.87794e-06	13.3796
0.000825649	344.053	8.87794e-06	11.8892
0.000843404	316.205	8.87794e-06	9.63527
0.00086116	304.209	8.87794e-06	12.5784
0.000878916	308.827	8.87794e-06	11.1491
0.000896672	289.41	8.87794e-06	11.0975
0.000914428	269.137	8.87794e-06	12.3832
0.000932184	250.206	8.87794e-06	8.99649
0.00094994	246.379	8.87794e-06	9.57232
0.000967696	219.595	8.87794e-06	8.85846
0.000985452	206.892	8.87794e-06	8.52386
0.00100321	186.83	8.87794e-06	12.0763
0.00102096	186.049	8.87794e-06	8.66874
0.00103872	174.12	8.87794e-06	8.02029
0.00105648	169.666	8.87794e-06	7.37448
0.00107423	156.414	8.87794e-06	6.89115
0.00109199	155.753	8.87794e-06	7.73997
0.00110974	146.087	8.87794e-06	10.2192
0.0011275	140.906	8.87794e-06	9.2848
0.00114525	124.595	8.87794e-06	6.93383
0.00116301	131.255	8.87794e-06	7.8063
0.00118077	111.924	8.87794e-06	6.31056
0.00119852	100.505	8.87794e-06	6.30473
0.00121628	94.5127	8.87794e-06	5.95264
0.00123403	88.1096	8.87794e-06	8.10993
0.00125179	73.7879	8.87794e-06	4.75675
0.00126955	78.1989	8.87794e-06	4.77785
0.0012873	72.0404	8.87794e-06	5.7816
0.00130506	60.4473	8.87794e-06	4.7552
0.00132281	59.9704	8.87794e-06	6.23743
0.00134057	59.6321	8.87794e-06	6.82609
0.00135833	50.5932	8.87794e-06	4.3417
0.00137608	42.7486	8.87794e-06	4.08374
0.00139384	36.7205	8.87794e-06	3.141
0.00141159	39.8983	8.87794e-06	4.71365
0.00142935	32.9355	8.87794e-06	3.60819
0.0014471	27.9913	8.87794e-06	2.3426
0.00146486	27.2708	8.87794e-06	2.88736
0.00148262	25.736	8.87794e-06	3.42529
0.00150037	18.1133	8.87794e-06	2.29223
0.00151813	18.4032	8.87794e-06	1.98932
0.00153588	19.7327	8.87794e-06	2.29764
0.00155364	20.9094	8.87794e-06	3.63125
0.0015714	16.1327	8.87794e-06	2.06772
0.00158915	13.0499	8.87794e-06	2.48734
0.00160691	16.2869	8.87794e-06	3.30683
0.00162466	12.1453	8.87794e-06	2.25428
0.00164242	13.4378	8.87794e-06	2.79034
0.00166018	8.1431	8.87794e-06	1.19722
0.00167793	9.18026	8.87794e-06	1.5351
0.00169569	5.55753	8.87794e-06	0.944815
0.00171344	9.06443	8.87794e-06	1.58357
0.0017312	4.24733	8.87794e-06	1.09486
0.00174895	4.79139	8.87794e-06	0.861869
0.00176671	4.60138	8.87794e-06	0.86905
0.00178447	4.21529	8.87794e-06	1.01753
0.00180222	2.68785	8.87794e-06	0.667462
0.00181998	2.67109	8.87794e-06	0.598425
0.00183773	3.35187	8.87794e-06	0.846358
0.00185549	2.49152	8.87794e-06	0.603293
0.00187325	2.22803	8.87794e-06	0.59461
0.001891	2.10513	8.87794e-06	0.593584
0.00190876	1.39586	8.87794e-06	0.515884
0.00192651	0.618386	8.87794e-06	0.344236
0.00194427	1.39309	8.87794e-06	0.430132
0.00196203	0.851699	8.87794e-06	0.325459
0.00197978	1.3941	8.87794e-06	0.589082
0.00199754	1.0813	8.87794e-06	0.564962
0.00201529	0.698297	8.87794e-06	0.321014
0.00203305	1.27395	8.87794e-06	0.583611
0.0020508	0.347697	8.87794e-06	0.252073
0.00206856	0.321021	8.87794e-06	0.18602
0.00208632	0.628899	8.87794e-06	0.419314
0.00210407	0.0952798	8.87794e-06	0.0952798
0.00212183	0.319044	8.87794e-06	0.184715
0.00213958	0.38489	8.87794e-06	0.292785
0.00215734	0.344284	8.87794e-06	0.200776
0.0021751	0.44496	8.87794e-06	0.269994
0.00219285	0.202775	8.87794e-06	0.143474
0.00221061	0	8.87794e-06	0
0.00222836	0.0991792	8.87794e-06	0.0991792
0.00224612	0.105518	8.87794e-06	0.105518
