0	68432.8	6.29792e-06	120881
1.25958e-05	8002.78	6.29792e-06	2207.81
2.51917e-05	4800.67	6.29792e-06	560.46
3.77875e-05	3543.84	6.29792e-06	247.122
5.03834e-05	2817.84	6.29792e-06	133.807
6.29792e-05	2356.35	6.29792e-06	85.5415
7.5575e-05	2019.75	6.29792e-06	59.4869
8.81709e-05	1759.67	6.29792e-06	43.724
0.000100767	1555.23	6.29792e-06	33.7778
0.000113363	1381.31	6.29792e-06	25.7827
0.000125958	1241.73	6.29792e-06	20.9887
0.000138554	1123.18	6.29792e-06	17.4634
0.00015115	1020.5	6.29792e-06	14.3085
0.000163746	931.228	6.29792e-06	12.2316
0.000176342	858.893	6.29792e-06	10.8718
0.000188938	792.044	6.29792e-06	9.69894
0.000201533	729.558	6.29792e-06	8.33414
0.000214129	673.428	6.29792e-06	7.37094
0.000226725	623.994	6.29792e-06	6.67116
0.000239321	579.592	6.29792e-06	6.07662
0.000251917	539.552	6.29792e-06	5.58951
0.000264513	501.962	6.29792e-06	5.13036
0.000277108	467.319	6.29792e-06	4.77002
0.000289704	436.107	6.29792e-06	4.47834
0.0003023	407.497	6.29792e-06	4.23794
0.000314896	378.597	6.29792e-06	3.7998
0.000327492	352.794	6.29792e-06	3.39706
0.000340088	330.796	6.29792e-06	3.2067
0.000352683	311.182	6.29792e-06	3.0745
0.000365279	290.811	6.29792e-06	2.8903
0.000377875	272.824	6.29792e-06	2.75342
0.000390471	256.288	6.29792e-06	2.64485
0.000403067	239.926	6.29792e-06	2.45814
0.000415663	224.432	6.29792e-06	2.35064
0.000428258	211.388	6.29792e-06	2.28066
0.000440854	198.287	6.29792e-06	2.20432
0.00045345	186.455	6.29792e-06	2.1032
0.000466046	174.544	6.29792e-06	2.02362
0.000478642	163.874	6.29792e-06	1.96309
0.000491238	153.505	6.29792e-06	1.89707
0.000503834	144.174	6.29792e-06	1.84803
0.000516429	134.979	6.29792e-06	1.71804
0.000529025	126.267	6.29792e-06	1.66176
0.000541621	118.916	6.29792e-06	1.62906
0.000554217	111.525	6.29792e-06	1.50865
0.000566813	105.064	6.29792e-06	1.46704
0.000579409	98.4274	6.29792e-06	1.42124
0.000592004	92.1806	6.29792e-06	1.36037
0.0006046	86.4474	6.29792e-06	1.33301
0.000617196	81.1881	6.29792e-06	1.3106
0.000629792	76.3475	6.29792e-06	1.28478
0.000642388	71.6861	6.29792e-06	1.26142
0.000654984	67.2384	6.29792e-06	1.23781
0.000667579	63.4772	6.29792e-06	1.22338
0.000680175	59.3968	6.29792e-06	1.14522
0.000692771	55.2428	6.29792e-06	1.09823
0.000705367	51.262	6.29792e-06	0.979761
0.000717963	48.0714	6.29792e-06	0.965064
0.000730559	45.0232	6.29792e-06	0.945476
0.000743154	41.9349	6.29792e-06	0.924267
0.00075575	39.1945	6.29792e-06	0.902024
0.000768346	36.6405	6.29792e-06	0.886745
0.000780942	34.3397	6.29792e-06	0.876971
0.000793538	31.4186	6.29792e-06	0.524872
0.000806134	29.3129	6.29792e-06	0.503943
0.000818729	27.5971	6.29792e-06	0.490886
0.000831325	26.0159	6.29792e-06	0.482824
0.000843921	24.3766	6.29792e-06	0.468779
0.000856517	22.751	6.29792e-06	0.456176
0.000869113	21.2883	6.29792e-06	0.445675
0.000881709	20.0622	6.29792e-06	0.437368
0.000894305	18.745	6.29792e-06	0.422944
0.0009069	17.6118	6.29792e-06	0.415306
0.000919496	16.4156	6.29792e-06	0.403082
0.000932092	15.376	6.29792e-06	0.39513
0.000944688	14.3776	6.29792e-06	0.388696
0.000957284	13.4359	6.29792e-06	0.380707
0.00096988	12.4247	6.29792e-06	0.346265
0.000982475	11.6249	6.29792e-06	0.338912
0.000995071	10.9202	6.29792e-06	0.334736
0.00100767	10.1927	6.29792e-06	0.329004
0.00102026	9.58577	6.29792e-06	0.325563
0.00103286	9.01027	6.29792e-06	0.320681
0.00104545	8.34282	6.29792e-06	0.309862
0.00105805	7.77839	6.29792e-06	0.306289
0.00107065	7.29887	6.29792e-06	0.300984
0.00108324	6.71527	6.29792e-06	0.292178
0.00109584	6.21471	6.29792e-06	0.288299
0.00110843	5.80383	6.29792e-06	0.285359
0.00112103	5.43891	6.29792e-06	0.282594
0.00113363	4.88059	6.29792e-06	0.206444
0.00114622	4.54911	6.29792e-06	0.202099
0.00115882	4.18995	6.29792e-06	0.180236
0.00117141	3.91445	6.29792e-06	0.176824
0.00118401	3.64608	6.29792e-06	0.173745
0.0011966	3.37007	6.29792e-06	0.171102
0.0012092	3.07778	6.29792e-06	0.165069
0.0012218	2.83733	6.29792e-06	0.162043
0.00123439	2.65825	6.29792e-06	0.15952
0.00124699	2.50467	6.29792e-06	0.158028
0.00125958	2.29865	6.29792e-06	0.15383
0.00127218	2.15648	6.29792e-06	0.152159
0.00128478	2.02379	6.29792e-06	0.150998
0.00129737	1.90682	6.29792e-06	0.150054
0.00130997	1.77346	6.29792e-06	0.148616
0.00132256	1.6828	6.29792e-06	0.147816
0.00133516	1.57587	6.29792e-06	0.146488
0.00134775	1.45353	6.29792e-06	0.145248
0.00136035	1.35177	6.29792e-06	0.143051
0.00137295	1.13227	6.29792e-06	0.0574246
0.00138554	1.04706	6.29792e-06	0.0548123
0.00139814	0.968602	6.29792e-06	0.0526918
0.00141073	0.886087	6.29792e-06	0.0505395
0.00142333	0.814215	6.29792e-06	0.048737
0.00143593	0.766647	6.29792e-06	0.0476038
0.00144852	0.70746	6.29792e-06	0.0459786
0.00146112	0.667529	6.29792e-06	0.0446
0.00147371	0.61655	6.29792e-06	0.0430418
0.00148631	0.565729	6.29792e-06	0.0417709
0.0014989	0.511807	6.29792e-06	0.039996
0.0015115	0.464822	6.29792e-06	0.0360276
0.0015241	0.416538	6.29792e-06	0.0338785
0.00153669	0.387453	6.29792e-06	0.0329579
0.00154929	0.354585	6.29792e-06	0.0315196
0.00156188	0.333158	6.29792e-06	0.0308648
0.00157448	0.294425	6.29792e-06	0.029335
0.00158708	0.280934	6.29792e-06	0.0288872
0.00159967	0.252024	6.29792e-06	0.0277901
0.00161227	0.231922	6.29792e-06	0.0271521
0.00162486	0.217171	6.29792e-06	0.0265086
0.00163746	0.201921	6.29792e-06	0.0259978
0.00165005	0.189891	6.29792e-06	0.0255964
0.00166265	0.179943	6.29792e-06	0.025341
0.00167525	0.170947	6.29792e-06	0.0250931
0.00168784	0.136748	6.29792e-06	0.0177567
0.00170044	0.127963	6.29792e-06	0.0174305
0.00171303	0.116182	6.29792e-06	0.016442
0.00172563	0.113594	6.29792e-06	0.016334
0.00173823	0.0968085	6.29792e-06	0.0147619
0.00175082	0.0865735	6.29792e-06	0.013718
0.00176342	0.0828358	6.29792e-06	0.0135467
0.00177601	0.0784292	6.29792e-06	0.0133595
0.00178861	0.0710358	6.29792e-06	0.0129818
0.0018012	0.0641309	6.29792e-06	0.0125476
0.0018138	0.0580326	6.29792e-06	0.0122271
0.0018264	0.0457288	6.29792e-06	0.0106342
0.00183899	0.0371086	6.29792e-06	0.00729639
0.00185159	0.0329017	6.29792e-06	0.00682911
0.00186418	0.0303686	6.29792e-06	0.00658245
0.00187678	0.0260511	6.29792e-06	0.00604082
0.00188938	0.0248268	6.29792e-06	0.00591545
0.00190197	0.02234	6.29792e-06	0.0056446
0.00191457	0.021414	6.29792e-06	0.00556812
0.00192716	0.0194351	6.29792e-06	0.0052046
0.00193976	0.0194351	6.29792e-06	0.0052046
0.00195235	0.0181218	6.29792e-06	0.00503617
0.00196495	0.0181218	6.29792e-06	0.00503617
0.00197755	0.0171123	6.29792e-06	0.00493395
0.00199014	0.0171123	6.29792e-06	0.00493395
0.00200274	0.0162668	6.29792e-06	0.00486096
0.00201533	0.014155	6.29792e-06	0.00437829
0.00202793	0.0127398	6.29792e-06	0.00414325
0.00204053	0.0127398	6.29792e-06	0.00414325
0.00205312	0.0104486	6.29792e-06	0.00345206
0.00206572	0.00781022	6.29792e-06	0.0030977
0.00207831	0.00600454	6.29792e-06	0.00282125
0.00209091	0.00600454	6.29792e-06	0.00282125
0.0021035	0.00600454	6.29792e-06	0.00282125
0.0021161	0.00486368	6.29792e-06	0.00258028
0.0021287	0.00486368	6.29792e-06	0.00258028
0.00214129	0.00299103	6.29792e-06	0.00177508
0.00215389	0.00299103	6.29792e-06	0.00177508
0.00216648	0.00299103	6.29792e-06	0.00177508
0.00217908	0.00220544	6.29792e-06	0.00159177
0.00219168	0.00220544	6.29792e-06	0.00159177
0.00220427	0.00132819	6.29792e-06	0.00132822
0.00221687	0.00132819	6.29792e-06	0.00132822
0.00222946	0.00132819	6.29792e-06	0.00132822
