0	115102	3.76106e-06	203006
7.52212e-06	13616.1	3.76106e-06	3680.67
1.50442e-05	8304.27	3.76106e-06	1001.46
2.25664e-05	6043.59	3.76106e-06	429.175
3.00885e-05	4801.63	3.76106e-06	240.36
3.76106e-05	3941.1	3.76106e-06	144.347
4.51327e-05	3367.9	3.76106e-06	99.3515
5.26548e-05	2930.83	3.76106e-06	72.651
6.0177e-05	2585.64	3.76106e-06	55.7528
6.76991e-05	2295.41	3.76106e-06	43.2302
7.52212e-05	2066.91	3.76106e-06	35.5634
8.27433e-05	1868.71	3.76106e-06	29.7552
9.02654e-05	1685.64	3.76106e-06	24.3774
9.77876e-05	1543.24	3.76106e-06	21.2932
0.00010531	1411.78	3.76106e-06	18.6619
0.000112832	1291.58	3.76106e-06	16.4803
0.000120354	1190.05	3.76106e-06	14.7931
0.000127876	1096.11	3.76106e-06	13.4389
0.000135398	1010.03	3.76106e-06	12.3024
0.00014292	937.852	3.76106e-06	11.5284
0.000150442	873.292	3.76106e-06	10.9167
0.000157965	804.847	3.76106e-06	8.45887
0.000165487	746.524	3.76106e-06	7.73221
0.000173009	697.528	3.76106e-06	7.30118
0.000180531	650.968	3.76106e-06	6.84844
0.000188053	607.4	3.76106e-06	6.49323
0.000195575	566.945	3.76106e-06	5.95901
0.000203097	530.961	3.76106e-06	5.68836
0.000210619	494.388	3.76106e-06	5.29924
0.000218141	461.42	3.76106e-06	5.03088
0.000225664	434.088	3.76106e-06	4.86533
0.000233186	407.071	3.76106e-06	4.63886
0.000240708	380.709	3.76106e-06	4.44344
0.00024823	357.695	3.76106e-06	4.32099
0.000255752	333.375	3.76106e-06	3.49845
0.000263274	312.81	3.76106e-06	3.36236
0.000270796	292.539	3.76106e-06	3.20472
0.000278318	274.576	3.76106e-06	3.07295
0.000285841	256.652	3.76106e-06	2.91517
0.000293363	240.045	3.76106e-06	2.79793
0.000300885	224.476	3.76106e-06	2.57208
0.000308407	210.805	3.76106e-06	2.46987
0.000315929	198.017	3.76106e-06	2.39145
0.000323451	185.905	3.76106e-06	2.29603
0.000330973	173.78	3.76106e-06	1.99121
0.000338495	162.217	3.76106e-06	1.83809
0.000346018	153.254	3.76106e-06	1.79179
0.00035354	143.397	3.76106e-06	1.72271
0.000361062	135.099	3.76106e-06	1.67312
0.000368584	127.997	3.76106e-06	1.62927
0.000376106	119.25	3.76106e-06	1.50202
0.000383628	111.936	3.76106e-06	1.4452
0.00039115	104.681	3.76106e-06	1.32403
0.000398672	98.5738	3.76106e-06	1.29123
0.000406194	92.8266	3.76106e-06	1.23803
0.000413717	87.2537	3.76106e-06	1.19534
0.000421239	81.7039	3.76106e-06	1.11537
0.000428761	76.8245	3.76106e-06	1.08671
0.000436283	72.3892	3.76106e-06	1.05795
0.000443805	68.4044	3.76106e-06	1.03664
0.000451327	64.3775	3.76106e-06	1.01174
0.000458849	60.4392	3.76106e-06	0.982077
0.000466371	56.6808	3.76106e-06	0.960361
0.000473894	53.1391	3.76106e-06	0.931849
0.000481416	49.8321	3.76106e-06	0.90117
0.000488938	46.9389	3.76106e-06	0.882574
0.00049646	44.2182	3.76106e-06	0.866034
0.000503982	41.5396	3.76106e-06	0.840117
0.000511504	38.9458	3.76106e-06	0.81779
0.000519026	36.7554	3.76106e-06	0.804467
0.000526548	34.6799	3.76106e-06	0.785808
0.00053407	33.1018	3.76106e-06	0.773523
0.000541593	31.4099	3.76106e-06	0.764134
0.000549115	29.6705	3.76106e-06	0.753109
0.000556637	28.0163	3.76106e-06	0.744978
0.000564159	26.4515	3.76106e-06	0.731132
0.000571681	25.0041	3.76106e-06	0.722168
0.000579203	23.537	3.76106e-06	0.708961
0.000586725	21.986	3.76106e-06	0.635801
0.000594247	20.2533	3.76106e-06	0.508492
0.00060177	19.0743	3.76106e-06	0.497051
0.000609292	17.8364	3.76106e-06	0.47361
0.000616814	16.7656	3.76106e-06	0.416286
0.000624336	15.742	3.76106e-06	0.406075
0.000631858	14.9766	3.76106e-06	0.39949
0.00063938	14.0165	3.76106e-06	0.390186
0.000646902	13.0351	3.76106e-06	0.376977
0.000654424	12.2586	3.76106e-06	0.365007
0.000661947	11.3145	3.76106e-06	0.348889
0.000669469	10.6411	3.76106e-06	0.342443
0.000676991	9.8674	3.76106e-06	0.33238
0.000684513	9.20386	3.76106e-06	0.323003
0.000692035	8.5791	3.76106e-06	0.308088
0.000699557	7.96268	3.76106e-06	0.298186
0.000707079	7.49293	3.76106e-06	0.292765
0.000714601	6.92396	3.76106e-06	0.276885
0.000722123	6.51322	3.76106e-06	0.271788
0.000729646	6.09165	3.76106e-06	0.266155
0.000737168	5.54419	3.76106e-06	0.207976
0.00074469	5.09009	3.76106e-06	0.194592
0.000752212	4.72397	3.76106e-06	0.186774
0.000759734	4.42491	3.76106e-06	0.182916
0.000767256	4.04654	3.76106e-06	0.169031
0.000774778	3.77675	3.76106e-06	0.162896
0.0007823	3.37866	3.76106e-06	0.148309
0.000789823	3.12279	3.76106e-06	0.139428
0.000797345	2.85036	3.76106e-06	0.131409
0.000804867	2.66274	3.76106e-06	0.128475
0.000812389	2.49618	3.76106e-06	0.125293
0.000819911	2.28892	3.76106e-06	0.121148
0.000827433	2.12875	3.76106e-06	0.117788
0.000834955	2.01039	3.76106e-06	0.115955
0.000842477	1.91149	3.76106e-06	0.113892
0.00085	1.76434	3.76106e-06	0.108822
0.000857522	1.65111	3.76106e-06	0.107002
0.000865044	1.57631	3.76106e-06	0.105799
0.000872566	1.45004	3.76106e-06	0.100839
0.000880088	1.34813	3.76106e-06	0.0986038
0.00088761	1.22774	3.76106e-06	0.0947822
0.000895132	1.14466	3.76106e-06	0.0929425
0.000902654	1.03791	3.76106e-06	0.0848307
0.000910176	0.965759	3.76106e-06	0.0833525
0.000917699	0.906745	3.76106e-06	0.0823521
0.000925221	0.83262	3.76106e-06	0.0803195
0.000932743	0.757516	3.76106e-06	0.0779701
0.000940265	0.705825	3.76106e-06	0.0760014
0.000947787	0.64499	3.76106e-06	0.0727526
0.000955309	0.609207	3.76106e-06	0.0722183
0.000962831	0.588423	3.76106e-06	0.0718742
0.000970353	0.561035	3.76106e-06	0.071291
0.000977876	0.520012	3.76106e-06	0.0694441
0.000985398	0.499003	3.76106e-06	0.0690484
0.00099292	0.47547	3.76106e-06	0.0685128
0.00100044	0.449126	3.76106e-06	0.0679691
0.00100796	0.408067	3.76106e-06	0.066917
0.00101549	0.320853	3.76106e-06	0.0326804
0.00102301	0.300171	3.76106e-06	0.0317887
0.00103053	0.281921	3.76106e-06	0.0305203
0.00103805	0.250437	3.76106e-06	0.0288885
0.00104557	0.231413	3.76106e-06	0.0279966
0.0010531	0.223942	3.76106e-06	0.0276378
0.00106062	0.209744	3.76106e-06	0.0269941
0.00106814	0.194108	3.76106e-06	0.0263205
0.00107566	0.173575	3.76106e-06	0.0253614
0.00108319	0.137472	3.76106e-06	0.0215792
0.00109071	0.130755	3.76106e-06	0.0212047
0.00109823	0.127495	3.76106e-06	0.0210785
0.00110575	0.100706	3.76106e-06	0.0175285
0.00111327	0.0901897	3.76106e-06	0.0166617
0.0011208	0.077071	3.76106e-06	0.0157064
0.00112832	0.0731729	3.76106e-06	0.0154573
0.00113584	0.0561487	3.76106e-06	0.0133487
0.00114336	0.0523264	3.76106e-06	0.013072
0.00115088	0.0523264	3.76106e-06	0.013072
0.00115841	0.0503359	3.76106e-06	0.0129195
0.00116593	0.0360937	3.76106e-06	0.00899625
0.00117345	0.0328201	3.76106e-06	0.00868979
0.00118097	0.0287821	3.76106e-06	0.00819934
0.00118849	0.0269035	3.76106e-06	0.00798122
0.00119602	0.0214493	3.76106e-06	0.00732005
0.00120354	0.0214493	3.76106e-06	0.00732005
0.00121106	0.0214493	3.76106e-06	0.00732005
0.00121858	0.0163531	3.76106e-06	0.00625767
0.00122611	0.0163531	3.76106e-06	0.00625767
0.00123363	0.0101758	3.76106e-06	0.00506322
0.00124115	0.0101758	3.76106e-06	0.00506322
0.00124867	0.0101758	3.76106e-06	0.00506322
0.00125619	0.00858236	3.76106e-06	0.00480593
0.00126372	0.00716924	3.76106e-06	0.00459347
0.00127124	0.00716924	3.76106e-06	0.00459347
0.00127876	0.00315469	3.76106e-06	0.00223221
0.00128628	0.00152005	3.76106e-06	0.00152007
