0	85572.3	5.05463e-06	150740
1.01093e-05	10215.9	5.05463e-06	2811.86
2.02185e-05	6143.82	5.05463e-06	728.798
3.03278e-05	4505.54	5.05463e-06	318.22
4.04371e-05	3583.3	5.05463e-06	177.87
5.05463e-05	2956.72	5.05463e-06	110.117
6.06556e-05	2518.49	5.05463e-06	75.5795
7.07649e-05	2177.34	5.05463e-06	53.7421
8.08741e-05	1912.33	5.05463e-06	40.1248
9.09834e-05	1705.93	5.05463e-06	31.6753
0.000101093	1537.77	5.05463e-06	26.06
0.000111202	1386.43	5.05463e-06	21.3105
0.000121311	1260.26	5.05463e-06	18.0448
0.00013142	1146.24	5.05463e-06	15.3526
0.00014153	1046.59	5.05463e-06	13.2013
0.000151639	958.113	5.05463e-06	11.4641
0.000161748	878.924	5.05463e-06	10.0967
0.000171858	809.666	5.05463e-06	8.99289
0.000181967	749.371	5.05463e-06	8.12139
0.000192076	695.576	5.05463e-06	7.46227
0.000202185	645.573	5.05463e-06	6.89298
0.000212295	597.651	5.05463e-06	6.3558
0.000222404	555.36	5.05463e-06	5.91758
0.000232513	518.764	5.05463e-06	5.59791
0.000242622	483.675	5.05463e-06	5.2977
0.000252732	447.442	5.05463e-06	4.24298
0.000262841	416.986	5.05463e-06	3.94947
0.00027295	389.719	5.05463e-06	3.71551
0.000283059	364.689	5.05463e-06	3.5126
0.000293169	340.022	5.05463e-06	3.27827
0.000303278	318.663	5.05463e-06	3.09386
0.000313387	298.698	5.05463e-06	2.95848
0.000323497	279.725	5.05463e-06	2.79689
0.000333606	262.813	5.05463e-06	2.68643
0.000343715	244.579	5.05463e-06	2.53545
0.000353824	229.921	5.05463e-06	2.43875
0.000363934	216.133	5.05463e-06	2.35195
0.000374043	202.425	5.05463e-06	2.22815
0.000384152	190.292	5.05463e-06	2.13199
0.000394261	179.118	5.05463e-06	2.0737
0.000404371	167.772	5.05463e-06	1.84856
0.00041448	157.622	5.05463e-06	1.79004
0.000424589	148.56	5.05463e-06	1.74345
0.000434698	139.461	5.05463e-06	1.68747
0.000444808	131.317	5.05463e-06	1.64259
0.000454917	123.674	5.05463e-06	1.58854
0.000465026	115.226	5.05463e-06	1.39138
0.000475136	108.69	5.05463e-06	1.35097
0.000485245	102.245	5.05463e-06	1.31317
0.000495354	95.4743	5.05463e-06	1.22231
0.000505463	89.6365	5.05463e-06	1.18184
0.000515573	84.7709	5.05463e-06	1.15367
0.000525682	79.483	5.05463e-06	1.10699
0.000535791	75.001	5.05463e-06	1.08258
0.0005459	70.0165	5.05463e-06	1.03693
0.00055601	65.7889	5.05463e-06	1.00842
0.000566119	61.9577	5.05463e-06	0.989681
0.000576228	57.9726	5.05463e-06	0.929343
0.000586337	54.7293	5.05463e-06	0.9061
0.000596447	51.649	5.05463e-06	0.890265
0.000606556	48.2853	5.05463e-06	0.834848
0.000616665	45.756	5.05463e-06	0.822259
0.000626775	43.2806	5.05463e-06	0.806891
0.000636884	40.5272	5.05463e-06	0.7773
0.000646993	37.9979	5.05463e-06	0.760598
0.000657102	35.7188	5.05463e-06	0.744867
0.000667212	33.8534	5.05463e-06	0.725987
0.000677321	32.1053	5.05463e-06	0.719
0.00068743	30.3832	5.05463e-06	0.71198
0.000697539	28.7054	5.05463e-06	0.702408
0.000707649	26.592	5.05463e-06	0.506859
0.000717758	24.9988	5.05463e-06	0.496786
0.000727867	23.2454	5.05463e-06	0.465727
0.000737976	21.8506	5.05463e-06	0.453816
0.000748086	20.6543	5.05463e-06	0.444021
0.000758195	19.4798	5.05463e-06	0.436288
0.000768304	18.2664	5.05463e-06	0.413567
0.000778414	16.8299	5.05463e-06	0.383535
0.000788523	15.827	5.05463e-06	0.373289
0.000798632	14.7335	5.05463e-06	0.326505
0.000808741	13.9233	5.05463e-06	0.319977
0.000818851	12.98	5.05463e-06	0.310073
0.00082896	12.0266	5.05463e-06	0.287626
0.000839069	11.1711	5.05463e-06	0.268013
0.000849178	10.4501	5.05463e-06	0.261087
0.000859288	9.74125	5.05463e-06	0.253599
0.000869397	9.17735	5.05463e-06	0.246264
0.000879506	8.55439	5.05463e-06	0.234923
0.000889615	8.00516	5.05463e-06	0.229884
0.000899725	7.37875	5.05463e-06	0.218805
0.000909834	6.92208	5.05463e-06	0.206359
0.000919943	6.53256	5.05463e-06	0.20138
0.000930053	6.00611	5.05463e-06	0.190138
0.000940162	5.65525	5.05463e-06	0.186498
0.000950271	5.24216	5.05463e-06	0.177655
0.00096038	4.73787	5.05463e-06	0.145209
0.00097049	4.42087	5.05463e-06	0.140521
0.000980599	4.09622	5.05463e-06	0.129305
0.000990708	3.84993	5.05463e-06	0.124529
0.00100082	3.61521	5.05463e-06	0.120955
0.00101093	3.31476	5.05463e-06	0.114237
0.00102104	3.12192	5.05463e-06	0.111352
0.00103115	2.96104	5.05463e-06	0.108623
0.00104125	2.75532	5.05463e-06	0.104884
0.00105136	2.5822	5.05463e-06	0.101599
0.00106147	2.45704	5.05463e-06	0.0994165
0.00107158	2.29511	5.05463e-06	0.0966699
0.00108169	2.09908	5.05463e-06	0.0857873
0.0010918	1.96621	5.05463e-06	0.083016
0.00110191	1.83552	5.05463e-06	0.0808831
0.00111202	1.72298	5.05463e-06	0.0777367
0.00112213	1.5918	5.05463e-06	0.074615
0.00113224	1.47524	5.05463e-06	0.0703134
0.00114235	1.39585	5.05463e-06	0.0689127
0.00115246	1.25052	5.05463e-06	0.0639754
0.00116257	1.15825	5.05463e-06	0.0616909
0.00117267	1.052	5.05463e-06	0.0590557
0.00118278	0.972977	5.05463e-06	0.0573633
0.00119289	0.916065	5.05463e-06	0.0560157
0.001203	0.852313	5.05463e-06	0.0543509
0.00121311	0.795234	5.05463e-06	0.0514212
0.00122322	0.73795	5.05463e-06	0.0500775
0.00123333	0.668781	5.05463e-06	0.0481956
0.00124344	0.570802	5.05463e-06	0.0402197
0.00125355	0.547663	5.05463e-06	0.0396339
0.00126366	0.512916	5.05463e-06	0.0378686
0.00127377	0.479608	5.05463e-06	0.0369503
0.00128388	0.439922	5.05463e-06	0.0355111
0.00129399	0.412855	5.05463e-06	0.0348257
0.0013041	0.384214	5.05463e-06	0.0334988
0.0013142	0.363444	5.05463e-06	0.0325034
0.00132431	0.340755	5.05463e-06	0.0319127
0.00133442	0.320326	5.05463e-06	0.0311453
0.00134453	0.275929	5.05463e-06	0.0258087
0.00135464	0.249941	5.05463e-06	0.0247973
0.00136475	0.237264	5.05463e-06	0.0240271
0.00137486	0.216814	5.05463e-06	0.0231632
0.00138497	0.199187	5.05463e-06	0.0224201
0.00139508	0.182207	5.05463e-06	0.0217326
0.00140519	0.156385	5.05463e-06	0.01915
0.0014153	0.151058	5.05463e-06	0.0188873
0.00142541	0.137321	5.05463e-06	0.0183165
0.00143552	0.121828	5.05463e-06	0.0169983
0.00144563	0.120486	5.05463e-06	0.0169453
0.00145573	0.114162	5.05463e-06	0.0164691
0.00146584	0.112639	5.05463e-06	0.0163986
0.00147595	0.103363	5.05463e-06	0.015911
0.00148606	0.09269	5.05463e-06	0.015232
0.00149617	0.0911513	5.05463e-06	0.0151541
0.00150628	0.0740806	5.05463e-06	0.0125643
0.00151639	0.0702566	5.05463e-06	0.0122228
0.0015265	0.0654397	5.05463e-06	0.0118891
0.00153661	0.0606437	5.05463e-06	0.0116441
0.00154672	0.059552	5.05463e-06	0.0115928
0.00155683	0.0543636	5.05463e-06	0.0111324
0.00156694	0.0495109	5.05463e-06	0.0107475
0.00157705	0.0448785	5.05463e-06	0.0103944
0.00158715	0.0426674	5.05463e-06	0.0102759
0.00159726	0.03865	5.05463e-06	0.0100055
0.00160737	0.0371165	5.05463e-06	0.00988727
0.00161748	0.0371165	5.05463e-06	0.00988727
0.00162759	0.024616	5.05463e-06	0.00746583
0.0016377	0.0213741	5.05463e-06	0.00672522
0.00164781	0.020221	5.05463e-06	0.00662563
0.00165792	0.0185671	5.05463e-06	0.00641587
0.00166803	0.015417	5.05463e-06	0.00600711
0.00167814	0.015417	5.05463e-06	0.00600711
0.00168825	0.015417	5.05463e-06	0.00600711
0.00169836	0.0126821	5.05463e-06	0.00568508
0.00170847	0.0081276	5.05463e-06	0.00340234
0.00171858	0.0081276	5.05463e-06	0.00340234
0.00172868	0.00356981	5.05463e-06	0.00208822
0.00173879	0.00356981	5.05463e-06	0.00208822
0.0017489	0.00356981	5.05463e-06	0.00208822
0.00175901	0.00356981	5.05463e-06	0.00208822
0.00176912	0.00238786	5.05463e-06	0.00172151
0.00177923	0.00238786	5.05463e-06	0.00172151
0.00178934	0.00143117	5.05463e-06	0.00143119
0.00179945	0.00143117	5.05463e-06	0.00143119
0.00180956	0.00143117	5.05463e-06	0.00143119
0.00181967	0.00143117	5.05463e-06	0.00143119
0.00182978	0.00143117	5.05463e-06	0.00143119
0.00183989	0.00143117	5.05463e-06	0.00143119
