0	94883.5	4.57039e-06	167165
9.14078e-06	11315.4	4.57039e-06	3034.18
1.82816e-05	6944.43	4.57039e-06	844.087
2.74224e-05	5033.4	4.57039e-06	356.752
3.65631e-05	4005.67	4.57039e-06	201.964
4.57039e-05	3297.59	4.57039e-06	125.845
5.48447e-05	2799.43	4.57039e-06	86.9196
6.39855e-05	2403.36	4.57039e-06	60.9796
7.31263e-05	2106.5	4.57039e-06	45.9344
8.22671e-05	1871.86	4.57039e-06	36.2526
9.14078e-05	1662.18	4.57039e-06	27.8089
0.000100549	1498.7	4.57039e-06	22.7798
0.000109689	1362.45	4.57039e-06	19.1545
0.00011883	1237.91	4.57039e-06	16.0974
0.000127971	1134.57	4.57039e-06	13.8687
0.000137112	1044.87	4.57039e-06	12.2509
0.000146253	961.081	4.57039e-06	10.8138
0.000155393	885.266	4.57039e-06	9.61337
0.000164534	818.678	4.57039e-06	8.65954
0.000173675	755.383	4.57039e-06	7.68261
0.000182816	700.503	4.57039e-06	6.99778
0.000191956	651.617	4.57039e-06	6.46336
0.000201097	603.678	4.57039e-06	5.90969
0.000210238	562.05	4.57039e-06	5.47082
0.000219379	524.955	4.57039e-06	5.14628
0.00022852	489.113	4.57039e-06	4.82239
0.00023766	455.527	4.57039e-06	4.43086
0.000246801	425.271	4.57039e-06	4.15339
0.000255942	396.161	4.57039e-06	3.90038
0.000265083	369.928	4.57039e-06	3.66159
0.000274224	347.004	4.57039e-06	3.48836
0.000283364	323.405	4.57039e-06	3.28545
0.000292505	303.082	4.57039e-06	3.14565
0.000301646	282.034	4.57039e-06	2.82743
0.000310787	265.299	4.57039e-06	2.70884
0.000319927	249.405	4.57039e-06	2.56772
0.000329068	234.438	4.57039e-06	2.45306
0.000338209	220.301	4.57039e-06	2.35701
0.00034735	207.213	4.57039e-06	2.27345
0.000356491	194.381	4.57039e-06	2.15577
0.000365631	183.326	4.57039e-06	2.10106
0.000374772	171.387	4.57039e-06	1.99554
0.000383913	161.256	4.57039e-06	1.93791
0.000393054	151.171	4.57039e-06	1.84043
0.000402194	142.292	4.57039e-06	1.7682
0.000411335	133.331	4.57039e-06	1.70982
0.000420476	124.849	4.57039e-06	1.64873
0.000429617	117.15	4.57039e-06	1.59836
0.000438758	109.628	4.57039e-06	1.54314
0.000447898	103.252	4.57039e-06	1.50914
0.000457039	96.9046	4.57039e-06	1.47372
0.00046618	91.6302	4.57039e-06	1.4502
0.000475321	86.3593	4.57039e-06	1.42602
0.000484462	81.0681	4.57039e-06	1.3952
0.000493602	76.2181	4.57039e-06	1.3672
0.000502743	72.0937	4.57039e-06	1.35035
0.000511884	67.2416	4.57039e-06	0.963715
0.000521025	63.1164	4.57039e-06	0.918267
0.000530165	59.7396	4.57039e-06	0.898984
0.000539306	56.1661	4.57039e-06	0.848113
0.000548447	53.2002	4.57039e-06	0.829554
0.000557588	49.7786	4.57039e-06	0.802449
0.000566729	46.8897	4.57039e-06	0.783365
0.000575869	44.0357	4.57039e-06	0.759037
0.00058501	41.354	4.57039e-06	0.734624
0.000594151	38.8721	4.57039e-06	0.715403
0.000603292	36.4885	4.57039e-06	0.696323
0.000612433	34.2788	4.57039e-06	0.654023
0.000621573	32.177	4.57039e-06	0.632877
0.000630714	30.2181	4.57039e-06	0.618973
0.000639855	28.3646	4.57039e-06	0.604144
0.000648996	26.7953	4.57039e-06	0.592574
0.000658136	25.0884	4.57039e-06	0.576009
0.000667277	23.3947	4.57039e-06	0.557171
0.000676418	21.9495	4.57039e-06	0.537694
0.000685559	20.6821	4.57039e-06	0.528838
0.0006947	19.507	4.57039e-06	0.521382
0.00070384	18.2033	4.57039e-06	0.506005
0.000712981	17.179	4.57039e-06	0.497012
0.000722122	16.138	4.57039e-06	0.473239
0.000731263	15.1362	4.57039e-06	0.434225
0.000740404	14.156	4.57039e-06	0.412833
0.000749544	13.2471	4.57039e-06	0.406555
0.000758685	12.5284	4.57039e-06	0.40146
0.000767826	11.9043	4.57039e-06	0.396948
0.000776967	11.1464	4.57039e-06	0.391869
0.000786107	10.5385	4.57039e-06	0.386261
0.000795248	9.9161	4.57039e-06	0.378924
0.000804389	9.26885	4.57039e-06	0.313962
0.00081353	8.73824	4.57039e-06	0.308644
0.000822671	8.27013	4.57039e-06	0.303717
0.000831811	7.83124	4.57039e-06	0.295927
0.000840952	7.27403	4.57039e-06	0.287469
0.000850093	6.79366	4.57039e-06	0.283901
0.000859234	6.34434	4.57039e-06	0.277246
0.000868374	6.01714	4.57039e-06	0.274942
0.000877515	5.67813	4.57039e-06	0.272094
0.000886656	5.23637	4.57039e-06	0.235978
0.000895797	4.81628	4.57039e-06	0.214885
0.000904938	4.46441	4.57039e-06	0.206451
0.000914078	4.18326	4.57039e-06	0.202911
0.000923219	3.96976	4.57039e-06	0.201002
0.00093236	3.69277	4.57039e-06	0.194132
0.000941501	3.38449	4.57039e-06	0.185258
0.000950642	3.21792	4.57039e-06	0.183422
0.000959782	2.98823	4.57039e-06	0.180249
0.000968923	2.75185	4.57039e-06	0.167001
0.000978064	2.57074	4.57039e-06	0.164097
0.000987205	2.37479	4.57039e-06	0.161676
0.000996345	2.25746	4.57039e-06	0.159986
0.00100549	2.13334	4.57039e-06	0.158724
0.00101463	2.0134	4.57039e-06	0.157248
0.00102377	1.78094	4.57039e-06	0.131694
0.00103291	1.64308	4.57039e-06	0.127868
0.00104205	1.52696	4.57039e-06	0.12626
0.00105119	1.45687	4.57039e-06	0.125037
0.00106033	1.34688	4.57039e-06	0.123443
0.00106947	1.28206	4.57039e-06	0.122468
0.00107861	1.19369	4.57039e-06	0.121333
0.00108775	1.09979	4.57039e-06	0.116724
0.00109689	1.0478	4.57039e-06	0.115976
0.00110603	0.998316	4.57039e-06	0.115231
0.00111518	0.936332	4.57039e-06	0.114578
0.00112432	0.866148	4.57039e-06	0.113678
0.00113346	0.830643	4.57039e-06	0.113354
0.0011426	0.774905	4.57039e-06	0.112544
0.00115174	0.716817	4.57039e-06	0.111085
0.00116088	0.685633	4.57039e-06	0.110732
0.00117002	0.662915	4.57039e-06	0.110434
0.00117916	0.621619	4.57039e-06	0.109919
0.0011883	0.584876	4.57039e-06	0.109113
0.00119744	0.554915	4.57039e-06	0.108673
0.00120658	0.488584	4.57039e-06	0.104194
0.00121572	0.464456	4.57039e-06	0.103863
0.00122487	0.434314	4.57039e-06	0.103507
0.00123401	0.410005	4.57039e-06	0.103088
0.00124315	0.387591	4.57039e-06	0.102866
0.00125229	0.358043	4.57039e-06	0.102106
0.00126143	0.329144	4.57039e-06	0.10151
0.00127057	0.315314	4.57039e-06	0.101388
0.00127971	0.289746	4.57039e-06	0.101121
0.00128885	0.276402	4.57039e-06	0.100955
0.00129799	0.167664	4.57039e-06	0.0209113
0.00130713	0.149822	4.57039e-06	0.0186675
0.00131627	0.144024	4.57039e-06	0.0184393
0.00132541	0.132673	4.57039e-06	0.0176743
0.00133455	0.119355	4.57039e-06	0.0168286
0.0013437	0.112385	4.57039e-06	0.0164485
0.00135284	0.103467	4.57039e-06	0.0159112
0.00136198	0.10196	4.57039e-06	0.0158398
0.00137112	0.0928698	4.57039e-06	0.0151794
0.00138026	0.0799623	4.57039e-06	0.014157
0.0013894	0.0783946	4.57039e-06	0.0140699
0.00139854	0.073939	4.57039e-06	0.0138282
0.00140768	0.0673966	4.57039e-06	0.0134127
0.00141682	0.0633166	4.57039e-06	0.0132011
0.00142596	0.0633166	4.57039e-06	0.0132011
0.0014351	0.0543741	4.57039e-06	0.012679
0.00144424	0.0523988	4.57039e-06	0.0125242
0.00145338	0.0399982	4.57039e-06	0.0103974
0.00146253	0.0386318	4.57039e-06	0.0103072
0.00147167	0.0354088	4.57039e-06	0.0100451
0.00148081	0.0354088	4.57039e-06	0.0100451
0.00148995	0.0283688	4.57039e-06	0.00716522
0.00149909	0.0246509	4.57039e-06	0.00683536
0.00150823	0.0189887	4.57039e-06	0.00515776
0.00151737	0.0189887	4.57039e-06	0.00515776
0.00152651	0.0177628	4.57039e-06	0.00500995
0.00153565	0.0166536	4.57039e-06	0.00488561
0.00154479	0.0136927	4.57039e-06	0.00441419
0.00155393	0.0103099	4.57039e-06	0.00369506
0.00156307	0.0103099	4.57039e-06	0.00369506
0.00157221	0.00647878	4.57039e-06	0.00294862
0.00158136	0.00647878	4.57039e-06	0.00294862
0.0015905	0.00647878	4.57039e-06	0.00294862
0.00159964	0.00476734	4.57039e-06	0.00240109
0.00160878	0.00476734	4.57039e-06	0.00240109
0.00161792	0.00476734	4.57039e-06	0.00240109
0.00162706	0.00365864	4.57039e-06	0.00212979
0.0016362	0.00120705	4.57039e-06	0.00120707
0.00164534	0.00120705	4.57039e-06	0.00120707
0.00165448	0.00120705	4.57039e-06	0.00120707
