4.41101e-06	43564.8	4.41101e-06	221.687
1.3233e-05	6925.2	4.41101e-06	103.299
2.2055e-05	4615.36	4.41101e-06	60.1674
3.0877e-05	3722.88	4.41101e-06	79.6863
3.96991e-05	3236.58	4.41101e-06	75.8545
4.85211e-05	2709.04	4.41101e-06	49.2982
5.73431e-05	2446.41	4.41101e-06	44.152
6.61651e-05	2268.6	4.41101e-06	44.7021
7.49871e-05	2231.54	4.41101e-06	91.4236
8.38091e-05	1962.61	4.41101e-06	44.0884
9.26311e-05	1834.13	4.41101e-06	52.1974
0.000101453	1682.28	4.41101e-06	36.7893
0.000110275	1599.62	4.41101e-06	40.9465
0.000119097	1525.19	4.41101e-06	39.5097
0.000127919	1391.52	4.41101e-06	33.6202
0.000136741	1377.23	4.41101e-06	34.8143
0.000145563	1258.84	4.41101e-06	29.4381
0.000154385	1259.78	4.41101e-06	48.0311
0.000163207	1151.84	4.41101e-06	29.2097
0.000172029	1058.31	4.41101e-06	32.2374
0.000180851	1087.71	4.41101e-06	32.9267
0.000189673	1017.9	4.41101e-06	27.0308
0.000198495	988.436	4.41101e-06	31.3531
0.000207317	965.427	4.41101e-06	34.0494
0.000216139	893.62	4.41101e-06	30.8679
0.000224961	970.418	4.41101e-06	102.16
0.000233783	854.196	4.41101e-06	49.9013
0.000242605	780.61	4.41101e-06	29.4094
0.000251427	767.191	4.41101e-06	25.6504
0.000260249	726.155	4.41101e-06	23.5996
0.000269071	683.477	4.41101e-06	25.667
0.000277893	681.589	4.41101e-06	43.5778
0.000286715	644.799	4.41101e-06	20.9826
0.000295537	661.572	4.41101e-06	27.0037
0.000304359	576.371	4.41101e-06	18.6737
0.000313181	559.95	4.41101e-06	19.3648
0.000322003	562.776	4.41101e-06	21.9261
0.000330825	511.396	4.41101e-06	19.194
0.000339647	481.495	4.41101e-06	18.759
0.000348469	469.751	4.41101e-06	17.2626
0.000357292	449.864	4.41101e-06	19.7718
0.000366114	457.609	4.41101e-06	25.7636
0.000374936	448.036	4.41101e-06	21.956
0.000383758	393.309	4.41101e-06	16.2234
0.00039258	398.146	4.41101e-06	18.4191
0.000401402	367.852	4.41101e-06	18.7146
0.000410224	390.887	4.41101e-06	25.3528
0.000419046	364.187	4.41101e-06	28.4148
0.000427868	353.415	4.41101e-06	21.6524
0.00043669	321.214	4.41101e-06	15.6704
0.000445512	329.402	4.41101e-06	20.3883
0.000454334	302.353	4.41101e-06	15.6131
0.000463156	262.574	4.41101e-06	12.5611
0.000471978	250.672	4.41101e-06	13.2855
0.0004808	349.227	4.41101e-06	90.531
0.000489622	239.237	4.41101e-06	11.076
0.000498444	222.051	4.41101e-06	14.1774
0.000507266	211.618	4.41101e-06	11.6756
0.000516088	216.062	4.41101e-06	23.1056
0.00052491	211.379	4.41101e-06	13.0984
0.000533732	169.002	4.41101e-06	10.1567
0.000542554	202.362	4.41101e-06	19.8325
0.000551376	171.845	4.41101e-06	12.5353
0.000560198	150.837	4.41101e-06	8.77246
0.00056902	139.118	4.41101e-06	10.3474
0.000577842	155.411	4.41101e-06	11.2692
0.000586664	164.723	4.41101e-06	20.9164
0.000595486	124.206	4.41101e-06	7.75337
0.000604308	137.719	4.41101e-06	9.46554
0.00061313	127.344	4.41101e-06	9.62369
0.000621952	119.163	4.41101e-06	9.07198
0.000630774	119.984	4.41101e-06	8.59309
0.000639596	124.34	4.41101e-06	11.3352
0.000648418	107.243	4.41101e-06	9.81809
0.00065724	99.4333	4.41101e-06	8.70734
0.000666062	98.164	4.41101e-06	8.20167
0.000674884	93.7235	4.41101e-06	9.18005
0.000683706	95.6824	4.41101e-06	8.87377
0.000692528	163.35	4.41101e-06	79.7825
0.00070135	92.7264	4.41101e-06	8.49086
0.000710172	82.1125	4.41101e-06	8.09612
0.000718994	75.3154	4.41101e-06	6.14712
0.000727816	65.9957	4.41101e-06	6.31845
0.000736638	65.1149	4.41101e-06	6.19553
0.00074546	60.9618	4.41101e-06	5.30017
0.000754282	53.7036	4.41101e-06	4.94075
0.000763104	54.8554	4.41101e-06	5.66013
0.000771926	60.4667	4.41101e-06	6.93277
0.000780748	51.4566	4.41101e-06	6.44266
0.00078957	51.8032	4.41101e-06	5.7728
0.000798392	43.6726	4.41101e-06	4.52294
0.000807214	40.4585	4.41101e-06	5.05882
0.000816036	34.5184	4.41101e-06	3.52875
0.000824858	33.4513	4.41101e-06	4.76139
0.00083368	35.3355	4.41101e-06	3.9482
0.000842502	43.0456	4.41101e-06	5.01323
0.000851324	38.6034	4.41101e-06	8.71171
0.000860146	25.5156	4.41101e-06	3.27755
0.000868968	31.2309	4.41101e-06	4.39378
0.00087779	26.59	4.41101e-06	5.29622
0.000886612	25.7495	4.41101e-06	3.67483
0.000895434	22.0604	4.41101e-06	3.6088
0.000904256	30.9507	4.41101e-06	6.43092
0.000913078	22.0585	4.41101e-06	2.9154
0.0009219	19.0173	4.41101e-06	2.72294
0.000930722	14.1317	4.41101e-06	2.11307
0.000939544	21.9904	4.41101e-06	3.19294
0.000948366	18.1745	4.41101e-06	3.21137
0.000957188	23.44	4.41101e-06	7.8531
0.00096601	21.071	4.41101e-06	5.23891
0.000974832	15.2473	4.41101e-06	2.42236
0.000983654	16.8687	4.41101e-06	2.82781
0.000992476	8.71922	4.41101e-06	1.82708
0.0010013	12.9866	4.41101e-06	2.15818
0.00101012	14.3491	4.41101e-06	2.78105
0.00101894	11.8678	4.41101e-06	2.24876
0.00102776	7.08071	4.41101e-06	1.63022
0.00103659	15.1781	4.41101e-06	3.84904
0.00104541	8.36296	4.41101e-06	1.93466
0.00105423	8.47519	4.41101e-06	1.79873
0.00106305	6.96273	4.41101e-06	1.44991
0.00107187	8.01257	4.41101e-06	2.29903
0.0010807	6.393	4.41101e-06	1.43384
0.00108952	4.91255	4.41101e-06	1.36712
0.00109834	11.2318	4.41101e-06	2.44699
0.00110716	6.01411	4.41101e-06	1.95619
0.00111598	5.46831	4.41101e-06	1.39502
0.00112481	1.8525	4.41101e-06	0.741119
0.00113363	3.01365	4.41101e-06	0.961842
0.00114245	5.48959	4.41101e-06	1.56167
0.00115127	3.2234	4.41101e-06	1.03793
0.00116009	3.37129	4.41101e-06	0.968139
0.00116892	3.70288	4.41101e-06	1.19133
0.00117774	3.88902	4.41101e-06	1.11978
0.00118656	2.37582	4.41101e-06	0.899028
0.00119538	3.18523	4.41101e-06	1.02833
0.0012042	3.26958	4.41101e-06	0.991875
0.00121303	1.56153	4.41101e-06	0.651342
0.00122185	4.35146	4.41101e-06	1.37096
0.00123067	2.27697	4.41101e-06	0.768543
0.00123949	0.824631	4.41101e-06	0.482979
0.00124831	3.74503	4.41101e-06	1.17458
0.00125714	6.89366	4.41101e-06	2.49171
0.00126596	1.84473	4.41101e-06	0.80961
0.00127478	2.01241	4.41101e-06	0.960647
0.0012836	1.37729	4.41101e-06	0.564279
0.00129242	5.43768	4.41101e-06	4.56808
0.00130125	2.0513	4.41101e-06	0.805513
0.00131007	0.652035	4.41101e-06	0.461358
0.00131889	0.448022	4.41101e-06	0.319262
0.00132771	2.34791	4.41101e-06	1.97474
0.00133653	0.493501	4.41101e-06	0.356801
0.00134536	0.717981	4.41101e-06	0.418148
0.00135418	0.902867	4.41101e-06	0.737651
0.001363	2.15422	4.41101e-06	1.15417
0.00137182	1.2378	4.41101e-06	0.697736
0.00138064	3.21498	4.41101e-06	3.21498
0.00138947	1.0447	4.41101e-06	0.526928
0.00139829	0.766382	4.41101e-06	0.575856
0.00140711	0	4.41101e-06	0
0.00141593	0	4.41101e-06	0
0.00142476	0.566731	4.41101e-06	0.409424
0.00143358	1.43796	4.41101e-06	1.06584
0.0014424	0.701796	4.41101e-06	0.546429
0.00145122	1.91693	4.41101e-06	0.841409
0.00146004	0	4.41101e-06	0
0.00146887	0.2461	4.41101e-06	0.2461
0.00147769	0.594151	4.41101e-06	0.421491
0.00148651	0.206757	4.41101e-06	0.206757
0.00149533	0.371661	4.41101e-06	0.371661
0.00150415	0.353112	4.41101e-06	0.353112
0.00151298	0.742247	4.41101e-06	0.742247
0.0015218	0.959227	4.41101e-06	0.581809
0.00153062	0.240928	4.41101e-06	0.240928
0.00153944	0.26762	4.41101e-06	0.26762
0.00154826	0.215334	4.41101e-06	0.215334
0.00155709	0.209406	4.41101e-06	0.209406
0.00156591	0	4.41101e-06	0
0.00157473	0	4.41101e-06	0
0.00158355	0	4.41101e-06	0
0.00159237	0	4.41101e-06	0
0.0016012	0	4.41101e-06	0
0.00161002	0	4.41101e-06	0
0.00161884	0	4.41101e-06	0
0.00162766	0	4.41101e-06	0
0.00163648	0	4.41101e-06	0
0.00164531	0	4.41101e-06	0
0.00165413	0.287764	4.41101e-06	0.287764
0.00166295	0	4.41101e-06	0
0.00167177	0	4.41101e-06	0
0.00168059	0	4.41101e-06	0
0.00168942	0	4.41101e-06	0
0.00169824	0	4.41101e-06	0
0.00170706	0	4.41101e-06	0
0.00171588	0	4.41101e-06	0
0.0017247	0	4.41101e-06	0
0.00173353	0	4.41101e-06	0
0.00174235	0.200623	4.41101e-06	0.200623
0.00175117	0	4.41101e-06	0
0.00175999	0	4.41101e-06	0
0.00176881	0	4.41101e-06	0
0.00177764	0	4.41101e-06	0
0.00178646	0	4.41101e-06	0
0.00179528	0	4.41101e-06	0
0.0018041	0	4.41101e-06	0
0.00181292	0	4.41101e-06	0
0.00182175	0	4.41101e-06	0
0.00183057	0	4.41101e-06	0
0.00183939	0	4.41101e-06	0
0.00184821	0	4.41101e-06	0
0.00185703	0.265055	4.41101e-06	0.265055
0.00186586	0	4.41101e-06	0
0.00187468	0	4.41101e-06	0
0.0018835	0	4.41101e-06	0
0.00189232	0	4.41101e-06	0
0.00190114	0	4.41101e-06	0
0.00190997	0.228439	4.41101e-06	0.228439
