5.49007e-06	35179.8	5.49007e-06	251.781
1.64702e-05	5310.32	5.49007e-06	65.0801
2.74504e-05	3786.71	5.49007e-06	67.9229
3.84305e-05	2943.51	5.49007e-06	51.2964
4.94106e-05	2511.55	5.49007e-06	44.2309
6.03908e-05	2200.39	5.49007e-06	43.4573
7.13709e-05	1988.6	5.49007e-06	44.0984
8.23511e-05	1803.04	5.49007e-06	37.3749
9.33312e-05	1654.49	5.49007e-06	51.5361
0.000104311	1533.28	5.49007e-06	37.0585
0.000115291	1402.32	5.49007e-06	31.2995
0.000126272	1412.91	5.49007e-06	35.4774
0.000137252	1238.23	5.49007e-06	26.1777
0.000148232	1218.29	5.49007e-06	29.3216
0.000159212	1181.13	5.49007e-06	39.1126
0.000170192	1082.69	5.49007e-06	31.3977
0.000181172	1041.48	5.49007e-06	26.1895
0.000192152	922.166	5.49007e-06	20.9955
0.000203133	929.441	5.49007e-06	23.4589
0.000214113	943.871	5.49007e-06	27.461
0.000225093	844.222	5.49007e-06	23.2869
0.000236073	817.467	5.49007e-06	26.0123
0.000247053	757.61	5.49007e-06	20.131
0.000258033	776.073	5.49007e-06	22.2857
0.000269013	769.565	5.49007e-06	26.6412
0.000279994	690.475	5.49007e-06	20.1215
0.000290974	695.743	5.49007e-06	22.3135
0.000301954	630.068	5.49007e-06	17.2029
0.000312934	598.162	5.49007e-06	19.2458
0.000323914	612.946	5.49007e-06	25.8998
0.000334894	569.003	5.49007e-06	20.3429
0.000345874	542.889	5.49007e-06	19.3428
0.000356855	507.221	5.49007e-06	23.7484
0.000367835	512.273	5.49007e-06	17.701
0.000378815	492.519	5.49007e-06	17.0353
0.000389795	467.725	5.49007e-06	18.902
0.000400775	474.793	5.49007e-06	17.7139
0.000411755	449.963	5.49007e-06	19.3724
0.000422735	421.156	5.49007e-06	22.7788
0.000433716	384.721	5.49007e-06	13.4415
0.000444696	372.842	5.49007e-06	14.019
0.000455676	332.643	5.49007e-06	13.5164
0.000466656	363.077	5.49007e-06	15.2009
0.000477636	335.378	5.49007e-06	12.3773
0.000488616	347.922	5.49007e-06	19.7678
0.000499596	325.135	5.49007e-06	18.3705
0.000510577	313.214	5.49007e-06	14.9773
0.000521557	303.967	5.49007e-06	14.7104
0.000532537	261.688	5.49007e-06	13.5474
0.000543517	271.274	5.49007e-06	12.992
0.000554497	237.277	5.49007e-06	11.2636
0.000565477	271.092	5.49007e-06	17.0696
0.000576457	234.581	5.49007e-06	12.1495
0.000587438	216.381	5.49007e-06	12.2239
0.000598418	228.572	5.49007e-06	12.8427
0.000609398	221.887	5.49007e-06	16.2687
0.000620378	188.25	5.49007e-06	9.52278
0.000631358	176.368	5.49007e-06	8.7351
0.000642338	181.144	5.49007e-06	10.7125
0.000653318	172.922	5.49007e-06	8.56777
0.000664299	178.31	5.49007e-06	11.812
0.000675279	151.59	5.49007e-06	8.23131
0.000686259	149.603	5.49007e-06	15.3976
0.000697239	147.995	5.49007e-06	9.72512
0.000708219	139.209	5.49007e-06	9.20576
0.000719199	156.287	5.49007e-06	24.3477
0.000730179	113.679	5.49007e-06	6.73374
0.000741159	138.671	5.49007e-06	9.70803
0.00075214	120.73	5.49007e-06	9.7817
0.00076312	115.047	5.49007e-06	7.48527
0.0007741	96.1693	5.49007e-06	6.37478
0.00078508	110.955	5.49007e-06	7.69704
0.00079606	95.9311	5.49007e-06	10.0863
0.00080704	86.1353	5.49007e-06	5.93176
0.00081802	86.4905	5.49007e-06	6.27419
0.000829001	82.5452	5.49007e-06	6.27727
0.000839981	72.1524	5.49007e-06	5.69665
0.000850961	82.2915	5.49007e-06	8.98864
0.000861941	81.5717	5.49007e-06	8.16974
0.000872921	82.4654	5.49007e-06	7.92391
0.000883901	59.3344	5.49007e-06	4.86592
0.000894881	53.0559	5.49007e-06	4.72606
0.000905862	67.7952	5.49007e-06	8.87916
0.000916842	51.5772	5.49007e-06	5.76859
0.000927822	47.9484	5.49007e-06	6.83454
0.000938802	47.5989	5.49007e-06	4.6886
0.000949782	41.5651	5.49007e-06	3.79903
0.000960762	40.9353	5.49007e-06	5.43191
0.000971742	39.4846	5.49007e-06	4.78749
0.000982723	46.402	5.49007e-06	6.16973
0.000993703	36.5966	5.49007e-06	3.67941
0.00100468	34.1056	5.49007e-06	4.44678
0.00101566	28.6855	5.49007e-06	3.5822
0.00102664	32.4141	5.49007e-06	3.49332
0.00103762	26.7562	5.49007e-06	3.19788
0.0010486	48.7537	5.49007e-06	22.016
0.00105958	29.1635	5.49007e-06	3.31267
0.00107056	23.5324	5.49007e-06	2.8756
0.00108154	20.8178	5.49007e-06	2.44646
0.00109252	21.6796	5.49007e-06	3.24092
0.0011035	20.1478	5.49007e-06	3.19708
0.00111448	14.6566	5.49007e-06	2.06407
0.00112546	18.2143	5.49007e-06	2.62116
0.00113644	23.2928	5.49007e-06	4.54201
0.00114742	13.4681	5.49007e-06	2.45628
0.0011584	15.0947	5.49007e-06	2.68575
0.00116938	11.6925	5.49007e-06	2.13625
0.00118037	8.49968	5.49007e-06	1.51532
0.00119135	19.5341	5.49007e-06	6.76024
0.00120233	10.6426	5.49007e-06	2.02454
0.00121331	10.9301	5.49007e-06	1.99313
0.00122429	11.2372	5.49007e-06	2.87791
0.00123527	10.7006	5.49007e-06	1.78127
0.00124625	11.4803	5.49007e-06	1.79681
0.00125723	8.45109	5.49007e-06	1.7554
0.00126821	5.93685	5.49007e-06	1.47034
0.00127919	12.0966	5.49007e-06	4.37506
0.00129017	6.17661	5.49007e-06	1.68167
0.00130115	6.55971	5.49007e-06	1.43075
0.00131213	7.97016	5.49007e-06	1.68181
0.00132311	6.82703	5.49007e-06	1.77241
0.00133409	6.05784	5.49007e-06	1.33221
0.00134507	5.05324	5.49007e-06	1.362
0.00135605	4.30554	5.49007e-06	1.09105
0.00136703	5.18744	5.49007e-06	1.37075
0.00137801	4.45366	5.49007e-06	1.20563
0.00138899	3.52409	5.49007e-06	1.01093
0.00139997	2.76629	5.49007e-06	0.805255
0.00141095	2.89807	5.49007e-06	1.33868
0.00142193	2.45352	5.49007e-06	0.909168
0.00143291	3.27832	5.49007e-06	1.18809
0.00144389	1.57277	5.49007e-06	0.587235
0.00145487	2.77591	5.49007e-06	0.909139
0.00146585	2.74237	5.49007e-06	0.918649
0.00147683	3.98538	5.49007e-06	1.10571
0.00148781	1.82794	5.49007e-06	0.912238
0.00149879	2.75764	5.49007e-06	0.776458
0.00150977	1.78149	5.49007e-06	0.796137
0.00152075	0.870646	5.49007e-06	0.39277
0.00153173	0.656016	5.49007e-06	0.379593
0.00154271	0.856749	5.49007e-06	0.433603
0.00155369	0.705897	5.49007e-06	0.353198
0.00156467	0.703923	5.49007e-06	0.353413
0.00157565	1.1508	5.49007e-06	0.613003
0.00158663	1.04849	5.49007e-06	0.541808
0.00159761	0.731718	5.49007e-06	0.368459
0.00160859	1.49318	5.49007e-06	1.06116
0.00161957	1.18702	5.49007e-06	0.622233
0.00163055	0.340547	5.49007e-06	0.24199
0.00164153	0.173797	5.49007e-06	0.173797
0.00165251	0.832412	5.49007e-06	0.525908
0.00166349	0.64078	5.49007e-06	0.373594
0.00167447	1.96577	5.49007e-06	1.55953
0.00168545	2.70939	5.49007e-06	2.07503
0.00169643	0.208158	5.49007e-06	0.208158
0.00170741	0.228775	5.49007e-06	0.228775
0.00171839	0.210651	5.49007e-06	0.210651
0.00172937	0.210548	5.49007e-06	0.210548
0.00174035	2.29105	5.49007e-06	2.00698
0.00175133	0.543717	5.49007e-06	0.392222
0.00176231	0.224578	5.49007e-06	0.224578
0.00177329	0.48969	5.49007e-06	0.367401
0.00178427	0.850144	5.49007e-06	0.44833
0.00179525	0	5.49007e-06	0
0.00180623	0	5.49007e-06	0
0.00181721	0	5.49007e-06	0
0.00182819	0	5.49007e-06	0
0.00183917	0	5.49007e-06	0
0.00185015	0.228015	5.49007e-06	0.228015
0.00186113	0	5.49007e-06	0
0.00187211	0.254631	5.49007e-06	0.254631
0.00188309	0	5.49007e-06	0
0.00189407	0	5.49007e-06	0
0.00190505	0	5.49007e-06	0
0.00191603	0	5.49007e-06	0
0.00192701	0	5.49007e-06	0
0.00193799	0	5.49007e-06	0
0.00194897	0	5.49007e-06	0
0.00195996	0	5.49007e-06	0
0.00197094	0	5.49007e-06	0
0.00198192	0	5.49007e-06	0
0.0019929	0	5.49007e-06	0
0.00200388	0	5.49007e-06	0
0.00201486	0	5.49007e-06	0
0.00202584	0	5.49007e-06	0
0.00203682	0	5.49007e-06	0
0.0020478	0	5.49007e-06	0
0.00205878	0	5.49007e-06	0
0.00206976	0	5.49007e-06	0
0.00208074	0.200878	5.49007e-06	0.200878
