0	1150.5	7.46195e-06	18.3448
1.49239e-05	1150.5	7.46195e-06	18.3448
2.98478e-05	1150.06	7.46195e-06	18.3422
4.47717e-05	1149.09	7.46195e-06	18.3374
5.96956e-05	1147.61	7.46195e-06	18.3316
7.46195e-05	1145.93	7.46195e-06	18.3272
8.95434e-05	1127.22	7.46195e-06	13.4581
0.000104467	1124.07	7.46195e-06	13.4375
0.000119391	1121.06	7.46195e-06	13.4302
0.000134315	1117.11	7.46195e-06	13.4202
0.000149239	1112.92	7.46195e-06	13.4113
0.000164163	1108.64	7.46195e-06	13.4037
0.000179087	1103.72	7.46195e-06	13.3947
0.000194011	1097.56	7.46195e-06	13.382
0.000208935	1092.17	7.46195e-06	13.3748
0.000223858	1086.61	7.46195e-06	13.368
0.000238782	1080.08	7.46195e-06	13.3593
0.000253706	1073.82	7.46195e-06	13.3524
0.00026863	1066.73	7.46195e-06	13.3446
0.000283554	1059.57	7.46195e-06	13.3376
0.000298478	1051.62	7.46195e-06	13.3294
0.000313402	1043.19	7.46195e-06	13.3213
0.000328326	1016.07	7.46195e-06	3.06236
0.00034325	1007.2	7.46195e-06	3.02989
0.000358173	997.689	7.46195e-06	2.98585
0.000373097	988.176	7.46195e-06	2.95209
0.000388021	978.31	7.46195e-06	2.91858
0.000402945	967.99	7.46195e-06	2.88306
0.000417869	957.271	7.46195e-06	2.84253
0.000432793	946.743	7.46195e-06	2.81158
0.000447717	935.918	7.46195e-06	2.77979
0.000462641	924.633	7.46195e-06	2.74705
0.000477565	912.441	7.46195e-06	2.70748
0.000492488	900.223	7.46195e-06	2.66872
0.000507412	887.976	7.46195e-06	2.6345
0.000522336	875.609	7.46195e-06	2.60121
0.00053726	862.35	7.46195e-06	2.56255
0.000552184	849.259	7.46195e-06	2.50985
0.000567108	835.911	7.46195e-06	2.47101
0.000582032	822.332	7.46195e-06	2.43536
0.000596956	808.813	7.46195e-06	2.39787
0.00061188	795.206	7.46195e-06	2.36498
0.000626804	781.645	7.46195e-06	2.33292
0.000641727	767.928	7.46195e-06	2.30238
0.000656651	753.718	7.46195e-06	2.26745
0.000671575	739.845	7.46195e-06	2.23132
0.000686499	725.603	7.46195e-06	2.19903
0.000701423	710.88	7.46195e-06	2.16262
0.000716347	696.591	7.46195e-06	2.12808
0.000731271	681.898	7.46195e-06	2.09227
0.000746195	667.378	7.46195e-06	2.06109
0.000761119	651.718	7.46195e-06	1.90817
0.000776042	637.522	7.46195e-06	1.87918
0.000790966	622.737	7.46195e-06	1.84335
0.00080589	608.546	7.46195e-06	1.81499
0.000820814	593.823	7.46195e-06	1.78284
0.000835738	578.794	7.46195e-06	1.74846
0.000850662	564.183	7.46195e-06	1.71182
0.000865586	549.958	7.46195e-06	1.68282
0.00088051	535.353	7.46195e-06	1.64903
0.000895434	520.606	7.46195e-06	1.61045
0.000910358	506.371	7.46195e-06	1.58037
0.000925281	492.222	7.46195e-06	1.54849
0.000940205	478.276	7.46195e-06	1.518
0.000955129	464.635	7.46195e-06	1.49219
0.000970053	451.036	7.46195e-06	1.46182
0.000984977	436.853	7.46195e-06	1.4191
0.000999901	422.891	7.46195e-06	1.37779
0.00101482	409.611	7.46195e-06	1.35144
0.00102975	396.753	7.46195e-06	1.32759
0.00104467	383.727	7.46195e-06	1.29839
0.0010596	370.623	7.46195e-06	1.26385
0.00107452	358.122	7.46195e-06	1.23753
0.00108944	345.53	7.46195e-06	1.20972
0.00110437	333.608	7.46195e-06	1.18666
0.00111929	321.456	7.46195e-06	1.16106
0.00113422	309.475	7.46195e-06	1.11329
0.00114914	297.989	7.46195e-06	1.08681
0.00116406	286.904	7.46195e-06	1.06729
0.00117899	275.474	7.46195e-06	1.03811
0.00119391	264.523	7.46195e-06	0.991838
0.00120884	254.16	7.46195e-06	0.96818
0.00122376	244.237	7.46195e-06	0.948266
0.00123868	234.18	7.46195e-06	0.92465
0.00125361	224.66	7.46195e-06	0.907903
0.00126853	214.732	7.46195e-06	0.84384
0.00128345	205.504	7.46195e-06	0.823361
0.00129838	196.354	7.46195e-06	0.799802
0.0013133	187.916	7.46195e-06	0.784324
0.00132823	179.701	7.46195e-06	0.769221
0.00134315	171.667	7.46195e-06	0.750448
0.00135807	163.672	7.46195e-06	0.73079
0.001373	155.855	7.46195e-06	0.712961
0.00138792	148.472	7.46195e-06	0.69737
0.00140285	141.428	7.46195e-06	0.682194
0.00141777	134.596	7.46195e-06	0.666411
0.00143269	127.547	7.46195e-06	0.603934
0.00144762	121.057	7.46195e-06	0.58555
0.00146254	114.824	7.46195e-06	0.571849
0.00147747	108.971	7.46195e-06	0.560351
0.00149239	103.226	7.46195e-06	0.545163
0.00150731	97.8242	7.46195e-06	0.531023
0.00152224	92.3154	7.46195e-06	0.503738
0.00153716	87.3239	7.46195e-06	0.491849
0.00155208	82.4016	7.46195e-06	0.478399
0.00156701	77.8053	7.46195e-06	0.46783
0.00158193	73.5283	7.46195e-06	0.456678
0.00159686	69.1845	7.46195e-06	0.445525
0.00161178	65.3075	7.46195e-06	0.438132
0.0016267	61.412	7.46195e-06	0.422603
0.00164163	57.8246	7.46195e-06	0.413547
0.00165655	54.4093	7.46195e-06	0.404727
0.00167148	50.999	7.46195e-06	0.391604
0.0016864	47.9356	7.46195e-06	0.385438
0.00170132	44.8684	7.46195e-06	0.375018
0.00171625	42.045	7.46195e-06	0.367705
0.00173117	39.3279	7.46195e-06	0.360337
0.0017461	36.9868	7.46195e-06	0.355714
0.00176102	34.5756	7.46195e-06	0.350031
0.00177594	32.2427	7.46195e-06	0.343478
0.00179087	29.8384	7.46195e-06	0.329718
0.00180579	27.9515	7.46195e-06	0.326049
0.00182072	25.9338	7.46195e-06	0.320107
0.00183564	24.1071	7.46195e-06	0.315142
0.00185056	22.4225	7.46195e-06	0.308909
0.00186549	20.8887	7.46195e-06	0.304087
0.00188041	19.3649	7.46195e-06	0.292061
0.00189533	17.9328	7.46195e-06	0.28783
0.00191026	16.5875	7.46195e-06	0.281107
0.00192518	15.3521	7.46195e-06	0.278155
0.00194011	14.1649	7.46195e-06	0.274055
0.00195503	13.1056	7.46195e-06	0.271548
0.00196995	12.0679	7.46195e-06	0.268072
0.00198488	11.164	7.46195e-06	0.265891
0.0019998	10.2371	7.46195e-06	0.261685
0.00201473	9.41337	7.46195e-06	0.25891
0.00202965	8.64187	7.46195e-06	0.25684
0.00204457	7.95883	7.46195e-06	0.255126
0.0020595	7.3018	7.46195e-06	0.253628
0.00207442	6.69327	7.46195e-06	0.252233
0.00208935	6.05973	7.46195e-06	0.248876
0.00210427	5.54542	7.46195e-06	0.247467
0.00211919	5.08082	7.46195e-06	0.246348
0.00213412	4.58489	7.46195e-06	0.24448
0.00214904	4.1577	7.46195e-06	0.242787
0.00216396	3.75288	7.46195e-06	0.241251
0.00217889	3.46722	7.46195e-06	0.240728
0.00219381	3.15418	7.46195e-06	0.240074
0.00220874	2.81852	7.46195e-06	0.238406
0.00222366	2.24165	7.46195e-06	0.0572861
0.00223858	2.00616	7.46195e-06	0.0550858
0.00225351	1.812	7.46195e-06	0.0535654
0.00226843	1.57092	7.46195e-06	0.0480634
0.00228336	1.4073	7.46195e-06	0.0459621
0.00229828	1.23728	7.46195e-06	0.0440204
0.0023132	1.05161	7.46195e-06	0.0404576
0.00232813	0.900243	7.46195e-06	0.0381096
0.00234305	0.762812	7.46195e-06	0.035171
0.00235798	0.658118	7.46195e-06	0.0334599
0.0023729	0.550467	7.46195e-06	0.0297265
0.00238782	0.461457	7.46195e-06	0.0271063
0.00240275	0.379427	7.46195e-06	0.0248974
0.00241767	0.310198	7.46195e-06	0.0223334
0.00243259	0.261323	7.46195e-06	0.020849
0.00244752	0.208819	7.46195e-06	0.0183226
0.00246244	0.158805	7.46195e-06	0.0162559
0.00247737	0.128026	7.46195e-06	0.0153682
0.00249229	0.0966224	7.46195e-06	0.0135981
0.00250721	0.0675737	7.46195e-06	0.0119953
0.00252214	0.0411994	7.46195e-06	0.00930611
0.00253706	0.0250336	7.46195e-06	0.00731135
0.00255199	0.0139432	7.46195e-06	0.00597642
