0	1125.73	7.36165e-06	4.31687
1.47233e-05	1125.47	7.36165e-06	4.27944
2.94466e-05	1124.89	7.36165e-06	4.25608
4.41699e-05	1123.9	7.36165e-06	4.23199
5.88932e-05	1122.36	7.36165e-06	4.20326
7.36165e-05	1120.36	7.36165e-06	4.1688
8.83398e-05	1118.03	7.36165e-06	4.13931
0.000103063	1115.26	7.36165e-06	4.10884
0.000117786	1112.37	7.36165e-06	4.08043
0.00013251	1109	7.36165e-06	4.05387
0.000147233	1104.88	7.36165e-06	4.0212
0.000161956	1100.57	7.36165e-06	3.9904
0.00017668	1095.33	7.36165e-06	3.94843
0.000191403	1089.98	7.36165e-06	3.91733
0.000206126	1084.56	7.36165e-06	3.88983
0.00022085	1078.91	7.36165e-06	3.86252
0.000235573	1072.87	7.36165e-06	3.83678
0.000250296	1065.68	7.36165e-06	3.77429
0.00026502	1058.95	7.36165e-06	3.74795
0.000279743	1051.78	7.36165e-06	3.71965
0.000294466	1043.85	7.36165e-06	3.68379
0.000309189	1035.6	7.36165e-06	3.65363
0.000323913	1027.32	7.36165e-06	3.62272
0.000338636	1018.54	7.36165e-06	3.59355
0.000353359	1009.21	7.36165e-06	3.55686
0.000368083	999.586	7.36165e-06	3.52576
0.000382806	990.248	7.36165e-06	3.49934
0.000397529	980.221	7.36165e-06	3.47162
0.000412253	969.704	7.36165e-06	3.43957
0.000426976	958.771	7.36165e-06	3.39947
0.000441699	947.902	7.36165e-06	3.36898
0.000456423	936.719	7.36165e-06	3.3415
0.000471146	924.948	7.36165e-06	3.31205
0.000485869	913.244	7.36165e-06	3.28421
0.000500592	901.024	7.36165e-06	3.25311
0.000515316	889.393	7.36165e-06	3.22847
0.000530039	876.54	7.36165e-06	3.19777
0.000544762	863.568	7.36165e-06	3.16852
0.000559486	850.618	7.36165e-06	3.13648
0.000574209	837.672	7.36165e-06	3.10994
0.000588932	823.775	7.36165e-06	3.05964
0.000603656	810.379	7.36165e-06	3.03403
0.000618379	796.515	7.36165e-06	3.00742
0.000633102	782.848	7.36165e-06	2.98184
0.000647826	769.165	7.36165e-06	2.95815
0.000662549	755.35	7.36165e-06	2.93402
0.000677272	741.359	7.36165e-06	2.90845
0.000691995	727.133	7.36165e-06	2.87906
0.000706719	713.037	7.36165e-06	2.85672
0.000721442	698.616	7.36165e-06	2.83218
0.000736165	681.339	7.36165e-06	2.07353
0.000750889	666.651	7.36165e-06	2.03834
0.000765612	652.025	7.36165e-06	2.00682
0.000780335	637.906	7.36165e-06	1.97956
0.000795059	623.579	7.36165e-06	1.95179
0.000809782	609.133	7.36165e-06	1.92298
0.000824505	594.102	7.36165e-06	1.859
0.000839229	579.517	7.36165e-06	1.82882
0.000853952	564.371	7.36165e-06	1.7609
0.000868675	549.977	7.36165e-06	1.73017
0.000883398	535.895	7.36165e-06	1.70475
0.000898122	521.754	7.36165e-06	1.67826
0.000912845	506.475	7.36165e-06	1.4883
0.000927568	492.352	7.36165e-06	1.45532
0.000942292	478.117	7.36165e-06	1.42226
0.000957015	463.905	7.36165e-06	1.3821
0.000971738	450.223	7.36165e-06	1.35467
0.000986462	437.201	7.36165e-06	1.32696
0.00100118	423.866	7.36165e-06	1.29782
0.00101591	410.626	7.36165e-06	1.2733
0.00103063	397.504	7.36165e-06	1.23953
0.00104535	384.599	7.36165e-06	1.21197
0.00106008	371.986	7.36165e-06	1.18842
0.0010748	359.474	7.36165e-06	1.16201
0.00108952	346.783	7.36165e-06	1.10088
0.00110425	334.982	7.36165e-06	1.07834
0.00111897	323.433	7.36165e-06	1.05761
0.00113369	311.861	7.36165e-06	1.03508
0.00114842	300.49	7.36165e-06	1.01195
0.00116314	289.084	7.36165e-06	0.982276
0.00117786	278.296	7.36165e-06	0.960709
0.00119259	267.354	7.36165e-06	0.930993
0.00120731	256.177	7.36165e-06	0.783517
0.00122203	246.186	7.36165e-06	0.763277
0.00123676	236.273	7.36165e-06	0.737359
0.00125148	226.588	7.36165e-06	0.705759
0.0012662	217.032	7.36165e-06	0.680183
0.00128093	207.734	7.36165e-06	0.654905
0.00129565	198.864	7.36165e-06	0.634537
0.00131037	189.936	7.36165e-06	0.611638
0.0013251	181.378	7.36165e-06	0.58949
0.00133982	173.097	7.36165e-06	0.567707
0.00135454	165.135	7.36165e-06	0.542533
0.00136927	157.625	7.36165e-06	0.526965
0.00138399	150.303	7.36165e-06	0.507316
0.00139871	142.973	7.36165e-06	0.487288
0.00141344	136.138	7.36165e-06	0.473194
0.00142816	129.296	7.36165e-06	0.455957
0.00144288	123.017	7.36165e-06	0.443217
0.00145761	116.888	7.36165e-06	0.430049
0.00147233	111.101	7.36165e-06	0.417688
0.00148705	105.434	7.36165e-06	0.40438
0.00150178	100.003	7.36165e-06	0.391821
0.0015165	94.6834	7.36165e-06	0.378564
0.00153122	89.606	7.36165e-06	0.364519
0.00154595	84.6674	7.36165e-06	0.350707
0.00156067	80.1055	7.36165e-06	0.340939
0.00157539	75.675	7.36165e-06	0.330999
0.00159012	71.4372	7.36165e-06	0.321
0.00160484	67.201	7.36165e-06	0.301141
0.00161956	63.2711	7.36165e-06	0.290193
0.00163429	59.4855	7.36165e-06	0.279462
0.00164901	55.92	7.36165e-06	0.2647
0.00166373	52.6338	7.36165e-06	0.254423
0.00167846	49.3842	7.36165e-06	0.245088
0.00169318	46.3474	7.36165e-06	0.237125
0.0017079	43.371	7.36165e-06	0.228459
0.00172263	40.7116	7.36165e-06	0.221077
0.00173735	38.0537	7.36165e-06	0.20979
0.00175207	35.6783	7.36165e-06	0.203574
0.0017668	33.3511	7.36165e-06	0.196322
0.00178152	31.0343	7.36165e-06	0.188944
0.00179624	28.8978	7.36165e-06	0.181046
0.00181097	26.9775	7.36165e-06	0.175223
0.00182569	25.1315	7.36165e-06	0.169849
0.00184041	23.4008	7.36165e-06	0.163934
0.00185514	21.6453	7.36165e-06	0.147635
0.00186986	20.1164	7.36165e-06	0.142562
0.00188458	18.6682	7.36165e-06	0.136951
0.00189931	17.2527	7.36165e-06	0.132542
0.00191403	15.9582	7.36165e-06	0.123786
0.00192875	14.796	7.36165e-06	0.116416
0.00194348	13.6449	7.36165e-06	0.110507
0.0019582	12.5437	7.36165e-06	0.103844
0.00197292	11.5375	7.36165e-06	0.099244
0.00198765	10.6346	7.36165e-06	0.0945741
0.00200237	9.79022	7.36165e-06	0.0901317
0.00201709	8.98941	7.36165e-06	0.086034
0.00203182	8.26053	7.36165e-06	0.0826873
0.00204654	7.53565	7.36165e-06	0.0777603
0.00206126	6.87244	7.36165e-06	0.0742775
0.00207599	6.25994	7.36165e-06	0.0697684
0.00209071	5.66814	7.36165e-06	0.0639432
0.00210543	5.15748	7.36165e-06	0.0612986
0.00212016	4.67777	7.36165e-06	0.0585726
0.00213488	4.23762	7.36165e-06	0.0557431
0.0021496	3.79839	7.36165e-06	0.0489655
0.00216433	3.42534	7.36165e-06	0.0463385
0.00217905	3.10619	7.36165e-06	0.0443541
0.00219377	2.78722	7.36165e-06	0.0414809
0.0022085	2.48203	7.36165e-06	0.039142
0.00222322	2.21639	7.36165e-06	0.0359168
0.00223794	1.952	7.36165e-06	0.0333168
0.00225267	1.72811	7.36165e-06	0.0313238
0.00226739	1.52917	7.36165e-06	0.028995
0.00228211	1.33109	7.36165e-06	0.0269735
0.00229684	1.16256	7.36165e-06	0.025216
0.00231156	1.01192	7.36165e-06	0.0234294
0.00232628	0.867659	7.36165e-06	0.021447
0.00234101	0.739641	7.36165e-06	0.0194908
0.00235573	0.638327	7.36165e-06	0.0177036
0.00237045	0.546021	7.36165e-06	0.0158079
0.00238518	0.451447	7.36165e-06	0.0143026
0.0023999	0.37762	7.36165e-06	0.0129733
0.00241462	0.306029	7.36165e-06	0.0114293
0.00242935	0.248182	7.36165e-06	0.0103329
0.00244407	0.184657	7.36165e-06	0.00850538
0.00245879	0.146472	7.36165e-06	0.00760754
0.00247352	0.105062	7.36165e-06	0.00628902
0.00248824	0.0824106	7.36165e-06	0.0055579
0.00250296	0.0618952	7.36165e-06	0.00484691
0.00251769	0.0345943	7.36165e-06	0.00360076
0.00253241	0.0195329	7.36165e-06	0.00262454
0.00254713	0.0100927	7.36165e-06	0.00185863
0.00256186	0.00434661	7.36165e-06	0.00121153
0.00257658	0.000976962	7.36165e-06	0.000565787
