0	1127.94	7.37059e-06	3.84911
1.47412e-05	1127.75	7.37059e-06	3.82605
2.94824e-05	1127.07	7.37059e-06	3.78322
4.42236e-05	1126.09	7.37059e-06	3.75589
5.89648e-05	1124.46	7.37059e-06	3.71593
7.37059e-05	1122.13	7.37059e-06	3.66649
8.84471e-05	1119.78	7.37059e-06	3.63024
0.000103188	1117.03	7.37059e-06	3.59601
0.00011793	1113.82	7.37059e-06	3.55978
0.000132671	1109.24	7.37059e-06	3.4354
0.000147412	1105.31	7.37059e-06	3.40073
0.000162153	1100.87	7.37059e-06	3.36139
0.000176894	1096.59	7.37059e-06	3.33423
0.000191635	1091.7	7.37059e-06	3.30154
0.000206377	1085.78	7.37059e-06	3.25624
0.000221118	1080.1	7.37059e-06	3.22311
0.000235859	1074.03	7.37059e-06	3.1901
0.0002506	1067.46	7.37059e-06	3.15674
0.000265341	1060.3	7.37059e-06	3.11667
0.000280083	1052.33	7.37059e-06	3.0718
0.000294824	1044.98	7.37059e-06	3.0404
0.000309565	1036.59	7.37059e-06	2.99344
0.000324306	1027.54	7.37059e-06	2.94324
0.000339047	1018.76	7.37059e-06	2.90739
0.000353789	1009.55	7.37059e-06	2.87095
0.00036853	999.957	7.37059e-06	2.82865
0.000383271	989.698	7.37059e-06	2.78328
0.000398012	979.681	7.37059e-06	2.74675
0.000412753	969.237	7.37059e-06	2.70755
0.000427494	958.311	7.37059e-06	2.6695
0.000442236	946.846	7.37059e-06	2.62579
0.000456977	935.521	7.37059e-06	2.58603
0.000471718	923.878	7.37059e-06	2.54495
0.000486459	911.714	7.37059e-06	2.5062
0.0005012	899.611	7.37059e-06	2.46924
0.000515942	887.321	7.37059e-06	2.43207
0.000530683	874.587	7.37059e-06	2.38998
0.000545424	861.292	7.37059e-06	2.32501
0.000560165	848.375	7.37059e-06	2.28684
0.000574906	835.479	7.37059e-06	2.25197
0.000589648	822.037	7.37059e-06	2.21178
0.000604389	808.386	7.37059e-06	2.16796
0.00061913	794.719	7.37059e-06	2.12787
0.000633871	781.159	7.37059e-06	2.09139
0.000648612	767.327	7.37059e-06	2.05653
0.000663353	753.294	7.37059e-06	2.01671
0.000678095	738.89	7.37059e-06	1.97976
0.000692836	724.624	7.37059e-06	1.94511
0.000707577	710.218	7.37059e-06	1.90803
0.000722318	695.571	7.37059e-06	1.86664
0.000737059	681.049	7.37059e-06	1.83212
0.000751801	665.809	7.37059e-06	1.76419
0.000766542	650.899	7.37059e-06	1.72781
0.000781283	636.449	7.37059e-06	1.69027
0.000796024	622.027	7.37059e-06	1.6591
0.000810765	606.442	7.37059e-06	1.56119
0.000825507	591.745	7.37059e-06	1.52456
0.000840248	577.237	7.37059e-06	1.49197
0.000854989	562.143	7.37059e-06	1.44756
0.00086973	547.808	7.37059e-06	1.41572
0.000884471	533.374	7.37059e-06	1.38351
0.000899212	519.354	7.37059e-06	1.3542
0.000913954	505.205	7.37059e-06	1.32113
0.000928695	491.112	7.37059e-06	1.28902
0.000943436	476.877	7.37059e-06	1.25654
0.000958177	462.989	7.37059e-06	1.22324
0.000972918	449.281	7.37059e-06	1.1905
0.00098766	435.687	7.37059e-06	1.16197
0.0010024	422.367	7.37059e-06	1.13515
0.00101714	409.164	7.37059e-06	1.10209
0.00103188	396.107	7.37059e-06	1.07233
0.00104662	383.172	7.37059e-06	1.04268
0.00106137	370.49	7.37059e-06	1.0173
0.00107611	357.976	7.37059e-06	0.985808
0.00109085	345.646	7.37059e-06	0.959368
0.00110559	333.518	7.37059e-06	0.935292
0.00112033	321.606	7.37059e-06	0.908863
0.00113507	310.181	7.37059e-06	0.8875
0.00114981	298.761	7.37059e-06	0.861752
0.00116455	287.473	7.37059e-06	0.838638
0.0011793	276.639	7.37059e-06	0.817778
0.00119404	266.008	7.37059e-06	0.796292
0.00120878	255.646	7.37059e-06	0.776205
0.00122352	245.504	7.37059e-06	0.755313
0.00123826	235.291	7.37059e-06	0.724877
0.001253	225.735	7.37059e-06	0.70383
0.00126774	216.47	7.37059e-06	0.687346
0.00128248	206.956	7.37059e-06	0.619321
0.00129722	198.24	7.37059e-06	0.602698
0.00131197	189.654	7.37059e-06	0.582623
0.00132671	181.219	7.37059e-06	0.565608
0.00134145	173.079	7.37059e-06	0.550123
0.00135619	165.252	7.37059e-06	0.535602
0.00137093	157.752	7.37059e-06	0.520063
0.00138567	150.452	7.37059e-06	0.506867
0.00140041	143.144	7.37059e-06	0.489683
0.00141515	136.266	7.37059e-06	0.476401
0.0014299	129.665	7.37059e-06	0.464582
0.00144464	123.256	7.37059e-06	0.452298
0.00145938	117.045	7.37059e-06	0.436791
0.00147412	111.255	7.37059e-06	0.426891
0.00148886	105.509	7.37059e-06	0.414895
0.0015036	99.9633	7.37059e-06	0.403478
0.00151834	94.3998	7.37059e-06	0.387788
0.00153308	89.2665	7.37059e-06	0.377053
0.00154782	84.3885	7.37059e-06	0.3666
0.00156257	79.4323	7.37059e-06	0.311659
0.00157731	75.001	7.37059e-06	0.301844
0.00159205	70.7222	7.37059e-06	0.292965
0.00160679	66.6467	7.37059e-06	0.283765
0.00162153	62.6998	7.37059e-06	0.274911
0.00163627	59.0198	7.37059e-06	0.267638
0.00165101	55.5882	7.37059e-06	0.261266
0.00166575	52.0411	7.37059e-06	0.213181
0.0016805	48.6847	7.37059e-06	0.195451
0.00169524	45.7052	7.37059e-06	0.188217
0.00170998	42.8301	7.37059e-06	0.181008
0.00172472	40.0447	7.37059e-06	0.1722
0.00173946	37.4753	7.37059e-06	0.164212
0.0017542	34.985	7.37059e-06	0.157353
0.00176894	32.7075	7.37059e-06	0.151119
0.00178368	30.5485	7.37059e-06	0.145165
0.00179842	28.4718	7.37059e-06	0.13775
0.00181317	26.4659	7.37059e-06	0.130747
0.00182791	24.6761	7.37059e-06	0.125577
0.00184265	22.9636	7.37059e-06	0.119363
0.00185739	21.263	7.37059e-06	0.113271
0.00187213	19.7603	7.37059e-06	0.107959
0.00188687	18.2983	7.37059e-06	0.102229
0.00190161	16.9001	7.37059e-06	0.0975515
0.00191635	15.6021	7.37059e-06	0.0928187
0.0019311	14.4215	7.37059e-06	0.088955
0.00194584	13.3234	7.37059e-06	0.0848092
0.00196058	12.3026	7.37059e-06	0.0806614
0.00197532	11.3447	7.37059e-06	0.0757318
0.00199006	10.4247	7.37059e-06	0.0722166
0.0020048	9.59369	7.37059e-06	0.0689765
0.00201954	8.77601	7.37059e-06	0.0655075
0.00203428	8.04413	7.37059e-06	0.0625096
0.00204903	7.33273	7.37059e-06	0.0594257
0.00206377	6.6578	7.37059e-06	0.054823
0.00207851	6.0689	7.37059e-06	0.0521961
0.00209325	5.52736	7.37059e-06	0.0493514
0.00210799	5.01949	7.37059e-06	0.04659
0.00212273	4.53789	7.37059e-06	0.0439522
0.00213747	4.09834	7.37059e-06	0.0412759
0.00215221	3.71893	7.37059e-06	0.0392156
0.00216695	3.33665	7.37059e-06	0.0367684
0.0021817	2.99766	7.37059e-06	0.0345934
0.00219644	2.67639	7.37059e-06	0.0324983
0.00221118	2.37406	7.37059e-06	0.0302543
0.00222592	2.09957	7.37059e-06	0.0282266
0.00224066	1.87284	7.37059e-06	0.0264822
0.0022554	1.66222	7.37059e-06	0.0247612
0.00227014	1.46304	7.37059e-06	0.0230723
0.00228488	1.28751	7.37059e-06	0.021504
0.00229963	1.10845	7.37059e-06	0.0197726
0.00231437	0.949094	7.37059e-06	0.018124
0.00232911	0.821335	7.37059e-06	0.0168132
0.00234385	0.710748	7.37059e-06	0.015537
0.00235859	0.612695	7.37059e-06	0.0143376
0.00237333	0.518537	7.37059e-06	0.0131408
0.00238807	0.430954	7.37059e-06	0.0118866
0.00240281	0.360994	7.37059e-06	0.0108114
0.00241755	0.307484	7.37059e-06	0.00994485
0.0024323	0.241342	7.37059e-06	0.00875085
0.00244704	0.186169	7.37059e-06	0.00765009
0.00246178	0.141997	7.37059e-06	0.00663298
0.00247652	0.102506	7.37059e-06	0.00560958
0.00249126	0.0752138	7.37059e-06	0.00476284
0.002506	0.0529141	7.37059e-06	0.00397979
0.00252074	0.0337104	7.37059e-06	0.00315909
0.00253548	0.0182823	7.37059e-06	0.00231259
0.00255023	0.00856983	7.37059e-06	0.00156731
0.00256497	0.00484283	7.37059e-06	0.00117643
