0	1125.82	7.37481e-06	3.95883
1.47496e-05	1125.72	7.37481e-06	3.9526
2.94993e-05	1125.22	7.37481e-06	3.93542
4.42489e-05	1124.04	7.37481e-06	3.89994
5.89985e-05	1122.83	7.37481e-06	3.88147
7.37481e-05	1120.85	7.37481e-06	3.85068
8.84978e-05	1118.47	7.37481e-06	3.81739
0.000103247	1115.61	7.37481e-06	3.78624
0.000117997	1112.51	7.37481e-06	3.75756
0.000132747	1109.28	7.37481e-06	3.732
0.000147496	1105.37	7.37481e-06	3.70295
0.000162246	1100.72	7.37481e-06	3.66745
0.000176996	1095.87	7.37481e-06	3.63346
0.000191745	1090.97	7.37481e-06	3.60615
0.000206495	1085.22	7.37481e-06	3.5682
0.000221244	1078.87	7.37481e-06	3.52901
0.000235994	1072.72	7.37481e-06	3.49954
0.000250744	1066.09	7.37481e-06	3.46981
0.000265493	1058.79	7.37481e-06	3.43081
0.000280243	1051.31	7.37481e-06	3.39578
0.000294993	1043.55	7.37481e-06	3.36245
0.000309742	1035.46	7.37481e-06	3.32779
0.000324492	1026.89	7.37481e-06	3.29427
0.000339241	1016.65	7.37481e-06	3.05559
0.000353991	1007.15	7.37481e-06	3.01603
0.000368741	997.882	7.37481e-06	2.98195
0.00038349	988.357	7.37481e-06	2.95003
0.00039824	978.605	7.37481e-06	2.91852
0.00041299	967.789	7.37481e-06	2.87564
0.000427739	957.368	7.37481e-06	2.84394
0.000442489	946.303	7.37481e-06	2.80904
0.000457238	934.958	7.37481e-06	2.77462
0.000471988	923.568	7.37481e-06	2.74156
0.000486738	911.54	7.37481e-06	2.70594
0.000501487	899.09	7.37481e-06	2.6671
0.000516237	886.815	7.37481e-06	2.62962
0.000530987	874.236	7.37481e-06	2.59445
0.000545736	861.206	7.37481e-06	2.54916
0.000560486	847.952	7.37481e-06	2.4976
0.000575236	834.609	7.37481e-06	2.42157
0.000589985	821.168	7.37481e-06	2.38822
0.000604735	807.65	7.37481e-06	2.35382
0.000619484	793.606	7.37481e-06	2.31321
0.000634234	779.807	7.37481e-06	2.27962
0.000648984	766.113	7.37481e-06	2.24625
0.000663733	752.349	7.37481e-06	2.21041
0.000678483	738.17	7.37481e-06	2.13396
0.000693233	723.597	7.37481e-06	2.09129
0.000707982	708.997	7.37481e-06	2.04949
0.000722732	694.448	7.37481e-06	2.01445
0.000737481	679.744	7.37481e-06	1.97649
0.000752231	665.184	7.37481e-06	1.94143
0.000766981	650.876	7.37481e-06	1.91072
0.00078173	636.102	7.37481e-06	1.87523
0.00079648	621.446	7.37481e-06	1.84352
0.00081123	607.534	7.37481e-06	1.81537
0.000825979	593.073	7.37481e-06	1.78642
0.000840729	577.795	7.37481e-06	1.73863
0.000855478	563.377	7.37481e-06	1.70711
0.000870228	549.064	7.37481e-06	1.67725
0.000884978	534.477	7.37481e-06	1.63839
0.000899727	520.423	7.37481e-06	1.60868
0.000914477	506.089	7.37481e-06	1.57842
0.000929227	491.917	7.37481e-06	1.53902
0.000943976	477.436	7.37481e-06	1.49649
0.000958726	463.25	7.37481e-06	1.4572
0.000973475	449.092	7.37481e-06	1.4258
0.000988225	435.682	7.37481e-06	1.39042
0.00100297	422.648	7.37481e-06	1.36669
0.00101772	409.019	7.37481e-06	1.33698
0.00103247	396.027	7.37481e-06	1.31296
0.00104722	383.177	7.37481e-06	1.29038
0.00106197	370.545	7.37481e-06	1.26779
0.00107672	358.28	7.37481e-06	1.24561
0.00109147	346.391	7.37481e-06	1.22727
0.00110622	334.527	7.37481e-06	1.20655
0.00112097	322.557	7.37481e-06	1.18484
0.00113572	310.751	7.37481e-06	1.13616
0.00115047	299.311	7.37481e-06	1.099
0.00116522	288.175	7.37481e-06	1.07838
0.00117997	276.315	7.37481e-06	0.850372
0.00119472	265.657	7.37481e-06	0.824504
0.00120947	255.459	7.37481e-06	0.804812
0.00122422	245.091	7.37481e-06	0.775239
0.00123897	235.232	7.37481e-06	0.754218
0.00125372	225.718	7.37481e-06	0.73421
0.00126847	216.26	7.37481e-06	0.713397
0.00128322	207	7.37481e-06	0.695175
0.00129797	198.079	7.37481e-06	0.674655
0.00131272	189.356	7.37481e-06	0.65407
0.00132747	181.167	7.37481e-06	0.638455
0.00134222	173.086	7.37481e-06	0.620692
0.00135697	165.465	7.37481e-06	0.604881
0.00137172	157.895	7.37481e-06	0.588029
0.00138647	150.622	7.37481e-06	0.573743
0.00140121	143.525	7.37481e-06	0.556631
0.00141596	136.638	7.37481e-06	0.539518
0.00143071	129.946	7.37481e-06	0.525959
0.00144546	123.202	7.37481e-06	0.50785
0.00146021	116.704	7.37481e-06	0.455819
0.00147496	110.655	7.37481e-06	0.43964
0.00148971	105.019	7.37481e-06	0.427851
0.00150446	99.5214	7.37481e-06	0.416293
0.00151921	94.2051	7.37481e-06	0.404635
0.00153396	89.1441	7.37481e-06	0.392909
0.00154871	84.2219	7.37481e-06	0.371236
0.00156346	79.679	7.37481e-06	0.361309
0.00157821	75.0952	7.37481e-06	0.344461
0.00159296	70.7936	7.37481e-06	0.32826
0.00160771	66.757	7.37481e-06	0.31814
0.00162246	62.6692	7.37481e-06	0.306807
0.00163721	58.9818	7.37481e-06	0.29307
0.00165196	55.452	7.37481e-06	0.266251
0.00166671	52.1516	7.37481e-06	0.256437
0.00168146	48.9457	7.37481e-06	0.24766
0.00169621	45.9348	7.37481e-06	0.238395
0.00171096	43.1404	7.37481e-06	0.231508
0.00172571	40.4101	7.37481e-06	0.224177
0.00174046	37.794	7.37481e-06	0.213571
0.00175521	35.2768	7.37481e-06	0.203569
0.00176996	32.9722	7.37481e-06	0.196642
0.00178471	30.8209	7.37481e-06	0.190513
0.00179945	28.8034	7.37481e-06	0.184434
0.0018142	26.8277	7.37481e-06	0.178474
0.00182895	24.9114	7.37481e-06	0.167922
0.0018437	23.112	7.37481e-06	0.162097
0.00185845	21.3931	7.37481e-06	0.151568
0.0018732	19.8219	7.37481e-06	0.145139
0.00188795	18.3357	7.37481e-06	0.137684
0.0019027	16.9363	7.37481e-06	0.129929
0.00191745	15.7015	7.37481e-06	0.124939
0.0019322	14.5101	7.37481e-06	0.118822
0.00194695	13.3756	7.37481e-06	0.11424
0.0019617	12.3392	7.37481e-06	0.109226
0.00197645	11.2885	7.37481e-06	0.10162
0.0019912	10.4106	7.37481e-06	0.0976802
0.00200595	9.49943	7.37481e-06	0.0911948
0.0020207	8.73008	7.37481e-06	0.0879402
0.00203545	8.00554	7.37481e-06	0.0849664
0.0020502	7.27497	7.37481e-06	0.0804476
0.00206495	6.62472	7.37481e-06	0.0763841
0.0020797	6.00542	7.37481e-06	0.0696739
0.00209445	5.46817	7.37481e-06	0.0656504
0.0021092	4.9844	7.37481e-06	0.0629182
0.00212395	4.49354	7.37481e-06	0.0596161
0.0021387	4.05829	7.37481e-06	0.0566058
0.00215345	3.67371	7.37481e-06	0.0535934
0.0021682	3.31646	7.37481e-06	0.0514691
0.00218295	2.96249	7.37481e-06	0.0465675
0.00219769	2.6406	7.37481e-06	0.0428243
0.00221244	2.36414	7.37481e-06	0.0410461
0.00222719	2.10116	7.37481e-06	0.0390165
0.00224194	1.86938	7.37481e-06	0.036269
0.00225669	1.66468	7.37481e-06	0.0343415
0.00227144	1.46052	7.37481e-06	0.0316197
0.00228619	1.28869	7.37481e-06	0.030161
0.00230094	1.11424	7.37481e-06	0.0273307
0.00231569	0.974221	7.37481e-06	0.0224045
0.00233044	0.848175	7.37481e-06	0.0206518
0.00234519	0.731126	7.37481e-06	0.0191933
0.00235994	0.624914	7.37481e-06	0.0178325
0.00237469	0.519631	7.37481e-06	0.0153234
0.00238944	0.433721	7.37481e-06	0.0136511
0.00240419	0.357954	7.37481e-06	0.0122392
0.00241894	0.287743	7.37481e-06	0.0107749
0.00243369	0.23453	7.37481e-06	0.00976689
0.00244844	0.193231	7.37481e-06	0.00876586
0.00246319	0.14618	7.37481e-06	0.00760333
0.00247794	0.112496	7.37481e-06	0.00663567
0.00249269	0.0798885	7.37481e-06	0.0054147
0.00250744	0.0548308	7.37481e-06	0.00445746
0.00252219	0.0328806	7.37481e-06	0.00340475
0.00253694	0.017163	7.37481e-06	0.00240632
0.00255169	0.00767294	7.37481e-06	0.00160759
0.00256644	0.00240893	7.37481e-06	0.000912404
