0	1124.67	7.3605e-06	3.7677
1.4721e-05	1124.48	7.3605e-06	3.7467
2.9442e-05	1123.98	7.3605e-06	3.7295
4.4163e-05	1123.03	7.3605e-06	3.70395
5.8884e-05	1121.7	7.3605e-06	3.67885
7.3605e-05	1119.82	7.3605e-06	3.64926
8.8326e-05	1117.67	7.3605e-06	3.6189
0.000103047	1114.88	7.3605e-06	3.58678
0.000117768	1111.56	7.3605e-06	3.55135
0.000132489	1108.31	7.3605e-06	3.52422
0.00014721	1104.53	7.3605e-06	3.4961
0.000161931	1100.08	7.3605e-06	3.4593
0.000176652	1095.42	7.3605e-06	3.42655
0.000191373	1090.75	7.3605e-06	3.40064
0.000206094	1085.31	7.3605e-06	3.36956
0.000220815	1079.22	7.3605e-06	3.33485
0.000235536	1073.53	7.3605e-06	3.30962
0.000250257	1066.92	7.3605e-06	3.27655
0.000264978	1060.12	7.3605e-06	3.24561
0.000279699	1052.9	7.3605e-06	3.21549
0.00029442	1045.22	7.3605e-06	3.18365
0.000309141	1037.2	7.3605e-06	3.15055
0.000323862	1028.63	7.3605e-06	3.11392
0.000338583	1019.86	7.3605e-06	3.08048
0.000353304	1010.84	7.3605e-06	3.04887
0.000368025	1001.23	7.3605e-06	3.01374
0.000382746	991.275	7.3605e-06	2.97749
0.000397467	981.132	7.3605e-06	2.94435
0.000412188	970.697	7.3605e-06	2.90659
0.000426909	959.743	7.3605e-06	2.86944
0.00044163	949.105	7.3605e-06	2.83858
0.000456351	937.726	7.3605e-06	2.80508
0.000471072	925.596	7.3605e-06	2.76879
0.000485793	913.255	7.3605e-06	2.71807
0.000500514	901.259	7.3605e-06	2.68262
0.000515235	889.041	7.3605e-06	2.64422
0.000529956	876.014	7.3605e-06	2.59059
0.000544677	863.511	7.3605e-06	2.55728
0.000559398	850.61	7.3605e-06	2.52472
0.000574119	837.566	7.3605e-06	2.47693
0.00058884	824.262	7.3605e-06	2.44466
0.000603561	810.055	7.3605e-06	2.39436
0.000618282	796.54	7.3605e-06	2.36113
0.000633003	783.395	7.3605e-06	2.3319
0.000647724	769.732	7.3605e-06	2.293
0.000662445	754.682	7.3605e-06	2.17835
0.000677166	740.303	7.3605e-06	2.14308
0.000691887	725.978	7.3605e-06	2.10043
0.000706608	711.375	7.3605e-06	2.06601
0.000721329	696.754	7.3605e-06	2.02605
0.00073605	682.197	7.3605e-06	1.99299
0.000750771	667.57	7.3605e-06	1.95893
0.000765492	652.679	7.3605e-06	1.91679
0.000780213	637.612	7.3605e-06	1.87375
0.000794934	622.813	7.3605e-06	1.82635
0.000809655	608.404	7.3605e-06	1.79466
0.000824376	593.536	7.3605e-06	1.76035
0.000839097	579.325	7.3605e-06	1.73246
0.000853818	564.569	7.3605e-06	1.70178
0.000868539	549.853	7.3605e-06	1.66659
0.00088326	535.62	7.3605e-06	1.63727
0.000897981	521.25	7.3605e-06	1.59834
0.000912702	506.268	7.3605e-06	1.53546
0.000927423	492.359	7.3605e-06	1.5025
0.000942144	478.171	7.3605e-06	1.4591
0.000956865	464.532	7.3605e-06	1.43152
0.000971586	451.022	7.3605e-06	1.40611
0.000986307	437.44	7.3605e-06	1.3756
0.00100103	422.912	7.3605e-06	1.24649
0.00101575	409.985	7.3605e-06	1.22116
0.00103047	397.265	7.3605e-06	1.19703
0.00104519	384.011	7.3605e-06	1.15528
0.00105991	371.265	7.3605e-06	1.12911
0.00107463	358.548	7.3605e-06	1.10085
0.00108935	346.589	7.3605e-06	1.07793
0.00110407	334.661	7.3605e-06	1.05099
0.0011188	323.162	7.3605e-06	1.02914
0.00113352	311.069	7.3605e-06	0.994504
0.00114824	299.551	7.3605e-06	0.969338
0.00116296	288.886	7.3605e-06	0.949585
0.00117768	277.711	7.3605e-06	0.916078
0.0011924	267.124	7.3605e-06	0.894717
0.00120712	256.869	7.3605e-06	0.870979
0.00122184	246.516	7.3605e-06	0.837981
0.00123656	236.505	7.3605e-06	0.812915
0.00125128	226.859	7.3605e-06	0.792241
0.00126601	217.632	7.3605e-06	0.774289
0.00128073	208.662	7.3605e-06	0.757237
0.00129545	199.537	7.3605e-06	0.733272
0.00131017	190.632	7.3605e-06	0.713037
0.00132489	182.477	7.3605e-06	0.697698
0.00133961	174.102	7.3605e-06	0.679534
0.00135433	166.025	7.3605e-06	0.652152
0.00136905	158.424	7.3605e-06	0.633933
0.00138377	151.034	7.3605e-06	0.615931
0.00139849	143.965	7.3605e-06	0.597709
0.00141322	136.822	7.3605e-06	0.580534
0.00142794	129.826	7.3605e-06	0.533848
0.00144266	123.387	7.3605e-06	0.510329
0.00145738	117.353	7.3605e-06	0.496963
0.0014721	111.258	7.3605e-06	0.478266
0.00148682	105.422	7.3605e-06	0.451624
0.00150154	99.9185	7.3605e-06	0.43925
0.00151626	94.7068	7.3605e-06	0.426823
0.00153098	89.5609	7.3605e-06	0.414239
0.0015457	84.8374	7.3605e-06	0.40172
0.00156043	79.9427	7.3605e-06	0.377655
0.00157515	75.6091	7.3605e-06	0.368032
0.00158987	71.2423	7.3605e-06	0.354149
0.00160459	67.0855	7.3605e-06	0.341701
0.00161931	63.2523	7.3605e-06	0.331775
0.00163403	59.5497	7.3605e-06	0.321645
0.00164875	55.9613	7.3605e-06	0.31061
0.00166347	52.5821	7.3605e-06	0.301606
0.00167819	49.2755	7.3605e-06	0.289968
0.00169291	46.1752	7.3605e-06	0.271557
0.00170764	43.2353	7.3605e-06	0.260525
0.00172236	40.519	7.3605e-06	0.251561
0.00173708	37.9439	7.3605e-06	0.242752
0.0017518	35.4516	7.3605e-06	0.23493
0.00176652	33.0473	7.3605e-06	0.224101
0.00178124	30.9261	7.3605e-06	0.217407
0.00179596	28.8511	7.3605e-06	0.210659
0.00181068	26.9005	7.3605e-06	0.204547
0.0018254	24.8416	7.3605e-06	0.185334
0.00184012	23.1731	7.3605e-06	0.17993
0.00185485	21.5604	7.3605e-06	0.174386
0.00186957	20.0315	7.3605e-06	0.16729
0.00188429	18.5963	7.3605e-06	0.160606
0.00189901	17.2506	7.3605e-06	0.155954
0.00191373	15.9139	7.3605e-06	0.149304
0.00192845	14.6712	7.3605e-06	0.140081
0.00194317	13.4854	7.3605e-06	0.133105
0.00195789	12.4262	7.3605e-06	0.127864
0.00197261	11.4488	7.3605e-06	0.123468
0.00198733	10.5494	7.3605e-06	0.115149
0.00200206	9.73198	7.3605e-06	0.111079
0.00201678	8.92682	7.3605e-06	0.105833
0.0020315	8.21866	7.3605e-06	0.102142
0.00204622	7.51587	7.3605e-06	0.098618
0.00206094	6.87632	7.3605e-06	0.0944459
0.00207566	6.2638	7.3605e-06	0.0913424
0.00209038	5.65094	7.3605e-06	0.0853768
0.0021051	5.13776	7.3605e-06	0.080067
0.00211982	4.66075	7.3605e-06	0.0770315
0.00213454	4.22117	7.3605e-06	0.0745922
0.00214927	3.83373	7.3605e-06	0.0722549
0.00216399	3.44815	7.3605e-06	0.0683183
0.00217871	3.10745	7.3605e-06	0.065397
0.00219343	2.78643	7.3605e-06	0.0611059
0.00220815	2.48005	7.3605e-06	0.0574697
0.00222287	2.22465	7.3605e-06	0.0559042
0.00223759	1.97184	7.3605e-06	0.0533777
0.00225231	1.75594	7.3605e-06	0.0518677
0.00226703	1.5802	7.3605e-06	0.0505061
0.00228175	1.39863	7.3605e-06	0.0488611
0.00229648	1.22909	7.3605e-06	0.0472212
0.0023112	1.08773	7.3605e-06	0.0459533
0.00232592	0.943275	7.3605e-06	0.0443622
0.00234064	0.822625	7.3605e-06	0.0431588
0.00235536	0.693088	7.3605e-06	0.040971
0.00237008	0.604362	7.3605e-06	0.0398547
0.0023848	0.517527	7.3605e-06	0.0391401
0.00239952	0.371165	7.3605e-06	0.0214179
0.00241424	0.296363	7.3605e-06	0.0154359
0.00242896	0.237609	7.3605e-06	0.013492
0.00244369	0.18953	7.3605e-06	0.0121825
0.00245841	0.156826	7.3605e-06	0.0111271
0.00247313	0.123255	7.3605e-06	0.010182
0.00248785	0.091159	7.3605e-06	0.00891466
0.00250257	0.0572556	7.3605e-06	0.00552699
0.00251729	0.0362643	7.3605e-06	0.00440576
0.00253201	0.0210131	7.3605e-06	0.00343661
0.00254673	0.00854029	7.3605e-06	0.0019956
0.00256145	0.00273558	7.3605e-06	0.00114443
