7.36165e-06	0.133477	7.36165e-06	0.0957134
2.2085e-05	0.859586	7.36165e-06	0.346783
3.68083e-05	2.48194	7.36165e-06	0.540877
5.15316e-05	5.39334	7.36165e-06	0.770679
6.62549e-05	9.00231	7.36165e-06	1.3565
8.09782e-05	12.7969	7.36165e-06	1.41368
9.57015e-05	18.0112	7.36165e-06	1.71499
0.000110425	21.6407	7.36165e-06	2.18117
0.000125148	28.6676	7.36165e-06	2.05826
0.000139871	39.176	7.36165e-06	2.609
0.000154595	45.2586	7.36165e-06	2.9366
0.000169318	60.2904	7.36165e-06	4.07229
0.000184041	66.8587	7.36165e-06	3.09952
0.000198765	73.1502	7.36165e-06	3.12489
0.000213488	81.9627	7.36165e-06	3.54566
0.000228211	93.5371	7.36165e-06	3.34386
0.000242935	118.617	7.36165e-06	8.82161
0.000257658	117.808	7.36165e-06	3.91732
0.000272381	132.607	7.36165e-06	4.57942
0.000287104	154.611	7.36165e-06	6.17124
0.000301828	169.284	7.36165e-06	4.97845
0.000316551	177.82	7.36165e-06	5.96499
0.000331274	197.739	7.36165e-06	5.41479
0.000345998	219.144	7.36165e-06	7.61005
0.000360721	235.818	7.36165e-06	6.29021
0.000375444	238.124	7.36165e-06	5.78936
0.000390168	265.706	7.36165e-06	5.92854
0.000404891	289.22	7.36165e-06	7.54259
0.000419614	311.59	7.36165e-06	10.161
0.000434338	320.643	7.36165e-06	7.84096
0.000449061	341.086	7.36165e-06	6.81378
0.000463784	370.759	7.36165e-06	7.47931
0.000478507	380.407	7.36165e-06	7.54644
0.000493231	409.356	7.36165e-06	8.87771
0.000507954	401.274	7.36165e-06	7.40301
0.000522677	456.283	7.36165e-06	9.13489
0.000537401	473.455	7.36165e-06	8.93334
0.000552124	485.646	7.36165e-06	10.7898
0.000566847	498.431	7.36165e-06	8.83806
0.000581571	548.925	7.36165e-06	17.0603
0.000596294	542.528	7.36165e-06	8.75065
0.000611017	575.35	7.36165e-06	9.20138
0.000625741	580.865	7.36165e-06	9.48088
0.000640464	595.218	7.36165e-06	8.89159
0.000655187	614.758	7.36165e-06	9.52212
0.00066991	636.58	7.36165e-06	10.6539
0.000684634	661.532	7.36165e-06	12.8642
0.000699357	669.534	7.36165e-06	9.50798
0.00071408	699.445	7.36165e-06	10.9693
0.000728804	855.211	7.36165e-06	93.9186
0.000743527	741.735	7.36165e-06	12.3807
0.00075825	753.206	7.36165e-06	11.1478
0.000772974	741.256	7.36165e-06	10.0087
0.000787697	766.517	7.36165e-06	10.3521
0.00080242	787.307	7.36165e-06	11.0884
0.000817144	834.216	7.36165e-06	22.7894
0.000831867	824.055	7.36165e-06	11.9426
0.00084659	870.873	7.36165e-06	24.0155
0.000861313	842.071	7.36165e-06	12.6434
0.000876037	837.896	7.36165e-06	10.5306
0.00089076	855.498	7.36165e-06	11.3142
0.000905483	939.693	7.36165e-06	45.1841
0.000920207	882.642	7.36165e-06	13.411
0.00093493	903.971	7.36165e-06	13.4488
0.000949653	916.644	7.36165e-06	16.3292
0.000964377	896.203	7.36165e-06	11.6131
0.0009791	865.91	7.36165e-06	12.6077
0.000993823	900.125	7.36165e-06	13.0664
0.00100855	906.922	7.36165e-06	10.975
0.00102327	912.023	7.36165e-06	15.4181
0.00103799	909.765	7.36165e-06	13.0122
0.00105272	901.837	7.36165e-06	11.3981
0.00106744	907.151	7.36165e-06	13.0266
0.00108216	932.753	7.36165e-06	24.213
0.00109689	879.209	7.36165e-06	11.5491
0.00111161	871.953	7.36165e-06	10.9047
0.00112633	885.274	7.36165e-06	11.9199
0.00114106	881.221	7.36165e-06	12.4514
0.00115578	895.344	7.36165e-06	15.3164
0.0011705	857.64	7.36165e-06	12.1846
0.00118523	880.881	7.36165e-06	15.6381
0.00119995	910.896	7.36165e-06	39.4279
0.00121467	824.294	7.36165e-06	10.6424
0.0012294	827.735	7.36165e-06	13.1493
0.00124412	818.313	7.36165e-06	15.2259
0.00125884	817.082	7.36165e-06	12.9539
0.00127357	804.263	7.36165e-06	12.8866
0.00128829	776.124	7.36165e-06	11.0636
0.00130301	790.131	7.36165e-06	11.9911
0.00131774	765.928	7.36165e-06	11.8262
0.00133246	749.481	7.36165e-06	11.7416
0.00134718	728.452	7.36165e-06	13.0623
0.00136191	694.701	7.36165e-06	9.27642
0.00137663	684.647	7.36165e-06	11.1377
0.00139135	692.639	7.36165e-06	11.1432
0.00140608	652.76	7.36165e-06	8.76005
0.0014208	660.264	7.36165e-06	10.1158
0.00143552	612.199	7.36165e-06	8.33489
0.00145025	603.665	7.36165e-06	8.60273
0.00146497	575.817	7.36165e-06	8.38206
0.00147969	569.586	7.36165e-06	8.85304
0.00149442	551.25	7.36165e-06	8.57411
0.00150914	545.236	7.36165e-06	8.88869
0.00152386	525.513	7.36165e-06	9.27455
0.00153859	516.083	7.36165e-06	9.13722
0.00155331	481.278	7.36165e-06	7.37472
0.00156803	471.844	7.36165e-06	7.49151
0.00158276	455.567	7.36165e-06	7.5752
0.00159748	459.632	7.36165e-06	11.2918
0.0016122	430.322	7.36165e-06	7.88508
0.00162693	418.306	7.36165e-06	7.76589
0.00164165	397.553	7.36165e-06	9.33597
0.00165637	369.703	7.36165e-06	7.53135
0.0016711	368.827	7.36165e-06	7.03629
0.00168582	347.717	7.36165e-06	6.41245
0.00170054	343.772	7.36165e-06	6.70531
0.00171527	309.816	7.36165e-06	6.16194
0.00172999	312.31	7.36165e-06	7.75082
0.00174471	281.48	7.36165e-06	5.5174
0.00175944	278.106	7.36165e-06	5.99982
0.00177416	279.17	7.36165e-06	5.99234
0.00178888	259.586	7.36165e-06	6.21047
0.00180361	235.236	7.36165e-06	5.23878
0.00181833	227.98	7.36165e-06	4.98769
0.00183305	215.472	7.36165e-06	5.25424
0.00184778	220.312	7.36165e-06	8.76934
0.0018625	193.404	7.36165e-06	4.6066
0.00187722	184.652	7.36165e-06	4.8371
0.00189195	181.886	7.36165e-06	4.19739
0.00190667	167.644	7.36165e-06	5.99689
0.00192139	151.665	7.36165e-06	5.36633
0.00193611	151.371	7.36165e-06	4.67556
0.00195084	145.912	7.36165e-06	4.88499
0.00196556	134.327	7.36165e-06	3.95425
0.00198028	121.438	7.36165e-06	3.94441
0.00199501	114.411	7.36165e-06	3.78843
0.00200973	109.311	7.36165e-06	3.57896
0.00202445	100.221	7.36165e-06	3.185
0.00203918	100.396	7.36165e-06	3.82605
0.0020539	92.5189	7.36165e-06	3.1408
0.00206862	86.0561	7.36165e-06	3.52797
0.00208335	83.7393	7.36165e-06	3.9045
0.00209807	72.7693	7.36165e-06	2.54261
0.00211279	68.8387	7.36165e-06	2.54928
0.00212752	63.6005	7.36165e-06	2.56124
0.00214224	63.9077	7.36165e-06	3.85113
0.00215696	54.6527	7.36165e-06	2.28782
0.00217169	47.0742	7.36165e-06	1.95288
0.00218641	47.3672	7.36165e-06	2.31015
0.00220113	45.6258	7.36165e-06	2.03012
0.00221586	39.9795	7.36165e-06	2.32651
0.00223058	40.0541	7.36165e-06	2.01534
0.0022453	34.1431	7.36165e-06	1.7164
0.00226003	30.5378	7.36165e-06	1.80838
0.00227475	30.603	7.36165e-06	1.63139
0.00228947	26.2064	7.36165e-06	1.4797
0.0023042	23.5762	7.36165e-06	1.45116
0.00231892	22.7206	7.36165e-06	1.47853
0.00233364	20.2908	7.36165e-06	1.41262
0.00234837	16.1597	7.36165e-06	1.29646
0.00236309	14.8151	7.36165e-06	1.27593
0.00237781	15.2737	7.36165e-06	1.08316
0.00239254	11.9969	7.36165e-06	0.975708
0.00240726	11.7051	7.36165e-06	1.00103
0.00242198	9.51579	7.36165e-06	0.801436
0.00243671	10.5134	7.36165e-06	0.968993
0.00245143	6.35784	7.36165e-06	0.632135
0.00246615	6.93614	7.36165e-06	0.715791
0.00248088	3.8168	7.36165e-06	0.495384
0.0024956	3.47736	7.36165e-06	0.460564
0.00251032	4.65481	7.36165e-06	0.55252
0.00252505	2.58303	7.36165e-06	0.422513
0.00253977	1.62844	7.36165e-06	0.319508
0.00255449	0.996938	7.36165e-06	0.244482
0.00256922	0.588004	7.36165e-06	0.186912
0.00258394	0.171457	7.36165e-06	0.0992909
