7.38239e-06	0.0389358	7.38239e-06	0.0389358
2.21472e-05	0.38469	7.38239e-06	0.132581
3.6912e-05	3.11981	7.38239e-06	0.598186
5.16767e-05	5.40193	7.38239e-06	1.07034
6.64415e-05	6.80573	7.38239e-06	0.844633
8.12063e-05	12.8588	7.38239e-06	1.10315
9.59711e-05	18.4134	7.38239e-06	1.84725
0.000110736	22.0981	7.38239e-06	1.4188
0.000125501	31.1937	7.38239e-06	2.03833
0.000140265	81.0739	7.38239e-06	30.6169
0.00015503	43.1548	7.38239e-06	2.19593
0.000169795	54.3776	7.38239e-06	4.43963
0.00018456	60.4195	7.38239e-06	2.78542
0.000199325	77.8375	7.38239e-06	3.43258
0.000214089	85.8943	7.38239e-06	5.83657
0.000228854	99.8519	7.38239e-06	3.97196
0.000243619	109.687	7.38239e-06	3.48152
0.000258384	113.175	7.38239e-06	3.80234
0.000273149	146.289	7.38239e-06	6.14457
0.000287913	151.566	7.38239e-06	5.22091
0.000302678	170.519	7.38239e-06	6.06523
0.000317443	191.92	7.38239e-06	7.83701
0.000332208	210.515	7.38239e-06	6.88185
0.000346972	214.212	7.38239e-06	6.03489
0.000361737	232.083	7.38239e-06	6.60996
0.000376502	242.989	7.38239e-06	5.83625
0.000391267	270.87	7.38239e-06	6.54327
0.000406032	275.727	7.38239e-06	5.80511
0.000420796	298.483	7.38239e-06	6.18987
0.000435561	316.384	7.38239e-06	6.68143
0.000450326	365.878	7.38239e-06	8.02885
0.000465091	354.371	7.38239e-06	6.56915
0.000479855	376.998	7.38239e-06	7.33958
0.00049462	409.481	7.38239e-06	7.37426
0.000509385	440.316	7.38239e-06	14.2089
0.00052415	448.938	7.38239e-06	8.5106
0.000538915	478.823	7.38239e-06	8.79529
0.000553679	492.073	7.38239e-06	9.34263
0.000568444	490.809	7.38239e-06	8.40477
0.000583209	547.81	7.38239e-06	11.9578
0.000597974	539.406	7.38239e-06	8.60605
0.000612739	594.935	7.38239e-06	16.3726
0.000627503	613.822	7.38239e-06	12.5976
0.000642268	650.283	7.38239e-06	16.8793
0.000657033	617.19	7.38239e-06	11.1279
0.000671798	652.59	7.38239e-06	12.6911
0.000686562	676.812	7.38239e-06	11.7578
0.000701327	678.45	7.38239e-06	10.6496
0.000716092	705.581	7.38239e-06	11.8337
0.000730857	740.669	7.38239e-06	11.4082
0.000745622	750.615	7.38239e-06	11.6726
0.000760386	758.077	7.38239e-06	13.4629
0.000775151	768.948	7.38239e-06	12.644
0.000789916	798.416	7.38239e-06	11.9507
0.000804681	808.206	7.38239e-06	12.0535
0.000819446	788.21	7.38239e-06	10.3588
0.00083421	848.664	7.38239e-06	28.875
0.000848975	819.774	7.38239e-06	11.2096
0.00086374	846.56	7.38239e-06	11.996
0.000878505	836.321	7.38239e-06	11.1279
0.000893269	865.359	7.38239e-06	12.2353
0.000908034	864.999	7.38239e-06	12.0595
0.000922799	883.038	7.38239e-06	11.7394
0.000937564	855.658	7.38239e-06	10.1984
0.000952329	901.596	7.38239e-06	12.629
0.000967093	902.955	7.38239e-06	13.665
0.000981858	910.385	7.38239e-06	12.6863
0.000996623	900.009	7.38239e-06	11.6007
0.00101139	896.074	7.38239e-06	11.5807
0.00102615	915.358	7.38239e-06	14.3695
0.00104092	902.907	7.38239e-06	15.4175
0.00105568	933.75	7.38239e-06	25.4244
0.00107045	892.205	7.38239e-06	12.1869
0.00108521	901.77	7.38239e-06	12.2451
0.00109998	897.666	7.38239e-06	11.6534
0.00111474	892.824	7.38239e-06	11.4943
0.00112951	878.32	7.38239e-06	11.8339
0.00114427	893.495	7.38239e-06	13.3632
0.00115904	874.273	7.38239e-06	14.4455
0.0011738	871.15	7.38239e-06	13.0121
0.00118857	862.487	7.38239e-06	14.7921
0.00120333	841.983	7.38239e-06	14.2084
0.00121809	847.882	7.38239e-06	15.4079
0.00123286	801.588	7.38239e-06	10.5764
0.00124762	818.297	7.38239e-06	13.1057
0.00126239	816.928	7.38239e-06	17.2323
0.00127715	800.715	7.38239e-06	12.8591
0.00129192	799.845	7.38239e-06	17.2989
0.00130668	751.149	7.38239e-06	11.6971
0.00132145	740.028	7.38239e-06	11.9389
0.00133621	746.652	7.38239e-06	12.5586
0.00135098	714.242	7.38239e-06	11.1536
0.00136574	696.908	7.38239e-06	10.3187
0.00138051	661.967	7.38239e-06	9.49257
0.00139527	677.965	7.38239e-06	12.869
0.00141004	639.423	7.38239e-06	9.23304
0.0014248	663.361	7.38239e-06	11.4151
0.00143957	620.383	7.38239e-06	11.2883
0.00145433	610.216	7.38239e-06	11.2123
0.0014691	594.514	7.38239e-06	10.9724
0.00148386	577.262	7.38239e-06	9.88309
0.00149863	566.77	7.38239e-06	10.9296
0.00151339	524.259	7.38239e-06	9.3303
0.00152816	532.306	7.38239e-06	10.0739
0.00154292	513.667	7.38239e-06	10.9141
0.00155768	487.49	7.38239e-06	8.77676
0.00157245	478.713	7.38239e-06	10.2088
0.00158721	444.785	7.38239e-06	9.7422
0.00160198	435.5	7.38239e-06	7.68048
0.00161674	409.284	7.38239e-06	7.27187
0.00163151	418.162	7.38239e-06	9.28106
0.00164627	412.307	7.38239e-06	21.4949
0.00166104	386.778	7.38239e-06	9.12425
0.0016758	384.123	7.38239e-06	11.2971
0.00169057	337.616	7.38239e-06	7.28283
0.00170533	343.165	7.38239e-06	10.34
0.0017201	329.292	7.38239e-06	10.0581
0.00173486	300.457	7.38239e-06	6.96088
0.00174963	285.977	7.38239e-06	6.77314
0.00176439	282.374	7.38239e-06	7.29198
0.00177916	265.017	7.38239e-06	7.49198
0.00179392	246.433	7.38239e-06	6.23005
0.00180869	234.784	7.38239e-06	5.90874
0.00182345	226.95	7.38239e-06	6.11393
0.00183822	215.752	7.38239e-06	6.7765
0.00185298	217.699	7.38239e-06	8.80436
0.00186775	206.329	7.38239e-06	6.99469
0.00188251	178.488	7.38239e-06	5.08978
0.00189727	178.184	7.38239e-06	5.99141
0.00191204	169.643	7.38239e-06	7.21337
0.0019268	156.316	7.38239e-06	4.65106
0.00194157	139.574	7.38239e-06	4.14178
0.00195633	136.275	7.38239e-06	4.19175
0.0019711	127.636	7.38239e-06	3.94023
0.00198586	118.659	7.38239e-06	4.13658
0.00200063	114.996	7.38239e-06	7.09481
0.00201539	107.799	7.38239e-06	4.72493
0.00203016	97.1117	7.38239e-06	3.84404
0.00204492	91.6884	7.38239e-06	3.80735
0.00205969	88.2103	7.38239e-06	4.12541
0.00207445	80.7217	7.38239e-06	3.9372
0.00208922	75.6792	7.38239e-06	3.60931
0.00210398	68.2783	7.38239e-06	2.883
0.00211875	72.3971	7.38239e-06	4.65482
0.00213351	60.8927	7.38239e-06	2.7532
0.00214828	60.4652	7.38239e-06	6.35515
0.00216304	54.9819	7.38239e-06	2.81313
0.00217781	44.1226	7.38239e-06	2.29974
0.00219257	43.1191	7.38239e-06	2.26337
0.00220734	45.3621	7.38239e-06	2.49225
0.0022221	38.9521	7.38239e-06	2.6044
0.00223686	38.7628	7.38239e-06	2.60099
0.00225163	32.8507	7.38239e-06	2.1608
0.00226639	31.4172	7.38239e-06	1.91712
0.00228116	25.7664	7.38239e-06	1.8018
0.00229592	22.9533	7.38239e-06	1.55648
0.00231069	24.213	7.38239e-06	1.70201
0.00232545	21.341	7.38239e-06	1.51554
0.00234022	17.7995	7.38239e-06	1.38751
0.00235498	15.1019	7.38239e-06	1.29725
0.00236975	14.4666	7.38239e-06	1.13876
0.00238451	13.233	7.38239e-06	1.18573
0.00239928	10.9969	7.38239e-06	1.00611
0.00241404	9.68191	7.38239e-06	0.937808
0.00242881	10.8551	7.38239e-06	1.52209
0.00244357	7.83364	7.38239e-06	0.87545
0.00245834	7.34305	7.38239e-06	0.93197
0.0024731	6.15209	7.38239e-06	0.721382
0.00248787	4.98949	7.38239e-06	0.647049
0.00250263	4.61481	7.38239e-06	0.629581
0.0025174	3.28876	7.38239e-06	0.492518
0.00253216	2.75617	7.38239e-06	0.445836
0.00254693	1.46175	7.38239e-06	0.348274
0.00256169	0.954316	7.38239e-06	0.260224
0.00257645	0.391723	7.38239e-06	0.160339
