7.3583e-06	0.0405077	7.3583e-06	0.0405077
2.20749e-05	0.808835	7.3583e-06	0.20616
3.67915e-05	2.56594	7.3583e-06	0.397785
5.15081e-05	3.96666	7.3583e-06	0.473138
6.62247e-05	9.04935	7.3583e-06	1.02693
8.09413e-05	11.4584	7.3583e-06	0.906252
9.56579e-05	16.7411	7.3583e-06	1.22654
0.000110375	21.6433	7.3583e-06	1.30478
0.000125091	29.969	7.3583e-06	1.9531
0.000139808	36.9728	7.3583e-06	2.04556
0.000154524	43.3637	7.3583e-06	2.24383
0.000169241	52.1622	7.3583e-06	2.02309
0.000183958	61.2676	7.3583e-06	2.34487
0.000198674	78.0346	7.3583e-06	2.82126
0.000213391	88.7268	7.3583e-06	3.3506
0.000228107	86.0953	7.3583e-06	2.62123
0.000242824	110.491	7.3583e-06	3.46035
0.000257541	129.469	7.3583e-06	9.91044
0.000272257	135.647	7.3583e-06	3.54105
0.000286974	149.14	7.3583e-06	4.15644
0.00030169	164.321	7.3583e-06	4.35
0.000316407	179.308	7.3583e-06	5.54257
0.000331124	193.835	7.3583e-06	4.7477
0.00034584	207.391	7.3583e-06	4.88277
0.000360557	226.824	7.3583e-06	4.9141
0.000375273	249.518	7.3583e-06	5.76279
0.00038999	265.988	7.3583e-06	6.38956
0.000404707	287.898	7.3583e-06	6.1421
0.000419423	287.645	7.3583e-06	5.46266
0.00043414	346.652	7.3583e-06	11.2189
0.000448856	342.385	7.3583e-06	10.8514
0.000463573	377.143	7.3583e-06	15.2052
0.00047829	386.781	7.3583e-06	7.33864
0.000493006	401.643	7.3583e-06	7.91048
0.000507723	418.283	7.3583e-06	7.48235
0.000522439	454.082	7.3583e-06	7.46327
0.000537156	456.385	7.3583e-06	8.74462
0.000551873	515.549	7.3583e-06	11.2729
0.000566589	492.123	7.3583e-06	8.02486
0.000581306	541.054	7.3583e-06	9.79225
0.000596022	542.977	7.3583e-06	8.62886
0.000610739	559.75	7.3583e-06	7.96434
0.000625456	584.396	7.3583e-06	9.78118
0.000640172	605.036	7.3583e-06	9.85855
0.000654889	617.729	7.3583e-06	9.24013
0.000669605	659.634	7.3583e-06	12.4794
0.000684322	652.403	7.3583e-06	9.57255
0.000699039	663.79	7.3583e-06	9.31956
0.000713755	722.381	7.3583e-06	11.1326
0.000728472	723.937	7.3583e-06	12.0154
0.000743188	731.698	7.3583e-06	12.9484
0.000757905	751.617	7.3583e-06	10.2542
0.000772622	773.081	7.3583e-06	10.8591
0.000787338	798.435	7.3583e-06	13.9935
0.000802055	785.179	7.3583e-06	11.5034
0.000816771	801.566	7.3583e-06	13.3119
0.000831488	827.287	7.3583e-06	11.651
0.000846205	844.792	7.3583e-06	11.046
0.000860921	844.476	7.3583e-06	11.6403
0.000875638	850.441	7.3583e-06	11.1561
0.000890354	832.473	7.3583e-06	11.1396
0.000905071	908.794	7.3583e-06	19.4055
0.000919788	880.933	7.3583e-06	12.7308
0.000934504	882.242	7.3583e-06	12.4698
0.000949221	907.224	7.3583e-06	14.7109
0.000963937	886.455	7.3583e-06	11.8682
0.000978654	881.338	7.3583e-06	11.4403
0.000993371	944.508	7.3583e-06	24.7569
0.00100809	901.31	7.3583e-06	13.4311
0.0010228	910.911	7.3583e-06	13.4545
0.00103752	903.301	7.3583e-06	15.1697
0.00105224	925.712	7.3583e-06	12.8928
0.00106695	910.86	7.3583e-06	12.2843
0.00108167	880.22	7.3583e-06	11.762
0.00109639	882.609	7.3583e-06	11.4261
0.0011111	877.668	7.3583e-06	13.7807
0.00112582	889.188	7.3583e-06	15.0113
0.00114054	944.314	7.3583e-06	25.2051
0.00115525	872.343	7.3583e-06	12.1952
0.00116997	875.261	7.3583e-06	14.9547
0.00118469	863.344	7.3583e-06	14.9613
0.0011994	864.915	7.3583e-06	12.7923
0.00121412	872.974	7.3583e-06	16.9258
0.00122884	813.76	7.3583e-06	12.498
0.00124355	792.149	7.3583e-06	11.038
0.00125827	839.298	7.3583e-06	26.2714
0.00127299	825.872	7.3583e-06	14.668
0.0012877	754.798	7.3583e-06	10.932
0.00130242	769.087	7.3583e-06	14.9184
0.00131714	731.903	7.3583e-06	12.0008
0.00133185	767.234	7.3583e-06	16.8465
0.00134657	731.438	7.3583e-06	12.2803
0.00136129	746.925	7.3583e-06	21.6586
0.001376	667.171	7.3583e-06	10.3799
0.00139072	695.956	7.3583e-06	13.4274
0.00140544	670.451	7.3583e-06	13.942
0.00142015	663.79	7.3583e-06	16.5377
0.00143487	654.233	7.3583e-06	14.5659
0.00144959	604.775	7.3583e-06	10.7764
0.0014643	620.065	7.3583e-06	12.0547
0.00147902	581.827	7.3583e-06	12.1061
0.00149374	547.312	7.3583e-06	10.1539
0.00150845	568.803	7.3583e-06	12.3764
0.00152317	538.435	7.3583e-06	10.7832
0.00153788	499.664	7.3583e-06	8.89214
0.0015526	495.232	7.3583e-06	10.1845
0.00156732	498.964	7.3583e-06	19.3536
0.00158203	475.819	7.3583e-06	10.6347
0.00159675	427.778	7.3583e-06	7.98358
0.00161147	428.556	7.3583e-06	8.61379
0.00162618	405.023	7.3583e-06	11.5215
0.0016409	387.895	7.3583e-06	8.36436
0.00165562	380.211	7.3583e-06	9.60492
0.00167033	366.538	7.3583e-06	8.72889
0.00168505	346.774	7.3583e-06	10.4958
0.00169977	335.9	7.3583e-06	9.23456
0.00171448	331.132	7.3583e-06	8.32792
0.0017292	294.566	7.3583e-06	7.05327
0.00174392	283.479	7.3583e-06	7.39616
0.00175863	278.11	7.3583e-06	8.90023
0.00177335	270.388	7.3583e-06	9.17886
0.00178807	267.027	7.3583e-06	8.16586
0.00180278	244.553	7.3583e-06	7.1817
0.0018175	233.167	7.3583e-06	6.79116
0.00183222	217.379	7.3583e-06	6.31613
0.00184693	205.426	7.3583e-06	6.52426
0.00186165	183.732	7.3583e-06	5.69947
0.00187637	200.284	7.3583e-06	10.3934
0.00189108	171.665	7.3583e-06	4.9382
0.0019058	165.785	7.3583e-06	6.71681
0.00192052	164.002	7.3583e-06	6.12268
0.00193523	150.327	7.3583e-06	5.6838
0.00194995	164.794	7.3583e-06	10.8393
0.00196467	135.566	7.3583e-06	5.32012
0.00197938	121.08	7.3583e-06	4.50145
0.0019941	119.676	7.3583e-06	5.48092
0.00200882	109.928	7.3583e-06	5.28256
0.00202353	96.7161	7.3583e-06	4.18472
0.00203825	91.2152	7.3583e-06	3.7292
0.00205297	83.0322	7.3583e-06	3.70391
0.00206768	78.9676	7.3583e-06	3.64401
0.0020824	77.9119	7.3583e-06	3.91256
0.00209712	73.2839	7.3583e-06	4.15143
0.00211183	75.4832	7.3583e-06	5.85474
0.00212655	58.5565	7.3583e-06	3.00515
0.00214127	62.0627	7.3583e-06	3.72111
0.00215598	60.0314	7.3583e-06	3.35496
0.0021707	50.2612	7.3583e-06	2.85433
0.00218542	49.9712	7.3583e-06	2.76413
0.00220013	46.9712	7.3583e-06	3.07834
0.00221485	46.3817	7.3583e-06	4.06577
0.00222957	36.6742	7.3583e-06	2.4993
0.00224428	45.3906	7.3583e-06	7.70158
0.002259	27.4322	7.3583e-06	2.15145
0.00227372	26.9929	7.3583e-06	2.43129
0.00228843	28.2783	7.3583e-06	2.9103
0.00230315	22.1627	7.3583e-06	2.03956
0.00231786	23.9377	7.3583e-06	2.69788
0.00233258	18.0928	7.3583e-06	1.85423
0.0023473	17.5775	7.3583e-06	2.79832
0.00236201	15.3284	7.3583e-06	1.74067
0.00237673	12.2255	7.3583e-06	1.80678
0.00239145	17.2463	7.3583e-06	2.28164
0.00240616	8.39605	7.3583e-06	1.20593
0.00242088	8.42853	7.3583e-06	1.22569
0.0024356	8.85313	7.3583e-06	1.42639
0.00245031	5.84712	7.3583e-06	1.18252
0.00246503	7.79119	7.3583e-06	1.41379
0.00247975	6.3119	7.3583e-06	1.12164
0.00249446	6.08687	7.3583e-06	1.15718
0.00250918	3.70912	7.3583e-06	0.995032
0.0025239	1.39154	7.3583e-06	0.681763
0.00253861	2.10122	7.3583e-06	0.842299
0.00255333	1.7394	7.3583e-06	0.965672
