7.39954e-06	0.218799	7.39954e-06	0.102976
2.21986e-05	0.593479	7.39954e-06	0.189492
3.69977e-05	2.26153	7.39954e-06	0.440126
5.17968e-05	5.25563	7.39954e-06	0.861557
6.65959e-05	8.8048	7.39954e-06	0.847092
8.13949e-05	13.1844	7.39954e-06	1.48918
9.6194e-05	20.1366	7.39954e-06	2.09562
0.000110993	20.146	7.39954e-06	1.19486
0.000125792	29.7501	7.39954e-06	2.27396
0.000140591	38.1441	7.39954e-06	2.02818
0.00015539	47.7803	7.39954e-06	2.39957
0.000170189	54.8443	7.39954e-06	2.87553
0.000184989	62.4948	7.39954e-06	2.50746
0.000199788	80.4961	7.39954e-06	8.50429
0.000214587	85.4599	7.39954e-06	2.90952
0.000229386	100.089	7.39954e-06	3.60538
0.000244185	101.044	7.39954e-06	3.28104
0.000258984	110.998	7.39954e-06	3.22312
0.000273783	139	7.39954e-06	5.35403
0.000288582	147.965	7.39954e-06	4.31282
0.000303381	155.963	7.39954e-06	4.94826
0.00031818	178.663	7.39954e-06	4.53254
0.000332979	195.503	7.39954e-06	4.68445
0.000347778	205.681	7.39954e-06	5.29111
0.000362577	221.942	7.39954e-06	4.74994
0.000377377	246.084	7.39954e-06	5.58796
0.000392176	262.49	7.39954e-06	6.0157
0.000406975	288.981	7.39954e-06	6.85599
0.000421774	310.157	7.39954e-06	6.50833
0.000436573	328.551	7.39954e-06	6.55368
0.000451372	334.473	7.39954e-06	5.91246
0.000466171	366.159	7.39954e-06	7.23487
0.00048097	389.296	7.39954e-06	7.48404
0.000495769	424.908	7.39954e-06	14.6636
0.000510568	431.634	7.39954e-06	10.3364
0.000525367	446.021	7.39954e-06	10.3553
0.000540166	467.797	7.39954e-06	8.30533
0.000554966	514.208	7.39954e-06	19.2293
0.000569765	507.946	7.39954e-06	10.5943
0.000584564	533.452	7.39954e-06	10.6482
0.000599363	550.257	7.39954e-06	8.77244
0.000614162	585.436	7.39954e-06	10.6615
0.000628961	598.012	7.39954e-06	9.38141
0.00064376	608.42	7.39954e-06	8.51259
0.000658559	630.128	7.39954e-06	9.7676
0.000673358	654.195	7.39954e-06	10.712
0.000688157	658.095	7.39954e-06	10.2804
0.000702956	694.746	7.39954e-06	10.0384
0.000717755	705.718	7.39954e-06	10.1065
0.000732555	725.075	7.39954e-06	13.468
0.000747354	738.965	7.39954e-06	12.954
0.000762153	761.893	7.39954e-06	12.5553
0.000776952	778.918	7.39954e-06	12.6285
0.000791751	791.177	7.39954e-06	12.9557
0.00080655	813.575	7.39954e-06	13.1268
0.000821349	814.601	7.39954e-06	11.8862
0.000836148	841.35	7.39954e-06	19.4848
0.000850947	821.043	7.39954e-06	11.3516
0.000865746	833.853	7.39954e-06	11.5751
0.000880545	881.886	7.39954e-06	20.8099
0.000895344	846.969	7.39954e-06	11.5655
0.000910143	888.981	7.39954e-06	13.7794
0.000924943	884.767	7.39954e-06	14.7738
0.000939742	898.347	7.39954e-06	12.404
0.000954541	878.985	7.39954e-06	12.681
0.00096934	904.989	7.39954e-06	13.8181
0.000984139	895.221	7.39954e-06	12.4104
0.000998938	891.333	7.39954e-06	12.2895
0.00101374	894.21	7.39954e-06	14.7057
0.00102854	911.156	7.39954e-06	14.7478
0.00104334	922.232	7.39954e-06	13.4655
0.00105813	918.155	7.39954e-06	13.7204
0.00107293	915.048	7.39954e-06	21.5051
0.00108773	912.568	7.39954e-06	16.3402
0.00110253	891.49	7.39954e-06	12.4646
0.00111733	908.303	7.39954e-06	20.6813
0.00113213	865.489	7.39954e-06	12.1141
0.00114693	993.595	7.39954e-06	85.22
0.00116173	871.377	7.39954e-06	11.954
0.00117653	883.336	7.39954e-06	26.3043
0.00119133	848.965	7.39954e-06	12.2513
0.00120613	826.307	7.39954e-06	11.1023
0.00122092	862.214	7.39954e-06	18.4659
0.00123572	806.429	7.39954e-06	11.0198
0.00125052	801.08	7.39954e-06	10.8139
0.00126532	791.595	7.39954e-06	12.7856
0.00128012	763.066	7.39954e-06	11.1499
0.00129492	789.282	7.39954e-06	15.8743
0.00130972	739.878	7.39954e-06	12.4248
0.00132452	736.011	7.39954e-06	12.3108
0.00133932	707.898	7.39954e-06	11.3327
0.00135412	712.294	7.39954e-06	10.408
0.00136891	728.458	7.39954e-06	17.7306
0.00138371	686.965	7.39954e-06	12.3795
0.00139851	685.346	7.39954e-06	13.3779
0.00141331	653.821	7.39954e-06	13.2588
0.00142811	613.825	7.39954e-06	9.91897
0.00144291	628.851	7.39954e-06	13.4388
0.00145771	606.508	7.39954e-06	18.6131
0.00147251	574.488	7.39954e-06	11.3712
0.00148731	569.917	7.39954e-06	10.5748
0.00150211	552.455	7.39954e-06	11.7446
0.00151691	532.088	7.39954e-06	9.59346
0.0015317	512.406	7.39954e-06	13.2017
0.0015465	509.383	7.39954e-06	11.0953
0.0015613	479.013	7.39954e-06	9.35209
0.0015761	468.413	7.39954e-06	9.9205
0.0015909	461.4	7.39954e-06	11.5162
0.0016057	437.961	7.39954e-06	9.80922
0.0016205	397.042	7.39954e-06	7.78608
0.0016353	383.487	7.39954e-06	7.60569
0.0016501	381.337	7.39954e-06	8.54704
0.0016649	378.03	7.39954e-06	9.66688
0.0016797	364.272	7.39954e-06	9.61008
0.00169449	340.795	7.39954e-06	7.73207
0.00170929	326.368	7.39954e-06	8.3427
0.00172409	300.444	7.39954e-06	6.77305
0.00173889	284.867	7.39954e-06	7.94323
0.00175369	275.958	7.39954e-06	6.6174
0.00176849	261.768	7.39954e-06	7.82687
0.00178329	250.809	7.39954e-06	6.71274
0.00179809	250.789	7.39954e-06	6.76804
0.00181289	235.199	7.39954e-06	6.56719
0.00182769	234.107	7.39954e-06	8.86855
0.00184249	215.568	7.39954e-06	6.58269
0.00185728	202.684	7.39954e-06	6.07565
0.00187208	185.591	7.39954e-06	5.67623
0.00188688	177.488	7.39954e-06	5.4166
0.00190168	207.031	7.39954e-06	19.8285
0.00191648	163.163	7.39954e-06	6.59117
0.00193128	164.602	7.39954e-06	6.77597
0.00194608	138.066	7.39954e-06	4.95494
0.00196088	141.675	7.39954e-06	7.83855
0.00197568	134.96	7.39954e-06	6.93252
0.00199048	120.558	7.39954e-06	4.69714
0.00200528	100.926	7.39954e-06	3.51482
0.00202007	112.266	7.39954e-06	5.32466
0.00203487	98.9437	7.39954e-06	5.19477
0.00204967	88.3461	7.39954e-06	3.57425
0.00206447	86.7414	7.39954e-06	3.73577
0.00207927	311.584	7.39954e-06	159.424
0.00209407	72.4379	7.39954e-06	3.86262
0.00210887	75.47	7.39954e-06	8.32225
0.00212367	59.1304	7.39954e-06	3.13201
0.00213847	58.8369	7.39954e-06	3.00928
0.00215327	55.82	7.39954e-06	3.521
0.00216807	52.6636	7.39954e-06	3.48877
0.00218286	43.9665	7.39954e-06	2.53769
0.00219766	38.6242	7.39954e-06	2.36893
0.00221246	37.5	7.39954e-06	2.40016
0.00222726	38.5151	7.39954e-06	3.73761
0.00224206	33.188	7.39954e-06	2.15582
0.00225686	31.6499	7.39954e-06	3.06343
0.00227166	33.5514	7.39954e-06	2.74534
0.00228646	25.9904	7.39954e-06	1.87071
0.00230126	25.2251	7.39954e-06	2.34033
0.00231606	16.6744	7.39954e-06	1.37594
0.00233086	17.7501	7.39954e-06	1.67892
0.00234565	14.9566	7.39954e-06	1.65538
0.00236045	12.9487	7.39954e-06	1.31216
0.00237525	13.2867	7.39954e-06	1.96726
0.00239005	10.8302	7.39954e-06	1.21273
0.00240485	14.2687	7.39954e-06	2.1767
0.00241965	7.85806	7.39954e-06	0.973678
0.00243445	7.08519	7.39954e-06	1.04164
0.00244925	6.25309	7.39954e-06	0.869968
0.00246405	5.39097	7.39954e-06	0.845001
0.00247885	4.25013	7.39954e-06	0.83163
0.00249365	5.04967	7.39954e-06	0.908739
0.00250844	3.19081	7.39954e-06	0.996439
0.00252324	2.50385	7.39954e-06	0.583311
0.00253804	1.50498	7.39954e-06	0.418769
0.00255284	0.750357	7.39954e-06	0.333441
0.00256764	0.300851	7.39954e-06	0.174744
0.00258244	0.0917946	7.39954e-06	0.0917946
