7.37603e-06	0.142205	7.37603e-06	0.072378
2.21281e-05	0.681573	7.37603e-06	0.186485
3.68802e-05	6.062	7.37603e-06	2.93569
5.16322e-05	4.4989	7.37603e-06	0.536942
6.63843e-05	8.68321	7.37603e-06	0.818437
8.11364e-05	11.6899	7.37603e-06	0.955353
9.58884e-05	16.6356	7.37603e-06	1.14826
0.00011064	23.8359	7.37603e-06	1.80261
0.000125393	27.8054	7.37603e-06	1.56896
0.000140145	38.9586	7.37603e-06	2.03556
0.000154897	43.3692	7.37603e-06	2.3838
0.000169649	56.3523	7.37603e-06	3.24379
0.000184401	64.0313	7.37603e-06	2.68192
0.000199153	74.0166	7.37603e-06	2.73918
0.000213905	85.4283	7.37603e-06	2.76865
0.000228657	96.4356	7.37603e-06	4.52247
0.000243409	105.078	7.37603e-06	3.0701
0.000258161	118.059	7.37603e-06	3.4576
0.000272913	136.505	7.37603e-06	4.11448
0.000287665	144.773	7.37603e-06	4.26539
0.000302417	191.134	7.37603e-06	12.2047
0.000317169	178.456	7.37603e-06	4.72262
0.000331921	199.33	7.37603e-06	5.75636
0.000346674	204.474	7.37603e-06	4.70727
0.000361426	233.048	7.37603e-06	7.42826
0.000376178	245.508	7.37603e-06	6.40796
0.00039093	265.29	7.37603e-06	5.93502
0.000405682	284.505	7.37603e-06	6.85109
0.000420434	295.868	7.37603e-06	6.09231
0.000435186	322.364	7.37603e-06	7.52622
0.000449938	355.384	7.37603e-06	9.49007
0.00046469	345.652	7.37603e-06	6.59895
0.000479442	395.897	7.37603e-06	7.32788
0.000494194	402.424	7.37603e-06	7.8694
0.000508946	424.59	7.37603e-06	7.37777
0.000523698	435.507	7.37603e-06	7.47708
0.00053845	456.121	7.37603e-06	8.11547
0.000553202	482.488	7.37603e-06	8.56872
0.000567954	535.404	7.37603e-06	12.8684
0.000582707	503.131	7.37603e-06	8.19202
0.000597459	565.467	7.37603e-06	14.9343
0.000612211	567.223	7.37603e-06	8.89374
0.000626963	592.298	7.37603e-06	10.409
0.000641715	618.016	7.37603e-06	13.3922
0.000656467	635.489	7.37603e-06	10.8028
0.000671219	662.262	7.37603e-06	16.0176
0.000685971	662.073	7.37603e-06	11.6572
0.000700723	679.744	7.37603e-06	13.075
0.000715475	713.389	7.37603e-06	11.9903
0.000730227	704.154	7.37603e-06	9.95335
0.000744979	811.582	7.37603e-06	39.4755
0.000759731	760.188	7.37603e-06	10.7757
0.000774483	811.125	7.37603e-06	24.1777
0.000789235	770.931	7.37603e-06	11.7471
0.000803988	813.723	7.37603e-06	13.1816
0.00081874	803.777	7.37603e-06	10.6098
0.000833492	816.304	7.37603e-06	12.2705
0.000848244	830.24	7.37603e-06	11.3029
0.000862996	867.633	7.37603e-06	22.468
0.000877748	891.299	7.37603e-06	14.8637
0.0008925	861.988	7.37603e-06	12.7046
0.000907252	851.514	7.37603e-06	11.5775
0.000922004	870.767	7.37603e-06	11.4859
0.000936756	856.14	7.37603e-06	11.3314
0.000951508	922.158	7.37603e-06	16.5326
0.00096626	897.925	7.37603e-06	12.8397
0.000981012	909.121	7.37603e-06	13.1654
0.000995764	917.188	7.37603e-06	15.7003
0.00101052	906.164	7.37603e-06	12.5831
0.00102527	888.192	7.37603e-06	11.4826
0.00104002	886.2	7.37603e-06	11.5072
0.00105477	898.85	7.37603e-06	13.4885
0.00106952	897.744	7.37603e-06	12.6987
0.00108428	915.696	7.37603e-06	15.0259
0.00109903	905.208	7.37603e-06	12.6728
0.00111378	901.642	7.37603e-06	14.6977
0.00112853	876.887	7.37603e-06	11.5736
0.00114328	879.972	7.37603e-06	14.7725
0.00115804	1006.17	7.37603e-06	84.5368
0.00117279	867.118	7.37603e-06	12.746
0.00118754	834.316	7.37603e-06	11.1441
0.00120229	835.503	7.37603e-06	12.4444
0.00121705	817.826	7.37603e-06	12.0356
0.0012318	817.525	7.37603e-06	13.5264
0.00124655	826.232	7.37603e-06	16.4177
0.0012613	824.259	7.37603e-06	18.349
0.00127605	789.953	7.37603e-06	11.625
0.00129081	779.043	7.37603e-06	13.1959
0.00130556	765.379	7.37603e-06	12.3626
0.00132031	738.307	7.37603e-06	11.6677
0.00133506	720.888	7.37603e-06	10.7428
0.00134981	765.29	7.37603e-06	43.9839
0.00136457	692.886	7.37603e-06	11.2106
0.00137932	693.304	7.37603e-06	11.0729
0.00139407	684.864	7.37603e-06	12.7202
0.00140882	633.046	7.37603e-06	9.55504
0.00142357	611.729	7.37603e-06	9.25811
0.00143833	639.645	7.37603e-06	12.7922
0.00145308	595.358	7.37603e-06	10.7875
0.00146783	609.484	7.37603e-06	11.2403
0.00148258	594.659	7.37603e-06	16.7979
0.00149733	544.823	7.37603e-06	10.3081
0.00151209	553.666	7.37603e-06	10.5717
0.00152684	505.169	7.37603e-06	9.15406
0.00154159	479.201	7.37603e-06	8.82133
0.00155634	489.92	7.37603e-06	11.336
0.00157109	470.597	7.37603e-06	11.8427
0.00158585	467.627	7.37603e-06	8.99007
0.0016006	472.036	7.37603e-06	20.7364
0.00161535	445.356	7.37603e-06	12.846
0.0016301	405.709	7.37603e-06	8.09117
0.00164486	390.797	7.37603e-06	9.29857
0.00165961	365.415	7.37603e-06	8.54916
0.00167436	365.761	7.37603e-06	10.8967
0.00168911	345.959	7.37603e-06	8.08177
0.00170386	321.828	7.37603e-06	7.17089
0.00171862	320.599	7.37603e-06	7.92013
0.00173337	307.186	7.37603e-06	8.9938
0.00174812	288.004	7.37603e-06	8.58377
0.00176287	278.86	7.37603e-06	7.66366
0.00177762	264.961	7.37603e-06	7.90778
0.00179238	263.809	7.37603e-06	8.73453
0.00180713	251.684	7.37603e-06	9.62499
0.00182188	233.044	7.37603e-06	7.33589
0.00183663	224.333	7.37603e-06	6.36432
0.00185138	200.833	7.37603e-06	6.06903
0.00186614	202.249	7.37603e-06	6.32801
0.00188089	189.291	7.37603e-06	5.62083
0.00189564	170.181	7.37603e-06	6.09744
0.00191039	161.422	7.37603e-06	6.99716
0.00192514	150.979	7.37603e-06	4.85881
0.0019399	142.556	7.37603e-06	5.04658
0.00195465	140.364	7.37603e-06	6.65524
0.0019694	121.286	7.37603e-06	4.39019
0.00198415	115.772	7.37603e-06	4.38174
0.0019989	126.307	7.37603e-06	6.49748
0.00201366	108.314	7.37603e-06	5.06559
0.00202841	97.0424	7.37603e-06	4.00739
0.00204316	95.5905	7.37603e-06	4.21865
0.00205791	81.1222	7.37603e-06	3.30745
0.00207267	90.4078	7.37603e-06	4.51657
0.00208742	79.2056	7.37603e-06	3.86423
0.00210217	69.7558	7.37603e-06	3.69847
0.00211692	67.4767	7.37603e-06	3.25118
0.00213167	68.9178	7.37603e-06	4.1593
0.00214643	60.6186	7.37603e-06	5.19287
0.00216118	66.4145	7.37603e-06	10.2806
0.00217593	47.7212	7.37603e-06	2.75939
0.00219068	58.4505	7.37603e-06	9.98133
0.00220543	54.4497	7.37603e-06	7.4148
0.00222019	38.263	7.37603e-06	2.6484
0.00223494	32.9278	7.37603e-06	2.08406
0.00224969	29.3009	7.37603e-06	2.10051
0.00226444	31.6401	7.37603e-06	2.62522
0.00227919	25.6384	7.37603e-06	1.86647
0.00229395	25.5233	7.37603e-06	2.2385
0.0023087	39.2239	7.37603e-06	10.6601
0.00232345	18.2212	7.37603e-06	1.76188
0.0023382	18.2198	7.37603e-06	1.97179
0.00235295	15.894	7.37603e-06	1.42769
0.00236771	16.9281	7.37603e-06	2.02498
0.00238246	10.3459	7.37603e-06	1.15939
0.00239721	13.0834	7.37603e-06	1.82895
0.00241196	10.7905	7.37603e-06	1.18675
0.00242671	9.98404	7.37603e-06	1.39147
0.00244147	10.097	7.37603e-06	1.98032
0.00245622	7.09569	7.37603e-06	1.23032
0.00247097	6.84546	7.37603e-06	1.13467
0.00248572	7.48584	7.37603e-06	1.96444
0.00250047	5.27719	7.37603e-06	1.01901
0.00251523	4.52097	7.37603e-06	0.950976
0.00252998	2.22838	7.37603e-06	0.824686
0.00254473	0.766932	7.37603e-06	0.285905
0.00255948	0.516365	7.37603e-06	0.27209
0.00257424	0.556824	7.37603e-06	0.260789
