7.3605e-06	0.0936316	7.3605e-06	0.0662417
2.20815e-05	0.748	7.3605e-06	0.201478
3.68025e-05	2.38912	7.3605e-06	0.523058
5.15235e-05	4.64387	7.3605e-06	0.713813
6.62445e-05	8.48236	7.3605e-06	0.915383
8.09655e-05	11.8217	7.3605e-06	1.43376
9.56865e-05	18.1203	7.3605e-06	1.41727
0.000110407	24.921	7.3605e-06	1.78425
0.000125128	27.6456	7.3605e-06	1.81404
0.000139849	35.8806	7.3605e-06	1.88502
0.00015457	46.6774	7.3605e-06	2.9075
0.000169291	53.6716	7.3605e-06	2.83535
0.000184012	58.3374	7.3605e-06	2.42232
0.000198733	73.4239	7.3605e-06	2.96043
0.000213454	88.3709	7.3605e-06	3.43338
0.000228175	88.1832	7.3605e-06	2.81164
0.000242896	109.058	7.3605e-06	3.95147
0.000257617	118.895	7.3605e-06	3.95318
0.000272338	133.605	7.3605e-06	3.80247
0.000287059	149.794	7.3605e-06	4.29539
0.00030178	164.333	7.3605e-06	4.88582
0.000316501	184.365	7.3605e-06	5.70316
0.000331222	197.226	7.3605e-06	5.29481
0.000345943	212.047	7.3605e-06	5.05793
0.000360664	235.518	7.3605e-06	5.95244
0.000375385	253.736	7.3605e-06	6.49641
0.000390106	268.802	7.3605e-06	5.9084
0.000404827	286.966	7.3605e-06	7.62885
0.000419548	312.172	7.3605e-06	7.37034
0.000434269	313.842	7.3605e-06	6.33471
0.00044899	347.043	7.3605e-06	6.80944
0.000463711	382.107	7.3605e-06	7.32094
0.000478432	401.066	7.3605e-06	11.9023
0.000493153	401.885	7.3605e-06	8.42272
0.000507874	421.493	7.3605e-06	9.70581
0.000522595	462.486	7.3605e-06	13.5669
0.000537316	456.36	7.3605e-06	8.4912
0.000552037	483.765	7.3605e-06	8.1405
0.000566758	502.211	7.3605e-06	13.5706
0.000581479	525.513	7.3605e-06	8.41704
0.0005962	575.39	7.3605e-06	14.0482
0.000610921	560.853	7.3605e-06	9.4626
0.000625642	558.642	7.3605e-06	8.65864
0.000640363	594.341	7.3605e-06	12.3998
0.000655084	669.765	7.3605e-06	28.0829
0.000669805	654.244	7.3605e-06	10.4303
0.000684526	666.086	7.3605e-06	13.6424
0.000699247	693.63	7.3605e-06	10.5052
0.000713968	709.133	7.3605e-06	13.0709
0.000728689	720.591	7.3605e-06	10.6611
0.00074341	738.664	7.3605e-06	11.3726
0.000758131	766.897	7.3605e-06	14.5394
0.000772852	791.008	7.3605e-06	14.9216
0.000787573	791.712	7.3605e-06	16.8215
0.000802294	785.306	7.3605e-06	11.5448
0.000817015	825.176	7.3605e-06	12.4353
0.000831736	802.928	7.3605e-06	10.44
0.000846457	848.481	7.3605e-06	11.4279
0.000861178	860.878	7.3605e-06	13.7511
0.000875899	846.871	7.3605e-06	11.8475
0.00089062	869.395	7.3605e-06	15.9542
0.000905341	921.389	7.3605e-06	22.8234
0.000920062	869.291	7.3605e-06	14.059
0.000934783	900.916	7.3605e-06	17.8021
0.000949504	879.769	7.3605e-06	12.0684
0.000964225	884.849	7.3605e-06	11.2666
0.000978946	903.198	7.3605e-06	13.8137
0.000993667	980.67	7.3605e-06	36.488
0.00100839	885.527	7.3605e-06	11.2323
0.00102311	883.985	7.3605e-06	10.959
0.00103783	934.439	7.3605e-06	17.6758
0.00105255	911.318	7.3605e-06	11.9642
0.00106727	921.98	7.3605e-06	13.0197
0.00108199	878.97	7.3605e-06	11.2613
0.00109671	888.703	7.3605e-06	13.2645
0.00111144	868.161	7.3605e-06	11.265
0.00112616	925.106	7.3605e-06	16.2461
0.00114088	892.651	7.3605e-06	12.8131
0.0011556	837.167	7.3605e-06	10.9477
0.00117032	888.445	7.3605e-06	16.4377
0.00118504	852.247	7.3605e-06	11.772
0.00119976	835.749	7.3605e-06	13.1623
0.00121448	854.11	7.3605e-06	16.6323
0.0012292	835.924	7.3605e-06	13.7225
0.00124392	815.097	7.3605e-06	11.9957
0.00125865	788.963	7.3605e-06	10.9743
0.00127337	775.849	7.3605e-06	10.7216
0.00128809	798.456	7.3605e-06	13.7918
0.00130281	788.111	7.3605e-06	12.244
0.00131753	729.888	7.3605e-06	10.3362
0.00133225	757.872	7.3605e-06	11.6086
0.00134697	739.044	7.3605e-06	15.4933
0.00136169	703.177	7.3605e-06	11.9456
0.00137641	690.929	7.3605e-06	11.9205
0.00139113	668.043	7.3605e-06	12.1456
0.00140586	682.116	7.3605e-06	11.5561
0.00142058	675.151	7.3605e-06	20.8693
0.0014353	627.771	7.3605e-06	13.8565
0.00145002	594.342	7.3605e-06	9.70622
0.00146474	606.514	7.3605e-06	11.9737
0.00147946	586.46	7.3605e-06	14.7026
0.00149418	558.621	7.3605e-06	9.12583
0.0015089	534.199	7.3605e-06	9.26911
0.00152362	532.601	7.3605e-06	9.32186
0.00153834	493.604	7.3605e-06	9.44657
0.00155307	516.391	7.3605e-06	13.5939
0.00156779	461.525	7.3605e-06	7.91295
0.00158251	469.428	7.3605e-06	9.83832
0.00159723	451.016	7.3605e-06	9.2028
0.00161195	419.737	7.3605e-06	8.09066
0.00162667	409.135	7.3605e-06	8.19232
0.00164139	400.104	7.3605e-06	8.59451
0.00165611	380.159	7.3605e-06	7.63842
0.00167083	375.307	7.3605e-06	8.8179
0.00168555	354.978	7.3605e-06	11.2217
0.00170028	339.564	7.3605e-06	8.34635
0.001715	316.451	7.3605e-06	7.41121
0.00172972	302.575	7.3605e-06	7.31333
0.00174444	295.327	7.3605e-06	6.80145
0.00175916	287.325	7.3605e-06	8.07467
0.00177388	255.597	7.3605e-06	6.19786
0.0017886	252.118	7.3605e-06	6.19195
0.00180332	238.942	7.3605e-06	5.85438
0.00181804	254.28	7.3605e-06	10.4887
0.00183276	207.724	7.3605e-06	5.27385
0.00184749	202.398	7.3605e-06	5.32349
0.00186221	193.405	7.3605e-06	6.03812
0.00187693	182.987	7.3605e-06	5.79364
0.00189165	172.921	7.3605e-06	4.74396
0.00190637	173.102	7.3605e-06	5.67979
0.00192109	162.167	7.3605e-06	6.62614
0.00193581	155.94	7.3605e-06	5.61698
0.00195053	140.337	7.3605e-06	4.78444
0.00196525	130.494	7.3605e-06	4.32858
0.00197997	120.964	7.3605e-06	5.92435
0.0019947	110.761	7.3605e-06	4.0297
0.00200942	109.904	7.3605e-06	4.53356
0.00202414	97.3714	7.3605e-06	3.74339
0.00203886	97.3371	7.3605e-06	3.61619
0.00205358	89.2165	7.3605e-06	3.90715
0.0020683	86.0604	7.3605e-06	3.31768
0.00208302	86.7188	7.3605e-06	4.55328
0.00209774	73.128	7.3605e-06	4.19228
0.00211246	68.4517	7.3605e-06	3.09716
0.00212718	63.5196	7.3605e-06	2.74398
0.00214191	56.3712	7.3605e-06	2.66758
0.00215663	56.4878	7.3605e-06	3.42464
0.00217135	50.2536	7.3605e-06	2.89525
0.00218607	47.6712	7.3605e-06	3.44493
0.00220079	45.8036	7.3605e-06	3.08913
0.00221551	38.4389	7.3605e-06	1.9887
0.00223023	38.3006	7.3605e-06	2.50464
0.00224495	32.9237	7.3605e-06	1.91031
0.00225967	26.9762	7.3605e-06	1.80378
0.00227439	28.0528	7.3605e-06	1.96689
0.00228912	26.3634	7.3605e-06	1.94456
0.00230384	22.123	7.3605e-06	1.69513
0.00231856	22.7517	7.3605e-06	1.88249
0.00233328	19.123	7.3605e-06	1.62214
0.002348	20.6612	7.3605e-06	2.16007
0.00236272	14.2404	7.3605e-06	1.5219
0.00237744	14.0238	7.3605e-06	1.21032
0.00239216	23.7839	7.3605e-06	5.3215
0.00240688	12.2301	7.3605e-06	2.42647
0.0024216	9.66503	7.3605e-06	1.23215
0.00243633	7.95698	7.3605e-06	0.958418
0.00245105	5.44526	7.3605e-06	0.825199
0.00246577	5.62316	7.3605e-06	0.750952
0.00248049	5.40817	7.3605e-06	0.828306
0.00249521	5.74663	7.3605e-06	1.18509
0.00250993	3.57901	7.3605e-06	0.568607
0.00252465	2.61558	7.3605e-06	0.472559
0.00253937	2.15156	7.3605e-06	0.482465
0.00255409	1.00712	7.3605e-06	0.283586
0.00256881	0.47736	7.3605e-06	0.199684
