7.37082e-06	0	7.37082e-06	0
2.21125e-05	0.881667	7.37082e-06	0.30039
3.68541e-05	1.91422	7.37082e-06	0.430107
5.15958e-05	3.22599	7.37082e-06	0.608428
6.63374e-05	5.65232	7.37082e-06	0.851754
8.1079e-05	15.2365	7.37082e-06	1.81202
9.58207e-05	16.8446	7.37082e-06	1.5809
0.000110562	22.3003	7.37082e-06	1.92527
0.000125304	28.0297	7.37082e-06	2.03533
0.000140046	39.5259	7.37082e-06	2.83932
0.000154787	46.4882	7.37082e-06	2.90273
0.000169529	57.5003	7.37082e-06	2.97166
0.000184271	74.4191	7.37082e-06	7.7736
0.000199012	80.0443	7.37082e-06	5.67126
0.000213754	91.2733	7.37082e-06	6.05974
0.000228495	89.9958	7.37082e-06	3.61064
0.000243237	111.965	7.37082e-06	5.16607
0.000257979	120.69	7.37082e-06	4.36532
0.00027272	142.931	7.37082e-06	5.71431
0.000287462	154.835	7.37082e-06	5.16673
0.000302204	160.463	7.37082e-06	4.92432
0.000316945	197.893	7.37082e-06	7.92529
0.000331687	208.391	7.37082e-06	7.00667
0.000346429	209.468	7.37082e-06	6.3357
0.00036117	248.946	7.37082e-06	7.82171
0.000375912	253.459	7.37082e-06	6.95052
0.000390654	274.495	7.37082e-06	9.72366
0.000405395	297.834	7.37082e-06	11.7436
0.000420137	304.947	7.37082e-06	6.78002
0.000434878	335.75	7.37082e-06	7.53436
0.00044962	343.809	7.37082e-06	7.80231
0.000464362	362.755	7.37082e-06	8.75839
0.000479103	387.378	7.37082e-06	8.76953
0.000493845	414.938	7.37082e-06	8.35454
0.000508587	428.297	7.37082e-06	9.91206
0.000523328	470.149	7.37082e-06	9.37749
0.00053807	480.907	7.37082e-06	10.9678
0.000552812	488.602	7.37082e-06	9.91195
0.000567553	519.578	7.37082e-06	8.88859
0.000582295	535.074	7.37082e-06	9.84542
0.000597037	536.228	7.37082e-06	8.09816
0.000611778	569.623	7.37082e-06	9.06457
0.00062652	586.875	7.37082e-06	9.53908
0.000641261	611.64	7.37082e-06	15.1506
0.000656003	626.734	7.37082e-06	9.60368
0.000670745	647.6	7.37082e-06	9.60225
0.000685486	685.336	7.37082e-06	10.5361
0.000700228	680.622	7.37082e-06	10.1789
0.00071497	698.347	7.37082e-06	10.7615
0.000729711	745.423	7.37082e-06	12.2444
0.000744453	735.614	7.37082e-06	13.7763
0.000759195	756.526	7.37082e-06	10.8481
0.000773936	777.234	7.37082e-06	10.3463
0.000788678	784.289	7.37082e-06	10.0935
0.00080342	795.876	7.37082e-06	9.95471
0.000818161	809.703	7.37082e-06	10.1792
0.000832903	824.002	7.37082e-06	9.76168
0.000847644	853.037	7.37082e-06	11.9602
0.000862386	850.9	7.37082e-06	10.3374
0.000877128	845.449	7.37082e-06	10.681
0.000891869	855.885	7.37082e-06	10.526
0.000906611	891.612	7.37082e-06	15.0465
0.000921353	871.301	7.37082e-06	9.58902
0.000936094	904.795	7.37082e-06	11.5017
0.000950836	915.026	7.37082e-06	14.8138
0.000965578	902.269	7.37082e-06	10.8518
0.000980319	940.464	7.37082e-06	17.4932
0.000995061	921.667	7.37082e-06	12.8806
0.0010098	891.615	7.37082e-06	9.99488
0.00102454	915.32	7.37082e-06	12.2765
0.00103929	901.728	7.37082e-06	9.9028
0.00105403	914.743	7.37082e-06	10.2958
0.00106877	903.85	7.37082e-06	9.59923
0.00108351	909.797	7.37082e-06	9.79027
0.00109825	887.441	7.37082e-06	9.20879
0.00111299	901.4	7.37082e-06	9.9107
0.00112774	908.741	7.37082e-06	11.0107
0.00114248	865.676	7.37082e-06	9.83291
0.00115722	881.499	7.37082e-06	9.86158
0.00117196	853.193	7.37082e-06	9.41275
0.0011867	855.056	7.37082e-06	9.55104
0.00120144	864.848	7.37082e-06	9.70424
0.00121619	825.238	7.37082e-06	8.92238
0.00123093	831.941	7.37082e-06	8.70832
0.00124567	821.354	7.37082e-06	19.5046
0.00126041	801.638	7.37082e-06	8.3298
0.00127515	788.909	7.37082e-06	9.84659
0.00128989	769.845	7.37082e-06	8.59172
0.00130464	796.481	7.37082e-06	13.4075
0.00131938	736.66	7.37082e-06	8.2613
0.00133412	742.038	7.37082e-06	8.15138
0.00134886	714.033	7.37082e-06	7.71561
0.0013636	720.426	7.37082e-06	8.11679
0.00137834	694.281	7.37082e-06	8.36014
0.00139309	670.276	7.37082e-06	7.79023
0.00140783	656.311	7.37082e-06	7.44322
0.00142257	646.854	7.37082e-06	8.97995
0.00143731	617.848	7.37082e-06	7.238
0.00145205	604.721	7.37082e-06	7.14733
0.00146679	602.998	7.37082e-06	7.14163
0.00148154	574.135	7.37082e-06	6.53471
0.00149628	551.968	7.37082e-06	7.26645
0.00151102	538.214	7.37082e-06	7.11952
0.00152576	512.238	7.37082e-06	6.19863
0.0015405	508.053	7.37082e-06	6.74227
0.00155524	475.584	7.37082e-06	5.85508
0.00156998	471.901	7.37082e-06	6.00849
0.00158473	467.598	7.37082e-06	6.46986
0.00159947	443.213	7.37082e-06	5.89522
0.00161421	421.109	7.37082e-06	5.488
0.00162895	406.304	7.37082e-06	5.22062
0.00164369	393.252	7.37082e-06	5.41763
0.00165843	367.589	7.37082e-06	5.00087
0.00167318	361.421	7.37082e-06	5.77833
0.00168792	337.562	7.37082e-06	4.63371
0.00170266	335.26	7.37082e-06	4.77946
0.0017174	309.272	7.37082e-06	4.52715
0.00173214	299.867	7.37082e-06	4.6803
0.00174688	287.673	7.37082e-06	4.44974
0.00176163	279.494	7.37082e-06	4.26527
0.00177637	268.508	7.37082e-06	4.10362
0.00179111	251.581	7.37082e-06	4.01605
0.00180585	238.85	7.37082e-06	3.95447
0.00182059	231.558	7.37082e-06	3.84456
0.00183533	214.554	7.37082e-06	3.69388
0.00185008	203.286	7.37082e-06	3.57026
0.00186482	194.262	7.37082e-06	3.47607
0.00187956	193.212	7.37082e-06	3.44975
0.0018943	176.882	7.37082e-06	3.32815
0.00190904	171.206	7.37082e-06	3.22306
0.00192378	153.391	7.37082e-06	3.03264
0.00193853	147.773	7.37082e-06	3.02179
0.00195327	144.01	7.37082e-06	2.95197
0.00196801	127.149	7.37082e-06	2.76865
0.00198275	121	7.37082e-06	2.68999
0.00199749	116.826	7.37082e-06	2.64264
0.00201223	114.144	7.37082e-06	2.57355
0.00202698	100.949	7.37082e-06	2.43152
0.00204172	95.6322	7.37082e-06	2.37115
0.00205646	89.9679	7.37082e-06	2.31009
0.0020712	83.1327	7.37082e-06	2.1953
0.00208594	75.865	7.37082e-06	2.10208
0.00210068	72.7013	7.37082e-06	2.03608
0.00211543	68.3251	7.37082e-06	1.97688
0.00213017	62.7329	7.37082e-06	1.88249
0.00214491	57.1569	7.37082e-06	1.7934
0.00215965	55.9911	7.37082e-06	1.77361
0.00217439	52.208	7.37082e-06	1.71454
0.00218913	47.6719	7.37082e-06	1.62496
0.00220388	42.9965	7.37082e-06	1.54517
0.00221862	40.0661	7.37082e-06	1.48662
0.00223336	36.3849	7.37082e-06	1.40506
0.0022481	33.7433	7.37082e-06	1.35865
0.00226284	29.9801	7.37082e-06	1.271
0.00227758	28.2169	7.37082e-06	1.23127
0.00229233	25.4095	7.37082e-06	1.16509
0.00230707	22.3744	7.37082e-06	1.08981
0.00232181	19.7946	7.37082e-06	1.02572
0.00233655	17.8895	7.37082e-06	0.96499
0.00235129	16.508	7.37082e-06	0.930685
0.00236603	16.2589	7.37082e-06	0.91795
0.00238078	13.8519	7.37082e-06	0.848092
0.00239552	11.4328	7.37082e-06	0.765124
0.00241026	10.9642	7.37082e-06	0.750327
0.002425	8.26139	7.37082e-06	0.648925
0.00243974	9.35958	7.37082e-06	0.690117
0.00245448	5.93994	7.37082e-06	0.547997
0.00246923	6.42286	7.37082e-06	0.568815
0.00248397	5.85225	7.37082e-06	0.537266
0.00249871	4.18008	7.37082e-06	0.453959
0.00251345	4.26539	7.37082e-06	0.46487
0.00252819	2.24706	7.37082e-06	0.331688
0.00254293	1.68215	7.37082e-06	0.28452
0.00255768	0.907536	7.37082e-06	0.208262
0.00257242	0.0479073	7.37082e-06	0.0479073
0.00258716	0.0474528	7.37082e-06	0.0474528
