0	1171.79	7.34461e-06	4.24644
1.46892e-05	1171.44	7.34461e-06	4.18549
2.93784e-05	1170.68	7.34461e-06	4.15069
4.40676e-05	1169.2	7.34461e-06	4.09598
5.87569e-05	1167.3	7.34461e-06	4.0529
7.34461e-05	1164.87	7.34461e-06	4.00863
8.81353e-05	1161.51	7.34461e-06	3.95174
0.000102825	1157.81	7.34461e-06	3.90064
0.000117514	1153.67	7.34461e-06	3.85126
0.000132203	1149.24	7.34461e-06	3.80729
0.000146892	1144.27	7.34461e-06	3.7634
0.000161581	1139.26	7.34461e-06	3.72678
0.000176271	1133.46	7.34461e-06	3.67947
0.00019096	1127.14	7.34461e-06	3.62701
0.000205649	1120.69	7.34461e-06	3.5872
0.000220338	1113.32	7.34461e-06	3.54121
0.000235027	1105.28	7.34461e-06	3.49104
0.000249717	1097.14	7.34461e-06	3.44111
0.000264406	1089.19	7.34461e-06	3.40291
0.000279095	1080.05	7.34461e-06	3.3505
0.000293784	1071.08	7.34461e-06	3.30997
0.000308474	1061.32	7.34461e-06	3.26562
0.000323163	1051.42	7.34461e-06	3.21878
0.000337852	1041.47	7.34461e-06	3.17965
0.000352541	1030.45	7.34461e-06	3.12653
0.00036723	1019.85	7.34461e-06	3.088
0.00038192	1008.61	7.34461e-06	3.04712
0.000396609	997.384	7.34461e-06	3.00528
0.000411298	985.037	7.34461e-06	2.9594
0.000425987	972.992	7.34461e-06	2.91773
0.000440676	960.445	7.34461e-06	2.87205
0.000455366	947.275	7.34461e-06	2.81953
0.000470055	934.193	7.34461e-06	2.77546
0.000484744	921.174	7.34461e-06	2.73551
0.000499433	907.895	7.34461e-06	2.69688
0.000514123	894.21	7.34461e-06	2.65161
0.000528812	880.221	7.34461e-06	2.59689
0.000543501	866.014	7.34461e-06	2.55378
0.00055819	851.764	7.34461e-06	2.51299
0.000572879	837.642	7.34461e-06	2.47636
0.000587569	822.63	7.34461e-06	2.42947
0.000602258	807.243	7.34461e-06	2.38218
0.000616947	792.991	7.34461e-06	2.34728
0.000631636	778.439	7.34461e-06	2.31278
0.000646325	763.581	7.34461e-06	2.27729
0.000661015	748.579	7.34461e-06	2.23842
0.000675704	733.705	7.34461e-06	2.2035
0.000690393	718.678	7.34461e-06	2.16792
0.000705082	703.331	7.34461e-06	2.13132
0.000719772	688.215	7.34461e-06	2.0973
0.000734461	672.883	7.34461e-06	2.06414
0.00074915	657.415	7.34461e-06	2.02782
0.000763839	642.234	7.34461e-06	1.98516
0.000778528	627.238	7.34461e-06	1.95311
0.000793218	611.799	7.34461e-06	1.91218
0.000807907	596.67	7.34461e-06	1.87618
0.000822596	581.541	7.34461e-06	1.83889
0.000837285	566.398	7.34461e-06	1.80347
0.000851974	551.518	7.34461e-06	1.76819
0.000866664	536.548	7.34461e-06	1.7325
0.000881353	521.477	7.34461e-06	1.7007
0.000896042	506.795	7.34461e-06	1.65724
0.000910731	492.014	7.34461e-06	1.60694
0.000925421	477.693	7.34461e-06	1.57636
0.00094011	463.121	7.34461e-06	1.54152
0.000954799	449.185	7.34461e-06	1.5119
0.000969488	435.573	7.34461e-06	1.48695
0.000984177	421.861	7.34461e-06	1.45781
0.000998867	408.561	7.34461e-06	1.43338
0.00101356	395.307	7.34461e-06	1.40744
0.00102825	382.4	7.34461e-06	1.38288
0.00104293	368.963	7.34461e-06	1.27038
0.00105762	356.068	7.34461e-06	1.2432
0.00107231	343.799	7.34461e-06	1.22079
0.001087	331.885	7.34461e-06	1.1972
0.00110169	320.045	7.34461e-06	1.17478
0.00111638	308.813	7.34461e-06	1.15663
0.00113107	297.258	7.34461e-06	1.1342
0.00114576	285.502	7.34461e-06	1.05106
0.00116045	274.565	7.34461e-06	1.02818
0.00117514	263.944	7.34461e-06	1.00493
0.00118983	253.215	7.34461e-06	0.970084
0.00120452	242.346	7.34461e-06	0.859359
0.0012192	232.25	7.34461e-06	0.828999
0.00123389	222.485	7.34461e-06	0.805939
0.00124858	213.133	7.34461e-06	0.784483
0.00126327	204.01	7.34461e-06	0.765497
0.00127796	194.835	7.34461e-06	0.725618
0.00129265	186.497	7.34461e-06	0.710519
0.00130734	178.221	7.34461e-06	0.687739
0.00132203	170.054	7.34461e-06	0.665871
0.00133672	162.097	7.34461e-06	0.647061
0.00135141	154.545	7.34461e-06	0.631482
0.0013661	147.265	7.34461e-06	0.615023
0.00138079	140.199	7.34461e-06	0.599675
0.00139548	133.355	7.34461e-06	0.583049
0.00141016	126.639	7.34461e-06	0.563854
0.00142485	120.409	7.34461e-06	0.551848
0.00143954	114.308	7.34461e-06	0.539755
0.00145423	108.566	7.34461e-06	0.529014
0.00146892	102.946	7.34461e-06	0.517405
0.00148361	97.5556	7.34461e-06	0.5059
0.0014983	92.3018	7.34461e-06	0.492668
0.00151299	87.372	7.34461e-06	0.482155
0.00152768	82.6022	7.34461e-06	0.471483
0.00154237	77.6272	7.34461e-06	0.347338
0.00155706	73.1585	7.34461e-06	0.333671
0.00157175	69.0205	7.34461e-06	0.322706
0.00158644	65.0293	7.34461e-06	0.309617
0.00160112	61.1797	7.34461e-06	0.295673
0.00161581	57.4986	7.34461e-06	0.282454
0.0016305	54.1207	7.34461e-06	0.272744
0.00164519	50.931	7.34461e-06	0.263928
0.00165988	48.0034	7.34461e-06	0.255738
0.00167457	44.8949	7.34461e-06	0.244977
0.00168926	42.0738	7.34461e-06	0.2352
0.00170395	39.2908	7.34461e-06	0.227604
0.00171864	36.7474	7.34461e-06	0.219861
0.00173333	34.291	7.34461e-06	0.209483
0.00174802	32.0489	7.34461e-06	0.202505
0.00176271	29.9379	7.34461e-06	0.196373
0.00177739	27.9369	7.34461e-06	0.190593
0.00179208	25.9986	7.34461e-06	0.181571
0.00180677	24.1619	7.34461e-06	0.174615
0.00182146	22.4403	7.34461e-06	0.16778
0.00183615	20.8681	7.34461e-06	0.162172
0.00185084	19.3572	7.34461e-06	0.156907
0.00186553	17.9563	7.34461e-06	0.150136
0.00188022	16.5769	7.34461e-06	0.143299
0.00189491	15.2383	7.34461e-06	0.135569
0.0019096	14.1376	7.34461e-06	0.131174
0.00192429	13.0081	7.34461e-06	0.121102
0.00193898	11.9545	7.34461e-06	0.114525
0.00195367	11.0254	7.34461e-06	0.108733
0.00196835	10.1495	7.34461e-06	0.104731
0.00198304	9.32687	7.34461e-06	0.0973402
0.00199773	8.57692	7.34461e-06	0.0936337
0.00201242	7.83209	7.34461e-06	0.0890323
0.00202711	7.15991	7.34461e-06	0.0854573
0.0020418	6.51475	7.34461e-06	0.080991
0.00205649	5.98679	7.34461e-06	0.0785552
0.00207118	5.3916	7.34461e-06	0.0735259
0.00208587	4.92475	7.34461e-06	0.0709605
0.00210056	4.49799	7.34461e-06	0.0688151
0.00211525	4.07674	7.34461e-06	0.0659372
0.00212994	3.68699	7.34461e-06	0.0629494
0.00214463	3.31087	7.34461e-06	0.0513032
0.00215931	3.00436	7.34461e-06	0.0477224
0.002174	2.68837	7.34461e-06	0.0452352
0.00218869	2.38114	7.34461e-06	0.0406044
0.00220338	2.11925	7.34461e-06	0.0381289
0.00221807	1.90987	7.34461e-06	0.0366199
0.00223276	1.70112	7.34461e-06	0.0348767
0.00224745	1.48908	7.34461e-06	0.0321592
0.00226214	1.30592	7.34461e-06	0.0294214
0.00227683	1.15348	7.34461e-06	0.02797
0.00229152	1.01292	7.34461e-06	0.0260034
0.00230621	0.864435	7.34461e-06	0.0230489
0.0023209	0.746309	7.34461e-06	0.0216031
0.00233559	0.63071	7.34461e-06	0.018037
0.00235027	0.536182	7.34461e-06	0.0163957
0.00236496	0.449236	7.34461e-06	0.0145238
0.00237965	0.37244	7.34461e-06	0.0130809
0.00239434	0.303283	7.34461e-06	0.0110392
0.00240903	0.240757	7.34461e-06	0.00967645
0.00242372	0.197553	7.34461e-06	0.00874754
0.00243841	0.157672	7.34461e-06	0.00755066
0.0024531	0.122774	7.34461e-06	0.00666053
0.00246779	0.0950034	7.34461e-06	0.00582602
0.00248248	0.0700747	7.34461e-06	0.00492134
0.00249717	0.047923	7.34461e-06	0.00399381
0.00251186	0.0285364	7.34461e-06	0.00301336
0.00252654	0.0183546	7.34461e-06	0.00241882
0.00254123	0.00895118	7.34461e-06	0.00166221
0.00255592	0.00209219	7.34461e-06	0.000794284
0.00257061	0.000275094	7.34461e-06	0.000275098
