0	1122.89	7.36877e-06	3.80841
1.47375e-05	1122.55	7.36877e-06	3.74155
2.94751e-05	1121.92	7.36877e-06	3.71525
4.42126e-05	1120.84	7.36877e-06	3.68492
5.89501e-05	1119.5	7.36877e-06	3.66066
7.36877e-05	1117.96	7.36877e-06	3.641
8.84252e-05	1115.67	7.36877e-06	3.61253
0.000103163	1112.99	7.36877e-06	3.58435
0.0001179	1109.44	7.36877e-06	3.53823
0.000132638	1105.97	7.36877e-06	3.50933
0.000147375	1102.08	7.36877e-06	3.47993
0.000162113	1097.89	7.36877e-06	3.45172
0.00017685	1093.07	7.36877e-06	3.41965
0.000191588	1087.97	7.36877e-06	3.38879
0.000206325	1082.57	7.36877e-06	3.35839
0.000221063	1076.3	7.36877e-06	3.29647
0.0002358	1069.89	7.36877e-06	3.2614
0.000250538	1063.12	7.36877e-06	3.22464
0.000265276	1055.77	7.36877e-06	3.18756
0.000280013	1048.8	7.36877e-06	3.15812
0.000294751	1041.25	7.36877e-06	3.1271
0.000309488	1033.15	7.36877e-06	3.09382
0.000324226	1024.59	7.36877e-06	3.05945
0.000338963	1016.25	7.36877e-06	3.03001
0.000353701	1007.3	7.36877e-06	2.99866
0.000368438	998.051	7.36877e-06	2.96551
0.000383176	988.098	7.36877e-06	2.92893
0.000397913	978.203	7.36877e-06	2.89633
0.000412651	967.983	7.36877e-06	2.86125
0.000427388	957.627	7.36877e-06	2.82609
0.000442126	946.195	7.36877e-06	2.78917
0.000456863	934.62	7.36877e-06	2.75174
0.000471601	923.085	7.36877e-06	2.71176
0.000486339	911.139	7.36877e-06	2.66961
0.000501076	898.588	7.36877e-06	2.63001
0.000515814	886.52	7.36877e-06	2.59613
0.000530551	874.069	7.36877e-06	2.56184
0.000545289	861.497	7.36877e-06	2.52795
0.000560026	848.793	7.36877e-06	2.4908
0.000574764	835.07	7.36877e-06	2.44492
0.000589501	821.755	7.36877e-06	2.4101
0.000604239	808.003	7.36877e-06	2.35822
0.000618976	794.525	7.36877e-06	2.32323
0.000633714	780.854	7.36877e-06	2.28875
0.000648451	767.077	7.36877e-06	2.25527
0.000663189	753.22	7.36877e-06	2.2221
0.000677926	739.093	7.36877e-06	2.18827
0.000692664	725.334	7.36877e-06	2.15871
0.000707401	711.521	7.36877e-06	2.12974
0.000722139	696.946	7.36877e-06	2.08453
0.000736877	682.418	7.36877e-06	2.05234
0.000751614	667.183	7.36877e-06	2.00915
0.000766352	652.694	7.36877e-06	1.9773
0.000781089	638.433	7.36877e-06	1.94917
0.000795827	623.711	7.36877e-06	1.91509
0.000810564	609.139	7.36877e-06	1.88143
0.000825302	594.48	7.36877e-06	1.85023
0.000840039	579.07	7.36877e-06	1.69378
0.000854777	564.632	7.36877e-06	1.66048
0.000869514	550.162	7.36877e-06	1.62836
0.000884252	535.901	7.36877e-06	1.59651
0.000898989	521.333	7.36877e-06	1.56166
0.000913727	507.243	7.36877e-06	1.5319
0.000928464	492.875	7.36877e-06	1.49831
0.000943202	478.956	7.36877e-06	1.46849
0.000957939	465.562	7.36877e-06	1.44249
0.000972677	452.144	7.36877e-06	1.41787
0.000987415	438.861	7.36877e-06	1.39185
0.00100215	425.033	7.36877e-06	1.33017
0.00101689	411.867	7.36877e-06	1.30398
0.00103163	398.558	7.36877e-06	1.27227
0.00104636	385.66	7.36877e-06	1.23284
0.0010611	372.929	7.36877e-06	1.20232
0.00107584	360.079	7.36877e-06	1.16647
0.00109058	347.631	7.36877e-06	1.14041
0.00110531	335.556	7.36877e-06	1.11425
0.00112005	323.666	7.36877e-06	1.08634
0.00113479	312.226	7.36877e-06	1.06335
0.00114953	300.56	7.36877e-06	1.03054
0.00116426	289.121	7.36877e-06	1.00282
0.001179	278.501	7.36877e-06	0.981275
0.00119374	267.931	7.36877e-06	0.961503
0.00120848	257.193	7.36877e-06	0.933911
0.00122322	247.015	7.36877e-06	0.910823
0.00123795	237.062	7.36877e-06	0.88923
0.00125269	227.376	7.36877e-06	0.86983
0.00126743	218.203	7.36877e-06	0.853075
0.00128217	209.194	7.36877e-06	0.837024
0.0012969	200.242	7.36877e-06	0.817104
0.00131164	191.276	7.36877e-06	0.783097
0.00132638	182.965	7.36877e-06	0.768071
0.00134112	174.731	7.36877e-06	0.742971
0.00135585	166.698	7.36877e-06	0.722606
0.00137059	158.983	7.36877e-06	0.703954
0.00138533	151.59	7.36877e-06	0.688811
0.00140007	144.554	7.36877e-06	0.674898
0.0014148	137.573	7.36877e-06	0.659613
0.00142954	130.946	7.36877e-06	0.64566
0.00144428	124.593	7.36877e-06	0.632621
0.00145902	117.871	7.36877e-06	0.531549
0.00147375	111.787	7.36877e-06	0.514051
0.00148849	106.235	7.36877e-06	0.501938
0.00150323	100.643	7.36877e-06	0.489093
0.00151797	95.452	7.36877e-06	0.475355
0.0015327	90.426	7.36877e-06	0.462945
0.00154744	85.3364	7.36877e-06	0.430923
0.00156218	80.6624	7.36877e-06	0.407133
0.00157692	76.0912	7.36877e-06	0.391632
0.00159165	71.8082	7.36877e-06	0.379212
0.00160639	67.7497	7.36877e-06	0.368661
0.00162113	63.811	7.36877e-06	0.356475
0.00163587	60.2057	7.36877e-06	0.347889
0.0016506	56.6997	7.36877e-06	0.337915
0.00166534	53.2937	7.36877e-06	0.328365
0.00168008	49.9478	7.36877e-06	0.317159
0.00169482	46.5999	7.36877e-06	0.295466
0.00170955	43.6884	7.36877e-06	0.285264
0.00172429	41.0073	7.36877e-06	0.277893
0.00173903	38.2771	7.36877e-06	0.264446
0.00175377	35.788	7.36877e-06	0.255631
0.0017685	33.5033	7.36877e-06	0.247432
0.00178324	31.2306	7.36877e-06	0.23963
0.00179798	29.1289	7.36877e-06	0.231691
0.00181272	27.1431	7.36877e-06	0.223027
0.00182745	25.1768	7.36877e-06	0.214278
0.00184219	23.3493	7.36877e-06	0.206892
0.00185693	21.6505	7.36877e-06	0.198745
0.00187167	20.0378	7.36877e-06	0.19119
0.0018864	18.5528	7.36877e-06	0.183941
0.00190114	17.0398	7.36877e-06	0.172556
0.00191588	15.7273	7.36877e-06	0.164326
0.00193062	14.5319	7.36877e-06	0.158675
0.00194535	13.403	7.36877e-06	0.154095
0.00196009	12.4019	7.36877e-06	0.150317
0.00197483	11.4388	7.36877e-06	0.145677
0.00198957	10.5801	7.36877e-06	0.141939
0.0020043	9.65819	7.36877e-06	0.130657
0.00201904	8.81616	7.36877e-06	0.122577
0.00203378	8.02643	7.36877e-06	0.11562
0.00204852	7.34023	7.36877e-06	0.111695
0.00206325	6.64079	7.36877e-06	0.105827
0.00207799	6.06134	7.36877e-06	0.102863
0.00209273	5.50769	7.36877e-06	0.0990881
0.00210747	4.94548	7.36877e-06	0.088053
0.0021222	4.48329	7.36877e-06	0.0852002
0.00213694	4.01729	7.36877e-06	0.0747943
0.00215168	3.65021	7.36877e-06	0.0722713
0.00216642	3.26675	7.36877e-06	0.068622
0.00218115	2.94658	7.36877e-06	0.0662356
0.00219589	2.61613	7.36877e-06	0.0600955
0.00221063	2.35173	7.36877e-06	0.0575484
0.00222537	2.11	7.36877e-06	0.0551475
0.0022401	1.8715	7.36877e-06	0.0522437
0.00225484	1.65954	7.36877e-06	0.0494303
0.00226958	1.43905	7.36877e-06	0.044296
0.00228432	1.24818	7.36877e-06	0.0400532
0.00229905	1.09076	7.36877e-06	0.0381594
0.00231379	0.94819	7.36877e-06	0.0356788
0.00232853	0.838791	7.36877e-06	0.0344703
0.00234327	0.690891	7.36877e-06	0.029925
0.002358	0.584916	7.36877e-06	0.0278318
0.00237274	0.484654	7.36877e-06	0.0243676
0.00238748	0.406192	7.36877e-06	0.0225776
0.00240222	0.333404	7.36877e-06	0.0214134
0.00241696	0.284901	7.36877e-06	0.0203863
0.00243169	0.237579	7.36877e-06	0.019464
0.00244643	0.197943	7.36877e-06	0.0182579
0.00246117	0.140753	7.36877e-06	0.0162908
0.00247591	0.113577	7.36877e-06	0.015414
0.00249064	0.0894633	7.36877e-06	0.01462
0.00250538	0.055428	7.36877e-06	0.0128899
0.00252012	0.0426402	7.36877e-06	0.0125731
0.00253486	0.03098	7.36877e-06	0.0120599
0.00254959	0.0166032	7.36877e-06	0.0108108
