0	1263.14	7.22237e-06	9.26445
1.44447e-05	1259.46	7.22237e-06	5.04963
2.88895e-05	1258.27	7.22237e-06	4.98032
4.33342e-05	1256.39	7.22237e-06	4.91468
5.77789e-05	1253.56	7.22237e-06	4.83281
7.22237e-05	1250.36	7.22237e-06	4.76707
8.66684e-05	1246.47	7.22237e-06	4.70197
0.000101113	1242.51	7.22237e-06	4.65495
0.000115558	1238.08	7.22237e-06	4.61063
0.000130003	1232.45	7.22237e-06	4.5517
0.000144447	1225.29	7.22237e-06	4.46734
0.000158892	1218	7.22237e-06	4.39264
0.000173337	1209.73	7.22237e-06	4.30493
0.000187781	1202.22	7.22237e-06	4.25289
0.000202226	1193.88	7.22237e-06	4.19861
0.000216671	1185.03	7.22237e-06	4.14365
0.000231116	1175.3	7.22237e-06	4.08383
0.00024556	1165.25	7.22237e-06	4.02399
0.000260005	1154.68	7.22237e-06	3.96526
0.00027445	1143.69	7.22237e-06	3.90963
0.000288895	1131.39	7.22237e-06	3.84119
0.000303339	1119.43	7.22237e-06	3.77785
0.000317784	1106.73	7.22237e-06	3.7155
0.000332229	1093.38	7.22237e-06	3.63396
0.000346674	1080.22	7.22237e-06	3.56806
0.000361118	1065.98	7.22237e-06	3.47998
0.000375563	1051.53	7.22237e-06	3.41175
0.000390008	1037.47	7.22237e-06	3.3531
0.000404452	1023.03	7.22237e-06	3.2936
0.000418897	1007.69	7.22237e-06	3.22348
0.000433342	992.265	7.22237e-06	3.13775
0.000447787	976.262	7.22237e-06	3.0332
0.000462231	960.535	7.22237e-06	2.97613
0.000476676	944.662	7.22237e-06	2.91865
0.000491121	928.658	7.22237e-06	2.86035
0.000505566	913.101	7.22237e-06	2.81252
0.00052001	896.993	7.22237e-06	2.75867
0.000534455	880.848	7.22237e-06	2.70867
0.0005489	864.028	7.22237e-06	2.64095
0.000563344	847.478	7.22237e-06	2.59083
0.000577789	830.271	7.22237e-06	2.48946
0.000592234	812.993	7.22237e-06	2.42597
0.000606679	796.11	7.22237e-06	2.37504
0.000621123	779.373	7.22237e-06	2.32731
0.000635568	762.827	7.22237e-06	2.28299
0.000650013	746.462	7.22237e-06	2.23954
0.000664458	730.257	7.22237e-06	2.20015
0.000678902	713.276	7.22237e-06	2.15459
0.000693347	696.432	7.22237e-06	2.10776
0.000707792	679.663	7.22237e-06	2.06354
0.000722237	663.185	7.22237e-06	2.02121
0.000736681	646.663	7.22237e-06	1.98085
0.000751126	630.792	7.22237e-06	1.94657
0.000765571	614.474	7.22237e-06	1.909
0.000780015	597.351	7.22237e-06	1.73
0.00079446	581.087	7.22237e-06	1.69147
0.000808905	565.178	7.22237e-06	1.6518
0.00082335	549.549	7.22237e-06	1.61699
0.000837794	534.339	7.22237e-06	1.58429
0.000852239	518.996	7.22237e-06	1.55
0.000866684	503.63	7.22237e-06	1.51384
0.000881129	488.328	7.22237e-06	1.47217
0.000895573	473.35	7.22237e-06	1.43967
0.000910018	458.035	7.22237e-06	1.38753
0.000924463	443.502	7.22237e-06	1.35548
0.000938907	428.981	7.22237e-06	1.32108
0.000953352	415.022	7.22237e-06	1.29296
0.000967797	400.734	7.22237e-06	1.25359
0.000982242	387.171	7.22237e-06	1.21736
0.000996686	373.803	7.22237e-06	1.18667
0.00101113	360.132	7.22237e-06	1.13982
0.00102558	347.323	7.22237e-06	1.11371
0.00104002	334.828	7.22237e-06	1.08768
0.00105447	322.2	7.22237e-06	1.05507
0.00106891	310.317	7.22237e-06	1.03107
0.00108335	298.388	7.22237e-06	1.00626
0.0010978	287.131	7.22237e-06	0.979699
0.00111224	275.954	7.22237e-06	0.957977
0.00112669	264.913	7.22237e-06	0.915447
0.00114113	254.316	7.22237e-06	0.895731
0.00115558	243.945	7.22237e-06	0.87513
0.00117002	233.319	7.22237e-06	0.772218
0.00118447	223.868	7.22237e-06	0.754884
0.00119891	213.937	7.22237e-06	0.728435
0.00121336	204.613	7.22237e-06	0.706583
0.0012278	195.674	7.22237e-06	0.689405
0.00124225	187.18	7.22237e-06	0.672155
0.00125669	178.893	7.22237e-06	0.653723
0.00127114	170.518	7.22237e-06	0.562339
0.00128558	162.714	7.22237e-06	0.544125
0.00130003	154.73	7.22237e-06	0.512934
0.00131447	147.166	7.22237e-06	0.490422
0.00132892	140.175	7.22237e-06	0.475477
0.00134336	133.234	7.22237e-06	0.457202
0.0013578	126.723	7.22237e-06	0.443335
0.00137225	120.339	7.22237e-06	0.429025
0.00138669	114.266	7.22237e-06	0.414406
0.00140114	108.36	7.22237e-06	0.400602
0.00141558	102.585	7.22237e-06	0.379324
0.00143003	97.0813	7.22237e-06	0.362961
0.00144447	91.9046	7.22237e-06	0.348455
0.00145892	86.7362	7.22237e-06	0.334401
0.00147336	81.9958	7.22237e-06	0.324224
0.00148781	77.4993	7.22237e-06	0.314368
0.00150225	73.1953	7.22237e-06	0.30521
0.0015167	68.7264	7.22237e-06	0.272019
0.00153114	64.9097	7.22237e-06	0.263604
0.00154559	61.1775	7.22237e-06	0.25433
0.00156003	57.6415	7.22237e-06	0.245753
0.00157448	54.2299	7.22237e-06	0.236159
0.00158892	50.953	7.22237e-06	0.227335
0.00160337	47.9071	7.22237e-06	0.217259
0.00161781	44.9745	7.22237e-06	0.209682
0.00163225	42.111	7.22237e-06	0.202846
0.0016467	39.2479	7.22237e-06	0.175208
0.00166114	36.726	7.22237e-06	0.165179
0.00167559	34.338	7.22237e-06	0.157738
0.00169003	32.1007	7.22237e-06	0.151352
0.00170448	30.0436	7.22237e-06	0.145659
0.00171892	28.1029	7.22237e-06	0.139621
0.00173337	26.151	7.22237e-06	0.132031
0.00174781	24.39	7.22237e-06	0.126569
0.00176226	22.6918	7.22237e-06	0.121139
0.0017767	21.0624	7.22237e-06	0.11304
0.00179115	19.5796	7.22237e-06	0.10836
0.00180559	18.1511	7.22237e-06	0.10327
0.00182004	16.7726	7.22237e-06	0.098712
0.00183448	15.5069	7.22237e-06	0.0930685
0.00184893	14.3006	7.22237e-06	0.0881855
0.00186337	13.2333	7.22237e-06	0.0842218
0.00187781	12.1766	7.22237e-06	0.0798026
0.00189226	11.2359	7.22237e-06	0.0760274
0.0019067	10.351	7.22237e-06	0.072619
0.00192115	9.5248	7.22237e-06	0.0693814
0.00193559	8.74674	7.22237e-06	0.0659518
0.00195004	8.01857	7.22237e-06	0.061707
0.00196448	7.32354	7.22237e-06	0.0578003
0.00197893	6.6844	7.22237e-06	0.0545602
0.00199337	6.08788	7.22237e-06	0.0514714
0.00200782	5.56848	7.22237e-06	0.0489139
0.00202226	5.0506	7.22237e-06	0.0460594
0.00203671	4.59324	7.22237e-06	0.0434996
0.00205115	4.14407	7.22237e-06	0.0408768
0.0020656	3.77094	7.22237e-06	0.0387499
0.00208004	3.41562	7.22237e-06	0.0367204
0.00209449	3.09436	7.22237e-06	0.0347111
0.00210893	2.80182	7.22237e-06	0.0328581
0.00212338	2.4991	7.22237e-06	0.0307662
0.00213782	2.25343	7.22237e-06	0.0290574
0.00215226	2.00881	7.22237e-06	0.0273027
0.00216671	1.78552	7.22237e-06	0.0255435
0.00218115	1.59652	7.22237e-06	0.0240115
0.0021956	1.41455	7.22237e-06	0.0224559
0.00221004	1.23768	7.22237e-06	0.0208655
0.00222449	1.0797	7.22237e-06	0.0192482
0.00223893	0.952912	7.22237e-06	0.0179963
0.00225338	0.831537	7.22237e-06	0.0167303
0.00226782	0.714499	7.22237e-06	0.0153367
0.00228227	0.616994	7.22237e-06	0.0141697
0.00229671	0.534244	7.22237e-06	0.0130761
0.00231116	0.456055	7.22237e-06	0.0120475
0.0023256	0.391259	7.22237e-06	0.0111237
0.00234005	0.321675	7.22237e-06	0.0100622
0.00235449	0.269014	7.22237e-06	0.00916706
0.00236894	0.217862	7.22237e-06	0.00823434
0.00238338	0.178663	7.22237e-06	0.00743307
0.00239783	0.145228	7.22237e-06	0.00675003
0.00241227	0.114042	7.22237e-06	0.00579219
0.00242671	0.0898851	7.22237e-06	0.00512842
0.00244116	0.0686517	7.22237e-06	0.00449657
0.0024556	0.0513448	7.22237e-06	0.00384385
0.00247005	0.037584	7.22237e-06	0.0033262
0.00248449	0.0249653	7.22237e-06	0.00267893
0.00249894	0.0176611	7.22237e-06	0.00230462
0.00251338	0.0118046	7.22237e-06	0.0018635
0.00252783	0.00539424	7.22237e-06	0.00132387
0.00254227	0.001688	7.22237e-06	0.000863734
0.00255672	0.000225946	7.22237e-06	0.00022595
0.00257116	0.000225946	7.22237e-06	0.00022595
