0	1283.43	7.15822e-06	5.7544
1.43164e-05	1283.08	7.15822e-06	5.7102
2.86329e-05	1281.96	7.15822e-06	5.65365
4.29493e-05	1280.61	7.15822e-06	5.62422
5.72657e-05	1278.47	7.15822e-06	5.58665
7.15822e-05	1275.38	7.15822e-06	5.53675
8.58986e-05	1271.34	7.15822e-06	5.47956
0.000100215	1266.76	7.15822e-06	5.42443
0.000114531	1261.81	7.15822e-06	5.37712
0.000128848	1255.81	7.15822e-06	5.31865
0.000143164	1249	7.15822e-06	5.26104
0.000157481	1240.59	7.15822e-06	5.1734
0.000171797	1232.9	7.15822e-06	5.12056
0.000186114	1224.55	7.15822e-06	5.06534
0.00020043	1214.99	7.15822e-06	5.0036
0.000214747	1205.48	7.15822e-06	4.95112
0.000229063	1195.83	7.15822e-06	4.90335
0.000243379	1184.72	7.15822e-06	4.84064
0.000257696	1173.55	7.15822e-06	4.78556
0.000272012	1161.86	7.15822e-06	4.7343
0.000286329	1149.89	7.15822e-06	4.68356
0.000300645	1136.96	7.15822e-06	4.61608
0.000314962	1124.6	7.15822e-06	4.57168
0.000329278	1111.57	7.15822e-06	4.52426
0.000343594	1096.82	7.15822e-06	4.46518
0.000357911	1077.72	7.15822e-06	3.32406
0.000372227	1062.74	7.15822e-06	3.25295
0.000386544	1048.31	7.15822e-06	3.19292
0.00040086	1033.34	7.15822e-06	3.12859
0.000415177	1018.79	7.15822e-06	3.07458
0.000429493	1003.04	7.15822e-06	3.00818
0.00044381	988.158	7.15822e-06	2.95759
0.000458126	972.487	7.15822e-06	2.8992
0.000472442	957.028	7.15822e-06	2.84693
0.000486759	940.956	7.15822e-06	2.79392
0.000501075	924.017	7.15822e-06	2.73481
0.000515392	906.727	7.15822e-06	2.67054
0.000529708	889.151	7.15822e-06	2.58025
0.000544025	872.138	7.15822e-06	2.52306
0.000558341	855.553	7.15822e-06	2.4731
0.000572657	838.198	7.15822e-06	2.41446
0.000586974	821.079	7.15822e-06	2.36105
0.00060129	803.72	7.15822e-06	2.29874
0.000615607	786.557	7.15822e-06	2.248
0.000629923	769.34	7.15822e-06	2.19931
0.00064424	751.533	7.15822e-06	2.12772
0.000658556	734.334	7.15822e-06	2.07853
0.000672873	717.323	7.15822e-06	2.0304
0.000687189	699.806	7.15822e-06	1.97464
0.000701505	682.569	7.15822e-06	1.92692
0.000715822	664.879	7.15822e-06	1.8559
0.000730138	647.799	7.15822e-06	1.80892
0.000744455	631.374	7.15822e-06	1.76819
0.000758771	615.065	7.15822e-06	1.72877
0.000773088	597.984	7.15822e-06	1.65858
0.000787404	581.297	7.15822e-06	1.61501
0.00080172	564.939	7.15822e-06	1.5734
0.000816037	548.688	7.15822e-06	1.51638
0.000830353	532.948	7.15822e-06	1.47681
0.00084467	516.48	7.15822e-06	1.41749
0.000858986	500.797	7.15822e-06	1.36787
0.000873303	485.188	7.15822e-06	1.32994
0.000887619	470.047	7.15822e-06	1.29183
0.000901936	454.642	7.15822e-06	1.2492
0.000916252	440.023	7.15822e-06	1.21444
0.000930568	425.436	7.15822e-06	1.17876
0.000944885	411.521	7.15822e-06	1.14734
0.000959201	397.629	7.15822e-06	1.11529
0.000973518	383.864	7.15822e-06	1.08185
0.000987834	370.389	7.15822e-06	1.02797
0.00100215	357.181	7.15822e-06	0.996192
0.00101647	343.935	7.15822e-06	0.935107
0.00103078	331.403	7.15822e-06	0.905295
0.0010451	319.203	7.15822e-06	0.878
0.00105942	307.09	7.15822e-06	0.848552
0.00107373	295.447	7.15822e-06	0.822333
0.00108805	283.788	7.15822e-06	0.792079
0.00110237	272.421	7.15822e-06	0.763565
0.00111668	261.578	7.15822e-06	0.735286
0.001131	250.977	7.15822e-06	0.710243
0.00114531	240.799	7.15822e-06	0.688367
0.00115963	230.523	7.15822e-06	0.663887
0.00117395	220.817	7.15822e-06	0.639966
0.00118826	211.372	7.15822e-06	0.618756
0.00120258	202.14	7.15822e-06	0.594111
0.0012169	193.296	7.15822e-06	0.573257
0.00123121	184.563	7.15822e-06	0.54681
0.00124553	176.256	7.15822e-06	0.52833
0.00125985	168.321	7.15822e-06	0.510948
0.00127416	160.606	7.15822e-06	0.493737
0.00128848	153.045	7.15822e-06	0.472813
0.0013028	145.907	7.15822e-06	0.455867
0.00131711	138.796	7.15822e-06	0.439416
0.00133143	131.933	7.15822e-06	0.419948
0.00134575	125.44	7.15822e-06	0.404888
0.00136006	119.084	7.15822e-06	0.386584
0.00137438	112.903	7.15822e-06	0.369658
0.00138869	106.987	7.15822e-06	0.353303
0.00140301	101.324	7.15822e-06	0.339685
0.00141733	95.9836	7.15822e-06	0.326501
0.00143164	90.954	7.15822e-06	0.314544
0.00144596	86.0787	7.15822e-06	0.302006
0.00146028	81.2944	7.15822e-06	0.288068
0.00147459	76.7223	7.15822e-06	0.275597
0.00148891	72.3596	7.15822e-06	0.263987
0.00150323	68.3216	7.15822e-06	0.254855
0.00151754	64.4115	7.15822e-06	0.244911
0.00153186	60.6235	7.15822e-06	0.230459
0.00154618	57.1863	7.15822e-06	0.222564
0.00156049	53.7776	7.15822e-06	0.213618
0.00157481	50.5299	7.15822e-06	0.205208
0.00158912	47.5008	7.15822e-06	0.198109
0.00160344	44.4566	7.15822e-06	0.186971
0.00161776	41.6047	7.15822e-06	0.179021
0.00163207	38.8952	7.15822e-06	0.169837
0.00164639	36.4033	7.15822e-06	0.162445
0.00166071	33.9233	7.15822e-06	0.15289
0.00167502	31.7428	7.15822e-06	0.146358
0.00168934	29.5455	7.15822e-06	0.138978
0.00170366	27.5598	7.15822e-06	0.133337
0.00171797	25.631	7.15822e-06	0.12456
0.00173229	23.8407	7.15822e-06	0.119046
0.00174661	22.2153	7.15822e-06	0.11374
0.00176092	20.602	7.15822e-06	0.108582
0.00177524	19.1108	7.15822e-06	0.100992
0.00178955	17.7404	7.15822e-06	0.0963005
0.00180387	16.3866	7.15822e-06	0.091427
0.00181819	15.1644	7.15822e-06	0.0872444
0.0018325	14.0396	7.15822e-06	0.0828335
0.00184682	12.9516	7.15822e-06	0.0790483
0.00186114	11.9429	7.15822e-06	0.075278
0.00187545	11.0122	7.15822e-06	0.0717286
0.00188977	10.1252	7.15822e-06	0.0682639
0.00190409	9.32995	7.15822e-06	0.0650871
0.0019184	8.5531	7.15822e-06	0.0617843
0.00193272	7.8308	7.15822e-06	0.0586529
0.00194704	7.15867	7.15822e-06	0.0557185
0.00196135	6.52954	7.15822e-06	0.0527196
0.00197567	5.9578	7.15822e-06	0.0499563
0.00198998	5.43475	7.15822e-06	0.0473782
0.0020043	4.9289	7.15822e-06	0.0448962
0.00201862	4.48211	7.15822e-06	0.0426497
0.00203293	4.06826	7.15822e-06	0.0403131
0.00204725	3.69195	7.15822e-06	0.0380291
0.00206157	3.31314	7.15822e-06	0.0358197
0.00207588	2.99683	7.15822e-06	0.0338856
0.0020902	2.69518	7.15822e-06	0.0316741
0.00210452	2.42372	7.15822e-06	0.0298631
0.00211883	2.16581	7.15822e-06	0.0280465
0.00213315	1.93841	7.15822e-06	0.0264119
0.00214747	1.7251	7.15822e-06	0.0248065
0.00216178	1.52367	7.15822e-06	0.023253
0.0021761	1.35238	7.15822e-06	0.0218566
0.00219041	1.19126	7.15822e-06	0.020511
0.00220473	1.05731	7.15822e-06	0.0193176
0.00221905	0.918116	7.15822e-06	0.0176461
0.00223336	0.806533	7.15822e-06	0.0165041
0.00224768	0.692646	7.15822e-06	0.0151743
0.002262	0.594965	7.15822e-06	0.0139361
0.00227631	0.500785	7.15822e-06	0.0126789
0.00229063	0.429529	7.15822e-06	0.0117173
0.00230495	0.364016	7.15822e-06	0.0107928
0.00231926	0.304566	7.15822e-06	0.00982902
0.00233358	0.256744	7.15822e-06	0.00902636
0.0023479	0.214207	7.15822e-06	0.00813558
0.00236221	0.179181	7.15822e-06	0.00743314
0.00237653	0.145577	7.15822e-06	0.00667452
0.00239084	0.116624	7.15822e-06	0.00600965
0.00240516	0.0902595	7.15822e-06	0.00530157
0.00241948	0.072316	7.15822e-06	0.00477955
0.00243379	0.0551646	7.15822e-06	0.0041812
0.00244811	0.0419387	7.15822e-06	0.00372473
0.00246243	0.0270147	7.15822e-06	0.0030916
0.00247674	0.0187588	7.15822e-06	0.00262758
0.00249106	0.0101003	7.15822e-06	0.00165196
0.00250538	0.00455114	7.15822e-06	0.00109059
0.00251969	0.00321186	7.15822e-06	0.000903937
0.00253401	0.00240535	7.15822e-06	0.000768522
0.00254833	0.000892929	7.15822e-06	0.000446673
0.00256264	0.000216576	7.15822e-06	0.000216579
