0	1133.56	7.38863e-06	3.88246
1.47773e-05	1133.34	7.38863e-06	3.85321
2.95545e-05	1132.76	7.38863e-06	3.83127
4.43318e-05	1131.81	7.38863e-06	3.80904
5.9109e-05	1129.93	7.38863e-06	3.76269
7.38863e-05	1127.99	7.38863e-06	3.7331
8.86635e-05	1125.55	7.38863e-06	3.69939
0.000103441	1122.77	7.38863e-06	3.66878
0.000118218	1118.91	7.38863e-06	3.61163
0.000132995	1114.99	7.38863e-06	3.57459
0.000147773	1111.11	7.38863e-06	3.54535
0.00016255	1105.8	7.38863e-06	3.48896
0.000177327	1100.79	7.38863e-06	3.45419
0.000192104	1095.47	7.38863e-06	3.41895
0.000206882	1089.48	7.38863e-06	3.38333
0.000221659	1083.45	7.38863e-06	3.35147
0.000236436	1076.48	7.38863e-06	3.3103
0.000251213	1069.4	7.38863e-06	3.27396
0.000265991	1062.06	7.38863e-06	3.23937
0.000280768	1054.78	7.38863e-06	3.20903
0.000295545	1046.72	7.38863e-06	3.17122
0.000310322	1038.26	7.38863e-06	3.13234
0.0003251	1028.69	7.38863e-06	3.07876
0.000339877	1019.23	7.38863e-06	3.03423
0.000354654	1009.67	7.38863e-06	2.9985
0.000369431	1000.07	7.38863e-06	2.96467
0.000384209	989.84	7.38863e-06	2.92752
0.000398986	980.031	7.38863e-06	2.89522
0.000413763	969.129	7.38863e-06	2.8558
0.00042854	957.826	7.38863e-06	2.80249
0.000443318	946.442	7.38863e-06	2.76525
0.000458095	934.579	7.38863e-06	2.72641
0.000472872	923.055	7.38863e-06	2.6931
0.000487649	910.646	7.38863e-06	2.65632
0.000502427	898.425	7.38863e-06	2.62238
0.000517204	885.904	7.38863e-06	2.58521
0.000531981	873.391	7.38863e-06	2.55024
0.000546758	860.6	7.38863e-06	2.5149
0.000561536	847.107	7.38863e-06	2.46005
0.000576313	833.937	7.38863e-06	2.42612
0.00059109	820.579	7.38863e-06	2.3926
0.000605867	806.88	7.38863e-06	2.35652
0.000620645	792.583	7.38863e-06	2.30939
0.000635422	779.048	7.38863e-06	2.27931
0.000650199	764.701	7.38863e-06	2.24168
0.000664976	750.419	7.38863e-06	2.20662
0.000679754	735.988	7.38863e-06	2.17068
0.000694531	721.714	7.38863e-06	2.13717
0.000709308	707.266	7.38863e-06	2.1049
0.000724085	692.16	7.38863e-06	2.03554
0.000738863	676.817	7.38863e-06	1.97503
0.00075364	662.184	7.38863e-06	1.94172
0.000768417	647.351	7.38863e-06	1.90716
0.000783194	633.051	7.38863e-06	1.87561
0.000797972	618.102	7.38863e-06	1.83591
0.000812749	603.528	7.38863e-06	1.79414
0.000827526	588.669	7.38863e-06	1.75914
0.000842303	573.751	7.38863e-06	1.72002
0.000857081	559.154	7.38863e-06	1.68573
0.000871858	544.663	7.38863e-06	1.65104
0.000886635	529.829	7.38863e-06	1.61175
0.000901412	515.072	7.38863e-06	1.55094
0.00091619	501.078	7.38863e-06	1.52266
0.000930967	487.023	7.38863e-06	1.49327
0.000945744	472.803	7.38863e-06	1.45944
0.000960521	459.054	7.38863e-06	1.42788
0.000975299	445.451	7.38863e-06	1.39963
0.000990076	432.043	7.38863e-06	1.37345
0.00100485	418.544	7.38863e-06	1.34577
0.00101963	405.349	7.38863e-06	1.31973
0.00103441	392.326	7.38863e-06	1.28885
0.00104918	379.731	7.38863e-06	1.25913
0.00106396	367.063	7.38863e-06	1.23185
0.00107874	354.39	7.38863e-06	1.16284
0.00109352	342.056	7.38863e-06	1.13516
0.00110829	330.066	7.38863e-06	1.11202
0.00112307	318.111	7.38863e-06	1.08464
0.00113785	306.394	7.38863e-06	1.05393
0.00115263	294.909	7.38863e-06	1.03043
0.0011674	283.547	7.38863e-06	0.997646
0.00118218	272.606	7.38863e-06	0.966972
0.00119696	261.745	7.38863e-06	0.890996
0.00121173	251.134	7.38863e-06	0.865291
0.00122651	240.979	7.38863e-06	0.839231
0.00124129	230.899	7.38863e-06	0.808792
0.00125607	221.381	7.38863e-06	0.78693
0.00127084	211.854	7.38863e-06	0.76482
0.00128562	203.02	7.38863e-06	0.747385
0.0013004	194.207	7.38863e-06	0.726138
0.00131518	185.579	7.38863e-06	0.704089
0.00132995	177.411	7.38863e-06	0.685529
0.00134473	169.183	7.38863e-06	0.663671
0.00135951	161.557	7.38863e-06	0.648506
0.00137428	154.159	7.38863e-06	0.633159
0.00138906	147.004	7.38863e-06	0.618252
0.00140384	139.79	7.38863e-06	0.591889
0.00141862	133.062	7.38863e-06	0.576156
0.00143339	126.656	7.38863e-06	0.560721
0.00144817	120.291	7.38863e-06	0.538912
0.00146295	114.385	7.38863e-06	0.523442
0.00147773	108.58	7.38863e-06	0.508867
0.0014925	102.955	7.38863e-06	0.494864
0.00150728	97.528	7.38863e-06	0.481042
0.00152206	92.2429	7.38863e-06	0.457589
0.00153683	87.3564	7.38863e-06	0.446611
0.00155161	82.4865	7.38863e-06	0.432939
0.00156639	77.7928	7.38863e-06	0.403766
0.00158117	73.4155	7.38863e-06	0.392493
0.00159594	69.2343	7.38863e-06	0.380883
0.00161072	65.5011	7.38863e-06	0.372576
0.0016255	61.4301	7.38863e-06	0.346486
0.00164027	57.7338	7.38863e-06	0.335499
0.00165505	54.2385	7.38863e-06	0.323932
0.00166983	51.023	7.38863e-06	0.313371
0.00168461	47.9132	7.38863e-06	0.304142
0.00169938	44.901	7.38863e-06	0.295852
0.00171416	41.9458	7.38863e-06	0.2797
0.00172894	39.3092	7.38863e-06	0.27039
0.00174372	36.6034	7.38863e-06	0.25332
0.00175849	34.2517	7.38863e-06	0.241558
0.00177327	32.0315	7.38863e-06	0.233796
0.00178805	29.9011	7.38863e-06	0.224007
0.00180282	27.8639	7.38863e-06	0.215565
0.0018176	25.8408	7.38863e-06	0.203334
0.00183238	24.0034	7.38863e-06	0.196297
0.00184716	22.3573	7.38863e-06	0.190096
0.00186193	20.7661	7.38863e-06	0.182942
0.00187671	19.2482	7.38863e-06	0.176236
0.00189149	17.8645	7.38863e-06	0.170252
0.00190627	16.5362	7.38863e-06	0.164565
0.00192104	15.3213	7.38863e-06	0.159225
0.00193582	14.1886	7.38863e-06	0.154512
0.0019506	13.1296	7.38863e-06	0.150535
0.00196537	12.1114	7.38863e-06	0.145134
0.00198015	11.172	7.38863e-06	0.141021
0.00199493	10.229	7.38863e-06	0.136813
0.00200971	9.39697	7.38863e-06	0.13307
0.00202448	8.60566	7.38863e-06	0.128426
0.00203926	7.90375	7.38863e-06	0.124788
0.00205404	7.14382	7.38863e-06	0.114223
0.00206882	6.5657	7.38863e-06	0.111255
0.00208359	5.95432	7.38863e-06	0.105683
0.00209837	5.44228	7.38863e-06	0.100458
0.00211315	4.97867	7.38863e-06	0.097919
0.00212792	4.52692	7.38863e-06	0.0955918
0.0021427	4.10705	7.38863e-06	0.0933129
0.00215748	3.72167	7.38863e-06	0.0879243
0.00217226	3.37426	7.38863e-06	0.0852807
0.00218703	3.00664	7.38863e-06	0.0808054
0.00220181	2.69636	7.38863e-06	0.077292
0.00221659	2.41233	7.38863e-06	0.0743885
0.00223136	2.16754	7.38863e-06	0.072551
0.00224614	1.89897	7.38863e-06	0.0685279
0.00226092	1.6627	7.38863e-06	0.0663203
0.0022757	1.46635	7.38863e-06	0.0623641
0.00229047	1.31898	7.38863e-06	0.0612773
0.00230525	1.12493	7.38863e-06	0.0482077
0.00232003	0.968239	7.38863e-06	0.0450635
0.00233481	0.818635	7.38863e-06	0.0411133
0.00234958	0.730492	7.38863e-06	0.040264
0.00236436	0.607284	7.38863e-06	0.0333335
0.00237914	0.520634	7.38863e-06	0.0314502
0.00239391	0.446612	7.38863e-06	0.0303591
0.00240869	0.362063	7.38863e-06	0.0277267
0.00242347	0.294861	7.38863e-06	0.0250978
0.00243825	0.244531	7.38863e-06	0.0244104
0.00245302	0.192448	7.38863e-06	0.0234894
0.0024678	0.125109	7.38863e-06	0.011247
0.00248258	0.0874784	7.38863e-06	0.00800615
0.00249736	0.0647618	7.38863e-06	0.00693015
0.00251213	0.0460391	7.38863e-06	0.00625204
0.00252691	0.0270027	7.38863e-06	0.00464152
0.00254169	0.0158521	7.38863e-06	0.00380129
0.00255646	0.00536872	7.38863e-06	0.00182181
0.00257124	0.000663411	7.38863e-06	0.00050889
