0	1244	7.24766e-06	5.27572
1.44953e-05	1243.19	7.24766e-06	5.01021
2.89906e-05	1241.19	7.24766e-06	4.80529
4.34859e-05	1239.55	7.24766e-06	4.75335
5.79813e-05	1237.66	7.24766e-06	4.71552
7.24766e-05	1234.83	7.24766e-06	4.666
8.69719e-05	1231.28	7.24766e-06	4.61348
0.000101467	1227.79	7.24766e-06	4.57609
0.000115963	1222.95	7.24766e-06	4.52131
0.000130458	1217.2	7.24766e-06	4.44577
0.000144953	1211.24	7.24766e-06	4.39171
0.000159448	1204.47	7.24766e-06	4.33103
0.000173944	1197.72	7.24766e-06	4.28224
0.000188439	1190	7.24766e-06	4.22558
0.000202934	1181.62	7.24766e-06	4.1701
0.00021743	1172.71	7.24766e-06	4.11434
0.000231925	1163.23	7.24766e-06	4.05397
0.00024642	1153.24	7.24766e-06	3.99655
0.000260916	1143.46	7.24766e-06	3.94572
0.000275411	1132.55	7.24766e-06	3.88895
0.000289906	1121.32	7.24766e-06	3.83373
0.000304402	1109.84	7.24766e-06	3.77958
0.000318897	1097.98	7.24766e-06	3.72671
0.000333392	1085.92	7.24766e-06	3.67768
0.000347888	1072.97	7.24766e-06	3.61975
0.000362383	1059.57	7.24766e-06	3.56333
0.000376878	1045.93	7.24766e-06	3.51034
0.000391374	1032.19	7.24766e-06	3.45456
0.000405869	1018.58	7.24766e-06	3.40859
0.000420364	1004.07	7.24766e-06	3.34116
0.000434859	989.416	7.24766e-06	3.28821
0.000449355	973.692	7.24766e-06	3.18544
0.00046385	958.024	7.24766e-06	3.12712
0.000478345	942.731	7.24766e-06	3.07504
0.000492841	927.625	7.24766e-06	3.03
0.000507336	912.155	7.24766e-06	2.98297
0.000521831	896.357	7.24766e-06	2.93908
0.000536327	878.135	7.24766e-06	2.68143
0.000550822	861.965	7.24766e-06	2.63256
0.000565317	846.026	7.24766e-06	2.58619
0.000579813	830.047	7.24766e-06	2.5422
0.000594308	813.648	7.24766e-06	2.47627
0.000608803	797.372	7.24766e-06	2.42969
0.000623299	780.783	7.24766e-06	2.38634
0.000637794	763.472	7.24766e-06	2.33278
0.000652289	747.054	7.24766e-06	2.29195
0.000666785	730.005	7.24766e-06	2.24605
0.00068128	713.648	7.24766e-06	2.20437
0.000695775	697.665	7.24766e-06	2.16562
0.00071027	680.919	7.24766e-06	2.12084
0.000724766	664.354	7.24766e-06	2.07981
0.000739261	647.225	7.24766e-06	2.00139
0.000753756	631.158	7.24766e-06	1.96457
0.000768252	615.07	7.24766e-06	1.92818
0.000782747	598.874	7.24766e-06	1.88749
0.000797242	581.47	7.24766e-06	1.68555
0.000811738	565.572	7.24766e-06	1.62046
0.000826233	550.293	7.24766e-06	1.58667
0.000840728	534.596	7.24766e-06	1.54993
0.000855224	518.275	7.24766e-06	1.46835
0.000869719	503.208	7.24766e-06	1.43334
0.000884214	487.93	7.24766e-06	1.39681
0.00089871	473.383	7.24766e-06	1.36415
0.000913205	458.831	7.24766e-06	1.33047
0.0009277	444.118	7.24766e-06	1.29614
0.000942196	429.832	7.24766e-06	1.2612
0.000956691	416.157	7.24766e-06	1.23268
0.000971186	402.393	7.24766e-06	1.20103
0.000985681	389.371	7.24766e-06	1.17536
0.00100018	375.595	7.24766e-06	1.09772
0.00101467	362.575	7.24766e-06	1.06611
0.00102917	349.875	7.24766e-06	1.03957
0.00104366	337.275	7.24766e-06	1.01347
0.00105816	324.879	7.24766e-06	0.984188
0.00107265	312.64	7.24766e-06	0.954296
0.00108715	301.093	7.24766e-06	0.927945
0.00110164	289.608	7.24766e-06	0.904235
0.00111614	278.489	7.24766e-06	0.87651
0.00113063	267.639	7.24766e-06	0.852858
0.00114513	256.824	7.24766e-06	0.82611
0.00115963	246.332	7.24766e-06	0.787531
0.00117412	236.125	7.24766e-06	0.763075
0.00118862	226.117	7.24766e-06	0.742434
0.00120311	216.427	7.24766e-06	0.719833
0.00121761	207.139	7.24766e-06	0.70056
0.0012321	198.212	7.24766e-06	0.682123
0.0012466	189.434	7.24766e-06	0.660935
0.00126109	180.869	7.24766e-06	0.641845
0.00127559	172.542	7.24766e-06	0.60939
0.00129008	164.377	7.24766e-06	0.560896
0.00130458	156.686	7.24766e-06	0.541328
0.00131907	149.051	7.24766e-06	0.512578
0.00133357	141.836	7.24766e-06	0.481738
0.00134806	135.115	7.24766e-06	0.468
0.00136256	128.435	7.24766e-06	0.448677
0.00137706	122.028	7.24766e-06	0.434594
0.00139155	115.958	7.24766e-06	0.422149
0.00140605	110	7.24766e-06	0.40917
0.00142054	104.387	7.24766e-06	0.397733
0.00143504	99.0404	7.24766e-06	0.38518
0.00144953	93.6682	7.24766e-06	0.370819
0.00146403	88.6619	7.24766e-06	0.359691
0.00147852	83.8445	7.24766e-06	0.349329
0.00149302	79.4014	7.24766e-06	0.340165
0.00150751	74.9998	7.24766e-06	0.32003
0.00152201	70.6406	7.24766e-06	0.309127
0.0015365	66.7427	7.24766e-06	0.300921
0.001551	62.8213	7.24766e-06	0.290868
0.00156549	59.1122	7.24766e-06	0.28134
0.00157999	55.5484	7.24766e-06	0.270553
0.00159448	52.3012	7.24766e-06	0.263449
0.00160898	49.0877	7.24766e-06	0.255771
0.00162348	46.1518	7.24766e-06	0.246836
0.00163797	43.1844	7.24766e-06	0.240052
0.00165247	40.4085	7.24766e-06	0.228233
0.00166696	37.8419	7.24766e-06	0.221416
0.00168146	35.3827	7.24766e-06	0.214623
0.00169595	33.0304	7.24766e-06	0.208749
0.00171045	30.9033	7.24766e-06	0.20325
0.00172494	28.8392	7.24766e-06	0.197935
0.00173944	26.5938	7.24766e-06	0.154927
0.00175393	24.7043	7.24766e-06	0.149213
0.00176843	23.0212	7.24766e-06	0.144676
0.00178292	21.3315	7.24766e-06	0.138833
0.00179742	19.8287	7.24766e-06	0.134545
0.00181191	18.3446	7.24766e-06	0.11734
0.00182641	16.9845	7.24766e-06	0.11296
0.00184091	15.7206	7.24766e-06	0.108191
0.0018554	14.5259	7.24766e-06	0.0950741
0.0018699	13.4223	7.24766e-06	0.0901984
0.00188439	12.3883	7.24766e-06	0.0863661
0.00189889	11.4073	7.24766e-06	0.0821053
0.00191338	10.516	7.24766e-06	0.0775704
0.00192788	9.65665	7.24766e-06	0.0703093
0.00194237	8.85117	7.24766e-06	0.0665996
0.00195687	8.08686	7.24766e-06	0.0630292
0.00197136	7.43607	7.24766e-06	0.0596955
0.00198586	6.82316	7.24766e-06	0.0567571
0.00200035	6.25765	7.24766e-06	0.0539774
0.00201485	5.71138	7.24766e-06	0.0511912
0.00202934	5.19882	7.24766e-06	0.0484067
0.00204384	4.71648	7.24766e-06	0.0454485
0.00205833	4.27116	7.24766e-06	0.0428083
0.00207283	3.88758	7.24766e-06	0.0406141
0.00208733	3.5044	7.24766e-06	0.0382194
0.00210182	3.14881	7.24766e-06	0.0357215
0.00211632	2.82728	7.24766e-06	0.03364
0.00213081	2.53492	7.24766e-06	0.0313991
0.00214531	2.27694	7.24766e-06	0.0295321
0.0021598	2.04989	7.24766e-06	0.0279112
0.0021743	1.82657	7.24766e-06	0.0261779
0.00218879	1.63384	7.24766e-06	0.0245524
0.00220329	1.44228	7.24766e-06	0.0229002
0.00221778	1.26119	7.24766e-06	0.021143
0.00223228	1.10372	7.24766e-06	0.0195956
0.00224677	0.967128	7.24766e-06	0.0181744
0.00226127	0.832097	7.24766e-06	0.0167152
0.00227576	0.726526	7.24766e-06	0.0155147
0.00229026	0.625958	7.24766e-06	0.014318
0.00230476	0.544485	7.24766e-06	0.0132658
0.00231925	0.471882	7.24766e-06	0.0122978
0.00233375	0.411251	7.24766e-06	0.011416
0.00234824	0.34521	7.24766e-06	0.010348
0.00236274	0.285689	7.24766e-06	0.00931963
0.00237723	0.236042	7.24766e-06	0.00842943
0.00239173	0.188045	7.24766e-06	0.00741581
0.00240622	0.1505	7.24766e-06	0.00657364
0.00242072	0.125153	7.24766e-06	0.00598178
0.00243521	0.0958663	7.24766e-06	0.00520171
0.00244971	0.0705093	7.24766e-06	0.00444037
0.0024642	0.0525458	7.24766e-06	0.00382756
0.0024787	0.0378907	7.24766e-06	0.00321648
0.00249319	0.0255571	7.24766e-06	0.00262903
0.00250769	0.0161733	7.24766e-06	0.00210369
0.00252218	0.00868547	7.24766e-06	0.00154894
0.00253668	0.00479803	7.24766e-06	0.00111471
0.00255118	0.00167572	7.24766e-06	0.000634085
0.00256567	0.000242202	7.24766e-06	0.000242206
