0	1272.66	7.18924e-06	5.38097
1.43785e-05	1271.66	7.18924e-06	4.98257
2.87569e-05	1270.27	7.18924e-06	4.88252
4.31354e-05	1268.47	7.18924e-06	4.82212
5.75139e-05	1266.55	7.18924e-06	4.78229
7.18924e-05	1263.12	7.18924e-06	4.70869
8.62708e-05	1259.17	7.18924e-06	4.64131
0.000100649	1254.6	7.18924e-06	4.57324
0.000115028	1250.06	7.18924e-06	4.52699
0.000129406	1243.51	7.18924e-06	4.43732
0.000143785	1237.93	7.18924e-06	4.38996
0.000158163	1230.45	7.18924e-06	4.31295
0.000172542	1221.96	7.18924e-06	4.21343
0.00018692	1213.45	7.18924e-06	4.14548
0.000201299	1204.82	7.18924e-06	4.08613
0.000215677	1195.64	7.18924e-06	4.02467
0.000230056	1185.74	7.18924e-06	3.95963
0.000244434	1175.16	7.18924e-06	3.89418
0.000258813	1164.74	7.18924e-06	3.83718
0.000273191	1152.61	7.18924e-06	3.76141
0.000287569	1140.49	7.18924e-06	3.69046
0.000301948	1128.87	7.18924e-06	3.63628
0.000316326	1116.13	7.18924e-06	3.5754
0.000330705	1103	7.18924e-06	3.51432
0.000345083	1089.33	7.18924e-06	3.45076
0.000359462	1075.22	7.18924e-06	3.38317
0.00037384	1061.11	7.18924e-06	3.32422
0.000388219	1046.61	7.18924e-06	3.2637
0.000402597	1031.58	7.18924e-06	3.19583
0.000416976	1016.51	7.18924e-06	3.13717
0.000431354	999.956	7.18924e-06	3.03271
0.000445733	984.173	7.18924e-06	2.9706
0.000460111	967.58	7.18924e-06	2.89075
0.00047449	951.756	7.18924e-06	2.83199
0.000488868	935.934	7.18924e-06	2.77889
0.000503247	919.468	7.18924e-06	2.71819
0.000517625	902.59	7.18924e-06	2.65546
0.000532004	886.231	7.18924e-06	2.60128
0.000546382	868.916	7.18924e-06	2.53994
0.00056076	851.458	7.18924e-06	2.47292
0.000575139	834.686	7.18924e-06	2.41947
0.000589517	817.842	7.18924e-06	2.36719
0.000603896	800.409	7.18924e-06	2.30678
0.000618274	783.432	7.18924e-06	2.25964
0.000632653	766.141	7.18924e-06	2.20774
0.000647031	748.77	7.18924e-06	2.15259
0.00066141	731.561	7.18924e-06	2.09879
0.000675788	714.915	7.18924e-06	2.05643
0.000690167	697.427	7.18924e-06	2.00231
0.000704545	680.484	7.18924e-06	1.95607
0.000718924	663.789	7.18924e-06	1.91014
0.000733302	647.188	7.18924e-06	1.86899
0.000747681	630.561	7.18924e-06	1.82326
0.000762059	614.027	7.18924e-06	1.78335
0.000776438	597.193	7.18924e-06	1.73552
0.000790816	580.718	7.18924e-06	1.69413
0.000805195	564.327	7.18924e-06	1.64986
0.000819573	548.002	7.18924e-06	1.6082
0.000833952	531.939	7.18924e-06	1.56637
0.00084833	516.086	7.18924e-06	1.51304
0.000862708	500.517	7.18924e-06	1.46159
0.000877087	485.22	7.18924e-06	1.42686
0.000891465	470.277	7.18924e-06	1.39382
0.000905844	455.65	7.18924e-06	1.36202
0.000920222	441.223	7.18924e-06	1.3305
0.000934601	426.443	7.18924e-06	1.28784
0.000948979	412.291	7.18924e-06	1.258
0.000963358	398.193	7.18924e-06	1.12612
0.000977736	384.922	7.18924e-06	1.09769
0.000992115	371.357	7.18924e-06	1.06321
0.00100649	358.086	7.18924e-06	1.03366
0.00102087	345.131	7.18924e-06	1.00244
0.00103525	332.461	7.18924e-06	0.974148
0.00104963	320.027	7.18924e-06	0.944355
0.00106401	308.078	7.18924e-06	0.918026
0.00107839	296.411	7.18924e-06	0.893676
0.00109276	284.866	7.18924e-06	0.86871
0.00110714	273.835	7.18924e-06	0.845005
0.00112152	263.054	7.18924e-06	0.82225
0.0011359	252.255	7.18924e-06	0.789448
0.00115028	241.867	7.18924e-06	0.763268
0.00116466	231.743	7.18924e-06	0.741673
0.00117903	221.999	7.18924e-06	0.721459
0.00119341	212.384	7.18924e-06	0.701131
0.00120779	203.447	7.18924e-06	0.685033
0.00122217	194.796	7.18924e-06	0.669485
0.00123655	185.633	7.18924e-06	0.562682
0.00125093	177.151	7.18924e-06	0.541553
0.00126531	169.211	7.18924e-06	0.525018
0.00127968	161.307	7.18924e-06	0.498197
0.00129406	153.674	7.18924e-06	0.480495
0.00130844	146.282	7.18924e-06	0.462644
0.00132282	138.92	7.18924e-06	0.437307
0.0013372	132.145	7.18924e-06	0.419912
0.00135158	125.602	7.18924e-06	0.404697
0.00136596	119.268	7.18924e-06	0.389958
0.00138033	113.193	7.18924e-06	0.37514
0.00139471	107.387	7.18924e-06	0.360289
0.00140909	101.911	7.18924e-06	0.346741
0.00142347	96.5095	7.18924e-06	0.333382
0.00143785	91.5037	7.18924e-06	0.322886
0.00145223	86.5374	7.18924e-06	0.30985
0.0014666	81.8488	7.18924e-06	0.297764
0.00148098	77.2866	7.18924e-06	0.283994
0.00149536	72.9739	7.18924e-06	0.274191
0.00150974	68.7871	7.18924e-06	0.263062
0.00152412	64.8011	7.18924e-06	0.252586
0.0015385	61.1517	7.18924e-06	0.243816
0.00155288	57.468	7.18924e-06	0.232249
0.00156725	53.918	7.18924e-06	0.216208
0.00158163	50.5934	7.18924e-06	0.207589
0.00159601	47.5126	7.18924e-06	0.198261
0.00161039	44.4933	7.18924e-06	0.1875
0.00162477	41.7118	7.18924e-06	0.18042
0.00163915	38.9621	7.18924e-06	0.171309
0.00165352	36.4603	7.18924e-06	0.162635
0.0016679	34.1381	7.18924e-06	0.156323
0.00168228	31.8324	7.18924e-06	0.147428
0.00169666	29.7355	7.18924e-06	0.141868
0.00171104	27.7515	7.18924e-06	0.135707
0.00172542	25.9239	7.18924e-06	0.130395
0.0017398	24.1678	7.18924e-06	0.124984
0.00175417	22.4627	7.18924e-06	0.119348
0.00176855	20.8347	7.18924e-06	0.111671
0.00178293	19.2996	7.18924e-06	0.106405
0.00179731	17.8899	7.18924e-06	0.101768
0.00181169	16.5698	7.18924e-06	0.0973464
0.00182607	15.308	7.18924e-06	0.0920226
0.00184044	14.1494	7.18924e-06	0.0869134
0.00185482	13.0649	7.18924e-06	0.0807632
0.0018692	12.0853	7.18924e-06	0.0771904
0.00188358	11.1572	7.18924e-06	0.0735434
0.00189796	10.2792	7.18924e-06	0.0698019
0.00191234	9.45133	7.18924e-06	0.0663909
0.00192672	8.69312	7.18924e-06	0.0630297
0.00194109	7.96347	7.18924e-06	0.0597294
0.00195547	7.26383	7.18924e-06	0.0562862
0.00196985	6.63355	7.18924e-06	0.0532692
0.00198423	6.07278	7.18924e-06	0.0506705
0.00199861	5.53614	7.18924e-06	0.0479358
0.00201299	5.05871	7.18924e-06	0.0455381
0.00202736	4.59865	7.18924e-06	0.0429586
0.00204174	4.19684	7.18924e-06	0.0408225
0.00205612	3.78124	7.18924e-06	0.0384987
0.0020705	3.41043	7.18924e-06	0.0363276
0.00208488	3.06443	7.18924e-06	0.0341658
0.00209926	2.76625	7.18924e-06	0.0323106
0.00211364	2.486	7.18924e-06	0.0305221
0.00212801	2.22894	7.18924e-06	0.0287863
0.00214239	1.99961	7.18924e-06	0.0271668
0.00215677	1.78246	7.18924e-06	0.0255382
0.00217115	1.58548	7.18924e-06	0.023779
0.00218553	1.39587	7.18924e-06	0.022106
0.00219991	1.2296	7.18924e-06	0.0206386
0.00221429	1.08094	7.18924e-06	0.0192655
0.00222866	0.941648	7.18924e-06	0.0179038
0.00224304	0.811948	7.18924e-06	0.016577
0.00225742	0.720941	7.18924e-06	0.015607
0.0022718	0.628098	7.18924e-06	0.0145115
0.00228618	0.541875	7.18924e-06	0.0134103
0.00230056	0.462132	7.18924e-06	0.012264
0.00231493	0.392198	7.18924e-06	0.0113248
0.00232931	0.328527	7.18924e-06	0.0101854
0.00234369	0.270535	7.18924e-06	0.00924998
0.00235807	0.223478	7.18924e-06	0.00843043
0.00237245	0.184748	7.18924e-06	0.0076882
0.00238683	0.152137	7.18924e-06	0.00689079
0.00240121	0.118491	7.18924e-06	0.0060787
0.00241558	0.0907096	7.18924e-06	0.00537111
0.00242996	0.0680318	7.18924e-06	0.004496
0.00244434	0.0534522	7.18924e-06	0.00396763
0.00245872	0.0380847	7.18924e-06	0.00329694
0.0024731	0.0291677	7.18924e-06	0.00287037
0.00248748	0.0187867	7.18924e-06	0.00226968
0.00250185	0.0130699	7.18924e-06	0.00191148
0.00251623	0.00802529	7.18924e-06	0.00150984
0.00253061	0.00431412	7.18924e-06	0.00108074
0.00254499	0.00273191	7.18924e-06	0.000838426
0.00255937	0.000833696	7.18924e-06	0.000501566
0.00257375	0.000217724	7.18924e-06	0.000217728
