7.34461e-06	0.173717	7.34461e-06	0.0882164
2.20338e-05	1.14036	7.34461e-06	0.273245
3.6723e-05	3.69132	7.34461e-06	0.799993
5.14123e-05	6.65274	7.34461e-06	0.829207
6.61015e-05	10.943	7.34461e-06	1.14579
8.07907e-05	18.4704	7.34461e-06	1.55615
9.54799e-05	24.0754	7.34461e-06	1.7986
0.000110169	31.0367	7.34461e-06	2.09867
0.000124858	37.6951	7.34461e-06	2.16044
0.000139548	47.1725	7.34461e-06	2.30836
0.000154237	52.6504	7.34461e-06	2.25739
0.000168926	66.6311	7.34461e-06	3.5741
0.000183615	79.0088	7.34461e-06	4.46456
0.000198304	87.139	7.34461e-06	3.26838
0.000212994	106.85	7.34461e-06	3.82331
0.000227683	124.59	7.34461e-06	4.49035
0.000242372	134.246	7.34461e-06	5.29449
0.000257061	139.23	7.34461e-06	4.09399
0.00027175	169.037	7.34461e-06	6.13664
0.00028644	175.019	7.34461e-06	4.69913
0.000301129	199.915	7.34461e-06	5.24139
0.000315818	212.861	7.34461e-06	6.50881
0.000330507	223.96	7.34461e-06	5.26183
0.000345197	259.055	7.34461e-06	7.96637
0.000359886	259.671	7.34461e-06	5.6035
0.000374575	286.679	7.34461e-06	6.05766
0.000389264	297.366	7.34461e-06	7.20525
0.000403953	339.553	7.34461e-06	7.38086
0.000418643	343.285	7.34461e-06	7.33707
0.000433332	370.135	7.34461e-06	8.52816
0.000448021	401.66	7.34461e-06	10.2298
0.00046271	412.09	7.34461e-06	8.57413
0.000477399	423.13	7.34461e-06	7.94084
0.000492089	444.83	7.34461e-06	7.69549
0.000506778	472.159	7.34461e-06	10.0431
0.000521467	496.576	7.34461e-06	12.8942
0.000536156	518.574	7.34461e-06	9.69293
0.000550846	534.368	7.34461e-06	9.35897
0.000565535	543.699	7.34461e-06	8.45645
0.000580224	592.993	7.34461e-06	11.5558
0.000594913	623.164	7.34461e-06	11.681
0.000609602	591.463	7.34461e-06	9.00767
0.000624292	618.438	7.34461e-06	8.86755
0.000638981	646.321	7.34461e-06	9.35445
0.00065367	667.583	7.34461e-06	11.0703
0.000668359	676.806	7.34461e-06	9.99351
0.000683048	698.749	7.34461e-06	10.5103
0.000697738	728.949	7.34461e-06	10.9347
0.000712427	733.163	7.34461e-06	10.4821
0.000727116	758.94	7.34461e-06	10.151
0.000741805	781.113	7.34461e-06	11.8225
0.000756495	781.798	7.34461e-06	14.9511
0.000771184	787.292	7.34461e-06	11.0917
0.000785873	826.005	7.34461e-06	14.6433
0.000800562	824.533	7.34461e-06	13.277
0.000815251	839.669	7.34461e-06	14.0633
0.000829941	855.55	7.34461e-06	13.5107
0.00084463	855.605	7.34461e-06	13.9741
0.000859319	875.742	7.34461e-06	14.2644
0.000874008	896.757	7.34461e-06	12.6193
0.000888697	888.258	7.34461e-06	17.8516
0.000903387	908.993	7.34461e-06	20.0643
0.000918076	895.076	7.34461e-06	13.2304
0.000932765	925.36	7.34461e-06	15.022
0.000947454	898.822	7.34461e-06	13.4931
0.000962144	891.616	7.34461e-06	11.6518
0.000976833	911.833	7.34461e-06	13.8349
0.000991522	897.77	7.34461e-06	12.0419
0.00100621	907.91	7.34461e-06	13.0405
0.0010209	896.997	7.34461e-06	12.8242
0.00103559	947.307	7.34461e-06	36.097
0.00105028	922.012	7.34461e-06	13.5263
0.00106497	889.479	7.34461e-06	11.8197
0.00107966	875.691	7.34461e-06	12.8963
0.00109435	882.066	7.34461e-06	12.4479
0.00110904	848.063	7.34461e-06	10.7228
0.00112372	883.973	7.34461e-06	12.9317
0.00113841	911.015	7.34461e-06	30.8722
0.0011531	858.594	7.34461e-06	13.1689
0.00116779	844.341	7.34461e-06	13.6387
0.00118248	863.733	7.34461e-06	18.1891
0.00119717	885.779	7.34461e-06	35.0337
0.00121186	832.924	7.34461e-06	15.7146
0.00122655	815.385	7.34461e-06	12.9426
0.00124124	790.256	7.34461e-06	12.4976
0.00125593	780.002	7.34461e-06	11.4848
0.00127062	793.669	7.34461e-06	18.9931
0.00128531	729.521	7.34461e-06	9.82434
0.0013	732.487	7.34461e-06	13.4524
0.00131468	730.929	7.34461e-06	13.0543
0.00132937	720.092	7.34461e-06	11.7879
0.00134406	691.049	7.34461e-06	10.4748
0.00135875	673.372	7.34461e-06	11.0702
0.00137344	660.643	7.34461e-06	10.633
0.00138813	646.798	7.34461e-06	11.3471
0.00140282	641.368	7.34461e-06	12.4769
0.00141751	601.207	7.34461e-06	9.2697
0.0014322	594.856	7.34461e-06	9.39489
0.00144689	565.532	7.34461e-06	8.85522
0.00146158	559.187	7.34461e-06	9.41747
0.00147627	541.767	7.34461e-06	9.47894
0.00149096	533.262	7.34461e-06	10.4171
0.00150564	505.298	7.34461e-06	9.13095
0.00152033	493.68	7.34461e-06	9.28813
0.00153502	519.885	7.34461e-06	32.9442
0.00154971	471.444	7.34461e-06	9.14441
0.0015644	440.698	7.34461e-06	8.03197
0.00157909	429.056	7.34461e-06	8.92847
0.00159378	417.683	7.34461e-06	9.19428
0.00160847	403.075	7.34461e-06	8.83658
0.00162316	373.267	7.34461e-06	7.37668
0.00163785	355.649	7.34461e-06	6.97436
0.00165254	329.359	7.34461e-06	6.73049
0.00166723	352.808	7.34461e-06	7.72973
0.00168192	323.018	7.34461e-06	7.32047
0.0016966	321.434	7.34461e-06	6.25714
0.00171129	296.303	7.34461e-06	6.36843
0.00172598	288.634	7.34461e-06	7.44852
0.00174067	265.687	7.34461e-06	5.9449
0.00175536	252.261	7.34461e-06	5.52052
0.00177005	241.128	7.34461e-06	5.33587
0.00178474	235.504	7.34461e-06	6.76832
0.00179943	224.985	7.34461e-06	5.81419
0.00181412	212.626	7.34461e-06	5.72114
0.00182881	195.74	7.34461e-06	5.11939
0.0018435	189.615	7.34461e-06	4.91724
0.00185819	177.208	7.34461e-06	5.5949
0.00187287	175.872	7.34461e-06	5.54172
0.00188756	172.011	7.34461e-06	5.81424
0.00190225	142.548	7.34461e-06	4.29518
0.00191694	147.395	7.34461e-06	6.4804
0.00193163	138.554	7.34461e-06	5.06837
0.00194632	123.109	7.34461e-06	4.67312
0.00196101	116.927	7.34461e-06	3.80236
0.0019757	110.643	7.34461e-06	5.13233
0.00199039	101.618	7.34461e-06	3.52619
0.00200508	101.67	7.34461e-06	3.8866
0.00201977	92.425	7.34461e-06	3.36782
0.00203446	89.354	7.34461e-06	3.72075
0.00204915	73.6501	7.34461e-06	2.69884
0.00206383	83.625	7.34461e-06	3.83984
0.00207852	66.059	7.34461e-06	2.68394
0.00209321	60.8125	7.34461e-06	2.43046
0.0021079	60.4497	7.34461e-06	2.79437
0.00212259	56.3197	7.34461e-06	2.80871
0.00213728	54.7246	7.34461e-06	5.29413
0.00215197	44.9039	7.34461e-06	2.74159
0.00216666	46.6082	7.34461e-06	2.22041
0.00218135	45.6248	7.34461e-06	2.94476
0.00219604	39.1525	7.34461e-06	2.07066
0.00221073	31.5113	7.34461e-06	1.58463
0.00222542	31.6257	7.34461e-06	1.67836
0.00224011	32.3363	7.34461e-06	2.04735
0.00225479	28.1148	7.34461e-06	1.98468
0.00226948	23.5515	7.34461e-06	1.40183
0.00228417	21.8573	7.34461e-06	1.5959
0.00229886	23.238	7.34461e-06	1.87816
0.00231355	18.6048	7.34461e-06	1.25992
0.00232824	18.3224	7.34461e-06	1.88095
0.00234293	15.0773	7.34461e-06	1.19533
0.00235762	13.9549	7.34461e-06	1.21796
0.00237231	12.4026	7.34461e-06	1.01635
0.002387	11.238	7.34461e-06	1.13827
0.00240169	10.223	7.34461e-06	0.866446
0.00241638	7.10705	7.34461e-06	0.679152
0.00243107	6.6004	7.34461e-06	0.729872
0.00244575	5.81044	7.34461e-06	0.591151
0.00246044	4.65158	7.34461e-06	0.539982
0.00247513	4.20049	7.34461e-06	0.524818
0.00248982	3.7547	7.34461e-06	0.486911
0.00250451	3.30541	7.34461e-06	0.446478
0.0025192	1.74618	7.34461e-06	0.308038
0.00253389	1.62209	7.34461e-06	0.30297
0.00254858	1.19003	7.34461e-06	0.253245
0.00256327	0.317083	7.34461e-06	0.130011
0.00257796	0.0482789	7.34461e-06	0.0482789
