7.30096e-06	0	7.30096e-06	0
2.19029e-05	0.46509	7.30096e-06	0.203683
3.65048e-05	1.66278	7.30096e-06	0.466485
5.11067e-05	3.88493	7.30096e-06	0.667836
6.57086e-05	7.39008	7.30096e-06	1.34814
8.03105e-05	9.37001	7.30096e-06	1.19411
9.49125e-05	17.6771	7.30096e-06	4.11314
0.000109514	22.6036	7.30096e-06	3.61598
0.000124116	25.9881	7.30096e-06	2.37326
0.000138718	29.9539	7.30096e-06	1.89714
0.00015332	36.5519	7.30096e-06	2.05671
0.000167922	44.0201	7.30096e-06	2.55809
0.000182524	61.9934	7.30096e-06	5.9817
0.000197126	57.276	7.30096e-06	2.81461
0.000211728	70.9398	7.30096e-06	4.05777
0.00022633	90.7351	7.30096e-06	7.88874
0.000240932	100.636	7.30096e-06	4.05886
0.000255534	105.549	7.30096e-06	3.91522
0.000270135	118.66	7.30096e-06	3.9047
0.000284737	124.316	7.30096e-06	4.1042
0.000299339	142.529	7.30096e-06	4.30398
0.000313941	159.567	7.30096e-06	5.01951
0.000328543	176.518	7.30096e-06	5.65296
0.000343145	190.166	7.30096e-06	6.44878
0.000357747	211.81	7.30096e-06	5.72806
0.000372349	225.56	7.30096e-06	5.77452
0.000386951	253.211	7.30096e-06	6.3217
0.000401553	266.818	7.30096e-06	6.61908
0.000416155	270.954	7.30096e-06	5.95743
0.000430757	301.579	7.30096e-06	7.46999
0.000445358	318.634	7.30096e-06	6.63359
0.00045996	347.857	7.30096e-06	7.4326
0.000474562	342.394	7.30096e-06	6.6466
0.000489164	378.655	7.30096e-06	8.75791
0.000503766	414.683	7.30096e-06	12.3608
0.000518368	417.621	7.30096e-06	7.36996
0.00053297	438.09	7.30096e-06	8.03837
0.000547572	450.72	7.30096e-06	7.21989
0.000562174	485.41	7.30096e-06	8.78601
0.000576776	499.588	7.30096e-06	8.57395
0.000591378	549.394	7.30096e-06	19.2258
0.00060598	545.028	7.30096e-06	8.74306
0.000620582	577.646	7.30096e-06	9.05287
0.000635183	593.329	7.30096e-06	10.0269
0.000649785	611.774	7.30096e-06	10.442
0.000664387	630.201	7.30096e-06	14.842
0.000678989	666.49	7.30096e-06	10.7094
0.000693591	678.601	7.30096e-06	9.8303
0.000708193	710.01	7.30096e-06	19.9573
0.000722795	702.038	7.30096e-06	10.7369
0.000737397	734.925	7.30096e-06	10.3378
0.000751999	754.903	7.30096e-06	11.0166
0.000766601	757.77	7.30096e-06	11.7721
0.000781203	771.87	7.30096e-06	10.7988
0.000795805	849.412	7.30096e-06	34.7294
0.000810406	813.333	7.30096e-06	10.7687
0.000825008	802.774	7.30096e-06	9.4266
0.00083961	816.001	7.30096e-06	9.24161
0.000854212	838.912	7.30096e-06	9.67948
0.000868814	837.927	7.30096e-06	9.59392
0.000883416	850.692	7.30096e-06	9.22081
0.000898018	888.38	7.30096e-06	10.8649
0.00091262	870.027	7.30096e-06	9.79689
0.000927222	889.482	7.30096e-06	9.99189
0.000941824	897.272	7.30096e-06	10.1963
0.000956426	890.699	7.30096e-06	10.2366
0.000971028	910.783	7.30096e-06	10.5984
0.000985629	913.541	7.30096e-06	9.63268
0.00100023	901.192	7.30096e-06	9.21353
0.00101483	913.776	7.30096e-06	10.4165
0.00102944	913.535	7.30096e-06	10.9076
0.00104404	941.653	7.30096e-06	10.2262
0.00105864	910.457	7.30096e-06	9.42305
0.00107324	929.515	7.30096e-06	9.90016
0.00108784	900.474	7.30096e-06	9.40063
0.00110244	928.928	7.30096e-06	11.3134
0.00111705	916.286	7.30096e-06	10.8953
0.00113165	871.131	7.30096e-06	8.80747
0.00114625	884.669	7.30096e-06	8.9826
0.00116085	880.224	7.30096e-06	8.95999
0.00117545	881.968	7.30096e-06	11.8037
0.00119006	876.966	7.30096e-06	9.08167
0.00120466	856.186	7.30096e-06	10.9827
0.00121926	849.972	7.30096e-06	8.79038
0.00123386	842.927	7.30096e-06	10.3312
0.00124846	847.6	7.30096e-06	9.30621
0.00126307	833.182	7.30096e-06	9.22961
0.00127767	806.389	7.30096e-06	8.15497
0.00129227	794.412	7.30096e-06	8.34313
0.00130687	810.803	7.30096e-06	17.1908
0.00132147	753.271	7.30096e-06	8.02241
0.00133608	781.962	7.30096e-06	23.2132
0.00135068	741.935	7.30096e-06	8.13188
0.00136528	723.152	7.30096e-06	7.99602
0.00137988	688.209	7.30096e-06	7.44382
0.00139448	680.308	7.30096e-06	7.38768
0.00140909	660.871	7.30096e-06	7.22508
0.00142369	656.054	7.30096e-06	9.80602
0.00143829	636.059	7.30096e-06	7.17333
0.00145289	631.7	7.30096e-06	7.32279
0.00146749	610.445	7.30096e-06	8.92699
0.00148209	582.423	7.30096e-06	6.66361
0.0014967	563.531	7.30096e-06	6.51707
0.0015113	548.116	7.30096e-06	6.56323
0.0015259	532.235	7.30096e-06	6.97161
0.0015405	510.47	7.30096e-06	6.28461
0.0015551	492.877	7.30096e-06	6.14809
0.00156971	483.697	7.30096e-06	5.95429
0.00158431	469.675	7.30096e-06	6.05235
0.00159891	444.14	7.30096e-06	5.76957
0.00161351	435.135	7.30096e-06	5.95725
0.00162811	418.151	7.30096e-06	5.38122
0.00164272	411.624	7.30096e-06	5.4725
0.00165732	381.79	7.30096e-06	5.31154
0.00167192	369.065	7.30096e-06	6.30242
0.00168652	354.381	7.30096e-06	4.99639
0.00170112	337.513	7.30096e-06	5.20408
0.00171573	324.699	7.30096e-06	4.76424
0.00173033	315.951	7.30096e-06	4.5945
0.00174493	300.81	7.30096e-06	4.66118
0.00175953	282.069	7.30096e-06	4.58519
0.00177413	271.69	7.30096e-06	4.31396
0.00178873	260.459	7.30096e-06	4.20555
0.00180334	247.54	7.30096e-06	4.04698
0.00181794	234.304	7.30096e-06	3.95321
0.00183254	223.067	7.30096e-06	3.8187
0.00184714	214.603	7.30096e-06	3.79928
0.00186174	198.199	7.30096e-06	3.57584
0.00187635	190.885	7.30096e-06	3.56715
0.00189095	183.169	7.30096e-06	3.43477
0.00190555	169.119	7.30096e-06	3.42086
0.00192015	158.804	7.30096e-06	3.21196
0.00193475	151.455	7.30096e-06	3.09451
0.00194936	149.448	7.30096e-06	3.16787
0.00196396	137.315	7.30096e-06	2.9594
0.00197856	125.332	7.30096e-06	2.82275
0.00199316	118.002	7.30096e-06	2.72418
0.00200776	111.856	7.30096e-06	2.68323
0.00202237	109.605	7.30096e-06	2.67039
0.00203697	96.7104	7.30096e-06	2.44135
0.00205157	96.4293	7.30096e-06	2.46597
0.00206617	88.3657	7.30096e-06	2.32056
0.00208077	82.8121	7.30096e-06	2.29525
0.00209538	77.463	7.30096e-06	2.19591
0.00210998	69.7266	7.30096e-06	2.05674
0.00212458	69.0745	7.30096e-06	2.06547
0.00213918	59.5255	7.30096e-06	1.89616
0.00215378	56.3195	7.30096e-06	1.82884
0.00216838	54.1745	7.30096e-06	1.80813
0.00218299	49.1992	7.30096e-06	1.75686
0.00219759	46.3538	7.30096e-06	1.63144
0.00221219	39.587	7.30096e-06	1.54917
0.00222679	37.5447	7.30096e-06	1.47086
0.00224139	35.6461	7.30096e-06	1.46037
0.002256	32.5831	7.30096e-06	1.47678
0.0022706	28.899	7.30096e-06	1.30723
0.0022852	25.2526	7.30096e-06	1.27447
0.0022998	26.9851	7.30096e-06	1.62661
0.0023144	21.9479	7.30096e-06	1.14867
0.00232901	18.9643	7.30096e-06	1.0399
0.00234361	19.4582	7.30096e-06	1.08244
0.00235821	15.1576	7.30096e-06	0.920379
0.00237281	15.8285	7.30096e-06	0.947894
0.00238741	12.9617	7.30096e-06	1.02801
0.00240202	10.3603	7.30096e-06	0.830889
0.00241662	10.1192	7.30096e-06	0.751084
0.00243122	7.93721	7.30096e-06	0.65992
0.00244582	7.91639	7.30096e-06	0.653867
0.00246042	5.65884	7.30096e-06	0.564681
0.00247503	6.26111	7.30096e-06	0.616287
0.00248963	4.85465	7.30096e-06	0.497548
0.00250423	3.5679	7.30096e-06	0.436945
0.00251883	2.01463	7.30096e-06	0.32169
0.00253343	1.79732	7.30096e-06	0.302314
0.00254803	1.25856	7.30096e-06	0.255394
0.00256264	0.628308	7.30096e-06	0.174273
0.00257724	0.14419	7.30096e-06	0.083249
