7.22237e-06	1.83938	7.22237e-06	1.24483
2.16671e-05	1.78967	7.22237e-06	0.375114
3.61118e-05	4.7056	7.22237e-06	0.718733
5.05566e-05	9.90836	7.22237e-06	1.32708
6.50013e-05	14.4033	7.22237e-06	1.59228
7.9446e-05	21.3658	7.22237e-06	1.88567
9.38907e-05	25.7737	7.22237e-06	1.69301
0.000108335	33.2291	7.22237e-06	1.86295
0.00012278	47.8634	7.22237e-06	2.70205
0.000137225	68.0127	7.22237e-06	4.17223
0.00015167	76.537	7.22237e-06	4.45422
0.000166114	95.1122	7.22237e-06	5.69971
0.000180559	93.8157	7.22237e-06	3.64051
0.000195004	112.62	7.22237e-06	3.74405
0.000209449	128.297	7.22237e-06	4.25444
0.000223893	150.881	7.22237e-06	4.84724
0.000238338	165.795	7.22237e-06	5.57893
0.000252783	184.962	7.22237e-06	5.65401
0.000267228	203.345	7.22237e-06	5.39618
0.000281672	239.855	7.22237e-06	7.10142
0.000296117	245.192	7.22237e-06	7.72869
0.000310562	273.076	7.22237e-06	7.39384
0.000325006	300.22	7.22237e-06	11.1951
0.000339451	309.284	7.22237e-06	9.42775
0.000353896	349.023	7.22237e-06	13.0273
0.000368341	368.26	7.22237e-06	9.85838
0.000382785	372.712	7.22237e-06	8.99093
0.00039723	397.056	7.22237e-06	9.51813
0.000411675	437.34	7.22237e-06	11.6501
0.00042612	454.935	7.22237e-06	15.3856
0.000440564	488.104	7.22237e-06	18.5489
0.000455009	495.396	7.22237e-06	9.6434
0.000469454	515.861	7.22237e-06	10.2937
0.000483898	536.129	7.22237e-06	11.0446
0.000498343	536.718	7.22237e-06	8.99519
0.000512788	571.855	7.22237e-06	10.8898
0.000527233	589.3	7.22237e-06	10.1748
0.000541677	630.727	7.22237e-06	15.0519
0.000556122	637.168	7.22237e-06	10.7151
0.000570567	679.707	7.22237e-06	22.5251
0.000585012	699.746	7.22237e-06	14.6063
0.000599456	700.651	7.22237e-06	11.6643
0.000613901	711.294	7.22237e-06	11.1965
0.000628346	719.756	7.22237e-06	10.622
0.000642791	728.263	7.22237e-06	11.0152
0.000657235	737.299	7.22237e-06	9.97289
0.00067168	789.65	7.22237e-06	11.857
0.000686125	800.074	7.22237e-06	12.909
0.000700569	813.288	7.22237e-06	12.3582
0.000715014	815.679	7.22237e-06	12.335
0.000729459	834.363	7.22237e-06	11.7863
0.000743904	817.336	7.22237e-06	10.2571
0.000758348	856.713	7.22237e-06	11.5288
0.000772793	916.089	7.22237e-06	39.6392
0.000787238	886.399	7.22237e-06	11.2685
0.000801683	882.915	7.22237e-06	12.4681
0.000816127	883.026	7.22237e-06	10.9086
0.000830572	874.602	7.22237e-06	10.7113
0.000845017	897.565	7.22237e-06	11.5092
0.000859461	914.283	7.22237e-06	12.4945
0.000873906	925.78	7.22237e-06	14.8742
0.000888351	921.121	7.22237e-06	11.5593
0.000902796	957.226	7.22237e-06	18.4711
0.00091724	922.792	7.22237e-06	11.9721
0.000931685	936.618	7.22237e-06	13.1235
0.00094613	914.358	7.22237e-06	10.9744
0.000960575	950.096	7.22237e-06	15.47
0.000975019	915.512	7.22237e-06	14.9646
0.000989464	915.688	7.22237e-06	12.9413
0.00100391	950.165	7.22237e-06	18.4276
0.00101835	903.033	7.22237e-06	11.3301
0.0010328	893.39	7.22237e-06	11.6966
0.00104724	915.535	7.22237e-06	14.414
0.00106169	873.402	7.22237e-06	11.3684
0.00107613	888.731	7.22237e-06	11.7581
0.00109058	849.885	7.22237e-06	13.1913
0.00110502	855.057	7.22237e-06	11.0177
0.00111947	855.678	7.22237e-06	18.8854
0.00113391	831.845	7.22237e-06	10.3804
0.00114836	824.495	7.22237e-06	11.0911
0.0011628	855.404	7.22237e-06	31.3958
0.00117725	770.218	7.22237e-06	9.30112
0.00119169	819.346	7.22237e-06	12.9764
0.00120614	778.506	7.22237e-06	11.4767
0.00122058	755.401	7.22237e-06	9.5557
0.00123502	726.181	7.22237e-06	9.97754
0.00124947	716.875	7.22237e-06	10.6854
0.00126391	732.838	7.22237e-06	27.9406
0.00127836	690.631	7.22237e-06	9.84595
0.0012928	714.544	7.22237e-06	14.1552
0.00130725	684.529	7.22237e-06	11.3041
0.00132169	639.733	7.22237e-06	8.4837
0.00133614	641.966	7.22237e-06	9.8829
0.00135058	608.794	7.22237e-06	8.17156
0.00136503	603.337	7.22237e-06	8.40974
0.00137947	579.984	7.22237e-06	8.69286
0.00139392	569.939	7.22237e-06	8.35987
0.00140836	563.051	7.22237e-06	11.154
0.00142281	542.084	7.22237e-06	9.35715
0.00143725	515.081	7.22237e-06	8.68154
0.0014517	519.417	7.22237e-06	8.37972
0.00146614	481.157	7.22237e-06	6.82492
0.00148058	460.888	7.22237e-06	6.77537
0.00149503	445.462	7.22237e-06	6.50097
0.00150947	467.002	7.22237e-06	13.7568
0.00152392	402.667	7.22237e-06	5.96606
0.00153836	397.477	7.22237e-06	6.36817
0.00155281	380.117	7.22237e-06	6.08811
0.00156725	370.157	7.22237e-06	6.54142
0.0015817	358.827	7.22237e-06	6.18852
0.00159614	336.563	7.22237e-06	6.73955
0.00161059	326.994	7.22237e-06	5.62319
0.00162503	322.142	7.22237e-06	5.24323
0.00163948	324.956	7.22237e-06	11.243
0.00165392	288.764	7.22237e-06	6.19637
0.00166837	275.81	7.22237e-06	5.13307
0.00168281	260.652	7.22237e-06	4.6674
0.00169726	241.704	7.22237e-06	4.37179
0.0017117	229.975	7.22237e-06	4.5192
0.00172615	233.245	7.22237e-06	5.06293
0.00174059	212.209	7.22237e-06	4.1724
0.00175503	206.329	7.22237e-06	4.11951
0.00176948	199.601	7.22237e-06	5.08007
0.00178392	183.126	7.22237e-06	3.68873
0.00179837	177.847	7.22237e-06	3.82812
0.00181281	173.009	7.22237e-06	3.54969
0.00182726	160.104	7.22237e-06	3.96454
0.0018417	153.804	7.22237e-06	3.59622
0.00185615	137.151	7.22237e-06	3.18506
0.00187059	136.843	7.22237e-06	3.32258
0.00188504	122.753	7.22237e-06	3.02221
0.00189948	116.37	7.22237e-06	2.82454
0.00191393	109.471	7.22237e-06	2.71822
0.00192837	103.87	7.22237e-06	2.76888
0.00194282	97.9398	7.22237e-06	3.04507
0.00195726	94.1768	7.22237e-06	2.84411
0.00197171	87.2416	7.22237e-06	2.52485
0.00198615	82.0223	7.22237e-06	2.41581
0.0020006	71.9359	7.22237e-06	2.15756
0.00201504	72.2452	7.22237e-06	2.23772
0.00202948	64.2584	7.22237e-06	2.07757
0.00204393	63.5575	7.22237e-06	2.05652
0.00205837	53.172	7.22237e-06	1.81653
0.00207282	50.9877	7.22237e-06	1.74005
0.00208726	46.4216	7.22237e-06	1.70111
0.00210171	42.5647	7.22237e-06	1.60155
0.00211615	44.3487	7.22237e-06	1.66282
0.0021306	36.2372	7.22237e-06	1.47093
0.00214504	36.3259	7.22237e-06	1.45638
0.00215949	33.3817	7.22237e-06	1.4241
0.00217393	28.4447	7.22237e-06	1.2976
0.00218838	27.5675	7.22237e-06	1.27516
0.00220282	26.9729	7.22237e-06	1.25341
0.00221727	24.2494	7.22237e-06	1.22624
0.00223171	19.5895	7.22237e-06	1.04733
0.00224616	18.8739	7.22237e-06	1.02389
0.0022606	18.3165	7.22237e-06	1.03962
0.00227505	15.357	7.22237e-06	0.919051
0.00228949	13.1158	7.22237e-06	0.861238
0.00230393	12.4712	7.22237e-06	0.807035
0.00231838	10.3997	7.22237e-06	0.739741
0.00233282	11.2379	7.22237e-06	0.762676
0.00234727	8.55729	7.22237e-06	0.672144
0.00236171	8.36347	7.22237e-06	0.656709
0.00237616	6.44812	7.22237e-06	0.581526
0.0023906	5.53358	7.22237e-06	0.514029
0.00240505	5.19242	7.22237e-06	0.576254
0.00241949	4.04631	7.22237e-06	0.450321
0.00243394	3.57784	7.22237e-06	0.414992
0.00244838	2.93351	7.22237e-06	0.395103
0.00246283	2.34621	7.22237e-06	0.328189
0.00247727	2.16412	7.22237e-06	0.33788
0.00249172	1.25997	7.22237e-06	0.235486
0.00250616	1.0161	7.22237e-06	0.235189
0.00252061	1.11861	7.22237e-06	0.228765
0.00253505	0.650444	7.22237e-06	0.176038
0.00254949	0.258053	7.22237e-06	0.147133
0.00256394	0	7.22237e-06	0
0.00257838	0.0403314	7.22237e-06	0.0403314
