7.18924e-06	0.497849	7.18924e-06	0.201969
2.15677e-05	2.09697	7.18924e-06	0.516164
3.59462e-05	4.49456	7.18924e-06	0.656524
5.03247e-05	6.72304	7.18924e-06	0.998283
6.47031e-05	15.4426	7.18924e-06	1.53903
7.90816e-05	21.6908	7.18924e-06	1.87231
9.34601e-05	29.6933	7.18924e-06	2.37271
0.000107839	34.0645	7.18924e-06	1.74542
0.000122217	55.7297	7.18924e-06	3.88479
0.000136596	53.0048	7.18924e-06	2.56849
0.000150974	78.5199	7.18924e-06	4.23883
0.000165352	97.5815	7.18924e-06	6.34218
0.000179731	106.446	7.18924e-06	4.02874
0.000194109	116.509	7.18924e-06	3.81486
0.000208488	133.06	7.18924e-06	4.53961
0.000222866	153.423	7.18924e-06	5.17426
0.000237245	174.632	7.18924e-06	5.28458
0.000251623	182.41	7.18924e-06	5.13152
0.000266002	224.367	7.18924e-06	7.06709
0.00028038	236.314	7.18924e-06	7.36059
0.000294759	238.216	7.18924e-06	5.63944
0.000309137	273.783	7.18924e-06	6.38601
0.000323516	295.455	7.18924e-06	6.84011
0.000337894	321.299	7.18924e-06	7.58773
0.000352273	345.8	7.18924e-06	8.83307
0.000366651	359.624	7.18924e-06	7.63226
0.00038103	384.476	7.18924e-06	8.33425
0.000395408	413.103	7.18924e-06	10.2902
0.000409787	429.678	7.18924e-06	8.63069
0.000424165	488.25	7.18924e-06	16.9385
0.000438543	481.39	7.18924e-06	9.88714
0.000452922	522.662	7.18924e-06	13.7517
0.0004673	514.285	7.18924e-06	10.2356
0.000481679	530.038	7.18924e-06	9.16782
0.000496057	568.06	7.18924e-06	11.2255
0.000510436	599.199	7.18924e-06	11.8287
0.000524814	597.088	7.18924e-06	10.5737
0.000539193	649.312	7.18924e-06	11.9884
0.000553571	672.122	7.18924e-06	13.9
0.00056795	662.495	7.18924e-06	11.2564
0.000582328	682.194	7.18924e-06	11.2563
0.000596707	723.454	7.18924e-06	13.5059
0.000611085	721.538	7.18924e-06	10.0285
0.000625464	752.178	7.18924e-06	11.8215
0.000639842	772.977	7.18924e-06	13.2077
0.000654221	783.022	7.18924e-06	13.3187
0.000668599	774.032	7.18924e-06	10.1729
0.000682978	830.674	7.18924e-06	13.7772
0.000697356	821.775	7.18924e-06	11.9746
0.000711734	826.356	7.18924e-06	12.5073
0.000726113	838.387	7.18924e-06	10.9979
0.000740491	856.271	7.18924e-06	13.0908
0.00075487	868.061	7.18924e-06	11.1086
0.000769248	900.602	7.18924e-06	14.0847
0.000783627	897.903	7.18924e-06	12.2542
0.000798005	909.679	7.18924e-06	13.6865
0.000812384	922.372	7.18924e-06	12.9143
0.000826762	923.587	7.18924e-06	13.4568
0.000841141	927.421	7.18924e-06	17.6277
0.000855519	926.348	7.18924e-06	17.3022
0.000869898	925.497	7.18924e-06	11.5412
0.000884276	918.988	7.18924e-06	11.3644
0.000898655	914.187	7.18924e-06	11.3322
0.000913033	916.119	7.18924e-06	11.5791
0.000927412	953.292	7.18924e-06	15.6924
0.00094179	926.944	7.18924e-06	11.2074
0.000956169	937.512	7.18924e-06	34.5213
0.000970547	895.815	7.18924e-06	10.5812
0.000984925	929.235	7.18924e-06	12.867
0.000999304	922.283	7.18924e-06	11.0999
0.00101368	913.353	7.18924e-06	12.1702
0.00102806	905.924	7.18924e-06	11.1939
0.00104244	901.464	7.18924e-06	12.076
0.00105682	878.262	7.18924e-06	11.0506
0.0010712	869.145	7.18924e-06	10.428
0.00108557	871.641	7.18924e-06	10.8409
0.00109995	843.927	7.18924e-06	10.7721
0.00111433	835.524	7.18924e-06	10.5658
0.00112871	847.693	7.18924e-06	14.4628
0.00114309	825.863	7.18924e-06	12.2068
0.00115747	814.952	7.18924e-06	10.3976
0.00117185	794.107	7.18924e-06	10.0752
0.00118622	793.294	7.18924e-06	10.2158
0.0012006	746.254	7.18924e-06	8.70129
0.00121498	731.005	7.18924e-06	8.69125
0.00122936	783.431	7.18924e-06	29.6321
0.00124374	733.634	7.18924e-06	10.131
0.00125812	694.827	7.18924e-06	8.48347
0.00127249	699.496	7.18924e-06	12.348
0.00128687	683.108	7.18924e-06	8.97353
0.00130125	668.992	7.18924e-06	9.12398
0.00131563	673.59	7.18924e-06	11.6922
0.00133001	626.705	7.18924e-06	9.03778
0.00134439	611.822	7.18924e-06	8.17727
0.00135877	598.485	7.18924e-06	8.03017
0.00137314	580.176	7.18924e-06	8.15404
0.00138752	560.267	7.18924e-06	8.24628
0.0014019	533.955	7.18924e-06	7.81445
0.00141628	532.038	7.18924e-06	7.67981
0.00143066	498.071	7.18924e-06	6.56768
0.00144504	499.121	7.18924e-06	7.65808
0.00145942	475.886	7.18924e-06	7.32636
0.00147379	467.627	7.18924e-06	7.95914
0.00148817	446.369	7.18924e-06	6.32609
0.00150255	437.519	7.18924e-06	6.91109
0.00151693	420.52	7.18924e-06	6.65108
0.00153131	388.664	7.18924e-06	6.005
0.00154569	396.003	7.18924e-06	7.07559
0.00156006	385.164	7.18924e-06	8.49031
0.00157444	364.052	7.18924e-06	5.72238
0.00158882	340.421	7.18924e-06	6.06064
0.0016032	336.659	7.18924e-06	6.51886
0.00161758	312.92	7.18924e-06	5.02272
0.00163196	312.085	7.18924e-06	5.80712
0.00164634	286.453	7.18924e-06	5.63195
0.00166071	268.213	7.18924e-06	4.63266
0.00167509	268.62	7.18924e-06	5.59966
0.00168947	246.382	7.18924e-06	4.22028
0.00170385	235.104	7.18924e-06	4.48094
0.00171823	218.399	7.18924e-06	4.10428
0.00173261	211.613	7.18924e-06	4.12079
0.00174698	207.171	7.18924e-06	4.17363
0.00176136	199.434	7.18924e-06	4.89515
0.00177574	189.584	7.18924e-06	3.89384
0.00179012	175.504	7.18924e-06	3.602
0.0018045	165.679	7.18924e-06	3.4818
0.00181888	159.607	7.18924e-06	3.81326
0.00183326	147.725	7.18924e-06	3.67687
0.00184763	139.354	7.18924e-06	3.98148
0.00186201	126.863	7.18924e-06	2.91622
0.00187639	121.114	7.18924e-06	2.91559
0.00189077	115.462	7.18924e-06	2.91605
0.00190515	109.691	7.18924e-06	2.7332
0.00191953	101.221	7.18924e-06	2.67917
0.0019339	98.1381	7.18924e-06	2.60708
0.00194828	94.8	7.18924e-06	2.61624
0.00196266	86.034	7.18924e-06	2.40026
0.00197704	77.105	7.18924e-06	2.18911
0.00199142	74.3257	7.18924e-06	2.21013
0.0020058	66.601	7.18924e-06	2.03311
0.00202018	64.6383	7.18924e-06	2.07235
0.00203455	56.8563	7.18924e-06	1.8498
0.00204893	59.2231	7.18924e-06	1.88955
0.00206331	53.2107	7.18924e-06	1.79102
0.00207769	49.9968	7.18924e-06	1.74994
0.00209207	43.3852	7.18924e-06	1.58806
0.00210645	41.0574	7.18924e-06	1.52754
0.00212082	37.9156	7.18924e-06	1.47431
0.0021352	34.0557	7.18924e-06	1.39489
0.00214958	32.4642	7.18924e-06	1.36794
0.00216396	29.645	7.18924e-06	1.38793
0.00217834	28.7264	7.18924e-06	1.31376
0.00219272	25.3559	7.18924e-06	1.19628
0.0022071	22.8203	7.18924e-06	1.12645
0.00222147	21.5199	7.18924e-06	1.09033
0.00223585	20.1684	7.18924e-06	1.04371
0.00225023	14.2425	7.18924e-06	0.869689
0.00226461	14.6228	7.18924e-06	0.899932
0.00227899	13.6664	7.18924e-06	0.874656
0.00229337	12.7191	7.18924e-06	0.861573
0.00230775	11.2244	7.18924e-06	0.752208
0.00232212	10.2829	7.18924e-06	0.797015
0.0023365	9.42363	7.18924e-06	0.690427
0.00235088	7.6939	7.18924e-06	0.620591
0.00236526	6.3711	7.18924e-06	0.567665
0.00237964	5.39709	7.18924e-06	0.563345
0.00239402	5.60206	7.18924e-06	0.539307
0.00240839	4.65338	7.18924e-06	0.475953
0.00242277	3.82122	7.18924e-06	0.494619
0.00243715	2.47123	7.18924e-06	0.358146
0.00245153	2.62017	7.18924e-06	0.376034
0.00246591	1.52926	7.18924e-06	0.278022
0.00248029	1.79072	7.18924e-06	0.302931
0.00249467	0.991852	7.18924e-06	0.212255
0.00250904	0.880293	7.18924e-06	0.204491
0.00252342	0.65131	7.18924e-06	0.184998
0.0025378	0.27926	7.18924e-06	0.120353
0.00255218	0.336933	7.18924e-06	0.119239
0.00256656	0.109951	7.18924e-06	0.0806519
0.00258094	0.0390815	7.18924e-06	0.0390815
