7.35469e-06	0.0462365	7.35469e-06	0.0462365
2.20641e-05	0.999659	7.35469e-06	0.238671
3.67735e-05	2.81823	7.35469e-06	0.502038
5.14828e-05	4.61999	7.35469e-06	0.543767
6.61922e-05	9.27638	7.35469e-06	0.976057
8.09016e-05	14.3838	7.35469e-06	1.1568
9.5611e-05	18.8775	7.35469e-06	1.46587
0.00011032	24.0411	7.35469e-06	1.4282
0.00012503	31.3958	7.35469e-06	1.67955
0.000139739	42.9151	7.35469e-06	2.15064
0.000154449	42.8751	7.35469e-06	1.85103
0.000169158	63.8007	7.35469e-06	2.84992
0.000183867	71.0444	7.35469e-06	2.94189
0.000198577	74.2818	7.35469e-06	2.57709
0.000213286	89.5676	7.35469e-06	3.39892
0.000227995	109.836	7.35469e-06	3.81246
0.000242705	123.625	7.35469e-06	5.18268
0.000257414	127.257	7.35469e-06	3.63138
0.000272124	169.726	7.35469e-06	15.0519
0.000286833	160.386	7.35469e-06	4.34064
0.000301542	178.673	7.35469e-06	4.719
0.000316252	197.377	7.35469e-06	5.98862
0.000330961	217.521	7.35469e-06	5.00219
0.000345671	233.625	7.35469e-06	5.57753
0.00036038	256.578	7.35469e-06	7.84868
0.000375089	280.094	7.35469e-06	13.513
0.000389799	284.276	7.35469e-06	6.28064
0.000404508	306.771	7.35469e-06	7.42051
0.000419217	330.1	7.35469e-06	6.50564
0.000433927	366.933	7.35469e-06	12.8724
0.000448636	373.086	7.35469e-06	9.0523
0.000463346	378.423	7.35469e-06	7.09413
0.000478055	421.861	7.35469e-06	8.54716
0.000492764	420.177	7.35469e-06	7.06074
0.000507474	453.566	7.35469e-06	7.68086
0.000522183	458.16	7.35469e-06	7.32636
0.000536893	478.349	7.35469e-06	8.76659
0.000551602	508.348	7.35469e-06	8.9671
0.000566311	520.379	7.35469e-06	11.9373
0.000581021	553.012	7.35469e-06	9.65863
0.00059573	579.526	7.35469e-06	10.2265
0.000610439	592.697	7.35469e-06	10.1484
0.000625149	634.629	7.35469e-06	15.0619
0.000639858	625.015	7.35469e-06	9.25344
0.000654568	631.561	7.35469e-06	9.52369
0.000669277	677.271	7.35469e-06	12.3821
0.000683986	693.422	7.35469e-06	11.1385
0.000698696	707.472	7.35469e-06	14.1815
0.000713405	711.79	7.35469e-06	10.5019
0.000728115	755.101	7.35469e-06	14.6687
0.000742824	759.311	7.35469e-06	14.0065
0.000757533	774.006	7.35469e-06	14.1569
0.000772243	777.043	7.35469e-06	12.4354
0.000786952	810.367	7.35469e-06	13.9628
0.000801661	801.132	7.35469e-06	12.3572
0.000816371	842.823	7.35469e-06	12.188
0.00083108	853.159	7.35469e-06	14.2032
0.00084579	852.468	7.35469e-06	14.0402
0.000860499	869.897	7.35469e-06	15.9142
0.000875208	896.928	7.35469e-06	15.4372
0.000889918	854.143	7.35469e-06	11.0343
0.000904627	896.368	7.35469e-06	13.9517
0.000919337	894.762	7.35469e-06	14.4551
0.000934046	888.629	7.35469e-06	12.4728
0.000948755	897.442	7.35469e-06	12.6191
0.000963465	956.209	7.35469e-06	33.1324
0.000978174	918.719	7.35469e-06	14.3951
0.000992883	892.443	7.35469e-06	12.5312
0.00100759	884.832	7.35469e-06	11.7207
0.0010223	903.063	7.35469e-06	12.7642
0.00103701	904.819	7.35469e-06	11.9807
0.00105172	915.851	7.35469e-06	13.0066
0.00106643	889.485	7.35469e-06	13.8855
0.00108114	883.782	7.35469e-06	11.8358
0.00109585	893.733	7.35469e-06	11.9762
0.00111056	888.06	7.35469e-06	16.761
0.00112527	870.623	7.35469e-06	13.9252
0.00113998	872.071	7.35469e-06	12.4021
0.00115469	857.422	7.35469e-06	12.2088
0.0011694	880.546	7.35469e-06	14.0663
0.00118411	859.042	7.35469e-06	13.8199
0.00119881	825.008	7.35469e-06	12.1944
0.00121352	832.297	7.35469e-06	12.8509
0.00122823	782.715	7.35469e-06	10.6946
0.00124294	808.366	7.35469e-06	12.8594
0.00125765	769.997	7.35469e-06	11.3543
0.00127236	756.766	7.35469e-06	10.2456
0.00128707	763.082	7.35469e-06	11.694
0.00130178	784.886	7.35469e-06	21.1443
0.00131649	721.453	7.35469e-06	12.3364
0.0013312	748.798	7.35469e-06	14.8954
0.00134591	731.064	7.35469e-06	12.9044
0.00136062	789.363	7.35469e-06	59.8918
0.00137533	683.14	7.35469e-06	11.5907
0.00139004	684.391	7.35469e-06	17.1538
0.00140475	658.284	7.35469e-06	13.055
0.00141946	623.989	7.35469e-06	11.5338
0.00143417	622.365	7.35469e-06	11.6484
0.00144887	592.151	7.35469e-06	9.6655
0.00146358	602.813	7.35469e-06	21.582
0.00147829	549.636	7.35469e-06	9.99982
0.001493	531.066	7.35469e-06	10.0982
0.00150771	538.54	7.35469e-06	10.5268
0.00152242	483.023	7.35469e-06	8.29861
0.00153713	491.784	7.35469e-06	10.0136
0.00155184	468.73	7.35469e-06	7.93886
0.00156655	471.012	7.35469e-06	9.69292
0.00158126	424.251	7.35469e-06	8.00779
0.00159597	435.589	7.35469e-06	13.9688
0.00161068	405.136	7.35469e-06	9.73212
0.00162539	385.287	7.35469e-06	7.49676
0.0016401	378.637	7.35469e-06	8.76617
0.00165481	370.162	7.35469e-06	9.41427
0.00166952	352.656	7.35469e-06	8.04413
0.00168422	328.722	7.35469e-06	8.09021
0.00169893	331.188	7.35469e-06	10.3826
0.00171364	313.496	7.35469e-06	7.48571
0.00172835	292.364	7.35469e-06	8.33566
0.00174306	279.591	7.35469e-06	6.55866
0.00175777	273.842	7.35469e-06	7.61539
0.00177248	254.787	7.35469e-06	6.73825
0.00178719	239.991	7.35469e-06	6.5672
0.0018019	228.333	7.35469e-06	6.30489
0.00181661	204.198	7.35469e-06	5.14558
0.00183132	200.5	7.35469e-06	5.39117
0.00184603	194.468	7.35469e-06	5.73227
0.00186074	188.732	7.35469e-06	5.7889
0.00187545	178.2	7.35469e-06	7.9981
0.00189016	163.557	7.35469e-06	4.53745
0.00190487	177.871	7.35469e-06	7.94128
0.00191957	158.064	7.35469e-06	6.81036
0.00193428	153.044	7.35469e-06	10.4142
0.00194899	133.056	7.35469e-06	4.42356
0.0019637	127.867	7.35469e-06	4.76167
0.00197841	116.757	7.35469e-06	3.81911
0.00199312	124.523	7.35469e-06	5.03435
0.00200783	102.526	7.35469e-06	3.93541
0.00202254	94.163	7.35469e-06	3.65903
0.00203725	94.4722	7.35469e-06	4.14377
0.00205196	85.0516	7.35469e-06	3.39398
0.00206667	72.6666	7.35469e-06	3.30418
0.00208138	68.1414	7.35469e-06	2.72273
0.00209609	67.376	7.35469e-06	3.09777
0.0021108	65.1568	7.35469e-06	3.72825
0.00212551	61.4133	7.35469e-06	2.91161
0.00214022	62.0527	7.35469e-06	3.05833
0.00215492	51.7577	7.35469e-06	2.4206
0.00216963	49.3001	7.35469e-06	2.83259
0.00218434	47.7338	7.35469e-06	2.57654
0.00219905	42.7797	7.35469e-06	2.61021
0.00221376	32.7041	7.35469e-06	1.87225
0.00222847	33.9585	7.35469e-06	2.3776
0.00224318	31.7801	7.35469e-06	2.30125
0.00225789	28.3407	7.35469e-06	1.91717
0.0022726	22.8542	7.35469e-06	1.34589
0.00228731	22.9911	7.35469e-06	1.52995
0.00230202	21.8104	7.35469e-06	1.54379
0.00231673	18.5755	7.35469e-06	1.50665
0.00233144	19.5845	7.35469e-06	1.6472
0.00234615	14.7082	7.35469e-06	1.34847
0.00236086	14.8794	7.35469e-06	1.32156
0.00237557	11.3766	7.35469e-06	1.29776
0.00239028	15.2578	7.35469e-06	2.93934
0.00240498	10.431	7.35469e-06	1.11576
0.00241969	7.8573	7.35469e-06	0.830361
0.0024344	6.86194	7.35469e-06	0.814788
0.00244911	6.83255	7.35469e-06	0.77395
0.00246382	5.74766	7.35469e-06	0.694375
0.00247853	4.62774	7.35469e-06	0.569124
0.00249324	3.35104	7.35469e-06	0.492987
0.00250795	3.22519	7.35469e-06	0.54654
0.00252266	1.8044	7.35469e-06	0.36363
0.00253737	1.44515	7.35469e-06	0.328683
0.00255208	1.19932	7.35469e-06	0.289592
0.00256679	0.615524	7.35469e-06	0.198677
0.0025815	0.0650476	7.35469e-06	0.0650476
