7.38863e-06	0.11422	7.38863e-06	0.0661472
2.21659e-05	0.859001	7.38863e-06	0.226634
3.69431e-05	2.38815	7.38863e-06	0.386589
5.17204e-05	6.57803	7.38863e-06	0.875332
6.64976e-05	8.73215	7.38863e-06	0.852015
8.12749e-05	13.4187	7.38863e-06	1.27604
9.60521e-05	18.0781	7.38863e-06	1.33854
0.000110829	28.9009	7.38863e-06	2.9249
0.000125607	33.3507	7.38863e-06	1.95841
0.000140384	36.8879	7.38863e-06	1.92743
0.000155161	55.7247	7.38863e-06	3.94504
0.000169938	57.6326	7.38863e-06	2.61039
0.000184716	66.4856	7.38863e-06	3.09219
0.000199493	80.8248	7.38863e-06	2.88302
0.00021427	87.5271	7.38863e-06	2.94556
0.000229047	107.956	7.38863e-06	4.1691
0.000243825	116.873	7.38863e-06	3.8681
0.000258602	128.496	7.38863e-06	3.884
0.000273379	134.592	7.38863e-06	3.74607
0.000288156	157.233	7.38863e-06	5.16932
0.000302934	173.312	7.38863e-06	5.61398
0.000317711	205.905	7.38863e-06	7.88125
0.000332488	212.827	7.38863e-06	6.95206
0.000347265	224.623	7.38863e-06	5.25867
0.000362043	235.086	7.38863e-06	5.39007
0.00037682	260.968	7.38863e-06	6.13065
0.000391597	259.924	7.38863e-06	5.98818
0.000406374	299.804	7.38863e-06	7.25401
0.000421152	322.139	7.38863e-06	10.8273
0.000435929	335.844	7.38863e-06	7.13096
0.000450706	361.795	7.38863e-06	7.59544
0.000465483	363.015	7.38863e-06	6.80429
0.000480261	403.307	7.38863e-06	7.3372
0.000495038	409.402	7.38863e-06	7.1912
0.000509815	431.971	7.38863e-06	8.58176
0.000524592	444.214	7.38863e-06	8.35177
0.00053937	466.848	7.38863e-06	8.65064
0.000554147	506.02	7.38863e-06	14.2003
0.000568924	507.032	7.38863e-06	8.50283
0.000583701	527.636	7.38863e-06	8.57815
0.000598479	554.79	7.38863e-06	9.66487
0.000613256	593.345	7.38863e-06	13.2021
0.000628033	575.228	7.38863e-06	8.13207
0.00064281	624.092	7.38863e-06	10.7754
0.000657588	635.562	7.38863e-06	10.2411
0.000672365	656.607	7.38863e-06	10.8351
0.000687142	663.728	7.38863e-06	10.41
0.000701919	686.313	7.38863e-06	10.0081
0.000716697	732.638	7.38863e-06	21.149
0.000731474	759.478	7.38863e-06	18.955
0.000746251	738.934	7.38863e-06	10.8903
0.000761028	763.924	7.38863e-06	11.5208
0.000775806	750.755	7.38863e-06	11.1556
0.000790583	799.76	7.38863e-06	14.0818
0.00080536	794.278	7.38863e-06	15.4278
0.000820137	824.67	7.38863e-06	12.7359
0.000834915	842.879	7.38863e-06	14.5606
0.000849692	839.348	7.38863e-06	13.1505
0.000864469	847.714	7.38863e-06	13.6477
0.000879246	882.582	7.38863e-06	15.2887
0.000894024	892.811	7.38863e-06	22.0491
0.000908801	860.625	7.38863e-06	11.5287
0.000923578	878.475	7.38863e-06	12.1949
0.000938355	902.986	7.38863e-06	14.1642
0.000953133	886.753	7.38863e-06	13.7868
0.00096791	891.034	7.38863e-06	12.5543
0.000982687	891.636	7.38863e-06	11.8854
0.000997464	911.143	7.38863e-06	12.6803
0.00101224	903.869	7.38863e-06	12.3089
0.00102702	905.081	7.38863e-06	14.8139
0.0010418	887.98	7.38863e-06	14.756
0.00105657	905.742	7.38863e-06	13.6725
0.00107135	918.846	7.38863e-06	26.61
0.00108613	906.483	7.38863e-06	13.8371
0.00110091	893.304	7.38863e-06	12.0364
0.00111568	902.591	7.38863e-06	14.1388
0.00113046	896.316	7.38863e-06	15.7167
0.00114524	890.122	7.38863e-06	12.7408
0.00116001	891.924	7.38863e-06	16.7523
0.00117479	869.817	7.38863e-06	16.1607
0.00118957	874.286	7.38863e-06	28.2277
0.00120435	864.797	7.38863e-06	13.6846
0.00121912	837.785	7.38863e-06	14.1141
0.0012339	841.67	7.38863e-06	15.7529
0.00124868	804.319	7.38863e-06	12.5893
0.00126345	814.563	7.38863e-06	12.651
0.00127823	764.124	7.38863e-06	10.9192
0.00129301	771.108	7.38863e-06	12.7295
0.00130779	763.567	7.38863e-06	13.1358
0.00132256	731.034	7.38863e-06	11.827
0.00133734	744.688	7.38863e-06	13.1844
0.00135212	697.76	7.38863e-06	10.4136
0.0013669	684.331	7.38863e-06	10.6571
0.00138167	668.936	7.38863e-06	10.578
0.00139645	681.707	7.38863e-06	15.26
0.00141123	642.538	7.38863e-06	11.0601
0.001426	618.255	7.38863e-06	11.0622
0.00144078	620.582	7.38863e-06	13.6917
0.00145556	581.681	7.38863e-06	11.1612
0.00147034	577.585	7.38863e-06	10.7359
0.00148511	565.392	7.38863e-06	10.5033
0.00149989	550.793	7.38863e-06	10.4651
0.00151467	541.726	7.38863e-06	14.2598
0.00152945	505.751	7.38863e-06	9.08046
0.00154422	508.903	7.38863e-06	10.3733
0.001559	495.183	7.38863e-06	15.8004
0.00157378	466.189	7.38863e-06	9.09132
0.00158855	449.472	7.38863e-06	9.28864
0.00160333	405.06	7.38863e-06	7.72967
0.00161811	445.769	7.38863e-06	14.4348
0.00163289	408.443	7.38863e-06	8.82182
0.00164766	389.726	7.38863e-06	9.08931
0.00166244	361.747	7.38863e-06	8.65109
0.00167722	352.956	7.38863e-06	7.9844
0.001692	344.903	7.38863e-06	7.49218
0.00170677	341.325	7.38863e-06	10.7371
0.00172155	307.159	7.38863e-06	7.90889
0.00173633	317.935	7.38863e-06	10.7754
0.0017511	278.68	7.38863e-06	8.72945
0.00176588	265.313	7.38863e-06	6.91093
0.00178066	256.703	7.38863e-06	7.7801
0.00179544	247.52	7.38863e-06	7.11572
0.00181021	247.839	7.38863e-06	8.53164
0.00182499	226.914	7.38863e-06	6.28626
0.00183977	204.938	7.38863e-06	5.86766
0.00185455	199.701	7.38863e-06	6.28506
0.00186932	192.008	7.38863e-06	6.01993
0.0018841	176.423	7.38863e-06	5.63838
0.00189888	170.692	7.38863e-06	5.44765
0.00191365	157.327	7.38863e-06	5.24617
0.00192843	147.817	7.38863e-06	4.88838
0.00194321	139.258	7.38863e-06	4.45598
0.00195799	134.905	7.38863e-06	5.19637
0.00197276	125.418	7.38863e-06	4.48231
0.00198754	126.831	7.38863e-06	4.50154
0.00200232	112.74	7.38863e-06	4.22539
0.00201709	108.014	7.38863e-06	4.69017
0.00203187	96.5118	7.38863e-06	4.11393
0.00204665	105.251	7.38863e-06	6.91813
0.00206143	80.6465	7.38863e-06	3.56222
0.0020762	85.9	7.38863e-06	4.84647
0.00209098	72.453	7.38863e-06	4.61553
0.00210576	66.0639	7.38863e-06	3.16438
0.00212054	64.8275	7.38863e-06	3.01153
0.00213531	60.6704	7.38863e-06	2.96858
0.00215009	56.0737	7.38863e-06	4.53064
0.00216487	50.895	7.38863e-06	3.11558
0.00217964	54.2232	7.38863e-06	4.00445
0.00219442	46.0777	7.38863e-06	3.4861
0.0022092	42.4626	7.38863e-06	3.12452
0.00222398	36.841	7.38863e-06	2.46081
0.00223875	40.6884	7.38863e-06	3.59932
0.00225353	36.0302	7.38863e-06	2.62053
0.00226831	30.1392	7.38863e-06	3.45791
0.00228309	22.7689	7.38863e-06	1.78487
0.00229786	30.1757	7.38863e-06	5.87898
0.00231264	24.5218	7.38863e-06	2.67551
0.00232742	23.5627	7.38863e-06	2.90207
0.00234219	13.9706	7.38863e-06	1.31471
0.00235697	19.6516	7.38863e-06	3.60016
0.00237175	13.9074	7.38863e-06	1.77072
0.00238653	11.9546	7.38863e-06	1.3242
0.0024013	13.7392	7.38863e-06	2.00759
0.00241608	10.9876	7.38863e-06	1.92559
0.00243086	8.27936	7.38863e-06	0.958276
0.00244564	8.6196	7.38863e-06	1.09804
0.00246041	11.212	7.38863e-06	3.43286
0.00247519	6.30318	7.38863e-06	1.32258
0.00248997	3.82776	7.38863e-06	0.675122
0.00250474	3.17348	7.38863e-06	0.506427
0.00251952	3.24571	7.38863e-06	0.713902
0.0025343	1.91233	7.38863e-06	0.456642
0.00254908	1.80838	7.38863e-06	0.575415
0.00256385	0.816372	7.38863e-06	0.303465
0.00257863	0.115765	7.38863e-06	0.0887989
