7.359e-06	0.0336405	7.359e-06	0.0336405
2.2077e-05	0.680911	7.359e-06	0.225035
3.6795e-05	2.2941	7.359e-06	0.393536
5.1513e-05	3.64139	7.359e-06	0.487119
6.6231e-05	9.37947	7.359e-06	1.28263
8.0949e-05	14.7771	7.359e-06	1.89617
9.5667e-05	15.2884	7.359e-06	1.27238
0.000110385	28.0377	7.359e-06	3.73039
0.000125103	28.0181	7.359e-06	3.29141
0.000139821	31.3757	7.359e-06	1.73128
0.000154539	42.8485	7.359e-06	2.14528
0.000169257	52.235	7.359e-06	3.32246
0.000183975	63.053	7.359e-06	3.63714
0.000198693	66.2901	7.359e-06	2.58692
0.000213411	79.6438	7.359e-06	4.05342
0.000228129	87.7918	7.359e-06	3.40658
0.000242847	103.745	7.359e-06	3.47121
0.000257565	108.975	7.359e-06	3.37849
0.000272283	123.828	7.359e-06	3.74668
0.000287001	136.13	7.359e-06	4.70621
0.000301719	146.863	7.359e-06	4.07452
0.000316437	165.653	7.359e-06	4.37718
0.000331155	187.464	7.359e-06	6.84305
0.000345873	204.269	7.359e-06	5.46144
0.000360591	229.689	7.359e-06	13.7763
0.000375309	229.961	7.359e-06	5.60224
0.000390027	250.966	7.359e-06	6.04652
0.000404745	272.025	7.359e-06	7.335
0.000419463	286.126	7.359e-06	5.88544
0.000434181	310.163	7.359e-06	8.46547
0.000448899	300.411	7.359e-06	5.67106
0.000463617	359.229	7.359e-06	9.47086
0.000478335	366.312	7.359e-06	7.5583
0.000493053	401.529	7.359e-06	9.09824
0.000507771	399.953	7.359e-06	7.36315
0.000522489	409.119	7.359e-06	6.889
0.000537207	453.618	7.359e-06	10.3071
0.000551925	467.651	7.359e-06	10.9977
0.000566643	503.392	7.359e-06	10.0676
0.000581361	520.326	7.359e-06	10.5992
0.000596079	538.425	7.359e-06	14.5659
0.000610797	558.529	7.359e-06	11.883
0.000625515	567.847	7.359e-06	9.26435
0.000640233	581.53	7.359e-06	8.80628
0.000654951	611.361	7.359e-06	10.7645
0.000669669	626.285	7.359e-06	9.3597
0.000684387	634.372	7.359e-06	9.38932
0.000699105	656.079	7.359e-06	10.3968
0.000713823	685.894	7.359e-06	10.0394
0.000728541	715.857	7.359e-06	12.0128
0.000743259	725.789	7.359e-06	12.3917
0.000757977	731.631	7.359e-06	11.9779
0.000772695	770.784	7.359e-06	13.7878
0.000787413	751.135	7.359e-06	11.2825
0.000802131	797.281	7.359e-06	13.9805
0.000816849	801.575	7.359e-06	11.0333
0.000831567	827.869	7.359e-06	14.0909
0.000846285	815.901	7.359e-06	10.6615
0.000861003	835.23	7.359e-06	12.3774
0.000875721	835.398	7.359e-06	10.5798
0.000890439	836.052	7.359e-06	11.1888
0.000905157	852.75	7.359e-06	11.392
0.000919875	867.227	7.359e-06	11.4205
0.000934593	905.458	7.359e-06	14.1928
0.000949311	881.332	7.359e-06	11.9931
0.000964029	897.622	7.359e-06	16.3728
0.000978747	929.878	7.359e-06	15.8165
0.000993465	914.232	7.359e-06	12.5958
0.00100818	898.122	7.359e-06	13.4933
0.0010229	895.804	7.359e-06	12.1671
0.00103762	894.946	7.359e-06	12.4434
0.00105234	906.537	7.359e-06	13.3637
0.00106705	927.305	7.359e-06	13.3247
0.00108177	923.966	7.359e-06	16.0815
0.00109649	918.771	7.359e-06	16.367
0.00111121	904.171	7.359e-06	12.5274
0.00112593	886.771	7.359e-06	12.1785
0.00114064	910.879	7.359e-06	16.3524
0.00115536	876	7.359e-06	22.2715
0.00117008	880.699	7.359e-06	13.5493
0.0011848	890.427	7.359e-06	15.6532
0.00119952	873.379	7.359e-06	14.0135
0.00121423	845.776	7.359e-06	12.4648
0.00122895	852.143	7.359e-06	11.9597
0.00124367	802.164	7.359e-06	12.1177
0.00125839	819.695	7.359e-06	12.2514
0.00127311	796.86	7.359e-06	12.541
0.00128782	826.894	7.359e-06	15.5246
0.00130254	793.008	7.359e-06	14.15
0.00131726	776.961	7.359e-06	15.1338
0.00133198	755.966	7.359e-06	13.0711
0.0013467	735.624	7.359e-06	13.9207
0.00136141	720.958	7.359e-06	13.2801
0.00137613	680.586	7.359e-06	10.2053
0.00139085	687.218	7.359e-06	10.8723
0.00140557	725.373	7.359e-06	21.8975
0.00142029	651.87	7.359e-06	10.0301
0.001435	641.561	7.359e-06	11.1593
0.00144972	614.922	7.359e-06	10.0728
0.00146444	597.455	7.359e-06	10.0302
0.00147916	595.054	7.359e-06	10.5813
0.00149388	567.968	7.359e-06	9.55289
0.00150859	553.704	7.359e-06	10.6635
0.00152331	538.358	7.359e-06	10.4993
0.00153803	547.232	7.359e-06	11.1094
0.00155275	529.272	7.359e-06	10.2624
0.00156747	488.051	7.359e-06	11.1623
0.00158218	473.056	7.359e-06	8.69323
0.0015969	464.952	7.359e-06	16.2269
0.00161162	438.751	7.359e-06	9.08818
0.00162634	428.531	7.359e-06	9.18026
0.00164106	409.044	7.359e-06	8.00557
0.00165577	400.225	7.359e-06	10.0398
0.00167049	379.974	7.359e-06	8.15759
0.00168521	361.284	7.359e-06	8.73006
0.00169993	344.786	7.359e-06	10.1833
0.00171465	336.941	7.359e-06	8.93898
0.00172936	320.723	7.359e-06	9.75124
0.00174408	331.085	7.359e-06	20.0699
0.0017588	288.629	7.359e-06	7.72317
0.00177352	279.043	7.359e-06	7.03346
0.00178824	276.845	7.359e-06	10.8914
0.00180295	246.479	7.359e-06	6.2361
0.00181767	249.922	7.359e-06	7.07242
0.00183239	225.102	7.359e-06	7.18835
0.00184711	222.059	7.359e-06	6.89458
0.00186183	197.021	7.359e-06	5.68759
0.00187654	196.213	7.359e-06	6.02533
0.00189126	187.031	7.359e-06	7.31211
0.00190598	171.936	7.359e-06	5.78921
0.0019207	164.891	7.359e-06	5.69417
0.00193542	156.892	7.359e-06	5.06037
0.00195013	171.279	7.359e-06	15.9443
0.00196485	155.375	7.359e-06	8.52152
0.00197957	119.89	7.359e-06	4.74212
0.00199429	127.544	7.359e-06	5.05297
0.00200901	108.669	7.359e-06	4.85907
0.00202372	112.027	7.359e-06	4.64615
0.00203844	99.9714	7.359e-06	4.18185
0.00205316	96.2878	7.359e-06	4.53748
0.00206788	91.222	7.359e-06	3.88002
0.0020826	82.4173	7.359e-06	3.43084
0.00209731	76.3872	7.359e-06	3.39781
0.00211203	78.7835	7.359e-06	4.25723
0.00212675	65.5634	7.359e-06	3.76927
0.00214147	56.9539	7.359e-06	2.91797
0.00215619	55.8173	7.359e-06	3.38429
0.0021709	61.1253	7.359e-06	5.70857
0.00218562	51.2392	7.359e-06	2.90523
0.00220034	47.9406	7.359e-06	2.99514
0.00221506	41.1431	7.359e-06	2.71298
0.00222978	36.6689	7.359e-06	2.38976
0.00224449	36.4841	7.359e-06	2.44505
0.00225921	28.888	7.359e-06	1.94378
0.00227393	29.1046	7.359e-06	1.98541
0.00228865	25.5447	7.359e-06	1.90076
0.00230337	24.6889	7.359e-06	2.00253
0.00231808	22.1251	7.359e-06	2.30926
0.0023328	18.1692	7.359e-06	1.84629
0.00234752	17.9543	7.359e-06	1.55913
0.00236224	19.8429	7.359e-06	4.07071
0.00237696	12.8646	7.359e-06	1.39534
0.00239167	13.5144	7.359e-06	1.62065
0.00240639	13.4812	7.359e-06	2.09118
0.00242111	7.98504	7.359e-06	0.984846
0.00243583	7.13171	7.359e-06	1.11909
0.00245055	5.55197	7.359e-06	0.771596
0.00246526	5.1192	7.359e-06	0.759032
0.00247998	5.20837	7.359e-06	0.912783
0.0024947	4.59322	7.359e-06	0.789144
0.00250942	3.50197	7.359e-06	0.881171
0.00252414	1.88817	7.359e-06	0.530424
0.00253885	1.427	7.359e-06	0.423691
0.00255357	1.83151	7.359e-06	0.667016
0.00256829	0.860141	7.359e-06	0.497552
