7.30575e-06	0.154314	7.30575e-06	0.089121
2.19172e-05	1.59145	7.30575e-06	0.442668
3.65287e-05	3.64762	7.30575e-06	0.592405
5.11402e-05	6.77342	7.30575e-06	0.807845
6.57517e-05	12.0212	7.30575e-06	1.07354
8.03632e-05	23.0243	7.30575e-06	2.80645
9.49747e-05	25.4035	7.30575e-06	1.49432
0.000109586	34.6303	7.30575e-06	2.87395
0.000124198	44.2945	7.30575e-06	4.41331
0.000138809	54.068	7.30575e-06	5.32533
0.000153421	62.349	7.30575e-06	2.73289
0.000168032	74.5939	7.30575e-06	2.85042
0.000182644	85.7842	7.30575e-06	3.20776
0.000197255	94.9733	7.30575e-06	3.22626
0.000211867	108.822	7.30575e-06	3.73039
0.000226478	131.59	7.30575e-06	4.18164
0.00024109	144.245	7.30575e-06	4.39546
0.000255701	180.495	7.30575e-06	5.52102
0.000270313	175.479	7.30575e-06	4.95538
0.000284924	198.024	7.30575e-06	5.04906
0.000299536	230.881	7.30575e-06	7.42009
0.000314147	232.656	7.30575e-06	5.51207
0.000328759	253.283	7.30575e-06	5.71726
0.00034337	286.996	7.30575e-06	8.2793
0.000357982	337.067	7.30575e-06	29.6566
0.000372593	314.071	7.30575e-06	6.77101
0.000387205	345.611	7.30575e-06	7.83637
0.000401816	370.608	7.30575e-06	9.3723
0.000416428	386.198	7.30575e-06	11.4569
0.000431039	407.123	7.30575e-06	8.74684
0.000445651	449.864	7.30575e-06	11.5749
0.000460262	462.899	7.30575e-06	11.2204
0.000474874	485.197	7.30575e-06	10.1621
0.000489485	503.952	7.30575e-06	10.0833
0.000504097	521.052	7.30575e-06	10.2735
0.000518708	527.341	7.30575e-06	9.7916
0.00053332	547.385	7.30575e-06	8.89209
0.000547931	556.205	7.30575e-06	8.1331
0.000562543	604.459	7.30575e-06	11.1308
0.000577154	617.013	7.30575e-06	9.66927
0.000591766	623.826	7.30575e-06	10.405
0.000606377	628.013	7.30575e-06	9.80344
0.000620989	669.462	7.30575e-06	10.3793
0.0006356	726.741	7.30575e-06	19.4934
0.000650212	712.764	7.30575e-06	11.9968
0.000664823	721.335	7.30575e-06	11.8158
0.000679435	742.336	7.30575e-06	11.4614
0.000694046	735.17	7.30575e-06	10.3247
0.000708658	793.912	7.30575e-06	16.8928
0.000723269	766.98	7.30575e-06	10.4414
0.000737881	806.878	7.30575e-06	12.9522
0.000752492	818.043	7.30575e-06	12.0422
0.000767104	801.803	7.30575e-06	10.8549
0.000781715	877.476	7.30575e-06	40.693
0.000796327	875.204	7.30575e-06	14.2069
0.000810938	874.685	7.30575e-06	14.1925
0.00082555	853.34	7.30575e-06	11.708
0.000840161	890.482	7.30575e-06	19.3529
0.000854773	879.729	7.30575e-06	13.1438
0.000869384	902.776	7.30575e-06	14.1724
0.000883996	913.617	7.30575e-06	13.0988
0.000898607	892.957	7.30575e-06	11.4863
0.000913219	914.836	7.30575e-06	13.8418
0.00092783	896.001	7.30575e-06	12.8466
0.000942442	925.916	7.30575e-06	19.4153
0.000957053	923.906	7.30575e-06	16.6173
0.000971665	909.101	7.30575e-06	11.579
0.000986276	929.936	7.30575e-06	14.0137
0.00100089	917.734	7.30575e-06	13.5535
0.0010155	961.182	7.30575e-06	30.224
0.00103011	918.289	7.30575e-06	13.2778
0.00104472	927.366	7.30575e-06	13.4851
0.00105933	899.841	7.30575e-06	22.401
0.00107395	884.203	7.30575e-06	10.9131
0.00108856	872.69	7.30575e-06	11.8082
0.00110317	862.684	7.30575e-06	11.6586
0.00111778	849.677	7.30575e-06	11.4097
0.00113239	872.168	7.30575e-06	13.1252
0.001147	843.893	7.30575e-06	11.6136
0.00116161	818.778	7.30575e-06	11.547
0.00117623	831.109	7.30575e-06	12.0785
0.00119084	807.385	7.30575e-06	11.0948
0.00120545	788.97	7.30575e-06	10.2732
0.00122006	788.817	7.30575e-06	11.6038
0.00123467	761.885	7.30575e-06	11.5123
0.00124928	750.943	7.30575e-06	11.4108
0.00126389	745.361	7.30575e-06	10.5297
0.00127851	731.894	7.30575e-06	11.4344
0.00129312	712.991	7.30575e-06	10.9493
0.00130773	701.375	7.30575e-06	11.2212
0.00132234	675.483	7.30575e-06	9.64988
0.00133695	704.157	7.30575e-06	13.328
0.00135156	638.642	7.30575e-06	8.93691
0.00136618	631.237	7.30575e-06	11.5279
0.00138079	645.275	7.30575e-06	17.4078
0.0013954	596.135	7.30575e-06	8.9694
0.00141001	610.682	7.30575e-06	15.1428
0.00142462	572.035	7.30575e-06	10.5963
0.00143923	561.392	7.30575e-06	13.0935
0.00145384	536.723	7.30575e-06	9.64135
0.00146846	501.27	7.30575e-06	8.34252
0.00148307	509.699	7.30575e-06	9.79451
0.00149768	482.266	7.30575e-06	7.52156
0.00151229	451.805	7.30575e-06	6.79069
0.0015269	457.502	7.30575e-06	8.00313
0.00154151	435.577	7.30575e-06	7.56803
0.00155612	429.416	7.30575e-06	8.5405
0.00157074	401.733	7.30575e-06	6.94491
0.00158535	385.582	7.30575e-06	6.7446
0.00159996	377.868	7.30575e-06	8.40577
0.00161457	380.316	7.30575e-06	9.39506
0.00162918	343.446	7.30575e-06	6.53857
0.00164379	323.964	7.30575e-06	6.51293
0.00165841	313.763	7.30575e-06	5.64909
0.00167302	293.918	7.30575e-06	5.29444
0.00168763	292.722	7.30575e-06	6.04706
0.00170224	291.43	7.30575e-06	8.81789
0.00171685	262.636	7.30575e-06	6.74752
0.00173146	282.291	7.30575e-06	21.9717
0.00174607	246.51	7.30575e-06	5.82025
0.00176069	233.431	7.30575e-06	5.30223
0.0017753	208.638	7.30575e-06	4.96725
0.00178991	210.601	7.30575e-06	9.14596
0.00180452	192.116	7.30575e-06	6.56617
0.00181913	182.115	7.30575e-06	4.14469
0.00183374	184.336	7.30575e-06	5.39989
0.00184835	162.177	7.30575e-06	4.03641
0.00186297	163.416	7.30575e-06	5.24732
0.00187758	158.593	7.30575e-06	6.72079
0.00189219	141.951	7.30575e-06	4.36535
0.0019068	128.864	7.30575e-06	3.59809
0.00192141	120.145	7.30575e-06	3.13462
0.00193602	121.463	7.30575e-06	3.6511
0.00195064	102.88	7.30575e-06	2.80097
0.00196525	103.265	7.30575e-06	3.40456
0.00197986	103.705	7.30575e-06	3.76909
0.00199447	87.8271	7.30575e-06	4.17678
0.00200908	81.7552	7.30575e-06	2.71458
0.00202369	75.772	7.30575e-06	2.49088
0.0020383	72.8228	7.30575e-06	2.40646
0.00205292	67.9973	7.30575e-06	2.4398
0.00206753	67.3562	7.30575e-06	2.3648
0.00208214	58.6046	7.30575e-06	2.35134
0.00209675	60.4649	7.30575e-06	2.33152
0.00211136	49.7511	7.30575e-06	2.15205
0.00212597	45.5085	7.30575e-06	1.74473
0.00214058	43.4188	7.30575e-06	1.84405
0.0021552	42.7175	7.30575e-06	2.18534
0.00216981	40.8214	7.30575e-06	2.02485
0.00218442	33.718	7.30575e-06	1.48013
0.00219903	31.6006	7.30575e-06	1.46454
0.00221364	25.9363	7.30575e-06	1.30753
0.00222825	27.7259	7.30575e-06	1.45292
0.00224287	26.1046	7.30575e-06	1.43032
0.00225748	21.4087	7.30575e-06	1.18858
0.00227209	20.0656	7.30575e-06	1.16833
0.0022867	18.4295	7.30575e-06	1.08155
0.00230131	15.8112	7.30575e-06	0.987171
0.00231592	15.6731	7.30575e-06	0.974717
0.00233053	13.1392	7.30575e-06	0.872418
0.00234515	13.8982	7.30575e-06	0.959584
0.00235976	11.0733	7.30575e-06	0.786469
0.00237437	9.98612	7.30575e-06	0.831395
0.00238898	9.43845	7.30575e-06	0.726588
0.00240359	6.94911	7.30575e-06	0.606308
0.0024182	6.67985	7.30575e-06	0.626781
0.00243281	5.2196	7.30575e-06	0.525682
0.00244743	4.55195	7.30575e-06	0.517501
0.00246204	3.91624	7.30575e-06	0.462163
0.00247665	3.04395	7.30575e-06	0.390338
0.00249126	2.22064	7.30575e-06	0.333521
0.00250587	2.25171	7.30575e-06	0.325805
0.00252048	1.45626	7.30575e-06	0.264762
0.0025351	1.16156	7.30575e-06	0.234346
0.00254971	0.855528	7.30575e-06	0.192424
0.00256432	0.44354	7.30575e-06	0.140792
0.00257893	0.212139	7.30575e-06	0.0950186
