7.11579e-06	0.212809	7.11579e-06	0.13265
2.13474e-05	2.16862	7.11579e-06	0.571735
3.55789e-05	5.4188	7.11579e-06	0.877951
4.98105e-05	9.31468	7.11579e-06	0.992614
6.40421e-05	14.1222	7.11579e-06	1.56352
7.82737e-05	19.4013	7.11579e-06	1.43694
9.25052e-05	28.9166	7.11579e-06	2.17569
0.000106737	44.2564	7.11579e-06	2.96458
0.000120968	49.6619	7.11579e-06	2.67431
0.0001352	64.5262	7.11579e-06	3.265
0.000149432	71.6715	7.11579e-06	2.79243
0.000163663	88.6428	7.11579e-06	3.46921
0.000177895	105.859	7.11579e-06	4.09224
0.000192126	121.552	7.11579e-06	4.17166
0.000206358	137.901	7.11579e-06	4.73731
0.000220589	152.495	7.11579e-06	4.79363
0.000234821	170.109	7.11579e-06	5.15371
0.000249053	192.829	7.11579e-06	7.22364
0.000263284	221.764	7.11579e-06	8.72206
0.000277516	228.587	7.11579e-06	7.35685
0.000291747	259.566	7.11579e-06	7.98107
0.000305979	279.177	7.11579e-06	6.90647
0.00032021	284.464	7.11579e-06	6.14653
0.000334442	331.508	7.11579e-06	14.0311
0.000348674	342.24	7.11579e-06	9.02457
0.000362905	381.574	7.11579e-06	8.39054
0.000377137	402.042	7.11579e-06	10.5624
0.000391368	415.438	7.11579e-06	9.42736
0.0004056	439.515	7.11579e-06	9.73313
0.000419831	460.989	7.11579e-06	8.69401
0.000434063	497.529	7.11579e-06	10.761
0.000448295	511.915	7.11579e-06	10.3721
0.000462526	536.481	7.11579e-06	11.0366
0.000476758	556.918	7.11579e-06	12.4024
0.000490989	577.313	7.11579e-06	9.43323
0.000505221	627.279	7.11579e-06	33.5172
0.000519452	628.181	7.11579e-06	10.359
0.000533684	633.841	7.11579e-06	11.0415
0.000547916	682.672	7.11579e-06	11.6686
0.000562147	688.161	7.11579e-06	13.2266
0.000576379	698.794	7.11579e-06	10.3542
0.00059061	715.394	7.11579e-06	10.2976
0.000604842	727.955	7.11579e-06	11.3225
0.000619073	720.385	7.11579e-06	9.64112
0.000633305	760.159	7.11579e-06	10.6025
0.000647537	783.966	7.11579e-06	11.1244
0.000661768	824.144	7.11579e-06	16.1563
0.000676	821.664	7.11579e-06	12.0382
0.000690231	881.697	7.11579e-06	41.1851
0.000704463	846.002	7.11579e-06	13.1341
0.000718694	858.24	7.11579e-06	13.0483
0.000732926	882.683	7.11579e-06	11.2202
0.000747158	900.348	7.11579e-06	12.4713
0.000761389	899.764	7.11579e-06	18.6449
0.000775621	914.328	7.11579e-06	13.45
0.000789852	901.909	7.11579e-06	11.9094
0.000804084	907.397	7.11579e-06	13.0989
0.000818315	915.169	7.11579e-06	12.0784
0.000832547	941.844	7.11579e-06	13.5672
0.000846779	915.535	7.11579e-06	10.5262
0.00086101	941.941	7.11579e-06	11.6484
0.000875242	973.519	7.11579e-06	14.3486
0.000889473	926.357	7.11579e-06	11.6765
0.000903705	932.041	7.11579e-06	12.7777
0.000917936	918.879	7.11579e-06	11.3089
0.000932168	930.553	7.11579e-06	13.1546
0.0009464	923.708	7.11579e-06	13.1614
0.000960631	926.249	7.11579e-06	12.0537
0.000974863	906.301	7.11579e-06	10.7797
0.000989094	920.135	7.11579e-06	11.2779
0.00100333	928.878	7.11579e-06	12.4771
0.00101756	904.29	7.11579e-06	11.7324
0.00103179	890.159	7.11579e-06	10.6096
0.00104602	886.052	7.11579e-06	10.1188
0.00106025	912.789	7.11579e-06	14.8888
0.00107448	896.188	7.11579e-06	13.1162
0.00108872	875.433	7.11579e-06	13.4903
0.00110295	844.779	7.11579e-06	10.5019
0.00111718	850.428	7.11579e-06	11.2226
0.00113141	829.03	7.11579e-06	11.886
0.00114564	816.43	7.11579e-06	10.9022
0.00115987	801.52	7.11579e-06	10.3423
0.0011741	787.678	7.11579e-06	9.96492
0.00118834	777.175	7.11579e-06	10.1
0.00120257	775.05	7.11579e-06	10.7571
0.0012168	745.165	7.11579e-06	10.934
0.00123103	737.648	7.11579e-06	11.2296
0.00124526	737.253	7.11579e-06	12.6683
0.00125949	692.689	7.11579e-06	9.44431
0.00127373	680.616	7.11579e-06	8.70597
0.00128796	662.814	7.11579e-06	10.202
0.00130219	665.88	7.11579e-06	8.85059
0.00131642	625.934	7.11579e-06	8.02812
0.00133065	616.236	7.11579e-06	8.36927
0.00134488	581.188	7.11579e-06	7.53503
0.00135912	589.523	7.11579e-06	8.05569
0.00137335	569.126	7.11579e-06	7.88828
0.00138758	550.255	7.11579e-06	8.62067
0.00140181	539.579	7.11579e-06	7.44855
0.00141604	515.841	7.11579e-06	7.65148
0.00143027	513.153	7.11579e-06	12.2026
0.0014445	480.494	7.11579e-06	7.002
0.00145874	474.514	7.11579e-06	7.06766
0.00147297	461.965	7.11579e-06	7.92397
0.0014872	433.752	7.11579e-06	6.8479
0.00150143	415.864	7.11579e-06	6.04814
0.00151566	402.897	7.11579e-06	5.98039
0.00152989	372.208	7.11579e-06	5.46134
0.00154413	374.378	7.11579e-06	5.51572
0.00155836	361.905	7.11579e-06	5.95343
0.00157259	346.626	7.11579e-06	5.66013
0.00158682	342.379	7.11579e-06	7.06506
0.00160105	318.728	7.11579e-06	5.23258
0.00161528	297.797	7.11579e-06	4.87093
0.00162952	299.397	7.11579e-06	7.08315
0.00164375	275.805	7.11579e-06	4.5021
0.00165798	264.471	7.11579e-06	4.73565
0.00167221	249.943	7.11579e-06	4.32992
0.00168644	247.356	7.11579e-06	6.89441
0.00170067	227.835	7.11579e-06	3.99049
0.0017149	218.594	7.11579e-06	4.02222
0.00172914	204.716	7.11579e-06	3.86694
0.00174337	183.174	7.11579e-06	3.50503
0.0017576	188.647	7.11579e-06	3.60061
0.00177183	180.39	7.11579e-06	3.57972
0.00178606	169.398	7.11579e-06	3.43312
0.00180029	159.592	7.11579e-06	3.42873
0.00181453	144.006	7.11579e-06	3.13963
0.00182876	147.396	7.11579e-06	3.11439
0.00184299	133.509	7.11579e-06	2.91344
0.00185722	123.36	7.11579e-06	2.80157
0.00187145	120.141	7.11579e-06	2.7844
0.00188568	108.34	7.11579e-06	2.59289
0.00189992	105.175	7.11579e-06	2.57862
0.00191415	96.6714	7.11579e-06	2.41591
0.00192838	89.997	7.11579e-06	2.35409
0.00194261	87.1884	7.11579e-06	2.294
0.00195684	80.5895	7.11579e-06	2.23717
0.00197107	71.7482	7.11579e-06	2.06095
0.0019853	71.6064	7.11579e-06	2.16091
0.00199954	66.005	7.11579e-06	2.02381
0.00201377	60.7842	7.11579e-06	1.93157
0.002028	55.5615	7.11579e-06	1.83293
0.00204223	52.2401	7.11579e-06	1.7312
0.00205646	49.7619	7.11579e-06	1.68449
0.00207069	41.1591	7.11579e-06	1.50937
0.00208493	43.9683	7.11579e-06	1.58343
0.00209916	36.4803	7.11579e-06	1.40361
0.00211339	35.6978	7.11579e-06	1.41757
0.00212762	33.9758	7.11579e-06	1.38487
0.00214185	33.0118	7.11579e-06	1.34353
0.00215608	26.5373	7.11579e-06	1.19293
0.00217031	23.944	7.11579e-06	1.13022
0.00218455	21.5986	7.11579e-06	1.07794
0.00219878	19.3232	7.11579e-06	1.01978
0.00221301	20.7658	7.11579e-06	1.0552
0.00222724	15.0613	7.11579e-06	0.885996
0.00224147	13.9599	7.11579e-06	0.845141
0.0022557	13.6618	7.11579e-06	0.852707
0.00226994	11.7379	7.11579e-06	0.816971
0.00228417	10.7422	7.11579e-06	0.73734
0.0022984	9.13791	7.11579e-06	0.678974
0.00231263	8.79825	7.11579e-06	0.685506
0.00232686	7.91051	7.11579e-06	0.633132
0.00234109	7.08577	7.11579e-06	0.594922
0.00235533	6.30643	7.11579e-06	0.577437
0.00236956	5.68381	7.11579e-06	0.618053
0.00238379	3.74323	7.11579e-06	0.423262
0.00239802	3.31003	7.11579e-06	0.412762
0.00241225	3.34494	7.11579e-06	0.411176
0.00242648	2.21286	7.11579e-06	0.333015
0.00244071	1.85496	7.11579e-06	0.313244
0.00245495	1.47049	7.11579e-06	0.267941
0.00246918	1.65014	7.11579e-06	0.273636
0.00248341	1.22035	7.11579e-06	0.249716
0.00249764	0.695238	7.11579e-06	0.191501
0.00251187	0.394281	7.11579e-06	0.151627
0.0025261	0.504573	7.11579e-06	0.166216
0.00254034	0.263227	7.11579e-06	0.124793
0.00255457	0.0850501	7.11579e-06	0.0603129
0.0025688	0.0447319	7.11579e-06	0.0447319
